dagE10.txt 3_2x1correct.txt 0.07 50 0.1971153846153846 True 0.07 10000000451.0 None 
dagE10.txt 3_2x1correct.txt 0.07 50 0.1971153846153846 True 0.2 451.0 [0, 0, 0, 0, 0, 0, 0, 0, 0, 0, 0, 0, 0, 0, 0, 0, 0, 0, 0, 0, 0, 0, 0, 0, 0, 0, 0, 0, 0, 0, 0, 0, 0, 0, 0, 0, 0, 0, 0, 0, 0, 0, 1, 1, 1, 1, 1, 1, 1, 1, 1, 1, 1, 1, 1, 1, 1, 1, 1, 1, 1, 1, 1, 1, 1, 1, 1, 1, 1, 1] 
dagE10.txt 3_2x1correct.txt 0.07 50 0.1971153846153846 True 0.07 10000000451.0 None 
dagE10.txt 3_2x1correct.txt 0.07 50 0.1971153846153846 True 0.2 451.0 [0, 0, 0, 0, 0, 0, 0, 0, 0, 0, 0, 0, 0, 0, 0, 0, 0, 0, 0, 0, 0, 0, 0, 0, 0, 0, 0, 0, 0, 0, 0, 0, 0, 0, 0, 0, 0, 0, 0, 0, 0, 0, 1, 1, 1, 1, 1, 1, 1, 1, 1, 1, 1, 1, 1, 1, 1, 1, 1, 1, 1, 1, 1, 1, 1, 1, 1, 1, 1, 1] 
dagE10.txt 3_2x1correct.txt 0.07 50 0.1971153846153846 True 0.07 10000000451.0 None 
dagE10.txt 3_2x1correct.txt 0.07 50 0.1971153846153846 True 0.2 451.0 [0, 0, 0, 0, 0, 0, 0, 0, 0, 0, 0, 0, 0, 0, 0, 0, 0, 0, 0, 0, 0, 0, 0, 0, 0, 0, 0, 0, 0, 0, 0, 0, 0, 0, 0, 0, 0, 0, 0, 0, 0, 0, 1, 1, 1, 1, 1, 1, 1, 1, 1, 1, 1, 1, 1, 1, 1, 1, 1, 1, 1, 1, 1, 1, 1, 1, 1, 1, 1, 1] 
dagE10.txt 3_2x1correct.txt 0.07 50 0.1971153846153846 True 0.07 10000000451.0 None 
dagE10.txt 3_2x1correct.txt 0.07 50 0.1971153846153846 True 0.2 451.0 [0, 0, 0, 0, 0, 0, 0, 0, 0, 0, 0, 0, 0, 0, 0, 0, 0, 0, 0, 0, 0, 0, 0, 0, 0, 0, 0, 0, 0, 0, 0, 0, 0, 0, 0, 0, 0, 0, 0, 0, 0, 0, 1, 1, 1, 1, 1, 1, 1, 1, 1, 1, 1, 1, 1, 1, 1, 1, 1, 1, 1, 1, 1, 1, 1, 1, 1, 1, 1, 1] 
dagE10.txt 3_2x1correct.txt 0.07 50 0.1971153846153846 True 0.07 10000000451.0 None 
dagE10.txt 3_2x1correct.txt 0.07 50 0.1971153846153846 True 0.2 451.0 [0, 0, 0, 0, 0, 0, 0, 0, 0, 0, 0, 0, 0, 0, 0, 0, 0, 0, 0, 0, 0, 0, 0, 0, 0, 0, 0, 0, 0, 0, 0, 0, 0, 0, 0, 0, 0, 0, 0, 0, 0, 0, 1, 1, 1, 1, 1, 1, 1, 1, 1, 1, 1, 1, 1, 1, 1, 1, 1, 1, 1, 1, 1, 1, 1, 1, 1, 1, 1, 1] 
dagE10.txt 3_2x1correct.txt 0.07 50 0.1971153846153846 True 0.07 10000000451.0 None 
dagE10.txt 3_2x1correct.txt 0.07 50 0.1971153846153846 True 0.1 10000000451.0 None 
dagE10.txt 3_2x1correct.txt 0.07 50 0.1971153846153846 True 0.15 10000000451.0 None 
dagE10.txt 3_2x1correct.txt 0.07 50 0.1971153846153846 True 0.2 451.0 [0, 0, 0, 0, 0, 0, 0, 0, 0, 0, 0, 0, 0, 0, 0, 0, 0, 0, 0, 0, 0, 0, 0, 0, 0, 0, 0, 0, 0, 0, 0, 0, 0, 0, 0, 0, 0, 0, 0, 0, 0, 0, 1, 1, 1, 1, 1, 1, 1, 1, 1, 1, 1, 1, 1, 1, 1, 1, 1, 1, 1, 1, 1, 1, 1, 1, 1, 1, 1, 1] 
dagE10.txt 3_2x1correct.txt 0.07 50 0.1971153846153846 True 0.3 451.0 [0, 0, 0, 0, 0, 0, 0, 0, 0, 0, 0, 0, 0, 0, 0, 0, 0, 0, 0, 0, 0, 0, 0, 0, 0, 0, 0, 0, 0, 0, 0, 0, 0, 0, 0, 0, 0, 0, 0, 0, 0, 0, 1, 1, 1, 1, 1, 1, 1, 1, 1, 1, 1, 1, 1, 1, 1, 1, 1, 1, 1, 1, 1, 1, 1, 1, 1, 1, 1, 1] 
dagE10.txt 3_2x1correct.txt 0.07 50 0.1971153846153846 True 0.07 10000000451.0 None 
dagE10.txt 3_2x1correct.txt 0.07 50 0.1971153846153846 True 0.1 10000000451.0 None 
dagE10.txt 3_2x1correct.txt 0.07 50 0.1971153846153846 True 0.15 10000000451.0 None 
dagE10.txt 3_2x1correct.txt 0.07 50 0.1971153846153846 True 0.2 451.0 [0, 0, 0, 0, 0, 0, 0, 0, 0, 0, 0, 0, 0, 0, 0, 0, 0, 0, 0, 0, 0, 0, 0, 0, 0, 0, 0, 0, 0, 0, 0, 0, 0, 0, 0, 0, 0, 0, 0, 0, 0, 0, 1, 1, 1, 1, 1, 1, 1, 1, 1, 1, 1, 1, 1, 1, 1, 1, 1, 1, 1, 1, 1, 1, 1, 1, 1, 1, 1, 1] 
dagE10.txt 3_2x1correct.txt 0.07 50 0.1971153846153846 True 0.3 451.0 [0, 0, 0, 0, 0, 0, 0, 0, 0, 0, 0, 0, 0, 0, 0, 0, 0, 0, 0, 0, 0, 0, 0, 0, 0, 0, 0, 0, 0, 0, 0, 0, 0, 0, 0, 0, 0, 0, 0, 0, 0, 0, 1, 1, 1, 1, 1, 1, 1, 1, 1, 1, 1, 1, 1, 1, 1, 1, 1, 1, 1, 1, 1, 1, 1, 1, 1, 1, 1, 1] 
dagE10.txt 3_2x1correct.txt 0.07 50 0.1971153846153846 True 0.07 10000000451.0 None 
dagE10.txt 3_2x1correct.txt 0.07 50 0.1971153846153846 True 0.1 10000000451.0 None 
dagE10.txt 3_2x1correct.txt 0.07 50 0.1971153846153846 True 0.15 10000000451.0 None 
dagE10.txt 3_2x1correct.txt 0.07 50 0.1971153846153846 True 0.2 451.0 [0, 0, 0, 0, 0, 0, 0, 0, 0, 0, 0, 0, 0, 0, 0, 0, 0, 0, 0, 0, 0, 0, 0, 0, 0, 0, 0, 0, 0, 0, 0, 0, 0, 0, 0, 0, 0, 0, 0, 0, 0, 0, 1, 1, 1, 1, 1, 1, 1, 1, 1, 1, 1, 1, 1, 1, 1, 1, 1, 1, 1, 1, 1, 1, 1, 1, 1, 1, 1, 1] 
dagE10.txt 3_2x1correct.txt 0.07 50 0.1971153846153846 True 0.3 451.0 [0, 0, 0, 0, 0, 0, 0, 0, 0, 0, 0, 0, 0, 0, 0, 0, 0, 0, 0, 0, 0, 0, 0, 0, 0, 0, 0, 0, 0, 0, 0, 0, 0, 0, 0, 0, 0, 0, 0, 0, 0, 0, 1, 1, 1, 1, 1, 1, 1, 1, 1, 1, 1, 1, 1, 1, 1, 1, 1, 1, 1, 1, 1, 1, 1, 1, 1, 1, 1, 1] 
dagE10.txt 3_2x1correct.txt 0.07 50 0.1971153846153846 True 0.07 10000000451.0 None 
dagE10.txt 3_2x1correct.txt 0.07 50 0.1971153846153846 True 0.1 10000000451.0 None 
dagE10.txt 3_2x1correct.txt 0.07 50 0.1971153846153846 True 0.15 10000000451.0 None 
dagE10.txt 3_2x1correct.txt 0.07 50 0.1971153846153846 True 0.2 451.0 [0, 0, 0, 0, 0, 0, 0, 0, 0, 0, 0, 0, 0, 0, 0, 0, 0, 0, 0, 0, 0, 0, 0, 0, 0, 0, 0, 0, 0, 0, 0, 0, 0, 0, 0, 0, 0, 0, 0, 0, 0, 0, 1, 1, 1, 1, 1, 1, 1, 1, 1, 1, 1, 1, 1, 1, 1, 1, 1, 1, 1, 1, 1, 1, 1, 1, 1, 1, 1, 1] 
dagE10.txt 3_2x1correct.txt 0.07 50 0.1971153846153846 True 0.3 451.0 [0, 0, 0, 0, 0, 0, 0, 0, 0, 0, 0, 0, 0, 0, 0, 0, 0, 0, 0, 0, 0, 0, 0, 0, 0, 0, 0, 0, 0, 0, 0, 0, 0, 0, 0, 0, 0, 0, 0, 0, 0, 0, 1, 1, 1, 1, 1, 1, 1, 1, 1, 1, 1, 1, 1, 1, 1, 1, 1, 1, 1, 1, 1, 1, 1, 1, 1, 1, 1, 1] 
dagE10.txt 3_2x1correct.txt 0.07 50 0.1971153846153846 True 0.07 10000000451.0 None 
dagE10.txt 3_2x1correct.txt 0.07 50 0.1971153846153846 True 0.1 10000000451.0 None 
dagE10.txt 3_2x1correct.txt 0.07 50 0.1971153846153846 True 0.15 10000000451.0 None 
dagE10.txt 3_2x1correct.txt 0.07 50 0.1971153846153846 True 0.2 451.0 [0, 0, 0, 0, 0, 0, 0, 0, 0, 0, 0, 0, 0, 0, 0, 0, 0, 0, 0, 0, 0, 0, 0, 0, 0, 0, 0, 0, 0, 0, 0, 0, 0, 0, 0, 0, 0, 0, 0, 0, 0, 0, 1, 1, 1, 1, 1, 1, 1, 1, 1, 1, 1, 1, 1, 1, 1, 1, 1, 1, 1, 1, 1, 1, 1, 1, 1, 1, 1, 1] 
dagE10.txt 3_2x1correct.txt 0.07 50 0.1971153846153846 True 0.3 451.0 [0, 0, 0, 0, 0, 0, 0, 0, 0, 0, 0, 0, 0, 0, 0, 0, 0, 0, 0, 0, 0, 0, 0, 0, 0, 0, 0, 0, 0, 0, 0, 0, 0, 0, 0, 0, 0, 0, 0, 0, 0, 0, 1, 1, 1, 1, 1, 1, 1, 1, 1, 1, 1, 1, 1, 1, 1, 1, 1, 1, 1, 1, 1, 1, 1, 1, 1, 1, 1, 1] 
