dagF9.txt 3_2x1correct.txt 0.07 50 0.21367521367521367 True 0.07 10000000501.5 None 
dagF9.txt 3_2x1correct.txt 0.07 50 0.21367521367521367 True 0.2 10000000501.5 None 
dagF9.txt 3_2x1correct.txt 0.07 50 0.21367521367521367 True 0.07 10000000501.5 None 
dagF9.txt 3_2x1correct.txt 0.07 50 0.21367521367521367 True 0.2 10000000501.5 None 
dagF9.txt 3_2x1correct.txt 0.07 50 0.21367521367521367 True 0.07 10000000501.5 None 
dagF9.txt 3_2x1correct.txt 0.07 50 0.21367521367521367 True 0.2 10000000501.5 None 
dagF9.txt 3_2x1correct.txt 0.07 50 0.21367521367521367 True 0.07 10000000501.5 None 
dagF9.txt 3_2x1correct.txt 0.07 50 0.21367521367521367 True 0.2 10000000501.5 None 
dagF9.txt 3_2x1correct.txt 0.07 50 0.21367521367521367 True 0.07 10000000501.5 None 
dagF9.txt 3_2x1correct.txt 0.07 50 0.21367521367521367 True 0.2 10000000501.5 None 
dagF9.txt 3_2x1correct.txt 0.07 50 0.21367521367521367 True 0.07 10000000501.5 None 
dagF9.txt 3_2x1correct.txt 0.07 50 0.21367521367521367 True 0.1 10000000501.5 None 
dagF9.txt 3_2x1correct.txt 0.07 50 0.21367521367521367 True 0.15 10000000501.5 None 
dagF9.txt 3_2x1correct.txt 0.07 50 0.21367521367521367 True 0.2 10000000501.5 None 
dagF9.txt 3_2x1correct.txt 0.07 50 0.21367521367521367 True 0.3 501.5 [0, 0, 0, 0, 0, 0, 0, 0, 0, 0, 0, 0, 0, 0, 0, 0, 0, 0, 0, 0, 0, 0, 0, 0, 0, 0, 0, 0, 0, 0, 0, 0, 0, 0, 0, 0, 0, 0, 0, 0, 0, 0, 0, 0, 0, 1, 1, 1, 1, 1, 1, 1, 1, 1, 1, 1, 1, 1, 1, 1, 1, 1, 1, 1, 1, 1, 1, 1, 1, 1, 1, 1, 1, 1, 1] 
dagF9.txt 3_2x1correct.txt 0.07 50 0.21367521367521367 True 0.07 10000000501.5 None 
dagF9.txt 3_2x1correct.txt 0.07 50 0.21367521367521367 True 0.1 10000000501.5 None 
dagF9.txt 3_2x1correct.txt 0.07 50 0.21367521367521367 True 0.15 10000000501.5 None 
dagF9.txt 3_2x1correct.txt 0.07 50 0.21367521367521367 True 0.2 10000000501.5 None 
dagF9.txt 3_2x1correct.txt 0.07 50 0.21367521367521367 True 0.3 501.5 [0, 0, 0, 0, 0, 0, 0, 0, 0, 0, 0, 0, 0, 0, 0, 0, 0, 0, 0, 0, 0, 0, 0, 0, 0, 0, 0, 0, 0, 0, 0, 0, 0, 0, 0, 0, 0, 0, 0, 0, 0, 0, 0, 0, 0, 1, 1, 1, 1, 1, 1, 1, 1, 1, 1, 1, 1, 1, 1, 1, 1, 1, 1, 1, 1, 1, 1, 1, 1, 1, 1, 1, 1, 1, 1] 
dagF9.txt 3_2x1correct.txt 0.07 50 0.21367521367521367 True 0.07 10000000501.5 None 
dagF9.txt 3_2x1correct.txt 0.07 50 0.21367521367521367 True 0.1 10000000501.5 None 
dagF9.txt 3_2x1correct.txt 0.07 50 0.21367521367521367 True 0.15 10000000501.5 None 
dagF9.txt 3_2x1correct.txt 0.07 50 0.21367521367521367 True 0.2 10000000501.5 None 
dagF9.txt 3_2x1correct.txt 0.07 50 0.21367521367521367 True 0.3 501.5 [0, 0, 0, 0, 0, 0, 0, 0, 0, 0, 0, 0, 0, 0, 0, 0, 0, 0, 0, 0, 0, 0, 0, 0, 0, 0, 0, 0, 0, 0, 0, 0, 0, 0, 0, 0, 0, 0, 0, 0, 0, 0, 0, 0, 0, 1, 1, 1, 1, 1, 1, 1, 1, 1, 1, 1, 1, 1, 1, 1, 1, 1, 1, 1, 1, 1, 1, 1, 1, 1, 1, 1, 1, 1, 1] 
dagF9.txt 3_2x1correct.txt 0.07 50 0.21367521367521367 True 0.07 10000000501.5 None 
dagF9.txt 3_2x1correct.txt 0.07 50 0.21367521367521367 True 0.1 10000000501.5 None 
dagF9.txt 3_2x1correct.txt 0.07 50 0.21367521367521367 True 0.15 10000000501.5 None 
dagF9.txt 3_2x1correct.txt 0.07 50 0.21367521367521367 True 0.2 10000000501.5 None 
dagF9.txt 3_2x1correct.txt 0.07 50 0.21367521367521367 True 0.3 501.5 [0, 0, 0, 0, 0, 0, 0, 0, 0, 0, 0, 0, 0, 0, 0, 0, 0, 0, 0, 0, 0, 0, 0, 0, 0, 0, 0, 0, 0, 0, 0, 0, 0, 0, 0, 0, 0, 0, 0, 0, 0, 0, 0, 0, 0, 1, 1, 1, 1, 1, 1, 1, 1, 1, 1, 1, 1, 1, 1, 1, 1, 1, 1, 1, 1, 1, 1, 1, 1, 1, 1, 1, 1, 1, 1] 
dagF9.txt 3_2x1correct.txt 0.07 50 0.21367521367521367 True 0.07 10000000501.5 None 
dagF9.txt 3_2x1correct.txt 0.07 50 0.21367521367521367 True 0.1 10000000501.5 None 
dagF9.txt 3_2x1correct.txt 0.07 50 0.21367521367521367 True 0.15 10000000501.5 None 
dagF9.txt 3_2x1correct.txt 0.07 50 0.21367521367521367 True 0.2 10000000501.5 None 
dagF9.txt 3_2x1correct.txt 0.07 50 0.21367521367521367 True 0.3 501.5 [0, 0, 0, 0, 0, 0, 0, 0, 0, 0, 0, 0, 0, 0, 0, 0, 0, 0, 0, 0, 0, 0, 0, 0, 0, 0, 0, 0, 0, 0, 0, 0, 0, 0, 0, 0, 0, 0, 0, 0, 0, 0, 0, 0, 0, 1, 1, 1, 1, 1, 1, 1, 1, 1, 1, 1, 1, 1, 1, 1, 1, 1, 1, 1, 1, 1, 1, 1, 1, 1, 1, 1, 1, 1, 1] 
