dagA5.txt 3_2x4.txt True 0.032467532467532464 0.07 330.75 [7, 7, 7, 7, 7, 7, 7, 7, 7, 7, 7, 7, 7, 7, 7, 7, 7, 7, 7, 7, 7, 7, 7, 7, 7, 3, 7, 7, 7, 7, 7, 7, 7, 7, 7, 7, 7, 7, 7, 7, 7, 7, 3, 7, 7, 7, 7, 7, 7, 7] 
dagA5.txt 3_2x4.txt True 0.09740259740259741 0.1 308.25 [1, 1, 1, 1, 1, 1, 1, 1, 1, 1, 1, 1, 1, 1, 1, 1, 1, 1, 1, 1, 1, 1, 1, 1, 1, 1, 1, 1, 1, 1, 1, 1, 1, 6, 1, 1, 1, 5, 3, 7, 1, 1, 1, 1, 1, 1, 7, 1, 1, 1] 
dagA5.txt 3_2x4.txt True 0.11688311688311688 0.15 305.75 [3, 3, 3, 3, 3, 3, 3, 3, 3, 3, 3, 3, 3, 3, 3, 3, 3, 3, 3, 3, 3, 3, 3, 3, 3, 3, 3, 3, 3, 3, 3, 1, 3, 3, 3, 7, 3, 3, 3, 5, 3, 3, 3, 3, 3, 7, 3, 3, 5, 1] 
dagA5.txt 3_2x4.txt True 0.11688311688311688 0.2 305.75 [3, 3, 3, 3, 3, 3, 3, 3, 3, 3, 3, 3, 3, 3, 3, 3, 3, 3, 3, 3, 3, 3, 3, 3, 3, 3, 3, 3, 3, 3, 3, 1, 3, 3, 3, 7, 3, 3, 3, 5, 3, 3, 3, 3, 3, 7, 3, 3, 5, 1] 
dagA5.txt 3_2x4.txt True 0.11688311688311688 0.3 305.75 [3, 3, 3, 3, 3, 3, 3, 3, 3, 3, 3, 3, 3, 3, 3, 3, 3, 3, 3, 3, 3, 3, 3, 3, 3, 3, 3, 3, 3, 3, 3, 1, 3, 3, 3, 7, 3, 3, 3, 5, 3, 3, 3, 3, 3, 7, 3, 3, 5, 1] 
dagA5.txt 3_2x4.txt True 0.11688311688311688 0.4 305.75 [3, 3, 3, 3, 3, 3, 3, 3, 3, 3, 3, 3, 3, 3, 3, 3, 3, 3, 3, 3, 3, 3, 3, 3, 3, 3, 3, 3, 3, 3, 3, 1, 3, 3, 3, 7, 3, 3, 3, 5, 3, 3, 3, 3, 3, 7, 3, 3, 5, 1] 
dagA5.txt 3_2x4.txt True 0.34415584415584416 0.5 170.25 [1, 5, 5, 5, 1, 1, 5, 1, 5, 5, 5, 1, 0, 5, 1, 5, 1, 5, 5, 1, 5, 5, 5, 5, 5, 3, 1, 1, 5, 5, 5, 5, 5, 5, 5, 1, 0, 7, 1, 1, 1, 5, 3, 1, 5, 1, 0, 5, 0, 1] 
dagA5.txt 3_2x4.txt True 0.34415584415584416 0.6 170.25 [1, 5, 5, 5, 1, 1, 5, 1, 5, 5, 5, 1, 0, 5, 1, 5, 1, 5, 5, 1, 5, 5, 5, 5, 5, 3, 1, 1, 5, 5, 5, 5, 5, 5, 5, 1, 0, 7, 1, 1, 1, 5, 3, 1, 5, 1, 0, 5, 0, 1] 
dagA5.txt 3_2x4.txt True 0.5324675324675324 0.7 91.25 [2, 7, 4, 7, 7, 3, 7, 5, 1, 5, 1, 3, 1, 3, 7, 7, 7, 5, 7, 7, 5, 3, 1, 7, 4, 1, 3, 5, 7, 7, 3, 3, 1, 5, 7, 5, 1, 7, 3, 5, 3, 3, 1, 5, 5, 5, 1, 3, 3, 3] 
dagA5.txt 3_2x4.txt True 0.7142857142857143 1 76.5 [5, 1, 5, 6, 7, 7, 5, 3, 3, 1, 1, 7, 2, 6, 5, 0, 0, 4, 5, 7, 4, 7, 3, 1, 1, 7, 7, 1, 0, 1, 7, 3, 3, 5, 6, 3, 2, 5, 5, 1, 7, 3, 3, 1, 4, 0, 2, 7, 5, 3] 
dagA5.txt 3_2x2.txt True 0.032467532467532464 0.07 441.0 [0, 0, 0, 0, 0, 0, 0, 0, 0, 0, 0, 0, 0, 0, 0, 0, 0, 0, 0, 0, 0, 0, 0, 0, 0, 1, 0, 0, 0, 0, 0, 0, 0, 0, 0, 0, 0, 0, 0, 0, 0, 0, 1, 0, 0, 0, 0, 0, 0, 0] 
dagA5.txt 3_2x2.txt True 0.09740259740259741 0.1 411.0 [0, 0, 0, 0, 0, 0, 0, 0, 0, 0, 0, 0, 0, 0, 0, 0, 0, 0, 0, 0, 0, 0, 0, 0, 0, 0, 0, 0, 0, 0, 0, 0, 0, 3, 0, 0, 0, 2, 1, 3, 0, 0, 0, 0, 0, 0, 3, 0, 0, 0] 
dagA5.txt 3_2x2.txt True 0.08441558441558442 0.15 428.0 [2, 2, 2, 2, 2, 2, 2, 2, 2, 2, 2, 2, 2, 2, 2, 2, 2, 2, 2, 2, 2, 2, 2, 2, 2, 2, 2, 2, 2, 2, 2, 0, 2, 2, 2, 2, 2, 2, 2, 3, 2, 2, 2, 2, 2, 2, 2, 2, 3, 0] 
dagA5.txt 3_2x2.txt True 0.08441558441558442 0.2 428.0 [2, 2, 2, 2, 2, 2, 2, 2, 2, 2, 2, 2, 2, 2, 2, 2, 2, 2, 2, 2, 2, 2, 2, 2, 2, 2, 2, 2, 2, 2, 2, 0, 2, 2, 2, 2, 2, 2, 2, 3, 2, 2, 2, 2, 2, 2, 2, 2, 3, 0] 
dagA5.txt 3_2x2.txt True 0.08441558441558442 0.3 428.0 [2, 2, 2, 2, 2, 2, 2, 2, 2, 2, 2, 2, 2, 2, 2, 2, 2, 2, 2, 2, 2, 2, 2, 2, 2, 2, 2, 2, 2, 2, 2, 0, 2, 2, 2, 2, 2, 2, 2, 3, 2, 2, 2, 2, 2, 2, 2, 2, 3, 0] 
dagA5.txt 3_2x2.txt True 0.08441558441558442 0.4 428.0 [2, 2, 2, 2, 2, 2, 2, 2, 2, 2, 2, 2, 2, 2, 2, 2, 2, 2, 2, 2, 2, 2, 2, 2, 2, 2, 2, 2, 2, 2, 2, 0, 2, 2, 2, 2, 2, 2, 2, 3, 2, 2, 2, 2, 2, 2, 2, 2, 3, 0] 
dagA5.txt 3_2x2.txt True 0.35714285714285715 0.5 242.66666666666666 [0, 2, 2, 2, 1, 1, 2, 1, 2, 2, 2, 1, 0, 2, 1, 2, 0, 2, 2, 0, 2, 2, 2, 2, 2, 1, 1, 0, 2, 2, 2, 2, 2, 2, 2, 1, 0, 2, 1, 1, 1, 2, 1, 0, 2, 1, 0, 2, 0, 0] 
dagA5.txt 3_2x2.txt True 0.35714285714285715 0.6 242.66666666666666 [0, 2, 2, 2, 1, 1, 2, 1, 2, 2, 2, 1, 0, 2, 1, 2, 0, 2, 2, 0, 2, 2, 2, 2, 2, 1, 1, 0, 2, 2, 2, 2, 2, 2, 2, 1, 0, 2, 1, 1, 1, 2, 1, 0, 2, 1, 0, 2, 0, 0] 
dagA5.txt 3_2x2.txt True 0.474025974025974 0.7 190.5 [1, 3, 2, 3, 3, 0, 3, 1, 0, 1, 3, 1, 0, 0, 3, 3, 3, 1, 3, 3, 1, 0, 0, 3, 2, 2, 0, 2, 3, 3, 0, 1, 0, 1, 3, 2, 0, 3, 1, 1, 0, 1, 2, 2, 1, 2, 0, 0, 0, 1] 
dagA5.txt 3_2x2.txt True 0.4935064935064935 1 148.0 [2, 0, 0, 0, 2, 0, 1, 1, 3, 1, 1, 2, 3, 0, 1, 2, 0, 3, 0, 0, 3, 0, 0, 2, 0, 2, 0, 2, 0, 2, 0, 3, 3, 1, 0, 3, 3, 0, 1, 1, 0, 3, 2, 2, 1, 2, 3, 3, 1, 2] 
dagA5.txt 3_2x1.txt True 0.0 0.07 467.0 [0, 0, 0, 0, 0, 0, 0, 0, 0, 0, 0, 0, 0, 0, 0, 0, 0, 0, 0, 0, 0, 0, 0, 0, 0, 0, 0, 0, 0, 0, 0, 0, 0, 0, 0, 0, 0, 0, 0, 0, 0, 0, 0, 0, 0, 0, 0, 0, 0, 0] 
dagA5.txt 3_2x1.txt True 0.07142857142857142 0.1 423.3333333333333 [0, 0, 0, 0, 0, 0, 0, 0, 0, 0, 0, 0, 0, 0, 0, 0, 0, 0, 0, 0, 0, 0, 0, 0, 0, 0, 0, 0, 0, 0, 0, 0, 0, 1, 0, 0, 0, 1, 0, 1, 0, 0, 0, 0, 0, 0, 1, 0, 0, 0] 
dagA5.txt 3_2x1.txt True 0.07792207792207792 0.15 428.6666666666667 [0, 0, 0, 0, 0, 0, 0, 0, 0, 0, 0, 0, 0, 0, 0, 0, 0, 0, 0, 0, 0, 0, 0, 0, 0, 0, 0, 0, 0, 0, 0, 0, 0, 0, 0, 1, 0, 0, 0, 1, 0, 0, 0, 0, 0, 1, 0, 0, 1, 0] 
dagA5.txt 3_2x1.txt True 0.07792207792207792 0.2 428.6666666666667 [0, 0, 0, 0, 0, 0, 0, 0, 0, 0, 0, 0, 0, 0, 0, 0, 0, 0, 0, 0, 0, 0, 0, 0, 0, 0, 0, 0, 0, 0, 0, 0, 0, 0, 0, 1, 0, 0, 0, 1, 0, 0, 0, 0, 0, 1, 0, 0, 1, 0] 
dagA5.txt 3_2x1.txt True 0.07792207792207792 0.3 428.6666666666667 [0, 0, 0, 0, 0, 0, 0, 0, 0, 0, 0, 0, 0, 0, 0, 0, 0, 0, 0, 0, 0, 0, 0, 0, 0, 0, 0, 0, 0, 0, 0, 0, 0, 0, 0, 1, 0, 0, 0, 1, 0, 0, 0, 0, 0, 1, 0, 0, 1, 0] 
dagA5.txt 3_2x1.txt True 0.07792207792207792 0.4 428.6666666666667 [0, 0, 0, 0, 0, 0, 0, 0, 0, 0, 0, 0, 0, 0, 0, 0, 0, 0, 0, 0, 0, 0, 0, 0, 0, 0, 0, 0, 0, 0, 0, 0, 0, 0, 0, 1, 0, 0, 0, 1, 0, 0, 0, 0, 0, 1, 0, 0, 1, 0] 
dagA5.txt 3_2x1.txt True 0.2792207792207792 0.5 364.0 [0, 1, 1, 1, 0, 0, 1, 0, 1, 1, 1, 0, 0, 1, 0, 1, 0, 1, 1, 0, 1, 1, 1, 1, 1, 0, 0, 0, 1, 1, 1, 1, 1, 1, 1, 0, 0, 1, 0, 0, 0, 1, 0, 0, 1, 0, 0, 1, 0, 0] 
dagA5.txt 3_2x1.txt True 0.2792207792207792 0.6 364.0 [0, 1, 1, 1, 0, 0, 1, 0, 1, 1, 1, 0, 0, 1, 0, 1, 0, 1, 1, 0, 1, 1, 1, 1, 1, 0, 0, 0, 1, 1, 1, 1, 1, 1, 1, 0, 0, 1, 0, 0, 0, 1, 0, 0, 1, 0, 0, 1, 0, 0] 
dagA5.txt 3_2x1.txt True 0.24025974025974026 0.7 338.3333333333333 [1, 0, 1, 0, 0, 0, 0, 0, 0, 0, 1, 0, 0, 0, 0, 0, 0, 0, 0, 0, 0, 0, 0, 0, 1, 1, 0, 1, 0, 0, 0, 0, 0, 0, 0, 1, 0, 1, 0, 0, 0, 0, 1, 1, 0, 1, 0, 0, 0, 0] 
dagA5.txt 3_2x1.txt True 0.3051948051948052 1 283.6666666666667 [0, 0, 0, 0, 0, 1, 0, 0, 0, 0, 0, 0, 1, 0, 0, 0, 0, 1, 0, 1, 1, 0, 1, 0, 0, 0, 1, 1, 0, 0, 1, 1, 1, 1, 0, 1, 1, 0, 0, 0, 1, 0, 0, 1, 0, 1, 1, 1, 1, 1] 
dagA5.txt 3_2x4.txt True 0.032467532467532464 0.07 330.75 [7, 7, 7, 7, 7, 7, 7, 7, 7, 7, 7, 7, 7, 7, 7, 7, 7, 7, 7, 7, 7, 7, 7, 7, 7, 3, 7, 7, 7, 7, 7, 7, 7, 7, 7, 7, 7, 7, 7, 7, 7, 7, 3, 7, 7, 7, 7, 7, 7, 7] 
dagA5.txt 3_2x4.txt True 0.07142857142857142 0.08 314.75 [1, 1, 7, 1, 1, 1, 1, 1, 1, 1, 1, 1, 1, 1, 1, 1, 1, 1, 1, 1, 1, 1, 1, 1, 7, 3, 1, 1, 1, 1, 1, 1, 1, 1, 1, 1, 1, 1, 1, 1, 1, 1, 3, 1, 1, 1, 1, 1, 1, 1] 
dagA5.txt 3_2x4.txt True 0.07142857142857142 0.09 314.75 [1, 1, 7, 1, 1, 1, 1, 1, 1, 1, 1, 1, 1, 1, 1, 1, 1, 1, 1, 1, 1, 1, 1, 1, 7, 3, 1, 1, 1, 1, 1, 1, 1, 1, 1, 1, 1, 1, 1, 1, 1, 1, 3, 1, 1, 1, 1, 1, 1, 1] 
dagA5.txt 3_2x4.txt True 0.09740259740259741 0.1 308.25 [1, 1, 1, 1, 1, 1, 1, 1, 1, 1, 1, 1, 1, 1, 1, 1, 1, 1, 1, 1, 1, 1, 1, 1, 1, 1, 1, 1, 1, 1, 1, 1, 1, 6, 1, 1, 1, 5, 3, 7, 1, 1, 1, 1, 1, 1, 7, 1, 1, 1] 
dagA5.txt 3_2x4.txt True 0.09740259740259741 0.11 308.25 [1, 1, 1, 1, 1, 1, 1, 1, 1, 1, 1, 1, 1, 1, 1, 1, 1, 1, 1, 1, 1, 1, 1, 1, 1, 1, 1, 1, 1, 1, 1, 1, 1, 6, 1, 1, 1, 5, 3, 7, 1, 1, 1, 1, 1, 1, 7, 1, 1, 1] 
dagA5.txt 3_2x4.txt True 0.09740259740259741 0.12 308.25 [1, 1, 1, 1, 1, 1, 1, 1, 1, 1, 1, 1, 1, 1, 1, 1, 1, 1, 1, 1, 1, 1, 1, 1, 1, 1, 1, 1, 1, 1, 1, 1, 1, 6, 1, 1, 1, 5, 3, 7, 1, 1, 1, 1, 1, 1, 7, 1, 1, 1] 
dagA5.txt 3_2x4.txt True 0.11688311688311688 0.13 305.75 [3, 3, 3, 3, 3, 3, 3, 3, 3, 3, 3, 3, 3, 3, 3, 3, 3, 3, 3, 3, 3, 3, 3, 3, 3, 3, 3, 3, 3, 3, 3, 1, 3, 3, 3, 7, 3, 3, 3, 5, 3, 3, 3, 3, 3, 7, 3, 3, 5, 1] 
dagA5.txt 3_2x4.txt True 0.11688311688311688 0.14 305.75 [3, 3, 3, 3, 3, 3, 3, 3, 3, 3, 3, 3, 3, 3, 3, 3, 3, 3, 3, 3, 3, 3, 3, 3, 3, 3, 3, 3, 3, 3, 3, 1, 3, 3, 3, 7, 3, 3, 3, 5, 3, 3, 3, 3, 3, 7, 3, 3, 5, 1] 
dagA5.txt 3_2x4.txt True 0.11688311688311688 0.15 305.75 [3, 3, 3, 3, 3, 3, 3, 3, 3, 3, 3, 3, 3, 3, 3, 3, 3, 3, 3, 3, 3, 3, 3, 3, 3, 3, 3, 3, 3, 3, 3, 1, 3, 3, 3, 7, 3, 3, 3, 5, 3, 3, 3, 3, 3, 7, 3, 3, 5, 1] 
dagA5.txt 3_2x4.txt True 0.11688311688311688 0.16 305.75 [3, 3, 3, 3, 3, 3, 3, 3, 3, 3, 3, 3, 3, 3, 3, 3, 3, 3, 3, 3, 3, 3, 3, 3, 3, 3, 3, 3, 3, 3, 3, 1, 3, 3, 3, 7, 3, 3, 3, 5, 3, 3, 3, 3, 3, 7, 3, 3, 5, 1] 
dagA5.txt 3_2x4.txt True 0.11688311688311688 0.17 305.75 [3, 3, 3, 3, 3, 3, 3, 3, 3, 3, 3, 3, 3, 3, 3, 3, 3, 3, 3, 3, 3, 3, 3, 3, 3, 3, 3, 3, 3, 3, 3, 1, 3, 3, 3, 7, 3, 3, 3, 5, 3, 3, 3, 3, 3, 7, 3, 3, 5, 1] 
dagA5.txt 3_2x4.txt True 0.11688311688311688 0.18 305.75 [3, 3, 3, 3, 3, 3, 3, 3, 3, 3, 3, 3, 3, 3, 3, 3, 3, 3, 3, 3, 3, 3, 3, 3, 3, 3, 3, 3, 3, 3, 3, 1, 3, 3, 3, 7, 3, 3, 3, 5, 3, 3, 3, 3, 3, 7, 3, 3, 5, 1] 
dagA5.txt 3_2x4.txt True 0.11688311688311688 0.19 305.75 [3, 3, 3, 3, 3, 3, 3, 3, 3, 3, 3, 3, 3, 3, 3, 3, 3, 3, 3, 3, 3, 3, 3, 3, 3, 3, 3, 3, 3, 3, 3, 1, 3, 3, 3, 7, 3, 3, 3, 5, 3, 3, 3, 3, 3, 7, 3, 3, 5, 1] 
dagA5.txt 3_2x4.txt True 0.11688311688311688 0.2 305.75 [3, 3, 3, 3, 3, 3, 3, 3, 3, 3, 3, 3, 3, 3, 3, 3, 3, 3, 3, 3, 3, 3, 3, 3, 3, 3, 3, 3, 3, 3, 3, 1, 3, 3, 3, 7, 3, 3, 3, 5, 3, 3, 3, 3, 3, 7, 3, 3, 5, 1] 
dagA5.txt 3_2x4.txt True 0.11688311688311688 0.25 305.75 [3, 3, 3, 3, 3, 3, 3, 3, 3, 3, 3, 3, 3, 3, 3, 3, 3, 3, 3, 3, 3, 3, 3, 3, 3, 3, 3, 3, 3, 3, 3, 1, 3, 3, 3, 7, 3, 3, 3, 5, 3, 3, 3, 3, 3, 7, 3, 3, 5, 1] 
dagA5.txt 3_2x4.txt True 0.11688311688311688 0.3 305.75 [3, 3, 3, 3, 3, 3, 3, 3, 3, 3, 3, 3, 3, 3, 3, 3, 3, 3, 3, 3, 3, 3, 3, 3, 3, 3, 3, 3, 3, 3, 3, 1, 3, 3, 3, 7, 3, 3, 3, 5, 3, 3, 3, 3, 3, 7, 3, 3, 5, 1] 
dagA5.txt 3_2x4.txt True 0.11688311688311688 0.35 305.75 [3, 3, 3, 3, 3, 3, 3, 3, 3, 3, 3, 3, 3, 3, 3, 3, 3, 3, 3, 3, 3, 3, 3, 3, 3, 3, 3, 3, 3, 3, 3, 1, 3, 3, 3, 7, 3, 3, 3, 5, 3, 3, 3, 3, 3, 7, 3, 3, 5, 1] 
dagA5.txt 3_2x4.txt True 0.11688311688311688 0.4 305.75 [3, 3, 3, 3, 3, 3, 3, 3, 3, 3, 3, 3, 3, 3, 3, 3, 3, 3, 3, 3, 3, 3, 3, 3, 3, 3, 3, 3, 3, 3, 3, 1, 3, 3, 3, 7, 3, 3, 3, 5, 3, 3, 3, 3, 3, 7, 3, 3, 5, 1] 
dagA5.txt 3_2x4.txt True 0.11688311688311688 0.45 305.75 [3, 3, 3, 3, 3, 3, 3, 3, 3, 3, 3, 3, 3, 3, 3, 3, 3, 3, 3, 3, 3, 3, 3, 3, 3, 3, 3, 3, 3, 3, 3, 1, 3, 3, 3, 7, 3, 3, 3, 5, 3, 3, 3, 3, 3, 7, 3, 3, 5, 1] 
dagA5.txt 3_2x4.txt True 0.34415584415584416 0.5 170.25 [1, 5, 5, 5, 1, 1, 5, 1, 5, 5, 5, 1, 0, 5, 1, 5, 1, 5, 5, 1, 5, 5, 5, 5, 5, 3, 1, 1, 5, 5, 5, 5, 5, 5, 5, 1, 0, 7, 1, 1, 1, 5, 3, 1, 5, 1, 0, 5, 0, 1] 
dagA5.txt 3_2x4.txt True 0.34415584415584416 0.55 170.25 [1, 5, 5, 5, 1, 1, 5, 1, 5, 5, 5, 1, 0, 5, 1, 5, 1, 5, 5, 1, 5, 5, 5, 5, 5, 3, 1, 1, 5, 5, 5, 5, 5, 5, 5, 1, 0, 7, 1, 1, 1, 5, 3, 1, 5, 1, 0, 5, 0, 1] 
dagA5.txt 3_2x4.txt True 0.34415584415584416 0.6 170.25 [1, 5, 5, 5, 1, 1, 5, 1, 5, 5, 5, 1, 0, 5, 1, 5, 1, 5, 5, 1, 5, 5, 5, 5, 5, 3, 1, 1, 5, 5, 5, 5, 5, 5, 5, 1, 0, 7, 1, 1, 1, 5, 3, 1, 5, 1, 0, 5, 0, 1] 
dagA5.txt 3_2x4.txt True 0.5324675324675324 0.65 91.25 [2, 7, 4, 7, 7, 3, 7, 5, 1, 5, 1, 3, 1, 3, 7, 7, 7, 5, 7, 7, 5, 3, 1, 7, 4, 1, 3, 5, 7, 7, 3, 3, 1, 5, 7, 5, 1, 7, 3, 5, 3, 3, 1, 5, 5, 5, 1, 3, 3, 3] 
dagA5.txt 3_2x4.txt True 0.5324675324675324 0.7 91.25 [2, 7, 4, 7, 7, 3, 7, 5, 1, 5, 1, 3, 1, 3, 7, 7, 7, 5, 7, 7, 5, 3, 1, 7, 4, 1, 3, 5, 7, 7, 3, 3, 1, 5, 7, 5, 1, 7, 3, 5, 3, 3, 1, 5, 5, 5, 1, 3, 3, 3] 
dagA5.txt 3_2x4.txt True 0.564935064935065 0.75 96.0 [1, 1, 1, 5, 5, 7, 5, 3, 5, 3, 5, 1, 7, 1, 7, 5, 1, 3, 5, 1, 3, 3, 5, 5, 1, 1, 3, 7, 1, 5, 6, 3, 3, 3, 5, 0, 5, 5, 3, 3, 3, 3, 0, 6, 3, 0, 7, 3, 7, 2] 
dagA5.txt 3_2x4.txt True 0.6753246753246753 0.8 86.5 [5, 7, 3, 1, 1, 3, 7, 7, 5, 7, 1, 3, 5, 7, 3, 7, 0, 7, 1, 3, 7, 3, 1, 7, 7, 1, 3, 1, 0, 1, 2, 4, 4, 5, 1, 6, 5, 7, 7, 7, 3, 5, 1, 6, 0, 1, 5, 2, 5, 3] 
dagA5.txt 3_2x4.txt True 0.6168831168831169 0.85 76.5 [2, 6, 6, 1, 7, 3, 3, 5, 1, 7, 3, 5, 3, 5, 5, 1, 7, 1, 1, 7, 1, 3, 1, 7, 5, 7, 3, 7, 7, 5, 3, 1, 1, 1, 1, 7, 3, 0, 5, 5, 3, 1, 4, 7, 4, 7, 3, 3, 3, 5] 
dagA5.txt 3_2x4.txt True 0.7077922077922078 0.9 78.0 [3, 4, 1, 7, 1, 5, 3, 1, 7, 3, 3, 0, 7, 3, 5, 1, 5, 5, 1, 5, 1, 5, 1, 6, 3, 3, 5, 1, 5, 5, 5, 7, 7, 5, 7, 2, 7, 7, 1, 3, 5, 3, 2, 1, 3, 1, 7, 5, 7, 0] 
dagA5.txt 3_2x4.txt True 0.7532467532467533 0.95 76.75 [3, 3, 3, 1, 2, 1, 1, 0, 1, 3, 0, 6, 5, 0, 3, 1, 7, 7, 3, 1, 7, 7, 7, 1, 1, 5, 7, 5, 7, 2, 7, 4, 4, 7, 0, 3, 4, 3, 1, 3, 2, 1, 6, 5, 3, 7, 5, 7, 5, 5] 
dagA5.txt 3_2x4.txt True 0.7142857142857143 1 76.5 [5, 1, 5, 6, 7, 7, 5, 3, 3, 1, 1, 7, 2, 6, 5, 0, 0, 4, 5, 7, 4, 7, 3, 1, 1, 7, 7, 1, 0, 1, 7, 3, 3, 5, 6, 3, 2, 5, 5, 1, 7, 3, 3, 1, 4, 0, 2, 7, 5, 3] 
dagA5.txt 100_1x1.txt True 0.0 0.07 14.01 [0, 0, 0, 0, 0, 0, 0, 0, 0, 0, 0, 0, 0, 0, 0, 0, 0, 0, 0, 0, 0, 0, 0, 0, 0, 0, 0, 0, 0, 0, 0, 0, 0, 0, 0, 0, 0, 0, 0, 0, 0, 0, 0, 0, 0, 0, 0, 0, 0, 0] 
dagA5.txt 100_1x1.txt True 0.0 0.08 14.01 [0, 0, 0, 0, 0, 0, 0, 0, 0, 0, 0, 0, 0, 0, 0, 0, 0, 0, 0, 0, 0, 0, 0, 0, 0, 0, 0, 0, 0, 0, 0, 0, 0, 0, 0, 0, 0, 0, 0, 0, 0, 0, 0, 0, 0, 0, 0, 0, 0, 0] 
dagA5.txt 100_1x1.txt True 0.0 0.09 14.01 [0, 0, 0, 0, 0, 0, 0, 0, 0, 0, 0, 0, 0, 0, 0, 0, 0, 0, 0, 0, 0, 0, 0, 0, 0, 0, 0, 0, 0, 0, 0, 0, 0, 0, 0, 0, 0, 0, 0, 0, 0, 0, 0, 0, 0, 0, 0, 0, 0, 0] 
dagA5.txt 100_1x1.txt True 0.0 0.1 14.01 [0, 0, 0, 0, 0, 0, 0, 0, 0, 0, 0, 0, 0, 0, 0, 0, 0, 0, 0, 0, 0, 0, 0, 0, 0, 0, 0, 0, 0, 0, 0, 0, 0, 0, 0, 0, 0, 0, 0, 0, 0, 0, 0, 0, 0, 0, 0, 0, 0, 0] 
dagA5.txt 100_1x1.txt True 0.0 0.11 14.01 [0, 0, 0, 0, 0, 0, 0, 0, 0, 0, 0, 0, 0, 0, 0, 0, 0, 0, 0, 0, 0, 0, 0, 0, 0, 0, 0, 0, 0, 0, 0, 0, 0, 0, 0, 0, 0, 0, 0, 0, 0, 0, 0, 0, 0, 0, 0, 0, 0, 0] 
dagA5.txt 100_1x1.txt True 0.0 0.12 14.01 [0, 0, 0, 0, 0, 0, 0, 0, 0, 0, 0, 0, 0, 0, 0, 0, 0, 0, 0, 0, 0, 0, 0, 0, 0, 0, 0, 0, 0, 0, 0, 0, 0, 0, 0, 0, 0, 0, 0, 0, 0, 0, 0, 0, 0, 0, 0, 0, 0, 0] 
dagA5.txt 100_1x1.txt True 0.0 0.13 14.01 [0, 0, 0, 0, 0, 0, 0, 0, 0, 0, 0, 0, 0, 0, 0, 0, 0, 0, 0, 0, 0, 0, 0, 0, 0, 0, 0, 0, 0, 0, 0, 0, 0, 0, 0, 0, 0, 0, 0, 0, 0, 0, 0, 0, 0, 0, 0, 0, 0, 0] 
dagA5.txt 100_1x1.txt True 0.0 0.14 14.01 [0, 0, 0, 0, 0, 0, 0, 0, 0, 0, 0, 0, 0, 0, 0, 0, 0, 0, 0, 0, 0, 0, 0, 0, 0, 0, 0, 0, 0, 0, 0, 0, 0, 0, 0, 0, 0, 0, 0, 0, 0, 0, 0, 0, 0, 0, 0, 0, 0, 0] 
dagA5.txt 100_1x1.txt True 0.0 0.15 14.01 [0, 0, 0, 0, 0, 0, 0, 0, 0, 0, 0, 0, 0, 0, 0, 0, 0, 0, 0, 0, 0, 0, 0, 0, 0, 0, 0, 0, 0, 0, 0, 0, 0, 0, 0, 0, 0, 0, 0, 0, 0, 0, 0, 0, 0, 0, 0, 0, 0, 0] 
dagA5.txt 100_1x1.txt True 0.0 0.16 14.01 [0, 0, 0, 0, 0, 0, 0, 0, 0, 0, 0, 0, 0, 0, 0, 0, 0, 0, 0, 0, 0, 0, 0, 0, 0, 0, 0, 0, 0, 0, 0, 0, 0, 0, 0, 0, 0, 0, 0, 0, 0, 0, 0, 0, 0, 0, 0, 0, 0, 0] 
dagA5.txt 100_1x1.txt True 0.0 0.17 14.01 [0, 0, 0, 0, 0, 0, 0, 0, 0, 0, 0, 0, 0, 0, 0, 0, 0, 0, 0, 0, 0, 0, 0, 0, 0, 0, 0, 0, 0, 0, 0, 0, 0, 0, 0, 0, 0, 0, 0, 0, 0, 0, 0, 0, 0, 0, 0, 0, 0, 0] 
dagA5.txt 100_1x1.txt True 0.0 0.18 14.01 [0, 0, 0, 0, 0, 0, 0, 0, 0, 0, 0, 0, 0, 0, 0, 0, 0, 0, 0, 0, 0, 0, 0, 0, 0, 0, 0, 0, 0, 0, 0, 0, 0, 0, 0, 0, 0, 0, 0, 0, 0, 0, 0, 0, 0, 0, 0, 0, 0, 0] 
dagA5.txt 100_1x1.txt True 0.0 0.19 14.01 [0, 0, 0, 0, 0, 0, 0, 0, 0, 0, 0, 0, 0, 0, 0, 0, 0, 0, 0, 0, 0, 0, 0, 0, 0, 0, 0, 0, 0, 0, 0, 0, 0, 0, 0, 0, 0, 0, 0, 0, 0, 0, 0, 0, 0, 0, 0, 0, 0, 0] 
dagA5.txt 100_1x1.txt True 0.0 0.2 14.01 [0, 0, 0, 0, 0, 0, 0, 0, 0, 0, 0, 0, 0, 0, 0, 0, 0, 0, 0, 0, 0, 0, 0, 0, 0, 0, 0, 0, 0, 0, 0, 0, 0, 0, 0, 0, 0, 0, 0, 0, 0, 0, 0, 0, 0, 0, 0, 0, 0, 0] 
dagA5.txt 100_1x1.txt True 0.0 0.25 14.01 [0, 0, 0, 0, 0, 0, 0, 0, 0, 0, 0, 0, 0, 0, 0, 0, 0, 0, 0, 0, 0, 0, 0, 0, 0, 0, 0, 0, 0, 0, 0, 0, 0, 0, 0, 0, 0, 0, 0, 0, 0, 0, 0, 0, 0, 0, 0, 0, 0, 0] 
dagA5.txt 100_1x1.txt True 0.0 0.3 14.01 [0, 0, 0, 0, 0, 0, 0, 0, 0, 0, 0, 0, 0, 0, 0, 0, 0, 0, 0, 0, 0, 0, 0, 0, 0, 0, 0, 0, 0, 0, 0, 0, 0, 0, 0, 0, 0, 0, 0, 0, 0, 0, 0, 0, 0, 0, 0, 0, 0, 0] 
dagA5.txt 100_1x1.txt True 0.0 0.35 14.01 [0, 0, 0, 0, 0, 0, 0, 0, 0, 0, 0, 0, 0, 0, 0, 0, 0, 0, 0, 0, 0, 0, 0, 0, 0, 0, 0, 0, 0, 0, 0, 0, 0, 0, 0, 0, 0, 0, 0, 0, 0, 0, 0, 0, 0, 0, 0, 0, 0, 0] 
dagA5.txt 100_1x1.txt True 0.0 0.4 14.01 [0, 0, 0, 0, 0, 0, 0, 0, 0, 0, 0, 0, 0, 0, 0, 0, 0, 0, 0, 0, 0, 0, 0, 0, 0, 0, 0, 0, 0, 0, 0, 0, 0, 0, 0, 0, 0, 0, 0, 0, 0, 0, 0, 0, 0, 0, 0, 0, 0, 0] 
dagA5.txt 100_1x1.txt True 0.0 0.45 14.01 [0, 0, 0, 0, 0, 0, 0, 0, 0, 0, 0, 0, 0, 0, 0, 0, 0, 0, 0, 0, 0, 0, 0, 0, 0, 0, 0, 0, 0, 0, 0, 0, 0, 0, 0, 0, 0, 0, 0, 0, 0, 0, 0, 0, 0, 0, 0, 0, 0, 0] 
dagA5.txt 100_1x1.txt True 0.0 0.5 14.01 [0, 0, 0, 0, 0, 0, 0, 0, 0, 0, 0, 0, 0, 0, 0, 0, 0, 0, 0, 0, 0, 0, 0, 0, 0, 0, 0, 0, 0, 0, 0, 0, 0, 0, 0, 0, 0, 0, 0, 0, 0, 0, 0, 0, 0, 0, 0, 0, 0, 0] 
dagA5.txt 100_1x1.txt True 0.0 0.55 14.01 [0, 0, 0, 0, 0, 0, 0, 0, 0, 0, 0, 0, 0, 0, 0, 0, 0, 0, 0, 0, 0, 0, 0, 0, 0, 0, 0, 0, 0, 0, 0, 0, 0, 0, 0, 0, 0, 0, 0, 0, 0, 0, 0, 0, 0, 0, 0, 0, 0, 0] 
dagA5.txt 100_1x1.txt True 0.0 0.6 14.01 [0, 0, 0, 0, 0, 0, 0, 0, 0, 0, 0, 0, 0, 0, 0, 0, 0, 0, 0, 0, 0, 0, 0, 0, 0, 0, 0, 0, 0, 0, 0, 0, 0, 0, 0, 0, 0, 0, 0, 0, 0, 0, 0, 0, 0, 0, 0, 0, 0, 0] 
dagA5.txt 100_1x1.txt True 0.0 0.65 14.01 [0, 0, 0, 0, 0, 0, 0, 0, 0, 0, 0, 0, 0, 0, 0, 0, 0, 0, 0, 0, 0, 0, 0, 0, 0, 0, 0, 0, 0, 0, 0, 0, 0, 0, 0, 0, 0, 0, 0, 0, 0, 0, 0, 0, 0, 0, 0, 0, 0, 0] 
dagA5.txt 100_1x1.txt True 0.0 0.7 14.01 [0, 0, 0, 0, 0, 0, 0, 0, 0, 0, 0, 0, 0, 0, 0, 0, 0, 0, 0, 0, 0, 0, 0, 0, 0, 0, 0, 0, 0, 0, 0, 0, 0, 0, 0, 0, 0, 0, 0, 0, 0, 0, 0, 0, 0, 0, 0, 0, 0, 0] 
dagA5.txt 100_1x1.txt True 0.01948051948051948 0.75 13.9 [0, 0, 0, 0, 0, 0, 0, 0, 0, 0, 0, 0, 0, 0, 0, 0, 0, 0, 0, 0, 0, 0, 0, 0, 0, 0, 0, 0, 0, 0, 0, 0, 0, 0, 0, 0, 1, 0, 0, 0, 0, 0, 0, 0, 0, 0, 0, 0, 0, 0] 
dagA5.txt 100_1x1.txt True 0.0 0.8 14.01 [0, 0, 0, 0, 0, 0, 0, 0, 0, 0, 0, 0, 0, 0, 0, 0, 0, 0, 0, 0, 0, 0, 0, 0, 0, 0, 0, 0, 0, 0, 0, 0, 0, 0, 0, 0, 0, 0, 0, 0, 0, 0, 0, 0, 0, 0, 0, 0, 0, 0] 
dagA5.txt 100_1x1.txt True 0.0 0.85 14.01 [0, 0, 0, 0, 0, 0, 0, 0, 0, 0, 0, 0, 0, 0, 0, 0, 0, 0, 0, 0, 0, 0, 0, 0, 0, 0, 0, 0, 0, 0, 0, 0, 0, 0, 0, 0, 0, 0, 0, 0, 0, 0, 0, 0, 0, 0, 0, 0, 0, 0] 
dagA5.txt 100_1x1.txt True 0.0 0.9 14.01 [0, 0, 0, 0, 0, 0, 0, 0, 0, 0, 0, 0, 0, 0, 0, 0, 0, 0, 0, 0, 0, 0, 0, 0, 0, 0, 0, 0, 0, 0, 0, 0, 0, 0, 0, 0, 0, 0, 0, 0, 0, 0, 0, 0, 0, 0, 0, 0, 0, 0] 
dagA5.txt 100_1x1.txt True 0.01948051948051948 0.95 13.9 [0, 0, 0, 0, 0, 0, 0, 0, 0, 0, 0, 0, 0, 0, 0, 0, 0, 0, 0, 0, 0, 0, 0, 0, 0, 0, 0, 0, 0, 0, 0, 0, 0, 0, 0, 0, 1, 0, 0, 0, 0, 0, 0, 0, 0, 0, 0, 0, 0, 0] 
dagA5.txt 100_1x1.txt True 0.01948051948051948 1 13.9 [0, 0, 0, 0, 0, 0, 0, 0, 0, 0, 0, 0, 0, 0, 0, 0, 0, 0, 0, 0, 0, 0, 0, 0, 0, 0, 0, 0, 0, 0, 0, 0, 0, 0, 0, 0, 1, 0, 0, 0, 0, 0, 0, 0, 0, 0, 0, 0, 0, 0] 
dagA5.txt 1234x1.txt True 0.032467532467532464 0.07 330.75 [3, 3, 3, 3, 3, 3, 3, 3, 3, 3, 3, 3, 3, 3, 3, 3, 3, 3, 3, 3, 3, 3, 3, 3, 3, 1, 3, 3, 3, 3, 3, 3, 3, 3, 3, 3, 3, 3, 3, 3, 3, 3, 1, 3, 3, 3, 3, 3, 3, 3] 
dagA5.txt 1234x1.txt True 0.07142857142857142 0.08 314.75 [3, 3, 2, 3, 3, 3, 3, 3, 3, 3, 3, 3, 3, 3, 3, 3, 3, 3, 3, 3, 3, 3, 3, 3, 2, 1, 3, 3, 3, 3, 3, 3, 3, 3, 3, 3, 3, 3, 3, 3, 3, 3, 1, 3, 3, 3, 3, 3, 3, 3] 
dagA5.txt 1234x1.txt True 0.07142857142857142 0.09 314.75 [3, 3, 2, 3, 3, 3, 3, 3, 3, 3, 3, 3, 3, 3, 3, 3, 3, 3, 3, 3, 3, 3, 3, 3, 2, 1, 3, 3, 3, 3, 3, 3, 3, 3, 3, 3, 3, 3, 3, 3, 3, 3, 1, 3, 3, 3, 3, 3, 3, 3] 
dagA5.txt 1234x1.txt True 0.03896103896103896 0.1 329.25 [3, 3, 3, 3, 3, 3, 3, 3, 3, 3, 3, 3, 3, 3, 3, 3, 3, 3, 3, 3, 3, 3, 3, 3, 3, 3, 3, 3, 3, 3, 3, 3, 3, 3, 3, 3, 3, 2, 1, 3, 3, 3, 3, 3, 3, 3, 3, 3, 3, 3] 
dagA5.txt 1234x1.txt True 0.03896103896103896 0.11 329.25 [3, 3, 3, 3, 3, 3, 3, 3, 3, 3, 3, 3, 3, 3, 3, 3, 3, 3, 3, 3, 3, 3, 3, 3, 3, 3, 3, 3, 3, 3, 3, 3, 3, 3, 3, 3, 3, 2, 1, 3, 3, 3, 3, 3, 3, 3, 3, 3, 3, 3] 
dagA5.txt 1234x1.txt True 0.03896103896103896 0.12 329.25 [3, 3, 3, 3, 3, 3, 3, 3, 3, 3, 3, 3, 3, 3, 3, 3, 3, 3, 3, 3, 3, 3, 3, 3, 3, 3, 3, 3, 3, 3, 3, 3, 3, 3, 3, 3, 3, 2, 1, 3, 3, 3, 3, 3, 3, 3, 3, 3, 3, 3] 
dagA5.txt 1234x1.txt True 0.07142857142857142 0.13 319.25 [3, 3, 3, 3, 3, 3, 3, 3, 3, 3, 3, 3, 3, 3, 3, 3, 3, 3, 3, 3, 3, 3, 3, 3, 3, 3, 3, 3, 3, 3, 3, 0, 3, 3, 3, 2, 3, 3, 3, 3, 3, 3, 3, 3, 3, 2, 3, 3, 3, 0] 
dagA5.txt 1234x1.txt True 0.07142857142857142 0.14 319.25 [3, 3, 3, 3, 3, 3, 3, 3, 3, 3, 3, 3, 3, 3, 3, 3, 3, 3, 3, 3, 3, 3, 3, 3, 3, 3, 3, 3, 3, 3, 3, 0, 3, 3, 3, 2, 3, 3, 3, 3, 3, 3, 3, 3, 3, 2, 3, 3, 3, 0] 
dagA5.txt 1234x1.txt True 0.07142857142857142 0.15 319.25 [3, 3, 3, 3, 3, 3, 3, 3, 3, 3, 3, 3, 3, 3, 3, 3, 3, 3, 3, 3, 3, 3, 3, 3, 3, 3, 3, 3, 3, 3, 3, 0, 3, 3, 3, 2, 3, 3, 3, 3, 3, 3, 3, 3, 3, 2, 3, 3, 3, 0] 
dagA5.txt 1234x1.txt True 0.07142857142857142 0.16 319.25 [3, 3, 3, 3, 3, 3, 3, 3, 3, 3, 3, 3, 3, 3, 3, 3, 3, 3, 3, 3, 3, 3, 3, 3, 3, 3, 3, 3, 3, 3, 3, 0, 3, 3, 3, 2, 3, 3, 3, 3, 3, 3, 3, 3, 3, 2, 3, 3, 3, 0] 
dagA5.txt 1234x1.txt True 0.07142857142857142 0.17 319.25 [3, 3, 3, 3, 3, 3, 3, 3, 3, 3, 3, 3, 3, 3, 3, 3, 3, 3, 3, 3, 3, 3, 3, 3, 3, 3, 3, 3, 3, 3, 3, 0, 3, 3, 3, 2, 3, 3, 3, 3, 3, 3, 3, 3, 3, 2, 3, 3, 3, 0] 
dagA5.txt 1234x1.txt True 0.07142857142857142 0.18 319.25 [3, 3, 3, 3, 3, 3, 3, 3, 3, 3, 3, 3, 3, 3, 3, 3, 3, 3, 3, 3, 3, 3, 3, 3, 3, 3, 3, 3, 3, 3, 3, 0, 3, 3, 3, 2, 3, 3, 3, 3, 3, 3, 3, 3, 3, 2, 3, 3, 3, 0] 
dagA5.txt 1234x1.txt True 0.07142857142857142 0.19 319.25 [3, 3, 3, 3, 3, 3, 3, 3, 3, 3, 3, 3, 3, 3, 3, 3, 3, 3, 3, 3, 3, 3, 3, 3, 3, 3, 3, 3, 3, 3, 3, 0, 3, 3, 3, 2, 3, 3, 3, 3, 3, 3, 3, 3, 3, 2, 3, 3, 3, 0] 
dagA5.txt 1234x1.txt True 0.07142857142857142 0.2 319.25 [3, 3, 3, 3, 3, 3, 3, 3, 3, 3, 3, 3, 3, 3, 3, 3, 3, 3, 3, 3, 3, 3, 3, 3, 3, 3, 3, 3, 3, 3, 3, 0, 3, 3, 3, 2, 3, 3, 3, 3, 3, 3, 3, 3, 3, 2, 3, 3, 3, 0] 
dagA5.txt 1234x1.txt True 0.07142857142857142 0.25 319.25 [3, 3, 3, 3, 3, 3, 3, 3, 3, 3, 3, 3, 3, 3, 3, 3, 3, 3, 3, 3, 3, 3, 3, 3, 3, 3, 3, 3, 3, 3, 3, 0, 3, 3, 3, 2, 3, 3, 3, 3, 3, 3, 3, 3, 3, 2, 3, 3, 3, 0] 
dagA5.txt 1234x1.txt True 0.07142857142857142 0.3 319.25 [3, 3, 3, 3, 3, 3, 3, 3, 3, 3, 3, 3, 3, 3, 3, 3, 3, 3, 3, 3, 3, 3, 3, 3, 3, 3, 3, 3, 3, 3, 3, 0, 3, 3, 3, 2, 3, 3, 3, 3, 3, 3, 3, 3, 3, 2, 3, 3, 3, 0] 
dagA5.txt 1234x1.txt True 0.07142857142857142 0.35 319.25 [3, 3, 3, 3, 3, 3, 3, 3, 3, 3, 3, 3, 3, 3, 3, 3, 3, 3, 3, 3, 3, 3, 3, 3, 3, 3, 3, 3, 3, 3, 3, 0, 3, 3, 3, 2, 3, 3, 3, 3, 3, 3, 3, 3, 3, 2, 3, 3, 3, 0] 
dagA5.txt 1234x1.txt True 0.07142857142857142 0.4 319.25 [3, 3, 3, 3, 3, 3, 3, 3, 3, 3, 3, 3, 3, 3, 3, 3, 3, 3, 3, 3, 3, 3, 3, 3, 3, 3, 3, 3, 3, 3, 3, 0, 3, 3, 3, 2, 3, 3, 3, 3, 3, 3, 3, 3, 3, 2, 3, 3, 3, 0] 
dagA5.txt 1234x1.txt True 0.07142857142857142 0.45 319.25 [3, 3, 3, 3, 3, 3, 3, 3, 3, 3, 3, 3, 3, 3, 3, 3, 3, 3, 3, 3, 3, 3, 3, 3, 3, 3, 3, 3, 3, 3, 3, 0, 3, 3, 3, 2, 3, 3, 3, 3, 3, 3, 3, 3, 3, 2, 3, 3, 3, 0] 
dagA5.txt 1234x1.txt True 0.35714285714285715 0.5 195.0 [3, 3, 3, 3, 1, 1, 3, 1, 3, 3, 3, 1, 0, 3, 1, 3, 2, 3, 3, 3, 3, 3, 3, 3, 3, 1, 1, 2, 3, 3, 3, 3, 3, 3, 3, 1, 0, 2, 1, 1, 1, 3, 1, 3, 3, 1, 0, 3, 0, 2] 
dagA5.txt 1234x1.txt True 0.35714285714285715 0.55 195.0 [3, 3, 3, 3, 1, 1, 3, 1, 3, 3, 3, 1, 0, 3, 1, 3, 2, 3, 3, 3, 3, 3, 3, 3, 3, 1, 1, 2, 3, 3, 3, 3, 3, 3, 3, 1, 0, 2, 1, 1, 1, 3, 1, 3, 3, 1, 0, 3, 0, 2] 
dagA5.txt 1234x1.txt True 0.35714285714285715 0.6 195.0 [3, 3, 3, 3, 1, 1, 3, 1, 3, 3, 3, 1, 0, 3, 1, 3, 2, 3, 3, 3, 3, 3, 3, 3, 3, 1, 1, 2, 3, 3, 3, 3, 3, 3, 3, 1, 0, 2, 1, 1, 1, 3, 1, 3, 3, 1, 0, 3, 0, 2] 
dagA5.txt 1234x1.txt True 0.4090909090909091 0.65 161.0 [1, 3, 2, 3, 3, 3, 3, 2, 0, 2, 3, 1, 0, 3, 3, 3, 3, 2, 3, 3, 2, 3, 3, 3, 2, 2, 3, 2, 3, 3, 3, 1, 3, 2, 3, 2, 0, 3, 1, 2, 3, 1, 2, 2, 2, 2, 0, 3, 3, 1] 
dagA5.txt 1234x1.txt True 0.4090909090909091 0.7 161.0 [1, 3, 2, 3, 3, 3, 3, 2, 0, 2, 3, 1, 0, 3, 3, 3, 3, 2, 3, 3, 2, 3, 3, 3, 2, 2, 3, 2, 3, 3, 3, 1, 3, 2, 3, 2, 0, 3, 1, 2, 3, 1, 2, 2, 2, 2, 0, 3, 3, 1] 
dagA5.txt 1234x1.txt True 0.474025974025974 0.75 172.0 [2, 2, 3, 3, 3, 2, 3, 1, 3, 0, 3, 0, 2, 3, 2, 3, 2, 1, 3, 2, 1, 3, 3, 3, 3, 0, 3, 2, 2, 3, 2, 1, 1, 1, 3, 1, 3, 3, 1, 0, 3, 1, 1, 2, 0, 1, 2, 3, 2, 1] 
dagA5.txt 1234x1.txt True 0.5064935064935064 0.8 149.66666666666666 [2, 1, 1, 3, 3, 1, 3, 2, 3, 2, 3, 2, 2, 1, 0, 3, 2, 2, 3, 0, 2, 1, 0, 3, 1, 2, 1, 3, 2, 3, 1, 0, 0, 3, 3, 3, 2, 3, 3, 2, 1, 3, 2, 3, 2, 3, 2, 1, 2, 2] 
dagA5.txt 1234x1.txt True 0.5064935064935064 0.85 147.5 [2, 1, 1, 3, 3, 2, 1, 3, 3, 2, 1, 3, 3, 1, 2, 3, 3, 2, 3, 2, 2, 1, 3, 3, 1, 2, 2, 3, 3, 2, 2, 3, 3, 2, 3, 1, 3, 0, 3, 3, 2, 3, 0, 2, 0, 3, 3, 2, 2, 1] 
dagA5.txt 1234x1.txt True 0.474025974025974 0.9 148.0 [2, 1, 1, 1, 2, 3, 3, 3, 3, 3, 3, 2, 0, 1, 2, 2, 2, 1, 1, 2, 3, 1, 3, 0, 1, 2, 3, 2, 2, 2, 1, 3, 3, 3, 1, 3, 0, 3, 3, 3, 3, 3, 3, 2, 3, 2, 0, 1, 0, 2] 
dagA5.txt 1234x1.txt True 0.5584415584415584 0.95 145.0 [3, 3, 3, 0, 1, 3, 0, 2, 1, 2, 0, 2, 3, 0, 1, 0, 2, 3, 3, 3, 3, 2, 1, 3, 3, 2, 3, 3, 2, 1, 0, 1, 1, 3, 0, 2, 3, 3, 2, 2, 3, 1, 2, 3, 2, 2, 3, 3, 1, 2] 
dagA5.txt 1234x1.txt True 0.5714285714285714 1 147.66666666666666 [2, 3, 3, 3, 2, 2, 1, 1, 3, 1, 1, 2, 3, 0, 1, 2, 0, 3, 3, 2, 3, 2, 3, 2, 3, 2, 0, 2, 0, 2, 0, 3, 3, 1, 0, 3, 3, 3, 1, 1, 0, 3, 2, 2, 1, 2, 3, 3, 1, 3] 
dagA5.txt 3_2x3.txt True 0.032467532467532464 0.07 441.0 [0, 0, 0, 0, 0, 0, 0, 0, 0, 0, 0, 0, 0, 0, 0, 0, 0, 0, 0, 0, 0, 0, 0, 0, 0, 2, 0, 0, 0, 0, 0, 0, 0, 0, 0, 0, 0, 0, 0, 0, 0, 0, 2, 0, 0, 0, 0, 0, 0, 0] 
dagA5.txt 3_2x3.txt True 0.07142857142857142 0.08 419.6666666666667 [0, 0, 5, 0, 0, 0, 0, 0, 0, 0, 0, 0, 0, 0, 0, 0, 0, 0, 0, 0, 0, 0, 0, 0, 5, 2, 0, 0, 0, 0, 0, 0, 0, 0, 0, 0, 0, 0, 0, 0, 0, 0, 2, 0, 0, 0, 0, 0, 0, 0] 
dagA5.txt 3_2x3.txt True 0.07142857142857142 0.09 419.6666666666667 [0, 0, 5, 0, 0, 0, 0, 0, 0, 0, 0, 0, 0, 0, 0, 0, 0, 0, 0, 0, 0, 0, 0, 0, 5, 2, 0, 0, 0, 0, 0, 0, 0, 0, 0, 0, 0, 0, 0, 0, 0, 0, 2, 0, 0, 0, 0, 0, 0, 0] 
dagA5.txt 3_2x3.txt True 0.09740259740259741 0.1 411.0 [0, 0, 0, 0, 0, 0, 0, 0, 0, 0, 0, 0, 0, 0, 0, 0, 0, 0, 0, 0, 0, 0, 0, 0, 0, 0, 0, 0, 0, 0, 0, 0, 0, 4, 0, 0, 0, 5, 2, 5, 0, 0, 0, 0, 0, 0, 5, 0, 0, 0] 
dagA5.txt 3_2x3.txt True 0.09740259740259741 0.11 411.0 [0, 0, 0, 0, 0, 0, 0, 0, 0, 0, 0, 0, 0, 0, 0, 0, 0, 0, 0, 0, 0, 0, 0, 0, 0, 0, 0, 0, 0, 0, 0, 0, 0, 4, 0, 0, 0, 5, 2, 5, 0, 0, 0, 0, 0, 0, 5, 0, 0, 0] 
dagA5.txt 3_2x3.txt True 0.09740259740259741 0.12 411.0 [0, 0, 0, 0, 0, 0, 0, 0, 0, 0, 0, 0, 0, 0, 0, 0, 0, 0, 0, 0, 0, 0, 0, 0, 0, 0, 0, 0, 0, 0, 0, 0, 0, 4, 0, 0, 0, 5, 2, 5, 0, 0, 0, 0, 0, 0, 5, 0, 0, 0] 
dagA5.txt 3_2x3.txt True 0.11688311688311688 0.13 407.6666666666667 [0, 0, 0, 0, 0, 0, 0, 0, 0, 0, 0, 0, 0, 0, 0, 0, 0, 0, 0, 0, 0, 0, 0, 0, 0, 0, 0, 0, 0, 0, 0, 2, 0, 0, 0, 4, 0, 0, 0, 5, 0, 0, 0, 0, 0, 4, 0, 0, 5, 2] 
dagA5.txt 3_2x3.txt True 0.11688311688311688 0.14 407.6666666666667 [0, 0, 0, 0, 0, 0, 0, 0, 0, 0, 0, 0, 0, 0, 0, 0, 0, 0, 0, 0, 0, 0, 0, 0, 0, 0, 0, 0, 0, 0, 0, 2, 0, 0, 0, 4, 0, 0, 0, 5, 0, 0, 0, 0, 0, 4, 0, 0, 5, 2] 
dagA5.txt 3_2x3.txt True 0.11688311688311688 0.15 407.6666666666667 [0, 0, 0, 0, 0, 0, 0, 0, 0, 0, 0, 0, 0, 0, 0, 0, 0, 0, 0, 0, 0, 0, 0, 0, 0, 0, 0, 0, 0, 0, 0, 2, 0, 0, 0, 4, 0, 0, 0, 5, 0, 0, 0, 0, 0, 4, 0, 0, 5, 2] 
dagA5.txt 3_2x3.txt True 0.11688311688311688 0.16 407.6666666666667 [0, 0, 0, 0, 0, 0, 0, 0, 0, 0, 0, 0, 0, 0, 0, 0, 0, 0, 0, 0, 0, 0, 0, 0, 0, 0, 0, 0, 0, 0, 0, 2, 0, 0, 0, 4, 0, 0, 0, 5, 0, 0, 0, 0, 0, 4, 0, 0, 5, 2] 
dagA5.txt 3_2x3.txt True 0.11688311688311688 0.17 407.6666666666667 [0, 0, 0, 0, 0, 0, 0, 0, 0, 0, 0, 0, 0, 0, 0, 0, 0, 0, 0, 0, 0, 0, 0, 0, 0, 0, 0, 0, 0, 0, 0, 2, 0, 0, 0, 4, 0, 0, 0, 5, 0, 0, 0, 0, 0, 4, 0, 0, 5, 2] 
dagA5.txt 3_2x3.txt True 0.11688311688311688 0.18 407.6666666666667 [0, 0, 0, 0, 0, 0, 0, 0, 0, 0, 0, 0, 0, 0, 0, 0, 0, 0, 0, 0, 0, 0, 0, 0, 0, 0, 0, 0, 0, 0, 0, 2, 0, 0, 0, 4, 0, 0, 0, 5, 0, 0, 0, 0, 0, 4, 0, 0, 5, 2] 
dagA5.txt 3_2x3.txt True 0.11688311688311688 0.19 407.6666666666667 [0, 0, 0, 0, 0, 0, 0, 0, 0, 0, 0, 0, 0, 0, 0, 0, 0, 0, 0, 0, 0, 0, 0, 0, 0, 0, 0, 0, 0, 0, 0, 2, 0, 0, 0, 4, 0, 0, 0, 5, 0, 0, 0, 0, 0, 4, 0, 0, 5, 2] 
dagA5.txt 3_2x3.txt True 0.11688311688311688 0.2 407.6666666666667 [0, 0, 0, 0, 0, 0, 0, 0, 0, 0, 0, 0, 0, 0, 0, 0, 0, 0, 0, 0, 0, 0, 0, 0, 0, 0, 0, 0, 0, 0, 0, 2, 0, 0, 0, 4, 0, 0, 0, 5, 0, 0, 0, 0, 0, 4, 0, 0, 5, 2] 
dagA5.txt 3_2x3.txt True 0.11688311688311688 0.25 407.6666666666667 [0, 0, 0, 0, 0, 0, 0, 0, 0, 0, 0, 0, 0, 0, 0, 0, 0, 0, 0, 0, 0, 0, 0, 0, 0, 0, 0, 0, 0, 0, 0, 2, 0, 0, 0, 4, 0, 0, 0, 5, 0, 0, 0, 0, 0, 4, 0, 0, 5, 2] 
dagA5.txt 3_2x3.txt True 0.11688311688311688 0.3 407.6666666666667 [0, 0, 0, 0, 0, 0, 0, 0, 0, 0, 0, 0, 0, 0, 0, 0, 0, 0, 0, 0, 0, 0, 0, 0, 0, 0, 0, 0, 0, 0, 0, 2, 0, 0, 0, 4, 0, 0, 0, 5, 0, 0, 0, 0, 0, 4, 0, 0, 5, 2] 
dagA5.txt 3_2x3.txt True 0.11688311688311688 0.35 407.6666666666667 [0, 0, 0, 0, 0, 0, 0, 0, 0, 0, 0, 0, 0, 0, 0, 0, 0, 0, 0, 0, 0, 0, 0, 0, 0, 0, 0, 0, 0, 0, 0, 2, 0, 0, 0, 4, 0, 0, 0, 5, 0, 0, 0, 0, 0, 4, 0, 0, 5, 2] 
dagA5.txt 3_2x3.txt True 0.11688311688311688 0.4 407.6666666666667 [0, 0, 0, 0, 0, 0, 0, 0, 0, 0, 0, 0, 0, 0, 0, 0, 0, 0, 0, 0, 0, 0, 0, 0, 0, 0, 0, 0, 0, 0, 0, 2, 0, 0, 0, 4, 0, 0, 0, 5, 0, 0, 0, 0, 0, 4, 0, 0, 5, 2] 
dagA5.txt 3_2x3.txt True 0.11688311688311688 0.45 407.6666666666667 [0, 0, 0, 0, 0, 0, 0, 0, 0, 0, 0, 0, 0, 0, 0, 0, 0, 0, 0, 0, 0, 0, 0, 0, 0, 0, 0, 0, 0, 0, 0, 2, 0, 0, 0, 4, 0, 0, 0, 5, 0, 0, 0, 0, 0, 4, 0, 0, 5, 2] 
dagA5.txt 3_2x3.txt True 0.4025974025974026 0.5 227.0 [2, 4, 4, 4, 1, 1, 4, 1, 4, 4, 4, 1, 0, 4, 1, 4, 0, 4, 4, 2, 4, 4, 4, 4, 4, 2, 1, 0, 4, 4, 4, 4, 4, 4, 4, 1, 0, 5, 1, 1, 1, 4, 2, 2, 4, 1, 0, 4, 0, 0] 
dagA5.txt 3_2x3.txt True 0.4025974025974026 0.55 227.0 [2, 4, 4, 4, 1, 1, 4, 1, 4, 4, 4, 1, 0, 4, 1, 4, 0, 4, 4, 2, 4, 4, 4, 4, 4, 2, 1, 0, 4, 4, 4, 4, 4, 4, 4, 1, 0, 5, 1, 1, 1, 4, 2, 2, 4, 1, 0, 4, 0, 0] 
dagA5.txt 3_2x3.txt True 0.4025974025974026 0.6 227.0 [2, 4, 4, 4, 1, 1, 4, 1, 4, 4, 4, 1, 0, 4, 1, 4, 0, 4, 4, 2, 4, 4, 4, 4, 4, 2, 1, 0, 4, 4, 4, 4, 4, 4, 4, 1, 0, 5, 1, 1, 1, 4, 2, 2, 4, 1, 0, 4, 0, 0] 
dagA5.txt 3_2x3.txt True 0.5324675324675324 0.65 157.5 [3, 5, 4, 5, 5, 0, 5, 1, 2, 1, 2, 1, 2, 0, 5, 5, 5, 1, 5, 5, 1, 0, 2, 5, 4, 3, 0, 4, 5, 5, 0, 2, 2, 1, 5, 4, 2, 3, 1, 1, 0, 2, 3, 4, 1, 4, 0, 0, 0, 1] 
dagA5.txt 3_2x3.txt True 0.5324675324675324 0.7 157.5 [3, 5, 4, 5, 5, 0, 5, 1, 2, 1, 2, 1, 2, 0, 5, 5, 5, 1, 5, 5, 1, 0, 2, 5, 4, 3, 0, 4, 5, 5, 0, 2, 2, 1, 5, 4, 2, 3, 1, 1, 0, 2, 3, 4, 1, 4, 0, 0, 0, 1] 
dagA5.txt 3_2x3.txt True 0.564935064935065 0.75 140.0 [4, 5, 0, 3, 3, 4, 5, 2, 3, 2, 3, 1, 4, 0, 5, 3, 5, 2, 3, 5, 2, 0, 3, 5, 0, 1, 0, 4, 5, 3, 5, 2, 2, 2, 3, 1, 4, 3, 2, 2, 0, 2, 1, 4, 2, 1, 4, 0, 5, 1] 
dagA5.txt 3_2x3.txt True 0.6298701298701299 0.8 106.33333333333333 [4, 0, 2, 2, 1, 0, 0, 2, 4, 2, 2, 4, 2, 0, 3, 0, 2, 2, 2, 3, 2, 0, 1, 0, 0, 4, 0, 5, 2, 1, 0, 1, 1, 3, 2, 5, 4, 3, 3, 2, 0, 4, 4, 5, 2, 5, 2, 0, 5, 4] 
dagA5.txt 3_2x3.txt True 0.5844155844155844 0.85 104.33333333333333 [1, 4, 4, 4, 2, 0, 1, 3, 1, 2, 1, 3, 0, 4, 0, 1, 4, 2, 4, 5, 2, 4, 0, 2, 4, 2, 0, 5, 4, 0, 2, 2, 2, 2, 4, 5, 0, 1, 3, 3, 0, 2, 3, 5, 3, 4, 0, 2, 0, 5] 
dagA5.txt 3_2x3.txt True 0.5844155844155844 0.9 103.66666666666667 [1, 5, 4, 5, 1, 2, 2, 2, 4, 2, 2, 1, 4, 5, 2, 1, 0, 3, 4, 0, 2, 5, 4, 3, 5, 0, 2, 0, 0, 2, 3, 3, 3, 2, 5, 0, 4, 4, 1, 2, 2, 3, 1, 0, 2, 0, 4, 3, 3, 0] 
dagA5.txt 3_2x3.txt True 0.6493506493506493 0.95 97.5 [0, 0, 0, 1, 2, 3, 2, 1, 1, 0, 1, 3, 5, 1, 2, 1, 4, 4, 0, 3, 4, 4, 5, 2, 1, 2, 4, 5, 4, 2, 4, 3, 3, 4, 1, 0, 5, 0, 2, 0, 4, 2, 3, 5, 0, 4, 5, 4, 4, 3] 
dagA5.txt 3_2x3.txt True 0.5974025974025974 1 99.66666666666667 [2, 5, 4, 4, 2, 5, 4, 3, 0, 3, 4, 2, 4, 4, 0, 2, 4, 3, 4, 5, 3, 0, 0, 2, 4, 2, 5, 1, 4, 2, 5, 0, 0, 3, 4, 1, 1, 0, 3, 3, 5, 0, 3, 1, 4, 1, 1, 5, 5, 2] 
dagA5.txt 1234x3.txt True 0.032467532467532464 0.07 330.75 [11, 11, 11, 11, 11, 11, 11, 11, 11, 11, 11, 11, 11, 11, 11, 11, 11, 11, 11, 11, 11, 11, 11, 11, 11, 5, 11, 11, 11, 11, 11, 11, 11, 11, 11, 11, 11, 11, 11, 11, 11, 11, 5, 11, 11, 11, 11, 11, 11, 11] 
dagA5.txt 1234x3.txt True 0.07142857142857142 0.08 314.75 [3, 3, 7, 3, 3, 3, 3, 3, 3, 3, 3, 3, 3, 3, 3, 3, 3, 3, 3, 3, 3, 3, 3, 3, 7, 5, 3, 3, 3, 3, 3, 3, 3, 3, 3, 3, 3, 3, 3, 3, 3, 3, 5, 3, 3, 3, 3, 3, 3, 3] 
dagA5.txt 1234x3.txt True 0.07142857142857142 0.09 314.75 [3, 3, 7, 3, 3, 3, 3, 3, 3, 3, 3, 3, 3, 3, 3, 3, 3, 3, 3, 3, 3, 3, 3, 3, 7, 5, 3, 3, 3, 3, 3, 3, 3, 3, 3, 3, 3, 3, 3, 3, 3, 3, 5, 3, 3, 3, 3, 3, 3, 3] 
dagA5.txt 1234x3.txt True 0.09740259740259741 0.1 308.25 [3, 3, 3, 3, 3, 3, 3, 3, 3, 3, 3, 3, 3, 3, 3, 3, 3, 3, 3, 3, 3, 3, 3, 3, 3, 3, 3, 3, 3, 3, 3, 3, 3, 11, 3, 3, 3, 8, 5, 10, 3, 3, 3, 3, 3, 3, 10, 3, 3, 3] 
dagA5.txt 1234x3.txt True 0.09740259740259741 0.11 308.25 [3, 3, 3, 3, 3, 3, 3, 3, 3, 3, 3, 3, 3, 3, 3, 3, 3, 3, 3, 3, 3, 3, 3, 3, 3, 3, 3, 3, 3, 3, 3, 3, 3, 11, 3, 3, 3, 8, 5, 10, 3, 3, 3, 3, 3, 3, 10, 3, 3, 3] 
dagA5.txt 1234x3.txt True 0.09740259740259741 0.12 308.25 [3, 3, 3, 3, 3, 3, 3, 3, 3, 3, 3, 3, 3, 3, 3, 3, 3, 3, 3, 3, 3, 3, 3, 3, 3, 3, 3, 3, 3, 3, 3, 3, 3, 11, 3, 3, 3, 8, 5, 10, 3, 3, 3, 3, 3, 3, 10, 3, 3, 3] 
dagA5.txt 1234x3.txt True 0.12337662337662338 0.13 305.75 [3, 3, 3, 3, 3, 3, 3, 3, 3, 3, 3, 3, 3, 3, 3, 3, 3, 3, 3, 3, 3, 3, 3, 3, 3, 3, 3, 3, 3, 3, 3, 7, 3, 3, 3, 11, 3, 3, 3, 5, 3, 3, 3, 3, 3, 11, 3, 3, 2, 8] 
dagA5.txt 1234x3.txt True 0.12337662337662338 0.14 305.75 [3, 3, 3, 3, 3, 3, 3, 3, 3, 3, 3, 3, 3, 3, 3, 3, 3, 3, 3, 3, 3, 3, 3, 3, 3, 3, 3, 3, 3, 3, 3, 7, 3, 3, 3, 11, 3, 3, 3, 5, 3, 3, 3, 3, 3, 11, 3, 3, 2, 8] 
dagA5.txt 1234x3.txt True 0.12337662337662338 0.15 305.75 [3, 3, 3, 3, 3, 3, 3, 3, 3, 3, 3, 3, 3, 3, 3, 3, 3, 3, 3, 3, 3, 3, 3, 3, 3, 3, 3, 3, 3, 3, 3, 7, 3, 3, 3, 11, 3, 3, 3, 5, 3, 3, 3, 3, 3, 11, 3, 3, 2, 8] 
dagA5.txt 1234x3.txt True 0.12337662337662338 0.16 305.75 [3, 3, 3, 3, 3, 3, 3, 3, 3, 3, 3, 3, 3, 3, 3, 3, 3, 3, 3, 3, 3, 3, 3, 3, 3, 3, 3, 3, 3, 3, 3, 7, 3, 3, 3, 11, 3, 3, 3, 5, 3, 3, 3, 3, 3, 11, 3, 3, 2, 8] 
dagA5.txt 1234x3.txt True 0.12337662337662338 0.17 305.75 [3, 3, 3, 3, 3, 3, 3, 3, 3, 3, 3, 3, 3, 3, 3, 3, 3, 3, 3, 3, 3, 3, 3, 3, 3, 3, 3, 3, 3, 3, 3, 7, 3, 3, 3, 11, 3, 3, 3, 5, 3, 3, 3, 3, 3, 11, 3, 3, 2, 8] 
dagA5.txt 1234x3.txt True 0.12337662337662338 0.18 305.75 [3, 3, 3, 3, 3, 3, 3, 3, 3, 3, 3, 3, 3, 3, 3, 3, 3, 3, 3, 3, 3, 3, 3, 3, 3, 3, 3, 3, 3, 3, 3, 7, 3, 3, 3, 11, 3, 3, 3, 5, 3, 3, 3, 3, 3, 11, 3, 3, 2, 8] 
dagA5.txt 1234x3.txt True 0.12337662337662338 0.19 305.75 [3, 3, 3, 3, 3, 3, 3, 3, 3, 3, 3, 3, 3, 3, 3, 3, 3, 3, 3, 3, 3, 3, 3, 3, 3, 3, 3, 3, 3, 3, 3, 7, 3, 3, 3, 11, 3, 3, 3, 5, 3, 3, 3, 3, 3, 11, 3, 3, 2, 8] 
dagA5.txt 1234x3.txt True 0.12337662337662338 0.2 305.75 [3, 3, 3, 3, 3, 3, 3, 3, 3, 3, 3, 3, 3, 3, 3, 3, 3, 3, 3, 3, 3, 3, 3, 3, 3, 3, 3, 3, 3, 3, 3, 7, 3, 3, 3, 11, 3, 3, 3, 5, 3, 3, 3, 3, 3, 11, 3, 3, 2, 8] 
dagA5.txt 1234x3.txt True 0.12337662337662338 0.25 305.75 [3, 3, 3, 3, 3, 3, 3, 3, 3, 3, 3, 3, 3, 3, 3, 3, 3, 3, 3, 3, 3, 3, 3, 3, 3, 3, 3, 3, 3, 3, 3, 7, 3, 3, 3, 11, 3, 3, 3, 5, 3, 3, 3, 3, 3, 11, 3, 3, 2, 8] 
dagA5.txt 1234x3.txt True 0.12337662337662338 0.3 305.75 [3, 3, 3, 3, 3, 3, 3, 3, 3, 3, 3, 3, 3, 3, 3, 3, 3, 3, 3, 3, 3, 3, 3, 3, 3, 3, 3, 3, 3, 3, 3, 7, 3, 3, 3, 11, 3, 3, 3, 5, 3, 3, 3, 3, 3, 11, 3, 3, 2, 8] 
dagA5.txt 1234x3.txt True 0.12337662337662338 0.35 305.75 [3, 3, 3, 3, 3, 3, 3, 3, 3, 3, 3, 3, 3, 3, 3, 3, 3, 3, 3, 3, 3, 3, 3, 3, 3, 3, 3, 3, 3, 3, 3, 7, 3, 3, 3, 11, 3, 3, 3, 5, 3, 3, 3, 3, 3, 11, 3, 3, 2, 8] 
dagA5.txt 1234x3.txt True 0.12337662337662338 0.4 305.75 [3, 3, 3, 3, 3, 3, 3, 3, 3, 3, 3, 3, 3, 3, 3, 3, 3, 3, 3, 3, 3, 3, 3, 3, 3, 3, 3, 3, 3, 3, 3, 7, 3, 3, 3, 11, 3, 3, 3, 5, 3, 3, 3, 3, 3, 11, 3, 3, 2, 8] 
dagA5.txt 1234x3.txt True 0.12337662337662338 0.45 305.75 [3, 3, 3, 3, 3, 3, 3, 3, 3, 3, 3, 3, 3, 3, 3, 3, 3, 3, 3, 3, 3, 3, 3, 3, 3, 3, 3, 3, 3, 3, 3, 7, 3, 3, 3, 11, 3, 3, 3, 5, 3, 3, 3, 3, 3, 11, 3, 3, 2, 8] 
dagA5.txt 1234x3.txt True 0.4155844155844156 0.5 170.25 [0, 3, 3, 3, 5, 5, 3, 5, 3, 3, 3, 5, 1, 3, 5, 3, 2, 3, 3, 0, 3, 3, 3, 3, 3, 4, 5, 2, 3, 3, 3, 3, 3, 3, 3, 5, 1, 11, 5, 5, 5, 3, 4, 0, 3, 5, 1, 3, 1, 2] 
dagA5.txt 1234x3.txt True 0.4155844155844156 0.55 170.25 [0, 3, 3, 3, 5, 5, 3, 5, 3, 3, 3, 5, 1, 3, 5, 3, 2, 3, 3, 0, 3, 3, 3, 3, 3, 4, 5, 2, 3, 3, 3, 3, 3, 3, 3, 5, 1, 11, 5, 5, 5, 3, 4, 0, 3, 5, 1, 3, 1, 2] 
dagA5.txt 1234x3.txt True 0.4155844155844156 0.6 170.25 [0, 3, 3, 3, 5, 5, 3, 5, 3, 3, 3, 5, 1, 3, 5, 3, 2, 3, 3, 0, 3, 3, 3, 3, 3, 4, 5, 2, 3, 3, 3, 3, 3, 3, 3, 5, 1, 11, 5, 5, 5, 3, 4, 0, 3, 5, 1, 3, 1, 2] 
dagA5.txt 1234x3.txt True 0.538961038961039 0.65 105.0 [5, 2, 6, 2, 2, 7, 2, 11, 9, 11, 9, 3, 7, 7, 2, 2, 2, 11, 2, 2, 11, 7, 10, 2, 6, 5, 7, 3, 2, 2, 7, 10, 10, 11, 2, 3, 7, 9, 3, 11, 7, 10, 5, 3, 11, 3, 7, 7, 7, 3] 
dagA5.txt 1234x3.txt True 0.538961038961039 0.7 105.0 [5, 2, 6, 2, 2, 7, 2, 11, 9, 11, 9, 3, 7, 7, 2, 2, 2, 11, 2, 2, 11, 7, 10, 2, 6, 5, 7, 3, 2, 2, 7, 10, 10, 11, 2, 3, 7, 9, 3, 11, 7, 10, 5, 3, 11, 3, 7, 7, 7, 3] 
dagA5.txt 1234x3.txt True 0.6493506493506493 0.75 67.75 [6, 11, 10, 7, 7, 10, 5, 3, 7, 1, 7, 2, 10, 10, 1, 7, 11, 3, 7, 11, 3, 9, 7, 5, 10, 2, 9, 6, 11, 7, 5, 3, 3, 3, 7, 3, 7, 4, 3, 1, 9, 3, 0, 6, 1, 3, 10, 9, 1, 2] 
dagA5.txt 1234x3.txt True 0.6948051948051948 0.8 59.25 [1, 11, 5, 7, 2, 7, 9, 10, 3, 10, 7, 11, 6, 11, 2, 9, 5, 10, 7, 2, 10, 3, 0, 9, 11, 10, 7, 6, 5, 2, 3, 11, 11, 7, 7, 9, 1, 4, 11, 10, 7, 3, 10, 2, 5, 6, 6, 3, 8, 11] 
dagA5.txt 1234x3.txt True 0.7012987012987013 0.85 57.0 [10, 1, 2, 2, 7, 7, 11, 5, 11, 6, 11, 5, 11, 2, 9, 11, 7, 6, 2, 10, 6, 1, 3, 7, 2, 6, 7, 10, 7, 9, 6, 8, 8, 6, 2, 0, 11, 3, 5, 5, 7, 3, 4, 10, 3, 7, 11, 6, 9, 3] 
dagA5.txt 1234x3.txt True 0.7467532467532467 0.9 57.0 [10, 1, 0, 1, 10, 2, 6, 6, 5, 7, 7, 9, 7, 11, 7, 10, 11, 2, 0, 11, 6, 11, 5, 3, 11, 2, 2, 11, 11, 7, 2, 3, 3, 6, 1, 3, 3, 7, 6, 7, 2, 3, 8, 10, 7, 11, 3, 2, 4, 9] 
dagA5.txt 1234x3.txt True 0.7532467532467533 0.95 54.666666666666664 [2, 3, 2, 2, 5, 7, 1, 10, 11, 11, 1, 9, 3, 1, 5, 1, 6, 10, 2, 7, 10, 11, 7, 7, 2, 11, 7, 6, 6, 4, 3, 5, 0, 10, 1, 10, 8, 6, 9, 11, 7, 3, 11, 7, 6, 6, 8, 3, 3, 9] 
dagA5.txt 1234x3.txt True 0.7857142857142857 1 52.666666666666664 [11, 7, 2, 3, 10, 4, 11, 6, 9, 11, 7, 10, 5, 8, 10, 11, 7, 0, 2, 4, 0, 2, 9, 11, 3, 7, 1, 6, 7, 10, 1, 2, 0, 6, 8, 3, 5, 7, 11, 11, 1, 10, 6, 3, 7, 3, 5, 1, 3, 2] 
dagA5.txt 1_4x1.txt True 0.032467532467532464 0.07 330.75 [1, 1, 1, 1, 1, 1, 1, 1, 1, 1, 1, 1, 1, 1, 1, 1, 1, 1, 1, 1, 1, 1, 1, 1, 1, 0, 1, 1, 1, 1, 1, 1, 1, 1, 1, 1, 1, 1, 1, 1, 1, 1, 0, 1, 1, 1, 1, 1, 1, 1] 
dagA5.txt 1_4x1.txt True 0.032467532467532464 0.08 330.75 [1, 1, 1, 1, 1, 1, 1, 1, 1, 1, 1, 1, 1, 1, 1, 1, 1, 1, 1, 1, 1, 1, 1, 1, 1, 0, 1, 1, 1, 1, 1, 1, 1, 1, 1, 1, 1, 1, 1, 1, 1, 1, 0, 1, 1, 1, 1, 1, 1, 1] 
dagA5.txt 1_4x1.txt True 0.032467532467532464 0.09 330.75 [1, 1, 1, 1, 1, 1, 1, 1, 1, 1, 1, 1, 1, 1, 1, 1, 1, 1, 1, 1, 1, 1, 1, 1, 1, 0, 1, 1, 1, 1, 1, 1, 1, 1, 1, 1, 1, 1, 1, 1, 1, 1, 0, 1, 1, 1, 1, 1, 1, 1] 
dagA5.txt 1_4x1.txt True 0.025974025974025976 0.1 341.0 [1, 1, 1, 1, 1, 1, 1, 1, 1, 1, 1, 1, 1, 1, 1, 1, 1, 1, 1, 1, 1, 1, 1, 1, 1, 1, 1, 1, 1, 1, 1, 1, 1, 1, 1, 1, 1, 1, 0, 1, 1, 1, 1, 1, 1, 1, 1, 1, 1, 1] 
dagA5.txt 1_4x1.txt True 0.025974025974025976 0.11 341.0 [1, 1, 1, 1, 1, 1, 1, 1, 1, 1, 1, 1, 1, 1, 1, 1, 1, 1, 1, 1, 1, 1, 1, 1, 1, 1, 1, 1, 1, 1, 1, 1, 1, 1, 1, 1, 1, 1, 0, 1, 1, 1, 1, 1, 1, 1, 1, 1, 1, 1] 
dagA5.txt 1_4x1.txt True 0.025974025974025976 0.12 341.0 [1, 1, 1, 1, 1, 1, 1, 1, 1, 1, 1, 1, 1, 1, 1, 1, 1, 1, 1, 1, 1, 1, 1, 1, 1, 1, 1, 1, 1, 1, 1, 1, 1, 1, 1, 1, 1, 1, 0, 1, 1, 1, 1, 1, 1, 1, 1, 1, 1, 1] 
dagA5.txt 1_4x1.txt True 0.03896103896103896 0.13 334.5 [1, 1, 1, 1, 1, 1, 1, 1, 1, 1, 1, 1, 1, 1, 1, 1, 1, 1, 1, 1, 1, 1, 1, 1, 1, 1, 1, 1, 1, 1, 1, 0, 1, 1, 1, 1, 1, 1, 1, 1, 1, 1, 1, 1, 1, 1, 1, 1, 1, 0] 
dagA5.txt 1_4x1.txt True 0.03896103896103896 0.14 334.5 [1, 1, 1, 1, 1, 1, 1, 1, 1, 1, 1, 1, 1, 1, 1, 1, 1, 1, 1, 1, 1, 1, 1, 1, 1, 1, 1, 1, 1, 1, 1, 0, 1, 1, 1, 1, 1, 1, 1, 1, 1, 1, 1, 1, 1, 1, 1, 1, 1, 0] 
dagA5.txt 1_4x1.txt True 0.03896103896103896 0.15 334.5 [1, 1, 1, 1, 1, 1, 1, 1, 1, 1, 1, 1, 1, 1, 1, 1, 1, 1, 1, 1, 1, 1, 1, 1, 1, 1, 1, 1, 1, 1, 1, 0, 1, 1, 1, 1, 1, 1, 1, 1, 1, 1, 1, 1, 1, 1, 1, 1, 1, 0] 
dagA5.txt 1_4x1.txt True 0.03896103896103896 0.16 334.5 [1, 1, 1, 1, 1, 1, 1, 1, 1, 1, 1, 1, 1, 1, 1, 1, 1, 1, 1, 1, 1, 1, 1, 1, 1, 1, 1, 1, 1, 1, 1, 0, 1, 1, 1, 1, 1, 1, 1, 1, 1, 1, 1, 1, 1, 1, 1, 1, 1, 0] 
dagA5.txt 1_4x1.txt True 0.03896103896103896 0.17 334.5 [1, 1, 1, 1, 1, 1, 1, 1, 1, 1, 1, 1, 1, 1, 1, 1, 1, 1, 1, 1, 1, 1, 1, 1, 1, 1, 1, 1, 1, 1, 1, 0, 1, 1, 1, 1, 1, 1, 1, 1, 1, 1, 1, 1, 1, 1, 1, 1, 1, 0] 
dagA5.txt 1_4x1.txt True 0.03896103896103896 0.18 334.5 [1, 1, 1, 1, 1, 1, 1, 1, 1, 1, 1, 1, 1, 1, 1, 1, 1, 1, 1, 1, 1, 1, 1, 1, 1, 1, 1, 1, 1, 1, 1, 0, 1, 1, 1, 1, 1, 1, 1, 1, 1, 1, 1, 1, 1, 1, 1, 1, 1, 0] 
dagA5.txt 1_4x1.txt True 0.03896103896103896 0.19 334.5 [1, 1, 1, 1, 1, 1, 1, 1, 1, 1, 1, 1, 1, 1, 1, 1, 1, 1, 1, 1, 1, 1, 1, 1, 1, 1, 1, 1, 1, 1, 1, 0, 1, 1, 1, 1, 1, 1, 1, 1, 1, 1, 1, 1, 1, 1, 1, 1, 1, 0] 
dagA5.txt 1_4x1.txt True 0.03896103896103896 0.2 334.5 [1, 1, 1, 1, 1, 1, 1, 1, 1, 1, 1, 1, 1, 1, 1, 1, 1, 1, 1, 1, 1, 1, 1, 1, 1, 1, 1, 1, 1, 1, 1, 0, 1, 1, 1, 1, 1, 1, 1, 1, 1, 1, 1, 1, 1, 1, 1, 1, 1, 0] 
dagA5.txt 1_4x1.txt True 0.03896103896103896 0.25 334.5 [1, 1, 1, 1, 1, 1, 1, 1, 1, 1, 1, 1, 1, 1, 1, 1, 1, 1, 1, 1, 1, 1, 1, 1, 1, 1, 1, 1, 1, 1, 1, 0, 1, 1, 1, 1, 1, 1, 1, 1, 1, 1, 1, 1, 1, 1, 1, 1, 1, 0] 
dagA5.txt 1_4x1.txt True 0.03896103896103896 0.3 334.5 [1, 1, 1, 1, 1, 1, 1, 1, 1, 1, 1, 1, 1, 1, 1, 1, 1, 1, 1, 1, 1, 1, 1, 1, 1, 1, 1, 1, 1, 1, 1, 0, 1, 1, 1, 1, 1, 1, 1, 1, 1, 1, 1, 1, 1, 1, 1, 1, 1, 0] 
dagA5.txt 1_4x1.txt True 0.03896103896103896 0.35 334.5 [1, 1, 1, 1, 1, 1, 1, 1, 1, 1, 1, 1, 1, 1, 1, 1, 1, 1, 1, 1, 1, 1, 1, 1, 1, 1, 1, 1, 1, 1, 1, 0, 1, 1, 1, 1, 1, 1, 1, 1, 1, 1, 1, 1, 1, 1, 1, 1, 1, 0] 
dagA5.txt 1_4x1.txt True 0.03896103896103896 0.4 334.5 [1, 1, 1, 1, 1, 1, 1, 1, 1, 1, 1, 1, 1, 1, 1, 1, 1, 1, 1, 1, 1, 1, 1, 1, 1, 1, 1, 1, 1, 1, 1, 0, 1, 1, 1, 1, 1, 1, 1, 1, 1, 1, 1, 1, 1, 1, 1, 1, 1, 0] 
dagA5.txt 1_4x1.txt True 0.03896103896103896 0.45 334.5 [1, 1, 1, 1, 1, 1, 1, 1, 1, 1, 1, 1, 1, 1, 1, 1, 1, 1, 1, 1, 1, 1, 1, 1, 1, 1, 1, 1, 1, 1, 1, 0, 1, 1, 1, 1, 1, 1, 1, 1, 1, 1, 1, 1, 1, 1, 1, 1, 1, 0] 
dagA5.txt 1_4x1.txt True 0.14285714285714285 0.5 280.25 [1, 1, 1, 1, 1, 1, 1, 1, 1, 1, 1, 1, 0, 1, 1, 1, 0, 1, 1, 1, 1, 1, 1, 1, 1, 0, 1, 0, 1, 1, 1, 1, 1, 1, 1, 1, 0, 1, 1, 1, 1, 1, 0, 1, 1, 1, 0, 1, 0, 0] 
dagA5.txt 1_4x1.txt True 0.14285714285714285 0.55 280.25 [1, 1, 1, 1, 1, 1, 1, 1, 1, 1, 1, 1, 0, 1, 1, 1, 0, 1, 1, 1, 1, 1, 1, 1, 1, 0, 1, 0, 1, 1, 1, 1, 1, 1, 1, 1, 0, 1, 1, 1, 1, 1, 0, 1, 1, 1, 0, 1, 0, 0] 
dagA5.txt 1_4x1.txt True 0.14285714285714285 0.6 280.25 [1, 1, 1, 1, 1, 1, 1, 1, 1, 1, 1, 1, 0, 1, 1, 1, 0, 1, 1, 1, 1, 1, 1, 1, 1, 0, 1, 0, 1, 1, 1, 1, 1, 1, 1, 1, 0, 1, 1, 1, 1, 1, 0, 1, 1, 1, 0, 1, 0, 0] 
dagA5.txt 1_4x1.txt True 0.14285714285714285 0.65 289.0 [1, 1, 1, 1, 1, 1, 1, 1, 0, 1, 1, 1, 0, 1, 1, 1, 1, 1, 1, 1, 1, 1, 0, 1, 1, 1, 1, 1, 1, 1, 1, 0, 0, 1, 1, 1, 0, 1, 1, 1, 1, 0, 1, 1, 1, 1, 0, 1, 1, 1] 
dagA5.txt 1_4x1.txt True 0.14285714285714285 0.7 289.0 [1, 1, 1, 1, 1, 1, 1, 1, 0, 1, 1, 1, 0, 1, 1, 1, 1, 1, 1, 1, 1, 1, 0, 1, 1, 1, 1, 1, 1, 1, 1, 0, 0, 1, 1, 1, 0, 1, 1, 1, 1, 0, 1, 1, 1, 1, 0, 1, 1, 1] 
dagA5.txt 1_4x1.txt True 0.17532467532467533 0.75 295.5 [1, 1, 1, 1, 1, 1, 1, 1, 1, 0, 1, 1, 1, 1, 1, 1, 1, 1, 1, 1, 1, 1, 1, 1, 1, 1, 1, 1, 1, 1, 0, 1, 1, 1, 1, 0, 1, 1, 1, 0, 1, 1, 0, 1, 0, 0, 1, 1, 1, 0] 
dagA5.txt 1_4x1.txt True 0.2987012987012987 0.8 282.25 [1, 1, 0, 1, 1, 1, 1, 1, 1, 1, 1, 1, 1, 1, 0, 1, 0, 1, 1, 0, 1, 0, 0, 1, 1, 1, 1, 1, 0, 1, 1, 0, 0, 1, 1, 1, 1, 1, 1, 1, 1, 1, 1, 1, 0, 1, 1, 1, 1, 1] 
dagA5.txt 1_4x1.txt True 0.17532467532467533 0.85 288.25 [1, 0, 0, 1, 1, 1, 1, 1, 1, 1, 1, 1, 1, 1, 1, 1, 1, 1, 1, 1, 1, 1, 1, 1, 1, 1, 1, 1, 1, 1, 1, 1, 1, 1, 1, 0, 1, 0, 1, 1, 1, 1, 0, 1, 0, 1, 1, 1, 1, 0] 
dagA5.txt 1_4x1.txt True 0.22077922077922077 0.9 283.0 [1, 0, 1, 1, 1, 1, 1, 1, 0, 1, 1, 1, 0, 1, 1, 1, 1, 1, 1, 1, 1, 1, 1, 0, 1, 1, 1, 1, 1, 1, 1, 0, 0, 1, 1, 1, 0, 1, 1, 1, 1, 1, 1, 1, 1, 1, 0, 1, 0, 1] 
dagA5.txt 1_4x1.txt True 0.34415584415584416 0.95 280.75 [1, 1, 1, 0, 0, 1, 0, 0, 1, 1, 0, 1, 1, 0, 0, 1, 1, 1, 1, 1, 1, 1, 1, 1, 0, 1, 1, 1, 1, 0, 1, 1, 1, 1, 0, 1, 1, 1, 1, 1, 1, 1, 1, 1, 0, 1, 1, 1, 1, 1] 
dagA5.txt 1_4x1.txt True 0.3181818181818182 1 285.25 [1, 1, 1, 0, 1, 1, 0, 0, 1, 1, 0, 1, 1, 0, 1, 0, 0, 1, 1, 1, 1, 1, 1, 1, 1, 1, 1, 1, 0, 0, 1, 1, 1, 1, 0, 1, 1, 1, 1, 1, 1, 1, 0, 1, 0, 1, 1, 1, 1, 1] 
dagA5.txt 3_2x2.txt True 0.032467532467532464 0.07 441.0 [0, 0, 0, 0, 0, 0, 0, 0, 0, 0, 0, 0, 0, 0, 0, 0, 0, 0, 0, 0, 0, 0, 0, 0, 0, 1, 0, 0, 0, 0, 0, 0, 0, 0, 0, 0, 0, 0, 0, 0, 0, 0, 1, 0, 0, 0, 0, 0, 0, 0] 
dagA5.txt 3_2x2.txt True 0.07142857142857142 0.08 419.6666666666667 [0, 0, 2, 0, 0, 0, 0, 0, 0, 0, 0, 0, 0, 0, 0, 0, 0, 0, 0, 0, 0, 0, 0, 0, 2, 1, 0, 0, 0, 0, 0, 0, 0, 0, 0, 0, 0, 0, 0, 0, 0, 0, 1, 0, 0, 0, 0, 0, 0, 0] 
dagA5.txt 3_2x2.txt True 0.07142857142857142 0.09 419.6666666666667 [0, 0, 2, 0, 0, 0, 0, 0, 0, 0, 0, 0, 0, 0, 0, 0, 0, 0, 0, 0, 0, 0, 0, 0, 2, 1, 0, 0, 0, 0, 0, 0, 0, 0, 0, 0, 0, 0, 0, 0, 0, 0, 1, 0, 0, 0, 0, 0, 0, 0] 
dagA5.txt 3_2x2.txt True 0.09740259740259741 0.1 411.0 [0, 0, 0, 0, 0, 0, 0, 0, 0, 0, 0, 0, 0, 0, 0, 0, 0, 0, 0, 0, 0, 0, 0, 0, 0, 0, 0, 0, 0, 0, 0, 0, 0, 3, 0, 0, 0, 2, 1, 3, 0, 0, 0, 0, 0, 0, 3, 0, 0, 0] 
dagA5.txt 3_2x2.txt True 0.09740259740259741 0.11 411.0 [0, 0, 0, 0, 0, 0, 0, 0, 0, 0, 0, 0, 0, 0, 0, 0, 0, 0, 0, 0, 0, 0, 0, 0, 0, 0, 0, 0, 0, 0, 0, 0, 0, 3, 0, 0, 0, 2, 1, 3, 0, 0, 0, 0, 0, 0, 3, 0, 0, 0] 
dagA5.txt 3_2x2.txt True 0.09740259740259741 0.12 411.0 [0, 0, 0, 0, 0, 0, 0, 0, 0, 0, 0, 0, 0, 0, 0, 0, 0, 0, 0, 0, 0, 0, 0, 0, 0, 0, 0, 0, 0, 0, 0, 0, 0, 3, 0, 0, 0, 2, 1, 3, 0, 0, 0, 0, 0, 0, 3, 0, 0, 0] 
dagA5.txt 3_2x2.txt True 0.08441558441558442 0.13 428.0 [2, 2, 2, 2, 2, 2, 2, 2, 2, 2, 2, 2, 2, 2, 2, 2, 2, 2, 2, 2, 2, 2, 2, 2, 2, 2, 2, 2, 2, 2, 2, 0, 2, 2, 2, 2, 2, 2, 2, 3, 2, 2, 2, 2, 2, 2, 2, 2, 3, 0] 
dagA5.txt 3_2x2.txt True 0.08441558441558442 0.14 428.0 [2, 2, 2, 2, 2, 2, 2, 2, 2, 2, 2, 2, 2, 2, 2, 2, 2, 2, 2, 2, 2, 2, 2, 2, 2, 2, 2, 2, 2, 2, 2, 0, 2, 2, 2, 2, 2, 2, 2, 3, 2, 2, 2, 2, 2, 2, 2, 2, 3, 0] 
dagA5.txt 3_2x2.txt True 0.08441558441558442 0.15 428.0 [2, 2, 2, 2, 2, 2, 2, 2, 2, 2, 2, 2, 2, 2, 2, 2, 2, 2, 2, 2, 2, 2, 2, 2, 2, 2, 2, 2, 2, 2, 2, 0, 2, 2, 2, 2, 2, 2, 2, 3, 2, 2, 2, 2, 2, 2, 2, 2, 3, 0] 
dagA5.txt 3_2x2.txt True 0.08441558441558442 0.16 428.0 [2, 2, 2, 2, 2, 2, 2, 2, 2, 2, 2, 2, 2, 2, 2, 2, 2, 2, 2, 2, 2, 2, 2, 2, 2, 2, 2, 2, 2, 2, 2, 0, 2, 2, 2, 2, 2, 2, 2, 3, 2, 2, 2, 2, 2, 2, 2, 2, 3, 0] 
dagA5.txt 3_2x2.txt True 0.08441558441558442 0.17 428.0 [2, 2, 2, 2, 2, 2, 2, 2, 2, 2, 2, 2, 2, 2, 2, 2, 2, 2, 2, 2, 2, 2, 2, 2, 2, 2, 2, 2, 2, 2, 2, 0, 2, 2, 2, 2, 2, 2, 2, 3, 2, 2, 2, 2, 2, 2, 2, 2, 3, 0] 
dagA5.txt 3_2x2.txt True 0.08441558441558442 0.18 428.0 [2, 2, 2, 2, 2, 2, 2, 2, 2, 2, 2, 2, 2, 2, 2, 2, 2, 2, 2, 2, 2, 2, 2, 2, 2, 2, 2, 2, 2, 2, 2, 0, 2, 2, 2, 2, 2, 2, 2, 3, 2, 2, 2, 2, 2, 2, 2, 2, 3, 0] 
dagA5.txt 3_2x2.txt True 0.08441558441558442 0.19 428.0 [2, 2, 2, 2, 2, 2, 2, 2, 2, 2, 2, 2, 2, 2, 2, 2, 2, 2, 2, 2, 2, 2, 2, 2, 2, 2, 2, 2, 2, 2, 2, 0, 2, 2, 2, 2, 2, 2, 2, 3, 2, 2, 2, 2, 2, 2, 2, 2, 3, 0] 
dagA5.txt 3_2x2.txt True 0.08441558441558442 0.2 428.0 [2, 2, 2, 2, 2, 2, 2, 2, 2, 2, 2, 2, 2, 2, 2, 2, 2, 2, 2, 2, 2, 2, 2, 2, 2, 2, 2, 2, 2, 2, 2, 0, 2, 2, 2, 2, 2, 2, 2, 3, 2, 2, 2, 2, 2, 2, 2, 2, 3, 0] 
dagA5.txt 3_2x2.txt True 0.08441558441558442 0.25 428.0 [2, 2, 2, 2, 2, 2, 2, 2, 2, 2, 2, 2, 2, 2, 2, 2, 2, 2, 2, 2, 2, 2, 2, 2, 2, 2, 2, 2, 2, 2, 2, 0, 2, 2, 2, 2, 2, 2, 2, 3, 2, 2, 2, 2, 2, 2, 2, 2, 3, 0] 
dagA5.txt 3_2x2.txt True 0.08441558441558442 0.3 428.0 [2, 2, 2, 2, 2, 2, 2, 2, 2, 2, 2, 2, 2, 2, 2, 2, 2, 2, 2, 2, 2, 2, 2, 2, 2, 2, 2, 2, 2, 2, 2, 0, 2, 2, 2, 2, 2, 2, 2, 3, 2, 2, 2, 2, 2, 2, 2, 2, 3, 0] 
dagA5.txt 3_2x2.txt True 0.08441558441558442 0.35 428.0 [2, 2, 2, 2, 2, 2, 2, 2, 2, 2, 2, 2, 2, 2, 2, 2, 2, 2, 2, 2, 2, 2, 2, 2, 2, 2, 2, 2, 2, 2, 2, 0, 2, 2, 2, 2, 2, 2, 2, 3, 2, 2, 2, 2, 2, 2, 2, 2, 3, 0] 
dagA5.txt 3_2x2.txt True 0.08441558441558442 0.4 428.0 [2, 2, 2, 2, 2, 2, 2, 2, 2, 2, 2, 2, 2, 2, 2, 2, 2, 2, 2, 2, 2, 2, 2, 2, 2, 2, 2, 2, 2, 2, 2, 0, 2, 2, 2, 2, 2, 2, 2, 3, 2, 2, 2, 2, 2, 2, 2, 2, 3, 0] 
dagA5.txt 3_2x2.txt True 0.08441558441558442 0.45 428.0 [2, 2, 2, 2, 2, 2, 2, 2, 2, 2, 2, 2, 2, 2, 2, 2, 2, 2, 2, 2, 2, 2, 2, 2, 2, 2, 2, 2, 2, 2, 2, 0, 2, 2, 2, 2, 2, 2, 2, 3, 2, 2, 2, 2, 2, 2, 2, 2, 3, 0] 
dagA5.txt 3_2x2.txt True 0.35714285714285715 0.5 242.66666666666666 [0, 2, 2, 2, 1, 1, 2, 1, 2, 2, 2, 1, 0, 2, 1, 2, 0, 2, 2, 0, 2, 2, 2, 2, 2, 1, 1, 0, 2, 2, 2, 2, 2, 2, 2, 1, 0, 2, 1, 1, 1, 2, 1, 0, 2, 1, 0, 2, 0, 0] 
dagA5.txt 3_2x2.txt True 0.35714285714285715 0.55 242.66666666666666 [0, 2, 2, 2, 1, 1, 2, 1, 2, 2, 2, 1, 0, 2, 1, 2, 0, 2, 2, 0, 2, 2, 2, 2, 2, 1, 1, 0, 2, 2, 2, 2, 2, 2, 2, 1, 0, 2, 1, 1, 1, 2, 1, 0, 2, 1, 0, 2, 0, 0] 
dagA5.txt 3_2x2.txt True 0.35714285714285715 0.6 242.66666666666666 [0, 2, 2, 2, 1, 1, 2, 1, 2, 2, 2, 1, 0, 2, 1, 2, 0, 2, 2, 0, 2, 2, 2, 2, 2, 1, 1, 0, 2, 2, 2, 2, 2, 2, 2, 1, 0, 2, 1, 1, 1, 2, 1, 0, 2, 1, 0, 2, 0, 0] 
dagA5.txt 3_2x2.txt True 0.474025974025974 0.65 190.5 [1, 3, 2, 3, 3, 0, 3, 1, 0, 1, 3, 1, 0, 0, 3, 3, 3, 1, 3, 3, 1, 0, 0, 3, 2, 2, 0, 2, 3, 3, 0, 1, 0, 1, 3, 2, 0, 3, 1, 1, 0, 1, 2, 2, 1, 2, 0, 0, 0, 1] 
dagA5.txt 3_2x2.txt True 0.474025974025974 0.7 190.5 [1, 3, 2, 3, 3, 0, 3, 1, 0, 1, 3, 1, 0, 0, 3, 3, 3, 1, 3, 3, 1, 0, 0, 3, 2, 2, 0, 2, 3, 3, 0, 1, 0, 1, 3, 2, 0, 3, 1, 1, 0, 1, 2, 2, 1, 2, 0, 0, 0, 1] 
dagA5.txt 3_2x2.txt True 0.512987012987013 0.75 179.0 [2, 2, 0, 3, 3, 2, 3, 1, 3, 0, 3, 0, 2, 0, 2, 3, 2, 1, 3, 2, 1, 0, 3, 3, 0, 0, 0, 2, 2, 3, 2, 1, 1, 1, 3, 1, 3, 3, 1, 0, 0, 1, 1, 2, 0, 1, 2, 0, 2, 1] 
dagA5.txt 3_2x2.txt True 0.5064935064935064 0.8 147.66666666666666 [2, 1, 1, 0, 0, 1, 2, 0, 0, 0, 0, 2, 2, 1, 0, 2, 2, 0, 0, 0, 0, 1, 0, 2, 1, 2, 1, 3, 2, 0, 1, 0, 0, 3, 0, 3, 2, 3, 3, 0, 1, 0, 2, 3, 2, 3, 2, 1, 2, 2] 
dagA5.txt 3_2x2.txt True 0.512987012987013 0.85 149.33333333333334 [2, 1, 1, 0, 0, 2, 0, 0, 2, 0, 0, 0, 3, 1, 2, 2, 1, 2, 0, 2, 2, 1, 3, 0, 1, 0, 2, 3, 1, 2, 2, 3, 3, 2, 0, 1, 3, 0, 0, 0, 2, 3, 0, 2, 0, 1, 3, 2, 2, 1] 
dagA5.txt 3_2x2.txt True 0.4805194805194805 0.9 143.5 [2, 1, 1, 1, 2, 0, 3, 3, 0, 3, 3, 2, 0, 1, 2, 2, 2, 1, 1, 2, 3, 1, 0, 0, 1, 2, 0, 2, 2, 2, 1, 0, 0, 3, 1, 3, 0, 0, 3, 3, 0, 0, 3, 2, 3, 2, 0, 1, 0, 2] 
dagA5.txt 3_2x2.txt True 0.525974025974026 0.95 148.0 [0, 0, 0, 0, 1, 3, 0, 2, 1, 2, 0, 2, 2, 0, 1, 0, 2, 3, 0, 3, 3, 0, 1, 0, 0, 2, 3, 3, 2, 1, 0, 1, 1, 3, 0, 2, 3, 0, 2, 2, 3, 1, 2, 3, 2, 2, 3, 3, 1, 2] 
dagA5.txt 3_2x2.txt True 0.4935064935064935 1 148.0 [2, 0, 0, 0, 2, 0, 1, 1, 3, 1, 1, 2, 3, 0, 1, 2, 0, 3, 0, 0, 3, 0, 0, 2, 0, 2, 0, 2, 0, 2, 0, 3, 3, 1, 0, 3, 3, 0, 1, 1, 0, 3, 2, 2, 1, 2, 3, 3, 1, 2] 
dagA5.txt 1_4x4.txt True 0.032467532467532464 0.07 330.75 [7, 7, 7, 7, 7, 7, 7, 7, 7, 7, 7, 7, 7, 7, 7, 7, 7, 7, 7, 7, 7, 7, 7, 7, 7, 3, 7, 7, 7, 7, 7, 7, 7, 7, 7, 7, 7, 7, 7, 7, 7, 7, 3, 7, 7, 7, 7, 7, 7, 7] 
dagA5.txt 1_4x4.txt True 0.07142857142857142 0.08 314.75 [1, 1, 7, 1, 1, 1, 1, 1, 1, 1, 1, 1, 1, 1, 1, 1, 1, 1, 1, 1, 1, 1, 1, 1, 7, 3, 1, 1, 1, 1, 1, 1, 1, 1, 1, 1, 1, 1, 1, 1, 1, 1, 3, 1, 1, 1, 1, 1, 1, 1] 
dagA5.txt 1_4x4.txt True 0.07142857142857142 0.09 314.75 [1, 1, 7, 1, 1, 1, 1, 1, 1, 1, 1, 1, 1, 1, 1, 1, 1, 1, 1, 1, 1, 1, 1, 1, 7, 3, 1, 1, 1, 1, 1, 1, 1, 1, 1, 1, 1, 1, 1, 1, 1, 1, 3, 1, 1, 1, 1, 1, 1, 1] 
dagA5.txt 1_4x4.txt True 0.09740259740259741 0.1 308.25 [1, 1, 1, 1, 1, 1, 1, 1, 1, 1, 1, 1, 1, 1, 1, 1, 1, 1, 1, 1, 1, 1, 1, 1, 1, 1, 1, 1, 1, 1, 1, 1, 1, 6, 1, 1, 1, 5, 3, 7, 1, 1, 1, 1, 1, 1, 7, 1, 1, 1] 
dagA5.txt 1_4x4.txt True 0.09740259740259741 0.11 308.25 [1, 1, 1, 1, 1, 1, 1, 1, 1, 1, 1, 1, 1, 1, 1, 1, 1, 1, 1, 1, 1, 1, 1, 1, 1, 1, 1, 1, 1, 1, 1, 1, 1, 6, 1, 1, 1, 5, 3, 7, 1, 1, 1, 1, 1, 1, 7, 1, 1, 1] 
dagA5.txt 1_4x4.txt True 0.09740259740259741 0.12 308.25 [1, 1, 1, 1, 1, 1, 1, 1, 1, 1, 1, 1, 1, 1, 1, 1, 1, 1, 1, 1, 1, 1, 1, 1, 1, 1, 1, 1, 1, 1, 1, 1, 1, 6, 1, 1, 1, 5, 3, 7, 1, 1, 1, 1, 1, 1, 7, 1, 1, 1] 
dagA5.txt 1_4x4.txt True 0.11688311688311688 0.13 305.75 [3, 3, 3, 3, 3, 3, 3, 3, 3, 3, 3, 3, 3, 3, 3, 3, 3, 3, 3, 3, 3, 3, 3, 3, 3, 3, 3, 3, 3, 3, 3, 1, 3, 3, 3, 7, 3, 3, 3, 5, 3, 3, 3, 3, 3, 7, 3, 3, 5, 1] 
dagA5.txt 1_4x4.txt True 0.11688311688311688 0.14 305.75 [3, 3, 3, 3, 3, 3, 3, 3, 3, 3, 3, 3, 3, 3, 3, 3, 3, 3, 3, 3, 3, 3, 3, 3, 3, 3, 3, 3, 3, 3, 3, 1, 3, 3, 3, 7, 3, 3, 3, 5, 3, 3, 3, 3, 3, 7, 3, 3, 5, 1] 
dagA5.txt 1_4x4.txt True 0.11688311688311688 0.15 305.75 [3, 3, 3, 3, 3, 3, 3, 3, 3, 3, 3, 3, 3, 3, 3, 3, 3, 3, 3, 3, 3, 3, 3, 3, 3, 3, 3, 3, 3, 3, 3, 1, 3, 3, 3, 7, 3, 3, 3, 5, 3, 3, 3, 3, 3, 7, 3, 3, 5, 1] 
dagA5.txt 1_4x4.txt True 0.11688311688311688 0.16 305.75 [3, 3, 3, 3, 3, 3, 3, 3, 3, 3, 3, 3, 3, 3, 3, 3, 3, 3, 3, 3, 3, 3, 3, 3, 3, 3, 3, 3, 3, 3, 3, 1, 3, 3, 3, 7, 3, 3, 3, 5, 3, 3, 3, 3, 3, 7, 3, 3, 5, 1] 
dagA5.txt 1_4x4.txt True 0.11688311688311688 0.17 305.75 [3, 3, 3, 3, 3, 3, 3, 3, 3, 3, 3, 3, 3, 3, 3, 3, 3, 3, 3, 3, 3, 3, 3, 3, 3, 3, 3, 3, 3, 3, 3, 1, 3, 3, 3, 7, 3, 3, 3, 5, 3, 3, 3, 3, 3, 7, 3, 3, 5, 1] 
dagA5.txt 1_4x4.txt True 0.11688311688311688 0.18 305.75 [3, 3, 3, 3, 3, 3, 3, 3, 3, 3, 3, 3, 3, 3, 3, 3, 3, 3, 3, 3, 3, 3, 3, 3, 3, 3, 3, 3, 3, 3, 3, 1, 3, 3, 3, 7, 3, 3, 3, 5, 3, 3, 3, 3, 3, 7, 3, 3, 5, 1] 
dagA5.txt 1_4x4.txt True 0.11688311688311688 0.19 305.75 [3, 3, 3, 3, 3, 3, 3, 3, 3, 3, 3, 3, 3, 3, 3, 3, 3, 3, 3, 3, 3, 3, 3, 3, 3, 3, 3, 3, 3, 3, 3, 1, 3, 3, 3, 7, 3, 3, 3, 5, 3, 3, 3, 3, 3, 7, 3, 3, 5, 1] 
dagA5.txt 1_4x4.txt True 0.11688311688311688 0.2 305.75 [3, 3, 3, 3, 3, 3, 3, 3, 3, 3, 3, 3, 3, 3, 3, 3, 3, 3, 3, 3, 3, 3, 3, 3, 3, 3, 3, 3, 3, 3, 3, 1, 3, 3, 3, 7, 3, 3, 3, 5, 3, 3, 3, 3, 3, 7, 3, 3, 5, 1] 
dagA5.txt 1_4x4.txt True 0.11688311688311688 0.25 305.75 [3, 3, 3, 3, 3, 3, 3, 3, 3, 3, 3, 3, 3, 3, 3, 3, 3, 3, 3, 3, 3, 3, 3, 3, 3, 3, 3, 3, 3, 3, 3, 1, 3, 3, 3, 7, 3, 3, 3, 5, 3, 3, 3, 3, 3, 7, 3, 3, 5, 1] 
dagA5.txt 1_4x4.txt True 0.11688311688311688 0.3 305.75 [3, 3, 3, 3, 3, 3, 3, 3, 3, 3, 3, 3, 3, 3, 3, 3, 3, 3, 3, 3, 3, 3, 3, 3, 3, 3, 3, 3, 3, 3, 3, 1, 3, 3, 3, 7, 3, 3, 3, 5, 3, 3, 3, 3, 3, 7, 3, 3, 5, 1] 
dagA5.txt 1_4x4.txt True 0.11688311688311688 0.35 305.75 [3, 3, 3, 3, 3, 3, 3, 3, 3, 3, 3, 3, 3, 3, 3, 3, 3, 3, 3, 3, 3, 3, 3, 3, 3, 3, 3, 3, 3, 3, 3, 1, 3, 3, 3, 7, 3, 3, 3, 5, 3, 3, 3, 3, 3, 7, 3, 3, 5, 1] 
dagA5.txt 1_4x4.txt True 0.11688311688311688 0.4 305.75 [3, 3, 3, 3, 3, 3, 3, 3, 3, 3, 3, 3, 3, 3, 3, 3, 3, 3, 3, 3, 3, 3, 3, 3, 3, 3, 3, 3, 3, 3, 3, 1, 3, 3, 3, 7, 3, 3, 3, 5, 3, 3, 3, 3, 3, 7, 3, 3, 5, 1] 
dagA5.txt 1_4x4.txt True 0.11688311688311688 0.45 305.75 [3, 3, 3, 3, 3, 3, 3, 3, 3, 3, 3, 3, 3, 3, 3, 3, 3, 3, 3, 3, 3, 3, 3, 3, 3, 3, 3, 3, 3, 3, 3, 1, 3, 3, 3, 7, 3, 3, 3, 5, 3, 3, 3, 3, 3, 7, 3, 3, 5, 1] 
dagA5.txt 1_4x4.txt True 0.34415584415584416 0.5 170.25 [1, 5, 5, 5, 1, 1, 5, 1, 5, 5, 5, 1, 0, 5, 1, 5, 1, 5, 5, 1, 5, 5, 5, 5, 5, 3, 1, 1, 5, 5, 5, 5, 5, 5, 5, 1, 0, 7, 1, 1, 1, 5, 3, 1, 5, 1, 0, 5, 0, 1] 
dagA5.txt 1_4x4.txt True 0.34415584415584416 0.55 170.25 [1, 5, 5, 5, 1, 1, 5, 1, 5, 5, 5, 1, 0, 5, 1, 5, 1, 5, 5, 1, 5, 5, 5, 5, 5, 3, 1, 1, 5, 5, 5, 5, 5, 5, 5, 1, 0, 7, 1, 1, 1, 5, 3, 1, 5, 1, 0, 5, 0, 1] 
dagA5.txt 1_4x4.txt True 0.34415584415584416 0.6 170.25 [1, 5, 5, 5, 1, 1, 5, 1, 5, 5, 5, 1, 0, 5, 1, 5, 1, 5, 5, 1, 5, 5, 5, 5, 5, 3, 1, 1, 5, 5, 5, 5, 5, 5, 5, 1, 0, 7, 1, 1, 1, 5, 3, 1, 5, 1, 0, 5, 0, 1] 
dagA5.txt 1_4x4.txt True 0.5324675324675324 0.65 91.25 [2, 7, 4, 7, 7, 3, 7, 5, 1, 5, 1, 3, 1, 3, 7, 7, 7, 5, 7, 7, 5, 3, 1, 7, 4, 1, 3, 5, 7, 7, 3, 3, 1, 5, 7, 5, 1, 7, 3, 5, 3, 3, 1, 5, 5, 5, 1, 3, 3, 3] 
dagA5.txt 1_4x4.txt True 0.5324675324675324 0.7 91.25 [2, 7, 4, 7, 7, 3, 7, 5, 1, 5, 1, 3, 1, 3, 7, 7, 7, 5, 7, 7, 5, 3, 1, 7, 4, 1, 3, 5, 7, 7, 3, 3, 1, 5, 7, 5, 1, 7, 3, 5, 3, 3, 1, 5, 5, 5, 1, 3, 3, 3] 
dagA5.txt 1_4x4.txt True 0.564935064935065 0.75 96.0 [1, 1, 1, 5, 5, 7, 5, 3, 5, 3, 5, 1, 7, 1, 7, 5, 1, 3, 5, 1, 3, 3, 5, 5, 1, 1, 3, 7, 1, 5, 6, 3, 3, 3, 5, 0, 5, 5, 3, 3, 3, 3, 0, 6, 3, 0, 7, 3, 7, 2] 
dagA5.txt 1_4x4.txt True 0.6753246753246753 0.8 86.5 [5, 7, 3, 1, 1, 3, 7, 7, 5, 7, 1, 3, 5, 7, 3, 7, 0, 7, 1, 3, 7, 3, 1, 7, 7, 1, 3, 1, 0, 1, 2, 4, 4, 5, 1, 6, 5, 7, 7, 7, 3, 5, 1, 6, 0, 1, 5, 2, 5, 3] 
dagA5.txt 1_4x4.txt True 0.6168831168831169 0.85 76.5 [2, 6, 6, 1, 7, 3, 3, 5, 1, 7, 3, 5, 3, 5, 5, 1, 7, 1, 1, 7, 1, 3, 1, 7, 5, 7, 3, 7, 7, 5, 3, 1, 1, 1, 1, 7, 3, 0, 5, 5, 3, 1, 4, 7, 4, 7, 3, 3, 3, 5] 
dagA5.txt 1_4x4.txt True 0.7077922077922078 0.9 78.0 [3, 4, 1, 7, 1, 5, 3, 1, 7, 3, 3, 0, 7, 3, 5, 1, 5, 5, 1, 5, 1, 5, 1, 6, 3, 3, 5, 1, 5, 5, 5, 7, 7, 5, 7, 2, 7, 7, 1, 3, 5, 3, 2, 1, 3, 1, 7, 5, 7, 0] 
dagA5.txt 1_4x4.txt True 0.7532467532467533 0.95 76.75 [3, 3, 3, 1, 2, 1, 1, 0, 1, 3, 0, 6, 5, 0, 3, 1, 7, 7, 3, 1, 7, 7, 7, 1, 1, 5, 7, 5, 7, 2, 7, 4, 4, 7, 0, 3, 4, 3, 1, 3, 2, 1, 6, 5, 3, 7, 5, 7, 5, 5] 
dagA5.txt 1_4x4.txt True 0.7142857142857143 1 76.5 [5, 1, 5, 6, 7, 7, 5, 3, 3, 1, 1, 7, 2, 6, 5, 0, 0, 4, 5, 7, 4, 7, 3, 1, 1, 7, 7, 1, 0, 1, 7, 3, 3, 5, 6, 3, 2, 5, 5, 1, 7, 3, 3, 1, 4, 0, 2, 7, 5, 3] 
dagA5.txt 1_4x2.txt True 0.032467532467532464 0.07 330.75 [3, 3, 3, 3, 3, 3, 3, 3, 3, 3, 3, 3, 3, 3, 3, 3, 3, 3, 3, 3, 3, 3, 3, 3, 3, 1, 3, 3, 3, 3, 3, 3, 3, 3, 3, 3, 3, 3, 3, 3, 3, 3, 1, 3, 3, 3, 3, 3, 3, 3] 
dagA5.txt 1_4x2.txt True 0.07142857142857142 0.08 314.75 [3, 3, 2, 3, 3, 3, 3, 3, 3, 3, 3, 3, 3, 3, 3, 3, 3, 3, 3, 3, 3, 3, 3, 3, 2, 1, 3, 3, 3, 3, 3, 3, 3, 3, 3, 3, 3, 3, 3, 3, 3, 3, 1, 3, 3, 3, 3, 3, 3, 3] 
dagA5.txt 1_4x2.txt True 0.07142857142857142 0.09 314.75 [3, 3, 2, 3, 3, 3, 3, 3, 3, 3, 3, 3, 3, 3, 3, 3, 3, 3, 3, 3, 3, 3, 3, 3, 2, 1, 3, 3, 3, 3, 3, 3, 3, 3, 3, 3, 3, 3, 3, 3, 3, 3, 1, 3, 3, 3, 3, 3, 3, 3] 
dagA5.txt 1_4x2.txt True 0.07142857142857142 0.1 317.5 [1, 1, 1, 1, 1, 1, 1, 1, 1, 1, 1, 1, 1, 1, 1, 1, 1, 1, 1, 1, 1, 1, 1, 1, 1, 1, 1, 1, 1, 1, 1, 1, 1, 3, 1, 1, 1, 2, 1, 3, 1, 1, 1, 1, 1, 1, 3, 1, 1, 1] 
dagA5.txt 1_4x2.txt True 0.07142857142857142 0.11 317.5 [1, 1, 1, 1, 1, 1, 1, 1, 1, 1, 1, 1, 1, 1, 1, 1, 1, 1, 1, 1, 1, 1, 1, 1, 1, 1, 1, 1, 1, 1, 1, 1, 1, 3, 1, 1, 1, 2, 1, 3, 1, 1, 1, 1, 1, 1, 3, 1, 1, 1] 
dagA5.txt 1_4x2.txt True 0.07142857142857142 0.12 317.5 [1, 1, 1, 1, 1, 1, 1, 1, 1, 1, 1, 1, 1, 1, 1, 1, 1, 1, 1, 1, 1, 1, 1, 1, 1, 1, 1, 1, 1, 1, 1, 1, 1, 3, 1, 1, 1, 2, 1, 3, 1, 1, 1, 1, 1, 1, 3, 1, 1, 1] 
dagA5.txt 1_4x2.txt True 0.11688311688311688 0.13 305.75 [1, 1, 1, 1, 1, 1, 1, 1, 1, 1, 1, 1, 1, 1, 1, 1, 1, 1, 1, 1, 1, 1, 1, 1, 1, 1, 1, 1, 1, 1, 1, 0, 1, 1, 1, 2, 1, 1, 1, 3, 1, 1, 1, 1, 1, 2, 1, 1, 3, 0] 
dagA5.txt 1_4x2.txt True 0.11688311688311688 0.14 305.75 [1, 1, 1, 1, 1, 1, 1, 1, 1, 1, 1, 1, 1, 1, 1, 1, 1, 1, 1, 1, 1, 1, 1, 1, 1, 1, 1, 1, 1, 1, 1, 0, 1, 1, 1, 2, 1, 1, 1, 3, 1, 1, 1, 1, 1, 2, 1, 1, 3, 0] 
dagA5.txt 1_4x2.txt True 0.11688311688311688 0.15 305.75 [1, 1, 1, 1, 1, 1, 1, 1, 1, 1, 1, 1, 1, 1, 1, 1, 1, 1, 1, 1, 1, 1, 1, 1, 1, 1, 1, 1, 1, 1, 1, 0, 1, 1, 1, 2, 1, 1, 1, 3, 1, 1, 1, 1, 1, 2, 1, 1, 3, 0] 
dagA5.txt 1_4x2.txt True 0.11688311688311688 0.16 305.75 [1, 1, 1, 1, 1, 1, 1, 1, 1, 1, 1, 1, 1, 1, 1, 1, 1, 1, 1, 1, 1, 1, 1, 1, 1, 1, 1, 1, 1, 1, 1, 0, 1, 1, 1, 2, 1, 1, 1, 3, 1, 1, 1, 1, 1, 2, 1, 1, 3, 0] 
dagA5.txt 1_4x2.txt True 0.11688311688311688 0.17 305.75 [1, 1, 1, 1, 1, 1, 1, 1, 1, 1, 1, 1, 1, 1, 1, 1, 1, 1, 1, 1, 1, 1, 1, 1, 1, 1, 1, 1, 1, 1, 1, 0, 1, 1, 1, 2, 1, 1, 1, 3, 1, 1, 1, 1, 1, 2, 1, 1, 3, 0] 
dagA5.txt 1_4x2.txt True 0.11688311688311688 0.18 305.75 [1, 1, 1, 1, 1, 1, 1, 1, 1, 1, 1, 1, 1, 1, 1, 1, 1, 1, 1, 1, 1, 1, 1, 1, 1, 1, 1, 1, 1, 1, 1, 0, 1, 1, 1, 2, 1, 1, 1, 3, 1, 1, 1, 1, 1, 2, 1, 1, 3, 0] 
dagA5.txt 1_4x2.txt True 0.11688311688311688 0.19 305.75 [1, 1, 1, 1, 1, 1, 1, 1, 1, 1, 1, 1, 1, 1, 1, 1, 1, 1, 1, 1, 1, 1, 1, 1, 1, 1, 1, 1, 1, 1, 1, 0, 1, 1, 1, 2, 1, 1, 1, 3, 1, 1, 1, 1, 1, 2, 1, 1, 3, 0] 
dagA5.txt 1_4x2.txt True 0.11688311688311688 0.2 305.75 [1, 1, 1, 1, 1, 1, 1, 1, 1, 1, 1, 1, 1, 1, 1, 1, 1, 1, 1, 1, 1, 1, 1, 1, 1, 1, 1, 1, 1, 1, 1, 0, 1, 1, 1, 2, 1, 1, 1, 3, 1, 1, 1, 1, 1, 2, 1, 1, 3, 0] 
dagA5.txt 1_4x2.txt True 0.11688311688311688 0.25 305.75 [1, 1, 1, 1, 1, 1, 1, 1, 1, 1, 1, 1, 1, 1, 1, 1, 1, 1, 1, 1, 1, 1, 1, 1, 1, 1, 1, 1, 1, 1, 1, 0, 1, 1, 1, 2, 1, 1, 1, 3, 1, 1, 1, 1, 1, 2, 1, 1, 3, 0] 
dagA5.txt 1_4x2.txt True 0.11688311688311688 0.3 305.75 [1, 1, 1, 1, 1, 1, 1, 1, 1, 1, 1, 1, 1, 1, 1, 1, 1, 1, 1, 1, 1, 1, 1, 1, 1, 1, 1, 1, 1, 1, 1, 0, 1, 1, 1, 2, 1, 1, 1, 3, 1, 1, 1, 1, 1, 2, 1, 1, 3, 0] 
dagA5.txt 1_4x2.txt True 0.11688311688311688 0.35 305.75 [1, 1, 1, 1, 1, 1, 1, 1, 1, 1, 1, 1, 1, 1, 1, 1, 1, 1, 1, 1, 1, 1, 1, 1, 1, 1, 1, 1, 1, 1, 1, 0, 1, 1, 1, 2, 1, 1, 1, 3, 1, 1, 1, 1, 1, 2, 1, 1, 3, 0] 
dagA5.txt 1_4x2.txt True 0.11688311688311688 0.4 305.75 [1, 1, 1, 1, 1, 1, 1, 1, 1, 1, 1, 1, 1, 1, 1, 1, 1, 1, 1, 1, 1, 1, 1, 1, 1, 1, 1, 1, 1, 1, 1, 0, 1, 1, 1, 2, 1, 1, 1, 3, 1, 1, 1, 1, 1, 2, 1, 1, 3, 0] 
dagA5.txt 1_4x2.txt True 0.11688311688311688 0.45 305.75 [1, 1, 1, 1, 1, 1, 1, 1, 1, 1, 1, 1, 1, 1, 1, 1, 1, 1, 1, 1, 1, 1, 1, 1, 1, 1, 1, 1, 1, 1, 1, 0, 1, 1, 1, 2, 1, 1, 1, 3, 1, 1, 1, 1, 1, 2, 1, 1, 3, 0] 
dagA5.txt 1_4x2.txt True 0.3246753246753247 0.5 170.25 [1, 3, 3, 3, 1, 1, 3, 1, 3, 3, 3, 1, 0, 3, 1, 3, 1, 3, 3, 1, 3, 3, 3, 3, 3, 1, 1, 1, 3, 3, 3, 3, 3, 3, 3, 1, 0, 2, 1, 1, 1, 3, 1, 1, 3, 1, 0, 3, 0, 1] 
dagA5.txt 1_4x2.txt True 0.3246753246753247 0.55 170.25 [1, 3, 3, 3, 1, 1, 3, 1, 3, 3, 3, 1, 0, 3, 1, 3, 1, 3, 3, 1, 3, 3, 3, 3, 3, 1, 1, 1, 3, 3, 3, 3, 3, 3, 3, 1, 0, 2, 1, 1, 1, 3, 1, 1, 3, 1, 0, 3, 0, 1] 
dagA5.txt 1_4x2.txt True 0.3246753246753247 0.6 170.25 [1, 3, 3, 3, 1, 1, 3, 1, 3, 3, 3, 1, 0, 3, 1, 3, 1, 3, 3, 1, 3, 3, 3, 3, 3, 1, 1, 1, 3, 3, 3, 3, 3, 3, 3, 1, 0, 2, 1, 1, 1, 3, 1, 1, 3, 1, 0, 3, 0, 1] 
dagA5.txt 1_4x2.txt True 0.38311688311688313 0.65 153.0 [1, 3, 2, 3, 3, 3, 3, 1, 0, 1, 3, 1, 0, 3, 3, 3, 3, 1, 3, 3, 1, 3, 1, 3, 2, 1, 3, 1, 3, 3, 3, 1, 1, 1, 3, 1, 0, 3, 1, 1, 3, 1, 1, 2, 1, 1, 0, 3, 3, 1] 
dagA5.txt 1_4x2.txt True 0.38311688311688313 0.7 153.0 [1, 3, 2, 3, 3, 3, 3, 1, 0, 1, 3, 1, 0, 3, 3, 3, 3, 1, 3, 3, 1, 3, 1, 3, 2, 1, 3, 1, 3, 3, 3, 1, 1, 1, 3, 1, 0, 3, 1, 1, 3, 1, 1, 2, 1, 1, 0, 3, 3, 1] 
dagA5.txt 1_4x2.txt True 0.44805194805194803 0.75 143.25 [1, 1, 1, 3, 3, 1, 3, 3, 3, 0, 3, 0, 1, 1, 1, 3, 1, 3, 3, 1, 3, 1, 3, 3, 1, 0, 1, 2, 1, 3, 2, 3, 3, 3, 3, 1, 3, 3, 3, 0, 1, 3, 1, 2, 0, 1, 2, 1, 1, 1] 
dagA5.txt 1_4x2.txt True 0.5844155844155844 0.8 143.0 [2, 3, 1, 1, 3, 1, 3, 3, 1, 3, 1, 1, 1, 3, 0, 3, 2, 3, 1, 0, 3, 1, 0, 3, 3, 1, 1, 3, 2, 3, 1, 0, 0, 3, 1, 3, 2, 3, 3, 3, 1, 1, 1, 3, 2, 3, 1, 1, 2, 1] 
dagA5.txt 1_4x2.txt True 0.5 0.85 148.0 [2, 1, 1, 1, 3, 1, 0, 1, 3, 3, 0, 3, 3, 1, 1, 3, 1, 1, 1, 3, 1, 1, 3, 3, 1, 3, 1, 3, 1, 1, 2, 3, 3, 1, 1, 1, 3, 0, 3, 1, 1, 3, 0, 3, 0, 1, 3, 2, 2, 1] 
dagA5.txt 1_4x2.txt True 0.44805194805194803 0.9 147.5 [1, 1, 1, 1, 3, 3, 3, 3, 1, 3, 3, 2, 0, 1, 3, 3, 1, 1, 1, 1, 3, 3, 1, 3, 1, 3, 3, 2, 1, 3, 1, 1, 1, 3, 1, 3, 0, 1, 3, 3, 3, 1, 3, 2, 3, 2, 0, 1, 0, 1] 
dagA5.txt 1_4x2.txt True 0.5584415584415584 0.95 143.25 [3, 1, 1, 1, 1, 3, 0, 2, 1, 1, 0, 2, 3, 0, 1, 0, 3, 3, 1, 3, 3, 3, 1, 1, 3, 3, 3, 3, 3, 1, 0, 1, 1, 3, 0, 2, 3, 1, 3, 1, 3, 1, 2, 3, 2, 3, 3, 3, 1, 1] 
dagA5.txt 1_4x2.txt True 0.564935064935065 1 148.5 [3, 1, 1, 1, 3, 3, 1, 1, 3, 1, 1, 3, 3, 0, 1, 2, 0, 3, 1, 3, 3, 3, 3, 1, 1, 3, 0, 1, 0, 2, 0, 3, 3, 1, 0, 3, 3, 1, 1, 1, 0, 3, 2, 2, 1, 2, 3, 3, 1, 3] 
dagA5.txt 1_4x3.txt True 0.032467532467532464 0.07 330.75 [5, 5, 5, 5, 5, 5, 5, 5, 5, 5, 5, 5, 5, 5, 5, 5, 5, 5, 5, 5, 5, 5, 5, 5, 5, 2, 5, 5, 5, 5, 5, 5, 5, 5, 5, 5, 5, 5, 5, 5, 5, 5, 2, 5, 5, 5, 5, 5, 5, 5] 
dagA5.txt 1_4x3.txt True 0.07142857142857142 0.08 314.75 [1, 1, 5, 1, 1, 1, 1, 1, 1, 1, 1, 1, 1, 1, 1, 1, 1, 1, 1, 1, 1, 1, 1, 1, 5, 2, 1, 1, 1, 1, 1, 1, 1, 1, 1, 1, 1, 1, 1, 1, 1, 1, 2, 1, 1, 1, 1, 1, 1, 1] 
dagA5.txt 1_4x3.txt True 0.07142857142857142 0.09 314.75 [1, 1, 5, 1, 1, 1, 1, 1, 1, 1, 1, 1, 1, 1, 1, 1, 1, 1, 1, 1, 1, 1, 1, 1, 5, 2, 1, 1, 1, 1, 1, 1, 1, 1, 1, 1, 1, 1, 1, 1, 1, 1, 2, 1, 1, 1, 1, 1, 1, 1] 
dagA5.txt 1_4x3.txt True 0.09740259740259741 0.1 308.25 [1, 1, 1, 1, 1, 1, 1, 1, 1, 1, 1, 1, 1, 1, 1, 1, 1, 1, 1, 1, 1, 1, 1, 1, 1, 1, 1, 1, 1, 1, 1, 1, 1, 4, 1, 1, 1, 5, 2, 5, 1, 1, 1, 1, 1, 1, 5, 1, 1, 1] 
dagA5.txt 1_4x3.txt True 0.09740259740259741 0.11 308.25 [1, 1, 1, 1, 1, 1, 1, 1, 1, 1, 1, 1, 1, 1, 1, 1, 1, 1, 1, 1, 1, 1, 1, 1, 1, 1, 1, 1, 1, 1, 1, 1, 1, 4, 1, 1, 1, 5, 2, 5, 1, 1, 1, 1, 1, 1, 5, 1, 1, 1] 
dagA5.txt 1_4x3.txt True 0.09740259740259741 0.12 308.25 [1, 1, 1, 1, 1, 1, 1, 1, 1, 1, 1, 1, 1, 1, 1, 1, 1, 1, 1, 1, 1, 1, 1, 1, 1, 1, 1, 1, 1, 1, 1, 1, 1, 4, 1, 1, 1, 5, 2, 5, 1, 1, 1, 1, 1, 1, 5, 1, 1, 1] 
dagA5.txt 1_4x3.txt True 0.11688311688311688 0.13 305.75 [1, 1, 1, 1, 1, 1, 1, 1, 1, 1, 1, 1, 1, 1, 1, 1, 1, 1, 1, 1, 1, 1, 1, 1, 1, 1, 1, 1, 1, 1, 1, 2, 1, 1, 1, 4, 1, 1, 1, 5, 1, 1, 1, 1, 1, 4, 1, 1, 5, 2] 
dagA5.txt 1_4x3.txt True 0.11688311688311688 0.14 305.75 [1, 1, 1, 1, 1, 1, 1, 1, 1, 1, 1, 1, 1, 1, 1, 1, 1, 1, 1, 1, 1, 1, 1, 1, 1, 1, 1, 1, 1, 1, 1, 2, 1, 1, 1, 4, 1, 1, 1, 5, 1, 1, 1, 1, 1, 4, 1, 1, 5, 2] 
dagA5.txt 1_4x3.txt True 0.11688311688311688 0.15 305.75 [1, 1, 1, 1, 1, 1, 1, 1, 1, 1, 1, 1, 1, 1, 1, 1, 1, 1, 1, 1, 1, 1, 1, 1, 1, 1, 1, 1, 1, 1, 1, 2, 1, 1, 1, 4, 1, 1, 1, 5, 1, 1, 1, 1, 1, 4, 1, 1, 5, 2] 
dagA5.txt 1_4x3.txt True 0.11688311688311688 0.16 305.75 [1, 1, 1, 1, 1, 1, 1, 1, 1, 1, 1, 1, 1, 1, 1, 1, 1, 1, 1, 1, 1, 1, 1, 1, 1, 1, 1, 1, 1, 1, 1, 2, 1, 1, 1, 4, 1, 1, 1, 5, 1, 1, 1, 1, 1, 4, 1, 1, 5, 2] 
dagA5.txt 1_4x3.txt True 0.11688311688311688 0.17 305.75 [1, 1, 1, 1, 1, 1, 1, 1, 1, 1, 1, 1, 1, 1, 1, 1, 1, 1, 1, 1, 1, 1, 1, 1, 1, 1, 1, 1, 1, 1, 1, 2, 1, 1, 1, 4, 1, 1, 1, 5, 1, 1, 1, 1, 1, 4, 1, 1, 5, 2] 
dagA5.txt 1_4x3.txt True 0.11688311688311688 0.18 305.75 [1, 1, 1, 1, 1, 1, 1, 1, 1, 1, 1, 1, 1, 1, 1, 1, 1, 1, 1, 1, 1, 1, 1, 1, 1, 1, 1, 1, 1, 1, 1, 2, 1, 1, 1, 4, 1, 1, 1, 5, 1, 1, 1, 1, 1, 4, 1, 1, 5, 2] 
dagA5.txt 1_4x3.txt True 0.11688311688311688 0.19 305.75 [1, 1, 1, 1, 1, 1, 1, 1, 1, 1, 1, 1, 1, 1, 1, 1, 1, 1, 1, 1, 1, 1, 1, 1, 1, 1, 1, 1, 1, 1, 1, 2, 1, 1, 1, 4, 1, 1, 1, 5, 1, 1, 1, 1, 1, 4, 1, 1, 5, 2] 
dagA5.txt 1_4x3.txt True 0.11688311688311688 0.2 305.75 [1, 1, 1, 1, 1, 1, 1, 1, 1, 1, 1, 1, 1, 1, 1, 1, 1, 1, 1, 1, 1, 1, 1, 1, 1, 1, 1, 1, 1, 1, 1, 2, 1, 1, 1, 4, 1, 1, 1, 5, 1, 1, 1, 1, 1, 4, 1, 1, 5, 2] 
dagA5.txt 1_4x3.txt True 0.11688311688311688 0.25 305.75 [1, 1, 1, 1, 1, 1, 1, 1, 1, 1, 1, 1, 1, 1, 1, 1, 1, 1, 1, 1, 1, 1, 1, 1, 1, 1, 1, 1, 1, 1, 1, 2, 1, 1, 1, 4, 1, 1, 1, 5, 1, 1, 1, 1, 1, 4, 1, 1, 5, 2] 
dagA5.txt 1_4x3.txt True 0.11688311688311688 0.3 305.75 [1, 1, 1, 1, 1, 1, 1, 1, 1, 1, 1, 1, 1, 1, 1, 1, 1, 1, 1, 1, 1, 1, 1, 1, 1, 1, 1, 1, 1, 1, 1, 2, 1, 1, 1, 4, 1, 1, 1, 5, 1, 1, 1, 1, 1, 4, 1, 1, 5, 2] 
dagA5.txt 1_4x3.txt True 0.11688311688311688 0.35 305.75 [1, 1, 1, 1, 1, 1, 1, 1, 1, 1, 1, 1, 1, 1, 1, 1, 1, 1, 1, 1, 1, 1, 1, 1, 1, 1, 1, 1, 1, 1, 1, 2, 1, 1, 1, 4, 1, 1, 1, 5, 1, 1, 1, 1, 1, 4, 1, 1, 5, 2] 
dagA5.txt 1_4x3.txt True 0.11688311688311688 0.4 305.75 [1, 1, 1, 1, 1, 1, 1, 1, 1, 1, 1, 1, 1, 1, 1, 1, 1, 1, 1, 1, 1, 1, 1, 1, 1, 1, 1, 1, 1, 1, 1, 2, 1, 1, 1, 4, 1, 1, 1, 5, 1, 1, 1, 1, 1, 4, 1, 1, 5, 2] 
dagA5.txt 1_4x3.txt True 0.11688311688311688 0.45 305.75 [1, 1, 1, 1, 1, 1, 1, 1, 1, 1, 1, 1, 1, 1, 1, 1, 1, 1, 1, 1, 1, 1, 1, 1, 1, 1, 1, 1, 1, 1, 1, 2, 1, 1, 1, 4, 1, 1, 1, 5, 1, 1, 1, 1, 1, 4, 1, 1, 5, 2] 
dagA5.txt 1_4x3.txt True 0.34415584415584416 0.5 170.25 [1, 3, 3, 3, 1, 1, 3, 1, 3, 3, 3, 1, 0, 3, 1, 3, 1, 3, 3, 1, 3, 3, 3, 3, 3, 2, 1, 1, 3, 3, 3, 3, 3, 3, 3, 1, 0, 5, 1, 1, 1, 3, 2, 1, 3, 1, 0, 3, 0, 1] 
dagA5.txt 1_4x3.txt True 0.34415584415584416 0.55 170.25 [1, 3, 3, 3, 1, 1, 3, 1, 3, 3, 3, 1, 0, 3, 1, 3, 1, 3, 3, 1, 3, 3, 3, 3, 3, 2, 1, 1, 3, 3, 3, 3, 3, 3, 3, 1, 0, 5, 1, 1, 1, 3, 2, 1, 3, 1, 0, 3, 0, 1] 
dagA5.txt 1_4x3.txt True 0.34415584415584416 0.6 170.25 [1, 3, 3, 3, 1, 1, 3, 1, 3, 3, 3, 1, 0, 3, 1, 3, 1, 3, 3, 1, 3, 3, 3, 3, 3, 2, 1, 1, 3, 3, 3, 3, 3, 3, 3, 1, 0, 5, 1, 1, 1, 3, 2, 1, 3, 1, 0, 3, 0, 1] 
dagA5.txt 1_4x3.txt True 0.538961038961039 0.65 107.0 [3, 5, 4, 5, 5, 3, 5, 1, 2, 1, 2, 1, 5, 3, 5, 5, 5, 1, 5, 5, 1, 3, 1, 5, 4, 3, 3, 1, 5, 5, 3, 3, 1, 1, 5, 1, 5, 3, 1, 1, 3, 3, 3, 4, 1, 1, 0, 3, 3, 1] 
dagA5.txt 1_4x3.txt True 0.538961038961039 0.7 107.0 [3, 5, 4, 5, 5, 3, 5, 1, 2, 1, 2, 1, 5, 3, 5, 5, 5, 1, 5, 5, 1, 3, 1, 5, 4, 3, 3, 1, 5, 5, 3, 3, 1, 1, 5, 1, 5, 3, 1, 1, 3, 3, 3, 4, 1, 1, 0, 3, 3, 1] 
dagA5.txt 1_4x3.txt True 0.512987012987013 0.75 118.75 [3, 5, 0, 5, 5, 1, 5, 3, 5, 2, 5, 1, 1, 0, 5, 5, 5, 3, 5, 5, 3, 1, 5, 5, 0, 1, 1, 4, 5, 5, 5, 3, 3, 3, 5, 1, 4, 3, 3, 2, 1, 3, 1, 4, 2, 1, 4, 1, 5, 1] 
dagA5.txt 1_4x3.txt True 0.6038961038961039 0.8 101.5 [4, 5, 2, 1, 1, 3, 3, 5, 1, 5, 1, 3, 5, 5, 3, 3, 2, 5, 1, 3, 5, 0, 1, 3, 5, 1, 3, 5, 2, 1, 0, 1, 1, 3, 1, 5, 4, 3, 3, 5, 3, 1, 1, 5, 2, 5, 5, 0, 5, 3] 
dagA5.txt 1_4x3.txt True 0.5714285714285714 0.85 100.0 [1, 4, 4, 1, 3, 3, 1, 3, 1, 5, 1, 5, 1, 1, 3, 1, 5, 3, 1, 5, 3, 1, 5, 3, 1, 5, 3, 5, 5, 3, 2, 2, 2, 3, 1, 5, 1, 1, 5, 3, 3, 3, 3, 5, 3, 5, 0, 2, 0, 5] 
dagA5.txt 1_4x3.txt True 0.6038961038961039 0.9 99.5 [5, 5, 1, 5, 1, 5, 2, 3, 3, 1, 1, 1, 4, 5, 5, 1, 1, 3, 1, 1, 3, 5, 1, 3, 5, 3, 5, 3, 1, 5, 3, 3, 3, 2, 5, 0, 4, 5, 1, 1, 5, 3, 1, 0, 1, 0, 4, 3, 3, 1] 
dagA5.txt 1_4x3.txt True 0.6883116883116883 0.95 98.75 [5, 3, 3, 1, 2, 3, 2, 1, 3, 0, 1, 3, 5, 1, 1, 1, 5, 4, 3, 3, 4, 3, 5, 1, 1, 5, 1, 5, 5, 2, 4, 3, 3, 1, 1, 0, 5, 3, 1, 0, 4, 5, 3, 5, 0, 5, 5, 4, 1, 3] 
dagA5.txt 1_4x3.txt True 0.6688311688311688 1 96.75 [3, 5, 5, 1, 5, 5, 1, 3, 5, 3, 4, 5, 1, 4, 0, 2, 4, 3, 5, 5, 3, 5, 1, 2, 1, 3, 5, 1, 4, 2, 5, 0, 0, 3, 4, 1, 1, 3, 3, 3, 5, 1, 3, 1, 4, 1, 1, 5, 5, 3] 
dagA5.txt 3_2x1.txt True 0.0 0.07 467.0 [0, 0, 0, 0, 0, 0, 0, 0, 0, 0, 0, 0, 0, 0, 0, 0, 0, 0, 0, 0, 0, 0, 0, 0, 0, 0, 0, 0, 0, 0, 0, 0, 0, 0, 0, 0, 0, 0, 0, 0, 0, 0, 0, 0, 0, 0, 0, 0, 0, 0] 
dagA5.txt 3_2x1.txt True 0.03896103896103896 0.08 445.6666666666667 [0, 0, 1, 0, 0, 0, 0, 0, 0, 0, 0, 0, 0, 0, 0, 0, 0, 0, 0, 0, 0, 0, 0, 0, 1, 0, 0, 0, 0, 0, 0, 0, 0, 0, 0, 0, 0, 0, 0, 0, 0, 0, 0, 0, 0, 0, 0, 0, 0, 0] 
dagA5.txt 3_2x1.txt True 0.03896103896103896 0.09 445.6666666666667 [0, 0, 1, 0, 0, 0, 0, 0, 0, 0, 0, 0, 0, 0, 0, 0, 0, 0, 0, 0, 0, 0, 0, 0, 1, 0, 0, 0, 0, 0, 0, 0, 0, 0, 0, 0, 0, 0, 0, 0, 0, 0, 0, 0, 0, 0, 0, 0, 0, 0] 
dagA5.txt 3_2x1.txt True 0.07142857142857142 0.1 423.3333333333333 [0, 0, 0, 0, 0, 0, 0, 0, 0, 0, 0, 0, 0, 0, 0, 0, 0, 0, 0, 0, 0, 0, 0, 0, 0, 0, 0, 0, 0, 0, 0, 0, 0, 1, 0, 0, 0, 1, 0, 1, 0, 0, 0, 0, 0, 0, 1, 0, 0, 0] 
dagA5.txt 3_2x1.txt True 0.07142857142857142 0.11 423.3333333333333 [0, 0, 0, 0, 0, 0, 0, 0, 0, 0, 0, 0, 0, 0, 0, 0, 0, 0, 0, 0, 0, 0, 0, 0, 0, 0, 0, 0, 0, 0, 0, 0, 0, 1, 0, 0, 0, 1, 0, 1, 0, 0, 0, 0, 0, 0, 1, 0, 0, 0] 
dagA5.txt 3_2x1.txt True 0.07142857142857142 0.12 423.3333333333333 [0, 0, 0, 0, 0, 0, 0, 0, 0, 0, 0, 0, 0, 0, 0, 0, 0, 0, 0, 0, 0, 0, 0, 0, 0, 0, 0, 0, 0, 0, 0, 0, 0, 1, 0, 0, 0, 1, 0, 1, 0, 0, 0, 0, 0, 0, 1, 0, 0, 0] 
dagA5.txt 3_2x1.txt True 0.07792207792207792 0.13 428.6666666666667 [0, 0, 0, 0, 0, 0, 0, 0, 0, 0, 0, 0, 0, 0, 0, 0, 0, 0, 0, 0, 0, 0, 0, 0, 0, 0, 0, 0, 0, 0, 0, 0, 0, 0, 0, 1, 0, 0, 0, 1, 0, 0, 0, 0, 0, 1, 0, 0, 1, 0] 
dagA5.txt 3_2x1.txt True 0.07792207792207792 0.14 428.6666666666667 [0, 0, 0, 0, 0, 0, 0, 0, 0, 0, 0, 0, 0, 0, 0, 0, 0, 0, 0, 0, 0, 0, 0, 0, 0, 0, 0, 0, 0, 0, 0, 0, 0, 0, 0, 1, 0, 0, 0, 1, 0, 0, 0, 0, 0, 1, 0, 0, 1, 0] 
dagA5.txt 3_2x1.txt True 0.07792207792207792 0.15 428.6666666666667 [0, 0, 0, 0, 0, 0, 0, 0, 0, 0, 0, 0, 0, 0, 0, 0, 0, 0, 0, 0, 0, 0, 0, 0, 0, 0, 0, 0, 0, 0, 0, 0, 0, 0, 0, 1, 0, 0, 0, 1, 0, 0, 0, 0, 0, 1, 0, 0, 1, 0] 
dagA5.txt 3_2x1.txt True 0.07792207792207792 0.16 428.6666666666667 [0, 0, 0, 0, 0, 0, 0, 0, 0, 0, 0, 0, 0, 0, 0, 0, 0, 0, 0, 0, 0, 0, 0, 0, 0, 0, 0, 0, 0, 0, 0, 0, 0, 0, 0, 1, 0, 0, 0, 1, 0, 0, 0, 0, 0, 1, 0, 0, 1, 0] 
dagA5.txt 3_2x1.txt True 0.07792207792207792 0.17 428.6666666666667 [0, 0, 0, 0, 0, 0, 0, 0, 0, 0, 0, 0, 0, 0, 0, 0, 0, 0, 0, 0, 0, 0, 0, 0, 0, 0, 0, 0, 0, 0, 0, 0, 0, 0, 0, 1, 0, 0, 0, 1, 0, 0, 0, 0, 0, 1, 0, 0, 1, 0] 
dagA5.txt 3_2x1.txt True 0.07792207792207792 0.18 428.6666666666667 [0, 0, 0, 0, 0, 0, 0, 0, 0, 0, 0, 0, 0, 0, 0, 0, 0, 0, 0, 0, 0, 0, 0, 0, 0, 0, 0, 0, 0, 0, 0, 0, 0, 0, 0, 1, 0, 0, 0, 1, 0, 0, 0, 0, 0, 1, 0, 0, 1, 0] 
dagA5.txt 3_2x1.txt True 0.07792207792207792 0.19 428.6666666666667 [0, 0, 0, 0, 0, 0, 0, 0, 0, 0, 0, 0, 0, 0, 0, 0, 0, 0, 0, 0, 0, 0, 0, 0, 0, 0, 0, 0, 0, 0, 0, 0, 0, 0, 0, 1, 0, 0, 0, 1, 0, 0, 0, 0, 0, 1, 0, 0, 1, 0] 
dagA5.txt 3_2x1.txt True 0.07792207792207792 0.2 428.6666666666667 [0, 0, 0, 0, 0, 0, 0, 0, 0, 0, 0, 0, 0, 0, 0, 0, 0, 0, 0, 0, 0, 0, 0, 0, 0, 0, 0, 0, 0, 0, 0, 0, 0, 0, 0, 1, 0, 0, 0, 1, 0, 0, 0, 0, 0, 1, 0, 0, 1, 0] 
dagA5.txt 3_2x1.txt True 0.07792207792207792 0.25 428.6666666666667 [0, 0, 0, 0, 0, 0, 0, 0, 0, 0, 0, 0, 0, 0, 0, 0, 0, 0, 0, 0, 0, 0, 0, 0, 0, 0, 0, 0, 0, 0, 0, 0, 0, 0, 0, 1, 0, 0, 0, 1, 0, 0, 0, 0, 0, 1, 0, 0, 1, 0] 
dagA5.txt 3_2x1.txt True 0.07792207792207792 0.3 428.6666666666667 [0, 0, 0, 0, 0, 0, 0, 0, 0, 0, 0, 0, 0, 0, 0, 0, 0, 0, 0, 0, 0, 0, 0, 0, 0, 0, 0, 0, 0, 0, 0, 0, 0, 0, 0, 1, 0, 0, 0, 1, 0, 0, 0, 0, 0, 1, 0, 0, 1, 0] 
dagA5.txt 3_2x1.txt True 0.07792207792207792 0.35 428.6666666666667 [0, 0, 0, 0, 0, 0, 0, 0, 0, 0, 0, 0, 0, 0, 0, 0, 0, 0, 0, 0, 0, 0, 0, 0, 0, 0, 0, 0, 0, 0, 0, 0, 0, 0, 0, 1, 0, 0, 0, 1, 0, 0, 0, 0, 0, 1, 0, 0, 1, 0] 
dagA5.txt 3_2x1.txt True 0.07792207792207792 0.4 428.6666666666667 [0, 0, 0, 0, 0, 0, 0, 0, 0, 0, 0, 0, 0, 0, 0, 0, 0, 0, 0, 0, 0, 0, 0, 0, 0, 0, 0, 0, 0, 0, 0, 0, 0, 0, 0, 1, 0, 0, 0, 1, 0, 0, 0, 0, 0, 1, 0, 0, 1, 0] 
dagA5.txt 3_2x1.txt True 0.07792207792207792 0.45 428.6666666666667 [0, 0, 0, 0, 0, 0, 0, 0, 0, 0, 0, 0, 0, 0, 0, 0, 0, 0, 0, 0, 0, 0, 0, 0, 0, 0, 0, 0, 0, 0, 0, 0, 0, 0, 0, 1, 0, 0, 0, 1, 0, 0, 0, 0, 0, 1, 0, 0, 1, 0] 
dagA5.txt 3_2x1.txt True 0.2792207792207792 0.5 364.0 [0, 1, 1, 1, 0, 0, 1, 0, 1, 1, 1, 0, 0, 1, 0, 1, 0, 1, 1, 0, 1, 1, 1, 1, 1, 0, 0, 0, 1, 1, 1, 1, 1, 1, 1, 0, 0, 1, 0, 0, 0, 1, 0, 0, 1, 0, 0, 1, 0, 0] 
dagA5.txt 3_2x1.txt True 0.2792207792207792 0.55 364.0 [0, 1, 1, 1, 0, 0, 1, 0, 1, 1, 1, 0, 0, 1, 0, 1, 0, 1, 1, 0, 1, 1, 1, 1, 1, 0, 0, 0, 1, 1, 1, 1, 1, 1, 1, 0, 0, 1, 0, 0, 0, 1, 0, 0, 1, 0, 0, 1, 0, 0] 
dagA5.txt 3_2x1.txt True 0.2792207792207792 0.6 364.0 [0, 1, 1, 1, 0, 0, 1, 0, 1, 1, 1, 0, 0, 1, 0, 1, 0, 1, 1, 0, 1, 1, 1, 1, 1, 0, 0, 0, 1, 1, 1, 1, 1, 1, 1, 0, 0, 1, 0, 0, 0, 1, 0, 0, 1, 0, 0, 1, 0, 0] 
dagA5.txt 3_2x1.txt True 0.24025974025974026 0.65 338.3333333333333 [1, 0, 1, 0, 0, 0, 0, 0, 0, 0, 1, 0, 0, 0, 0, 0, 0, 0, 0, 0, 0, 0, 0, 0, 1, 1, 0, 1, 0, 0, 0, 0, 0, 0, 0, 1, 0, 1, 0, 0, 0, 0, 1, 1, 0, 1, 0, 0, 0, 0] 
dagA5.txt 3_2x1.txt True 0.24025974025974026 0.7 338.3333333333333 [1, 0, 1, 0, 0, 0, 0, 0, 0, 0, 1, 0, 0, 0, 0, 0, 0, 0, 0, 0, 0, 0, 0, 0, 1, 1, 0, 1, 0, 0, 0, 0, 0, 0, 0, 1, 0, 1, 0, 0, 0, 0, 1, 1, 0, 1, 0, 0, 0, 0] 
dagA5.txt 3_2x1.txt True 0.34415584415584416 0.75 309.6666666666667 [1, 1, 0, 0, 0, 1, 1, 0, 0, 0, 0, 0, 1, 0, 1, 0, 1, 0, 0, 1, 0, 0, 0, 1, 0, 0, 0, 1, 1, 0, 0, 0, 0, 0, 0, 0, 1, 1, 0, 0, 0, 0, 0, 1, 0, 0, 1, 0, 1, 0] 
dagA5.txt 3_2x1.txt True 0.2727272727272727 0.8 294.6666666666667 [1, 0, 0, 0, 0, 0, 0, 0, 0, 0, 0, 1, 1, 0, 0, 0, 0, 0, 0, 0, 0, 0, 0, 0, 0, 0, 0, 1, 0, 0, 1, 0, 0, 1, 0, 1, 1, 1, 1, 0, 0, 0, 0, 1, 0, 1, 1, 1, 1, 1] 
dagA5.txt 3_2x1.txt True 0.3116883116883117 0.85 290.0 [1, 0, 0, 0, 0, 1, 0, 0, 1, 0, 0, 0, 1, 0, 0, 1, 0, 0, 0, 1, 0, 0, 1, 0, 0, 0, 1, 1, 0, 0, 1, 1, 1, 0, 0, 0, 1, 0, 0, 0, 1, 1, 0, 1, 0, 0, 1, 1, 1, 0] 
dagA5.txt 3_2x1.txt True 0.33116883116883117 0.9 285.0 [0, 0, 0, 0, 1, 0, 1, 1, 0, 1, 1, 1, 0, 0, 0, 1, 1, 0, 0, 1, 1, 0, 0, 0, 0, 0, 0, 1, 1, 0, 0, 0, 0, 1, 0, 1, 0, 0, 1, 1, 0, 0, 1, 1, 1, 1, 0, 0, 0, 1] 
dagA5.txt 3_2x1.txt True 0.37012987012987014 0.95 283.0 [0, 0, 0, 0, 0, 1, 0, 0, 0, 0, 0, 1, 1, 0, 0, 1, 0, 1, 0, 1, 1, 0, 0, 0, 0, 0, 1, 1, 0, 0, 1, 1, 1, 1, 0, 1, 1, 0, 0, 0, 1, 0, 1, 1, 0, 0, 1, 1, 1, 1] 
dagA5.txt 3_2x1.txt True 0.3051948051948052 1 283.6666666666667 [0, 0, 0, 0, 0, 1, 0, 0, 0, 0, 0, 0, 1, 0, 0, 0, 0, 1, 0, 1, 1, 0, 1, 0, 0, 0, 1, 1, 0, 0, 1, 1, 1, 1, 0, 1, 1, 0, 0, 0, 1, 0, 0, 1, 0, 1, 1, 1, 1, 1] 
