dagE8.txt 3_2x4.txt True 0.05116279069767442 0.07 477.75 [1, 1, 1, 1, 1, 1, 1, 1, 1, 1, 1, 1, 1, 1, 1, 1, 1, 1, 1, 1, 3, 1, 1, 1, 1, 1, 3, 1, 1, 1, 1, 1, 1, 1, 1, 1, 1, 1, 1, 1, 1, 1, 1, 1, 1, 1, 1, 1, 1, 1, 1, 1, 1, 1, 1, 1, 1, 3, 1, 1, 1, 1, 3, 1, 1, 1, 1, 1, 1, 1] 
dagE8.txt 3_2x4.txt True 0.05116279069767442 0.1 477.75 [1, 1, 1, 1, 1, 1, 1, 1, 1, 1, 1, 1, 1, 1, 1, 1, 1, 1, 1, 1, 3, 1, 1, 1, 1, 1, 3, 1, 1, 1, 1, 1, 1, 1, 1, 1, 1, 1, 1, 1, 1, 1, 1, 1, 1, 1, 1, 1, 1, 1, 1, 1, 1, 1, 1, 1, 1, 3, 1, 1, 1, 1, 3, 1, 1, 1, 1, 1, 1, 1] 
dagE8.txt 3_2x4.txt True 0.11162790697674418 0.15 442.5 [1, 1, 1, 1, 1, 1, 0, 1, 1, 1, 1, 1, 1, 1, 1, 1, 1, 1, 1, 1, 2, 1, 1, 1, 1, 1, 2, 1, 1, 1, 1, 1, 1, 1, 1, 1, 1, 1, 1, 1, 1, 1, 1, 1, 1, 1, 1, 1, 1, 1, 1, 1, 1, 1, 1, 1, 1, 0, 1, 6, 1, 1, 0, 1, 6, 1, 1, 6, 1, 6] 
dagE8.txt 3_2x4.txt True 0.15813953488372093 0.2 422.75 [1, 1, 1, 1, 1, 1, 1, 7, 1, 1, 1, 1, 1, 1, 1, 1, 1, 1, 1, 1, 0, 1, 1, 1, 1, 1, 0, 1, 1, 1, 1, 1, 1, 1, 1, 1, 1, 1, 1, 1, 1, 1, 1, 1, 1, 0, 1, 1, 1, 1, 2, 1, 1, 1, 2, 7, 0, 1, 1, 5, 1, 1, 1, 1, 2, 5, 1, 5, 5, 2] 
dagE8.txt 3_2x4.txt True 0.15813953488372093 0.3 422.75 [1, 1, 1, 1, 1, 1, 1, 7, 1, 1, 1, 1, 1, 1, 1, 1, 1, 1, 1, 1, 0, 1, 1, 1, 1, 1, 0, 1, 1, 1, 1, 1, 1, 1, 1, 1, 1, 1, 1, 1, 1, 1, 1, 1, 1, 0, 1, 1, 1, 1, 2, 1, 1, 1, 2, 7, 0, 1, 1, 5, 1, 1, 1, 1, 2, 5, 1, 5, 5, 2] 
dagE8.txt 3_2x4.txt True 0.15813953488372093 0.4 422.75 [1, 1, 1, 1, 1, 1, 1, 7, 1, 1, 1, 1, 1, 1, 1, 1, 1, 1, 1, 1, 0, 1, 1, 1, 1, 1, 0, 1, 1, 1, 1, 1, 1, 1, 1, 1, 1, 1, 1, 1, 1, 1, 1, 1, 1, 0, 1, 1, 1, 1, 2, 1, 1, 1, 2, 7, 0, 1, 1, 5, 1, 1, 1, 1, 2, 5, 1, 5, 5, 2] 
dagE8.txt 3_2x4.txt True 0.4325581395348837 0.5 158.75 [5, 7, 7, 5, 5, 1, 1, 1, 1, 1, 7, 5, 5, 1, 1, 7, 1, 7, 7, 5, 5, 7, 7, 7, 5, 5, 2, 7, 5, 1, 3, 7, 7, 1, 3, 3, 3, 1, 7, 7, 7, 7, 3, 3, 3, 5, 7, 1, 3, 3, 3, 2, 3, 1, 3, 3, 5, 3, 3, 1, 1, 3, 2, 3, 1, 1, 3, 1, 1, 3] 
dagE8.txt 3_2x4.txt True 0.40930232558139534 0.6 161.75 [5, 1, 1, 5, 5, 7, 7, 7, 7, 7, 1, 5, 5, 7, 7, 5, 7, 1, 5, 5, 5, 5, 1, 5, 5, 5, 5, 1, 5, 7, 7, 1, 1, 7, 1, 1, 1, 7, 1, 3, 7, 1, 1, 1, 7, 5, 1, 3, 1, 7, 7, 7, 1, 3, 7, 1, 3, 3, 1, 3, 3, 7, 3, 7, 3, 3, 7, 3, 3, 3] 
dagE8.txt 3_2x4.txt True 0.5302325581395348 0.7 139.25 [5, 5, 7, 1, 5, 1, 1, 1, 5, 1, 1, 5, 5, 1, 5, 5, 5, 1, 5, 5, 1, 7, 1, 5, 5, 1, 5, 7, 5, 5, 3, 1, 1, 5, 3, 7, 3, 5, 4, 3, 4, 5, 3, 7, 7, 3, 7, 1, 3, 1, 3, 4, 7, 3, 7, 3, 3, 3, 3, 1, 3, 7, 1, 7, 3, 3, 7, 3, 3, 1] 
dagE8.txt 3_2x4.txt True 0.7534883720930232 1 126.25 [1, 7, 1, 3, 1, 1, 7, 7, 3, 7, 3, 1, 5, 7, 1, 1, 5, 7, 3, 3, 1, 7, 1, 7, 5, 1, 3, 6, 1, 5, 5, 4, 3, 5, 6, 3, 5, 7, 2, 3, 5, 4, 3, 7, 1, 2, 3, 4, 2, 1, 7, 5, 3, 7, 0, 5, 5, 3, 3, 6, 5, 0, 5, 1, 3, 7, 1, 5, 7, 0] 
dagE8.txt 3_2x2.txt True 0.05116279069767442 0.07 637.0 [0, 0, 0, 0, 0, 0, 0, 0, 0, 0, 0, 0, 0, 0, 0, 0, 0, 0, 0, 0, 1, 0, 0, 0, 0, 0, 1, 0, 0, 0, 0, 0, 0, 0, 0, 0, 0, 0, 0, 0, 0, 0, 0, 0, 0, 0, 0, 0, 0, 0, 0, 0, 0, 0, 0, 0, 0, 1, 0, 0, 0, 0, 1, 0, 0, 0, 0, 0, 0, 0] 
dagE8.txt 3_2x2.txt True 0.05116279069767442 0.1 637.0 [0, 0, 0, 0, 0, 0, 0, 0, 0, 0, 0, 0, 0, 0, 0, 0, 0, 0, 0, 0, 1, 0, 0, 0, 0, 0, 1, 0, 0, 0, 0, 0, 0, 0, 0, 0, 0, 0, 0, 0, 0, 0, 0, 0, 0, 0, 0, 0, 0, 0, 0, 0, 0, 0, 0, 0, 0, 1, 0, 0, 0, 0, 1, 0, 0, 0, 0, 0, 0, 0] 
dagE8.txt 3_2x2.txt True 0.09767441860465116 0.15 611.6666666666666 [2, 2, 2, 2, 2, 2, 3, 2, 2, 2, 2, 2, 2, 2, 2, 2, 2, 2, 2, 2, 1, 2, 2, 2, 2, 2, 1, 2, 2, 2, 2, 2, 2, 2, 2, 2, 2, 2, 2, 2, 2, 2, 2, 2, 2, 2, 2, 2, 2, 2, 2, 2, 2, 2, 2, 2, 2, 0, 2, 2, 2, 2, 0, 2, 3, 2, 2, 2, 2, 3] 
dagE8.txt 3_2x2.txt True 0.11162790697674418 0.2 585.0 [0, 0, 0, 0, 0, 0, 0, 3, 0, 0, 0, 0, 0, 0, 0, 0, 0, 0, 0, 0, 0, 0, 0, 0, 0, 0, 0, 0, 0, 0, 0, 0, 0, 0, 0, 0, 0, 0, 0, 0, 0, 0, 0, 0, 0, 0, 0, 0, 0, 0, 3, 0, 0, 0, 3, 1, 0, 0, 0, 1, 0, 0, 0, 0, 2, 2, 0, 2, 2, 3] 
dagE8.txt 3_2x2.txt True 0.11162790697674418 0.3 585.0 [0, 0, 0, 0, 0, 0, 0, 3, 0, 0, 0, 0, 0, 0, 0, 0, 0, 0, 0, 0, 0, 0, 0, 0, 0, 0, 0, 0, 0, 0, 0, 0, 0, 0, 0, 0, 0, 0, 0, 0, 0, 0, 0, 0, 0, 0, 0, 0, 0, 0, 3, 0, 0, 0, 3, 1, 0, 0, 0, 1, 0, 0, 0, 0, 2, 2, 0, 2, 2, 3] 
dagE8.txt 3_2x2.txt True 0.11162790697674418 0.4 585.0 [0, 0, 0, 0, 0, 0, 0, 3, 0, 0, 0, 0, 0, 0, 0, 0, 0, 0, 0, 0, 0, 0, 0, 0, 0, 0, 0, 0, 0, 0, 0, 0, 0, 0, 0, 0, 0, 0, 0, 0, 0, 0, 0, 0, 0, 0, 0, 0, 0, 0, 3, 0, 0, 0, 3, 1, 0, 0, 0, 1, 0, 0, 0, 0, 2, 2, 0, 2, 2, 3] 
dagE8.txt 3_2x2.txt True 0.34418604651162793 0.5 283.0 [1, 0, 0, 1, 1, 0, 0, 0, 0, 0, 0, 1, 1, 0, 0, 0, 0, 0, 0, 1, 1, 0, 0, 0, 1, 1, 3, 0, 1, 0, 2, 0, 0, 0, 2, 2, 2, 0, 2, 0, 0, 0, 2, 2, 2, 2, 0, 3, 2, 2, 2, 2, 2, 3, 2, 2, 2, 2, 2, 3, 3, 2, 2, 2, 3, 3, 2, 3, 3, 2] 
dagE8.txt 3_2x2.txt True 0.4558139534883721 0.6 246.66666666666666 [1, 2, 2, 1, 1, 2, 2, 2, 2, 2, 2, 0, 1, 2, 2, 3, 2, 2, 3, 1, 0, 3, 2, 3, 1, 1, 1, 2, 0, 2, 0, 2, 2, 2, 3, 3, 3, 2, 3, 2, 0, 2, 3, 3, 0, 3, 2, 0, 3, 0, 0, 0, 3, 0, 0, 3, 2, 2, 3, 0, 0, 0, 2, 0, 1, 0, 0, 0, 1, 1] 
dagE8.txt 3_2x2.txt True 0.5209302325581395 0.7 223.0 [3, 3, 2, 1, 2, 1, 1, 1, 3, 1, 0, 3, 3, 1, 3, 0, 3, 0, 2, 2, 1, 2, 0, 2, 3, 1, 3, 2, 2, 3, 1, 0, 0, 3, 0, 3, 0, 3, 2, 0, 0, 3, 0, 3, 1, 2, 0, 2, 0, 2, 1, 1, 3, 2, 1, 0, 2, 0, 0, 2, 2, 1, 2, 1, 2, 2, 1, 2, 2, 2] 
dagE8.txt 3_2x2.txt True 0.4 1 228.5 [2, 2, 3, 2, 3, 3, 2, 2, 3, 2, 2, 2, 2, 2, 3, 3, 2, 2, 2, 2, 3, 3, 3, 3, 2, 2, 3, 3, 3, 2, 0, 0, 2, 2, 0, 0, 0, 2, 3, 0, 0, 0, 0, 0, 0, 1, 2, 1, 0, 0, 1, 0, 0, 1, 1, 0, 1, 0, 0, 1, 1, 1, 1, 0, 1, 0, 0, 1, 0, 1] 
dagE8.txt 3_2x1.txt True 0.05116279069767442 0.07 637.0 [0, 0, 0, 0, 0, 0, 0, 0, 0, 0, 0, 0, 0, 0, 0, 0, 0, 0, 0, 0, 1, 0, 0, 0, 0, 0, 1, 0, 0, 0, 0, 0, 0, 0, 0, 0, 0, 0, 0, 0, 0, 0, 0, 0, 0, 0, 0, 0, 0, 0, 0, 0, 0, 0, 0, 0, 0, 1, 0, 0, 0, 0, 1, 0, 0, 0, 0, 0, 0, 0] 
dagE8.txt 3_2x1.txt True 0.05116279069767442 0.1 637.0 [0, 0, 0, 0, 0, 0, 0, 0, 0, 0, 0, 0, 0, 0, 0, 0, 0, 0, 0, 0, 1, 0, 0, 0, 0, 0, 1, 0, 0, 0, 0, 0, 0, 0, 0, 0, 0, 0, 0, 0, 0, 0, 0, 0, 0, 0, 0, 0, 0, 0, 0, 0, 0, 0, 0, 0, 0, 1, 0, 0, 0, 0, 1, 0, 0, 0, 0, 0, 0, 0] 
dagE8.txt 3_2x1.txt True 0.06046511627906977 0.15 622.6666666666666 [0, 0, 0, 0, 0, 0, 1, 0, 0, 0, 0, 0, 0, 0, 0, 0, 0, 0, 0, 0, 0, 0, 0, 0, 0, 0, 0, 0, 0, 0, 0, 0, 0, 0, 0, 0, 0, 0, 0, 0, 0, 0, 0, 0, 0, 0, 0, 0, 0, 0, 0, 0, 0, 0, 0, 0, 0, 0, 0, 1, 0, 0, 0, 0, 1, 0, 0, 1, 0, 1] 
dagE8.txt 3_2x1.txt True 0.11627906976744186 0.2 626.0 [0, 0, 0, 0, 0, 0, 0, 1, 0, 0, 0, 0, 0, 0, 0, 0, 0, 0, 0, 0, 1, 0, 0, 0, 0, 0, 1, 0, 0, 0, 0, 0, 0, 0, 0, 0, 0, 0, 0, 0, 0, 0, 0, 0, 0, 1, 0, 0, 0, 0, 0, 0, 0, 0, 1, 1, 1, 0, 0, 0, 0, 0, 0, 0, 0, 0, 0, 0, 0, 0] 
dagE8.txt 3_2x1.txt True 0.11627906976744186 0.3 626.0 [0, 0, 0, 0, 0, 0, 0, 1, 0, 0, 0, 0, 0, 0, 0, 0, 0, 0, 0, 0, 1, 0, 0, 0, 0, 0, 1, 0, 0, 0, 0, 0, 0, 0, 0, 0, 0, 0, 0, 0, 0, 0, 0, 0, 0, 1, 0, 0, 0, 0, 0, 0, 0, 0, 1, 1, 1, 0, 0, 0, 0, 0, 0, 0, 0, 0, 0, 0, 0, 0] 
dagE8.txt 3_2x1.txt True 0.11627906976744186 0.4 626.0 [0, 0, 0, 0, 0, 0, 0, 1, 0, 0, 0, 0, 0, 0, 0, 0, 0, 0, 0, 0, 1, 0, 0, 0, 0, 0, 1, 0, 0, 0, 0, 0, 0, 0, 0, 0, 0, 0, 0, 0, 0, 0, 0, 0, 0, 1, 0, 0, 0, 0, 0, 0, 0, 0, 1, 1, 1, 0, 0, 0, 0, 0, 0, 0, 0, 0, 0, 0, 0, 0] 
dagE8.txt 3_2x1.txt True 0.2930232558139535 0.5 436.5 [1, 1, 1, 1, 1, 0, 0, 0, 0, 0, 1, 1, 1, 0, 0, 0, 0, 1, 1, 1, 1, 1, 1, 0, 1, 1, 1, 1, 1, 0, 0, 0, 1, 0, 0, 0, 0, 0, 0, 0, 0, 0, 0, 0, 0, 0, 0, 1, 0, 0, 0, 0, 0, 1, 0, 0, 0, 0, 0, 1, 1, 0, 0, 0, 1, 1, 0, 1, 1, 0] 
dagE8.txt 3_2x1.txt True 0.13488372093023257 0.6 454.6666666666667 [0, 0, 0, 0, 0, 0, 0, 0, 0, 0, 0, 0, 0, 0, 0, 0, 0, 0, 0, 0, 0, 0, 0, 0, 0, 0, 0, 0, 0, 0, 1, 0, 0, 0, 0, 0, 0, 0, 0, 1, 1, 0, 0, 0, 1, 1, 0, 1, 0, 1, 1, 1, 0, 1, 1, 0, 1, 1, 0, 1, 1, 1, 1, 1, 1, 1, 1, 1, 1, 1] 
dagE8.txt 3_2x1.txt True 0.13953488372093023 0.7 457.0 [0, 0, 0, 0, 0, 0, 0, 0, 0, 0, 0, 0, 0, 0, 0, 0, 0, 0, 0, 0, 0, 0, 0, 0, 0, 0, 1, 0, 0, 0, 1, 0, 0, 0, 0, 0, 0, 0, 0, 0, 1, 0, 0, 0, 1, 1, 1, 1, 0, 1, 1, 1, 0, 1, 1, 0, 1, 0, 0, 1, 1, 1, 1, 1, 1, 1, 1, 1, 1, 1] 
dagE8.txt 3_2x1.txt True 0.3627906976744186 1 419.0 [1, 1, 1, 1, 1, 1, 1, 0, 1, 0, 0, 1, 0, 0, 1, 1, 1, 1, 0, 1, 1, 1, 1, 1, 0, 1, 1, 1, 1, 1, 0, 0, 0, 1, 0, 0, 0, 1, 1, 0, 0, 0, 0, 0, 0, 0, 1, 0, 0, 0, 0, 0, 0, 0, 0, 0, 0, 0, 0, 0, 0, 0, 0, 0, 0, 0, 0, 0, 0, 0] 
dagE8.txt 3_2x4.txt True 0.05116279069767442 0.07 477.75 [1, 1, 1, 1, 1, 1, 1, 1, 1, 1, 1, 1, 1, 1, 1, 1, 1, 1, 1, 1, 3, 1, 1, 1, 1, 1, 3, 1, 1, 1, 1, 1, 1, 1, 1, 1, 1, 1, 1, 1, 1, 1, 1, 1, 1, 1, 1, 1, 1, 1, 1, 1, 1, 1, 1, 1, 1, 3, 1, 1, 1, 1, 3, 1, 1, 1, 1, 1, 1, 1] 
dagE8.txt 3_2x4.txt True 0.05116279069767442 0.08 477.75 [1, 1, 1, 1, 1, 1, 1, 1, 1, 1, 1, 1, 1, 1, 1, 1, 1, 1, 1, 1, 3, 1, 1, 1, 1, 1, 3, 1, 1, 1, 1, 1, 1, 1, 1, 1, 1, 1, 1, 1, 1, 1, 1, 1, 1, 1, 1, 1, 1, 1, 1, 1, 1, 1, 1, 1, 1, 3, 1, 1, 1, 1, 3, 1, 1, 1, 1, 1, 1, 1] 
dagE8.txt 3_2x4.txt True 0.05116279069767442 0.09 477.75 [1, 1, 1, 1, 1, 1, 1, 1, 1, 1, 1, 1, 1, 1, 1, 1, 1, 1, 1, 1, 3, 1, 1, 1, 1, 1, 3, 1, 1, 1, 1, 1, 1, 1, 1, 1, 1, 1, 1, 1, 1, 1, 1, 1, 1, 1, 1, 1, 1, 1, 1, 1, 1, 1, 1, 1, 1, 3, 1, 1, 1, 1, 3, 1, 1, 1, 1, 1, 1, 1] 
dagE8.txt 3_2x4.txt True 0.05116279069767442 0.1 477.75 [1, 1, 1, 1, 1, 1, 1, 1, 1, 1, 1, 1, 1, 1, 1, 1, 1, 1, 1, 1, 3, 1, 1, 1, 1, 1, 3, 1, 1, 1, 1, 1, 1, 1, 1, 1, 1, 1, 1, 1, 1, 1, 1, 1, 1, 1, 1, 1, 1, 1, 1, 1, 1, 1, 1, 1, 1, 3, 1, 1, 1, 1, 3, 1, 1, 1, 1, 1, 1, 1] 
dagE8.txt 3_2x4.txt True 0.08372093023255814 0.11 442.5 [1, 1, 1, 1, 1, 1, 1, 1, 1, 1, 1, 1, 1, 1, 1, 1, 1, 1, 1, 1, 5, 1, 1, 1, 1, 1, 5, 1, 1, 1, 1, 1, 1, 1, 1, 1, 1, 1, 1, 1, 1, 1, 1, 1, 1, 5, 1, 1, 1, 1, 1, 1, 1, 1, 1, 1, 5, 1, 1, 1, 5, 1, 5, 1, 5, 1, 1, 5, 1, 5] 
dagE8.txt 3_2x4.txt True 0.08372093023255814 0.12 442.5 [1, 1, 1, 1, 1, 1, 1, 1, 1, 1, 1, 1, 1, 1, 1, 1, 1, 1, 1, 1, 5, 1, 1, 1, 1, 1, 5, 1, 1, 1, 1, 1, 1, 1, 1, 1, 1, 1, 1, 1, 1, 1, 1, 1, 1, 5, 1, 1, 1, 1, 1, 1, 1, 1, 1, 1, 5, 1, 1, 1, 5, 1, 5, 1, 5, 1, 1, 5, 1, 5] 
dagE8.txt 3_2x4.txt True 0.08372093023255814 0.13 442.5 [1, 1, 1, 1, 1, 1, 1, 1, 1, 1, 1, 1, 1, 1, 1, 1, 1, 1, 1, 1, 5, 1, 1, 1, 1, 1, 5, 1, 1, 1, 1, 1, 1, 1, 1, 1, 1, 1, 1, 1, 1, 1, 1, 1, 1, 5, 1, 1, 1, 1, 1, 1, 1, 1, 1, 1, 5, 1, 1, 1, 5, 1, 5, 1, 5, 1, 1, 5, 1, 5] 
dagE8.txt 3_2x4.txt True 0.11162790697674418 0.14 442.5 [1, 1, 1, 1, 1, 1, 0, 1, 1, 1, 1, 1, 1, 1, 1, 1, 1, 1, 1, 1, 2, 1, 1, 1, 1, 1, 2, 1, 1, 1, 1, 1, 1, 1, 1, 1, 1, 1, 1, 1, 1, 1, 1, 1, 1, 1, 1, 1, 1, 1, 1, 1, 1, 1, 1, 1, 1, 0, 1, 6, 1, 1, 0, 1, 6, 1, 1, 6, 1, 6] 
dagE8.txt 3_2x4.txt True 0.11162790697674418 0.15 442.5 [1, 1, 1, 1, 1, 1, 0, 1, 1, 1, 1, 1, 1, 1, 1, 1, 1, 1, 1, 1, 2, 1, 1, 1, 1, 1, 2, 1, 1, 1, 1, 1, 1, 1, 1, 1, 1, 1, 1, 1, 1, 1, 1, 1, 1, 1, 1, 1, 1, 1, 1, 1, 1, 1, 1, 1, 1, 0, 1, 6, 1, 1, 0, 1, 6, 1, 1, 6, 1, 6] 
dagE8.txt 3_2x4.txt True 0.11162790697674418 0.16 442.5 [1, 1, 1, 1, 1, 1, 0, 1, 1, 1, 1, 1, 1, 1, 1, 1, 1, 1, 1, 1, 2, 1, 1, 1, 1, 1, 2, 1, 1, 1, 1, 1, 1, 1, 1, 1, 1, 1, 1, 1, 1, 1, 1, 1, 1, 1, 1, 1, 1, 1, 1, 1, 1, 1, 1, 1, 1, 0, 1, 6, 1, 1, 0, 1, 6, 1, 1, 6, 1, 6] 
dagE8.txt 3_2x4.txt True 0.11162790697674418 0.17 442.5 [1, 1, 1, 1, 1, 1, 0, 1, 1, 1, 1, 1, 1, 1, 1, 1, 1, 1, 1, 1, 2, 1, 1, 1, 1, 1, 2, 1, 1, 1, 1, 1, 1, 1, 1, 1, 1, 1, 1, 1, 1, 1, 1, 1, 1, 1, 1, 1, 1, 1, 1, 1, 1, 1, 1, 1, 1, 0, 1, 6, 1, 1, 0, 1, 6, 1, 1, 6, 1, 6] 
dagE8.txt 3_2x4.txt True 0.15813953488372093 0.18 422.75 [1, 1, 1, 1, 1, 1, 1, 7, 1, 1, 1, 1, 1, 1, 1, 1, 1, 1, 1, 1, 0, 1, 1, 1, 1, 1, 0, 1, 1, 1, 1, 1, 1, 1, 1, 1, 1, 1, 1, 1, 1, 1, 1, 1, 1, 0, 1, 1, 1, 1, 2, 1, 1, 1, 2, 7, 0, 1, 1, 5, 1, 1, 1, 1, 2, 5, 1, 5, 5, 2] 
dagE8.txt 3_2x4.txt True 0.15813953488372093 0.19 422.75 [1, 1, 1, 1, 1, 1, 1, 7, 1, 1, 1, 1, 1, 1, 1, 1, 1, 1, 1, 1, 0, 1, 1, 1, 1, 1, 0, 1, 1, 1, 1, 1, 1, 1, 1, 1, 1, 1, 1, 1, 1, 1, 1, 1, 1, 0, 1, 1, 1, 1, 2, 1, 1, 1, 2, 7, 0, 1, 1, 5, 1, 1, 1, 1, 2, 5, 1, 5, 5, 2] 
dagE8.txt 3_2x4.txt True 0.15813953488372093 0.2 422.75 [1, 1, 1, 1, 1, 1, 1, 7, 1, 1, 1, 1, 1, 1, 1, 1, 1, 1, 1, 1, 0, 1, 1, 1, 1, 1, 0, 1, 1, 1, 1, 1, 1, 1, 1, 1, 1, 1, 1, 1, 1, 1, 1, 1, 1, 0, 1, 1, 1, 1, 2, 1, 1, 1, 2, 7, 0, 1, 1, 5, 1, 1, 1, 1, 2, 5, 1, 5, 5, 2] 
dagE8.txt 3_2x4.txt True 0.15813953488372093 0.25 422.75 [1, 1, 1, 1, 1, 1, 1, 7, 1, 1, 1, 1, 1, 1, 1, 1, 1, 1, 1, 1, 0, 1, 1, 1, 1, 1, 0, 1, 1, 1, 1, 1, 1, 1, 1, 1, 1, 1, 1, 1, 1, 1, 1, 1, 1, 0, 1, 1, 1, 1, 2, 1, 1, 1, 2, 7, 0, 1, 1, 5, 1, 1, 1, 1, 2, 5, 1, 5, 5, 2] 
dagE8.txt 3_2x4.txt True 0.15813953488372093 0.3 422.75 [1, 1, 1, 1, 1, 1, 1, 7, 1, 1, 1, 1, 1, 1, 1, 1, 1, 1, 1, 1, 0, 1, 1, 1, 1, 1, 0, 1, 1, 1, 1, 1, 1, 1, 1, 1, 1, 1, 1, 1, 1, 1, 1, 1, 1, 0, 1, 1, 1, 1, 2, 1, 1, 1, 2, 7, 0, 1, 1, 5, 1, 1, 1, 1, 2, 5, 1, 5, 5, 2] 
dagE8.txt 3_2x4.txt True 0.15813953488372093 0.35 422.75 [1, 1, 1, 1, 1, 1, 1, 7, 1, 1, 1, 1, 1, 1, 1, 1, 1, 1, 1, 1, 0, 1, 1, 1, 1, 1, 0, 1, 1, 1, 1, 1, 1, 1, 1, 1, 1, 1, 1, 1, 1, 1, 1, 1, 1, 0, 1, 1, 1, 1, 2, 1, 1, 1, 2, 7, 0, 1, 1, 5, 1, 1, 1, 1, 2, 5, 1, 5, 5, 2] 
dagE8.txt 3_2x4.txt True 0.15813953488372093 0.4 422.75 [1, 1, 1, 1, 1, 1, 1, 7, 1, 1, 1, 1, 1, 1, 1, 1, 1, 1, 1, 1, 0, 1, 1, 1, 1, 1, 0, 1, 1, 1, 1, 1, 1, 1, 1, 1, 1, 1, 1, 1, 1, 1, 1, 1, 1, 0, 1, 1, 1, 1, 2, 1, 1, 1, 2, 7, 0, 1, 1, 5, 1, 1, 1, 1, 2, 5, 1, 5, 5, 2] 
dagE8.txt 3_2x4.txt True 0.15813953488372093 0.45 422.75 [1, 1, 1, 1, 1, 1, 1, 7, 1, 1, 1, 1, 1, 1, 1, 1, 1, 1, 1, 1, 0, 1, 1, 1, 1, 1, 0, 1, 1, 1, 1, 1, 1, 1, 1, 1, 1, 1, 1, 1, 1, 1, 1, 1, 1, 0, 1, 1, 1, 1, 2, 1, 1, 1, 2, 7, 0, 1, 1, 5, 1, 1, 1, 1, 2, 5, 1, 5, 5, 2] 
dagE8.txt 3_2x4.txt True 0.4325581395348837 0.5 158.75 [5, 7, 7, 5, 5, 1, 1, 1, 1, 1, 7, 5, 5, 1, 1, 7, 1, 7, 7, 5, 5, 7, 7, 7, 5, 5, 2, 7, 5, 1, 3, 7, 7, 1, 3, 3, 3, 1, 7, 7, 7, 7, 3, 3, 3, 5, 7, 1, 3, 3, 3, 2, 3, 1, 3, 3, 5, 3, 3, 1, 1, 3, 2, 3, 1, 1, 3, 1, 1, 3] 
dagE8.txt 3_2x4.txt True 0.4046511627906977 0.55 187.25 [7, 7, 7, 5, 7, 5, 5, 5, 5, 5, 7, 7, 5, 5, 5, 7, 5, 7, 7, 5, 1, 7, 7, 7, 7, 5, 1, 7, 7, 5, 1, 7, 7, 5, 1, 1, 3, 5, 3, 1, 7, 7, 1, 1, 1, 7, 7, 1, 1, 1, 1, 1, 3, 3, 1, 1, 3, 1, 3, 3, 3, 1, 1, 1, 3, 3, 1, 3, 3, 1] 
dagE8.txt 3_2x4.txt True 0.40930232558139534 0.6 161.75 [5, 1, 1, 5, 5, 7, 7, 7, 7, 7, 1, 5, 5, 7, 7, 5, 7, 1, 5, 5, 5, 5, 1, 5, 5, 5, 5, 1, 5, 7, 7, 1, 1, 7, 1, 1, 1, 7, 1, 3, 7, 1, 1, 1, 7, 5, 1, 3, 1, 7, 7, 7, 1, 3, 7, 1, 3, 3, 1, 3, 3, 7, 3, 7, 3, 3, 7, 3, 3, 3] 
dagE8.txt 3_2x4.txt True 0.5813953488372093 0.65 120.0 [1, 5, 1, 5, 1, 1, 1, 0, 3, 3, 5, 0, 5, 1, 3, 1, 3, 4, 5, 5, 5, 1, 2, 1, 4, 5, 1, 2, 5, 1, 7, 3, 5, 3, 7, 7, 7, 3, 1, 0, 7, 3, 7, 7, 5, 2, 3, 5, 7, 5, 3, 7, 7, 1, 5, 7, 3, 7, 7, 7, 1, 5, 3, 5, 1, 1, 7, 1, 1, 3] 
dagE8.txt 3_2x4.txt True 0.5302325581395348 0.7 139.25 [5, 5, 7, 1, 5, 1, 1, 1, 5, 1, 1, 5, 5, 1, 5, 5, 5, 1, 5, 5, 1, 7, 1, 5, 5, 1, 5, 7, 5, 5, 3, 1, 1, 5, 3, 7, 3, 5, 4, 3, 4, 5, 3, 7, 7, 3, 7, 1, 3, 1, 3, 4, 7, 3, 7, 3, 3, 3, 3, 1, 3, 7, 1, 7, 3, 3, 7, 3, 3, 1] 
dagE8.txt 3_2x4.txt True 0.5720930232558139 0.75 141.25 [3, 0, 5, 3, 3, 5, 5, 5, 5, 5, 1, 3, 3, 2, 5, 3, 5, 0, 3, 3, 3, 2, 5, 6, 3, 3, 3, 1, 3, 5, 4, 1, 0, 5, 3, 1, 7, 5, 7, 3, 4, 2, 3, 1, 1, 6, 0, 1, 3, 1, 5, 4, 1, 7, 1, 7, 6, 3, 7, 7, 7, 1, 6, 5, 5, 7, 7, 7, 7, 5] 
dagE8.txt 3_2x4.txt True 0.5720930232558139 0.8 141.25 [3, 0, 5, 3, 3, 5, 5, 5, 5, 5, 1, 3, 3, 2, 5, 3, 5, 0, 3, 3, 3, 2, 5, 6, 3, 3, 3, 1, 3, 5, 4, 1, 0, 5, 3, 1, 7, 5, 7, 3, 4, 2, 3, 1, 1, 6, 0, 1, 3, 1, 5, 4, 1, 7, 1, 7, 6, 3, 7, 7, 7, 1, 6, 5, 5, 7, 7, 7, 7, 5] 
dagE8.txt 3_2x4.txt True 0.6325581395348837 0.85 121.5 [5, 1, 5, 5, 7, 7, 2, 6, 7, 4, 7, 5, 1, 6, 7, 5, 1, 4, 1, 1, 7, 5, 7, 5, 5, 1, 7, 5, 7, 7, 1, 3, 7, 1, 5, 1, 3, 7, 6, 7, 1, 3, 5, 1, 3, 3, 4, 3, 5, 5, 1, 1, 1, 3, 3, 0, 3, 7, 3, 3, 3, 5, 0, 5, 2, 3, 3, 3, 3, 1] 
dagE8.txt 3_2x4.txt True 0.7023255813953488 0.9 125.5 [0, 3, 1, 5, 1, 1, 5, 3, 3, 1, 7, 1, 0, 1, 3, 1, 5, 3, 7, 0, 5, 2, 5, 2, 5, 1, 1, 5, 5, 7, 7, 1, 7, 5, 6, 3, 7, 5, 3, 3, 3, 5, 6, 7, 4, 2, 6, 5, 3, 5, 1, 7, 1, 1, 1, 7, 1, 3, 3, 5, 4, 5, 5, 3, 7, 4, 7, 7, 7, 6] 
dagE8.txt 3_2x4.txt True 0.7534883720930232 0.95 126.25 [1, 7, 1, 3, 1, 1, 7, 7, 3, 7, 3, 1, 5, 7, 1, 1, 5, 7, 3, 3, 1, 7, 1, 7, 5, 1, 3, 6, 1, 5, 5, 4, 3, 5, 6, 3, 5, 7, 2, 3, 5, 4, 3, 7, 1, 2, 3, 4, 2, 1, 7, 5, 3, 7, 0, 5, 5, 3, 3, 6, 5, 0, 5, 1, 3, 7, 1, 5, 7, 0] 
dagE8.txt 3_2x4.txt True 0.7534883720930232 1 126.25 [1, 7, 1, 3, 1, 1, 7, 7, 3, 7, 3, 1, 5, 7, 1, 1, 5, 7, 3, 3, 1, 7, 1, 7, 5, 1, 3, 6, 1, 5, 5, 4, 3, 5, 6, 3, 5, 7, 2, 3, 5, 4, 3, 7, 1, 2, 3, 4, 2, 1, 7, 5, 3, 7, 0, 5, 5, 3, 3, 6, 5, 0, 5, 1, 3, 7, 1, 5, 7, 0] 
dagE8.txt 100_1x1.txt True 0.0 0.07 20.09 [0, 0, 0, 0, 0, 0, 0, 0, 0, 0, 0, 0, 0, 0, 0, 0, 0, 0, 0, 0, 0, 0, 0, 0, 0, 0, 0, 0, 0, 0, 0, 0, 0, 0, 0, 0, 0, 0, 0, 0, 0, 0, 0, 0, 0, 0, 0, 0, 0, 0, 0, 0, 0, 0, 0, 0, 0, 0, 0, 0, 0, 0, 0, 0, 0, 0, 0, 0, 0, 0] 
dagE8.txt 100_1x1.txt True 0.0 0.08 20.09 [0, 0, 0, 0, 0, 0, 0, 0, 0, 0, 0, 0, 0, 0, 0, 0, 0, 0, 0, 0, 0, 0, 0, 0, 0, 0, 0, 0, 0, 0, 0, 0, 0, 0, 0, 0, 0, 0, 0, 0, 0, 0, 0, 0, 0, 0, 0, 0, 0, 0, 0, 0, 0, 0, 0, 0, 0, 0, 0, 0, 0, 0, 0, 0, 0, 0, 0, 0, 0, 0] 
dagE8.txt 100_1x1.txt True 0.0 0.09 20.09 [0, 0, 0, 0, 0, 0, 0, 0, 0, 0, 0, 0, 0, 0, 0, 0, 0, 0, 0, 0, 0, 0, 0, 0, 0, 0, 0, 0, 0, 0, 0, 0, 0, 0, 0, 0, 0, 0, 0, 0, 0, 0, 0, 0, 0, 0, 0, 0, 0, 0, 0, 0, 0, 0, 0, 0, 0, 0, 0, 0, 0, 0, 0, 0, 0, 0, 0, 0, 0, 0] 
dagE8.txt 100_1x1.txt True 0.0 0.1 20.09 [0, 0, 0, 0, 0, 0, 0, 0, 0, 0, 0, 0, 0, 0, 0, 0, 0, 0, 0, 0, 0, 0, 0, 0, 0, 0, 0, 0, 0, 0, 0, 0, 0, 0, 0, 0, 0, 0, 0, 0, 0, 0, 0, 0, 0, 0, 0, 0, 0, 0, 0, 0, 0, 0, 0, 0, 0, 0, 0, 0, 0, 0, 0, 0, 0, 0, 0, 0, 0, 0] 
dagE8.txt 100_1x1.txt True 0.0 0.11 20.09 [0, 0, 0, 0, 0, 0, 0, 0, 0, 0, 0, 0, 0, 0, 0, 0, 0, 0, 0, 0, 0, 0, 0, 0, 0, 0, 0, 0, 0, 0, 0, 0, 0, 0, 0, 0, 0, 0, 0, 0, 0, 0, 0, 0, 0, 0, 0, 0, 0, 0, 0, 0, 0, 0, 0, 0, 0, 0, 0, 0, 0, 0, 0, 0, 0, 0, 0, 0, 0, 0] 
dagE8.txt 100_1x1.txt True 0.0 0.12 20.09 [0, 0, 0, 0, 0, 0, 0, 0, 0, 0, 0, 0, 0, 0, 0, 0, 0, 0, 0, 0, 0, 0, 0, 0, 0, 0, 0, 0, 0, 0, 0, 0, 0, 0, 0, 0, 0, 0, 0, 0, 0, 0, 0, 0, 0, 0, 0, 0, 0, 0, 0, 0, 0, 0, 0, 0, 0, 0, 0, 0, 0, 0, 0, 0, 0, 0, 0, 0, 0, 0] 
dagE8.txt 100_1x1.txt True 0.0 0.13 20.09 [0, 0, 0, 0, 0, 0, 0, 0, 0, 0, 0, 0, 0, 0, 0, 0, 0, 0, 0, 0, 0, 0, 0, 0, 0, 0, 0, 0, 0, 0, 0, 0, 0, 0, 0, 0, 0, 0, 0, 0, 0, 0, 0, 0, 0, 0, 0, 0, 0, 0, 0, 0, 0, 0, 0, 0, 0, 0, 0, 0, 0, 0, 0, 0, 0, 0, 0, 0, 0, 0] 
dagE8.txt 100_1x1.txt True 0.0 0.14 20.09 [0, 0, 0, 0, 0, 0, 0, 0, 0, 0, 0, 0, 0, 0, 0, 0, 0, 0, 0, 0, 0, 0, 0, 0, 0, 0, 0, 0, 0, 0, 0, 0, 0, 0, 0, 0, 0, 0, 0, 0, 0, 0, 0, 0, 0, 0, 0, 0, 0, 0, 0, 0, 0, 0, 0, 0, 0, 0, 0, 0, 0, 0, 0, 0, 0, 0, 0, 0, 0, 0] 
dagE8.txt 100_1x1.txt True 0.0 0.15 20.09 [0, 0, 0, 0, 0, 0, 0, 0, 0, 0, 0, 0, 0, 0, 0, 0, 0, 0, 0, 0, 0, 0, 0, 0, 0, 0, 0, 0, 0, 0, 0, 0, 0, 0, 0, 0, 0, 0, 0, 0, 0, 0, 0, 0, 0, 0, 0, 0, 0, 0, 0, 0, 0, 0, 0, 0, 0, 0, 0, 0, 0, 0, 0, 0, 0, 0, 0, 0, 0, 0] 
dagE8.txt 100_1x1.txt True 0.0 0.16 20.09 [0, 0, 0, 0, 0, 0, 0, 0, 0, 0, 0, 0, 0, 0, 0, 0, 0, 0, 0, 0, 0, 0, 0, 0, 0, 0, 0, 0, 0, 0, 0, 0, 0, 0, 0, 0, 0, 0, 0, 0, 0, 0, 0, 0, 0, 0, 0, 0, 0, 0, 0, 0, 0, 0, 0, 0, 0, 0, 0, 0, 0, 0, 0, 0, 0, 0, 0, 0, 0, 0] 
dagE8.txt 100_1x1.txt True 0.0 0.17 20.09 [0, 0, 0, 0, 0, 0, 0, 0, 0, 0, 0, 0, 0, 0, 0, 0, 0, 0, 0, 0, 0, 0, 0, 0, 0, 0, 0, 0, 0, 0, 0, 0, 0, 0, 0, 0, 0, 0, 0, 0, 0, 0, 0, 0, 0, 0, 0, 0, 0, 0, 0, 0, 0, 0, 0, 0, 0, 0, 0, 0, 0, 0, 0, 0, 0, 0, 0, 0, 0, 0] 
dagE8.txt 100_1x1.txt True 0.0 0.18 20.09 [0, 0, 0, 0, 0, 0, 0, 0, 0, 0, 0, 0, 0, 0, 0, 0, 0, 0, 0, 0, 0, 0, 0, 0, 0, 0, 0, 0, 0, 0, 0, 0, 0, 0, 0, 0, 0, 0, 0, 0, 0, 0, 0, 0, 0, 0, 0, 0, 0, 0, 0, 0, 0, 0, 0, 0, 0, 0, 0, 0, 0, 0, 0, 0, 0, 0, 0, 0, 0, 0] 
dagE8.txt 100_1x1.txt True 0.0 0.19 20.09 [0, 0, 0, 0, 0, 0, 0, 0, 0, 0, 0, 0, 0, 0, 0, 0, 0, 0, 0, 0, 0, 0, 0, 0, 0, 0, 0, 0, 0, 0, 0, 0, 0, 0, 0, 0, 0, 0, 0, 0, 0, 0, 0, 0, 0, 0, 0, 0, 0, 0, 0, 0, 0, 0, 0, 0, 0, 0, 0, 0, 0, 0, 0, 0, 0, 0, 0, 0, 0, 0] 
dagE8.txt 100_1x1.txt True 0.0 0.2 20.09 [0, 0, 0, 0, 0, 0, 0, 0, 0, 0, 0, 0, 0, 0, 0, 0, 0, 0, 0, 0, 0, 0, 0, 0, 0, 0, 0, 0, 0, 0, 0, 0, 0, 0, 0, 0, 0, 0, 0, 0, 0, 0, 0, 0, 0, 0, 0, 0, 0, 0, 0, 0, 0, 0, 0, 0, 0, 0, 0, 0, 0, 0, 0, 0, 0, 0, 0, 0, 0, 0] 
dagE8.txt 100_1x1.txt True 0.0 0.25 20.09 [0, 0, 0, 0, 0, 0, 0, 0, 0, 0, 0, 0, 0, 0, 0, 0, 0, 0, 0, 0, 0, 0, 0, 0, 0, 0, 0, 0, 0, 0, 0, 0, 0, 0, 0, 0, 0, 0, 0, 0, 0, 0, 0, 0, 0, 0, 0, 0, 0, 0, 0, 0, 0, 0, 0, 0, 0, 0, 0, 0, 0, 0, 0, 0, 0, 0, 0, 0, 0, 0] 
dagE8.txt 100_1x1.txt True 0.0 0.3 20.09 [0, 0, 0, 0, 0, 0, 0, 0, 0, 0, 0, 0, 0, 0, 0, 0, 0, 0, 0, 0, 0, 0, 0, 0, 0, 0, 0, 0, 0, 0, 0, 0, 0, 0, 0, 0, 0, 0, 0, 0, 0, 0, 0, 0, 0, 0, 0, 0, 0, 0, 0, 0, 0, 0, 0, 0, 0, 0, 0, 0, 0, 0, 0, 0, 0, 0, 0, 0, 0, 0] 
dagE8.txt 100_1x1.txt True 0.0 0.35 20.09 [0, 0, 0, 0, 0, 0, 0, 0, 0, 0, 0, 0, 0, 0, 0, 0, 0, 0, 0, 0, 0, 0, 0, 0, 0, 0, 0, 0, 0, 0, 0, 0, 0, 0, 0, 0, 0, 0, 0, 0, 0, 0, 0, 0, 0, 0, 0, 0, 0, 0, 0, 0, 0, 0, 0, 0, 0, 0, 0, 0, 0, 0, 0, 0, 0, 0, 0, 0, 0, 0] 
dagE8.txt 100_1x1.txt True 0.0 0.4 20.09 [0, 0, 0, 0, 0, 0, 0, 0, 0, 0, 0, 0, 0, 0, 0, 0, 0, 0, 0, 0, 0, 0, 0, 0, 0, 0, 0, 0, 0, 0, 0, 0, 0, 0, 0, 0, 0, 0, 0, 0, 0, 0, 0, 0, 0, 0, 0, 0, 0, 0, 0, 0, 0, 0, 0, 0, 0, 0, 0, 0, 0, 0, 0, 0, 0, 0, 0, 0, 0, 0] 
dagE8.txt 100_1x1.txt True 0.0 0.45 20.09 [0, 0, 0, 0, 0, 0, 0, 0, 0, 0, 0, 0, 0, 0, 0, 0, 0, 0, 0, 0, 0, 0, 0, 0, 0, 0, 0, 0, 0, 0, 0, 0, 0, 0, 0, 0, 0, 0, 0, 0, 0, 0, 0, 0, 0, 0, 0, 0, 0, 0, 0, 0, 0, 0, 0, 0, 0, 0, 0, 0, 0, 0, 0, 0, 0, 0, 0, 0, 0, 0] 
dagE8.txt 100_1x1.txt True 0.0 0.5 20.09 [0, 0, 0, 0, 0, 0, 0, 0, 0, 0, 0, 0, 0, 0, 0, 0, 0, 0, 0, 0, 0, 0, 0, 0, 0, 0, 0, 0, 0, 0, 0, 0, 0, 0, 0, 0, 0, 0, 0, 0, 0, 0, 0, 0, 0, 0, 0, 0, 0, 0, 0, 0, 0, 0, 0, 0, 0, 0, 0, 0, 0, 0, 0, 0, 0, 0, 0, 0, 0, 0] 
dagE8.txt 100_1x1.txt True 0.0 0.55 20.09 [0, 0, 0, 0, 0, 0, 0, 0, 0, 0, 0, 0, 0, 0, 0, 0, 0, 0, 0, 0, 0, 0, 0, 0, 0, 0, 0, 0, 0, 0, 0, 0, 0, 0, 0, 0, 0, 0, 0, 0, 0, 0, 0, 0, 0, 0, 0, 0, 0, 0, 0, 0, 0, 0, 0, 0, 0, 0, 0, 0, 0, 0, 0, 0, 0, 0, 0, 0, 0, 0] 
dagE8.txt 100_1x1.txt True 0.0 0.6 20.09 [0, 0, 0, 0, 0, 0, 0, 0, 0, 0, 0, 0, 0, 0, 0, 0, 0, 0, 0, 0, 0, 0, 0, 0, 0, 0, 0, 0, 0, 0, 0, 0, 0, 0, 0, 0, 0, 0, 0, 0, 0, 0, 0, 0, 0, 0, 0, 0, 0, 0, 0, 0, 0, 0, 0, 0, 0, 0, 0, 0, 0, 0, 0, 0, 0, 0, 0, 0, 0, 0] 
dagE8.txt 100_1x1.txt True 0.0 0.65 20.09 [0, 0, 0, 0, 0, 0, 0, 0, 0, 0, 0, 0, 0, 0, 0, 0, 0, 0, 0, 0, 0, 0, 0, 0, 0, 0, 0, 0, 0, 0, 0, 0, 0, 0, 0, 0, 0, 0, 0, 0, 0, 0, 0, 0, 0, 0, 0, 0, 0, 0, 0, 0, 0, 0, 0, 0, 0, 0, 0, 0, 0, 0, 0, 0, 0, 0, 0, 0, 0, 0] 
dagE8.txt 100_1x1.txt True 0.0 0.7 20.09 [0, 0, 0, 0, 0, 0, 0, 0, 0, 0, 0, 0, 0, 0, 0, 0, 0, 0, 0, 0, 0, 0, 0, 0, 0, 0, 0, 0, 0, 0, 0, 0, 0, 0, 0, 0, 0, 0, 0, 0, 0, 0, 0, 0, 0, 0, 0, 0, 0, 0, 0, 0, 0, 0, 0, 0, 0, 0, 0, 0, 0, 0, 0, 0, 0, 0, 0, 0, 0, 0] 
dagE8.txt 100_1x1.txt True 0.0 0.75 20.09 [0, 0, 0, 0, 0, 0, 0, 0, 0, 0, 0, 0, 0, 0, 0, 0, 0, 0, 0, 0, 0, 0, 0, 0, 0, 0, 0, 0, 0, 0, 0, 0, 0, 0, 0, 0, 0, 0, 0, 0, 0, 0, 0, 0, 0, 0, 0, 0, 0, 0, 0, 0, 0, 0, 0, 0, 0, 0, 0, 0, 0, 0, 0, 0, 0, 0, 0, 0, 0, 0] 
dagE8.txt 100_1x1.txt True 0.0 0.8 20.09 [0, 0, 0, 0, 0, 0, 0, 0, 0, 0, 0, 0, 0, 0, 0, 0, 0, 0, 0, 0, 0, 0, 0, 0, 0, 0, 0, 0, 0, 0, 0, 0, 0, 0, 0, 0, 0, 0, 0, 0, 0, 0, 0, 0, 0, 0, 0, 0, 0, 0, 0, 0, 0, 0, 0, 0, 0, 0, 0, 0, 0, 0, 0, 0, 0, 0, 0, 0, 0, 0] 
dagE8.txt 100_1x1.txt True 0.0 0.85 20.09 [0, 0, 0, 0, 0, 0, 0, 0, 0, 0, 0, 0, 0, 0, 0, 0, 0, 0, 0, 0, 0, 0, 0, 0, 0, 0, 0, 0, 0, 0, 0, 0, 0, 0, 0, 0, 0, 0, 0, 0, 0, 0, 0, 0, 0, 0, 0, 0, 0, 0, 0, 0, 0, 0, 0, 0, 0, 0, 0, 0, 0, 0, 0, 0, 0, 0, 0, 0, 0, 0] 
dagE8.txt 100_1x1.txt True 0.0 0.9 20.09 [0, 0, 0, 0, 0, 0, 0, 0, 0, 0, 0, 0, 0, 0, 0, 0, 0, 0, 0, 0, 0, 0, 0, 0, 0, 0, 0, 0, 0, 0, 0, 0, 0, 0, 0, 0, 0, 0, 0, 0, 0, 0, 0, 0, 0, 0, 0, 0, 0, 0, 0, 0, 0, 0, 0, 0, 0, 0, 0, 0, 0, 0, 0, 0, 0, 0, 0, 0, 0, 0] 
dagE8.txt 100_1x1.txt True 0.0 0.95 20.09 [0, 0, 0, 0, 0, 0, 0, 0, 0, 0, 0, 0, 0, 0, 0, 0, 0, 0, 0, 0, 0, 0, 0, 0, 0, 0, 0, 0, 0, 0, 0, 0, 0, 0, 0, 0, 0, 0, 0, 0, 0, 0, 0, 0, 0, 0, 0, 0, 0, 0, 0, 0, 0, 0, 0, 0, 0, 0, 0, 0, 0, 0, 0, 0, 0, 0, 0, 0, 0, 0] 
dagE8.txt 100_1x1.txt True 0.0 1 20.09 [0, 0, 0, 0, 0, 0, 0, 0, 0, 0, 0, 0, 0, 0, 0, 0, 0, 0, 0, 0, 0, 0, 0, 0, 0, 0, 0, 0, 0, 0, 0, 0, 0, 0, 0, 0, 0, 0, 0, 0, 0, 0, 0, 0, 0, 0, 0, 0, 0, 0, 0, 0, 0, 0, 0, 0, 0, 0, 0, 0, 0, 0, 0, 0, 0, 0, 0, 0, 0, 0] 
dagE8.txt 1234x1.txt True 0.05116279069767442 0.07 477.75 [3, 3, 3, 3, 3, 3, 3, 3, 3, 3, 3, 3, 3, 3, 3, 3, 3, 3, 3, 3, 1, 3, 3, 3, 3, 3, 1, 3, 3, 3, 3, 3, 3, 3, 3, 3, 3, 3, 3, 3, 3, 3, 3, 3, 3, 3, 3, 3, 3, 3, 3, 3, 3, 3, 3, 3, 3, 1, 3, 3, 3, 3, 1, 3, 3, 3, 3, 3, 3, 3] 
dagE8.txt 1234x1.txt True 0.05116279069767442 0.08 477.75 [3, 3, 3, 3, 3, 3, 3, 3, 3, 3, 3, 3, 3, 3, 3, 3, 3, 3, 3, 3, 1, 3, 3, 3, 3, 3, 1, 3, 3, 3, 3, 3, 3, 3, 3, 3, 3, 3, 3, 3, 3, 3, 3, 3, 3, 3, 3, 3, 3, 3, 3, 3, 3, 3, 3, 3, 3, 1, 3, 3, 3, 3, 1, 3, 3, 3, 3, 3, 3, 3] 
dagE8.txt 1234x1.txt True 0.05116279069767442 0.09 477.75 [3, 3, 3, 3, 3, 3, 3, 3, 3, 3, 3, 3, 3, 3, 3, 3, 3, 3, 3, 3, 1, 3, 3, 3, 3, 3, 1, 3, 3, 3, 3, 3, 3, 3, 3, 3, 3, 3, 3, 3, 3, 3, 3, 3, 3, 3, 3, 3, 3, 3, 3, 3, 3, 3, 3, 3, 3, 1, 3, 3, 3, 3, 1, 3, 3, 3, 3, 3, 3, 3] 
dagE8.txt 1234x1.txt True 0.05116279069767442 0.1 477.75 [3, 3, 3, 3, 3, 3, 3, 3, 3, 3, 3, 3, 3, 3, 3, 3, 3, 3, 3, 3, 1, 3, 3, 3, 3, 3, 1, 3, 3, 3, 3, 3, 3, 3, 3, 3, 3, 3, 3, 3, 3, 3, 3, 3, 3, 3, 3, 3, 3, 3, 3, 3, 3, 3, 3, 3, 3, 1, 3, 3, 3, 3, 1, 3, 3, 3, 3, 3, 3, 3] 
dagE8.txt 1234x1.txt True 0.08837209302325581 0.11 442.5 [3, 3, 3, 3, 3, 3, 3, 3, 3, 3, 3, 3, 3, 3, 3, 3, 3, 3, 3, 3, 1, 3, 3, 3, 3, 3, 1, 3, 3, 3, 3, 3, 3, 3, 3, 3, 3, 3, 3, 3, 3, 3, 3, 3, 3, 2, 3, 3, 3, 3, 3, 3, 3, 3, 3, 3, 2, 3, 3, 3, 2, 3, 2, 3, 2, 3, 3, 2, 3, 1] 
dagE8.txt 1234x1.txt True 0.08837209302325581 0.12 442.5 [3, 3, 3, 3, 3, 3, 3, 3, 3, 3, 3, 3, 3, 3, 3, 3, 3, 3, 3, 3, 1, 3, 3, 3, 3, 3, 1, 3, 3, 3, 3, 3, 3, 3, 3, 3, 3, 3, 3, 3, 3, 3, 3, 3, 3, 2, 3, 3, 3, 3, 3, 3, 3, 3, 3, 3, 2, 3, 3, 3, 2, 3, 2, 3, 2, 3, 3, 2, 3, 1] 
dagE8.txt 1234x1.txt True 0.08837209302325581 0.13 442.5 [3, 3, 3, 3, 3, 3, 3, 3, 3, 3, 3, 3, 3, 3, 3, 3, 3, 3, 3, 3, 1, 3, 3, 3, 3, 3, 1, 3, 3, 3, 3, 3, 3, 3, 3, 3, 3, 3, 3, 3, 3, 3, 3, 3, 3, 2, 3, 3, 3, 3, 3, 3, 3, 3, 3, 3, 2, 3, 3, 3, 2, 3, 2, 3, 2, 3, 3, 2, 3, 1] 
dagE8.txt 1234x1.txt True 0.07441860465116279 0.14 461.5 [3, 3, 3, 3, 3, 3, 3, 3, 3, 3, 3, 3, 3, 3, 3, 3, 3, 3, 3, 3, 1, 3, 3, 3, 3, 3, 1, 3, 3, 3, 3, 3, 3, 3, 3, 3, 3, 3, 3, 3, 3, 3, 3, 3, 3, 3, 3, 3, 3, 3, 3, 3, 3, 3, 3, 3, 3, 0, 3, 2, 3, 3, 0, 3, 3, 3, 3, 2, 3, 3] 
dagE8.txt 1234x1.txt True 0.07441860465116279 0.15 461.5 [3, 3, 3, 3, 3, 3, 3, 3, 3, 3, 3, 3, 3, 3, 3, 3, 3, 3, 3, 3, 1, 3, 3, 3, 3, 3, 1, 3, 3, 3, 3, 3, 3, 3, 3, 3, 3, 3, 3, 3, 3, 3, 3, 3, 3, 3, 3, 3, 3, 3, 3, 3, 3, 3, 3, 3, 3, 0, 3, 2, 3, 3, 0, 3, 3, 3, 3, 2, 3, 3] 
dagE8.txt 1234x1.txt True 0.07441860465116279 0.16 461.5 [3, 3, 3, 3, 3, 3, 3, 3, 3, 3, 3, 3, 3, 3, 3, 3, 3, 3, 3, 3, 1, 3, 3, 3, 3, 3, 1, 3, 3, 3, 3, 3, 3, 3, 3, 3, 3, 3, 3, 3, 3, 3, 3, 3, 3, 3, 3, 3, 3, 3, 3, 3, 3, 3, 3, 3, 3, 0, 3, 2, 3, 3, 0, 3, 3, 3, 3, 2, 3, 3] 
dagE8.txt 1234x1.txt True 0.07441860465116279 0.17 461.5 [3, 3, 3, 3, 3, 3, 3, 3, 3, 3, 3, 3, 3, 3, 3, 3, 3, 3, 3, 3, 1, 3, 3, 3, 3, 3, 1, 3, 3, 3, 3, 3, 3, 3, 3, 3, 3, 3, 3, 3, 3, 3, 3, 3, 3, 3, 3, 3, 3, 3, 3, 3, 3, 3, 3, 3, 3, 0, 3, 2, 3, 3, 0, 3, 3, 3, 3, 2, 3, 3] 
dagE8.txt 1234x1.txt True 0.10697674418604651 0.18 443.0 [3, 3, 3, 3, 3, 3, 3, 3, 3, 3, 3, 3, 3, 3, 3, 3, 3, 3, 3, 3, 0, 3, 3, 3, 3, 3, 0, 3, 3, 3, 3, 3, 3, 3, 3, 3, 3, 3, 3, 3, 3, 3, 3, 3, 3, 0, 3, 3, 3, 3, 3, 3, 3, 3, 3, 1, 0, 3, 3, 1, 3, 3, 3, 3, 2, 2, 3, 2, 2, 3] 
dagE8.txt 1234x1.txt True 0.10697674418604651 0.19 443.0 [3, 3, 3, 3, 3, 3, 3, 3, 3, 3, 3, 3, 3, 3, 3, 3, 3, 3, 3, 3, 0, 3, 3, 3, 3, 3, 0, 3, 3, 3, 3, 3, 3, 3, 3, 3, 3, 3, 3, 3, 3, 3, 3, 3, 3, 0, 3, 3, 3, 3, 3, 3, 3, 3, 3, 1, 0, 3, 3, 1, 3, 3, 3, 3, 2, 2, 3, 2, 2, 3] 
dagE8.txt 1234x1.txt True 0.10697674418604651 0.2 443.0 [3, 3, 3, 3, 3, 3, 3, 3, 3, 3, 3, 3, 3, 3, 3, 3, 3, 3, 3, 3, 0, 3, 3, 3, 3, 3, 0, 3, 3, 3, 3, 3, 3, 3, 3, 3, 3, 3, 3, 3, 3, 3, 3, 3, 3, 0, 3, 3, 3, 3, 3, 3, 3, 3, 3, 1, 0, 3, 3, 1, 3, 3, 3, 3, 2, 2, 3, 2, 2, 3] 
dagE8.txt 1234x1.txt True 0.10697674418604651 0.25 443.0 [3, 3, 3, 3, 3, 3, 3, 3, 3, 3, 3, 3, 3, 3, 3, 3, 3, 3, 3, 3, 0, 3, 3, 3, 3, 3, 0, 3, 3, 3, 3, 3, 3, 3, 3, 3, 3, 3, 3, 3, 3, 3, 3, 3, 3, 0, 3, 3, 3, 3, 3, 3, 3, 3, 3, 1, 0, 3, 3, 1, 3, 3, 3, 3, 2, 2, 3, 2, 2, 3] 
dagE8.txt 1234x1.txt True 0.10697674418604651 0.3 443.0 [3, 3, 3, 3, 3, 3, 3, 3, 3, 3, 3, 3, 3, 3, 3, 3, 3, 3, 3, 3, 0, 3, 3, 3, 3, 3, 0, 3, 3, 3, 3, 3, 3, 3, 3, 3, 3, 3, 3, 3, 3, 3, 3, 3, 3, 0, 3, 3, 3, 3, 3, 3, 3, 3, 3, 1, 0, 3, 3, 1, 3, 3, 3, 3, 2, 2, 3, 2, 2, 3] 
dagE8.txt 1234x1.txt True 0.10697674418604651 0.35 443.0 [3, 3, 3, 3, 3, 3, 3, 3, 3, 3, 3, 3, 3, 3, 3, 3, 3, 3, 3, 3, 0, 3, 3, 3, 3, 3, 0, 3, 3, 3, 3, 3, 3, 3, 3, 3, 3, 3, 3, 3, 3, 3, 3, 3, 3, 0, 3, 3, 3, 3, 3, 3, 3, 3, 3, 1, 0, 3, 3, 1, 3, 3, 3, 3, 2, 2, 3, 2, 2, 3] 
dagE8.txt 1234x1.txt True 0.10697674418604651 0.4 443.0 [3, 3, 3, 3, 3, 3, 3, 3, 3, 3, 3, 3, 3, 3, 3, 3, 3, 3, 3, 3, 0, 3, 3, 3, 3, 3, 0, 3, 3, 3, 3, 3, 3, 3, 3, 3, 3, 3, 3, 3, 3, 3, 3, 3, 3, 0, 3, 3, 3, 3, 3, 3, 3, 3, 3, 1, 0, 3, 3, 1, 3, 3, 3, 3, 2, 2, 3, 2, 2, 3] 
dagE8.txt 1234x1.txt True 0.10697674418604651 0.45 443.0 [3, 3, 3, 3, 3, 3, 3, 3, 3, 3, 3, 3, 3, 3, 3, 3, 3, 3, 3, 3, 0, 3, 3, 3, 3, 3, 0, 3, 3, 3, 3, 3, 3, 3, 3, 3, 3, 3, 3, 3, 3, 3, 3, 3, 3, 0, 3, 3, 3, 3, 3, 3, 3, 3, 3, 1, 0, 3, 3, 1, 3, 3, 3, 3, 2, 2, 3, 2, 2, 3] 
dagE8.txt 1234x1.txt True 0.4046511627906977 0.5 292.0 [3, 3, 3, 3, 3, 1, 1, 1, 1, 1, 3, 3, 3, 1, 1, 0, 1, 3, 3, 3, 3, 3, 3, 0, 3, 3, 3, 3, 3, 1, 2, 0, 3, 1, 2, 2, 2, 1, 2, 0, 0, 0, 2, 2, 2, 2, 0, 3, 2, 2, 2, 2, 2, 3, 2, 2, 2, 2, 2, 3, 3, 2, 2, 2, 3, 3, 2, 3, 3, 2] 
dagE8.txt 1234x1.txt True 0.3674418604651163 0.55 276.25 [2, 2, 3, 3, 3, 3, 3, 3, 3, 3, 2, 2, 3, 3, 3, 3, 3, 2, 2, 3, 1, 3, 3, 3, 2, 3, 1, 3, 2, 3, 3, 3, 2, 3, 3, 3, 2, 3, 2, 3, 3, 2, 3, 3, 1, 3, 2, 1, 3, 1, 3, 0, 2, 2, 1, 1, 2, 3, 2, 2, 2, 1, 3, 0, 2, 2, 1, 2, 2, 3] 
dagE8.txt 1234x1.txt True 0.3813953488372093 0.6 268.25 [1, 3, 3, 1, 1, 2, 2, 2, 2, 2, 3, 0, 1, 2, 2, 3, 2, 3, 3, 1, 0, 3, 3, 3, 1, 1, 1, 3, 0, 2, 3, 3, 3, 2, 3, 3, 3, 2, 3, 2, 3, 3, 3, 3, 3, 3, 3, 2, 3, 3, 3, 3, 3, 2, 3, 3, 2, 2, 3, 2, 2, 3, 2, 3, 1, 2, 3, 2, 1, 1] 
dagE8.txt 1234x1.txt True 0.3581395348837209 0.65 249.75 [2, 3, 3, 3, 3, 3, 2, 0, 3, 3, 3, 3, 3, 3, 3, 3, 3, 3, 3, 3, 3, 3, 2, 3, 3, 3, 3, 2, 3, 2, 1, 3, 3, 3, 2, 2, 2, 3, 3, 3, 1, 3, 2, 2, 1, 0, 3, 1, 2, 1, 1, 1, 2, 2, 1, 2, 0, 2, 2, 1, 2, 1, 0, 1, 2, 2, 2, 2, 2, 1] 
dagE8.txt 1234x1.txt True 0.48372093023255813 0.7 231.0 [3, 3, 2, 1, 2, 1, 1, 1, 3, 1, 3, 3, 3, 1, 3, 0, 3, 0, 2, 2, 1, 2, 3, 2, 3, 1, 3, 2, 2, 3, 1, 0, 3, 3, 3, 3, 3, 3, 2, 3, 0, 3, 3, 3, 1, 2, 0, 2, 3, 2, 1, 1, 3, 2, 1, 3, 2, 3, 3, 2, 2, 1, 2, 1, 2, 2, 1, 2, 2, 2] 
dagE8.txt 1234x1.txt True 0.4511627906976744 0.75 243.5 [1, 1, 3, 1, 1, 2, 2, 2, 2, 2, 3, 1, 1, 1, 2, 1, 2, 0, 1, 1, 1, 1, 3, 3, 1, 1, 1, 3, 1, 2, 2, 3, 0, 2, 2, 0, 3, 2, 3, 2, 2, 0, 2, 0, 3, 3, 2, 3, 2, 3, 2, 2, 0, 3, 3, 3, 3, 2, 3, 3, 3, 3, 3, 2, 3, 3, 3, 3, 3, 2] 
dagE8.txt 1234x1.txt True 0.4511627906976744 0.8 243.5 [1, 1, 3, 1, 1, 2, 2, 2, 2, 2, 3, 1, 1, 1, 2, 1, 2, 0, 1, 1, 1, 1, 3, 3, 1, 1, 1, 3, 1, 2, 2, 3, 0, 2, 2, 0, 3, 2, 3, 2, 2, 0, 2, 0, 3, 3, 2, 3, 2, 3, 2, 2, 0, 3, 3, 3, 3, 2, 3, 3, 3, 3, 3, 2, 3, 3, 3, 3, 3, 2] 
dagE8.txt 1234x1.txt True 0.5534883720930233 0.85 236.5 [0, 3, 1, 1, 3, 1, 2, 2, 2, 2, 3, 1, 3, 2, 1, 3, 1, 3, 3, 3, 3, 1, 3, 3, 0, 3, 0, 1, 3, 2, 1, 3, 3, 1, 2, 3, 3, 0, 3, 3, 3, 3, 2, 3, 1, 0, 3, 0, 2, 2, 3, 1, 1, 2, 1, 0, 2, 3, 3, 2, 2, 2, 2, 2, 3, 2, 3, 2, 2, 3] 
dagE8.txt 1234x1.txt True 0.627906976744186 0.9 211.5 [0, 2, 1, 3, 2, 3, 3, 3, 3, 0, 2, 3, 0, 3, 3, 2, 3, 2, 3, 0, 0, 1, 1, 3, 3, 3, 2, 1, 3, 0, 2, 1, 2, 3, 2, 1, 3, 3, 2, 3, 2, 1, 2, 3, 3, 1, 1, 2, 3, 3, 3, 2, 1, 1, 3, 3, 1, 1, 2, 3, 2, 3, 2, 3, 2, 3, 2, 2, 2, 3] 
dagE8.txt 1234x1.txt True 0.42790697674418604 0.95 230.0 [2, 2, 3, 2, 3, 3, 2, 2, 3, 2, 3, 2, 2, 2, 3, 3, 2, 2, 3, 2, 3, 3, 3, 3, 2, 2, 3, 3, 3, 2, 3, 3, 3, 2, 0, 3, 3, 2, 3, 3, 0, 0, 0, 0, 3, 1, 2, 1, 0, 2, 1, 3, 3, 1, 1, 3, 1, 3, 0, 1, 1, 1, 1, 2, 1, 3, 3, 1, 3, 1] 
dagE8.txt 1234x1.txt True 0.42790697674418604 1 230.0 [2, 2, 3, 2, 3, 3, 2, 2, 3, 2, 3, 2, 2, 2, 3, 3, 2, 2, 3, 2, 3, 3, 3, 3, 2, 2, 3, 3, 3, 2, 3, 3, 3, 2, 0, 3, 3, 2, 3, 3, 0, 0, 0, 0, 3, 1, 2, 1, 0, 2, 1, 3, 3, 1, 1, 3, 1, 3, 0, 1, 1, 1, 1, 2, 1, 3, 3, 1, 3, 1] 
dagE8.txt 3_2x3.txt True 0.05116279069767442 0.07 637.0 [0, 0, 0, 0, 0, 0, 0, 0, 0, 0, 0, 0, 0, 0, 0, 0, 0, 0, 0, 0, 2, 0, 0, 0, 0, 0, 2, 0, 0, 0, 0, 0, 0, 0, 0, 0, 0, 0, 0, 0, 0, 0, 0, 0, 0, 0, 0, 0, 0, 0, 0, 0, 0, 0, 0, 0, 0, 2, 0, 0, 0, 0, 2, 0, 0, 0, 0, 0, 0, 0] 
dagE8.txt 3_2x3.txt True 0.05116279069767442 0.08 637.0 [0, 0, 0, 0, 0, 0, 0, 0, 0, 0, 0, 0, 0, 0, 0, 0, 0, 0, 0, 0, 2, 0, 0, 0, 0, 0, 2, 0, 0, 0, 0, 0, 0, 0, 0, 0, 0, 0, 0, 0, 0, 0, 0, 0, 0, 0, 0, 0, 0, 0, 0, 0, 0, 0, 0, 0, 0, 2, 0, 0, 0, 0, 2, 0, 0, 0, 0, 0, 0, 0] 
dagE8.txt 3_2x3.txt True 0.05116279069767442 0.09 637.0 [0, 0, 0, 0, 0, 0, 0, 0, 0, 0, 0, 0, 0, 0, 0, 0, 0, 0, 0, 0, 2, 0, 0, 0, 0, 0, 2, 0, 0, 0, 0, 0, 0, 0, 0, 0, 0, 0, 0, 0, 0, 0, 0, 0, 0, 0, 0, 0, 0, 0, 0, 0, 0, 0, 0, 0, 0, 2, 0, 0, 0, 0, 2, 0, 0, 0, 0, 0, 0, 0] 
dagE8.txt 3_2x3.txt True 0.05116279069767442 0.1 637.0 [0, 0, 0, 0, 0, 0, 0, 0, 0, 0, 0, 0, 0, 0, 0, 0, 0, 0, 0, 0, 2, 0, 0, 0, 0, 0, 2, 0, 0, 0, 0, 0, 0, 0, 0, 0, 0, 0, 0, 0, 0, 0, 0, 0, 0, 0, 0, 0, 0, 0, 0, 0, 0, 0, 0, 0, 0, 2, 0, 0, 0, 0, 2, 0, 0, 0, 0, 0, 0, 0] 
dagE8.txt 3_2x3.txt True 0.08372093023255814 0.11 590.0 [0, 0, 0, 0, 0, 0, 0, 0, 0, 0, 0, 0, 0, 0, 0, 0, 0, 0, 0, 0, 2, 0, 0, 0, 0, 0, 2, 0, 0, 0, 0, 0, 0, 0, 0, 0, 0, 0, 0, 0, 0, 0, 0, 0, 0, 2, 0, 0, 0, 0, 0, 0, 0, 0, 0, 0, 2, 0, 0, 0, 2, 0, 2, 0, 2, 0, 0, 2, 0, 2] 
dagE8.txt 3_2x3.txt True 0.08372093023255814 0.12 590.0 [0, 0, 0, 0, 0, 0, 0, 0, 0, 0, 0, 0, 0, 0, 0, 0, 0, 0, 0, 0, 2, 0, 0, 0, 0, 0, 2, 0, 0, 0, 0, 0, 0, 0, 0, 0, 0, 0, 0, 0, 0, 0, 0, 0, 0, 2, 0, 0, 0, 0, 0, 0, 0, 0, 0, 0, 2, 0, 0, 0, 2, 0, 2, 0, 2, 0, 0, 2, 0, 2] 
dagE8.txt 3_2x3.txt True 0.08372093023255814 0.13 590.0 [0, 0, 0, 0, 0, 0, 0, 0, 0, 0, 0, 0, 0, 0, 0, 0, 0, 0, 0, 0, 2, 0, 0, 0, 0, 0, 2, 0, 0, 0, 0, 0, 0, 0, 0, 0, 0, 0, 0, 0, 0, 0, 0, 0, 0, 2, 0, 0, 0, 0, 0, 0, 0, 0, 0, 0, 2, 0, 0, 0, 2, 0, 2, 0, 2, 0, 0, 2, 0, 2] 
dagE8.txt 3_2x3.txt True 0.11162790697674418 0.14 590.0 [4, 4, 4, 4, 4, 4, 0, 4, 4, 4, 4, 4, 4, 4, 4, 4, 4, 4, 4, 4, 2, 4, 4, 4, 4, 4, 2, 4, 4, 4, 4, 4, 4, 4, 4, 4, 4, 4, 4, 4, 4, 4, 4, 4, 4, 4, 4, 4, 4, 4, 4, 4, 4, 4, 4, 4, 4, 0, 4, 5, 4, 4, 0, 4, 5, 4, 4, 5, 4, 5] 
dagE8.txt 3_2x3.txt True 0.11162790697674418 0.15 590.0 [4, 4, 4, 4, 4, 4, 0, 4, 4, 4, 4, 4, 4, 4, 4, 4, 4, 4, 4, 4, 2, 4, 4, 4, 4, 4, 2, 4, 4, 4, 4, 4, 4, 4, 4, 4, 4, 4, 4, 4, 4, 4, 4, 4, 4, 4, 4, 4, 4, 4, 4, 4, 4, 4, 4, 4, 4, 0, 4, 5, 4, 4, 0, 4, 5, 4, 4, 5, 4, 5] 
dagE8.txt 3_2x3.txt True 0.11162790697674418 0.16 590.0 [4, 4, 4, 4, 4, 4, 0, 4, 4, 4, 4, 4, 4, 4, 4, 4, 4, 4, 4, 4, 2, 4, 4, 4, 4, 4, 2, 4, 4, 4, 4, 4, 4, 4, 4, 4, 4, 4, 4, 4, 4, 4, 4, 4, 4, 4, 4, 4, 4, 4, 4, 4, 4, 4, 4, 4, 4, 0, 4, 5, 4, 4, 0, 4, 5, 4, 4, 5, 4, 5] 
dagE8.txt 3_2x3.txt True 0.11162790697674418 0.17 590.0 [4, 4, 4, 4, 4, 4, 0, 4, 4, 4, 4, 4, 4, 4, 4, 4, 4, 4, 4, 4, 2, 4, 4, 4, 4, 4, 2, 4, 4, 4, 4, 4, 4, 4, 4, 4, 4, 4, 4, 4, 4, 4, 4, 4, 4, 4, 4, 4, 4, 4, 4, 4, 4, 4, 4, 4, 4, 0, 4, 5, 4, 4, 0, 4, 5, 4, 4, 5, 4, 5] 
dagE8.txt 3_2x3.txt True 0.15813953488372093 0.18 563.6666666666666 [2, 2, 2, 2, 2, 2, 2, 3, 2, 2, 2, 2, 2, 2, 2, 2, 2, 2, 2, 2, 0, 2, 2, 2, 2, 2, 0, 2, 2, 2, 2, 2, 2, 2, 2, 2, 2, 2, 2, 2, 2, 2, 2, 2, 2, 1, 2, 2, 2, 2, 3, 2, 2, 2, 3, 1, 1, 2, 2, 0, 2, 2, 2, 2, 5, 5, 2, 5, 5, 3] 
dagE8.txt 3_2x3.txt True 0.15813953488372093 0.19 563.6666666666666 [2, 2, 2, 2, 2, 2, 2, 3, 2, 2, 2, 2, 2, 2, 2, 2, 2, 2, 2, 2, 0, 2, 2, 2, 2, 2, 0, 2, 2, 2, 2, 2, 2, 2, 2, 2, 2, 2, 2, 2, 2, 2, 2, 2, 2, 1, 2, 2, 2, 2, 3, 2, 2, 2, 3, 1, 1, 2, 2, 0, 2, 2, 2, 2, 5, 5, 2, 5, 5, 3] 
dagE8.txt 3_2x3.txt True 0.15813953488372093 0.2 563.6666666666666 [2, 2, 2, 2, 2, 2, 2, 3, 2, 2, 2, 2, 2, 2, 2, 2, 2, 2, 2, 2, 0, 2, 2, 2, 2, 2, 0, 2, 2, 2, 2, 2, 2, 2, 2, 2, 2, 2, 2, 2, 2, 2, 2, 2, 2, 1, 2, 2, 2, 2, 3, 2, 2, 2, 3, 1, 1, 2, 2, 0, 2, 2, 2, 2, 5, 5, 2, 5, 5, 3] 
dagE8.txt 3_2x3.txt True 0.15813953488372093 0.25 563.6666666666666 [2, 2, 2, 2, 2, 2, 2, 3, 2, 2, 2, 2, 2, 2, 2, 2, 2, 2, 2, 2, 0, 2, 2, 2, 2, 2, 0, 2, 2, 2, 2, 2, 2, 2, 2, 2, 2, 2, 2, 2, 2, 2, 2, 2, 2, 1, 2, 2, 2, 2, 3, 2, 2, 2, 3, 1, 1, 2, 2, 0, 2, 2, 2, 2, 5, 5, 2, 5, 5, 3] 
dagE8.txt 3_2x3.txt True 0.15813953488372093 0.3 563.6666666666666 [2, 2, 2, 2, 2, 2, 2, 3, 2, 2, 2, 2, 2, 2, 2, 2, 2, 2, 2, 2, 0, 2, 2, 2, 2, 2, 0, 2, 2, 2, 2, 2, 2, 2, 2, 2, 2, 2, 2, 2, 2, 2, 2, 2, 2, 1, 2, 2, 2, 2, 3, 2, 2, 2, 3, 1, 1, 2, 2, 0, 2, 2, 2, 2, 5, 5, 2, 5, 5, 3] 
dagE8.txt 3_2x3.txt True 0.15813953488372093 0.35 563.6666666666666 [2, 2, 2, 2, 2, 2, 2, 3, 2, 2, 2, 2, 2, 2, 2, 2, 2, 2, 2, 2, 0, 2, 2, 2, 2, 2, 0, 2, 2, 2, 2, 2, 2, 2, 2, 2, 2, 2, 2, 2, 2, 2, 2, 2, 2, 1, 2, 2, 2, 2, 3, 2, 2, 2, 3, 1, 1, 2, 2, 0, 2, 2, 2, 2, 5, 5, 2, 5, 5, 3] 
dagE8.txt 3_2x3.txt True 0.15813953488372093 0.4 563.6666666666666 [2, 2, 2, 2, 2, 2, 2, 3, 2, 2, 2, 2, 2, 2, 2, 2, 2, 2, 2, 2, 0, 2, 2, 2, 2, 2, 0, 2, 2, 2, 2, 2, 2, 2, 2, 2, 2, 2, 2, 2, 2, 2, 2, 2, 2, 1, 2, 2, 2, 2, 3, 2, 2, 2, 3, 1, 1, 2, 2, 0, 2, 2, 2, 2, 5, 5, 2, 5, 5, 3] 
dagE8.txt 3_2x3.txt True 0.15813953488372093 0.45 563.6666666666666 [2, 2, 2, 2, 2, 2, 2, 3, 2, 2, 2, 2, 2, 2, 2, 2, 2, 2, 2, 2, 0, 2, 2, 2, 2, 2, 0, 2, 2, 2, 2, 2, 2, 2, 2, 2, 2, 2, 2, 2, 2, 2, 2, 2, 2, 1, 2, 2, 2, 2, 3, 2, 2, 2, 3, 1, 1, 2, 2, 0, 2, 2, 2, 2, 5, 5, 2, 5, 5, 3] 
dagE8.txt 3_2x3.txt True 0.4604651162790698 0.5 166.33333333333334 [3, 0, 0, 3, 3, 1, 1, 1, 1, 1, 0, 3, 3, 1, 1, 5, 1, 0, 0, 3, 3, 0, 0, 5, 3, 3, 2, 0, 3, 1, 4, 5, 0, 1, 4, 4, 4, 1, 5, 5, 5, 5, 4, 4, 4, 2, 5, 2, 4, 4, 4, 2, 4, 2, 4, 4, 2, 4, 4, 2, 2, 4, 2, 4, 2, 2, 4, 2, 2, 4] 
dagE8.txt 3_2x3.txt True 0.48372093023255813 0.55 200.5 [2, 5, 3, 4, 3, 4, 4, 4, 4, 4, 5, 2, 4, 4, 4, 3, 4, 5, 5, 4, 4, 3, 3, 3, 2, 4, 4, 3, 5, 4, 0, 3, 5, 4, 0, 0, 1, 4, 1, 0, 3, 2, 0, 0, 4, 3, 2, 2, 0, 2, 0, 5, 1, 1, 2, 2, 1, 0, 1, 1, 1, 4, 0, 2, 1, 1, 2, 1, 1, 0] 
dagE8.txt 3_2x3.txt True 0.4790697674418605 0.6 169.33333333333334 [1, 4, 4, 1, 2, 2, 2, 2, 2, 2, 4, 1, 1, 2, 2, 2, 2, 4, 2, 1, 1, 2, 4, 2, 1, 1, 2, 4, 1, 2, 5, 4, 4, 2, 3, 3, 3, 2, 3, 0, 5, 4, 3, 3, 5, 5, 4, 0, 3, 5, 5, 5, 3, 0, 5, 3, 0, 0, 3, 0, 0, 5, 0, 5, 2, 0, 5, 0, 2, 2] 
dagE8.txt 3_2x3.txt True 0.5581395348837209 0.65 184.66666666666666 [0, 4, 2, 4, 2, 2, 1, 2, 5, 5, 4, 1, 4, 2, 5, 2, 5, 3, 4, 4, 4, 2, 0, 2, 5, 4, 2, 0, 4, 0, 1, 3, 4, 5, 0, 3, 0, 5, 2, 0, 1, 3, 0, 3, 4, 2, 3, 4, 0, 4, 1, 1, 3, 0, 4, 0, 4, 3, 0, 4, 0, 4, 4, 4, 0, 0, 0, 0, 0, 1] 
dagE8.txt 3_2x3.txt True 0.5720930232558139 0.7 202.0 [4, 4, 1, 0, 2, 0, 0, 0, 4, 0, 2, 3, 4, 0, 4, 1, 4, 5, 2, 2, 0, 1, 2, 2, 2, 0, 0, 1, 2, 4, 4, 5, 2, 4, 5, 1, 5, 4, 1, 5, 5, 2, 5, 1, 3, 2, 3, 4, 5, 4, 4, 4, 1, 2, 3, 5, 2, 5, 5, 4, 2, 3, 4, 0, 2, 2, 3, 2, 2, 5] 
dagE8.txt 3_2x3.txt True 0.5720930232558139 0.75 193.0 [4, 3, 1, 4, 4, 2, 2, 2, 2, 2, 2, 4, 4, 1, 2, 4, 2, 1, 2, 4, 2, 3, 1, 2, 4, 0, 2, 2, 2, 2, 3, 2, 3, 2, 0, 5, 0, 2, 0, 0, 5, 1, 0, 5, 4, 2, 0, 4, 0, 4, 0, 3, 5, 5, 4, 0, 4, 0, 0, 4, 5, 4, 4, 5, 4, 5, 0, 5, 4, 4] 
dagE8.txt 3_2x3.txt True 0.5720930232558139 0.8 193.0 [4, 3, 1, 4, 4, 2, 2, 2, 2, 2, 2, 4, 4, 1, 2, 4, 2, 1, 2, 4, 2, 3, 1, 2, 4, 0, 2, 2, 2, 2, 3, 2, 3, 2, 0, 5, 0, 2, 0, 0, 5, 1, 0, 5, 4, 2, 0, 4, 0, 4, 0, 3, 5, 5, 4, 0, 4, 0, 0, 4, 5, 4, 4, 5, 4, 5, 0, 5, 4, 4] 
dagE8.txt 3_2x3.txt True 0.6511627906976745 0.85 171.5 [0, 2, 3, 3, 2, 1, 5, 0, 0, 2, 3, 3, 2, 0, 1, 2, 5, 5, 2, 2, 2, 2, 3, 2, 0, 2, 3, 3, 2, 0, 0, 0, 3, 5, 0, 1, 4, 0, 2, 5, 5, 0, 0, 1, 3, 1, 2, 3, 0, 4, 4, 0, 5, 4, 3, 1, 1, 5, 4, 1, 4, 4, 5, 4, 4, 4, 4, 4, 4, 4] 
dagE8.txt 3_2x3.txt True 0.5767441860465117 0.9 152.0 [1, 0, 0, 0, 1, 2, 1, 2, 0, 2, 0, 1, 2, 2, 0, 1, 2, 0, 0, 1, 1, 0, 0, 2, 0, 1, 1, 0, 1, 2, 5, 4, 0, 2, 2, 4, 5, 2, 4, 4, 4, 4, 3, 5, 4, 2, 4, 3, 4, 3, 5, 5, 4, 3, 5, 5, 3, 5, 4, 3, 3, 3, 5, 4, 2, 3, 4, 2, 2, 5] 
dagE8.txt 3_2x3.txt True 0.5348837209302325 0.95 193.5 [4, 3, 3, 4, 4, 4, 5, 4, 5, 4, 0, 4, 4, 4, 5, 3, 5, 3, 0, 4, 4, 3, 3, 0, 4, 4, 5, 3, 3, 5, 2, 3, 0, 5, 1, 1, 2, 5, 1, 1, 2, 5, 1, 2, 0, 0, 5, 2, 1, 2, 2, 2, 1, 0, 2, 2, 0, 1, 1, 0, 0, 2, 2, 2, 0, 0, 0, 0, 0, 0] 
dagE8.txt 3_2x3.txt True 0.5348837209302325 1 193.5 [4, 3, 3, 4, 4, 4, 5, 4, 5, 4, 0, 4, 4, 4, 5, 3, 5, 3, 0, 4, 4, 3, 3, 0, 4, 4, 5, 3, 3, 5, 2, 3, 0, 5, 1, 1, 2, 5, 1, 1, 2, 5, 1, 2, 0, 0, 5, 2, 1, 2, 2, 2, 1, 0, 2, 2, 0, 1, 1, 0, 0, 2, 2, 2, 0, 0, 0, 0, 0, 0] 
dagE8.txt 1234x3.txt True 0.05116279069767442 0.07 477.75 [3, 3, 3, 3, 3, 3, 3, 3, 3, 3, 3, 3, 3, 3, 3, 3, 3, 3, 3, 3, 5, 3, 3, 3, 3, 3, 5, 3, 3, 3, 3, 3, 3, 3, 3, 3, 3, 3, 3, 3, 3, 3, 3, 3, 3, 3, 3, 3, 3, 3, 3, 3, 3, 3, 3, 3, 3, 11, 3, 3, 3, 3, 11, 3, 3, 3, 3, 3, 3, 3] 
dagE8.txt 1234x3.txt True 0.05116279069767442 0.08 477.75 [3, 3, 3, 3, 3, 3, 3, 3, 3, 3, 3, 3, 3, 3, 3, 3, 3, 3, 3, 3, 5, 3, 3, 3, 3, 3, 5, 3, 3, 3, 3, 3, 3, 3, 3, 3, 3, 3, 3, 3, 3, 3, 3, 3, 3, 3, 3, 3, 3, 3, 3, 3, 3, 3, 3, 3, 3, 11, 3, 3, 3, 3, 11, 3, 3, 3, 3, 3, 3, 3] 
dagE8.txt 1234x3.txt True 0.05116279069767442 0.09 477.75 [3, 3, 3, 3, 3, 3, 3, 3, 3, 3, 3, 3, 3, 3, 3, 3, 3, 3, 3, 3, 5, 3, 3, 3, 3, 3, 5, 3, 3, 3, 3, 3, 3, 3, 3, 3, 3, 3, 3, 3, 3, 3, 3, 3, 3, 3, 3, 3, 3, 3, 3, 3, 3, 3, 3, 3, 3, 11, 3, 3, 3, 3, 11, 3, 3, 3, 3, 3, 3, 3] 
dagE8.txt 1234x3.txt True 0.05116279069767442 0.1 477.75 [3, 3, 3, 3, 3, 3, 3, 3, 3, 3, 3, 3, 3, 3, 3, 3, 3, 3, 3, 3, 5, 3, 3, 3, 3, 3, 5, 3, 3, 3, 3, 3, 3, 3, 3, 3, 3, 3, 3, 3, 3, 3, 3, 3, 3, 3, 3, 3, 3, 3, 3, 3, 3, 3, 3, 3, 3, 11, 3, 3, 3, 3, 11, 3, 3, 3, 3, 3, 3, 3] 
dagE8.txt 1234x3.txt True 0.10232558139534884 0.11 442.5 [3, 3, 3, 3, 3, 3, 3, 3, 3, 3, 3, 3, 3, 3, 3, 3, 3, 3, 3, 3, 2, 3, 3, 3, 3, 3, 4, 3, 3, 3, 3, 3, 3, 3, 3, 3, 3, 3, 3, 3, 3, 3, 3, 3, 3, 8, 3, 3, 3, 3, 3, 3, 3, 3, 3, 3, 8, 3, 3, 3, 7, 3, 8, 3, 10, 3, 3, 7, 3, 11] 
dagE8.txt 1234x3.txt True 0.10232558139534884 0.12 442.5 [3, 3, 3, 3, 3, 3, 3, 3, 3, 3, 3, 3, 3, 3, 3, 3, 3, 3, 3, 3, 2, 3, 3, 3, 3, 3, 4, 3, 3, 3, 3, 3, 3, 3, 3, 3, 3, 3, 3, 3, 3, 3, 3, 3, 3, 8, 3, 3, 3, 3, 3, 3, 3, 3, 3, 3, 8, 3, 3, 3, 7, 3, 8, 3, 10, 3, 3, 7, 3, 11] 
dagE8.txt 1234x3.txt True 0.10232558139534884 0.13 442.5 [3, 3, 3, 3, 3, 3, 3, 3, 3, 3, 3, 3, 3, 3, 3, 3, 3, 3, 3, 3, 2, 3, 3, 3, 3, 3, 4, 3, 3, 3, 3, 3, 3, 3, 3, 3, 3, 3, 3, 3, 3, 3, 3, 3, 3, 8, 3, 3, 3, 3, 3, 3, 3, 3, 3, 3, 8, 3, 3, 3, 7, 3, 8, 3, 10, 3, 3, 7, 3, 11] 
dagE8.txt 1234x3.txt True 0.13023255813953488 0.14 442.5 [3, 3, 3, 3, 3, 3, 11, 3, 3, 3, 3, 3, 3, 3, 3, 3, 3, 3, 3, 3, 2, 3, 3, 3, 3, 3, 1, 3, 3, 3, 3, 3, 3, 3, 3, 3, 3, 3, 3, 3, 3, 3, 3, 3, 3, 3, 3, 3, 3, 3, 3, 3, 3, 3, 3, 3, 3, 5, 3, 9, 3, 3, 4, 3, 7, 3, 3, 9, 3, 8] 
dagE8.txt 1234x3.txt True 0.13023255813953488 0.15 442.5 [3, 3, 3, 3, 3, 3, 11, 3, 3, 3, 3, 3, 3, 3, 3, 3, 3, 3, 3, 3, 2, 3, 3, 3, 3, 3, 1, 3, 3, 3, 3, 3, 3, 3, 3, 3, 3, 3, 3, 3, 3, 3, 3, 3, 3, 3, 3, 3, 3, 3, 3, 3, 3, 3, 3, 3, 3, 5, 3, 9, 3, 3, 4, 3, 7, 3, 3, 9, 3, 8] 
dagE8.txt 1234x3.txt True 0.13023255813953488 0.16 442.5 [3, 3, 3, 3, 3, 3, 11, 3, 3, 3, 3, 3, 3, 3, 3, 3, 3, 3, 3, 3, 2, 3, 3, 3, 3, 3, 1, 3, 3, 3, 3, 3, 3, 3, 3, 3, 3, 3, 3, 3, 3, 3, 3, 3, 3, 3, 3, 3, 3, 3, 3, 3, 3, 3, 3, 3, 3, 5, 3, 9, 3, 3, 4, 3, 7, 3, 3, 9, 3, 8] 
dagE8.txt 1234x3.txt True 0.13023255813953488 0.17 442.5 [3, 3, 3, 3, 3, 3, 11, 3, 3, 3, 3, 3, 3, 3, 3, 3, 3, 3, 3, 3, 2, 3, 3, 3, 3, 3, 1, 3, 3, 3, 3, 3, 3, 3, 3, 3, 3, 3, 3, 3, 3, 3, 3, 3, 3, 3, 3, 3, 3, 3, 3, 3, 3, 3, 3, 3, 3, 5, 3, 9, 3, 3, 4, 3, 7, 3, 3, 9, 3, 8] 
dagE8.txt 1234x3.txt True 0.17209302325581396 0.18 429.0 [7, 7, 7, 7, 7, 7, 7, 5, 7, 7, 7, 7, 7, 7, 7, 7, 7, 7, 7, 7, 3, 7, 7, 7, 7, 7, 3, 7, 7, 7, 7, 7, 7, 7, 7, 7, 7, 7, 7, 7, 7, 7, 7, 7, 7, 2, 7, 7, 7, 7, 8, 7, 7, 7, 6, 1, 2, 7, 7, 10, 7, 7, 7, 7, 7, 11, 7, 11, 9, 8] 
dagE8.txt 1234x3.txt True 0.17209302325581396 0.19 429.0 [7, 7, 7, 7, 7, 7, 7, 5, 7, 7, 7, 7, 7, 7, 7, 7, 7, 7, 7, 7, 3, 7, 7, 7, 7, 7, 3, 7, 7, 7, 7, 7, 7, 7, 7, 7, 7, 7, 7, 7, 7, 7, 7, 7, 7, 2, 7, 7, 7, 7, 8, 7, 7, 7, 6, 1, 2, 7, 7, 10, 7, 7, 7, 7, 7, 11, 7, 11, 9, 8] 
dagE8.txt 1234x3.txt True 0.17209302325581396 0.2 429.0 [7, 7, 7, 7, 7, 7, 7, 5, 7, 7, 7, 7, 7, 7, 7, 7, 7, 7, 7, 7, 3, 7, 7, 7, 7, 7, 3, 7, 7, 7, 7, 7, 7, 7, 7, 7, 7, 7, 7, 7, 7, 7, 7, 7, 7, 2, 7, 7, 7, 7, 8, 7, 7, 7, 6, 1, 2, 7, 7, 10, 7, 7, 7, 7, 7, 11, 7, 11, 9, 8] 
dagE8.txt 1234x3.txt True 0.17209302325581396 0.25 429.0 [7, 7, 7, 7, 7, 7, 7, 5, 7, 7, 7, 7, 7, 7, 7, 7, 7, 7, 7, 7, 3, 7, 7, 7, 7, 7, 3, 7, 7, 7, 7, 7, 7, 7, 7, 7, 7, 7, 7, 7, 7, 7, 7, 7, 7, 2, 7, 7, 7, 7, 8, 7, 7, 7, 6, 1, 2, 7, 7, 10, 7, 7, 7, 7, 7, 11, 7, 11, 9, 8] 
dagE8.txt 1234x3.txt True 0.17209302325581396 0.3 429.0 [7, 7, 7, 7, 7, 7, 7, 5, 7, 7, 7, 7, 7, 7, 7, 7, 7, 7, 7, 7, 3, 7, 7, 7, 7, 7, 3, 7, 7, 7, 7, 7, 7, 7, 7, 7, 7, 7, 7, 7, 7, 7, 7, 7, 7, 2, 7, 7, 7, 7, 8, 7, 7, 7, 6, 1, 2, 7, 7, 10, 7, 7, 7, 7, 7, 11, 7, 11, 9, 8] 
dagE8.txt 1234x3.txt True 0.17209302325581396 0.35 429.0 [7, 7, 7, 7, 7, 7, 7, 5, 7, 7, 7, 7, 7, 7, 7, 7, 7, 7, 7, 7, 3, 7, 7, 7, 7, 7, 3, 7, 7, 7, 7, 7, 7, 7, 7, 7, 7, 7, 7, 7, 7, 7, 7, 7, 7, 2, 7, 7, 7, 7, 8, 7, 7, 7, 6, 1, 2, 7, 7, 10, 7, 7, 7, 7, 7, 11, 7, 11, 9, 8] 
dagE8.txt 1234x3.txt True 0.17209302325581396 0.4 429.0 [7, 7, 7, 7, 7, 7, 7, 5, 7, 7, 7, 7, 7, 7, 7, 7, 7, 7, 7, 7, 3, 7, 7, 7, 7, 7, 3, 7, 7, 7, 7, 7, 7, 7, 7, 7, 7, 7, 7, 7, 7, 7, 7, 7, 7, 2, 7, 7, 7, 7, 8, 7, 7, 7, 6, 1, 2, 7, 7, 10, 7, 7, 7, 7, 7, 11, 7, 11, 9, 8] 
dagE8.txt 1234x3.txt True 0.17209302325581396 0.45 429.0 [7, 7, 7, 7, 7, 7, 7, 5, 7, 7, 7, 7, 7, 7, 7, 7, 7, 7, 7, 7, 3, 7, 7, 7, 7, 7, 3, 7, 7, 7, 7, 7, 7, 7, 7, 7, 7, 7, 7, 7, 7, 7, 7, 7, 7, 2, 7, 7, 7, 7, 8, 7, 7, 7, 6, 1, 2, 7, 7, 10, 7, 7, 7, 7, 7, 11, 7, 11, 9, 8] 
dagE8.txt 1234x3.txt True 0.48372093023255813 0.5 146.0 [10, 11, 11, 10, 10, 3, 3, 3, 3, 3, 11, 10, 10, 3, 3, 9, 3, 11, 11, 10, 10, 11, 11, 9, 10, 10, 7, 11, 10, 3, 7, 9, 11, 3, 7, 7, 7, 3, 2, 9, 9, 9, 7, 7, 7, 5, 9, 6, 7, 7, 7, 0, 7, 6, 7, 7, 5, 7, 7, 6, 6, 7, 4, 7, 6, 6, 7, 6, 6, 7] 
dagE8.txt 1234x3.txt True 0.5302325581395348 0.55 121.25 [3, 9, 7, 7, 11, 7, 7, 7, 7, 7, 9, 3, 7, 7, 7, 6, 7, 9, 9, 7, 11, 11, 7, 6, 3, 7, 11, 6, 9, 7, 2, 6, 9, 7, 2, 2, 11, 7, 11, 2, 6, 3, 2, 2, 4, 6, 3, 5, 2, 5, 2, 1, 11, 11, 5, 5, 11, 2, 11, 11, 11, 4, 2, 0, 11, 11, 5, 11, 11, 2] 
dagE8.txt 1234x3.txt True 0.5348837209302325 0.6 111.0 [3, 7, 7, 3, 2, 2, 2, 2, 2, 2, 7, 1, 3, 2, 2, 3, 2, 7, 3, 3, 5, 3, 7, 3, 3, 3, 2, 7, 5, 2, 11, 7, 7, 2, 6, 6, 6, 2, 6, 6, 11, 7, 6, 6, 11, 8, 7, 10, 6, 11, 11, 11, 6, 10, 11, 6, 7, 6, 6, 10, 10, 11, 7, 11, 9, 10, 11, 10, 9, 9] 
dagE8.txt 1234x3.txt True 0.6046511627906976 0.65 112.33333333333333 [10, 6, 11, 6, 11, 11, 9, 6, 7, 7, 6, 11, 6, 11, 7, 11, 7, 7, 6, 6, 6, 11, 8, 11, 11, 6, 11, 8, 6, 10, 5, 3, 6, 7, 7, 3, 7, 7, 11, 5, 5, 3, 7, 3, 1, 3, 3, 1, 7, 1, 0, 5, 3, 2, 1, 7, 4, 3, 7, 1, 2, 1, 4, 1, 2, 2, 7, 2, 2, 0] 
dagE8.txt 1234x3.txt True 0.6232558139534884 0.7 144.0 [10, 10, 1, 11, 2, 11, 11, 11, 10, 11, 3, 5, 10, 11, 10, 0, 10, 0, 2, 2, 11, 1, 3, 2, 5, 11, 2, 1, 2, 10, 10, 0, 3, 10, 7, 3, 7, 10, 9, 7, 11, 5, 7, 3, 6, 7, 4, 3, 7, 3, 10, 10, 3, 7, 6, 7, 7, 7, 7, 3, 7, 6, 3, 8, 7, 7, 6, 7, 7, 11] 
dagE8.txt 1234x3.txt True 0.5627906976744186 0.75 93.5 [7, 6, 10, 7, 7, 3, 3, 3, 3, 3, 10, 7, 7, 8, 3, 7, 3, 6, 7, 7, 7, 11, 10, 11, 7, 8, 7, 10, 7, 3, 2, 10, 10, 3, 11, 1, 11, 3, 11, 11, 0, 9, 11, 1, 5, 4, 9, 5, 11, 5, 2, 0, 1, 3, 5, 11, 4, 11, 11, 5, 3, 5, 4, 5, 3, 3, 11, 3, 3, 2] 
dagE8.txt 1234x3.txt True 0.5627906976744186 0.8 93.5 [7, 6, 10, 7, 7, 3, 3, 3, 3, 3, 10, 7, 7, 8, 3, 7, 3, 6, 7, 7, 7, 11, 10, 11, 7, 8, 7, 10, 7, 3, 2, 10, 10, 3, 11, 1, 11, 3, 11, 11, 0, 9, 11, 1, 5, 4, 9, 5, 11, 5, 2, 0, 1, 3, 5, 11, 4, 11, 11, 5, 3, 5, 4, 5, 3, 3, 11, 3, 3, 2] 
dagE8.txt 1234x3.txt True 0.6930232558139535 0.85 80.5 [6, 11, 3, 8, 10, 3, 6, 2, 7, 7, 11, 10, 7, 2, 3, 9, 7, 11, 11, 7, 10, 9, 11, 9, 6, 7, 10, 3, 10, 7, 2, 1, 11, 7, 6, 2, 10, 6, 0, 2, 1, 1, 6, 2, 5, 9, 11, 4, 6, 11, 5, 2, 1, 7, 5, 0, 3, 2, 10, 4, 3, 11, 3, 11, 5, 7, 10, 3, 7, 5] 
dagE8.txt 1234x3.txt True 0.6790697674418604 0.9 86.0 [5, 2, 7, 7, 11, 3, 11, 3, 7, 3, 1, 5, 5, 3, 7, 11, 2, 2, 1, 5, 3, 0, 1, 0, 7, 5, 3, 1, 11, 4, 3, 2, 1, 2, 7, 8, 6, 2, 6, 7, 3, 6, 7, 8, 10, 9, 2, 11, 7, 10, 10, 3, 2, 9, 10, 6, 9, 7, 6, 11, 11, 10, 9, 7, 11, 9, 6, 11, 11, 10] 
dagE8.txt 1234x3.txt True 0.6930232558139535 0.95 82.66666666666667 [3, 11, 6, 7, 8, 10, 11, 11, 10, 11, 10, 3, 11, 11, 10, 7, 9, 11, 10, 7, 7, 6, 6, 8, 11, 10, 7, 6, 7, 9, 2, 1, 10, 9, 0, 1, 2, 9, 2, 3, 2, 1, 0, 2, 11, 6, 9, 5, 7, 7, 4, 2, 1, 5, 4, 2, 5, 3, 1, 3, 5, 3, 5, 7, 3, 6, 11, 3, 6, 3] 
dagE8.txt 1234x3.txt True 0.6930232558139535 1 82.66666666666667 [3, 11, 6, 7, 8, 10, 11, 11, 10, 11, 10, 3, 11, 11, 10, 7, 9, 11, 10, 7, 7, 6, 6, 8, 11, 10, 7, 6, 7, 9, 2, 1, 10, 9, 0, 1, 2, 9, 2, 3, 2, 1, 0, 2, 11, 6, 9, 5, 7, 7, 4, 2, 1, 5, 4, 2, 5, 3, 1, 3, 5, 3, 5, 7, 3, 6, 11, 3, 6, 3] 
dagE8.txt 1_4x1.txt True 0.0 0.07 502.25 [1, 1, 1, 1, 1, 1, 1, 1, 1, 1, 1, 1, 1, 1, 1, 1, 1, 1, 1, 1, 1, 1, 1, 1, 1, 1, 1, 1, 1, 1, 1, 1, 1, 1, 1, 1, 1, 1, 1, 1, 1, 1, 1, 1, 1, 1, 1, 1, 1, 1, 1, 1, 1, 1, 1, 1, 1, 1, 1, 1, 1, 1, 1, 1, 1, 1, 1, 1, 1, 1] 
dagE8.txt 1_4x1.txt True 0.0 0.08 502.25 [1, 1, 1, 1, 1, 1, 1, 1, 1, 1, 1, 1, 1, 1, 1, 1, 1, 1, 1, 1, 1, 1, 1, 1, 1, 1, 1, 1, 1, 1, 1, 1, 1, 1, 1, 1, 1, 1, 1, 1, 1, 1, 1, 1, 1, 1, 1, 1, 1, 1, 1, 1, 1, 1, 1, 1, 1, 1, 1, 1, 1, 1, 1, 1, 1, 1, 1, 1, 1, 1] 
dagE8.txt 1_4x1.txt True 0.0 0.09 502.25 [1, 1, 1, 1, 1, 1, 1, 1, 1, 1, 1, 1, 1, 1, 1, 1, 1, 1, 1, 1, 1, 1, 1, 1, 1, 1, 1, 1, 1, 1, 1, 1, 1, 1, 1, 1, 1, 1, 1, 1, 1, 1, 1, 1, 1, 1, 1, 1, 1, 1, 1, 1, 1, 1, 1, 1, 1, 1, 1, 1, 1, 1, 1, 1, 1, 1, 1, 1, 1, 1] 
dagE8.txt 1_4x1.txt True 0.0 0.1 502.25 [1, 1, 1, 1, 1, 1, 1, 1, 1, 1, 1, 1, 1, 1, 1, 1, 1, 1, 1, 1, 1, 1, 1, 1, 1, 1, 1, 1, 1, 1, 1, 1, 1, 1, 1, 1, 1, 1, 1, 1, 1, 1, 1, 1, 1, 1, 1, 1, 1, 1, 1, 1, 1, 1, 1, 1, 1, 1, 1, 1, 1, 1, 1, 1, 1, 1, 1, 1, 1, 1] 
dagE8.txt 1_4x1.txt True 0.05116279069767442 0.11 474.0 [1, 1, 1, 1, 1, 1, 1, 1, 1, 1, 1, 1, 1, 1, 1, 1, 1, 1, 1, 1, 0, 1, 1, 1, 1, 1, 0, 1, 1, 1, 1, 1, 1, 1, 1, 1, 1, 1, 1, 1, 1, 1, 1, 1, 1, 0, 1, 1, 1, 1, 1, 1, 1, 1, 1, 1, 0, 1, 1, 1, 1, 1, 0, 1, 1, 1, 1, 1, 1, 1] 
dagE8.txt 1_4x1.txt True 0.05116279069767442 0.12 474.0 [1, 1, 1, 1, 1, 1, 1, 1, 1, 1, 1, 1, 1, 1, 1, 1, 1, 1, 1, 1, 0, 1, 1, 1, 1, 1, 0, 1, 1, 1, 1, 1, 1, 1, 1, 1, 1, 1, 1, 1, 1, 1, 1, 1, 1, 0, 1, 1, 1, 1, 1, 1, 1, 1, 1, 1, 0, 1, 1, 1, 1, 1, 0, 1, 1, 1, 1, 1, 1, 1] 
dagE8.txt 1_4x1.txt True 0.05116279069767442 0.13 474.0 [1, 1, 1, 1, 1, 1, 1, 1, 1, 1, 1, 1, 1, 1, 1, 1, 1, 1, 1, 1, 0, 1, 1, 1, 1, 1, 0, 1, 1, 1, 1, 1, 1, 1, 1, 1, 1, 1, 1, 1, 1, 1, 1, 1, 1, 0, 1, 1, 1, 1, 1, 1, 1, 1, 1, 1, 0, 1, 1, 1, 1, 1, 0, 1, 1, 1, 1, 1, 1, 1] 
dagE8.txt 1_4x1.txt True 0.05116279069767442 0.14 477.75 [1, 1, 1, 1, 1, 1, 1, 1, 1, 1, 1, 1, 1, 1, 1, 1, 1, 1, 1, 1, 0, 1, 1, 1, 1, 1, 0, 1, 1, 1, 1, 1, 1, 1, 1, 1, 1, 1, 1, 1, 1, 1, 1, 1, 1, 1, 1, 1, 1, 1, 1, 1, 1, 1, 1, 1, 1, 0, 1, 1, 1, 1, 0, 1, 1, 1, 1, 1, 1, 1] 
dagE8.txt 1_4x1.txt True 0.05116279069767442 0.15 477.75 [1, 1, 1, 1, 1, 1, 1, 1, 1, 1, 1, 1, 1, 1, 1, 1, 1, 1, 1, 1, 0, 1, 1, 1, 1, 1, 0, 1, 1, 1, 1, 1, 1, 1, 1, 1, 1, 1, 1, 1, 1, 1, 1, 1, 1, 1, 1, 1, 1, 1, 1, 1, 1, 1, 1, 1, 1, 0, 1, 1, 1, 1, 0, 1, 1, 1, 1, 1, 1, 1] 
dagE8.txt 1_4x1.txt True 0.05116279069767442 0.16 477.75 [1, 1, 1, 1, 1, 1, 1, 1, 1, 1, 1, 1, 1, 1, 1, 1, 1, 1, 1, 1, 0, 1, 1, 1, 1, 1, 0, 1, 1, 1, 1, 1, 1, 1, 1, 1, 1, 1, 1, 1, 1, 1, 1, 1, 1, 1, 1, 1, 1, 1, 1, 1, 1, 1, 1, 1, 1, 0, 1, 1, 1, 1, 0, 1, 1, 1, 1, 1, 1, 1] 
dagE8.txt 1_4x1.txt True 0.05116279069767442 0.17 477.75 [1, 1, 1, 1, 1, 1, 1, 1, 1, 1, 1, 1, 1, 1, 1, 1, 1, 1, 1, 1, 0, 1, 1, 1, 1, 1, 0, 1, 1, 1, 1, 1, 1, 1, 1, 1, 1, 1, 1, 1, 1, 1, 1, 1, 1, 1, 1, 1, 1, 1, 1, 1, 1, 1, 1, 1, 1, 0, 1, 1, 1, 1, 0, 1, 1, 1, 1, 1, 1, 1] 
dagE8.txt 1_4x1.txt True 0.04186046511627907 0.18 455.5 [1, 1, 1, 1, 1, 1, 1, 1, 1, 1, 1, 1, 1, 1, 1, 1, 1, 1, 1, 1, 1, 1, 1, 1, 1, 1, 1, 1, 1, 1, 1, 1, 1, 1, 1, 1, 1, 1, 1, 1, 1, 1, 1, 1, 1, 1, 1, 1, 1, 1, 0, 1, 1, 1, 1, 1, 1, 1, 1, 0, 1, 1, 1, 1, 0, 0, 1, 0, 0, 0] 
dagE8.txt 1_4x1.txt True 0.04186046511627907 0.19 455.5 [1, 1, 1, 1, 1, 1, 1, 1, 1, 1, 1, 1, 1, 1, 1, 1, 1, 1, 1, 1, 1, 1, 1, 1, 1, 1, 1, 1, 1, 1, 1, 1, 1, 1, 1, 1, 1, 1, 1, 1, 1, 1, 1, 1, 1, 1, 1, 1, 1, 1, 0, 1, 1, 1, 1, 1, 1, 1, 1, 0, 1, 1, 1, 1, 0, 0, 1, 0, 0, 0] 
dagE8.txt 1_4x1.txt True 0.04186046511627907 0.2 455.5 [1, 1, 1, 1, 1, 1, 1, 1, 1, 1, 1, 1, 1, 1, 1, 1, 1, 1, 1, 1, 1, 1, 1, 1, 1, 1, 1, 1, 1, 1, 1, 1, 1, 1, 1, 1, 1, 1, 1, 1, 1, 1, 1, 1, 1, 1, 1, 1, 1, 1, 0, 1, 1, 1, 1, 1, 1, 1, 1, 0, 1, 1, 1, 1, 0, 0, 1, 0, 0, 0] 
dagE8.txt 1_4x1.txt True 0.04186046511627907 0.25 455.5 [1, 1, 1, 1, 1, 1, 1, 1, 1, 1, 1, 1, 1, 1, 1, 1, 1, 1, 1, 1, 1, 1, 1, 1, 1, 1, 1, 1, 1, 1, 1, 1, 1, 1, 1, 1, 1, 1, 1, 1, 1, 1, 1, 1, 1, 1, 1, 1, 1, 1, 0, 1, 1, 1, 1, 1, 1, 1, 1, 0, 1, 1, 1, 1, 0, 0, 1, 0, 0, 0] 
dagE8.txt 1_4x1.txt True 0.04186046511627907 0.3 455.5 [1, 1, 1, 1, 1, 1, 1, 1, 1, 1, 1, 1, 1, 1, 1, 1, 1, 1, 1, 1, 1, 1, 1, 1, 1, 1, 1, 1, 1, 1, 1, 1, 1, 1, 1, 1, 1, 1, 1, 1, 1, 1, 1, 1, 1, 1, 1, 1, 1, 1, 0, 1, 1, 1, 1, 1, 1, 1, 1, 0, 1, 1, 1, 1, 0, 0, 1, 0, 0, 0] 
dagE8.txt 1_4x1.txt True 0.04186046511627907 0.35 455.5 [1, 1, 1, 1, 1, 1, 1, 1, 1, 1, 1, 1, 1, 1, 1, 1, 1, 1, 1, 1, 1, 1, 1, 1, 1, 1, 1, 1, 1, 1, 1, 1, 1, 1, 1, 1, 1, 1, 1, 1, 1, 1, 1, 1, 1, 1, 1, 1, 1, 1, 0, 1, 1, 1, 1, 1, 1, 1, 1, 0, 1, 1, 1, 1, 0, 0, 1, 0, 0, 0] 
dagE8.txt 1_4x1.txt True 0.04186046511627907 0.4 455.5 [1, 1, 1, 1, 1, 1, 1, 1, 1, 1, 1, 1, 1, 1, 1, 1, 1, 1, 1, 1, 1, 1, 1, 1, 1, 1, 1, 1, 1, 1, 1, 1, 1, 1, 1, 1, 1, 1, 1, 1, 1, 1, 1, 1, 1, 1, 1, 1, 1, 1, 0, 1, 1, 1, 1, 1, 1, 1, 1, 0, 1, 1, 1, 1, 0, 0, 1, 0, 0, 0] 
dagE8.txt 1_4x1.txt True 0.04186046511627907 0.45 455.5 [1, 1, 1, 1, 1, 1, 1, 1, 1, 1, 1, 1, 1, 1, 1, 1, 1, 1, 1, 1, 1, 1, 1, 1, 1, 1, 1, 1, 1, 1, 1, 1, 1, 1, 1, 1, 1, 1, 1, 1, 1, 1, 1, 1, 1, 1, 1, 1, 1, 1, 0, 1, 1, 1, 1, 1, 1, 1, 1, 0, 1, 1, 1, 1, 0, 0, 1, 0, 0, 0] 
dagE8.txt 1_4x1.txt True 0.16744186046511628 0.5 405.0 [1, 1, 1, 1, 1, 1, 1, 1, 1, 1, 1, 1, 1, 1, 1, 0, 1, 1, 1, 1, 1, 1, 1, 0, 1, 1, 1, 1, 1, 1, 1, 0, 1, 1, 1, 1, 1, 1, 0, 0, 0, 0, 1, 1, 1, 0, 0, 1, 1, 1, 1, 0, 1, 1, 1, 1, 0, 1, 1, 1, 1, 1, 0, 1, 1, 1, 1, 1, 1, 1] 
dagE8.txt 1_4x1.txt True 0.11162790697674418 0.55 434.0 [1, 1, 1, 1, 1, 1, 1, 1, 1, 1, 1, 1, 1, 1, 1, 1, 1, 1, 1, 1, 0, 1, 1, 1, 1, 1, 0, 1, 1, 1, 1, 1, 1, 1, 1, 1, 1, 1, 1, 1, 1, 1, 1, 1, 0, 1, 1, 0, 1, 0, 1, 0, 1, 1, 0, 0, 1, 1, 1, 1, 1, 0, 1, 0, 1, 1, 0, 1, 1, 1] 
dagE8.txt 1_4x1.txt True 0.21395348837209302 0.6 485.0 [0, 1, 1, 0, 0, 1, 1, 1, 1, 1, 1, 0, 0, 1, 1, 0, 1, 1, 0, 0, 0, 0, 1, 0, 0, 0, 0, 1, 0, 1, 1, 1, 1, 1, 1, 1, 1, 1, 1, 1, 1, 1, 1, 1, 1, 1, 1, 1, 1, 1, 1, 1, 1, 1, 1, 1, 1, 1, 1, 1, 1, 1, 1, 1, 1, 1, 1, 1, 1, 1] 
dagE8.txt 1_4x1.txt True 0.17674418604651163 0.65 403.0 [1, 1, 1, 1, 1, 1, 1, 1, 1, 1, 1, 1, 1, 1, 1, 1, 1, 1, 1, 1, 1, 1, 1, 1, 1, 1, 1, 1, 1, 1, 0, 0, 1, 1, 1, 1, 1, 1, 1, 0, 0, 0, 1, 1, 1, 0, 0, 1, 1, 1, 0, 0, 1, 1, 1, 1, 0, 1, 1, 0, 1, 1, 0, 1, 1, 1, 1, 1, 1, 0] 
dagE8.txt 1_4x1.txt True 0.25116279069767444 0.7 491.0 [1, 1, 0, 1, 1, 1, 1, 1, 1, 1, 0, 0, 1, 1, 1, 0, 1, 0, 1, 1, 1, 0, 0, 1, 0, 1, 1, 0, 1, 1, 1, 0, 0, 1, 1, 1, 1, 1, 0, 1, 1, 0, 1, 1, 1, 1, 1, 1, 1, 1, 1, 1, 1, 1, 1, 1, 1, 1, 1, 1, 1, 1, 1, 1, 1, 1, 1, 1, 1, 1] 
dagE8.txt 1_4x1.txt True 0.2744186046511628 0.75 416.0 [1, 0, 1, 1, 1, 1, 1, 1, 1, 1, 1, 1, 1, 0, 1, 1, 1, 0, 0, 1, 1, 0, 1, 0, 1, 0, 1, 1, 0, 1, 1, 1, 0, 1, 1, 0, 1, 1, 1, 1, 1, 0, 1, 1, 1, 1, 0, 1, 1, 1, 1, 1, 0, 1, 1, 1, 1, 1, 1, 1, 1, 1, 1, 1, 1, 1, 1, 1, 1, 1] 
dagE8.txt 1_4x1.txt True 0.2744186046511628 0.8 416.0 [1, 0, 1, 1, 1, 1, 1, 1, 1, 1, 1, 1, 1, 0, 1, 1, 1, 0, 0, 1, 1, 0, 1, 0, 1, 0, 1, 1, 0, 1, 1, 1, 0, 1, 1, 0, 1, 1, 1, 1, 1, 0, 1, 1, 1, 1, 0, 1, 1, 1, 1, 1, 0, 1, 1, 1, 1, 1, 1, 1, 1, 1, 1, 1, 1, 1, 1, 1, 1, 1] 
dagE8.txt 1_4x1.txt True 0.23255813953488372 0.85 406.75 [0, 1, 1, 1, 1, 1, 1, 1, 1, 1, 1, 1, 1, 1, 1, 1, 0, 1, 1, 1, 1, 1, 1, 1, 0, 1, 1, 1, 1, 1, 1, 1, 1, 0, 1, 1, 1, 0, 0, 1, 0, 1, 1, 1, 1, 0, 0, 1, 1, 1, 1, 1, 0, 1, 1, 0, 0, 1, 1, 0, 1, 1, 1, 1, 0, 1, 1, 1, 1, 1] 
dagE8.txt 1_4x1.txt True 0.35348837209302325 0.9 435.0 [1, 1, 0, 1, 1, 1, 1, 0, 1, 0, 0, 1, 1, 1, 1, 1, 1, 1, 1, 0, 1, 1, 1, 1, 1, 1, 1, 1, 1, 0, 1, 0, 0, 1, 1, 0, 1, 1, 1, 1, 0, 1, 1, 0, 1, 1, 0, 1, 1, 1, 1, 1, 0, 1, 1, 1, 1, 1, 1, 0, 1, 1, 1, 1, 1, 1, 1, 1, 1, 1] 
dagE8.txt 1_4x1.txt True 0.14883720930232558 0.95 408.5 [1, 1, 1, 1, 1, 1, 1, 1, 1, 1, 1, 1, 1, 1, 1, 1, 1, 1, 1, 1, 1, 1, 1, 1, 1, 1, 1, 1, 1, 1, 1, 1, 1, 1, 1, 1, 1, 1, 1, 1, 1, 1, 0, 1, 1, 0, 1, 0, 1, 1, 0, 1, 1, 0, 0, 1, 0, 1, 1, 0, 0, 0, 0, 1, 0, 1, 1, 0, 1, 0] 
dagE8.txt 1_4x1.txt True 0.14883720930232558 1 408.5 [1, 1, 1, 1, 1, 1, 1, 1, 1, 1, 1, 1, 1, 1, 1, 1, 1, 1, 1, 1, 1, 1, 1, 1, 1, 1, 1, 1, 1, 1, 1, 1, 1, 1, 1, 1, 1, 1, 1, 1, 1, 1, 0, 1, 1, 0, 1, 0, 1, 1, 0, 1, 1, 0, 0, 1, 0, 1, 1, 0, 0, 0, 0, 1, 0, 1, 1, 0, 1, 0] 
dagE8.txt 3_2x2.txt True 0.05116279069767442 0.07 637.0 [0, 0, 0, 0, 0, 0, 0, 0, 0, 0, 0, 0, 0, 0, 0, 0, 0, 0, 0, 0, 1, 0, 0, 0, 0, 0, 1, 0, 0, 0, 0, 0, 0, 0, 0, 0, 0, 0, 0, 0, 0, 0, 0, 0, 0, 0, 0, 0, 0, 0, 0, 0, 0, 0, 0, 0, 0, 1, 0, 0, 0, 0, 1, 0, 0, 0, 0, 0, 0, 0] 
dagE8.txt 3_2x2.txt True 0.05116279069767442 0.08 637.0 [0, 0, 0, 0, 0, 0, 0, 0, 0, 0, 0, 0, 0, 0, 0, 0, 0, 0, 0, 0, 1, 0, 0, 0, 0, 0, 1, 0, 0, 0, 0, 0, 0, 0, 0, 0, 0, 0, 0, 0, 0, 0, 0, 0, 0, 0, 0, 0, 0, 0, 0, 0, 0, 0, 0, 0, 0, 1, 0, 0, 0, 0, 1, 0, 0, 0, 0, 0, 0, 0] 
dagE8.txt 3_2x2.txt True 0.05116279069767442 0.09 637.0 [0, 0, 0, 0, 0, 0, 0, 0, 0, 0, 0, 0, 0, 0, 0, 0, 0, 0, 0, 0, 1, 0, 0, 0, 0, 0, 1, 0, 0, 0, 0, 0, 0, 0, 0, 0, 0, 0, 0, 0, 0, 0, 0, 0, 0, 0, 0, 0, 0, 0, 0, 0, 0, 0, 0, 0, 0, 1, 0, 0, 0, 0, 1, 0, 0, 0, 0, 0, 0, 0] 
dagE8.txt 3_2x2.txt True 0.05116279069767442 0.1 637.0 [0, 0, 0, 0, 0, 0, 0, 0, 0, 0, 0, 0, 0, 0, 0, 0, 0, 0, 0, 0, 1, 0, 0, 0, 0, 0, 1, 0, 0, 0, 0, 0, 0, 0, 0, 0, 0, 0, 0, 0, 0, 0, 0, 0, 0, 0, 0, 0, 0, 0, 0, 0, 0, 0, 0, 0, 0, 1, 0, 0, 0, 0, 1, 0, 0, 0, 0, 0, 0, 0] 
dagE8.txt 3_2x2.txt True 0.08837209302325581 0.11 590.0 [0, 0, 0, 0, 0, 0, 0, 0, 0, 0, 0, 0, 0, 0, 0, 0, 0, 0, 0, 0, 1, 0, 0, 0, 0, 0, 1, 0, 0, 0, 0, 0, 0, 0, 0, 0, 0, 0, 0, 0, 0, 0, 0, 0, 0, 2, 0, 0, 0, 0, 0, 0, 0, 0, 0, 0, 2, 0, 0, 0, 2, 0, 2, 0, 2, 0, 0, 2, 0, 1] 
dagE8.txt 3_2x2.txt True 0.08837209302325581 0.12 590.0 [0, 0, 0, 0, 0, 0, 0, 0, 0, 0, 0, 0, 0, 0, 0, 0, 0, 0, 0, 0, 1, 0, 0, 0, 0, 0, 1, 0, 0, 0, 0, 0, 0, 0, 0, 0, 0, 0, 0, 0, 0, 0, 0, 0, 0, 2, 0, 0, 0, 0, 0, 0, 0, 0, 0, 0, 2, 0, 0, 0, 2, 0, 2, 0, 2, 0, 0, 2, 0, 1] 
dagE8.txt 3_2x2.txt True 0.08837209302325581 0.13 590.0 [0, 0, 0, 0, 0, 0, 0, 0, 0, 0, 0, 0, 0, 0, 0, 0, 0, 0, 0, 0, 1, 0, 0, 0, 0, 0, 1, 0, 0, 0, 0, 0, 0, 0, 0, 0, 0, 0, 0, 0, 0, 0, 0, 0, 0, 2, 0, 0, 0, 0, 0, 0, 0, 0, 0, 0, 2, 0, 0, 0, 2, 0, 2, 0, 2, 0, 0, 2, 0, 1] 
dagE8.txt 3_2x2.txt True 0.09767441860465116 0.14 611.6666666666666 [2, 2, 2, 2, 2, 2, 3, 2, 2, 2, 2, 2, 2, 2, 2, 2, 2, 2, 2, 2, 1, 2, 2, 2, 2, 2, 1, 2, 2, 2, 2, 2, 2, 2, 2, 2, 2, 2, 2, 2, 2, 2, 2, 2, 2, 2, 2, 2, 2, 2, 2, 2, 2, 2, 2, 2, 2, 0, 2, 2, 2, 2, 0, 2, 3, 2, 2, 2, 2, 3] 
dagE8.txt 3_2x2.txt True 0.09767441860465116 0.15 611.6666666666666 [2, 2, 2, 2, 2, 2, 3, 2, 2, 2, 2, 2, 2, 2, 2, 2, 2, 2, 2, 2, 1, 2, 2, 2, 2, 2, 1, 2, 2, 2, 2, 2, 2, 2, 2, 2, 2, 2, 2, 2, 2, 2, 2, 2, 2, 2, 2, 2, 2, 2, 2, 2, 2, 2, 2, 2, 2, 0, 2, 2, 2, 2, 0, 2, 3, 2, 2, 2, 2, 3] 
dagE8.txt 3_2x2.txt True 0.09767441860465116 0.16 611.6666666666666 [2, 2, 2, 2, 2, 2, 3, 2, 2, 2, 2, 2, 2, 2, 2, 2, 2, 2, 2, 2, 1, 2, 2, 2, 2, 2, 1, 2, 2, 2, 2, 2, 2, 2, 2, 2, 2, 2, 2, 2, 2, 2, 2, 2, 2, 2, 2, 2, 2, 2, 2, 2, 2, 2, 2, 2, 2, 0, 2, 2, 2, 2, 0, 2, 3, 2, 2, 2, 2, 3] 
dagE8.txt 3_2x2.txt True 0.09767441860465116 0.17 611.6666666666666 [2, 2, 2, 2, 2, 2, 3, 2, 2, 2, 2, 2, 2, 2, 2, 2, 2, 2, 2, 2, 1, 2, 2, 2, 2, 2, 1, 2, 2, 2, 2, 2, 2, 2, 2, 2, 2, 2, 2, 2, 2, 2, 2, 2, 2, 2, 2, 2, 2, 2, 2, 2, 2, 2, 2, 2, 2, 0, 2, 2, 2, 2, 0, 2, 3, 2, 2, 2, 2, 3] 
dagE8.txt 3_2x2.txt True 0.11162790697674418 0.18 585.0 [0, 0, 0, 0, 0, 0, 0, 3, 0, 0, 0, 0, 0, 0, 0, 0, 0, 0, 0, 0, 0, 0, 0, 0, 0, 0, 0, 0, 0, 0, 0, 0, 0, 0, 0, 0, 0, 0, 0, 0, 0, 0, 0, 0, 0, 0, 0, 0, 0, 0, 3, 0, 0, 0, 3, 1, 0, 0, 0, 1, 0, 0, 0, 0, 2, 2, 0, 2, 2, 3] 
dagE8.txt 3_2x2.txt True 0.11162790697674418 0.19 585.0 [0, 0, 0, 0, 0, 0, 0, 3, 0, 0, 0, 0, 0, 0, 0, 0, 0, 0, 0, 0, 0, 0, 0, 0, 0, 0, 0, 0, 0, 0, 0, 0, 0, 0, 0, 0, 0, 0, 0, 0, 0, 0, 0, 0, 0, 0, 0, 0, 0, 0, 3, 0, 0, 0, 3, 1, 0, 0, 0, 1, 0, 0, 0, 0, 2, 2, 0, 2, 2, 3] 
dagE8.txt 3_2x2.txt True 0.11162790697674418 0.2 585.0 [0, 0, 0, 0, 0, 0, 0, 3, 0, 0, 0, 0, 0, 0, 0, 0, 0, 0, 0, 0, 0, 0, 0, 0, 0, 0, 0, 0, 0, 0, 0, 0, 0, 0, 0, 0, 0, 0, 0, 0, 0, 0, 0, 0, 0, 0, 0, 0, 0, 0, 3, 0, 0, 0, 3, 1, 0, 0, 0, 1, 0, 0, 0, 0, 2, 2, 0, 2, 2, 3] 
dagE8.txt 3_2x2.txt True 0.11162790697674418 0.25 585.0 [0, 0, 0, 0, 0, 0, 0, 3, 0, 0, 0, 0, 0, 0, 0, 0, 0, 0, 0, 0, 0, 0, 0, 0, 0, 0, 0, 0, 0, 0, 0, 0, 0, 0, 0, 0, 0, 0, 0, 0, 0, 0, 0, 0, 0, 0, 0, 0, 0, 0, 3, 0, 0, 0, 3, 1, 0, 0, 0, 1, 0, 0, 0, 0, 2, 2, 0, 2, 2, 3] 
dagE8.txt 3_2x2.txt True 0.11162790697674418 0.3 585.0 [0, 0, 0, 0, 0, 0, 0, 3, 0, 0, 0, 0, 0, 0, 0, 0, 0, 0, 0, 0, 0, 0, 0, 0, 0, 0, 0, 0, 0, 0, 0, 0, 0, 0, 0, 0, 0, 0, 0, 0, 0, 0, 0, 0, 0, 0, 0, 0, 0, 0, 3, 0, 0, 0, 3, 1, 0, 0, 0, 1, 0, 0, 0, 0, 2, 2, 0, 2, 2, 3] 
dagE8.txt 3_2x2.txt True 0.11162790697674418 0.35 585.0 [0, 0, 0, 0, 0, 0, 0, 3, 0, 0, 0, 0, 0, 0, 0, 0, 0, 0, 0, 0, 0, 0, 0, 0, 0, 0, 0, 0, 0, 0, 0, 0, 0, 0, 0, 0, 0, 0, 0, 0, 0, 0, 0, 0, 0, 0, 0, 0, 0, 0, 3, 0, 0, 0, 3, 1, 0, 0, 0, 1, 0, 0, 0, 0, 2, 2, 0, 2, 2, 3] 
dagE8.txt 3_2x2.txt True 0.11162790697674418 0.4 585.0 [0, 0, 0, 0, 0, 0, 0, 3, 0, 0, 0, 0, 0, 0, 0, 0, 0, 0, 0, 0, 0, 0, 0, 0, 0, 0, 0, 0, 0, 0, 0, 0, 0, 0, 0, 0, 0, 0, 0, 0, 0, 0, 0, 0, 0, 0, 0, 0, 0, 0, 3, 0, 0, 0, 3, 1, 0, 0, 0, 1, 0, 0, 0, 0, 2, 2, 0, 2, 2, 3] 
dagE8.txt 3_2x2.txt True 0.11162790697674418 0.45 585.0 [0, 0, 0, 0, 0, 0, 0, 3, 0, 0, 0, 0, 0, 0, 0, 0, 0, 0, 0, 0, 0, 0, 0, 0, 0, 0, 0, 0, 0, 0, 0, 0, 0, 0, 0, 0, 0, 0, 0, 0, 0, 0, 0, 0, 0, 0, 0, 0, 0, 0, 3, 0, 0, 0, 3, 1, 0, 0, 0, 1, 0, 0, 0, 0, 2, 2, 0, 2, 2, 3] 
dagE8.txt 3_2x2.txt True 0.34418604651162793 0.5 283.0 [1, 0, 0, 1, 1, 0, 0, 0, 0, 0, 0, 1, 1, 0, 0, 0, 0, 0, 0, 1, 1, 0, 0, 0, 1, 1, 3, 0, 1, 0, 2, 0, 0, 0, 2, 2, 2, 0, 2, 0, 0, 0, 2, 2, 2, 2, 0, 3, 2, 2, 2, 2, 2, 3, 2, 2, 2, 2, 2, 3, 3, 2, 2, 2, 3, 3, 2, 3, 3, 2] 
dagE8.txt 3_2x2.txt True 0.4558139534883721 0.55 243.0 [2, 2, 3, 0, 3, 0, 0, 0, 0, 0, 2, 2, 0, 0, 0, 3, 0, 2, 2, 0, 1, 3, 3, 3, 2, 0, 1, 3, 2, 0, 0, 3, 2, 0, 0, 0, 2, 0, 2, 0, 3, 2, 0, 0, 1, 3, 2, 1, 0, 1, 0, 0, 2, 2, 1, 1, 2, 0, 2, 2, 2, 1, 0, 0, 2, 2, 1, 2, 2, 0] 
dagE8.txt 3_2x2.txt True 0.4558139534883721 0.6 246.66666666666666 [1, 2, 2, 1, 1, 2, 2, 2, 2, 2, 2, 0, 1, 2, 2, 3, 2, 2, 3, 1, 0, 3, 2, 3, 1, 1, 1, 2, 0, 2, 0, 2, 2, 2, 3, 3, 3, 2, 3, 2, 0, 2, 3, 3, 0, 3, 2, 0, 3, 0, 0, 0, 3, 0, 0, 3, 2, 2, 3, 0, 0, 0, 2, 0, 1, 0, 0, 0, 1, 1] 
dagE8.txt 3_2x2.txt True 0.5116279069767442 0.65 264.0 [2, 2, 3, 2, 3, 3, 2, 0, 0, 0, 2, 3, 2, 3, 0, 3, 0, 3, 2, 2, 2, 3, 2, 3, 3, 2, 3, 2, 2, 2, 1, 3, 2, 0, 0, 2, 0, 0, 3, 3, 1, 3, 0, 2, 1, 0, 3, 1, 0, 1, 1, 1, 2, 2, 1, 0, 0, 2, 0, 1, 2, 1, 0, 1, 2, 2, 0, 2, 2, 1] 
dagE8.txt 3_2x2.txt True 0.5209302325581395 0.7 223.0 [3, 3, 2, 1, 2, 1, 1, 1, 3, 1, 0, 3, 3, 1, 3, 0, 3, 0, 2, 2, 1, 2, 0, 2, 3, 1, 3, 2, 2, 3, 1, 0, 0, 3, 0, 3, 0, 3, 2, 0, 0, 3, 0, 3, 1, 2, 0, 2, 0, 2, 1, 1, 3, 2, 1, 0, 2, 0, 0, 2, 2, 1, 2, 1, 2, 2, 1, 2, 2, 2] 
dagE8.txt 3_2x2.txt True 0.4325581395348837 0.75 243.5 [1, 1, 0, 1, 1, 2, 2, 2, 2, 2, 0, 1, 1, 1, 2, 1, 2, 0, 1, 1, 1, 1, 0, 3, 1, 1, 1, 0, 1, 2, 2, 0, 0, 2, 2, 0, 0, 2, 0, 2, 2, 0, 2, 0, 3, 3, 2, 3, 2, 3, 2, 2, 0, 3, 3, 0, 3, 2, 0, 3, 3, 3, 3, 2, 3, 3, 0, 3, 3, 2] 
dagE8.txt 3_2x2.txt True 0.4325581395348837 0.8 243.5 [1, 1, 0, 1, 1, 2, 2, 2, 2, 2, 0, 1, 1, 1, 2, 1, 2, 0, 1, 1, 1, 1, 0, 3, 1, 1, 1, 0, 1, 2, 2, 0, 0, 2, 2, 0, 0, 2, 0, 2, 2, 0, 2, 0, 3, 3, 2, 3, 2, 3, 2, 2, 0, 3, 3, 0, 3, 2, 0, 3, 3, 3, 3, 2, 3, 3, 0, 3, 3, 2] 
dagE8.txt 3_2x2.txt True 0.5953488372093023 0.85 230.0 [0, 3, 1, 1, 0, 1, 2, 2, 2, 2, 3, 1, 0, 2, 1, 0, 1, 3, 3, 0, 0, 1, 3, 0, 0, 0, 0, 1, 0, 2, 1, 3, 3, 1, 2, 0, 0, 0, 3, 0, 3, 3, 2, 0, 1, 0, 3, 0, 2, 2, 3, 1, 1, 2, 1, 0, 2, 0, 0, 2, 2, 2, 2, 2, 3, 2, 0, 2, 2, 3] 
dagE8.txt 3_2x2.txt True 0.5488372093023256 0.9 211.5 [0, 2, 1, 0, 0, 0, 0, 3, 2, 0, 2, 0, 0, 0, 2, 0, 0, 2, 3, 0, 0, 1, 1, 3, 0, 0, 2, 1, 0, 0, 2, 1, 2, 0, 2, 1, 3, 0, 2, 0, 2, 1, 2, 3, 3, 1, 1, 2, 0, 3, 3, 2, 1, 1, 3, 3, 1, 1, 2, 3, 2, 3, 2, 0, 2, 3, 2, 2, 2, 3] 
dagE8.txt 3_2x2.txt True 0.4 0.95 228.5 [2, 2, 3, 2, 3, 3, 2, 2, 3, 2, 2, 2, 2, 2, 3, 3, 2, 2, 2, 2, 3, 3, 3, 3, 2, 2, 3, 3, 3, 2, 0, 0, 2, 2, 0, 0, 0, 2, 3, 0, 0, 0, 0, 0, 0, 1, 2, 1, 0, 0, 1, 0, 0, 1, 1, 0, 1, 0, 0, 1, 1, 1, 1, 0, 1, 0, 0, 1, 0, 1] 
dagE8.txt 3_2x2.txt True 0.4 1 228.5 [2, 2, 3, 2, 3, 3, 2, 2, 3, 2, 2, 2, 2, 2, 3, 3, 2, 2, 2, 2, 3, 3, 3, 3, 2, 2, 3, 3, 3, 2, 0, 0, 2, 2, 0, 0, 0, 2, 3, 0, 0, 0, 0, 0, 0, 1, 2, 1, 0, 0, 1, 0, 0, 1, 1, 0, 1, 0, 0, 1, 1, 1, 1, 0, 1, 0, 0, 1, 0, 1] 
dagE8.txt 1_4x4.txt True 0.05116279069767442 0.07 477.75 [1, 1, 1, 1, 1, 1, 1, 1, 1, 1, 1, 1, 1, 1, 1, 1, 1, 1, 1, 1, 3, 1, 1, 1, 1, 1, 3, 1, 1, 1, 1, 1, 1, 1, 1, 1, 1, 1, 1, 1, 1, 1, 1, 1, 1, 1, 1, 1, 1, 1, 1, 1, 1, 1, 1, 1, 1, 3, 1, 1, 1, 1, 3, 1, 1, 1, 1, 1, 1, 1] 
dagE8.txt 1_4x4.txt True 0.05116279069767442 0.08 477.75 [1, 1, 1, 1, 1, 1, 1, 1, 1, 1, 1, 1, 1, 1, 1, 1, 1, 1, 1, 1, 3, 1, 1, 1, 1, 1, 3, 1, 1, 1, 1, 1, 1, 1, 1, 1, 1, 1, 1, 1, 1, 1, 1, 1, 1, 1, 1, 1, 1, 1, 1, 1, 1, 1, 1, 1, 1, 3, 1, 1, 1, 1, 3, 1, 1, 1, 1, 1, 1, 1] 
dagE8.txt 1_4x4.txt True 0.05116279069767442 0.09 477.75 [1, 1, 1, 1, 1, 1, 1, 1, 1, 1, 1, 1, 1, 1, 1, 1, 1, 1, 1, 1, 3, 1, 1, 1, 1, 1, 3, 1, 1, 1, 1, 1, 1, 1, 1, 1, 1, 1, 1, 1, 1, 1, 1, 1, 1, 1, 1, 1, 1, 1, 1, 1, 1, 1, 1, 1, 1, 3, 1, 1, 1, 1, 3, 1, 1, 1, 1, 1, 1, 1] 
dagE8.txt 1_4x4.txt True 0.05116279069767442 0.1 477.75 [1, 1, 1, 1, 1, 1, 1, 1, 1, 1, 1, 1, 1, 1, 1, 1, 1, 1, 1, 1, 3, 1, 1, 1, 1, 1, 3, 1, 1, 1, 1, 1, 1, 1, 1, 1, 1, 1, 1, 1, 1, 1, 1, 1, 1, 1, 1, 1, 1, 1, 1, 1, 1, 1, 1, 1, 1, 3, 1, 1, 1, 1, 3, 1, 1, 1, 1, 1, 1, 1] 
dagE8.txt 1_4x4.txt True 0.08372093023255814 0.11 442.5 [1, 1, 1, 1, 1, 1, 1, 1, 1, 1, 1, 1, 1, 1, 1, 1, 1, 1, 1, 1, 5, 1, 1, 1, 1, 1, 5, 1, 1, 1, 1, 1, 1, 1, 1, 1, 1, 1, 1, 1, 1, 1, 1, 1, 1, 5, 1, 1, 1, 1, 1, 1, 1, 1, 1, 1, 5, 1, 1, 1, 5, 1, 5, 1, 5, 1, 1, 5, 1, 5] 
dagE8.txt 1_4x4.txt True 0.08372093023255814 0.12 442.5 [1, 1, 1, 1, 1, 1, 1, 1, 1, 1, 1, 1, 1, 1, 1, 1, 1, 1, 1, 1, 5, 1, 1, 1, 1, 1, 5, 1, 1, 1, 1, 1, 1, 1, 1, 1, 1, 1, 1, 1, 1, 1, 1, 1, 1, 5, 1, 1, 1, 1, 1, 1, 1, 1, 1, 1, 5, 1, 1, 1, 5, 1, 5, 1, 5, 1, 1, 5, 1, 5] 
dagE8.txt 1_4x4.txt True 0.08372093023255814 0.13 442.5 [1, 1, 1, 1, 1, 1, 1, 1, 1, 1, 1, 1, 1, 1, 1, 1, 1, 1, 1, 1, 5, 1, 1, 1, 1, 1, 5, 1, 1, 1, 1, 1, 1, 1, 1, 1, 1, 1, 1, 1, 1, 1, 1, 1, 1, 5, 1, 1, 1, 1, 1, 1, 1, 1, 1, 1, 5, 1, 1, 1, 5, 1, 5, 1, 5, 1, 1, 5, 1, 5] 
dagE8.txt 1_4x4.txt True 0.11162790697674418 0.14 442.5 [1, 1, 1, 1, 1, 1, 0, 1, 1, 1, 1, 1, 1, 1, 1, 1, 1, 1, 1, 1, 2, 1, 1, 1, 1, 1, 2, 1, 1, 1, 1, 1, 1, 1, 1, 1, 1, 1, 1, 1, 1, 1, 1, 1, 1, 1, 1, 1, 1, 1, 1, 1, 1, 1, 1, 1, 1, 0, 1, 6, 1, 1, 0, 1, 6, 1, 1, 6, 1, 6] 
dagE8.txt 1_4x4.txt True 0.11162790697674418 0.15 442.5 [1, 1, 1, 1, 1, 1, 0, 1, 1, 1, 1, 1, 1, 1, 1, 1, 1, 1, 1, 1, 2, 1, 1, 1, 1, 1, 2, 1, 1, 1, 1, 1, 1, 1, 1, 1, 1, 1, 1, 1, 1, 1, 1, 1, 1, 1, 1, 1, 1, 1, 1, 1, 1, 1, 1, 1, 1, 0, 1, 6, 1, 1, 0, 1, 6, 1, 1, 6, 1, 6] 
dagE8.txt 1_4x4.txt True 0.11162790697674418 0.16 442.5 [1, 1, 1, 1, 1, 1, 0, 1, 1, 1, 1, 1, 1, 1, 1, 1, 1, 1, 1, 1, 2, 1, 1, 1, 1, 1, 2, 1, 1, 1, 1, 1, 1, 1, 1, 1, 1, 1, 1, 1, 1, 1, 1, 1, 1, 1, 1, 1, 1, 1, 1, 1, 1, 1, 1, 1, 1, 0, 1, 6, 1, 1, 0, 1, 6, 1, 1, 6, 1, 6] 
dagE8.txt 1_4x4.txt True 0.11162790697674418 0.17 442.5 [1, 1, 1, 1, 1, 1, 0, 1, 1, 1, 1, 1, 1, 1, 1, 1, 1, 1, 1, 1, 2, 1, 1, 1, 1, 1, 2, 1, 1, 1, 1, 1, 1, 1, 1, 1, 1, 1, 1, 1, 1, 1, 1, 1, 1, 1, 1, 1, 1, 1, 1, 1, 1, 1, 1, 1, 1, 0, 1, 6, 1, 1, 0, 1, 6, 1, 1, 6, 1, 6] 
dagE8.txt 1_4x4.txt True 0.15813953488372093 0.18 422.75 [1, 1, 1, 1, 1, 1, 1, 7, 1, 1, 1, 1, 1, 1, 1, 1, 1, 1, 1, 1, 0, 1, 1, 1, 1, 1, 0, 1, 1, 1, 1, 1, 1, 1, 1, 1, 1, 1, 1, 1, 1, 1, 1, 1, 1, 0, 1, 1, 1, 1, 2, 1, 1, 1, 2, 7, 0, 1, 1, 5, 1, 1, 1, 1, 2, 5, 1, 5, 5, 2] 
dagE8.txt 1_4x4.txt True 0.15813953488372093 0.19 422.75 [1, 1, 1, 1, 1, 1, 1, 7, 1, 1, 1, 1, 1, 1, 1, 1, 1, 1, 1, 1, 0, 1, 1, 1, 1, 1, 0, 1, 1, 1, 1, 1, 1, 1, 1, 1, 1, 1, 1, 1, 1, 1, 1, 1, 1, 0, 1, 1, 1, 1, 2, 1, 1, 1, 2, 7, 0, 1, 1, 5, 1, 1, 1, 1, 2, 5, 1, 5, 5, 2] 
dagE8.txt 1_4x4.txt True 0.15813953488372093 0.2 422.75 [1, 1, 1, 1, 1, 1, 1, 7, 1, 1, 1, 1, 1, 1, 1, 1, 1, 1, 1, 1, 0, 1, 1, 1, 1, 1, 0, 1, 1, 1, 1, 1, 1, 1, 1, 1, 1, 1, 1, 1, 1, 1, 1, 1, 1, 0, 1, 1, 1, 1, 2, 1, 1, 1, 2, 7, 0, 1, 1, 5, 1, 1, 1, 1, 2, 5, 1, 5, 5, 2] 
dagE8.txt 1_4x4.txt True 0.15813953488372093 0.25 422.75 [1, 1, 1, 1, 1, 1, 1, 7, 1, 1, 1, 1, 1, 1, 1, 1, 1, 1, 1, 1, 0, 1, 1, 1, 1, 1, 0, 1, 1, 1, 1, 1, 1, 1, 1, 1, 1, 1, 1, 1, 1, 1, 1, 1, 1, 0, 1, 1, 1, 1, 2, 1, 1, 1, 2, 7, 0, 1, 1, 5, 1, 1, 1, 1, 2, 5, 1, 5, 5, 2] 
dagE8.txt 1_4x4.txt True 0.15813953488372093 0.3 422.75 [1, 1, 1, 1, 1, 1, 1, 7, 1, 1, 1, 1, 1, 1, 1, 1, 1, 1, 1, 1, 0, 1, 1, 1, 1, 1, 0, 1, 1, 1, 1, 1, 1, 1, 1, 1, 1, 1, 1, 1, 1, 1, 1, 1, 1, 0, 1, 1, 1, 1, 2, 1, 1, 1, 2, 7, 0, 1, 1, 5, 1, 1, 1, 1, 2, 5, 1, 5, 5, 2] 
dagE8.txt 1_4x4.txt True 0.15813953488372093 0.35 422.75 [1, 1, 1, 1, 1, 1, 1, 7, 1, 1, 1, 1, 1, 1, 1, 1, 1, 1, 1, 1, 0, 1, 1, 1, 1, 1, 0, 1, 1, 1, 1, 1, 1, 1, 1, 1, 1, 1, 1, 1, 1, 1, 1, 1, 1, 0, 1, 1, 1, 1, 2, 1, 1, 1, 2, 7, 0, 1, 1, 5, 1, 1, 1, 1, 2, 5, 1, 5, 5, 2] 
dagE8.txt 1_4x4.txt True 0.15813953488372093 0.4 422.75 [1, 1, 1, 1, 1, 1, 1, 7, 1, 1, 1, 1, 1, 1, 1, 1, 1, 1, 1, 1, 0, 1, 1, 1, 1, 1, 0, 1, 1, 1, 1, 1, 1, 1, 1, 1, 1, 1, 1, 1, 1, 1, 1, 1, 1, 0, 1, 1, 1, 1, 2, 1, 1, 1, 2, 7, 0, 1, 1, 5, 1, 1, 1, 1, 2, 5, 1, 5, 5, 2] 
dagE8.txt 1_4x4.txt True 0.15813953488372093 0.45 422.75 [1, 1, 1, 1, 1, 1, 1, 7, 1, 1, 1, 1, 1, 1, 1, 1, 1, 1, 1, 1, 0, 1, 1, 1, 1, 1, 0, 1, 1, 1, 1, 1, 1, 1, 1, 1, 1, 1, 1, 1, 1, 1, 1, 1, 1, 0, 1, 1, 1, 1, 2, 1, 1, 1, 2, 7, 0, 1, 1, 5, 1, 1, 1, 1, 2, 5, 1, 5, 5, 2] 
dagE8.txt 1_4x4.txt True 0.4325581395348837 0.5 158.75 [5, 7, 7, 5, 5, 1, 1, 1, 1, 1, 7, 5, 5, 1, 1, 7, 1, 7, 7, 5, 5, 7, 7, 7, 5, 5, 2, 7, 5, 1, 3, 7, 7, 1, 3, 3, 3, 1, 7, 7, 7, 7, 3, 3, 3, 5, 7, 1, 3, 3, 3, 2, 3, 1, 3, 3, 5, 3, 3, 1, 1, 3, 2, 3, 1, 1, 3, 1, 1, 3] 
dagE8.txt 1_4x4.txt True 0.4046511627906977 0.55 187.25 [7, 7, 7, 5, 7, 5, 5, 5, 5, 5, 7, 7, 5, 5, 5, 7, 5, 7, 7, 5, 1, 7, 7, 7, 7, 5, 1, 7, 7, 5, 1, 7, 7, 5, 1, 1, 3, 5, 3, 1, 7, 7, 1, 1, 1, 7, 7, 1, 1, 1, 1, 1, 3, 3, 1, 1, 3, 1, 3, 3, 3, 1, 1, 1, 3, 3, 1, 3, 3, 1] 
dagE8.txt 1_4x4.txt True 0.40930232558139534 0.6 161.75 [5, 1, 1, 5, 5, 7, 7, 7, 7, 7, 1, 5, 5, 7, 7, 5, 7, 1, 5, 5, 5, 5, 1, 5, 5, 5, 5, 1, 5, 7, 7, 1, 1, 7, 1, 1, 1, 7, 1, 3, 7, 1, 1, 1, 7, 5, 1, 3, 1, 7, 7, 7, 1, 3, 7, 1, 3, 3, 1, 3, 3, 7, 3, 7, 3, 3, 7, 3, 3, 3] 
dagE8.txt 1_4x4.txt True 0.5813953488372093 0.65 120.0 [1, 5, 1, 5, 1, 1, 1, 0, 3, 3, 5, 0, 5, 1, 3, 1, 3, 4, 5, 5, 5, 1, 2, 1, 4, 5, 1, 2, 5, 1, 7, 3, 5, 3, 7, 7, 7, 3, 1, 0, 7, 3, 7, 7, 5, 2, 3, 5, 7, 5, 3, 7, 7, 1, 5, 7, 3, 7, 7, 7, 1, 5, 3, 5, 1, 1, 7, 1, 1, 3] 
dagE8.txt 1_4x4.txt True 0.5302325581395348 0.7 139.25 [5, 5, 7, 1, 5, 1, 1, 1, 5, 1, 1, 5, 5, 1, 5, 5, 5, 1, 5, 5, 1, 7, 1, 5, 5, 1, 5, 7, 5, 5, 3, 1, 1, 5, 3, 7, 3, 5, 4, 3, 4, 5, 3, 7, 7, 3, 7, 1, 3, 1, 3, 4, 7, 3, 7, 3, 3, 3, 3, 1, 3, 7, 1, 7, 3, 3, 7, 3, 3, 1] 
dagE8.txt 1_4x4.txt True 0.5720930232558139 0.75 141.25 [3, 0, 5, 3, 3, 5, 5, 5, 5, 5, 1, 3, 3, 2, 5, 3, 5, 0, 3, 3, 3, 2, 5, 6, 3, 3, 3, 1, 3, 5, 4, 1, 0, 5, 3, 1, 7, 5, 7, 3, 4, 2, 3, 1, 1, 6, 0, 1, 3, 1, 5, 4, 1, 7, 1, 7, 6, 3, 7, 7, 7, 1, 6, 5, 5, 7, 7, 7, 7, 5] 
dagE8.txt 1_4x4.txt True 0.5720930232558139 0.8 141.25 [3, 0, 5, 3, 3, 5, 5, 5, 5, 5, 1, 3, 3, 2, 5, 3, 5, 0, 3, 3, 3, 2, 5, 6, 3, 3, 3, 1, 3, 5, 4, 1, 0, 5, 3, 1, 7, 5, 7, 3, 4, 2, 3, 1, 1, 6, 0, 1, 3, 1, 5, 4, 1, 7, 1, 7, 6, 3, 7, 7, 7, 1, 6, 5, 5, 7, 7, 7, 7, 5] 
dagE8.txt 1_4x4.txt True 0.6325581395348837 0.85 121.5 [5, 1, 5, 5, 7, 7, 2, 6, 7, 4, 7, 5, 1, 6, 7, 5, 1, 4, 1, 1, 7, 5, 7, 5, 5, 1, 7, 5, 7, 7, 1, 3, 7, 1, 5, 1, 3, 7, 6, 7, 1, 3, 5, 1, 3, 3, 4, 3, 5, 5, 1, 1, 1, 3, 3, 0, 3, 7, 3, 3, 3, 5, 0, 5, 2, 3, 3, 3, 3, 1] 
dagE8.txt 1_4x4.txt True 0.7023255813953488 0.9 125.5 [0, 3, 1, 5, 1, 1, 5, 3, 3, 1, 7, 1, 0, 1, 3, 1, 5, 3, 7, 0, 5, 2, 5, 2, 5, 1, 1, 5, 5, 7, 7, 1, 7, 5, 6, 3, 7, 5, 3, 3, 3, 5, 6, 7, 4, 2, 6, 5, 3, 5, 1, 7, 1, 1, 1, 7, 1, 3, 3, 5, 4, 5, 5, 3, 7, 4, 7, 7, 7, 6] 
dagE8.txt 1_4x4.txt True 0.7534883720930232 0.95 126.25 [1, 7, 1, 3, 1, 1, 7, 7, 3, 7, 3, 1, 5, 7, 1, 1, 5, 7, 3, 3, 1, 7, 1, 7, 5, 1, 3, 6, 1, 5, 5, 4, 3, 5, 6, 3, 5, 7, 2, 3, 5, 4, 3, 7, 1, 2, 3, 4, 2, 1, 7, 5, 3, 7, 0, 5, 5, 3, 3, 6, 5, 0, 5, 1, 3, 7, 1, 5, 7, 0] 
dagE8.txt 1_4x4.txt True 0.7534883720930232 1 126.25 [1, 7, 1, 3, 1, 1, 7, 7, 3, 7, 3, 1, 5, 7, 1, 1, 5, 7, 3, 3, 1, 7, 1, 7, 5, 1, 3, 6, 1, 5, 5, 4, 3, 5, 6, 3, 5, 7, 2, 3, 5, 4, 3, 7, 1, 2, 3, 4, 2, 1, 7, 5, 3, 7, 0, 5, 5, 3, 3, 6, 5, 0, 5, 1, 3, 7, 1, 5, 7, 0] 
dagE8.txt 1_4x2.txt True 0.05116279069767442 0.07 477.75 [3, 3, 3, 3, 3, 3, 3, 3, 3, 3, 3, 3, 3, 3, 3, 3, 3, 3, 3, 3, 1, 3, 3, 3, 3, 3, 1, 3, 3, 3, 3, 3, 3, 3, 3, 3, 3, 3, 3, 3, 3, 3, 3, 3, 3, 3, 3, 3, 3, 3, 3, 3, 3, 3, 3, 3, 3, 1, 3, 3, 3, 3, 1, 3, 3, 3, 3, 3, 3, 3] 
dagE8.txt 1_4x2.txt True 0.05116279069767442 0.08 477.75 [3, 3, 3, 3, 3, 3, 3, 3, 3, 3, 3, 3, 3, 3, 3, 3, 3, 3, 3, 3, 1, 3, 3, 3, 3, 3, 1, 3, 3, 3, 3, 3, 3, 3, 3, 3, 3, 3, 3, 3, 3, 3, 3, 3, 3, 3, 3, 3, 3, 3, 3, 3, 3, 3, 3, 3, 3, 1, 3, 3, 3, 3, 1, 3, 3, 3, 3, 3, 3, 3] 
dagE8.txt 1_4x2.txt True 0.05116279069767442 0.09 477.75 [3, 3, 3, 3, 3, 3, 3, 3, 3, 3, 3, 3, 3, 3, 3, 3, 3, 3, 3, 3, 1, 3, 3, 3, 3, 3, 1, 3, 3, 3, 3, 3, 3, 3, 3, 3, 3, 3, 3, 3, 3, 3, 3, 3, 3, 3, 3, 3, 3, 3, 3, 3, 3, 3, 3, 3, 3, 1, 3, 3, 3, 3, 1, 3, 3, 3, 3, 3, 3, 3] 
dagE8.txt 1_4x2.txt True 0.05116279069767442 0.1 477.75 [3, 3, 3, 3, 3, 3, 3, 3, 3, 3, 3, 3, 3, 3, 3, 3, 3, 3, 3, 3, 1, 3, 3, 3, 3, 3, 1, 3, 3, 3, 3, 3, 3, 3, 3, 3, 3, 3, 3, 3, 3, 3, 3, 3, 3, 3, 3, 3, 3, 3, 3, 3, 3, 3, 3, 3, 3, 1, 3, 3, 3, 3, 1, 3, 3, 3, 3, 3, 3, 3] 
dagE8.txt 1_4x2.txt True 0.08837209302325581 0.11 442.5 [3, 3, 3, 3, 3, 3, 3, 3, 3, 3, 3, 3, 3, 3, 3, 3, 3, 3, 3, 3, 1, 3, 3, 3, 3, 3, 1, 3, 3, 3, 3, 3, 3, 3, 3, 3, 3, 3, 3, 3, 3, 3, 3, 3, 3, 2, 3, 3, 3, 3, 3, 3, 3, 3, 3, 3, 2, 3, 3, 3, 2, 3, 2, 3, 2, 3, 3, 2, 3, 1] 
dagE8.txt 1_4x2.txt True 0.08837209302325581 0.12 442.5 [3, 3, 3, 3, 3, 3, 3, 3, 3, 3, 3, 3, 3, 3, 3, 3, 3, 3, 3, 3, 1, 3, 3, 3, 3, 3, 1, 3, 3, 3, 3, 3, 3, 3, 3, 3, 3, 3, 3, 3, 3, 3, 3, 3, 3, 2, 3, 3, 3, 3, 3, 3, 3, 3, 3, 3, 2, 3, 3, 3, 2, 3, 2, 3, 2, 3, 3, 2, 3, 1] 
dagE8.txt 1_4x2.txt True 0.08837209302325581 0.13 442.5 [3, 3, 3, 3, 3, 3, 3, 3, 3, 3, 3, 3, 3, 3, 3, 3, 3, 3, 3, 3, 1, 3, 3, 3, 3, 3, 1, 3, 3, 3, 3, 3, 3, 3, 3, 3, 3, 3, 3, 3, 3, 3, 3, 3, 3, 2, 3, 3, 3, 3, 3, 3, 3, 3, 3, 3, 2, 3, 3, 3, 2, 3, 2, 3, 2, 3, 3, 2, 3, 1] 
dagE8.txt 1_4x2.txt True 0.08837209302325581 0.14 449.75 [1, 1, 1, 1, 1, 1, 3, 1, 1, 1, 1, 1, 1, 1, 1, 1, 1, 1, 1, 1, 1, 1, 1, 1, 1, 1, 1, 1, 1, 1, 1, 1, 1, 1, 1, 1, 1, 1, 1, 1, 1, 1, 1, 1, 1, 1, 1, 1, 1, 1, 1, 1, 1, 1, 1, 1, 1, 0, 1, 2, 1, 1, 0, 1, 3, 1, 1, 2, 1, 3] 
dagE8.txt 1_4x2.txt True 0.08837209302325581 0.15 449.75 [1, 1, 1, 1, 1, 1, 3, 1, 1, 1, 1, 1, 1, 1, 1, 1, 1, 1, 1, 1, 1, 1, 1, 1, 1, 1, 1, 1, 1, 1, 1, 1, 1, 1, 1, 1, 1, 1, 1, 1, 1, 1, 1, 1, 1, 1, 1, 1, 1, 1, 1, 1, 1, 1, 1, 1, 1, 0, 1, 2, 1, 1, 0, 1, 3, 1, 1, 2, 1, 3] 
dagE8.txt 1_4x2.txt True 0.08837209302325581 0.16 449.75 [1, 1, 1, 1, 1, 1, 3, 1, 1, 1, 1, 1, 1, 1, 1, 1, 1, 1, 1, 1, 1, 1, 1, 1, 1, 1, 1, 1, 1, 1, 1, 1, 1, 1, 1, 1, 1, 1, 1, 1, 1, 1, 1, 1, 1, 1, 1, 1, 1, 1, 1, 1, 1, 1, 1, 1, 1, 0, 1, 2, 1, 1, 0, 1, 3, 1, 1, 2, 1, 3] 
dagE8.txt 1_4x2.txt True 0.08837209302325581 0.17 449.75 [1, 1, 1, 1, 1, 1, 3, 1, 1, 1, 1, 1, 1, 1, 1, 1, 1, 1, 1, 1, 1, 1, 1, 1, 1, 1, 1, 1, 1, 1, 1, 1, 1, 1, 1, 1, 1, 1, 1, 1, 1, 1, 1, 1, 1, 1, 1, 1, 1, 1, 1, 1, 1, 1, 1, 1, 1, 0, 1, 2, 1, 1, 0, 1, 3, 1, 1, 2, 1, 3] 
dagE8.txt 1_4x2.txt True 0.12558139534883722 0.18 438.5 [1, 1, 1, 1, 1, 1, 1, 3, 1, 1, 1, 1, 1, 1, 1, 1, 1, 1, 1, 1, 0, 1, 1, 1, 1, 1, 0, 1, 1, 1, 1, 1, 1, 1, 1, 1, 1, 1, 1, 1, 1, 1, 1, 1, 1, 0, 1, 1, 1, 1, 3, 1, 1, 1, 3, 1, 0, 1, 1, 1, 1, 1, 1, 1, 2, 2, 1, 2, 2, 3] 
dagE8.txt 1_4x2.txt True 0.12558139534883722 0.19 438.5 [1, 1, 1, 1, 1, 1, 1, 3, 1, 1, 1, 1, 1, 1, 1, 1, 1, 1, 1, 1, 0, 1, 1, 1, 1, 1, 0, 1, 1, 1, 1, 1, 1, 1, 1, 1, 1, 1, 1, 1, 1, 1, 1, 1, 1, 0, 1, 1, 1, 1, 3, 1, 1, 1, 3, 1, 0, 1, 1, 1, 1, 1, 1, 1, 2, 2, 1, 2, 2, 3] 
dagE8.txt 1_4x2.txt True 0.12558139534883722 0.2 438.5 [1, 1, 1, 1, 1, 1, 1, 3, 1, 1, 1, 1, 1, 1, 1, 1, 1, 1, 1, 1, 0, 1, 1, 1, 1, 1, 0, 1, 1, 1, 1, 1, 1, 1, 1, 1, 1, 1, 1, 1, 1, 1, 1, 1, 1, 0, 1, 1, 1, 1, 3, 1, 1, 1, 3, 1, 0, 1, 1, 1, 1, 1, 1, 1, 2, 2, 1, 2, 2, 3] 
dagE8.txt 1_4x2.txt True 0.12558139534883722 0.25 438.5 [1, 1, 1, 1, 1, 1, 1, 3, 1, 1, 1, 1, 1, 1, 1, 1, 1, 1, 1, 1, 0, 1, 1, 1, 1, 1, 0, 1, 1, 1, 1, 1, 1, 1, 1, 1, 1, 1, 1, 1, 1, 1, 1, 1, 1, 0, 1, 1, 1, 1, 3, 1, 1, 1, 3, 1, 0, 1, 1, 1, 1, 1, 1, 1, 2, 2, 1, 2, 2, 3] 
dagE8.txt 1_4x2.txt True 0.12558139534883722 0.3 438.5 [1, 1, 1, 1, 1, 1, 1, 3, 1, 1, 1, 1, 1, 1, 1, 1, 1, 1, 1, 1, 0, 1, 1, 1, 1, 1, 0, 1, 1, 1, 1, 1, 1, 1, 1, 1, 1, 1, 1, 1, 1, 1, 1, 1, 1, 0, 1, 1, 1, 1, 3, 1, 1, 1, 3, 1, 0, 1, 1, 1, 1, 1, 1, 1, 2, 2, 1, 2, 2, 3] 
dagE8.txt 1_4x2.txt True 0.12558139534883722 0.35 438.5 [1, 1, 1, 1, 1, 1, 1, 3, 1, 1, 1, 1, 1, 1, 1, 1, 1, 1, 1, 1, 0, 1, 1, 1, 1, 1, 0, 1, 1, 1, 1, 1, 1, 1, 1, 1, 1, 1, 1, 1, 1, 1, 1, 1, 1, 0, 1, 1, 1, 1, 3, 1, 1, 1, 3, 1, 0, 1, 1, 1, 1, 1, 1, 1, 2, 2, 1, 2, 2, 3] 
dagE8.txt 1_4x2.txt True 0.12558139534883722 0.4 438.5 [1, 1, 1, 1, 1, 1, 1, 3, 1, 1, 1, 1, 1, 1, 1, 1, 1, 1, 1, 1, 0, 1, 1, 1, 1, 1, 0, 1, 1, 1, 1, 1, 1, 1, 1, 1, 1, 1, 1, 1, 1, 1, 1, 1, 1, 0, 1, 1, 1, 1, 3, 1, 1, 1, 3, 1, 0, 1, 1, 1, 1, 1, 1, 1, 2, 2, 1, 2, 2, 3] 
dagE8.txt 1_4x2.txt True 0.12558139534883722 0.45 438.5 [1, 1, 1, 1, 1, 1, 1, 3, 1, 1, 1, 1, 1, 1, 1, 1, 1, 1, 1, 1, 0, 1, 1, 1, 1, 1, 0, 1, 1, 1, 1, 1, 1, 1, 1, 1, 1, 1, 1, 1, 1, 1, 1, 1, 1, 0, 1, 1, 1, 1, 3, 1, 1, 1, 3, 1, 0, 1, 1, 1, 1, 1, 1, 1, 2, 2, 1, 2, 2, 3] 
dagE8.txt 1_4x2.txt True 0.3674418604651163 0.5 292.0 [3, 1, 1, 3, 3, 1, 1, 1, 1, 1, 1, 3, 3, 1, 1, 0, 1, 1, 1, 3, 3, 1, 1, 0, 3, 3, 3, 1, 3, 1, 3, 0, 1, 1, 3, 3, 3, 1, 2, 0, 0, 0, 3, 3, 3, 2, 0, 3, 3, 3, 3, 2, 3, 3, 3, 3, 2, 3, 3, 3, 3, 3, 2, 3, 3, 3, 3, 3, 3, 3] 
dagE8.txt 1_4x2.txt True 0.3581395348837209 0.55 268.25 [2, 1, 3, 3, 3, 3, 3, 3, 3, 3, 1, 2, 3, 3, 3, 3, 3, 1, 1, 3, 1, 3, 3, 3, 2, 3, 1, 3, 1, 3, 1, 3, 1, 3, 1, 1, 3, 3, 3, 1, 3, 2, 1, 1, 1, 3, 2, 1, 1, 1, 1, 0, 3, 3, 1, 1, 3, 1, 3, 3, 3, 1, 1, 0, 3, 3, 1, 3, 3, 1] 
dagE8.txt 1_4x2.txt True 0.3488372093023256 0.6 242.5 [1, 3, 3, 1, 1, 1, 1, 1, 1, 1, 3, 0, 1, 1, 1, 3, 1, 3, 3, 1, 0, 3, 3, 3, 1, 1, 1, 3, 0, 1, 1, 3, 3, 1, 3, 3, 3, 1, 3, 2, 1, 3, 3, 3, 1, 3, 3, 3, 3, 1, 1, 1, 3, 3, 1, 3, 2, 2, 3, 3, 3, 1, 2, 1, 1, 3, 1, 3, 1, 1] 
dagE8.txt 1_4x2.txt True 0.386046511627907 0.65 231.75 [2, 3, 1, 3, 1, 1, 2, 0, 3, 3, 3, 3, 3, 1, 3, 1, 3, 3, 3, 3, 3, 1, 2, 1, 3, 3, 1, 2, 3, 2, 1, 3, 3, 3, 1, 3, 1, 3, 1, 3, 1, 3, 1, 3, 1, 0, 3, 1, 1, 1, 1, 1, 3, 1, 1, 1, 0, 3, 1, 1, 1, 1, 0, 1, 1, 1, 1, 1, 1, 1] 
dagE8.txt 1_4x2.txt True 0.4418604651162791 0.7 231.0 [3, 3, 2, 1, 1, 1, 1, 1, 3, 1, 1, 3, 3, 1, 3, 0, 3, 0, 1, 1, 1, 2, 1, 1, 3, 1, 3, 2, 1, 3, 1, 0, 1, 3, 3, 3, 3, 3, 2, 3, 0, 3, 3, 3, 1, 3, 0, 1, 3, 1, 1, 1, 3, 3, 1, 3, 3, 3, 3, 1, 3, 1, 1, 1, 3, 3, 1, 3, 3, 2] 
dagE8.txt 1_4x2.txt True 0.4046511627906977 0.75 248.25 [1, 1, 1, 1, 1, 3, 3, 3, 3, 3, 1, 1, 1, 1, 3, 1, 3, 0, 1, 1, 1, 1, 1, 3, 1, 1, 1, 1, 1, 3, 2, 1, 0, 3, 1, 0, 1, 3, 1, 1, 2, 0, 1, 0, 3, 3, 2, 3, 1, 3, 2, 2, 0, 3, 3, 1, 3, 1, 1, 3, 3, 3, 3, 2, 3, 3, 1, 3, 3, 2] 
dagE8.txt 1_4x2.txt True 0.4046511627906977 0.8 248.25 [1, 1, 1, 1, 1, 3, 3, 3, 3, 3, 1, 1, 1, 1, 3, 1, 3, 0, 1, 1, 1, 1, 1, 3, 1, 1, 1, 1, 1, 3, 2, 1, 0, 3, 1, 0, 1, 3, 1, 1, 2, 0, 1, 0, 3, 3, 2, 3, 1, 3, 2, 2, 0, 3, 3, 1, 3, 1, 1, 3, 3, 3, 3, 2, 3, 3, 1, 3, 3, 2] 
dagE8.txt 1_4x2.txt True 0.5581395348837209 0.85 222.5 [0, 3, 1, 1, 1, 1, 2, 3, 2, 2, 3, 1, 1, 3, 1, 3, 1, 3, 3, 1, 1, 1, 3, 3, 0, 1, 0, 1, 1, 2, 1, 3, 3, 1, 1, 1, 3, 0, 3, 1, 3, 3, 1, 1, 1, 0, 3, 0, 1, 3, 3, 1, 1, 3, 1, 0, 2, 1, 3, 2, 1, 3, 2, 3, 3, 3, 3, 1, 3, 3] 
dagE8.txt 1_4x2.txt True 0.6139534883720931 0.9 245.0 [0, 1, 1, 1, 3, 1, 1, 3, 3, 0, 1, 1, 0, 1, 3, 3, 3, 1, 3, 0, 0, 1, 3, 3, 1, 1, 1, 3, 1, 0, 1, 1, 1, 3, 2, 1, 3, 3, 1, 3, 2, 1, 2, 3, 3, 1, 1, 2, 3, 3, 3, 1, 1, 1, 3, 3, 1, 1, 1, 3, 2, 3, 2, 3, 3, 3, 2, 3, 3, 3] 
dagE8.txt 1_4x2.txt True 0.44651162790697674 0.95 230.0 [3, 2, 3, 1, 3, 3, 1, 3, 3, 3, 3, 1, 3, 3, 3, 3, 2, 2, 3, 1, 3, 3, 3, 3, 3, 1, 3, 3, 3, 2, 3, 3, 3, 2, 0, 3, 1, 2, 3, 1, 0, 0, 0, 0, 1, 1, 2, 1, 0, 1, 1, 3, 1, 1, 1, 1, 1, 1, 0, 1, 1, 1, 1, 1, 1, 1, 1, 1, 1, 1] 
dagE8.txt 1_4x2.txt True 0.44651162790697674 1 230.0 [3, 2, 3, 1, 3, 3, 1, 3, 3, 3, 3, 1, 3, 3, 3, 3, 2, 2, 3, 1, 3, 3, 3, 3, 3, 1, 3, 3, 3, 2, 3, 3, 3, 2, 0, 3, 1, 2, 3, 1, 0, 0, 0, 0, 1, 1, 2, 1, 0, 1, 1, 3, 1, 1, 1, 1, 1, 1, 0, 1, 1, 1, 1, 1, 1, 1, 1, 1, 1, 1] 
dagE8.txt 1_4x3.txt True 0.05116279069767442 0.07 477.75 [1, 1, 1, 1, 1, 1, 1, 1, 1, 1, 1, 1, 1, 1, 1, 1, 1, 1, 1, 1, 2, 1, 1, 1, 1, 1, 2, 1, 1, 1, 1, 1, 1, 1, 1, 1, 1, 1, 1, 1, 1, 1, 1, 1, 1, 1, 1, 1, 1, 1, 1, 1, 1, 1, 1, 1, 1, 2, 1, 1, 1, 1, 2, 1, 1, 1, 1, 1, 1, 1] 
dagE8.txt 1_4x3.txt True 0.05116279069767442 0.08 477.75 [1, 1, 1, 1, 1, 1, 1, 1, 1, 1, 1, 1, 1, 1, 1, 1, 1, 1, 1, 1, 2, 1, 1, 1, 1, 1, 2, 1, 1, 1, 1, 1, 1, 1, 1, 1, 1, 1, 1, 1, 1, 1, 1, 1, 1, 1, 1, 1, 1, 1, 1, 1, 1, 1, 1, 1, 1, 2, 1, 1, 1, 1, 2, 1, 1, 1, 1, 1, 1, 1] 
dagE8.txt 1_4x3.txt True 0.05116279069767442 0.09 477.75 [1, 1, 1, 1, 1, 1, 1, 1, 1, 1, 1, 1, 1, 1, 1, 1, 1, 1, 1, 1, 2, 1, 1, 1, 1, 1, 2, 1, 1, 1, 1, 1, 1, 1, 1, 1, 1, 1, 1, 1, 1, 1, 1, 1, 1, 1, 1, 1, 1, 1, 1, 1, 1, 1, 1, 1, 1, 2, 1, 1, 1, 1, 2, 1, 1, 1, 1, 1, 1, 1] 
dagE8.txt 1_4x3.txt True 0.05116279069767442 0.1 477.75 [1, 1, 1, 1, 1, 1, 1, 1, 1, 1, 1, 1, 1, 1, 1, 1, 1, 1, 1, 1, 2, 1, 1, 1, 1, 1, 2, 1, 1, 1, 1, 1, 1, 1, 1, 1, 1, 1, 1, 1, 1, 1, 1, 1, 1, 1, 1, 1, 1, 1, 1, 1, 1, 1, 1, 1, 1, 2, 1, 1, 1, 1, 2, 1, 1, 1, 1, 1, 1, 1] 
dagE8.txt 1_4x3.txt True 0.08372093023255814 0.11 442.5 [1, 1, 1, 1, 1, 1, 1, 1, 1, 1, 1, 1, 1, 1, 1, 1, 1, 1, 1, 1, 2, 1, 1, 1, 1, 1, 2, 1, 1, 1, 1, 1, 1, 1, 1, 1, 1, 1, 1, 1, 1, 1, 1, 1, 1, 2, 1, 1, 1, 1, 1, 1, 1, 1, 1, 1, 2, 1, 1, 1, 2, 1, 2, 1, 2, 1, 1, 2, 1, 2] 
dagE8.txt 1_4x3.txt True 0.08372093023255814 0.12 442.5 [1, 1, 1, 1, 1, 1, 1, 1, 1, 1, 1, 1, 1, 1, 1, 1, 1, 1, 1, 1, 2, 1, 1, 1, 1, 1, 2, 1, 1, 1, 1, 1, 1, 1, 1, 1, 1, 1, 1, 1, 1, 1, 1, 1, 1, 2, 1, 1, 1, 1, 1, 1, 1, 1, 1, 1, 2, 1, 1, 1, 2, 1, 2, 1, 2, 1, 1, 2, 1, 2] 
dagE8.txt 1_4x3.txt True 0.08372093023255814 0.13 442.5 [1, 1, 1, 1, 1, 1, 1, 1, 1, 1, 1, 1, 1, 1, 1, 1, 1, 1, 1, 1, 2, 1, 1, 1, 1, 1, 2, 1, 1, 1, 1, 1, 1, 1, 1, 1, 1, 1, 1, 1, 1, 1, 1, 1, 1, 2, 1, 1, 1, 1, 1, 1, 1, 1, 1, 1, 2, 1, 1, 1, 2, 1, 2, 1, 2, 1, 1, 2, 1, 2] 
dagE8.txt 1_4x3.txt True 0.11162790697674418 0.14 442.5 [1, 1, 1, 1, 1, 1, 0, 1, 1, 1, 1, 1, 1, 1, 1, 1, 1, 1, 1, 1, 2, 1, 1, 1, 1, 1, 2, 1, 1, 1, 1, 1, 1, 1, 1, 1, 1, 1, 1, 1, 1, 1, 1, 1, 1, 1, 1, 1, 1, 1, 1, 1, 1, 1, 1, 1, 1, 0, 1, 5, 1, 1, 0, 1, 5, 1, 1, 5, 1, 5] 
dagE8.txt 1_4x3.txt True 0.11162790697674418 0.15 442.5 [1, 1, 1, 1, 1, 1, 0, 1, 1, 1, 1, 1, 1, 1, 1, 1, 1, 1, 1, 1, 2, 1, 1, 1, 1, 1, 2, 1, 1, 1, 1, 1, 1, 1, 1, 1, 1, 1, 1, 1, 1, 1, 1, 1, 1, 1, 1, 1, 1, 1, 1, 1, 1, 1, 1, 1, 1, 0, 1, 5, 1, 1, 0, 1, 5, 1, 1, 5, 1, 5] 
dagE8.txt 1_4x3.txt True 0.11162790697674418 0.16 442.5 [1, 1, 1, 1, 1, 1, 0, 1, 1, 1, 1, 1, 1, 1, 1, 1, 1, 1, 1, 1, 2, 1, 1, 1, 1, 1, 2, 1, 1, 1, 1, 1, 1, 1, 1, 1, 1, 1, 1, 1, 1, 1, 1, 1, 1, 1, 1, 1, 1, 1, 1, 1, 1, 1, 1, 1, 1, 0, 1, 5, 1, 1, 0, 1, 5, 1, 1, 5, 1, 5] 
dagE8.txt 1_4x3.txt True 0.11162790697674418 0.17 442.5 [1, 1, 1, 1, 1, 1, 0, 1, 1, 1, 1, 1, 1, 1, 1, 1, 1, 1, 1, 1, 2, 1, 1, 1, 1, 1, 2, 1, 1, 1, 1, 1, 1, 1, 1, 1, 1, 1, 1, 1, 1, 1, 1, 1, 1, 1, 1, 1, 1, 1, 1, 1, 1, 1, 1, 1, 1, 0, 1, 5, 1, 1, 0, 1, 5, 1, 1, 5, 1, 5] 
dagE8.txt 1_4x3.txt True 0.11627906976744186 0.18 441.0 [1, 1, 1, 1, 1, 1, 1, 3, 1, 1, 1, 1, 1, 1, 1, 1, 1, 1, 1, 1, 0, 1, 1, 1, 1, 1, 0, 1, 1, 1, 1, 1, 1, 1, 1, 1, 1, 1, 1, 1, 1, 1, 1, 1, 1, 1, 1, 1, 1, 1, 3, 1, 1, 1, 3, 1, 1, 1, 1, 0, 1, 1, 1, 1, 5, 5, 1, 5, 5, 3] 
dagE8.txt 1_4x3.txt True 0.11627906976744186 0.19 441.0 [1, 1, 1, 1, 1, 1, 1, 3, 1, 1, 1, 1, 1, 1, 1, 1, 1, 1, 1, 1, 0, 1, 1, 1, 1, 1, 0, 1, 1, 1, 1, 1, 1, 1, 1, 1, 1, 1, 1, 1, 1, 1, 1, 1, 1, 1, 1, 1, 1, 1, 3, 1, 1, 1, 3, 1, 1, 1, 1, 0, 1, 1, 1, 1, 5, 5, 1, 5, 5, 3] 
dagE8.txt 1_4x3.txt True 0.11627906976744186 0.2 441.0 [1, 1, 1, 1, 1, 1, 1, 3, 1, 1, 1, 1, 1, 1, 1, 1, 1, 1, 1, 1, 0, 1, 1, 1, 1, 1, 0, 1, 1, 1, 1, 1, 1, 1, 1, 1, 1, 1, 1, 1, 1, 1, 1, 1, 1, 1, 1, 1, 1, 1, 3, 1, 1, 1, 3, 1, 1, 1, 1, 0, 1, 1, 1, 1, 5, 5, 1, 5, 5, 3] 
dagE8.txt 1_4x3.txt True 0.11627906976744186 0.25 441.0 [1, 1, 1, 1, 1, 1, 1, 3, 1, 1, 1, 1, 1, 1, 1, 1, 1, 1, 1, 1, 0, 1, 1, 1, 1, 1, 0, 1, 1, 1, 1, 1, 1, 1, 1, 1, 1, 1, 1, 1, 1, 1, 1, 1, 1, 1, 1, 1, 1, 1, 3, 1, 1, 1, 3, 1, 1, 1, 1, 0, 1, 1, 1, 1, 5, 5, 1, 5, 5, 3] 
dagE8.txt 1_4x3.txt True 0.11627906976744186 0.3 441.0 [1, 1, 1, 1, 1, 1, 1, 3, 1, 1, 1, 1, 1, 1, 1, 1, 1, 1, 1, 1, 0, 1, 1, 1, 1, 1, 0, 1, 1, 1, 1, 1, 1, 1, 1, 1, 1, 1, 1, 1, 1, 1, 1, 1, 1, 1, 1, 1, 1, 1, 3, 1, 1, 1, 3, 1, 1, 1, 1, 0, 1, 1, 1, 1, 5, 5, 1, 5, 5, 3] 
dagE8.txt 1_4x3.txt True 0.11627906976744186 0.35 441.0 [1, 1, 1, 1, 1, 1, 1, 3, 1, 1, 1, 1, 1, 1, 1, 1, 1, 1, 1, 1, 0, 1, 1, 1, 1, 1, 0, 1, 1, 1, 1, 1, 1, 1, 1, 1, 1, 1, 1, 1, 1, 1, 1, 1, 1, 1, 1, 1, 1, 1, 3, 1, 1, 1, 3, 1, 1, 1, 1, 0, 1, 1, 1, 1, 5, 5, 1, 5, 5, 3] 
dagE8.txt 1_4x3.txt True 0.11627906976744186 0.4 441.0 [1, 1, 1, 1, 1, 1, 1, 3, 1, 1, 1, 1, 1, 1, 1, 1, 1, 1, 1, 1, 0, 1, 1, 1, 1, 1, 0, 1, 1, 1, 1, 1, 1, 1, 1, 1, 1, 1, 1, 1, 1, 1, 1, 1, 1, 1, 1, 1, 1, 1, 3, 1, 1, 1, 3, 1, 1, 1, 1, 0, 1, 1, 1, 1, 5, 5, 1, 5, 5, 3] 
dagE8.txt 1_4x3.txt True 0.11627906976744186 0.45 441.0 [1, 1, 1, 1, 1, 1, 1, 3, 1, 1, 1, 1, 1, 1, 1, 1, 1, 1, 1, 1, 0, 1, 1, 1, 1, 1, 0, 1, 1, 1, 1, 1, 1, 1, 1, 1, 1, 1, 1, 1, 1, 1, 1, 1, 1, 1, 1, 1, 1, 1, 3, 1, 1, 1, 3, 1, 1, 1, 1, 0, 1, 1, 1, 1, 5, 5, 1, 5, 5, 3] 
dagE8.txt 1_4x3.txt True 0.3674418604651163 0.5 240.0 [5, 5, 5, 5, 5, 1, 1, 1, 1, 1, 5, 5, 5, 1, 1, 5, 1, 5, 5, 5, 5, 5, 5, 5, 5, 5, 2, 5, 5, 1, 3, 5, 5, 1, 3, 3, 3, 1, 5, 5, 5, 5, 3, 3, 3, 2, 5, 1, 3, 3, 3, 2, 3, 1, 3, 3, 2, 3, 3, 1, 1, 3, 2, 3, 1, 1, 3, 1, 1, 3] 
dagE8.txt 1_4x3.txt True 0.4186046511627907 0.55 197.5 [2, 5, 3, 3, 3, 3, 3, 3, 3, 3, 5, 2, 3, 3, 3, 3, 3, 5, 5, 3, 4, 3, 3, 3, 2, 3, 4, 3, 5, 3, 5, 3, 5, 3, 5, 5, 1, 3, 1, 5, 3, 2, 5, 5, 4, 3, 2, 1, 5, 1, 5, 5, 1, 1, 1, 1, 1, 5, 1, 1, 1, 4, 5, 2, 1, 1, 1, 1, 1, 5] 
dagE8.txt 1_4x3.txt True 0.4511627906976744 0.6 153.75 [1, 3, 3, 1, 2, 3, 3, 3, 3, 3, 3, 1, 1, 3, 3, 1, 3, 3, 1, 1, 1, 1, 3, 1, 1, 1, 2, 3, 1, 3, 5, 3, 3, 3, 5, 5, 5, 3, 5, 0, 5, 3, 5, 5, 5, 5, 3, 1, 5, 5, 5, 5, 5, 1, 5, 5, 0, 0, 5, 1, 1, 5, 0, 5, 2, 1, 5, 1, 2, 2] 
dagE8.txt 1_4x3.txt True 0.5534883720930233 0.65 184.75 [0, 3, 1, 3, 1, 1, 1, 2, 5, 5, 3, 1, 3, 1, 5, 1, 5, 3, 3, 3, 3, 1, 0, 1, 5, 3, 1, 0, 3, 0, 1, 3, 3, 5, 5, 3, 5, 5, 1, 0, 1, 3, 5, 3, 3, 2, 3, 3, 5, 3, 1, 1, 3, 1, 3, 5, 4, 3, 5, 4, 1, 3, 4, 3, 1, 1, 5, 1, 1, 1] 
dagE8.txt 1_4x3.txt True 0.5488372093023256 0.7 170.0 [3, 3, 1, 5, 1, 5, 5, 5, 3, 5, 2, 3, 3, 5, 3, 1, 3, 5, 1, 1, 5, 1, 2, 1, 2, 5, 0, 1, 1, 3, 4, 5, 2, 3, 5, 1, 5, 3, 1, 5, 5, 2, 5, 1, 3, 3, 3, 1, 5, 1, 4, 4, 1, 3, 3, 5, 3, 5, 5, 1, 3, 3, 1, 0, 3, 3, 3, 3, 3, 5] 
dagE8.txt 1_4x3.txt True 0.5674418604651162 0.75 181.25 [3, 3, 1, 3, 3, 5, 5, 5, 5, 5, 1, 3, 3, 1, 5, 3, 5, 1, 1, 3, 2, 3, 1, 2, 3, 0, 2, 1, 1, 5, 3, 1, 3, 5, 1, 5, 3, 5, 3, 1, 5, 1, 1, 5, 1, 2, 0, 1, 1, 1, 0, 3, 5, 5, 1, 3, 1, 1, 3, 4, 5, 1, 1, 5, 4, 5, 3, 5, 4, 4] 
dagE8.txt 1_4x3.txt True 0.5674418604651162 0.8 181.25 [3, 3, 1, 3, 3, 5, 5, 5, 5, 5, 1, 3, 3, 1, 5, 3, 5, 1, 1, 3, 2, 3, 1, 2, 3, 0, 2, 1, 1, 5, 3, 1, 3, 5, 1, 5, 3, 5, 3, 1, 5, 1, 1, 5, 1, 2, 0, 1, 1, 1, 0, 3, 5, 5, 1, 3, 1, 1, 3, 4, 5, 1, 1, 5, 4, 5, 3, 5, 4, 4] 
dagE8.txt 1_4x3.txt True 0.627906976744186 0.85 150.0 [0, 5, 3, 3, 1, 1, 5, 3, 5, 2, 3, 3, 1, 3, 1, 1, 5, 5, 5, 1, 1, 2, 3, 1, 0, 1, 3, 3, 1, 5, 1, 1, 3, 5, 5, 1, 3, 0, 2, 5, 5, 1, 5, 1, 3, 1, 2, 3, 5, 5, 4, 1, 5, 3, 3, 1, 1, 5, 3, 1, 4, 5, 5, 5, 4, 3, 3, 4, 3, 4] 
dagE8.txt 1_4x3.txt True 0.6232558139534884 0.9 172.0 [1, 3, 3, 1, 1, 1, 1, 5, 5, 2, 0, 1, 2, 1, 5, 1, 5, 3, 0, 1, 1, 0, 3, 3, 1, 1, 1, 3, 1, 1, 5, 1, 0, 5, 2, 4, 5, 5, 1, 5, 4, 4, 3, 5, 4, 2, 3, 3, 5, 3, 5, 5, 1, 3, 5, 5, 3, 5, 1, 3, 3, 3, 5, 5, 3, 3, 4, 3, 3, 5] 
dagE8.txt 1_4x3.txt True 0.6093023255813953 0.95 168.5 [4, 3, 3, 3, 4, 4, 5, 5, 5, 5, 3, 3, 3, 5, 5, 3, 5, 3, 3, 4, 4, 3, 3, 1, 3, 1, 5, 3, 3, 5, 5, 3, 3, 5, 1, 1, 5, 5, 1, 1, 3, 5, 1, 1, 1, 1, 5, 2, 1, 1, 2, 5, 1, 3, 2, 5, 3, 1, 1, 0, 5, 5, 2, 1, 0, 1, 1, 0, 1, 0] 
dagE8.txt 1_4x3.txt True 0.6093023255813953 1 168.5 [4, 3, 3, 3, 4, 4, 5, 5, 5, 5, 3, 3, 3, 5, 5, 3, 5, 3, 3, 4, 4, 3, 3, 1, 3, 1, 5, 3, 3, 5, 5, 3, 3, 5, 1, 1, 5, 5, 1, 1, 3, 5, 1, 1, 1, 1, 5, 2, 1, 1, 2, 5, 1, 3, 2, 5, 3, 1, 1, 0, 5, 5, 2, 1, 0, 1, 1, 0, 1, 0] 
dagE8.txt 3_2x1.txt True 0.05116279069767442 0.07 637.0 [0, 0, 0, 0, 0, 0, 0, 0, 0, 0, 0, 0, 0, 0, 0, 0, 0, 0, 0, 0, 1, 0, 0, 0, 0, 0, 1, 0, 0, 0, 0, 0, 0, 0, 0, 0, 0, 0, 0, 0, 0, 0, 0, 0, 0, 0, 0, 0, 0, 0, 0, 0, 0, 0, 0, 0, 0, 1, 0, 0, 0, 0, 1, 0, 0, 0, 0, 0, 0, 0] 
dagE8.txt 3_2x1.txt True 0.05116279069767442 0.08 637.0 [0, 0, 0, 0, 0, 0, 0, 0, 0, 0, 0, 0, 0, 0, 0, 0, 0, 0, 0, 0, 1, 0, 0, 0, 0, 0, 1, 0, 0, 0, 0, 0, 0, 0, 0, 0, 0, 0, 0, 0, 0, 0, 0, 0, 0, 0, 0, 0, 0, 0, 0, 0, 0, 0, 0, 0, 0, 1, 0, 0, 0, 0, 1, 0, 0, 0, 0, 0, 0, 0] 
dagE8.txt 3_2x1.txt True 0.05116279069767442 0.09 637.0 [0, 0, 0, 0, 0, 0, 0, 0, 0, 0, 0, 0, 0, 0, 0, 0, 0, 0, 0, 0, 1, 0, 0, 0, 0, 0, 1, 0, 0, 0, 0, 0, 0, 0, 0, 0, 0, 0, 0, 0, 0, 0, 0, 0, 0, 0, 0, 0, 0, 0, 0, 0, 0, 0, 0, 0, 0, 1, 0, 0, 0, 0, 1, 0, 0, 0, 0, 0, 0, 0] 
dagE8.txt 3_2x1.txt True 0.05116279069767442 0.1 637.0 [0, 0, 0, 0, 0, 0, 0, 0, 0, 0, 0, 0, 0, 0, 0, 0, 0, 0, 0, 0, 1, 0, 0, 0, 0, 0, 1, 0, 0, 0, 0, 0, 0, 0, 0, 0, 0, 0, 0, 0, 0, 0, 0, 0, 0, 0, 0, 0, 0, 0, 0, 0, 0, 0, 0, 0, 0, 1, 0, 0, 0, 0, 1, 0, 0, 0, 0, 0, 0, 0] 
dagE8.txt 3_2x1.txt True 0.04186046511627907 0.11 627.6666666666666 [0, 0, 0, 0, 0, 0, 0, 0, 0, 0, 0, 0, 0, 0, 0, 0, 0, 0, 0, 0, 0, 0, 0, 0, 0, 0, 0, 0, 0, 0, 0, 0, 0, 0, 0, 0, 0, 0, 0, 0, 0, 0, 0, 0, 0, 0, 0, 0, 0, 0, 0, 0, 0, 0, 0, 0, 0, 0, 0, 0, 1, 0, 0, 0, 1, 0, 0, 1, 0, 1] 
dagE8.txt 3_2x1.txt True 0.04186046511627907 0.12 627.6666666666666 [0, 0, 0, 0, 0, 0, 0, 0, 0, 0, 0, 0, 0, 0, 0, 0, 0, 0, 0, 0, 0, 0, 0, 0, 0, 0, 0, 0, 0, 0, 0, 0, 0, 0, 0, 0, 0, 0, 0, 0, 0, 0, 0, 0, 0, 0, 0, 0, 0, 0, 0, 0, 0, 0, 0, 0, 0, 0, 0, 0, 1, 0, 0, 0, 1, 0, 0, 1, 0, 1] 
dagE8.txt 3_2x1.txt True 0.04186046511627907 0.13 627.6666666666666 [0, 0, 0, 0, 0, 0, 0, 0, 0, 0, 0, 0, 0, 0, 0, 0, 0, 0, 0, 0, 0, 0, 0, 0, 0, 0, 0, 0, 0, 0, 0, 0, 0, 0, 0, 0, 0, 0, 0, 0, 0, 0, 0, 0, 0, 0, 0, 0, 0, 0, 0, 0, 0, 0, 0, 0, 0, 0, 0, 0, 1, 0, 0, 0, 1, 0, 0, 1, 0, 1] 
dagE8.txt 3_2x1.txt True 0.06046511627906977 0.14 622.6666666666666 [0, 0, 0, 0, 0, 0, 1, 0, 0, 0, 0, 0, 0, 0, 0, 0, 0, 0, 0, 0, 0, 0, 0, 0, 0, 0, 0, 0, 0, 0, 0, 0, 0, 0, 0, 0, 0, 0, 0, 0, 0, 0, 0, 0, 0, 0, 0, 0, 0, 0, 0, 0, 0, 0, 0, 0, 0, 0, 0, 1, 0, 0, 0, 0, 1, 0, 0, 1, 0, 1] 
dagE8.txt 3_2x1.txt True 0.06046511627906977 0.15 622.6666666666666 [0, 0, 0, 0, 0, 0, 1, 0, 0, 0, 0, 0, 0, 0, 0, 0, 0, 0, 0, 0, 0, 0, 0, 0, 0, 0, 0, 0, 0, 0, 0, 0, 0, 0, 0, 0, 0, 0, 0, 0, 0, 0, 0, 0, 0, 0, 0, 0, 0, 0, 0, 0, 0, 0, 0, 0, 0, 0, 0, 1, 0, 0, 0, 0, 1, 0, 0, 1, 0, 1] 
dagE8.txt 3_2x1.txt True 0.06046511627906977 0.16 622.6666666666666 [0, 0, 0, 0, 0, 0, 1, 0, 0, 0, 0, 0, 0, 0, 0, 0, 0, 0, 0, 0, 0, 0, 0, 0, 0, 0, 0, 0, 0, 0, 0, 0, 0, 0, 0, 0, 0, 0, 0, 0, 0, 0, 0, 0, 0, 0, 0, 0, 0, 0, 0, 0, 0, 0, 0, 0, 0, 0, 0, 1, 0, 0, 0, 0, 1, 0, 0, 1, 0, 1] 
dagE8.txt 3_2x1.txt True 0.06046511627906977 0.17 622.6666666666666 [0, 0, 0, 0, 0, 0, 1, 0, 0, 0, 0, 0, 0, 0, 0, 0, 0, 0, 0, 0, 0, 0, 0, 0, 0, 0, 0, 0, 0, 0, 0, 0, 0, 0, 0, 0, 0, 0, 0, 0, 0, 0, 0, 0, 0, 0, 0, 0, 0, 0, 0, 0, 0, 0, 0, 0, 0, 0, 0, 1, 0, 0, 0, 0, 1, 0, 0, 1, 0, 1] 
dagE8.txt 3_2x1.txt True 0.11627906976744186 0.18 626.0 [0, 0, 0, 0, 0, 0, 0, 1, 0, 0, 0, 0, 0, 0, 0, 0, 0, 0, 0, 0, 1, 0, 0, 0, 0, 0, 1, 0, 0, 0, 0, 0, 0, 0, 0, 0, 0, 0, 0, 0, 0, 0, 0, 0, 0, 1, 0, 0, 0, 0, 0, 0, 0, 0, 1, 1, 1, 0, 0, 0, 0, 0, 0, 0, 0, 0, 0, 0, 0, 0] 
dagE8.txt 3_2x1.txt True 0.11627906976744186 0.19 626.0 [0, 0, 0, 0, 0, 0, 0, 1, 0, 0, 0, 0, 0, 0, 0, 0, 0, 0, 0, 0, 1, 0, 0, 0, 0, 0, 1, 0, 0, 0, 0, 0, 0, 0, 0, 0, 0, 0, 0, 0, 0, 0, 0, 0, 0, 1, 0, 0, 0, 0, 0, 0, 0, 0, 1, 1, 1, 0, 0, 0, 0, 0, 0, 0, 0, 0, 0, 0, 0, 0] 
dagE8.txt 3_2x1.txt True 0.11627906976744186 0.2 626.0 [0, 0, 0, 0, 0, 0, 0, 1, 0, 0, 0, 0, 0, 0, 0, 0, 0, 0, 0, 0, 1, 0, 0, 0, 0, 0, 1, 0, 0, 0, 0, 0, 0, 0, 0, 0, 0, 0, 0, 0, 0, 0, 0, 0, 0, 1, 0, 0, 0, 0, 0, 0, 0, 0, 1, 1, 1, 0, 0, 0, 0, 0, 0, 0, 0, 0, 0, 0, 0, 0] 
dagE8.txt 3_2x1.txt True 0.11627906976744186 0.25 626.0 [0, 0, 0, 0, 0, 0, 0, 1, 0, 0, 0, 0, 0, 0, 0, 0, 0, 0, 0, 0, 1, 0, 0, 0, 0, 0, 1, 0, 0, 0, 0, 0, 0, 0, 0, 0, 0, 0, 0, 0, 0, 0, 0, 0, 0, 1, 0, 0, 0, 0, 0, 0, 0, 0, 1, 1, 1, 0, 0, 0, 0, 0, 0, 0, 0, 0, 0, 0, 0, 0] 
dagE8.txt 3_2x1.txt True 0.11627906976744186 0.3 626.0 [0, 0, 0, 0, 0, 0, 0, 1, 0, 0, 0, 0, 0, 0, 0, 0, 0, 0, 0, 0, 1, 0, 0, 0, 0, 0, 1, 0, 0, 0, 0, 0, 0, 0, 0, 0, 0, 0, 0, 0, 0, 0, 0, 0, 0, 1, 0, 0, 0, 0, 0, 0, 0, 0, 1, 1, 1, 0, 0, 0, 0, 0, 0, 0, 0, 0, 0, 0, 0, 0] 
dagE8.txt 3_2x1.txt True 0.11627906976744186 0.35 626.0 [0, 0, 0, 0, 0, 0, 0, 1, 0, 0, 0, 0, 0, 0, 0, 0, 0, 0, 0, 0, 1, 0, 0, 0, 0, 0, 1, 0, 0, 0, 0, 0, 0, 0, 0, 0, 0, 0, 0, 0, 0, 0, 0, 0, 0, 1, 0, 0, 0, 0, 0, 0, 0, 0, 1, 1, 1, 0, 0, 0, 0, 0, 0, 0, 0, 0, 0, 0, 0, 0] 
dagE8.txt 3_2x1.txt True 0.11627906976744186 0.4 626.0 [0, 0, 0, 0, 0, 0, 0, 1, 0, 0, 0, 0, 0, 0, 0, 0, 0, 0, 0, 0, 1, 0, 0, 0, 0, 0, 1, 0, 0, 0, 0, 0, 0, 0, 0, 0, 0, 0, 0, 0, 0, 0, 0, 0, 0, 1, 0, 0, 0, 0, 0, 0, 0, 0, 1, 1, 1, 0, 0, 0, 0, 0, 0, 0, 0, 0, 0, 0, 0, 0] 
dagE8.txt 3_2x1.txt True 0.11627906976744186 0.45 626.0 [0, 0, 0, 0, 0, 0, 0, 1, 0, 0, 0, 0, 0, 0, 0, 0, 0, 0, 0, 0, 1, 0, 0, 0, 0, 0, 1, 0, 0, 0, 0, 0, 0, 0, 0, 0, 0, 0, 0, 0, 0, 0, 0, 0, 0, 1, 0, 0, 0, 0, 0, 0, 0, 0, 1, 1, 1, 0, 0, 0, 0, 0, 0, 0, 0, 0, 0, 0, 0, 0] 
dagE8.txt 3_2x1.txt True 0.2930232558139535 0.5 436.5 [1, 1, 1, 1, 1, 0, 0, 0, 0, 0, 1, 1, 1, 0, 0, 0, 0, 1, 1, 1, 1, 1, 1, 0, 1, 1, 1, 1, 1, 0, 0, 0, 1, 0, 0, 0, 0, 0, 0, 0, 0, 0, 0, 0, 0, 0, 0, 1, 0, 0, 0, 0, 0, 1, 0, 0, 0, 0, 0, 1, 1, 0, 0, 0, 1, 1, 0, 1, 1, 0] 
dagE8.txt 3_2x1.txt True 0.2930232558139535 0.55 420.0 [1, 1, 1, 0, 1, 0, 0, 0, 0, 0, 1, 1, 0, 0, 0, 1, 0, 1, 1, 0, 0, 1, 1, 1, 1, 0, 0, 1, 1, 0, 0, 1, 1, 0, 0, 0, 0, 0, 0, 0, 1, 1, 0, 0, 0, 1, 1, 0, 0, 0, 0, 0, 0, 0, 0, 0, 0, 0, 0, 0, 0, 0, 0, 0, 0, 0, 0, 0, 0, 0] 
dagE8.txt 3_2x1.txt True 0.13488372093023257 0.6 454.6666666666667 [0, 0, 0, 0, 0, 0, 0, 0, 0, 0, 0, 0, 0, 0, 0, 0, 0, 0, 0, 0, 0, 0, 0, 0, 0, 0, 0, 0, 0, 0, 1, 0, 0, 0, 0, 0, 0, 0, 0, 1, 1, 0, 0, 0, 1, 1, 0, 1, 0, 1, 1, 1, 0, 1, 1, 0, 1, 1, 0, 1, 1, 1, 1, 1, 1, 1, 1, 1, 1, 1] 
dagE8.txt 3_2x1.txt True 0.3488372093023256 0.65 443.0 [1, 0, 1, 0, 1, 1, 1, 1, 1, 1, 0, 1, 0, 1, 1, 1, 1, 1, 0, 0, 0, 1, 1, 1, 1, 0, 1, 1, 0, 1, 0, 0, 0, 1, 1, 0, 1, 1, 1, 0, 0, 0, 1, 0, 0, 0, 0, 0, 1, 0, 0, 0, 0, 0, 0, 1, 0, 0, 1, 0, 0, 0, 0, 0, 0, 0, 1, 0, 0, 0] 
dagE8.txt 3_2x1.txt True 0.13953488372093023 0.7 457.0 [0, 0, 0, 0, 0, 0, 0, 0, 0, 0, 0, 0, 0, 0, 0, 0, 0, 0, 0, 0, 0, 0, 0, 0, 0, 0, 1, 0, 0, 0, 1, 0, 0, 0, 0, 0, 0, 0, 0, 0, 1, 0, 0, 0, 1, 1, 1, 1, 0, 1, 1, 1, 0, 1, 1, 0, 1, 0, 0, 1, 1, 1, 1, 1, 1, 1, 1, 1, 1, 1] 
dagE8.txt 3_2x1.txt True 0.17674418604651163 0.75 419.3333333333333 [0, 0, 0, 0, 0, 0, 0, 0, 0, 0, 0, 0, 0, 0, 0, 0, 0, 0, 0, 0, 1, 0, 0, 0, 0, 0, 1, 0, 0, 0, 1, 0, 0, 0, 1, 0, 0, 0, 0, 1, 1, 0, 1, 1, 1, 1, 0, 1, 1, 1, 1, 1, 0, 1, 1, 0, 1, 1, 0, 1, 1, 1, 1, 1, 1, 1, 0, 1, 1, 1] 
dagE8.txt 3_2x1.txt True 0.17674418604651163 0.8 419.3333333333333 [0, 0, 0, 0, 0, 0, 0, 0, 0, 0, 0, 0, 0, 0, 0, 0, 0, 0, 0, 0, 1, 0, 0, 0, 0, 0, 1, 0, 0, 0, 1, 0, 0, 0, 1, 0, 0, 0, 0, 1, 1, 0, 1, 1, 1, 1, 0, 1, 1, 1, 1, 1, 0, 1, 1, 0, 1, 1, 0, 1, 1, 1, 1, 1, 1, 1, 0, 1, 1, 1] 
dagE8.txt 3_2x1.txt True 0.3767441860465116 0.85 428.0 [0, 1, 0, 1, 0, 1, 1, 1, 1, 1, 1, 1, 1, 1, 1, 1, 0, 1, 1, 1, 0, 1, 1, 1, 0, 1, 1, 0, 0, 1, 0, 0, 1, 0, 0, 1, 0, 0, 0, 1, 0, 0, 0, 1, 0, 0, 0, 1, 0, 0, 0, 0, 0, 0, 0, 0, 0, 1, 0, 0, 0, 0, 1, 0, 0, 0, 0, 0, 0, 0] 
dagE8.txt 3_2x1.txt True 0.386046511627907 0.9 430.6666666666667 [1, 0, 0, 0, 0, 0, 0, 0, 0, 0, 0, 0, 1, 0, 0, 0, 0, 0, 1, 0, 1, 1, 0, 1, 0, 0, 1, 0, 0, 0, 1, 0, 0, 0, 1, 0, 0, 0, 1, 0, 0, 1, 1, 0, 1, 1, 0, 1, 0, 1, 1, 1, 0, 0, 1, 0, 0, 1, 1, 0, 1, 1, 1, 0, 0, 1, 1, 0, 0, 1] 
dagE8.txt 3_2x1.txt True 0.3627906976744186 0.95 419.0 [1, 1, 1, 1, 1, 1, 1, 0, 1, 0, 0, 1, 0, 0, 1, 1, 1, 1, 0, 1, 1, 1, 1, 1, 0, 1, 1, 1, 1, 1, 0, 0, 0, 1, 0, 0, 0, 1, 1, 0, 0, 0, 0, 0, 0, 0, 1, 0, 0, 0, 0, 0, 0, 0, 0, 0, 0, 0, 0, 0, 0, 0, 0, 0, 0, 0, 0, 0, 0, 0] 
dagE8.txt 3_2x1.txt True 0.3627906976744186 1 419.0 [1, 1, 1, 1, 1, 1, 1, 0, 1, 0, 0, 1, 0, 0, 1, 1, 1, 1, 0, 1, 1, 1, 1, 1, 0, 1, 1, 1, 1, 1, 0, 0, 0, 1, 0, 0, 0, 1, 1, 0, 0, 0, 0, 0, 0, 0, 1, 0, 0, 0, 0, 0, 0, 0, 0, 0, 0, 0, 0, 0, 0, 0, 0, 0, 0, 0, 0, 0, 0, 0] 
