dagE22.txt 3_2x4.txt True 0.05 0.07 507.5 [1, 1, 1, 1, 1, 1, 1, 1, 1, 1, 1, 1, 1, 1, 1, 1, 1, 1, 1, 1, 1, 1, 1, 1, 1, 1, 1, 1, 1, 1, 1, 1, 1, 1, 1, 3, 1, 1, 1, 1, 1, 1, 1, 1, 1, 1, 1, 1, 1, 3, 1, 1, 1, 1, 3, 1, 1, 1, 1, 1, 1, 1, 1, 3, 1, 1, 1, 1, 1, 1] 
dagE22.txt 3_2x4.txt True 0.05 0.1 507.5 [1, 1, 1, 1, 1, 1, 1, 1, 1, 1, 1, 1, 1, 1, 1, 1, 1, 1, 1, 1, 1, 1, 1, 1, 1, 1, 1, 1, 1, 1, 1, 1, 1, 1, 1, 3, 1, 1, 1, 1, 1, 1, 1, 1, 1, 1, 1, 1, 1, 3, 1, 1, 1, 1, 3, 1, 1, 1, 1, 1, 1, 1, 1, 3, 1, 1, 1, 1, 1, 1] 
dagE22.txt 3_2x4.txt True 0.13 0.15 492.5 [1, 1, 1, 1, 1, 7, 1, 1, 6, 1, 1, 1, 1, 1, 1, 1, 1, 1, 1, 1, 1, 1, 1, 1, 1, 1, 1, 1, 1, 1, 1, 7, 1, 1, 1, 1, 1, 1, 1, 1, 1, 1, 1, 1, 1, 1, 1, 1, 1, 6, 1, 1, 1, 1, 1, 1, 1, 1, 1, 1, 1, 1, 1, 3, 6, 1, 1, 3, 1, 3] 
dagE22.txt 3_2x4.txt True 0.14 0.2 478.0 [3, 3, 3, 3, 3, 2, 3, 2, 3, 3, 3, 3, 3, 3, 3, 3, 3, 3, 3, 3, 3, 3, 3, 3, 3, 3, 3, 3, 3, 3, 3, 3, 3, 3, 3, 3, 3, 3, 3, 3, 2, 3, 3, 3, 3, 3, 3, 3, 3, 7, 3, 3, 3, 3, 3, 3, 3, 3, 3, 3, 3, 3, 1, 7, 7, 3, 3, 3, 1, 7] 
dagE22.txt 3_2x4.txt True 0.14 0.3 478.0 [3, 3, 3, 3, 3, 2, 3, 2, 3, 3, 3, 3, 3, 3, 3, 3, 3, 3, 3, 3, 3, 3, 3, 3, 3, 3, 3, 3, 3, 3, 3, 3, 3, 3, 3, 3, 3, 3, 3, 3, 2, 3, 3, 3, 3, 3, 3, 3, 3, 7, 3, 3, 3, 3, 3, 3, 3, 3, 3, 3, 3, 3, 1, 7, 7, 3, 3, 3, 1, 7] 
dagE22.txt 3_2x4.txt True 0.14 0.4 478.0 [3, 3, 3, 3, 3, 2, 3, 2, 3, 3, 3, 3, 3, 3, 3, 3, 3, 3, 3, 3, 3, 3, 3, 3, 3, 3, 3, 3, 3, 3, 3, 3, 3, 3, 3, 3, 3, 3, 3, 3, 2, 3, 3, 3, 3, 3, 3, 3, 3, 7, 3, 3, 3, 3, 3, 3, 3, 3, 3, 3, 3, 3, 1, 7, 7, 3, 3, 3, 1, 7] 
dagE22.txt 3_2x4.txt True 0.4 0.5 175.25 [1, 1, 1, 5, 5, 1, 5, 5, 5, 5, 5, 1, 5, 1, 5, 5, 1, 5, 5, 5, 1, 3, 3, 5, 5, 3, 1, 5, 2, 3, 3, 1, 5, 5, 5, 3, 3, 3, 3, 1, 5, 3, 3, 3, 3, 2, 3, 1, 7, 3, 1, 3, 7, 3, 3, 7, 2, 7, 3, 7, 7, 7, 3, 3, 7, 7, 7, 3, 7, 3] 
dagE22.txt 3_2x4.txt True 0.48 0.6 174.25 [0, 3, 3, 1, 5, 5, 2, 3, 1, 5, 3, 5, 1, 3, 6, 5, 6, 5, 5, 5, 1, 5, 5, 1, 5, 5, 5, 5, 0, 5, 7, 1, 5, 5, 5, 2, 7, 7, 5, 1, 5, 5, 5, 7, 7, 3, 3, 1, 1, 4, 1, 7, 1, 7, 2, 1, 1, 3, 7, 3, 3, 7, 3, 7, 1, 3, 1, 7, 3, 7] 
dagE22.txt 3_2x4.txt True 0.565 0.7 150.0 [1, 0, 1, 3, 0, 3, 7, 7, 7, 7, 7, 7, 7, 1, 7, 7, 3, 5, 5, 5, 1, 5, 3, 5, 5, 3, 3, 5, 4, 5, 2, 7, 5, 5, 5, 4, 5, 2, 5, 1, 5, 3, 5, 2, 3, 7, 3, 1, 1, 5, 1, 1, 1, 3, 2, 1, 6, 3, 3, 6, 1, 1, 3, 6, 1, 1, 1, 3, 1, 3] 
dagE22.txt 3_2x4.txt True 0.73 1 126.25 [5, 1, 5, 3, 7, 3, 7, 5, 5, 4, 5, 3, 5, 5, 7, 4, 7, 5, 3, 5, 3, 7, 1, 3, 7, 3, 7, 1, 1, 7, 5, 2, 1, 5, 3, 5, 7, 3, 1, 1, 7, 1, 3, 3, 5, 7, 2, 1, 3, 3, 6, 2, 6, 3, 4, 1, 0, 0, 3, 1, 5, 7, 7, 0, 1, 1, 1, 6, 5, 1] 
dagE22.txt 3_2x2.txt True 0.05 0.07 676.6666666666666 [0, 0, 0, 0, 0, 0, 0, 0, 0, 0, 0, 0, 0, 0, 0, 0, 0, 0, 0, 0, 0, 0, 0, 0, 0, 0, 0, 0, 0, 0, 0, 0, 0, 0, 0, 1, 0, 0, 0, 0, 0, 0, 0, 0, 0, 0, 0, 0, 0, 1, 0, 0, 0, 0, 1, 0, 0, 0, 0, 0, 0, 0, 0, 1, 0, 0, 0, 0, 0, 0] 
dagE22.txt 3_2x2.txt True 0.05 0.1 676.6666666666666 [0, 0, 0, 0, 0, 0, 0, 0, 0, 0, 0, 0, 0, 0, 0, 0, 0, 0, 0, 0, 0, 0, 0, 0, 0, 0, 0, 0, 0, 0, 0, 0, 0, 0, 0, 1, 0, 0, 0, 0, 0, 0, 0, 0, 0, 0, 0, 0, 0, 1, 0, 0, 0, 0, 1, 0, 0, 0, 0, 0, 0, 0, 0, 1, 0, 0, 0, 0, 0, 0] 
dagE22.txt 3_2x2.txt True 0.13 0.15 656.6666666666666 [2, 2, 2, 2, 2, 1, 2, 2, 1, 2, 2, 2, 2, 2, 2, 2, 2, 2, 2, 2, 2, 2, 2, 2, 2, 2, 2, 2, 2, 2, 2, 1, 2, 2, 2, 2, 2, 2, 2, 2, 2, 2, 2, 2, 2, 2, 2, 2, 2, 0, 2, 2, 2, 2, 2, 2, 2, 2, 2, 2, 2, 2, 2, 0, 0, 2, 2, 1, 2, 0] 
dagE22.txt 3_2x2.txt True 0.065 0.2 676.0 [0, 0, 0, 0, 0, 0, 0, 2, 0, 0, 0, 0, 0, 0, 0, 0, 0, 0, 0, 0, 0, 0, 0, 0, 0, 0, 0, 0, 0, 0, 0, 0, 0, 0, 0, 0, 0, 0, 0, 0, 0, 0, 0, 0, 0, 0, 0, 0, 0, 2, 0, 0, 0, 0, 0, 0, 0, 0, 0, 0, 0, 0, 0, 2, 2, 0, 0, 0, 0, 2] 
dagE22.txt 3_2x2.txt True 0.065 0.3 676.0 [0, 0, 0, 0, 0, 0, 0, 2, 0, 0, 0, 0, 0, 0, 0, 0, 0, 0, 0, 0, 0, 0, 0, 0, 0, 0, 0, 0, 0, 0, 0, 0, 0, 0, 0, 0, 0, 0, 0, 0, 0, 0, 0, 0, 0, 0, 0, 0, 0, 2, 0, 0, 0, 0, 0, 0, 0, 0, 0, 0, 0, 0, 0, 2, 2, 0, 0, 0, 0, 2] 
dagE22.txt 3_2x2.txt True 0.065 0.4 676.0 [0, 0, 0, 0, 0, 0, 0, 2, 0, 0, 0, 0, 0, 0, 0, 0, 0, 0, 0, 0, 0, 0, 0, 0, 0, 0, 0, 0, 0, 0, 0, 0, 0, 0, 0, 0, 0, 0, 0, 0, 0, 0, 0, 0, 0, 0, 0, 0, 0, 2, 0, 0, 0, 0, 0, 0, 0, 0, 0, 0, 0, 0, 0, 2, 2, 0, 0, 0, 0, 2] 
dagE22.txt 3_2x2.txt True 0.375 0.5 232.66666666666666 [1, 1, 1, 2, 2, 1, 2, 2, 2, 2, 2, 1, 2, 1, 2, 1, 1, 2, 2, 2, 1, 0, 0, 2, 2, 0, 1, 2, 3, 0, 0, 3, 2, 2, 2, 0, 0, 0, 0, 3, 2, 0, 0, 0, 0, 3, 0, 3, 3, 0, 3, 0, 3, 0, 0, 3, 1, 3, 0, 3, 3, 3, 0, 0, 3, 3, 3, 0, 3, 0] 
dagE22.txt 3_2x2.txt True 0.41 0.6 254.33333333333334 [2, 2, 2, 3, 3, 2, 2, 2, 3, 3, 2, 2, 3, 2, 2, 3, 0, 0, 2, 2, 3, 0, 0, 3, 2, 0, 2, 0, 3, 0, 0, 0, 2, 2, 2, 1, 0, 0, 0, 3, 2, 0, 0, 0, 0, 0, 1, 3, 1, 0, 3, 0, 1, 0, 1, 1, 3, 1, 0, 1, 1, 0, 1, 0, 1, 1, 1, 0, 1, 0] 
dagE22.txt 3_2x2.txt True 0.44 0.7 240.33333333333334 [0, 0, 0, 0, 1, 1, 0, 0, 0, 1, 0, 1, 0, 0, 0, 1, 1, 2, 2, 2, 0, 2, 1, 2, 1, 1, 1, 2, 0, 2, 2, 2, 1, 2, 2, 2, 2, 2, 2, 3, 2, 1, 2, 2, 3, 2, 0, 3, 3, 2, 3, 3, 3, 0, 2, 3, 3, 0, 0, 3, 3, 3, 0, 2, 3, 3, 3, 0, 3, 0] 
dagE22.txt 3_2x2.txt True 0.37 1 248.0 [2, 2, 2, 2, 2, 3, 2, 2, 2, 2, 2, 2, 2, 2, 2, 2, 3, 3, 3, 2, 2, 2, 3, 2, 0, 2, 3, 3, 0, 2, 0, 0, 3, 2, 3, 0, 0, 0, 3, 0, 3, 3, 3, 0, 0, 0, 1, 0, 0, 0, 0, 1, 1, 0, 0, 0, 0, 1, 1, 1, 1, 1, 1, 1, 0, 1, 0, 1, 1, 1] 
dagE22.txt 3_2x1.txt True 0.05 0.07 676.6666666666666 [0, 0, 0, 0, 0, 0, 0, 0, 0, 0, 0, 0, 0, 0, 0, 0, 0, 0, 0, 0, 0, 0, 0, 0, 0, 0, 0, 0, 0, 0, 0, 0, 0, 0, 0, 1, 0, 0, 0, 0, 0, 0, 0, 0, 0, 0, 0, 0, 0, 1, 0, 0, 0, 0, 1, 0, 0, 0, 0, 0, 0, 0, 0, 1, 0, 0, 0, 0, 0, 0] 
dagE22.txt 3_2x1.txt True 0.05 0.1 676.6666666666666 [0, 0, 0, 0, 0, 0, 0, 0, 0, 0, 0, 0, 0, 0, 0, 0, 0, 0, 0, 0, 0, 0, 0, 0, 0, 0, 0, 0, 0, 0, 0, 0, 0, 0, 0, 1, 0, 0, 0, 0, 0, 0, 0, 0, 0, 0, 0, 0, 0, 1, 0, 0, 0, 0, 1, 0, 0, 0, 0, 0, 0, 0, 0, 1, 0, 0, 0, 0, 0, 0] 
dagE22.txt 3_2x1.txt True 0.09 0.15 688.3333333333334 [0, 0, 0, 0, 0, 1, 0, 0, 1, 0, 0, 0, 0, 0, 0, 0, 0, 0, 0, 0, 0, 0, 0, 0, 0, 0, 0, 0, 0, 0, 0, 1, 0, 0, 0, 0, 0, 0, 0, 0, 0, 0, 0, 0, 0, 0, 0, 0, 0, 0, 0, 0, 0, 0, 0, 0, 0, 0, 0, 0, 0, 0, 0, 0, 0, 0, 0, 1, 0, 0] 
dagE22.txt 3_2x1.txt True 0.065 0.2 676.0 [0, 0, 0, 0, 0, 0, 0, 0, 0, 0, 0, 0, 0, 0, 0, 0, 0, 0, 0, 0, 0, 0, 0, 0, 0, 0, 0, 0, 0, 0, 0, 0, 0, 0, 0, 0, 0, 0, 0, 0, 1, 0, 0, 0, 0, 0, 0, 0, 0, 1, 0, 0, 0, 0, 0, 0, 0, 0, 0, 0, 0, 0, 0, 1, 1, 0, 0, 0, 0, 1] 
dagE22.txt 3_2x1.txt True 0.065 0.3 676.0 [0, 0, 0, 0, 0, 0, 0, 0, 0, 0, 0, 0, 0, 0, 0, 0, 0, 0, 0, 0, 0, 0, 0, 0, 0, 0, 0, 0, 0, 0, 0, 0, 0, 0, 0, 0, 0, 0, 0, 0, 1, 0, 0, 0, 0, 0, 0, 0, 0, 1, 0, 0, 0, 0, 0, 0, 0, 0, 0, 0, 0, 0, 0, 1, 1, 0, 0, 0, 0, 1] 
dagE22.txt 3_2x1.txt True 0.065 0.4 676.0 [0, 0, 0, 0, 0, 0, 0, 0, 0, 0, 0, 0, 0, 0, 0, 0, 0, 0, 0, 0, 0, 0, 0, 0, 0, 0, 0, 0, 0, 0, 0, 0, 0, 0, 0, 0, 0, 0, 0, 0, 1, 0, 0, 0, 0, 0, 0, 0, 0, 1, 0, 0, 0, 0, 0, 0, 0, 0, 0, 0, 0, 0, 0, 1, 1, 0, 0, 0, 0, 1] 
dagE22.txt 3_2x1.txt True 0.13 0.5 496.3333333333333 [1, 1, 1, 1, 1, 1, 1, 1, 1, 1, 1, 1, 1, 1, 1, 1, 1, 0, 0, 0, 1, 0, 0, 1, 0, 0, 1, 0, 1, 0, 0, 0, 0, 0, 0, 0, 0, 0, 0, 0, 0, 0, 0, 0, 0, 0, 0, 0, 0, 0, 0, 0, 0, 0, 0, 0, 0, 0, 0, 0, 0, 0, 0, 0, 0, 0, 0, 0, 0, 0] 
dagE22.txt 3_2x1.txt True 0.15 0.6 469.5 [1, 1, 1, 1, 1, 1, 1, 1, 1, 1, 1, 1, 1, 1, 1, 1, 1, 0, 1, 1, 1, 0, 0, 1, 1, 0, 1, 0, 1, 0, 0, 0, 1, 1, 1, 0, 0, 0, 0, 0, 1, 0, 0, 0, 0, 0, 0, 0, 0, 0, 0, 0, 0, 0, 0, 0, 0, 0, 0, 0, 0, 0, 0, 0, 0, 0, 0, 0, 0, 0] 
dagE22.txt 3_2x1.txt True 0.3 0.7 448.3333333333333 [0, 0, 1, 0, 0, 1, 0, 0, 0, 0, 0, 0, 0, 0, 0, 0, 1, 0, 0, 0, 0, 0, 1, 0, 0, 0, 1, 0, 0, 0, 1, 1, 0, 0, 0, 1, 0, 1, 0, 1, 0, 1, 0, 1, 1, 0, 0, 1, 1, 0, 1, 1, 1, 0, 1, 1, 1, 0, 0, 0, 1, 1, 0, 0, 1, 1, 1, 0, 1, 0] 
dagE22.txt 3_2x1.txt True 0.255 1 471.0 [1, 1, 1, 1, 1, 1, 1, 1, 0, 1, 1, 1, 0, 0, 1, 1, 1, 1, 1, 0, 1, 0, 1, 1, 1, 1, 1, 1, 0, 0, 0, 0, 1, 0, 1, 1, 0, 0, 0, 0, 1, 1, 0, 0, 0, 0, 0, 0, 0, 0, 0, 0, 0, 0, 0, 0, 0, 0, 0, 0, 0, 0, 0, 0, 0, 0, 0, 0, 0, 0] 
dagE22.txt 3_2x4.txt True 0.05 0.07 507.5 [1, 1, 1, 1, 1, 1, 1, 1, 1, 1, 1, 1, 1, 1, 1, 1, 1, 1, 1, 1, 1, 1, 1, 1, 1, 1, 1, 1, 1, 1, 1, 1, 1, 1, 1, 3, 1, 1, 1, 1, 1, 1, 1, 1, 1, 1, 1, 1, 1, 3, 1, 1, 1, 1, 3, 1, 1, 1, 1, 1, 1, 1, 1, 3, 1, 1, 1, 1, 1, 1] 
dagE22.txt 3_2x4.txt True 0.05 0.08 507.5 [1, 1, 1, 1, 1, 1, 1, 1, 1, 1, 1, 1, 1, 1, 1, 1, 1, 1, 1, 1, 1, 1, 1, 1, 1, 1, 1, 1, 1, 1, 1, 1, 1, 1, 1, 3, 1, 1, 1, 1, 1, 1, 1, 1, 1, 1, 1, 1, 1, 3, 1, 1, 1, 1, 3, 1, 1, 1, 1, 1, 1, 1, 1, 3, 1, 1, 1, 1, 1, 1] 
dagE22.txt 3_2x4.txt True 0.05 0.09 507.5 [1, 1, 1, 1, 1, 1, 1, 1, 1, 1, 1, 1, 1, 1, 1, 1, 1, 1, 1, 1, 1, 1, 1, 1, 1, 1, 1, 1, 1, 1, 1, 1, 1, 1, 1, 3, 1, 1, 1, 1, 1, 1, 1, 1, 1, 1, 1, 1, 1, 3, 1, 1, 1, 1, 3, 1, 1, 1, 1, 1, 1, 1, 1, 3, 1, 1, 1, 1, 1, 1] 
dagE22.txt 3_2x4.txt True 0.05 0.1 507.5 [1, 1, 1, 1, 1, 1, 1, 1, 1, 1, 1, 1, 1, 1, 1, 1, 1, 1, 1, 1, 1, 1, 1, 1, 1, 1, 1, 1, 1, 1, 1, 1, 1, 1, 1, 3, 1, 1, 1, 1, 1, 1, 1, 1, 1, 1, 1, 1, 1, 3, 1, 1, 1, 1, 3, 1, 1, 1, 1, 1, 1, 1, 1, 3, 1, 1, 1, 1, 1, 1] 
dagE22.txt 3_2x4.txt True 0.05 0.11 507.5 [1, 1, 1, 1, 1, 1, 1, 1, 1, 1, 1, 1, 1, 1, 1, 1, 1, 1, 1, 1, 1, 1, 1, 1, 1, 1, 1, 1, 1, 1, 1, 1, 1, 1, 1, 3, 1, 1, 1, 1, 1, 1, 1, 1, 1, 1, 1, 1, 1, 3, 1, 1, 1, 1, 3, 1, 1, 1, 1, 1, 1, 1, 1, 3, 1, 1, 1, 1, 1, 1] 
dagE22.txt 3_2x4.txt True 0.1 0.12 487.5 [1, 1, 1, 1, 1, 1, 1, 6, 1, 1, 1, 1, 1, 1, 1, 1, 1, 1, 1, 1, 1, 1, 1, 1, 1, 1, 1, 1, 1, 1, 1, 1, 1, 1, 1, 1, 1, 1, 1, 1, 1, 1, 1, 1, 1, 1, 1, 1, 1, 3, 1, 1, 1, 1, 1, 3, 1, 1, 1, 1, 1, 1, 1, 6, 3, 1, 3, 6, 1, 6] 
dagE22.txt 3_2x4.txt True 0.1 0.13 487.5 [1, 1, 1, 1, 1, 1, 1, 6, 1, 1, 1, 1, 1, 1, 1, 1, 1, 1, 1, 1, 1, 1, 1, 1, 1, 1, 1, 1, 1, 1, 1, 1, 1, 1, 1, 1, 1, 1, 1, 1, 1, 1, 1, 1, 1, 1, 1, 1, 1, 3, 1, 1, 1, 1, 1, 3, 1, 1, 1, 1, 1, 1, 1, 6, 3, 1, 3, 6, 1, 6] 
dagE22.txt 3_2x4.txt True 0.1 0.14 487.5 [1, 1, 1, 1, 1, 1, 1, 6, 1, 1, 1, 1, 1, 1, 1, 1, 1, 1, 1, 1, 1, 1, 1, 1, 1, 1, 1, 1, 1, 1, 1, 1, 1, 1, 1, 1, 1, 1, 1, 1, 1, 1, 1, 1, 1, 1, 1, 1, 1, 3, 1, 1, 1, 1, 1, 3, 1, 1, 1, 1, 1, 1, 1, 6, 3, 1, 3, 6, 1, 6] 
dagE22.txt 3_2x4.txt True 0.13 0.15 492.5 [1, 1, 1, 1, 1, 7, 1, 1, 6, 1, 1, 1, 1, 1, 1, 1, 1, 1, 1, 1, 1, 1, 1, 1, 1, 1, 1, 1, 1, 1, 1, 7, 1, 1, 1, 1, 1, 1, 1, 1, 1, 1, 1, 1, 1, 1, 1, 1, 1, 6, 1, 1, 1, 1, 1, 1, 1, 1, 1, 1, 1, 1, 1, 3, 6, 1, 1, 3, 1, 3] 
dagE22.txt 3_2x4.txt True 0.14 0.16 478.0 [3, 3, 3, 3, 3, 2, 3, 2, 3, 3, 3, 3, 3, 3, 3, 3, 3, 3, 3, 3, 3, 3, 3, 3, 3, 3, 3, 3, 3, 3, 3, 3, 3, 3, 3, 3, 3, 3, 3, 3, 2, 3, 3, 3, 3, 3, 3, 3, 3, 7, 3, 3, 3, 3, 3, 3, 3, 3, 3, 3, 3, 3, 1, 7, 7, 3, 3, 3, 1, 7] 
dagE22.txt 3_2x4.txt True 0.14 0.17 478.0 [3, 3, 3, 3, 3, 2, 3, 2, 3, 3, 3, 3, 3, 3, 3, 3, 3, 3, 3, 3, 3, 3, 3, 3, 3, 3, 3, 3, 3, 3, 3, 3, 3, 3, 3, 3, 3, 3, 3, 3, 2, 3, 3, 3, 3, 3, 3, 3, 3, 7, 3, 3, 3, 3, 3, 3, 3, 3, 3, 3, 3, 3, 1, 7, 7, 3, 3, 3, 1, 7] 
dagE22.txt 3_2x4.txt True 0.14 0.18 478.0 [3, 3, 3, 3, 3, 2, 3, 2, 3, 3, 3, 3, 3, 3, 3, 3, 3, 3, 3, 3, 3, 3, 3, 3, 3, 3, 3, 3, 3, 3, 3, 3, 3, 3, 3, 3, 3, 3, 3, 3, 2, 3, 3, 3, 3, 3, 3, 3, 3, 7, 3, 3, 3, 3, 3, 3, 3, 3, 3, 3, 3, 3, 1, 7, 7, 3, 3, 3, 1, 7] 
dagE22.txt 3_2x4.txt True 0.14 0.19 478.0 [3, 3, 3, 3, 3, 2, 3, 2, 3, 3, 3, 3, 3, 3, 3, 3, 3, 3, 3, 3, 3, 3, 3, 3, 3, 3, 3, 3, 3, 3, 3, 3, 3, 3, 3, 3, 3, 3, 3, 3, 2, 3, 3, 3, 3, 3, 3, 3, 3, 7, 3, 3, 3, 3, 3, 3, 3, 3, 3, 3, 3, 3, 1, 7, 7, 3, 3, 3, 1, 7] 
dagE22.txt 3_2x4.txt True 0.14 0.2 478.0 [3, 3, 3, 3, 3, 2, 3, 2, 3, 3, 3, 3, 3, 3, 3, 3, 3, 3, 3, 3, 3, 3, 3, 3, 3, 3, 3, 3, 3, 3, 3, 3, 3, 3, 3, 3, 3, 3, 3, 3, 2, 3, 3, 3, 3, 3, 3, 3, 3, 7, 3, 3, 3, 3, 3, 3, 3, 3, 3, 3, 3, 3, 1, 7, 7, 3, 3, 3, 1, 7] 
dagE22.txt 3_2x4.txt True 0.14 0.25 478.0 [3, 3, 3, 3, 3, 2, 3, 2, 3, 3, 3, 3, 3, 3, 3, 3, 3, 3, 3, 3, 3, 3, 3, 3, 3, 3, 3, 3, 3, 3, 3, 3, 3, 3, 3, 3, 3, 3, 3, 3, 2, 3, 3, 3, 3, 3, 3, 3, 3, 7, 3, 3, 3, 3, 3, 3, 3, 3, 3, 3, 3, 3, 1, 7, 7, 3, 3, 3, 1, 7] 
dagE22.txt 3_2x4.txt True 0.14 0.3 478.0 [3, 3, 3, 3, 3, 2, 3, 2, 3, 3, 3, 3, 3, 3, 3, 3, 3, 3, 3, 3, 3, 3, 3, 3, 3, 3, 3, 3, 3, 3, 3, 3, 3, 3, 3, 3, 3, 3, 3, 3, 2, 3, 3, 3, 3, 3, 3, 3, 3, 7, 3, 3, 3, 3, 3, 3, 3, 3, 3, 3, 3, 3, 1, 7, 7, 3, 3, 3, 1, 7] 
dagE22.txt 3_2x4.txt True 0.14 0.35 478.0 [3, 3, 3, 3, 3, 2, 3, 2, 3, 3, 3, 3, 3, 3, 3, 3, 3, 3, 3, 3, 3, 3, 3, 3, 3, 3, 3, 3, 3, 3, 3, 3, 3, 3, 3, 3, 3, 3, 3, 3, 2, 3, 3, 3, 3, 3, 3, 3, 3, 7, 3, 3, 3, 3, 3, 3, 3, 3, 3, 3, 3, 3, 1, 7, 7, 3, 3, 3, 1, 7] 
dagE22.txt 3_2x4.txt True 0.14 0.4 478.0 [3, 3, 3, 3, 3, 2, 3, 2, 3, 3, 3, 3, 3, 3, 3, 3, 3, 3, 3, 3, 3, 3, 3, 3, 3, 3, 3, 3, 3, 3, 3, 3, 3, 3, 3, 3, 3, 3, 3, 3, 2, 3, 3, 3, 3, 3, 3, 3, 3, 7, 3, 3, 3, 3, 3, 3, 3, 3, 3, 3, 3, 3, 1, 7, 7, 3, 3, 3, 1, 7] 
dagE22.txt 3_2x4.txt True 0.4 0.45 175.25 [1, 1, 1, 5, 5, 1, 5, 5, 5, 5, 5, 1, 5, 1, 5, 5, 1, 5, 5, 5, 1, 3, 3, 5, 5, 3, 1, 5, 2, 3, 3, 1, 5, 5, 5, 3, 3, 3, 3, 1, 5, 3, 3, 3, 3, 2, 3, 1, 7, 3, 1, 3, 7, 3, 3, 7, 2, 7, 3, 7, 7, 7, 3, 3, 7, 7, 7, 3, 7, 3] 
dagE22.txt 3_2x4.txt True 0.4 0.5 175.25 [1, 1, 1, 5, 5, 1, 5, 5, 5, 5, 5, 1, 5, 1, 5, 5, 1, 5, 5, 5, 1, 3, 3, 5, 5, 3, 1, 5, 2, 3, 3, 1, 5, 5, 5, 3, 3, 3, 3, 1, 5, 3, 3, 3, 3, 2, 3, 1, 7, 3, 1, 3, 7, 3, 3, 7, 2, 7, 3, 7, 7, 7, 3, 3, 7, 7, 7, 3, 7, 3] 
dagE22.txt 3_2x4.txt True 0.425 0.55 154.25 [1, 1, 3, 1, 3, 3, 1, 1, 1, 1, 1, 3, 1, 1, 1, 1, 3, 7, 7, 5, 1, 7, 5, 1, 7, 7, 3, 7, 1, 7, 5, 5, 7, 5, 7, 7, 5, 5, 5, 5, 7, 5, 5, 5, 7, 5, 3, 5, 7, 3, 5, 3, 7, 3, 7, 7, 5, 3, 3, 7, 3, 3, 3, 3, 3, 7, 7, 3, 3, 3] 
dagE22.txt 3_2x4.txt True 0.48 0.6 174.25 [0, 3, 3, 1, 5, 5, 2, 3, 1, 5, 3, 5, 1, 3, 6, 5, 6, 5, 5, 5, 1, 5, 5, 1, 5, 5, 5, 5, 0, 5, 7, 1, 5, 5, 5, 2, 7, 7, 5, 1, 5, 5, 5, 7, 7, 3, 3, 1, 1, 4, 1, 7, 1, 7, 2, 1, 1, 3, 7, 3, 3, 7, 3, 7, 1, 3, 1, 7, 3, 7] 
dagE22.txt 3_2x4.txt True 0.485 0.65 161.5 [5, 3, 3, 3, 5, 1, 5, 3, 3, 5, 3, 5, 3, 3, 5, 5, 3, 5, 3, 5, 3, 5, 1, 5, 3, 5, 5, 5, 6, 5, 7, 7, 3, 5, 3, 7, 7, 7, 3, 4, 3, 3, 3, 7, 7, 7, 7, 1, 1, 7, 7, 7, 4, 7, 7, 1, 4, 1, 7, 6, 1, 4, 1, 7, 1, 1, 6, 7, 1, 7] 
dagE22.txt 3_2x4.txt True 0.565 0.7 150.0 [1, 0, 1, 3, 0, 3, 7, 7, 7, 7, 7, 7, 7, 1, 7, 7, 3, 5, 5, 5, 1, 5, 3, 5, 5, 3, 3, 5, 4, 5, 2, 7, 5, 5, 5, 4, 5, 2, 5, 1, 5, 3, 5, 2, 3, 7, 3, 1, 1, 5, 1, 1, 1, 3, 2, 1, 6, 3, 3, 6, 1, 1, 3, 6, 1, 1, 1, 3, 1, 3] 
dagE22.txt 3_2x4.txt True 0.565 0.75 150.0 [1, 0, 1, 3, 0, 3, 7, 7, 7, 7, 7, 7, 7, 1, 7, 7, 3, 5, 5, 5, 1, 5, 3, 5, 5, 3, 3, 5, 4, 5, 2, 7, 5, 5, 5, 4, 5, 2, 5, 1, 5, 3, 5, 2, 3, 7, 3, 1, 1, 5, 1, 1, 1, 3, 2, 1, 6, 3, 3, 6, 1, 1, 3, 6, 1, 1, 1, 3, 1, 3] 
dagE22.txt 3_2x4.txt True 0.645 0.8 127.0 [1, 5, 3, 7, 7, 1, 1, 7, 1, 7, 7, 5, 7, 1, 1, 7, 1, 7, 5, 1, 3, 5, 1, 1, 1, 5, 1, 7, 3, 5, 4, 2, 1, 3, 7, 4, 6, 4, 5, 2, 3, 5, 1, 6, 3, 2, 4, 7, 0, 3, 3, 3, 5, 3, 6, 7, 2, 0, 3, 7, 5, 5, 5, 3, 7, 5, 7, 3, 5, 3] 
dagE22.txt 3_2x4.txt True 0.68 0.85 128.5 [3, 7, 3, 6, 3, 4, 6, 1, 3, 3, 6, 7, 1, 7, 3, 3, 7, 3, 2, 3, 7, 5, 5, 2, 5, 1, 1, 3, 5, 1, 5, 1, 1, 1, 1, 7, 5, 1, 5, 5, 2, 5, 1, 5, 5, 0, 7, 1, 5, 0, 1, 5, 3, 7, 7, 1, 4, 7, 7, 5, 3, 3, 7, 5, 0, 3, 1, 7, 3, 7] 
dagE22.txt 3_2x4.txt True 0.735 0.9 132.25 [3, 6, 3, 7, 1, 6, 1, 3, 7, 2, 3, 3, 5, 3, 4, 1, 3, 2, 1, 3, 5, 7, 7, 6, 3, 7, 1, 0, 3, 7, 5, 5, 1, 1, 3, 1, 3, 4, 5, 7, 3, 5, 4, 3, 5, 5, 1, 7, 2, 3, 0, 5, 5, 7, 5, 1, 1, 5, 7, 0, 7, 7, 7, 1, 1, 5, 1, 5, 5, 1] 
dagE22.txt 3_2x4.txt True 0.73 0.95 126.25 [5, 1, 5, 3, 7, 3, 7, 5, 5, 4, 5, 3, 5, 5, 7, 4, 7, 5, 3, 5, 3, 7, 1, 3, 7, 3, 7, 1, 1, 7, 5, 2, 1, 5, 3, 5, 7, 3, 1, 1, 7, 1, 3, 3, 5, 7, 2, 1, 3, 3, 6, 2, 6, 3, 4, 1, 0, 0, 3, 1, 5, 7, 7, 0, 1, 1, 1, 6, 5, 1] 
dagE22.txt 3_2x4.txt True 0.73 1 126.25 [5, 1, 5, 3, 7, 3, 7, 5, 5, 4, 5, 3, 5, 5, 7, 4, 7, 5, 3, 5, 3, 7, 1, 3, 7, 3, 7, 1, 1, 7, 5, 2, 1, 5, 3, 5, 7, 3, 1, 1, 7, 1, 3, 3, 5, 7, 2, 1, 3, 3, 6, 2, 6, 3, 4, 1, 0, 0, 3, 1, 5, 7, 7, 0, 1, 1, 1, 6, 5, 1] 
dagE22.txt 100_1x1.txt True 0.0 0.07 21.66 [0, 0, 0, 0, 0, 0, 0, 0, 0, 0, 0, 0, 0, 0, 0, 0, 0, 0, 0, 0, 0, 0, 0, 0, 0, 0, 0, 0, 0, 0, 0, 0, 0, 0, 0, 0, 0, 0, 0, 0, 0, 0, 0, 0, 0, 0, 0, 0, 0, 0, 0, 0, 0, 0, 0, 0, 0, 0, 0, 0, 0, 0, 0, 0, 0, 0, 0, 0, 0, 0] 
dagE22.txt 100_1x1.txt True 0.0 0.08 21.66 [0, 0, 0, 0, 0, 0, 0, 0, 0, 0, 0, 0, 0, 0, 0, 0, 0, 0, 0, 0, 0, 0, 0, 0, 0, 0, 0, 0, 0, 0, 0, 0, 0, 0, 0, 0, 0, 0, 0, 0, 0, 0, 0, 0, 0, 0, 0, 0, 0, 0, 0, 0, 0, 0, 0, 0, 0, 0, 0, 0, 0, 0, 0, 0, 0, 0, 0, 0, 0, 0] 
dagE22.txt 100_1x1.txt True 0.0 0.09 21.66 [0, 0, 0, 0, 0, 0, 0, 0, 0, 0, 0, 0, 0, 0, 0, 0, 0, 0, 0, 0, 0, 0, 0, 0, 0, 0, 0, 0, 0, 0, 0, 0, 0, 0, 0, 0, 0, 0, 0, 0, 0, 0, 0, 0, 0, 0, 0, 0, 0, 0, 0, 0, 0, 0, 0, 0, 0, 0, 0, 0, 0, 0, 0, 0, 0, 0, 0, 0, 0, 0] 
dagE22.txt 100_1x1.txt True 0.0 0.1 21.66 [0, 0, 0, 0, 0, 0, 0, 0, 0, 0, 0, 0, 0, 0, 0, 0, 0, 0, 0, 0, 0, 0, 0, 0, 0, 0, 0, 0, 0, 0, 0, 0, 0, 0, 0, 0, 0, 0, 0, 0, 0, 0, 0, 0, 0, 0, 0, 0, 0, 0, 0, 0, 0, 0, 0, 0, 0, 0, 0, 0, 0, 0, 0, 0, 0, 0, 0, 0, 0, 0] 
dagE22.txt 100_1x1.txt True 0.0 0.11 21.66 [0, 0, 0, 0, 0, 0, 0, 0, 0, 0, 0, 0, 0, 0, 0, 0, 0, 0, 0, 0, 0, 0, 0, 0, 0, 0, 0, 0, 0, 0, 0, 0, 0, 0, 0, 0, 0, 0, 0, 0, 0, 0, 0, 0, 0, 0, 0, 0, 0, 0, 0, 0, 0, 0, 0, 0, 0, 0, 0, 0, 0, 0, 0, 0, 0, 0, 0, 0, 0, 0] 
dagE22.txt 100_1x1.txt True 0.0 0.12 21.66 [0, 0, 0, 0, 0, 0, 0, 0, 0, 0, 0, 0, 0, 0, 0, 0, 0, 0, 0, 0, 0, 0, 0, 0, 0, 0, 0, 0, 0, 0, 0, 0, 0, 0, 0, 0, 0, 0, 0, 0, 0, 0, 0, 0, 0, 0, 0, 0, 0, 0, 0, 0, 0, 0, 0, 0, 0, 0, 0, 0, 0, 0, 0, 0, 0, 0, 0, 0, 0, 0] 
dagE22.txt 100_1x1.txt True 0.0 0.13 21.66 [0, 0, 0, 0, 0, 0, 0, 0, 0, 0, 0, 0, 0, 0, 0, 0, 0, 0, 0, 0, 0, 0, 0, 0, 0, 0, 0, 0, 0, 0, 0, 0, 0, 0, 0, 0, 0, 0, 0, 0, 0, 0, 0, 0, 0, 0, 0, 0, 0, 0, 0, 0, 0, 0, 0, 0, 0, 0, 0, 0, 0, 0, 0, 0, 0, 0, 0, 0, 0, 0] 
dagE22.txt 100_1x1.txt True 0.0 0.14 21.66 [0, 0, 0, 0, 0, 0, 0, 0, 0, 0, 0, 0, 0, 0, 0, 0, 0, 0, 0, 0, 0, 0, 0, 0, 0, 0, 0, 0, 0, 0, 0, 0, 0, 0, 0, 0, 0, 0, 0, 0, 0, 0, 0, 0, 0, 0, 0, 0, 0, 0, 0, 0, 0, 0, 0, 0, 0, 0, 0, 0, 0, 0, 0, 0, 0, 0, 0, 0, 0, 0] 
dagE22.txt 100_1x1.txt True 0.0 0.15 21.66 [0, 0, 0, 0, 0, 0, 0, 0, 0, 0, 0, 0, 0, 0, 0, 0, 0, 0, 0, 0, 0, 0, 0, 0, 0, 0, 0, 0, 0, 0, 0, 0, 0, 0, 0, 0, 0, 0, 0, 0, 0, 0, 0, 0, 0, 0, 0, 0, 0, 0, 0, 0, 0, 0, 0, 0, 0, 0, 0, 0, 0, 0, 0, 0, 0, 0, 0, 0, 0, 0] 
dagE22.txt 100_1x1.txt True 0.0 0.16 21.66 [0, 0, 0, 0, 0, 0, 0, 0, 0, 0, 0, 0, 0, 0, 0, 0, 0, 0, 0, 0, 0, 0, 0, 0, 0, 0, 0, 0, 0, 0, 0, 0, 0, 0, 0, 0, 0, 0, 0, 0, 0, 0, 0, 0, 0, 0, 0, 0, 0, 0, 0, 0, 0, 0, 0, 0, 0, 0, 0, 0, 0, 0, 0, 0, 0, 0, 0, 0, 0, 0] 
dagE22.txt 100_1x1.txt True 0.0 0.17 21.66 [0, 0, 0, 0, 0, 0, 0, 0, 0, 0, 0, 0, 0, 0, 0, 0, 0, 0, 0, 0, 0, 0, 0, 0, 0, 0, 0, 0, 0, 0, 0, 0, 0, 0, 0, 0, 0, 0, 0, 0, 0, 0, 0, 0, 0, 0, 0, 0, 0, 0, 0, 0, 0, 0, 0, 0, 0, 0, 0, 0, 0, 0, 0, 0, 0, 0, 0, 0, 0, 0] 
dagE22.txt 100_1x1.txt True 0.0 0.18 21.66 [0, 0, 0, 0, 0, 0, 0, 0, 0, 0, 0, 0, 0, 0, 0, 0, 0, 0, 0, 0, 0, 0, 0, 0, 0, 0, 0, 0, 0, 0, 0, 0, 0, 0, 0, 0, 0, 0, 0, 0, 0, 0, 0, 0, 0, 0, 0, 0, 0, 0, 0, 0, 0, 0, 0, 0, 0, 0, 0, 0, 0, 0, 0, 0, 0, 0, 0, 0, 0, 0] 
dagE22.txt 100_1x1.txt True 0.0 0.19 21.66 [0, 0, 0, 0, 0, 0, 0, 0, 0, 0, 0, 0, 0, 0, 0, 0, 0, 0, 0, 0, 0, 0, 0, 0, 0, 0, 0, 0, 0, 0, 0, 0, 0, 0, 0, 0, 0, 0, 0, 0, 0, 0, 0, 0, 0, 0, 0, 0, 0, 0, 0, 0, 0, 0, 0, 0, 0, 0, 0, 0, 0, 0, 0, 0, 0, 0, 0, 0, 0, 0] 
dagE22.txt 100_1x1.txt True 0.0 0.2 21.66 [0, 0, 0, 0, 0, 0, 0, 0, 0, 0, 0, 0, 0, 0, 0, 0, 0, 0, 0, 0, 0, 0, 0, 0, 0, 0, 0, 0, 0, 0, 0, 0, 0, 0, 0, 0, 0, 0, 0, 0, 0, 0, 0, 0, 0, 0, 0, 0, 0, 0, 0, 0, 0, 0, 0, 0, 0, 0, 0, 0, 0, 0, 0, 0, 0, 0, 0, 0, 0, 0] 
dagE22.txt 100_1x1.txt True 0.0 0.25 21.66 [0, 0, 0, 0, 0, 0, 0, 0, 0, 0, 0, 0, 0, 0, 0, 0, 0, 0, 0, 0, 0, 0, 0, 0, 0, 0, 0, 0, 0, 0, 0, 0, 0, 0, 0, 0, 0, 0, 0, 0, 0, 0, 0, 0, 0, 0, 0, 0, 0, 0, 0, 0, 0, 0, 0, 0, 0, 0, 0, 0, 0, 0, 0, 0, 0, 0, 0, 0, 0, 0] 
dagE22.txt 100_1x1.txt True 0.0 0.3 21.66 [0, 0, 0, 0, 0, 0, 0, 0, 0, 0, 0, 0, 0, 0, 0, 0, 0, 0, 0, 0, 0, 0, 0, 0, 0, 0, 0, 0, 0, 0, 0, 0, 0, 0, 0, 0, 0, 0, 0, 0, 0, 0, 0, 0, 0, 0, 0, 0, 0, 0, 0, 0, 0, 0, 0, 0, 0, 0, 0, 0, 0, 0, 0, 0, 0, 0, 0, 0, 0, 0] 
dagE22.txt 100_1x1.txt True 0.0 0.35 21.66 [0, 0, 0, 0, 0, 0, 0, 0, 0, 0, 0, 0, 0, 0, 0, 0, 0, 0, 0, 0, 0, 0, 0, 0, 0, 0, 0, 0, 0, 0, 0, 0, 0, 0, 0, 0, 0, 0, 0, 0, 0, 0, 0, 0, 0, 0, 0, 0, 0, 0, 0, 0, 0, 0, 0, 0, 0, 0, 0, 0, 0, 0, 0, 0, 0, 0, 0, 0, 0, 0] 
dagE22.txt 100_1x1.txt True 0.0 0.4 21.66 [0, 0, 0, 0, 0, 0, 0, 0, 0, 0, 0, 0, 0, 0, 0, 0, 0, 0, 0, 0, 0, 0, 0, 0, 0, 0, 0, 0, 0, 0, 0, 0, 0, 0, 0, 0, 0, 0, 0, 0, 0, 0, 0, 0, 0, 0, 0, 0, 0, 0, 0, 0, 0, 0, 0, 0, 0, 0, 0, 0, 0, 0, 0, 0, 0, 0, 0, 0, 0, 0] 
dagE22.txt 100_1x1.txt True 0.0 0.45 21.66 [0, 0, 0, 0, 0, 0, 0, 0, 0, 0, 0, 0, 0, 0, 0, 0, 0, 0, 0, 0, 0, 0, 0, 0, 0, 0, 0, 0, 0, 0, 0, 0, 0, 0, 0, 0, 0, 0, 0, 0, 0, 0, 0, 0, 0, 0, 0, 0, 0, 0, 0, 0, 0, 0, 0, 0, 0, 0, 0, 0, 0, 0, 0, 0, 0, 0, 0, 0, 0, 0] 
dagE22.txt 100_1x1.txt True 0.0 0.5 21.66 [0, 0, 0, 0, 0, 0, 0, 0, 0, 0, 0, 0, 0, 0, 0, 0, 0, 0, 0, 0, 0, 0, 0, 0, 0, 0, 0, 0, 0, 0, 0, 0, 0, 0, 0, 0, 0, 0, 0, 0, 0, 0, 0, 0, 0, 0, 0, 0, 0, 0, 0, 0, 0, 0, 0, 0, 0, 0, 0, 0, 0, 0, 0, 0, 0, 0, 0, 0, 0, 0] 
dagE22.txt 100_1x1.txt True 0.0 0.55 21.66 [0, 0, 0, 0, 0, 0, 0, 0, 0, 0, 0, 0, 0, 0, 0, 0, 0, 0, 0, 0, 0, 0, 0, 0, 0, 0, 0, 0, 0, 0, 0, 0, 0, 0, 0, 0, 0, 0, 0, 0, 0, 0, 0, 0, 0, 0, 0, 0, 0, 0, 0, 0, 0, 0, 0, 0, 0, 0, 0, 0, 0, 0, 0, 0, 0, 0, 0, 0, 0, 0] 
dagE22.txt 100_1x1.txt True 0.0 0.6 21.66 [0, 0, 0, 0, 0, 0, 0, 0, 0, 0, 0, 0, 0, 0, 0, 0, 0, 0, 0, 0, 0, 0, 0, 0, 0, 0, 0, 0, 0, 0, 0, 0, 0, 0, 0, 0, 0, 0, 0, 0, 0, 0, 0, 0, 0, 0, 0, 0, 0, 0, 0, 0, 0, 0, 0, 0, 0, 0, 0, 0, 0, 0, 0, 0, 0, 0, 0, 0, 0, 0] 
dagE22.txt 100_1x1.txt True 0.0 0.65 21.66 [0, 0, 0, 0, 0, 0, 0, 0, 0, 0, 0, 0, 0, 0, 0, 0, 0, 0, 0, 0, 0, 0, 0, 0, 0, 0, 0, 0, 0, 0, 0, 0, 0, 0, 0, 0, 0, 0, 0, 0, 0, 0, 0, 0, 0, 0, 0, 0, 0, 0, 0, 0, 0, 0, 0, 0, 0, 0, 0, 0, 0, 0, 0, 0, 0, 0, 0, 0, 0, 0] 
dagE22.txt 100_1x1.txt True 0.0 0.7 21.66 [0, 0, 0, 0, 0, 0, 0, 0, 0, 0, 0, 0, 0, 0, 0, 0, 0, 0, 0, 0, 0, 0, 0, 0, 0, 0, 0, 0, 0, 0, 0, 0, 0, 0, 0, 0, 0, 0, 0, 0, 0, 0, 0, 0, 0, 0, 0, 0, 0, 0, 0, 0, 0, 0, 0, 0, 0, 0, 0, 0, 0, 0, 0, 0, 0, 0, 0, 0, 0, 0] 
dagE22.txt 100_1x1.txt True 0.0 0.75 21.66 [0, 0, 0, 0, 0, 0, 0, 0, 0, 0, 0, 0, 0, 0, 0, 0, 0, 0, 0, 0, 0, 0, 0, 0, 0, 0, 0, 0, 0, 0, 0, 0, 0, 0, 0, 0, 0, 0, 0, 0, 0, 0, 0, 0, 0, 0, 0, 0, 0, 0, 0, 0, 0, 0, 0, 0, 0, 0, 0, 0, 0, 0, 0, 0, 0, 0, 0, 0, 0, 0] 
dagE22.txt 100_1x1.txt True 0.0 0.8 21.66 [0, 0, 0, 0, 0, 0, 0, 0, 0, 0, 0, 0, 0, 0, 0, 0, 0, 0, 0, 0, 0, 0, 0, 0, 0, 0, 0, 0, 0, 0, 0, 0, 0, 0, 0, 0, 0, 0, 0, 0, 0, 0, 0, 0, 0, 0, 0, 0, 0, 0, 0, 0, 0, 0, 0, 0, 0, 0, 0, 0, 0, 0, 0, 0, 0, 0, 0, 0, 0, 0] 
dagE22.txt 100_1x1.txt True 0.0 0.85 21.66 [0, 0, 0, 0, 0, 0, 0, 0, 0, 0, 0, 0, 0, 0, 0, 0, 0, 0, 0, 0, 0, 0, 0, 0, 0, 0, 0, 0, 0, 0, 0, 0, 0, 0, 0, 0, 0, 0, 0, 0, 0, 0, 0, 0, 0, 0, 0, 0, 0, 0, 0, 0, 0, 0, 0, 0, 0, 0, 0, 0, 0, 0, 0, 0, 0, 0, 0, 0, 0, 0] 
dagE22.txt 100_1x1.txt True 0.0 0.9 21.66 [0, 0, 0, 0, 0, 0, 0, 0, 0, 0, 0, 0, 0, 0, 0, 0, 0, 0, 0, 0, 0, 0, 0, 0, 0, 0, 0, 0, 0, 0, 0, 0, 0, 0, 0, 0, 0, 0, 0, 0, 0, 0, 0, 0, 0, 0, 0, 0, 0, 0, 0, 0, 0, 0, 0, 0, 0, 0, 0, 0, 0, 0, 0, 0, 0, 0, 0, 0, 0, 0] 
dagE22.txt 100_1x1.txt True 0.0 0.95 21.66 [0, 0, 0, 0, 0, 0, 0, 0, 0, 0, 0, 0, 0, 0, 0, 0, 0, 0, 0, 0, 0, 0, 0, 0, 0, 0, 0, 0, 0, 0, 0, 0, 0, 0, 0, 0, 0, 0, 0, 0, 0, 0, 0, 0, 0, 0, 0, 0, 0, 0, 0, 0, 0, 0, 0, 0, 0, 0, 0, 0, 0, 0, 0, 0, 0, 0, 0, 0, 0, 0] 
dagE22.txt 100_1x1.txt True 0.0 1 21.66 [0, 0, 0, 0, 0, 0, 0, 0, 0, 0, 0, 0, 0, 0, 0, 0, 0, 0, 0, 0, 0, 0, 0, 0, 0, 0, 0, 0, 0, 0, 0, 0, 0, 0, 0, 0, 0, 0, 0, 0, 0, 0, 0, 0, 0, 0, 0, 0, 0, 0, 0, 0, 0, 0, 0, 0, 0, 0, 0, 0, 0, 0, 0, 0, 0, 0, 0, 0, 0, 0] 
dagE22.txt 1234x1.txt True 0.05 0.07 507.5 [3, 3, 3, 3, 3, 3, 3, 3, 3, 3, 3, 3, 3, 3, 3, 3, 3, 3, 3, 3, 3, 3, 3, 3, 3, 3, 3, 3, 3, 3, 3, 3, 3, 3, 3, 1, 3, 3, 3, 3, 3, 3, 3, 3, 3, 3, 3, 3, 3, 1, 3, 3, 3, 3, 1, 3, 3, 3, 3, 3, 3, 3, 3, 1, 3, 3, 3, 3, 3, 3] 
dagE22.txt 1234x1.txt True 0.05 0.08 507.5 [3, 3, 3, 3, 3, 3, 3, 3, 3, 3, 3, 3, 3, 3, 3, 3, 3, 3, 3, 3, 3, 3, 3, 3, 3, 3, 3, 3, 3, 3, 3, 3, 3, 3, 3, 1, 3, 3, 3, 3, 3, 3, 3, 3, 3, 3, 3, 3, 3, 1, 3, 3, 3, 3, 1, 3, 3, 3, 3, 3, 3, 3, 3, 1, 3, 3, 3, 3, 3, 3] 
dagE22.txt 1234x1.txt True 0.05 0.09 507.5 [3, 3, 3, 3, 3, 3, 3, 3, 3, 3, 3, 3, 3, 3, 3, 3, 3, 3, 3, 3, 3, 3, 3, 3, 3, 3, 3, 3, 3, 3, 3, 3, 3, 3, 3, 1, 3, 3, 3, 3, 3, 3, 3, 3, 3, 3, 3, 3, 3, 1, 3, 3, 3, 3, 1, 3, 3, 3, 3, 3, 3, 3, 3, 1, 3, 3, 3, 3, 3, 3] 
dagE22.txt 1234x1.txt True 0.05 0.1 507.5 [3, 3, 3, 3, 3, 3, 3, 3, 3, 3, 3, 3, 3, 3, 3, 3, 3, 3, 3, 3, 3, 3, 3, 3, 3, 3, 3, 3, 3, 3, 3, 3, 3, 3, 3, 1, 3, 3, 3, 3, 3, 3, 3, 3, 3, 3, 3, 3, 3, 1, 3, 3, 3, 3, 1, 3, 3, 3, 3, 3, 3, 3, 3, 1, 3, 3, 3, 3, 3, 3] 
dagE22.txt 1234x1.txt True 0.05 0.11 507.5 [3, 3, 3, 3, 3, 3, 3, 3, 3, 3, 3, 3, 3, 3, 3, 3, 3, 3, 3, 3, 3, 3, 3, 3, 3, 3, 3, 3, 3, 3, 3, 3, 3, 3, 3, 1, 3, 3, 3, 3, 3, 3, 3, 3, 3, 3, 3, 3, 3, 1, 3, 3, 3, 3, 1, 3, 3, 3, 3, 3, 3, 3, 3, 1, 3, 3, 3, 3, 3, 3] 
dagE22.txt 1234x1.txt True 0.0 0.12 541.5 [3, 3, 3, 3, 3, 3, 3, 3, 3, 3, 3, 3, 3, 3, 3, 3, 3, 3, 3, 3, 3, 3, 3, 3, 3, 3, 3, 3, 3, 3, 3, 3, 3, 3, 3, 3, 3, 3, 3, 3, 3, 3, 3, 3, 3, 3, 3, 3, 3, 3, 3, 3, 3, 3, 3, 3, 3, 3, 3, 3, 3, 3, 3, 3, 3, 3, 3, 3, 3, 3] 
dagE22.txt 1234x1.txt True 0.0 0.13 541.5 [3, 3, 3, 3, 3, 3, 3, 3, 3, 3, 3, 3, 3, 3, 3, 3, 3, 3, 3, 3, 3, 3, 3, 3, 3, 3, 3, 3, 3, 3, 3, 3, 3, 3, 3, 3, 3, 3, 3, 3, 3, 3, 3, 3, 3, 3, 3, 3, 3, 3, 3, 3, 3, 3, 3, 3, 3, 3, 3, 3, 3, 3, 3, 3, 3, 3, 3, 3, 3, 3] 
dagE22.txt 1234x1.txt True 0.0 0.14 541.5 [3, 3, 3, 3, 3, 3, 3, 3, 3, 3, 3, 3, 3, 3, 3, 3, 3, 3, 3, 3, 3, 3, 3, 3, 3, 3, 3, 3, 3, 3, 3, 3, 3, 3, 3, 3, 3, 3, 3, 3, 3, 3, 3, 3, 3, 3, 3, 3, 3, 3, 3, 3, 3, 3, 3, 3, 3, 3, 3, 3, 3, 3, 3, 3, 3, 3, 3, 3, 3, 3] 
dagE22.txt 1234x1.txt True 0.13 0.15 492.5 [3, 3, 3, 3, 3, 1, 3, 3, 1, 3, 3, 3, 3, 3, 3, 3, 3, 3, 3, 3, 3, 3, 3, 3, 3, 3, 3, 3, 3, 3, 3, 1, 3, 3, 3, 3, 3, 3, 3, 3, 3, 3, 3, 3, 3, 3, 3, 3, 3, 0, 3, 3, 3, 3, 3, 3, 3, 3, 3, 3, 3, 3, 3, 0, 0, 3, 3, 1, 3, 0] 
dagE22.txt 1234x1.txt True 0.14 0.16 478.0 [3, 3, 3, 3, 3, 0, 3, 2, 3, 3, 3, 3, 3, 3, 3, 3, 3, 3, 3, 3, 3, 3, 3, 3, 3, 3, 3, 3, 3, 3, 3, 3, 3, 3, 3, 3, 3, 3, 3, 3, 0, 3, 3, 3, 3, 3, 3, 3, 3, 2, 3, 3, 3, 3, 3, 3, 3, 3, 3, 3, 3, 3, 0, 2, 2, 3, 3, 3, 0, 2] 
dagE22.txt 1234x1.txt True 0.14 0.17 478.0 [3, 3, 3, 3, 3, 0, 3, 2, 3, 3, 3, 3, 3, 3, 3, 3, 3, 3, 3, 3, 3, 3, 3, 3, 3, 3, 3, 3, 3, 3, 3, 3, 3, 3, 3, 3, 3, 3, 3, 3, 0, 3, 3, 3, 3, 3, 3, 3, 3, 2, 3, 3, 3, 3, 3, 3, 3, 3, 3, 3, 3, 3, 0, 2, 2, 3, 3, 3, 0, 2] 
dagE22.txt 1234x1.txt True 0.14 0.18 478.0 [3, 3, 3, 3, 3, 0, 3, 2, 3, 3, 3, 3, 3, 3, 3, 3, 3, 3, 3, 3, 3, 3, 3, 3, 3, 3, 3, 3, 3, 3, 3, 3, 3, 3, 3, 3, 3, 3, 3, 3, 0, 3, 3, 3, 3, 3, 3, 3, 3, 2, 3, 3, 3, 3, 3, 3, 3, 3, 3, 3, 3, 3, 0, 2, 2, 3, 3, 3, 0, 2] 
dagE22.txt 1234x1.txt True 0.14 0.19 478.0 [3, 3, 3, 3, 3, 0, 3, 2, 3, 3, 3, 3, 3, 3, 3, 3, 3, 3, 3, 3, 3, 3, 3, 3, 3, 3, 3, 3, 3, 3, 3, 3, 3, 3, 3, 3, 3, 3, 3, 3, 0, 3, 3, 3, 3, 3, 3, 3, 3, 2, 3, 3, 3, 3, 3, 3, 3, 3, 3, 3, 3, 3, 0, 2, 2, 3, 3, 3, 0, 2] 
dagE22.txt 1234x1.txt True 0.14 0.2 478.0 [3, 3, 3, 3, 3, 0, 3, 2, 3, 3, 3, 3, 3, 3, 3, 3, 3, 3, 3, 3, 3, 3, 3, 3, 3, 3, 3, 3, 3, 3, 3, 3, 3, 3, 3, 3, 3, 3, 3, 3, 0, 3, 3, 3, 3, 3, 3, 3, 3, 2, 3, 3, 3, 3, 3, 3, 3, 3, 3, 3, 3, 3, 0, 2, 2, 3, 3, 3, 0, 2] 
dagE22.txt 1234x1.txt True 0.14 0.25 478.0 [3, 3, 3, 3, 3, 0, 3, 2, 3, 3, 3, 3, 3, 3, 3, 3, 3, 3, 3, 3, 3, 3, 3, 3, 3, 3, 3, 3, 3, 3, 3, 3, 3, 3, 3, 3, 3, 3, 3, 3, 0, 3, 3, 3, 3, 3, 3, 3, 3, 2, 3, 3, 3, 3, 3, 3, 3, 3, 3, 3, 3, 3, 0, 2, 2, 3, 3, 3, 0, 2] 
dagE22.txt 1234x1.txt True 0.14 0.3 478.0 [3, 3, 3, 3, 3, 0, 3, 2, 3, 3, 3, 3, 3, 3, 3, 3, 3, 3, 3, 3, 3, 3, 3, 3, 3, 3, 3, 3, 3, 3, 3, 3, 3, 3, 3, 3, 3, 3, 3, 3, 0, 3, 3, 3, 3, 3, 3, 3, 3, 2, 3, 3, 3, 3, 3, 3, 3, 3, 3, 3, 3, 3, 0, 2, 2, 3, 3, 3, 0, 2] 
dagE22.txt 1234x1.txt True 0.14 0.35 478.0 [3, 3, 3, 3, 3, 0, 3, 2, 3, 3, 3, 3, 3, 3, 3, 3, 3, 3, 3, 3, 3, 3, 3, 3, 3, 3, 3, 3, 3, 3, 3, 3, 3, 3, 3, 3, 3, 3, 3, 3, 0, 3, 3, 3, 3, 3, 3, 3, 3, 2, 3, 3, 3, 3, 3, 3, 3, 3, 3, 3, 3, 3, 0, 2, 2, 3, 3, 3, 0, 2] 
dagE22.txt 1234x1.txt True 0.14 0.4 478.0 [3, 3, 3, 3, 3, 0, 3, 2, 3, 3, 3, 3, 3, 3, 3, 3, 3, 3, 3, 3, 3, 3, 3, 3, 3, 3, 3, 3, 3, 3, 3, 3, 3, 3, 3, 3, 3, 3, 3, 3, 0, 3, 3, 3, 3, 3, 3, 3, 3, 2, 3, 3, 3, 3, 3, 3, 3, 3, 3, 3, 3, 3, 0, 2, 2, 3, 3, 3, 0, 2] 
dagE22.txt 1234x1.txt True 0.35 0.45 320.3333333333333 [1, 1, 1, 2, 2, 1, 2, 2, 2, 2, 2, 1, 2, 1, 2, 1, 1, 2, 2, 2, 1, 3, 3, 2, 2, 3, 1, 2, 3, 3, 3, 3, 2, 2, 2, 3, 3, 3, 3, 3, 2, 3, 3, 3, 3, 3, 3, 3, 2, 3, 3, 3, 2, 3, 3, 2, 1, 2, 3, 2, 2, 2, 3, 3, 2, 2, 2, 3, 2, 3] 
dagE22.txt 1234x1.txt True 0.35 0.5 320.3333333333333 [1, 1, 1, 2, 2, 1, 2, 2, 2, 2, 2, 1, 2, 1, 2, 1, 1, 2, 2, 2, 1, 3, 3, 2, 2, 3, 1, 2, 3, 3, 3, 3, 2, 2, 2, 3, 3, 3, 3, 3, 2, 3, 3, 3, 3, 3, 3, 3, 2, 3, 3, 3, 2, 3, 3, 2, 1, 2, 3, 2, 2, 2, 3, 3, 2, 2, 2, 3, 2, 3] 
dagE22.txt 1234x1.txt True 0.38 0.55 286.3333333333333 [1, 1, 3, 0, 3, 3, 0, 1, 0, 0, 0, 3, 0, 1, 1, 0, 3, 2, 2, 2, 1, 2, 2, 1, 3, 2, 3, 2, 1, 2, 2, 2, 2, 2, 3, 2, 2, 2, 2, 2, 2, 2, 2, 2, 3, 2, 3, 2, 3, 3, 2, 3, 3, 3, 2, 3, 2, 3, 3, 3, 3, 3, 3, 3, 3, 3, 3, 3, 3, 3] 
dagE22.txt 1234x1.txt True 0.37 0.6 274.25 [2, 2, 2, 3, 3, 2, 2, 2, 3, 3, 2, 2, 3, 2, 2, 3, 0, 3, 2, 2, 3, 3, 3, 3, 2, 3, 2, 3, 3, 3, 3, 0, 2, 2, 2, 1, 3, 3, 3, 3, 2, 3, 3, 3, 3, 0, 1, 3, 1, 0, 3, 3, 1, 3, 1, 1, 3, 1, 3, 1, 1, 3, 1, 3, 1, 1, 1, 3, 1, 3] 
dagE22.txt 1234x1.txt True 0.49 0.65 259.6666666666667 [0, 3, 3, 3, 1, 1, 0, 3, 3, 1, 3, 1, 3, 3, 0, 1, 1, 2, 3, 1, 3, 2, 3, 0, 3, 2, 1, 2, 1, 2, 2, 3, 3, 1, 0, 2, 2, 2, 0, 3, 3, 3, 0, 2, 2, 3, 2, 2, 2, 3, 3, 2, 3, 2, 2, 2, 3, 2, 3, 2, 2, 3, 2, 3, 2, 2, 2, 3, 2, 3] 
dagE22.txt 1234x1.txt True 0.425 0.7 244.0 [0, 0, 0, 0, 1, 1, 3, 3, 3, 1, 3, 1, 3, 0, 3, 1, 1, 2, 2, 2, 0, 2, 1, 2, 1, 1, 1, 2, 0, 2, 2, 2, 1, 2, 2, 2, 2, 2, 2, 3, 2, 1, 2, 2, 3, 2, 3, 3, 3, 2, 3, 3, 3, 3, 2, 3, 3, 3, 3, 3, 3, 3, 3, 2, 3, 3, 3, 3, 3, 3] 
dagE22.txt 1234x1.txt True 0.425 0.75 244.0 [0, 0, 0, 0, 1, 1, 3, 3, 3, 1, 3, 1, 3, 0, 3, 1, 1, 2, 2, 2, 0, 2, 1, 2, 1, 1, 1, 2, 0, 2, 2, 2, 1, 2, 2, 2, 2, 2, 2, 3, 2, 1, 2, 2, 3, 2, 3, 3, 3, 2, 3, 3, 3, 3, 2, 3, 3, 3, 3, 3, 3, 3, 3, 2, 3, 3, 3, 3, 3, 3] 
dagE22.txt 1234x1.txt True 0.445 0.8 255.0 [2, 3, 0, 3, 1, 1, 3, 3, 3, 3, 3, 3, 3, 2, 3, 1, 1, 2, 3, 1, 0, 3, 1, 3, 0, 3, 1, 2, 0, 3, 2, 3, 0, 2, 2, 2, 2, 2, 1, 3, 2, 1, 1, 2, 2, 3, 2, 3, 3, 2, 0, 2, 3, 2, 2, 3, 3, 3, 2, 3, 3, 3, 1, 2, 3, 3, 3, 2, 1, 2] 
dagE22.txt 1234x1.txt True 0.48 0.85 255.0 [3, 0, 3, 1, 1, 1, 0, 3, 0, 1, 0, 1, 3, 0, 3, 1, 1, 2, 1, 1, 0, 3, 3, 3, 3, 1, 1, 2, 0, 1, 2, 3, 1, 2, 3, 2, 2, 2, 3, 3, 3, 3, 3, 2, 2, 3, 3, 2, 3, 2, 2, 2, 2, 3, 2, 3, 3, 3, 3, 2, 2, 2, 3, 2, 3, 2, 3, 3, 2, 3] 
dagE22.txt 1234x1.txt True 0.54 0.9 229.75 [3, 0, 3, 1, 3, 0, 3, 1, 3, 3, 1, 3, 1, 3, 3, 3, 0, 3, 3, 3, 1, 2, 2, 1, 2, 3, 0, 0, 3, 2, 2, 3, 3, 1, 3, 1, 3, 3, 3, 1, 3, 0, 0, 3, 2, 3, 2, 1, 1, 3, 1, 2, 2, 2, 3, 3, 1, 2, 2, 2, 2, 2, 2, 2, 1, 2, 3, 2, 2, 2] 
dagE22.txt 1234x1.txt True 0.395 0.95 228.0 [2, 2, 2, 2, 2, 3, 2, 2, 2, 2, 2, 2, 2, 2, 2, 2, 3, 3, 3, 2, 2, 3, 3, 2, 3, 2, 3, 3, 0, 3, 3, 0, 3, 2, 3, 3, 3, 0, 3, 3, 3, 3, 3, 3, 3, 3, 1, 3, 0, 3, 0, 1, 1, 3, 3, 3, 0, 1, 1, 1, 1, 1, 1, 1, 0, 1, 3, 1, 1, 1] 
dagE22.txt 1234x1.txt True 0.395 1 228.0 [2, 2, 2, 2, 2, 3, 2, 2, 2, 2, 2, 2, 2, 2, 2, 2, 3, 3, 3, 2, 2, 3, 3, 2, 3, 2, 3, 3, 0, 3, 3, 0, 3, 2, 3, 3, 3, 0, 3, 3, 3, 3, 3, 3, 3, 3, 1, 3, 0, 3, 0, 1, 1, 3, 3, 3, 0, 1, 1, 1, 1, 1, 1, 1, 0, 1, 3, 1, 1, 1] 
dagE22.txt 3_2x3.txt True 0.05 0.07 676.6666666666666 [0, 0, 0, 0, 0, 0, 0, 0, 0, 0, 0, 0, 0, 0, 0, 0, 0, 0, 0, 0, 0, 0, 0, 0, 0, 0, 0, 0, 0, 0, 0, 0, 0, 0, 0, 2, 0, 0, 0, 0, 0, 0, 0, 0, 0, 0, 0, 0, 0, 2, 0, 0, 0, 0, 2, 0, 0, 0, 0, 0, 0, 0, 0, 2, 0, 0, 0, 0, 0, 0] 
dagE22.txt 3_2x3.txt True 0.05 0.08 676.6666666666666 [0, 0, 0, 0, 0, 0, 0, 0, 0, 0, 0, 0, 0, 0, 0, 0, 0, 0, 0, 0, 0, 0, 0, 0, 0, 0, 0, 0, 0, 0, 0, 0, 0, 0, 0, 2, 0, 0, 0, 0, 0, 0, 0, 0, 0, 0, 0, 0, 0, 2, 0, 0, 0, 0, 2, 0, 0, 0, 0, 0, 0, 0, 0, 2, 0, 0, 0, 0, 0, 0] 
dagE22.txt 3_2x3.txt True 0.05 0.09 676.6666666666666 [0, 0, 0, 0, 0, 0, 0, 0, 0, 0, 0, 0, 0, 0, 0, 0, 0, 0, 0, 0, 0, 0, 0, 0, 0, 0, 0, 0, 0, 0, 0, 0, 0, 0, 0, 2, 0, 0, 0, 0, 0, 0, 0, 0, 0, 0, 0, 0, 0, 2, 0, 0, 0, 0, 2, 0, 0, 0, 0, 0, 0, 0, 0, 2, 0, 0, 0, 0, 0, 0] 
dagE22.txt 3_2x3.txt True 0.05 0.1 676.6666666666666 [0, 0, 0, 0, 0, 0, 0, 0, 0, 0, 0, 0, 0, 0, 0, 0, 0, 0, 0, 0, 0, 0, 0, 0, 0, 0, 0, 0, 0, 0, 0, 0, 0, 0, 0, 2, 0, 0, 0, 0, 0, 0, 0, 0, 0, 0, 0, 0, 0, 2, 0, 0, 0, 0, 2, 0, 0, 0, 0, 0, 0, 0, 0, 2, 0, 0, 0, 0, 0, 0] 
dagE22.txt 3_2x3.txt True 0.05 0.11 676.6666666666666 [0, 0, 0, 0, 0, 0, 0, 0, 0, 0, 0, 0, 0, 0, 0, 0, 0, 0, 0, 0, 0, 0, 0, 0, 0, 0, 0, 0, 0, 0, 0, 0, 0, 0, 0, 2, 0, 0, 0, 0, 0, 0, 0, 0, 0, 0, 0, 0, 0, 2, 0, 0, 0, 0, 2, 0, 0, 0, 0, 0, 0, 0, 0, 2, 0, 0, 0, 0, 0, 0] 
dagE22.txt 3_2x3.txt True 0.1 0.12 650.0 [0, 0, 0, 0, 0, 0, 0, 2, 0, 0, 0, 0, 0, 0, 0, 0, 0, 0, 0, 0, 0, 0, 0, 0, 0, 0, 0, 0, 0, 0, 0, 0, 0, 0, 0, 0, 0, 0, 0, 0, 0, 0, 0, 0, 0, 0, 0, 0, 0, 5, 0, 0, 0, 0, 0, 2, 0, 0, 0, 0, 0, 0, 0, 5, 2, 0, 2, 5, 0, 5] 
dagE22.txt 3_2x3.txt True 0.1 0.13 650.0 [0, 0, 0, 0, 0, 0, 0, 2, 0, 0, 0, 0, 0, 0, 0, 0, 0, 0, 0, 0, 0, 0, 0, 0, 0, 0, 0, 0, 0, 0, 0, 0, 0, 0, 0, 0, 0, 0, 0, 0, 0, 0, 0, 0, 0, 0, 0, 0, 0, 5, 0, 0, 0, 0, 0, 2, 0, 0, 0, 0, 0, 0, 0, 5, 2, 0, 2, 5, 0, 5] 
dagE22.txt 3_2x3.txt True 0.1 0.14 650.0 [0, 0, 0, 0, 0, 0, 0, 2, 0, 0, 0, 0, 0, 0, 0, 0, 0, 0, 0, 0, 0, 0, 0, 0, 0, 0, 0, 0, 0, 0, 0, 0, 0, 0, 0, 0, 0, 0, 0, 0, 0, 0, 0, 0, 0, 0, 0, 0, 0, 5, 0, 0, 0, 0, 0, 2, 0, 0, 0, 0, 0, 0, 0, 5, 2, 0, 2, 5, 0, 5] 
dagE22.txt 3_2x3.txt True 0.13 0.15 656.6666666666666 [4, 4, 4, 4, 4, 2, 4, 4, 2, 4, 4, 4, 4, 4, 4, 4, 4, 4, 4, 4, 4, 4, 4, 4, 4, 4, 4, 4, 4, 4, 4, 5, 4, 4, 4, 4, 4, 4, 4, 4, 4, 4, 4, 4, 4, 4, 4, 4, 4, 5, 4, 4, 4, 4, 4, 4, 4, 4, 4, 4, 4, 4, 4, 0, 5, 4, 4, 0, 4, 0] 
dagE22.txt 3_2x3.txt True 0.14 0.16 637.3333333333334 [2, 2, 2, 2, 2, 1, 2, 1, 2, 2, 2, 2, 2, 2, 2, 2, 2, 2, 2, 2, 2, 2, 2, 2, 2, 2, 2, 2, 2, 2, 2, 2, 2, 2, 2, 2, 2, 2, 2, 2, 1, 2, 2, 2, 2, 2, 2, 2, 2, 5, 2, 2, 2, 2, 2, 2, 2, 2, 2, 2, 2, 2, 0, 5, 5, 2, 2, 2, 0, 5] 
dagE22.txt 3_2x3.txt True 0.14 0.17 637.3333333333334 [2, 2, 2, 2, 2, 1, 2, 1, 2, 2, 2, 2, 2, 2, 2, 2, 2, 2, 2, 2, 2, 2, 2, 2, 2, 2, 2, 2, 2, 2, 2, 2, 2, 2, 2, 2, 2, 2, 2, 2, 1, 2, 2, 2, 2, 2, 2, 2, 2, 5, 2, 2, 2, 2, 2, 2, 2, 2, 2, 2, 2, 2, 0, 5, 5, 2, 2, 2, 0, 5] 
dagE22.txt 3_2x3.txt True 0.14 0.18 637.3333333333334 [2, 2, 2, 2, 2, 1, 2, 1, 2, 2, 2, 2, 2, 2, 2, 2, 2, 2, 2, 2, 2, 2, 2, 2, 2, 2, 2, 2, 2, 2, 2, 2, 2, 2, 2, 2, 2, 2, 2, 2, 1, 2, 2, 2, 2, 2, 2, 2, 2, 5, 2, 2, 2, 2, 2, 2, 2, 2, 2, 2, 2, 2, 0, 5, 5, 2, 2, 2, 0, 5] 
dagE22.txt 3_2x3.txt True 0.14 0.19 637.3333333333334 [2, 2, 2, 2, 2, 1, 2, 1, 2, 2, 2, 2, 2, 2, 2, 2, 2, 2, 2, 2, 2, 2, 2, 2, 2, 2, 2, 2, 2, 2, 2, 2, 2, 2, 2, 2, 2, 2, 2, 2, 1, 2, 2, 2, 2, 2, 2, 2, 2, 5, 2, 2, 2, 2, 2, 2, 2, 2, 2, 2, 2, 2, 0, 5, 5, 2, 2, 2, 0, 5] 
dagE22.txt 3_2x3.txt True 0.14 0.2 637.3333333333334 [2, 2, 2, 2, 2, 1, 2, 1, 2, 2, 2, 2, 2, 2, 2, 2, 2, 2, 2, 2, 2, 2, 2, 2, 2, 2, 2, 2, 2, 2, 2, 2, 2, 2, 2, 2, 2, 2, 2, 2, 1, 2, 2, 2, 2, 2, 2, 2, 2, 5, 2, 2, 2, 2, 2, 2, 2, 2, 2, 2, 2, 2, 0, 5, 5, 2, 2, 2, 0, 5] 
dagE22.txt 3_2x3.txt True 0.14 0.25 637.3333333333334 [2, 2, 2, 2, 2, 1, 2, 1, 2, 2, 2, 2, 2, 2, 2, 2, 2, 2, 2, 2, 2, 2, 2, 2, 2, 2, 2, 2, 2, 2, 2, 2, 2, 2, 2, 2, 2, 2, 2, 2, 1, 2, 2, 2, 2, 2, 2, 2, 2, 5, 2, 2, 2, 2, 2, 2, 2, 2, 2, 2, 2, 2, 0, 5, 5, 2, 2, 2, 0, 5] 
dagE22.txt 3_2x3.txt True 0.14 0.3 637.3333333333334 [2, 2, 2, 2, 2, 1, 2, 1, 2, 2, 2, 2, 2, 2, 2, 2, 2, 2, 2, 2, 2, 2, 2, 2, 2, 2, 2, 2, 2, 2, 2, 2, 2, 2, 2, 2, 2, 2, 2, 2, 1, 2, 2, 2, 2, 2, 2, 2, 2, 5, 2, 2, 2, 2, 2, 2, 2, 2, 2, 2, 2, 2, 0, 5, 5, 2, 2, 2, 0, 5] 
dagE22.txt 3_2x3.txt True 0.14 0.35 637.3333333333334 [2, 2, 2, 2, 2, 1, 2, 1, 2, 2, 2, 2, 2, 2, 2, 2, 2, 2, 2, 2, 2, 2, 2, 2, 2, 2, 2, 2, 2, 2, 2, 2, 2, 2, 2, 2, 2, 2, 2, 2, 1, 2, 2, 2, 2, 2, 2, 2, 2, 5, 2, 2, 2, 2, 2, 2, 2, 2, 2, 2, 2, 2, 0, 5, 5, 2, 2, 2, 0, 5] 
dagE22.txt 3_2x3.txt True 0.14 0.4 637.3333333333334 [2, 2, 2, 2, 2, 1, 2, 1, 2, 2, 2, 2, 2, 2, 2, 2, 2, 2, 2, 2, 2, 2, 2, 2, 2, 2, 2, 2, 2, 2, 2, 2, 2, 2, 2, 2, 2, 2, 2, 2, 1, 2, 2, 2, 2, 2, 2, 2, 2, 5, 2, 2, 2, 2, 2, 2, 2, 2, 2, 2, 2, 2, 0, 5, 5, 2, 2, 2, 0, 5] 
dagE22.txt 3_2x3.txt True 0.405 0.45 232.66666666666666 [0, 0, 0, 5, 3, 0, 5, 5, 5, 5, 5, 0, 5, 0, 5, 3, 0, 0, 0, 0, 0, 4, 4, 5, 0, 4, 0, 0, 3, 4, 4, 3, 0, 0, 0, 4, 4, 4, 4, 3, 0, 4, 4, 4, 4, 5, 4, 3, 2, 4, 3, 4, 2, 4, 4, 2, 5, 2, 4, 2, 2, 2, 4, 4, 2, 2, 2, 4, 2, 4] 
dagE22.txt 3_2x3.txt True 0.405 0.5 232.66666666666666 [0, 0, 0, 5, 3, 0, 5, 5, 5, 5, 5, 0, 5, 0, 5, 3, 0, 0, 0, 0, 0, 4, 4, 5, 0, 4, 0, 0, 3, 4, 4, 3, 0, 0, 0, 4, 4, 4, 4, 3, 0, 4, 4, 4, 4, 5, 4, 3, 2, 4, 3, 4, 2, 4, 4, 2, 5, 2, 4, 2, 2, 2, 4, 4, 2, 2, 2, 4, 2, 4] 
dagE22.txt 3_2x3.txt True 0.49 0.55 242.33333333333334 [2, 2, 0, 1, 0, 0, 1, 2, 1, 1, 1, 0, 1, 2, 2, 0, 0, 4, 3, 2, 2, 4, 2, 1, 4, 4, 0, 3, 2, 4, 2, 2, 3, 2, 4, 4, 2, 2, 2, 2, 3, 2, 2, 2, 5, 2, 0, 2, 4, 0, 2, 0, 5, 0, 4, 5, 2, 0, 0, 5, 0, 0, 0, 0, 0, 5, 5, 0, 0, 0] 
dagE22.txt 3_2x3.txt True 0.5 0.6 208.0 [1, 5, 5, 4, 4, 0, 5, 5, 4, 2, 5, 0, 4, 5, 5, 4, 1, 2, 0, 0, 4, 2, 2, 4, 0, 2, 0, 2, 0, 2, 4, 2, 0, 0, 0, 2, 4, 4, 2, 0, 0, 2, 2, 4, 4, 0, 3, 0, 3, 1, 0, 4, 3, 4, 2, 3, 0, 3, 4, 3, 3, 4, 3, 4, 3, 3, 3, 4, 3, 4] 
dagE22.txt 3_2x3.txt True 0.51 0.65 198.33333333333334 [4, 2, 2, 2, 5, 0, 4, 2, 2, 5, 2, 5, 2, 2, 4, 5, 0, 5, 4, 5, 2, 5, 0, 3, 4, 5, 5, 5, 2, 5, 0, 0, 4, 5, 2, 0, 0, 0, 2, 3, 4, 3, 2, 0, 0, 0, 0, 4, 4, 0, 0, 0, 3, 0, 0, 4, 3, 1, 0, 1, 1, 1, 1, 0, 4, 1, 1, 0, 1, 0] 
dagE22.txt 3_2x3.txt True 0.605 0.7 193.66666666666666 [4, 4, 5, 0, 2, 1, 2, 2, 2, 0, 2, 0, 2, 4, 2, 0, 1, 4, 4, 4, 5, 4, 1, 2, 2, 3, 1, 4, 4, 4, 1, 1, 2, 4, 4, 3, 4, 1, 4, 0, 4, 1, 4, 1, 3, 5, 3, 0, 2, 4, 0, 0, 0, 3, 5, 2, 1, 3, 3, 3, 0, 0, 3, 4, 2, 0, 2, 3, 0, 3] 
dagE22.txt 3_2x3.txt True 0.605 0.75 193.66666666666666 [4, 4, 5, 0, 2, 1, 2, 2, 2, 0, 2, 0, 2, 4, 2, 0, 1, 4, 4, 4, 5, 4, 1, 2, 2, 3, 1, 4, 4, 4, 1, 1, 2, 4, 4, 3, 4, 1, 4, 0, 4, 1, 4, 1, 3, 5, 3, 0, 2, 4, 0, 0, 0, 3, 5, 2, 1, 3, 3, 3, 0, 0, 3, 4, 2, 0, 2, 3, 0, 3] 
dagE22.txt 3_2x3.txt True 0.645 0.8 176.5 [0, 4, 5, 0, 4, 2, 0, 2, 0, 2, 0, 4, 2, 0, 0, 4, 3, 0, 4, 2, 5, 4, 5, 0, 4, 4, 3, 0, 1, 4, 5, 3, 4, 2, 0, 4, 3, 5, 3, 5, 2, 3, 5, 3, 2, 3, 4, 2, 1, 1, 1, 2, 5, 4, 3, 0, 5, 1, 2, 0, 1, 1, 2, 1, 2, 5, 0, 4, 2, 4] 
dagE22.txt 3_2x3.txt True 0.655 0.85 174.66666666666666 [3, 4, 0, 3, 3, 2, 0, 4, 2, 3, 4, 1, 4, 4, 3, 3, 2, 4, 2, 3, 0, 2, 2, 1, 1, 2, 1, 4, 4, 3, 2, 2, 1, 4, 0, 0, 3, 1, 2, 5, 0, 2, 0, 3, 2, 1, 4, 4, 1, 5, 4, 2, 0, 4, 1, 5, 5, 4, 4, 2, 0, 0, 4, 5, 5, 0, 5, 4, 0, 4] 
dagE22.txt 3_2x3.txt True 0.695 0.9 167.0 [1, 1, 2, 0, 3, 0, 1, 1, 0, 0, 1, 2, 0, 2, 1, 3, 4, 0, 5, 2, 0, 4, 4, 0, 5, 1, 3, 0, 3, 4, 0, 4, 5, 2, 2, 4, 0, 2, 1, 3, 2, 0, 2, 0, 0, 4, 1, 2, 2, 5, 3, 0, 4, 5, 2, 3, 3, 5, 4, 5, 2, 2, 4, 4, 5, 4, 3, 5, 5, 4] 
dagE22.txt 3_2x3.txt True 0.565 0.95 161.33333333333334 [5, 5, 5, 4, 3, 3, 5, 5, 2, 5, 5, 3, 2, 2, 5, 3, 3, 4, 4, 0, 5, 4, 3, 4, 2, 4, 3, 4, 0, 4, 0, 0, 4, 0, 0, 4, 4, 3, 1, 0, 4, 3, 0, 4, 0, 0, 2, 0, 2, 1, 0, 1, 2, 4, 0, 2, 0, 2, 1, 2, 2, 1, 3, 1, 2, 2, 2, 1, 2, 1] 
dagE22.txt 3_2x3.txt True 0.565 1 161.33333333333334 [5, 5, 5, 4, 3, 3, 5, 5, 2, 5, 5, 3, 2, 2, 5, 3, 3, 4, 4, 0, 5, 4, 3, 4, 2, 4, 3, 4, 0, 4, 0, 0, 4, 0, 0, 4, 4, 3, 1, 0, 4, 3, 0, 4, 0, 0, 2, 0, 2, 1, 0, 1, 2, 4, 0, 2, 0, 2, 1, 2, 2, 1, 3, 1, 2, 2, 2, 1, 2, 1] 
dagE22.txt 1234x3.txt True 0.05 0.07 507.5 [3, 3, 3, 3, 3, 3, 3, 3, 3, 3, 3, 3, 3, 3, 3, 3, 3, 3, 3, 3, 3, 3, 3, 3, 3, 3, 3, 3, 3, 3, 3, 3, 3, 3, 3, 5, 3, 3, 3, 3, 3, 3, 3, 3, 3, 3, 3, 3, 3, 11, 3, 3, 3, 3, 5, 3, 3, 3, 3, 3, 3, 3, 3, 11, 3, 3, 3, 3, 3, 3] 
dagE22.txt 1234x3.txt True 0.05 0.08 507.5 [3, 3, 3, 3, 3, 3, 3, 3, 3, 3, 3, 3, 3, 3, 3, 3, 3, 3, 3, 3, 3, 3, 3, 3, 3, 3, 3, 3, 3, 3, 3, 3, 3, 3, 3, 5, 3, 3, 3, 3, 3, 3, 3, 3, 3, 3, 3, 3, 3, 11, 3, 3, 3, 3, 5, 3, 3, 3, 3, 3, 3, 3, 3, 11, 3, 3, 3, 3, 3, 3] 
dagE22.txt 1234x3.txt True 0.05 0.09 507.5 [3, 3, 3, 3, 3, 3, 3, 3, 3, 3, 3, 3, 3, 3, 3, 3, 3, 3, 3, 3, 3, 3, 3, 3, 3, 3, 3, 3, 3, 3, 3, 3, 3, 3, 3, 5, 3, 3, 3, 3, 3, 3, 3, 3, 3, 3, 3, 3, 3, 11, 3, 3, 3, 3, 5, 3, 3, 3, 3, 3, 3, 3, 3, 11, 3, 3, 3, 3, 3, 3] 
dagE22.txt 1234x3.txt True 0.05 0.1 507.5 [3, 3, 3, 3, 3, 3, 3, 3, 3, 3, 3, 3, 3, 3, 3, 3, 3, 3, 3, 3, 3, 3, 3, 3, 3, 3, 3, 3, 3, 3, 3, 3, 3, 3, 3, 5, 3, 3, 3, 3, 3, 3, 3, 3, 3, 3, 3, 3, 3, 11, 3, 3, 3, 3, 5, 3, 3, 3, 3, 3, 3, 3, 3, 11, 3, 3, 3, 3, 3, 3] 
dagE22.txt 1234x3.txt True 0.05 0.11 507.5 [3, 3, 3, 3, 3, 3, 3, 3, 3, 3, 3, 3, 3, 3, 3, 3, 3, 3, 3, 3, 3, 3, 3, 3, 3, 3, 3, 3, 3, 3, 3, 3, 3, 3, 3, 5, 3, 3, 3, 3, 3, 3, 3, 3, 3, 3, 3, 3, 3, 11, 3, 3, 3, 3, 5, 3, 3, 3, 3, 3, 3, 3, 3, 11, 3, 3, 3, 3, 3, 3] 
dagE22.txt 1234x3.txt True 0.12 0.12 487.5 [11, 11, 11, 11, 11, 11, 11, 10, 11, 11, 11, 11, 11, 11, 11, 11, 11, 11, 11, 11, 11, 11, 11, 11, 11, 11, 11, 11, 11, 11, 11, 11, 11, 11, 11, 11, 11, 11, 11, 11, 11, 11, 11, 11, 11, 11, 11, 11, 11, 2, 11, 11, 11, 11, 11, 7, 11, 11, 11, 11, 11, 11, 11, 1, 8, 11, 7, 4, 11, 5] 
dagE22.txt 1234x3.txt True 0.12 0.13 487.5 [11, 11, 11, 11, 11, 11, 11, 10, 11, 11, 11, 11, 11, 11, 11, 11, 11, 11, 11, 11, 11, 11, 11, 11, 11, 11, 11, 11, 11, 11, 11, 11, 11, 11, 11, 11, 11, 11, 11, 11, 11, 11, 11, 11, 11, 11, 11, 11, 11, 2, 11, 11, 11, 11, 11, 7, 11, 11, 11, 11, 11, 11, 11, 1, 8, 11, 7, 4, 11, 5] 
dagE22.txt 1234x3.txt True 0.12 0.14 487.5 [11, 11, 11, 11, 11, 11, 11, 10, 11, 11, 11, 11, 11, 11, 11, 11, 11, 11, 11, 11, 11, 11, 11, 11, 11, 11, 11, 11, 11, 11, 11, 11, 11, 11, 11, 11, 11, 11, 11, 11, 11, 11, 11, 11, 11, 11, 11, 11, 11, 2, 11, 11, 11, 11, 11, 7, 11, 11, 11, 11, 11, 11, 11, 1, 8, 11, 7, 4, 11, 5] 
dagE22.txt 1234x3.txt True 0.145 0.15 492.5 [11, 11, 11, 11, 11, 10, 11, 11, 8, 11, 11, 11, 11, 11, 11, 11, 11, 11, 11, 11, 11, 11, 11, 11, 11, 11, 11, 11, 11, 11, 11, 7, 11, 11, 11, 11, 11, 11, 11, 11, 11, 11, 11, 11, 11, 11, 11, 11, 11, 5, 11, 11, 11, 11, 11, 11, 11, 11, 11, 11, 11, 11, 11, 1, 4, 11, 11, 9, 11, 2] 
dagE22.txt 1234x3.txt True 0.155 0.16 478.0 [7, 7, 7, 7, 7, 8, 7, 4, 7, 7, 7, 7, 7, 7, 7, 7, 7, 7, 7, 7, 7, 7, 7, 7, 7, 7, 7, 7, 7, 7, 7, 7, 7, 7, 7, 7, 7, 7, 7, 7, 5, 7, 7, 7, 7, 7, 7, 7, 7, 11, 7, 7, 7, 7, 7, 7, 7, 7, 7, 7, 7, 7, 2, 11, 9, 7, 7, 7, 1, 10] 
dagE22.txt 1234x3.txt True 0.155 0.17 478.0 [7, 7, 7, 7, 7, 8, 7, 4, 7, 7, 7, 7, 7, 7, 7, 7, 7, 7, 7, 7, 7, 7, 7, 7, 7, 7, 7, 7, 7, 7, 7, 7, 7, 7, 7, 7, 7, 7, 7, 7, 5, 7, 7, 7, 7, 7, 7, 7, 7, 11, 7, 7, 7, 7, 7, 7, 7, 7, 7, 7, 7, 7, 2, 11, 9, 7, 7, 7, 1, 10] 
dagE22.txt 1234x3.txt True 0.155 0.18 478.0 [7, 7, 7, 7, 7, 8, 7, 4, 7, 7, 7, 7, 7, 7, 7, 7, 7, 7, 7, 7, 7, 7, 7, 7, 7, 7, 7, 7, 7, 7, 7, 7, 7, 7, 7, 7, 7, 7, 7, 7, 5, 7, 7, 7, 7, 7, 7, 7, 7, 11, 7, 7, 7, 7, 7, 7, 7, 7, 7, 7, 7, 7, 2, 11, 9, 7, 7, 7, 1, 10] 
dagE22.txt 1234x3.txt True 0.155 0.19 478.0 [7, 7, 7, 7, 7, 8, 7, 4, 7, 7, 7, 7, 7, 7, 7, 7, 7, 7, 7, 7, 7, 7, 7, 7, 7, 7, 7, 7, 7, 7, 7, 7, 7, 7, 7, 7, 7, 7, 7, 7, 5, 7, 7, 7, 7, 7, 7, 7, 7, 11, 7, 7, 7, 7, 7, 7, 7, 7, 7, 7, 7, 7, 2, 11, 9, 7, 7, 7, 1, 10] 
dagE22.txt 1234x3.txt True 0.155 0.2 478.0 [7, 7, 7, 7, 7, 8, 7, 4, 7, 7, 7, 7, 7, 7, 7, 7, 7, 7, 7, 7, 7, 7, 7, 7, 7, 7, 7, 7, 7, 7, 7, 7, 7, 7, 7, 7, 7, 7, 7, 7, 5, 7, 7, 7, 7, 7, 7, 7, 7, 11, 7, 7, 7, 7, 7, 7, 7, 7, 7, 7, 7, 7, 2, 11, 9, 7, 7, 7, 1, 10] 
dagE22.txt 1234x3.txt True 0.155 0.25 478.0 [7, 7, 7, 7, 7, 8, 7, 4, 7, 7, 7, 7, 7, 7, 7, 7, 7, 7, 7, 7, 7, 7, 7, 7, 7, 7, 7, 7, 7, 7, 7, 7, 7, 7, 7, 7, 7, 7, 7, 7, 5, 7, 7, 7, 7, 7, 7, 7, 7, 11, 7, 7, 7, 7, 7, 7, 7, 7, 7, 7, 7, 7, 2, 11, 9, 7, 7, 7, 1, 10] 
dagE22.txt 1234x3.txt True 0.155 0.3 478.0 [7, 7, 7, 7, 7, 8, 7, 4, 7, 7, 7, 7, 7, 7, 7, 7, 7, 7, 7, 7, 7, 7, 7, 7, 7, 7, 7, 7, 7, 7, 7, 7, 7, 7, 7, 7, 7, 7, 7, 7, 5, 7, 7, 7, 7, 7, 7, 7, 7, 11, 7, 7, 7, 7, 7, 7, 7, 7, 7, 7, 7, 7, 2, 11, 9, 7, 7, 7, 1, 10] 
dagE22.txt 1234x3.txt True 0.155 0.35 478.0 [7, 7, 7, 7, 7, 8, 7, 4, 7, 7, 7, 7, 7, 7, 7, 7, 7, 7, 7, 7, 7, 7, 7, 7, 7, 7, 7, 7, 7, 7, 7, 7, 7, 7, 7, 7, 7, 7, 7, 7, 5, 7, 7, 7, 7, 7, 7, 7, 7, 11, 7, 7, 7, 7, 7, 7, 7, 7, 7, 7, 7, 7, 2, 11, 9, 7, 7, 7, 1, 10] 
dagE22.txt 1234x3.txt True 0.155 0.4 478.0 [7, 7, 7, 7, 7, 8, 7, 4, 7, 7, 7, 7, 7, 7, 7, 7, 7, 7, 7, 7, 7, 7, 7, 7, 7, 7, 7, 7, 7, 7, 7, 7, 7, 7, 7, 7, 7, 7, 7, 7, 5, 7, 7, 7, 7, 7, 7, 7, 7, 11, 7, 7, 7, 7, 7, 7, 7, 7, 7, 7, 7, 7, 2, 11, 9, 7, 7, 7, 1, 10] 
dagE22.txt 1234x3.txt True 0.445 0.45 183.25 [10, 10, 10, 7, 6, 10, 7, 7, 7, 7, 7, 10, 7, 10, 7, 8, 10, 11, 11, 11, 10, 3, 3, 7, 11, 3, 10, 11, 2, 3, 3, 5, 11, 11, 11, 3, 3, 3, 3, 5, 11, 3, 3, 3, 3, 4, 3, 5, 1, 3, 5, 3, 1, 3, 3, 1, 3, 1, 3, 1, 1, 1, 3, 3, 1, 1, 1, 3, 1, 3] 
dagE22.txt 1234x3.txt True 0.445 0.5 183.25 [10, 10, 10, 7, 6, 10, 7, 7, 7, 7, 7, 10, 7, 10, 7, 8, 10, 11, 11, 11, 10, 3, 3, 7, 11, 3, 10, 11, 2, 3, 3, 5, 11, 11, 11, 3, 3, 3, 3, 5, 11, 3, 3, 3, 3, 4, 3, 5, 1, 3, 5, 3, 1, 3, 3, 1, 3, 1, 3, 1, 1, 1, 3, 3, 1, 1, 1, 3, 1, 3] 
dagE22.txt 1234x3.txt True 0.545 0.55 126.0 [1, 0, 2, 5, 2, 2, 5, 1, 5, 5, 5, 2, 5, 1, 1, 3, 2, 10, 6, 7, 0, 10, 7, 4, 9, 10, 2, 8, 0, 10, 7, 7, 6, 7, 9, 10, 7, 7, 7, 7, 6, 7, 7, 7, 11, 7, 3, 7, 9, 3, 7, 3, 11, 3, 10, 11, 7, 3, 3, 11, 3, 3, 3, 3, 3, 11, 11, 3, 3, 3] 
dagE22.txt 1234x3.txt True 0.49 0.6 134.25 [1, 1, 1, 3, 4, 3, 2, 1, 3, 4, 1, 3, 3, 1, 2, 4, 5, 7, 3, 3, 3, 7, 7, 3, 3, 7, 3, 7, 3, 7, 10, 8, 3, 3, 3, 6, 10, 10, 7, 7, 3, 7, 7, 10, 10, 7, 10, 7, 11, 9, 7, 10, 11, 10, 6, 11, 7, 11, 10, 11, 11, 10, 11, 10, 11, 11, 11, 10, 11, 10] 
dagE22.txt 1234x3.txt True 0.555 0.65 133.66666666666666 [10, 10, 10, 10, 11, 9, 10, 10, 10, 11, 10, 11, 10, 10, 10, 11, 9, 3, 11, 11, 10, 3, 7, 6, 11, 3, 11, 3, 5, 3, 6, 7, 11, 11, 8, 6, 6, 6, 8, 3, 11, 7, 8, 6, 6, 7, 6, 4, 1, 7, 7, 6, 3, 6, 6, 1, 3, 2, 7, 2, 2, 0, 2, 7, 4, 2, 2, 7, 2, 7] 
dagE22.txt 1234x3.txt True 0.575 0.7 129.5 [1, 0, 2, 4, 3, 2, 1, 1, 1, 2, 1, 2, 1, 1, 1, 3, 2, 3, 3, 3, 0, 3, 2, 4, 8, 5, 2, 3, 6, 3, 7, 5, 8, 3, 3, 9, 7, 7, 3, 7, 3, 2, 3, 7, 11, 5, 10, 7, 3, 7, 7, 11, 11, 10, 9, 3, 6, 10, 10, 11, 11, 11, 10, 10, 3, 11, 3, 10, 11, 10] 
dagE22.txt 1234x3.txt True 0.575 0.75 129.5 [1, 0, 2, 4, 3, 2, 1, 1, 1, 2, 1, 2, 1, 1, 1, 3, 2, 3, 3, 3, 0, 3, 2, 4, 8, 5, 2, 3, 6, 3, 7, 5, 8, 3, 3, 9, 7, 7, 3, 7, 3, 2, 3, 7, 11, 5, 10, 7, 3, 7, 7, 11, 11, 10, 9, 3, 6, 10, 10, 11, 11, 11, 10, 10, 3, 11, 3, 10, 11, 10] 
dagE22.txt 1234x3.txt True 0.595 0.8 96.5 [7, 6, 7, 7, 9, 10, 8, 7, 7, 7, 7, 6, 7, 7, 8, 9, 9, 11, 6, 10, 7, 6, 10, 7, 11, 6, 9, 11, 3, 6, 1, 0, 11, 11, 11, 2, 1, 1, 10, 3, 11, 10, 10, 1, 11, 0, 2, 3, 3, 2, 3, 11, 4, 2, 1, 3, 3, 3, 11, 3, 5, 5, 5, 2, 3, 4, 3, 2, 5, 2] 
dagE22.txt 1234x3.txt True 0.62 0.85 116.0 [2, 0, 0, 1, 3, 4, 2, 2, 1, 3, 1, 4, 2, 0, 2, 4, 5, 9, 3, 3, 2, 7, 7, 1, 10, 5, 5, 9, 8, 8, 11, 7, 3, 3, 10, 9, 10, 10, 7, 7, 3, 7, 10, 10, 11, 7, 11, 3, 10, 11, 3, 11, 6, 11, 9, 6, 7, 11, 11, 11, 6, 6, 11, 11, 6, 6, 8, 11, 6, 11] 
dagE22.txt 1234x3.txt True 0.68 0.9 93.5 [8, 7, 7, 6, 9, 11, 3, 3, 7, 8, 3, 6, 7, 7, 7, 9, 9, 10, 10, 11, 7, 11, 11, 6, 10, 6, 9, 10, 5, 11, 7, 3, 10, 10, 11, 0, 6, 3, 11, 4, 11, 9, 11, 6, 7, 3, 3, 5, 4, 3, 5, 7, 2, 1, 3, 11, 7, 2, 2, 0, 1, 1, 2, 1, 5, 2, 11, 2, 2, 1] 
dagE22.txt 1234x3.txt True 0.685 0.95 91.0 [7, 3, 7, 7, 9, 11, 6, 6, 7, 8, 8, 7, 7, 7, 6, 9, 9, 10, 11, 11, 7, 10, 10, 7, 6, 7, 9, 10, 0, 10, 11, 1, 6, 11, 11, 10, 0, 1, 3, 11, 11, 9, 1, 6, 11, 7, 3, 11, 2, 3, 1, 5, 2, 6, 3, 2, 2, 4, 3, 3, 2, 5, 3, 5, 2, 3, 2, 4, 2, 5] 
dagE22.txt 1234x3.txt True 0.685 1 91.0 [7, 3, 7, 7, 9, 11, 6, 6, 7, 8, 8, 7, 7, 7, 6, 9, 9, 10, 11, 11, 7, 10, 10, 7, 6, 7, 9, 10, 0, 10, 11, 1, 6, 11, 11, 10, 0, 1, 3, 11, 11, 9, 1, 6, 11, 7, 3, 11, 2, 3, 1, 5, 2, 6, 3, 2, 2, 4, 3, 3, 2, 5, 3, 5, 2, 3, 2, 4, 2, 5] 
dagE22.txt 1_4x1.txt True 0.0 0.07 541.5 [1, 1, 1, 1, 1, 1, 1, 1, 1, 1, 1, 1, 1, 1, 1, 1, 1, 1, 1, 1, 1, 1, 1, 1, 1, 1, 1, 1, 1, 1, 1, 1, 1, 1, 1, 1, 1, 1, 1, 1, 1, 1, 1, 1, 1, 1, 1, 1, 1, 1, 1, 1, 1, 1, 1, 1, 1, 1, 1, 1, 1, 1, 1, 1, 1, 1, 1, 1, 1, 1] 
dagE22.txt 1_4x1.txt True 0.0 0.08 541.5 [1, 1, 1, 1, 1, 1, 1, 1, 1, 1, 1, 1, 1, 1, 1, 1, 1, 1, 1, 1, 1, 1, 1, 1, 1, 1, 1, 1, 1, 1, 1, 1, 1, 1, 1, 1, 1, 1, 1, 1, 1, 1, 1, 1, 1, 1, 1, 1, 1, 1, 1, 1, 1, 1, 1, 1, 1, 1, 1, 1, 1, 1, 1, 1, 1, 1, 1, 1, 1, 1] 
dagE22.txt 1_4x1.txt True 0.0 0.09 541.5 [1, 1, 1, 1, 1, 1, 1, 1, 1, 1, 1, 1, 1, 1, 1, 1, 1, 1, 1, 1, 1, 1, 1, 1, 1, 1, 1, 1, 1, 1, 1, 1, 1, 1, 1, 1, 1, 1, 1, 1, 1, 1, 1, 1, 1, 1, 1, 1, 1, 1, 1, 1, 1, 1, 1, 1, 1, 1, 1, 1, 1, 1, 1, 1, 1, 1, 1, 1, 1, 1] 
dagE22.txt 1_4x1.txt True 0.0 0.1 541.5 [1, 1, 1, 1, 1, 1, 1, 1, 1, 1, 1, 1, 1, 1, 1, 1, 1, 1, 1, 1, 1, 1, 1, 1, 1, 1, 1, 1, 1, 1, 1, 1, 1, 1, 1, 1, 1, 1, 1, 1, 1, 1, 1, 1, 1, 1, 1, 1, 1, 1, 1, 1, 1, 1, 1, 1, 1, 1, 1, 1, 1, 1, 1, 1, 1, 1, 1, 1, 1, 1] 
dagE22.txt 1_4x1.txt True 0.0 0.11 541.5 [1, 1, 1, 1, 1, 1, 1, 1, 1, 1, 1, 1, 1, 1, 1, 1, 1, 1, 1, 1, 1, 1, 1, 1, 1, 1, 1, 1, 1, 1, 1, 1, 1, 1, 1, 1, 1, 1, 1, 1, 1, 1, 1, 1, 1, 1, 1, 1, 1, 1, 1, 1, 1, 1, 1, 1, 1, 1, 1, 1, 1, 1, 1, 1, 1, 1, 1, 1, 1, 1] 
dagE22.txt 1_4x1.txt True 0.05 0.12 508.75 [1, 1, 1, 1, 1, 1, 1, 1, 1, 1, 1, 1, 1, 1, 1, 1, 1, 1, 1, 1, 1, 1, 1, 1, 1, 1, 1, 1, 1, 1, 1, 1, 1, 1, 1, 1, 1, 1, 1, 1, 1, 1, 1, 1, 1, 1, 1, 1, 1, 0, 1, 1, 1, 1, 1, 0, 1, 1, 1, 1, 1, 1, 1, 0, 0, 1, 0, 1, 1, 1] 
dagE22.txt 1_4x1.txt True 0.05 0.13 508.75 [1, 1, 1, 1, 1, 1, 1, 1, 1, 1, 1, 1, 1, 1, 1, 1, 1, 1, 1, 1, 1, 1, 1, 1, 1, 1, 1, 1, 1, 1, 1, 1, 1, 1, 1, 1, 1, 1, 1, 1, 1, 1, 1, 1, 1, 1, 1, 1, 1, 0, 1, 1, 1, 1, 1, 0, 1, 1, 1, 1, 1, 1, 1, 0, 0, 1, 0, 1, 1, 1] 
dagE22.txt 1_4x1.txt True 0.05 0.14 508.75 [1, 1, 1, 1, 1, 1, 1, 1, 1, 1, 1, 1, 1, 1, 1, 1, 1, 1, 1, 1, 1, 1, 1, 1, 1, 1, 1, 1, 1, 1, 1, 1, 1, 1, 1, 1, 1, 1, 1, 1, 1, 1, 1, 1, 1, 1, 1, 1, 1, 0, 1, 1, 1, 1, 1, 0, 1, 1, 1, 1, 1, 1, 1, 0, 0, 1, 0, 1, 1, 1] 
dagE22.txt 1_4x1.txt True 0.045 0.15 517.75 [1, 1, 1, 1, 1, 1, 1, 1, 1, 1, 1, 1, 1, 1, 1, 1, 1, 1, 1, 1, 1, 1, 1, 1, 1, 1, 1, 1, 1, 1, 1, 1, 1, 1, 1, 1, 1, 1, 1, 1, 1, 1, 1, 1, 1, 1, 1, 1, 1, 0, 1, 1, 1, 1, 1, 1, 1, 1, 1, 1, 1, 1, 1, 0, 0, 1, 1, 1, 1, 0] 
dagE22.txt 1_4x1.txt True 0.075 0.16 512.5 [1, 1, 1, 1, 1, 0, 1, 0, 1, 1, 1, 1, 1, 1, 1, 1, 1, 1, 1, 1, 1, 1, 1, 1, 1, 1, 1, 1, 1, 1, 1, 1, 1, 1, 1, 1, 1, 1, 1, 1, 1, 1, 1, 1, 1, 1, 1, 1, 1, 1, 1, 1, 1, 1, 1, 1, 1, 1, 1, 1, 1, 1, 0, 1, 1, 1, 1, 1, 0, 1] 
dagE22.txt 1_4x1.txt True 0.075 0.17 512.5 [1, 1, 1, 1, 1, 0, 1, 0, 1, 1, 1, 1, 1, 1, 1, 1, 1, 1, 1, 1, 1, 1, 1, 1, 1, 1, 1, 1, 1, 1, 1, 1, 1, 1, 1, 1, 1, 1, 1, 1, 1, 1, 1, 1, 1, 1, 1, 1, 1, 1, 1, 1, 1, 1, 1, 1, 1, 1, 1, 1, 1, 1, 0, 1, 1, 1, 1, 1, 0, 1] 
dagE22.txt 1_4x1.txt True 0.075 0.18 512.5 [1, 1, 1, 1, 1, 0, 1, 0, 1, 1, 1, 1, 1, 1, 1, 1, 1, 1, 1, 1, 1, 1, 1, 1, 1, 1, 1, 1, 1, 1, 1, 1, 1, 1, 1, 1, 1, 1, 1, 1, 1, 1, 1, 1, 1, 1, 1, 1, 1, 1, 1, 1, 1, 1, 1, 1, 1, 1, 1, 1, 1, 1, 0, 1, 1, 1, 1, 1, 0, 1] 
dagE22.txt 1_4x1.txt True 0.075 0.19 512.5 [1, 1, 1, 1, 1, 0, 1, 0, 1, 1, 1, 1, 1, 1, 1, 1, 1, 1, 1, 1, 1, 1, 1, 1, 1, 1, 1, 1, 1, 1, 1, 1, 1, 1, 1, 1, 1, 1, 1, 1, 1, 1, 1, 1, 1, 1, 1, 1, 1, 1, 1, 1, 1, 1, 1, 1, 1, 1, 1, 1, 1, 1, 0, 1, 1, 1, 1, 1, 0, 1] 
dagE22.txt 1_4x1.txt True 0.075 0.2 512.5 [1, 1, 1, 1, 1, 0, 1, 0, 1, 1, 1, 1, 1, 1, 1, 1, 1, 1, 1, 1, 1, 1, 1, 1, 1, 1, 1, 1, 1, 1, 1, 1, 1, 1, 1, 1, 1, 1, 1, 1, 1, 1, 1, 1, 1, 1, 1, 1, 1, 1, 1, 1, 1, 1, 1, 1, 1, 1, 1, 1, 1, 1, 0, 1, 1, 1, 1, 1, 0, 1] 
dagE22.txt 1_4x1.txt True 0.075 0.25 512.5 [1, 1, 1, 1, 1, 0, 1, 0, 1, 1, 1, 1, 1, 1, 1, 1, 1, 1, 1, 1, 1, 1, 1, 1, 1, 1, 1, 1, 1, 1, 1, 1, 1, 1, 1, 1, 1, 1, 1, 1, 1, 1, 1, 1, 1, 1, 1, 1, 1, 1, 1, 1, 1, 1, 1, 1, 1, 1, 1, 1, 1, 1, 0, 1, 1, 1, 1, 1, 0, 1] 
dagE22.txt 1_4x1.txt True 0.075 0.3 512.5 [1, 1, 1, 1, 1, 0, 1, 0, 1, 1, 1, 1, 1, 1, 1, 1, 1, 1, 1, 1, 1, 1, 1, 1, 1, 1, 1, 1, 1, 1, 1, 1, 1, 1, 1, 1, 1, 1, 1, 1, 1, 1, 1, 1, 1, 1, 1, 1, 1, 1, 1, 1, 1, 1, 1, 1, 1, 1, 1, 1, 1, 1, 0, 1, 1, 1, 1, 1, 0, 1] 
dagE22.txt 1_4x1.txt True 0.075 0.35 512.5 [1, 1, 1, 1, 1, 0, 1, 0, 1, 1, 1, 1, 1, 1, 1, 1, 1, 1, 1, 1, 1, 1, 1, 1, 1, 1, 1, 1, 1, 1, 1, 1, 1, 1, 1, 1, 1, 1, 1, 1, 1, 1, 1, 1, 1, 1, 1, 1, 1, 1, 1, 1, 1, 1, 1, 1, 1, 1, 1, 1, 1, 1, 0, 1, 1, 1, 1, 1, 0, 1] 
dagE22.txt 1_4x1.txt True 0.075 0.4 512.5 [1, 1, 1, 1, 1, 0, 1, 0, 1, 1, 1, 1, 1, 1, 1, 1, 1, 1, 1, 1, 1, 1, 1, 1, 1, 1, 1, 1, 1, 1, 1, 1, 1, 1, 1, 1, 1, 1, 1, 1, 1, 1, 1, 1, 1, 1, 1, 1, 1, 1, 1, 1, 1, 1, 1, 1, 1, 1, 1, 1, 1, 1, 0, 1, 1, 1, 1, 1, 0, 1] 
dagE22.txt 1_4x1.txt True 0.215 0.45 488.0 [1, 1, 1, 1, 1, 1, 1, 1, 1, 1, 1, 1, 1, 1, 1, 1, 1, 0, 0, 0, 1, 1, 1, 1, 0, 1, 1, 0, 1, 1, 1, 0, 0, 0, 0, 1, 1, 1, 1, 0, 0, 1, 1, 1, 1, 0, 1, 0, 1, 1, 0, 1, 1, 1, 1, 1, 0, 1, 1, 1, 1, 1, 1, 1, 1, 1, 1, 1, 1, 1] 
dagE22.txt 1_4x1.txt True 0.215 0.5 488.0 [1, 1, 1, 1, 1, 1, 1, 1, 1, 1, 1, 1, 1, 1, 1, 1, 1, 0, 0, 0, 1, 1, 1, 1, 0, 1, 1, 0, 1, 1, 1, 0, 0, 0, 0, 1, 1, 1, 1, 0, 0, 1, 1, 1, 1, 0, 1, 0, 1, 1, 0, 1, 1, 1, 1, 1, 0, 1, 1, 1, 1, 1, 1, 1, 1, 1, 1, 1, 1, 1] 
dagE22.txt 1_4x1.txt True 0.2 0.55 441.25 [0, 1, 1, 1, 1, 1, 1, 0, 1, 1, 1, 1, 1, 0, 0, 0, 1, 0, 1, 1, 1, 0, 1, 0, 1, 0, 1, 1, 1, 0, 1, 1, 1, 1, 1, 0, 1, 1, 1, 1, 1, 1, 1, 1, 1, 1, 1, 1, 1, 1, 1, 1, 1, 1, 0, 1, 1, 1, 1, 1, 1, 1, 1, 1, 1, 1, 1, 1, 1, 1] 
dagE22.txt 1_4x1.txt True 0.165 0.6 440.25 [1, 1, 1, 1, 1, 1, 1, 1, 1, 1, 1, 1, 1, 1, 1, 1, 1, 1, 1, 1, 1, 1, 1, 1, 1, 1, 1, 1, 1, 1, 1, 0, 1, 1, 1, 0, 1, 1, 1, 0, 1, 1, 1, 1, 1, 0, 0, 0, 0, 0, 0, 1, 0, 1, 0, 0, 0, 1, 1, 1, 1, 1, 1, 1, 0, 1, 0, 1, 1, 1] 
dagE22.txt 1_4x1.txt True 0.175 0.65 465.0 [0, 1, 1, 1, 1, 1, 0, 1, 1, 1, 1, 1, 1, 1, 0, 1, 1, 1, 1, 1, 1, 1, 1, 0, 1, 1, 1, 1, 0, 1, 1, 1, 1, 1, 1, 1, 1, 1, 1, 0, 1, 1, 1, 1, 1, 1, 1, 1, 0, 1, 1, 1, 0, 1, 1, 0, 1, 1, 1, 0, 1, 1, 1, 1, 1, 1, 0, 1, 1, 1] 
dagE22.txt 1_4x1.txt True 0.22 0.7 458.0 [1, 0, 1, 0, 0, 1, 1, 1, 1, 1, 1, 1, 1, 1, 1, 0, 1, 1, 1, 1, 0, 1, 1, 0, 1, 0, 1, 1, 0, 1, 1, 1, 1, 1, 1, 1, 0, 1, 1, 1, 1, 1, 1, 1, 1, 0, 1, 1, 1, 0, 1, 1, 1, 1, 1, 1, 1, 1, 1, 0, 1, 1, 1, 0, 1, 1, 1, 1, 1, 1] 
dagE22.txt 1_4x1.txt True 0.22 0.75 458.0 [1, 0, 1, 0, 0, 1, 1, 1, 1, 1, 1, 1, 1, 1, 1, 0, 1, 1, 1, 1, 0, 1, 1, 0, 1, 0, 1, 1, 0, 1, 1, 1, 1, 1, 1, 1, 0, 1, 1, 1, 1, 1, 1, 1, 1, 0, 1, 1, 1, 0, 1, 1, 1, 1, 1, 1, 1, 1, 1, 0, 1, 1, 1, 0, 1, 1, 1, 1, 1, 1] 
dagE22.txt 1_4x1.txt True 0.215 0.8 470.0 [1, 1, 1, 1, 0, 0, 1, 1, 1, 1, 1, 1, 1, 1, 1, 0, 0, 1, 1, 0, 1, 1, 0, 1, 0, 1, 0, 1, 1, 1, 1, 1, 0, 0, 1, 1, 1, 1, 0, 1, 0, 0, 0, 1, 1, 1, 1, 1, 1, 1, 1, 1, 1, 1, 1, 1, 1, 1, 1, 1, 1, 1, 1, 1, 1, 1, 1, 1, 1, 1] 
dagE22.txt 1_4x1.txt True 0.205 0.85 483.0 [1, 0, 1, 0, 1, 0, 0, 1, 0, 1, 0, 0, 1, 0, 1, 0, 1, 1, 1, 1, 0, 1, 1, 0, 1, 0, 1, 1, 0, 1, 1, 1, 1, 1, 1, 1, 1, 1, 1, 1, 0, 1, 1, 1, 1, 1, 1, 1, 1, 1, 1, 1, 1, 1, 1, 1, 1, 1, 1, 1, 1, 1, 1, 1, 1, 1, 1, 1, 1, 1] 
dagE22.txt 1_4x1.txt True 0.375 0.9 449.25 [0, 1, 1, 1, 1, 0, 1, 1, 1, 0, 1, 1, 1, 1, 0, 1, 1, 1, 1, 1, 1, 1, 1, 0, 1, 0, 0, 1, 1, 1, 1, 1, 1, 0, 1, 1, 1, 0, 0, 1, 1, 0, 1, 1, 1, 1, 1, 0, 0, 1, 1, 1, 1, 1, 1, 1, 1, 1, 0, 1, 1, 1, 1, 1, 1, 1, 1, 1, 1, 1] 
dagE22.txt 1_4x1.txt True 0.195 0.95 447.5 [1, 1, 1, 1, 1, 1, 1, 1, 1, 1, 1, 1, 1, 1, 1, 1, 1, 1, 1, 1, 1, 1, 1, 1, 1, 1, 1, 1, 0, 1, 1, 0, 1, 1, 1, 1, 1, 1, 1, 1, 1, 1, 1, 1, 1, 1, 1, 1, 0, 1, 0, 1, 0, 1, 1, 1, 0, 0, 0, 0, 1, 1, 0, 1, 0, 0, 1, 0, 1, 0] 
dagE22.txt 1_4x1.txt True 0.195 1 447.5 [1, 1, 1, 1, 1, 1, 1, 1, 1, 1, 1, 1, 1, 1, 1, 1, 1, 1, 1, 1, 1, 1, 1, 1, 1, 1, 1, 1, 0, 1, 1, 0, 1, 1, 1, 1, 1, 1, 1, 1, 1, 1, 1, 1, 1, 1, 1, 1, 0, 1, 0, 1, 0, 1, 1, 1, 0, 0, 0, 0, 1, 1, 0, 1, 0, 0, 1, 0, 1, 0] 
dagE22.txt 3_2x2.txt True 0.05 0.07 676.6666666666666 [0, 0, 0, 0, 0, 0, 0, 0, 0, 0, 0, 0, 0, 0, 0, 0, 0, 0, 0, 0, 0, 0, 0, 0, 0, 0, 0, 0, 0, 0, 0, 0, 0, 0, 0, 1, 0, 0, 0, 0, 0, 0, 0, 0, 0, 0, 0, 0, 0, 1, 0, 0, 0, 0, 1, 0, 0, 0, 0, 0, 0, 0, 0, 1, 0, 0, 0, 0, 0, 0] 
dagE22.txt 3_2x2.txt True 0.05 0.08 676.6666666666666 [0, 0, 0, 0, 0, 0, 0, 0, 0, 0, 0, 0, 0, 0, 0, 0, 0, 0, 0, 0, 0, 0, 0, 0, 0, 0, 0, 0, 0, 0, 0, 0, 0, 0, 0, 1, 0, 0, 0, 0, 0, 0, 0, 0, 0, 0, 0, 0, 0, 1, 0, 0, 0, 0, 1, 0, 0, 0, 0, 0, 0, 0, 0, 1, 0, 0, 0, 0, 0, 0] 
dagE22.txt 3_2x2.txt True 0.05 0.09 676.6666666666666 [0, 0, 0, 0, 0, 0, 0, 0, 0, 0, 0, 0, 0, 0, 0, 0, 0, 0, 0, 0, 0, 0, 0, 0, 0, 0, 0, 0, 0, 0, 0, 0, 0, 0, 0, 1, 0, 0, 0, 0, 0, 0, 0, 0, 0, 0, 0, 0, 0, 1, 0, 0, 0, 0, 1, 0, 0, 0, 0, 0, 0, 0, 0, 1, 0, 0, 0, 0, 0, 0] 
dagE22.txt 3_2x2.txt True 0.05 0.1 676.6666666666666 [0, 0, 0, 0, 0, 0, 0, 0, 0, 0, 0, 0, 0, 0, 0, 0, 0, 0, 0, 0, 0, 0, 0, 0, 0, 0, 0, 0, 0, 0, 0, 0, 0, 0, 0, 1, 0, 0, 0, 0, 0, 0, 0, 0, 0, 0, 0, 0, 0, 1, 0, 0, 0, 0, 1, 0, 0, 0, 0, 0, 0, 0, 0, 1, 0, 0, 0, 0, 0, 0] 
dagE22.txt 3_2x2.txt True 0.05 0.11 676.6666666666666 [0, 0, 0, 0, 0, 0, 0, 0, 0, 0, 0, 0, 0, 0, 0, 0, 0, 0, 0, 0, 0, 0, 0, 0, 0, 0, 0, 0, 0, 0, 0, 0, 0, 0, 0, 1, 0, 0, 0, 0, 0, 0, 0, 0, 0, 0, 0, 0, 0, 1, 0, 0, 0, 0, 1, 0, 0, 0, 0, 0, 0, 0, 0, 1, 0, 0, 0, 0, 0, 0] 
dagE22.txt 3_2x2.txt True 0.095 0.12 650.0 [0, 0, 0, 0, 0, 0, 0, 3, 0, 0, 0, 0, 0, 0, 0, 0, 0, 0, 0, 0, 0, 0, 0, 0, 0, 0, 0, 0, 0, 0, 0, 0, 0, 0, 0, 0, 0, 0, 0, 0, 0, 0, 0, 0, 0, 0, 0, 0, 0, 3, 0, 0, 0, 0, 0, 3, 0, 0, 0, 0, 0, 0, 0, 3, 3, 0, 3, 3, 0, 3] 
dagE22.txt 3_2x2.txt True 0.095 0.13 650.0 [0, 0, 0, 0, 0, 0, 0, 3, 0, 0, 0, 0, 0, 0, 0, 0, 0, 0, 0, 0, 0, 0, 0, 0, 0, 0, 0, 0, 0, 0, 0, 0, 0, 0, 0, 0, 0, 0, 0, 0, 0, 0, 0, 0, 0, 0, 0, 0, 0, 3, 0, 0, 0, 0, 0, 3, 0, 0, 0, 0, 0, 0, 0, 3, 3, 0, 3, 3, 0, 3] 
dagE22.txt 3_2x2.txt True 0.095 0.14 650.0 [0, 0, 0, 0, 0, 0, 0, 3, 0, 0, 0, 0, 0, 0, 0, 0, 0, 0, 0, 0, 0, 0, 0, 0, 0, 0, 0, 0, 0, 0, 0, 0, 0, 0, 0, 0, 0, 0, 0, 0, 0, 0, 0, 0, 0, 0, 0, 0, 0, 3, 0, 0, 0, 0, 0, 3, 0, 0, 0, 0, 0, 0, 0, 3, 3, 0, 3, 3, 0, 3] 
dagE22.txt 3_2x2.txt True 0.13 0.15 656.6666666666666 [2, 2, 2, 2, 2, 1, 2, 2, 1, 2, 2, 2, 2, 2, 2, 2, 2, 2, 2, 2, 2, 2, 2, 2, 2, 2, 2, 2, 2, 2, 2, 1, 2, 2, 2, 2, 2, 2, 2, 2, 2, 2, 2, 2, 2, 2, 2, 2, 2, 0, 2, 2, 2, 2, 2, 2, 2, 2, 2, 2, 2, 2, 2, 0, 0, 2, 2, 1, 2, 0] 
dagE22.txt 3_2x2.txt True 0.065 0.16 676.0 [0, 0, 0, 0, 0, 0, 0, 2, 0, 0, 0, 0, 0, 0, 0, 0, 0, 0, 0, 0, 0, 0, 0, 0, 0, 0, 0, 0, 0, 0, 0, 0, 0, 0, 0, 0, 0, 0, 0, 0, 0, 0, 0, 0, 0, 0, 0, 0, 0, 2, 0, 0, 0, 0, 0, 0, 0, 0, 0, 0, 0, 0, 0, 2, 2, 0, 0, 0, 0, 2] 
dagE22.txt 3_2x2.txt True 0.065 0.17 676.0 [0, 0, 0, 0, 0, 0, 0, 2, 0, 0, 0, 0, 0, 0, 0, 0, 0, 0, 0, 0, 0, 0, 0, 0, 0, 0, 0, 0, 0, 0, 0, 0, 0, 0, 0, 0, 0, 0, 0, 0, 0, 0, 0, 0, 0, 0, 0, 0, 0, 2, 0, 0, 0, 0, 0, 0, 0, 0, 0, 0, 0, 0, 0, 2, 2, 0, 0, 0, 0, 2] 
dagE22.txt 3_2x2.txt True 0.065 0.18 676.0 [0, 0, 0, 0, 0, 0, 0, 2, 0, 0, 0, 0, 0, 0, 0, 0, 0, 0, 0, 0, 0, 0, 0, 0, 0, 0, 0, 0, 0, 0, 0, 0, 0, 0, 0, 0, 0, 0, 0, 0, 0, 0, 0, 0, 0, 0, 0, 0, 0, 2, 0, 0, 0, 0, 0, 0, 0, 0, 0, 0, 0, 0, 0, 2, 2, 0, 0, 0, 0, 2] 
dagE22.txt 3_2x2.txt True 0.065 0.19 676.0 [0, 0, 0, 0, 0, 0, 0, 2, 0, 0, 0, 0, 0, 0, 0, 0, 0, 0, 0, 0, 0, 0, 0, 0, 0, 0, 0, 0, 0, 0, 0, 0, 0, 0, 0, 0, 0, 0, 0, 0, 0, 0, 0, 0, 0, 0, 0, 0, 0, 2, 0, 0, 0, 0, 0, 0, 0, 0, 0, 0, 0, 0, 0, 2, 2, 0, 0, 0, 0, 2] 
dagE22.txt 3_2x2.txt True 0.065 0.2 676.0 [0, 0, 0, 0, 0, 0, 0, 2, 0, 0, 0, 0, 0, 0, 0, 0, 0, 0, 0, 0, 0, 0, 0, 0, 0, 0, 0, 0, 0, 0, 0, 0, 0, 0, 0, 0, 0, 0, 0, 0, 0, 0, 0, 0, 0, 0, 0, 0, 0, 2, 0, 0, 0, 0, 0, 0, 0, 0, 0, 0, 0, 0, 0, 2, 2, 0, 0, 0, 0, 2] 
dagE22.txt 3_2x2.txt True 0.065 0.25 676.0 [0, 0, 0, 0, 0, 0, 0, 2, 0, 0, 0, 0, 0, 0, 0, 0, 0, 0, 0, 0, 0, 0, 0, 0, 0, 0, 0, 0, 0, 0, 0, 0, 0, 0, 0, 0, 0, 0, 0, 0, 0, 0, 0, 0, 0, 0, 0, 0, 0, 2, 0, 0, 0, 0, 0, 0, 0, 0, 0, 0, 0, 0, 0, 2, 2, 0, 0, 0, 0, 2] 
dagE22.txt 3_2x2.txt True 0.065 0.3 676.0 [0, 0, 0, 0, 0, 0, 0, 2, 0, 0, 0, 0, 0, 0, 0, 0, 0, 0, 0, 0, 0, 0, 0, 0, 0, 0, 0, 0, 0, 0, 0, 0, 0, 0, 0, 0, 0, 0, 0, 0, 0, 0, 0, 0, 0, 0, 0, 0, 0, 2, 0, 0, 0, 0, 0, 0, 0, 0, 0, 0, 0, 0, 0, 2, 2, 0, 0, 0, 0, 2] 
dagE22.txt 3_2x2.txt True 0.065 0.35 676.0 [0, 0, 0, 0, 0, 0, 0, 2, 0, 0, 0, 0, 0, 0, 0, 0, 0, 0, 0, 0, 0, 0, 0, 0, 0, 0, 0, 0, 0, 0, 0, 0, 0, 0, 0, 0, 0, 0, 0, 0, 0, 0, 0, 0, 0, 0, 0, 0, 0, 2, 0, 0, 0, 0, 0, 0, 0, 0, 0, 0, 0, 0, 0, 2, 2, 0, 0, 0, 0, 2] 
dagE22.txt 3_2x2.txt True 0.065 0.4 676.0 [0, 0, 0, 0, 0, 0, 0, 2, 0, 0, 0, 0, 0, 0, 0, 0, 0, 0, 0, 0, 0, 0, 0, 0, 0, 0, 0, 0, 0, 0, 0, 0, 0, 0, 0, 0, 0, 0, 0, 0, 0, 0, 0, 0, 0, 0, 0, 0, 0, 2, 0, 0, 0, 0, 0, 0, 0, 0, 0, 0, 0, 0, 0, 2, 2, 0, 0, 0, 0, 2] 
dagE22.txt 3_2x2.txt True 0.375 0.45 232.66666666666666 [1, 1, 1, 2, 2, 1, 2, 2, 2, 2, 2, 1, 2, 1, 2, 1, 1, 2, 2, 2, 1, 0, 0, 2, 2, 0, 1, 2, 3, 0, 0, 3, 2, 2, 2, 0, 0, 0, 0, 3, 2, 0, 0, 0, 0, 3, 0, 3, 3, 0, 3, 0, 3, 0, 0, 3, 1, 3, 0, 3, 3, 3, 0, 0, 3, 3, 3, 0, 3, 0] 
dagE22.txt 3_2x2.txt True 0.375 0.5 232.66666666666666 [1, 1, 1, 2, 2, 1, 2, 2, 2, 2, 2, 1, 2, 1, 2, 1, 1, 2, 2, 2, 1, 0, 0, 2, 2, 0, 1, 2, 3, 0, 0, 3, 2, 2, 2, 0, 0, 0, 0, 3, 2, 0, 0, 0, 0, 3, 0, 3, 3, 0, 3, 0, 3, 0, 0, 3, 1, 3, 0, 3, 3, 3, 0, 0, 3, 3, 3, 0, 3, 0] 
dagE22.txt 3_2x2.txt True 0.415 0.55 286.3333333333333 [1, 1, 0, 0, 0, 0, 0, 1, 0, 0, 0, 0, 0, 1, 1, 0, 0, 2, 2, 2, 1, 2, 2, 1, 3, 2, 0, 2, 1, 2, 2, 2, 2, 2, 3, 2, 2, 2, 2, 2, 2, 2, 2, 2, 3, 2, 0, 2, 3, 0, 2, 0, 3, 0, 2, 3, 2, 0, 0, 3, 0, 0, 0, 0, 0, 3, 3, 0, 0, 0] 
dagE22.txt 3_2x2.txt True 0.41 0.6 254.33333333333334 [2, 2, 2, 3, 3, 2, 2, 2, 3, 3, 2, 2, 3, 2, 2, 3, 0, 0, 2, 2, 3, 0, 0, 3, 2, 0, 2, 0, 3, 0, 0, 0, 2, 2, 2, 1, 0, 0, 0, 3, 2, 0, 0, 0, 0, 0, 1, 3, 1, 0, 3, 0, 1, 0, 1, 1, 3, 1, 0, 1, 1, 0, 1, 0, 1, 1, 1, 0, 1, 0] 
dagE22.txt 3_2x2.txt True 0.48 0.65 262.6666666666667 [0, 2, 2, 2, 1, 1, 0, 2, 2, 1, 2, 1, 2, 2, 0, 1, 1, 2, 0, 1, 2, 2, 3, 0, 0, 2, 1, 2, 1, 2, 0, 3, 0, 1, 0, 0, 0, 0, 0, 3, 0, 3, 0, 0, 0, 3, 0, 2, 2, 3, 3, 0, 3, 0, 0, 2, 3, 2, 3, 2, 2, 3, 2, 3, 2, 2, 2, 3, 2, 3] 
dagE22.txt 3_2x2.txt True 0.44 0.7 240.33333333333334 [0, 0, 0, 0, 1, 1, 0, 0, 0, 1, 0, 1, 0, 0, 0, 1, 1, 2, 2, 2, 0, 2, 1, 2, 1, 1, 1, 2, 0, 2, 2, 2, 1, 2, 2, 2, 2, 2, 2, 3, 2, 1, 2, 2, 3, 2, 0, 3, 3, 2, 3, 3, 3, 0, 2, 3, 3, 0, 0, 3, 3, 3, 0, 2, 3, 3, 3, 0, 3, 0] 
dagE22.txt 3_2x2.txt True 0.44 0.75 240.33333333333334 [0, 0, 0, 0, 1, 1, 0, 0, 0, 1, 0, 1, 0, 0, 0, 1, 1, 2, 2, 2, 0, 2, 1, 2, 1, 1, 1, 2, 0, 2, 2, 2, 1, 2, 2, 2, 2, 2, 2, 3, 2, 1, 2, 2, 3, 2, 0, 3, 3, 2, 3, 3, 3, 0, 2, 3, 3, 0, 0, 3, 3, 3, 0, 2, 3, 3, 3, 0, 3, 0] 
dagE22.txt 3_2x2.txt True 0.44 0.8 232.5 [0, 0, 0, 0, 1, 1, 0, 2, 0, 2, 0, 0, 2, 0, 0, 1, 1, 1, 0, 1, 0, 0, 1, 0, 0, 0, 1, 1, 0, 0, 2, 3, 0, 2, 1, 2, 2, 2, 1, 3, 2, 1, 1, 2, 2, 3, 2, 3, 3, 2, 0, 2, 3, 2, 2, 3, 3, 3, 2, 3, 3, 3, 1, 2, 3, 3, 3, 2, 1, 2] 
dagE22.txt 3_2x2.txt True 0.455 0.85 232.5 [0, 0, 0, 1, 1, 1, 0, 0, 0, 1, 0, 1, 0, 0, 0, 1, 1, 2, 1, 1, 0, 3, 3, 3, 3, 1, 1, 2, 0, 1, 2, 3, 1, 2, 3, 2, 2, 2, 3, 3, 0, 3, 3, 2, 2, 3, 0, 2, 3, 2, 2, 2, 2, 0, 2, 3, 3, 0, 0, 2, 2, 2, 0, 2, 3, 2, 3, 0, 2, 0] 
dagE22.txt 3_2x2.txt True 0.565 0.9 234.66666666666666 [3, 0, 3, 1, 0, 0, 3, 1, 3, 3, 1, 0, 1, 3, 3, 0, 0, 3, 0, 0, 1, 2, 2, 1, 2, 3, 0, 0, 3, 2, 2, 0, 0, 1, 0, 1, 0, 3, 3, 1, 0, 0, 0, 0, 2, 0, 2, 1, 1, 3, 1, 2, 2, 2, 0, 0, 1, 2, 2, 2, 2, 2, 2, 2, 1, 2, 0, 2, 2, 2] 
dagE22.txt 3_2x2.txt True 0.37 0.95 248.0 [2, 2, 2, 2, 2, 3, 2, 2, 2, 2, 2, 2, 2, 2, 2, 2, 3, 3, 3, 2, 2, 2, 3, 2, 0, 2, 3, 3, 0, 2, 0, 0, 3, 2, 3, 0, 0, 0, 3, 0, 3, 3, 3, 0, 0, 0, 1, 0, 0, 0, 0, 1, 1, 0, 0, 0, 0, 1, 1, 1, 1, 1, 1, 1, 0, 1, 0, 1, 1, 1] 
dagE22.txt 3_2x2.txt True 0.37 1 248.0 [2, 2, 2, 2, 2, 3, 2, 2, 2, 2, 2, 2, 2, 2, 2, 2, 3, 3, 3, 2, 2, 2, 3, 2, 0, 2, 3, 3, 0, 2, 0, 0, 3, 2, 3, 0, 0, 0, 3, 0, 3, 3, 3, 0, 0, 0, 1, 0, 0, 0, 0, 1, 1, 0, 0, 0, 0, 1, 1, 1, 1, 1, 1, 1, 0, 1, 0, 1, 1, 1] 
dagE22.txt 1_4x4.txt True 0.05 0.07 507.5 [1, 1, 1, 1, 1, 1, 1, 1, 1, 1, 1, 1, 1, 1, 1, 1, 1, 1, 1, 1, 1, 1, 1, 1, 1, 1, 1, 1, 1, 1, 1, 1, 1, 1, 1, 3, 1, 1, 1, 1, 1, 1, 1, 1, 1, 1, 1, 1, 1, 3, 1, 1, 1, 1, 3, 1, 1, 1, 1, 1, 1, 1, 1, 3, 1, 1, 1, 1, 1, 1] 
dagE22.txt 1_4x4.txt True 0.05 0.08 507.5 [1, 1, 1, 1, 1, 1, 1, 1, 1, 1, 1, 1, 1, 1, 1, 1, 1, 1, 1, 1, 1, 1, 1, 1, 1, 1, 1, 1, 1, 1, 1, 1, 1, 1, 1, 3, 1, 1, 1, 1, 1, 1, 1, 1, 1, 1, 1, 1, 1, 3, 1, 1, 1, 1, 3, 1, 1, 1, 1, 1, 1, 1, 1, 3, 1, 1, 1, 1, 1, 1] 
dagE22.txt 1_4x4.txt True 0.05 0.09 507.5 [1, 1, 1, 1, 1, 1, 1, 1, 1, 1, 1, 1, 1, 1, 1, 1, 1, 1, 1, 1, 1, 1, 1, 1, 1, 1, 1, 1, 1, 1, 1, 1, 1, 1, 1, 3, 1, 1, 1, 1, 1, 1, 1, 1, 1, 1, 1, 1, 1, 3, 1, 1, 1, 1, 3, 1, 1, 1, 1, 1, 1, 1, 1, 3, 1, 1, 1, 1, 1, 1] 
dagE22.txt 1_4x4.txt True 0.05 0.1 507.5 [1, 1, 1, 1, 1, 1, 1, 1, 1, 1, 1, 1, 1, 1, 1, 1, 1, 1, 1, 1, 1, 1, 1, 1, 1, 1, 1, 1, 1, 1, 1, 1, 1, 1, 1, 3, 1, 1, 1, 1, 1, 1, 1, 1, 1, 1, 1, 1, 1, 3, 1, 1, 1, 1, 3, 1, 1, 1, 1, 1, 1, 1, 1, 3, 1, 1, 1, 1, 1, 1] 
dagE22.txt 1_4x4.txt True 0.05 0.11 507.5 [1, 1, 1, 1, 1, 1, 1, 1, 1, 1, 1, 1, 1, 1, 1, 1, 1, 1, 1, 1, 1, 1, 1, 1, 1, 1, 1, 1, 1, 1, 1, 1, 1, 1, 1, 3, 1, 1, 1, 1, 1, 1, 1, 1, 1, 1, 1, 1, 1, 3, 1, 1, 1, 1, 3, 1, 1, 1, 1, 1, 1, 1, 1, 3, 1, 1, 1, 1, 1, 1] 
dagE22.txt 1_4x4.txt True 0.1 0.12 487.5 [1, 1, 1, 1, 1, 1, 1, 6, 1, 1, 1, 1, 1, 1, 1, 1, 1, 1, 1, 1, 1, 1, 1, 1, 1, 1, 1, 1, 1, 1, 1, 1, 1, 1, 1, 1, 1, 1, 1, 1, 1, 1, 1, 1, 1, 1, 1, 1, 1, 3, 1, 1, 1, 1, 1, 3, 1, 1, 1, 1, 1, 1, 1, 6, 3, 1, 3, 6, 1, 6] 
dagE22.txt 1_4x4.txt True 0.1 0.13 487.5 [1, 1, 1, 1, 1, 1, 1, 6, 1, 1, 1, 1, 1, 1, 1, 1, 1, 1, 1, 1, 1, 1, 1, 1, 1, 1, 1, 1, 1, 1, 1, 1, 1, 1, 1, 1, 1, 1, 1, 1, 1, 1, 1, 1, 1, 1, 1, 1, 1, 3, 1, 1, 1, 1, 1, 3, 1, 1, 1, 1, 1, 1, 1, 6, 3, 1, 3, 6, 1, 6] 
dagE22.txt 1_4x4.txt True 0.1 0.14 487.5 [1, 1, 1, 1, 1, 1, 1, 6, 1, 1, 1, 1, 1, 1, 1, 1, 1, 1, 1, 1, 1, 1, 1, 1, 1, 1, 1, 1, 1, 1, 1, 1, 1, 1, 1, 1, 1, 1, 1, 1, 1, 1, 1, 1, 1, 1, 1, 1, 1, 3, 1, 1, 1, 1, 1, 3, 1, 1, 1, 1, 1, 1, 1, 6, 3, 1, 3, 6, 1, 6] 
dagE22.txt 1_4x4.txt True 0.13 0.15 492.5 [1, 1, 1, 1, 1, 7, 1, 1, 6, 1, 1, 1, 1, 1, 1, 1, 1, 1, 1, 1, 1, 1, 1, 1, 1, 1, 1, 1, 1, 1, 1, 7, 1, 1, 1, 1, 1, 1, 1, 1, 1, 1, 1, 1, 1, 1, 1, 1, 1, 6, 1, 1, 1, 1, 1, 1, 1, 1, 1, 1, 1, 1, 1, 3, 6, 1, 1, 3, 1, 3] 
dagE22.txt 1_4x4.txt True 0.14 0.16 478.0 [3, 3, 3, 3, 3, 2, 3, 2, 3, 3, 3, 3, 3, 3, 3, 3, 3, 3, 3, 3, 3, 3, 3, 3, 3, 3, 3, 3, 3, 3, 3, 3, 3, 3, 3, 3, 3, 3, 3, 3, 2, 3, 3, 3, 3, 3, 3, 3, 3, 7, 3, 3, 3, 3, 3, 3, 3, 3, 3, 3, 3, 3, 1, 7, 7, 3, 3, 3, 1, 7] 
dagE22.txt 1_4x4.txt True 0.14 0.17 478.0 [3, 3, 3, 3, 3, 2, 3, 2, 3, 3, 3, 3, 3, 3, 3, 3, 3, 3, 3, 3, 3, 3, 3, 3, 3, 3, 3, 3, 3, 3, 3, 3, 3, 3, 3, 3, 3, 3, 3, 3, 2, 3, 3, 3, 3, 3, 3, 3, 3, 7, 3, 3, 3, 3, 3, 3, 3, 3, 3, 3, 3, 3, 1, 7, 7, 3, 3, 3, 1, 7] 
dagE22.txt 1_4x4.txt True 0.14 0.18 478.0 [3, 3, 3, 3, 3, 2, 3, 2, 3, 3, 3, 3, 3, 3, 3, 3, 3, 3, 3, 3, 3, 3, 3, 3, 3, 3, 3, 3, 3, 3, 3, 3, 3, 3, 3, 3, 3, 3, 3, 3, 2, 3, 3, 3, 3, 3, 3, 3, 3, 7, 3, 3, 3, 3, 3, 3, 3, 3, 3, 3, 3, 3, 1, 7, 7, 3, 3, 3, 1, 7] 
dagE22.txt 1_4x4.txt True 0.14 0.19 478.0 [3, 3, 3, 3, 3, 2, 3, 2, 3, 3, 3, 3, 3, 3, 3, 3, 3, 3, 3, 3, 3, 3, 3, 3, 3, 3, 3, 3, 3, 3, 3, 3, 3, 3, 3, 3, 3, 3, 3, 3, 2, 3, 3, 3, 3, 3, 3, 3, 3, 7, 3, 3, 3, 3, 3, 3, 3, 3, 3, 3, 3, 3, 1, 7, 7, 3, 3, 3, 1, 7] 
dagE22.txt 1_4x4.txt True 0.14 0.2 478.0 [3, 3, 3, 3, 3, 2, 3, 2, 3, 3, 3, 3, 3, 3, 3, 3, 3, 3, 3, 3, 3, 3, 3, 3, 3, 3, 3, 3, 3, 3, 3, 3, 3, 3, 3, 3, 3, 3, 3, 3, 2, 3, 3, 3, 3, 3, 3, 3, 3, 7, 3, 3, 3, 3, 3, 3, 3, 3, 3, 3, 3, 3, 1, 7, 7, 3, 3, 3, 1, 7] 
dagE22.txt 1_4x4.txt True 0.14 0.25 478.0 [3, 3, 3, 3, 3, 2, 3, 2, 3, 3, 3, 3, 3, 3, 3, 3, 3, 3, 3, 3, 3, 3, 3, 3, 3, 3, 3, 3, 3, 3, 3, 3, 3, 3, 3, 3, 3, 3, 3, 3, 2, 3, 3, 3, 3, 3, 3, 3, 3, 7, 3, 3, 3, 3, 3, 3, 3, 3, 3, 3, 3, 3, 1, 7, 7, 3, 3, 3, 1, 7] 
dagE22.txt 1_4x4.txt True 0.14 0.3 478.0 [3, 3, 3, 3, 3, 2, 3, 2, 3, 3, 3, 3, 3, 3, 3, 3, 3, 3, 3, 3, 3, 3, 3, 3, 3, 3, 3, 3, 3, 3, 3, 3, 3, 3, 3, 3, 3, 3, 3, 3, 2, 3, 3, 3, 3, 3, 3, 3, 3, 7, 3, 3, 3, 3, 3, 3, 3, 3, 3, 3, 3, 3, 1, 7, 7, 3, 3, 3, 1, 7] 
dagE22.txt 1_4x4.txt True 0.14 0.35 478.0 [3, 3, 3, 3, 3, 2, 3, 2, 3, 3, 3, 3, 3, 3, 3, 3, 3, 3, 3, 3, 3, 3, 3, 3, 3, 3, 3, 3, 3, 3, 3, 3, 3, 3, 3, 3, 3, 3, 3, 3, 2, 3, 3, 3, 3, 3, 3, 3, 3, 7, 3, 3, 3, 3, 3, 3, 3, 3, 3, 3, 3, 3, 1, 7, 7, 3, 3, 3, 1, 7] 
dagE22.txt 1_4x4.txt True 0.14 0.4 478.0 [3, 3, 3, 3, 3, 2, 3, 2, 3, 3, 3, 3, 3, 3, 3, 3, 3, 3, 3, 3, 3, 3, 3, 3, 3, 3, 3, 3, 3, 3, 3, 3, 3, 3, 3, 3, 3, 3, 3, 3, 2, 3, 3, 3, 3, 3, 3, 3, 3, 7, 3, 3, 3, 3, 3, 3, 3, 3, 3, 3, 3, 3, 1, 7, 7, 3, 3, 3, 1, 7] 
dagE22.txt 1_4x4.txt True 0.4 0.45 175.25 [1, 1, 1, 5, 5, 1, 5, 5, 5, 5, 5, 1, 5, 1, 5, 5, 1, 5, 5, 5, 1, 3, 3, 5, 5, 3, 1, 5, 2, 3, 3, 1, 5, 5, 5, 3, 3, 3, 3, 1, 5, 3, 3, 3, 3, 2, 3, 1, 7, 3, 1, 3, 7, 3, 3, 7, 2, 7, 3, 7, 7, 7, 3, 3, 7, 7, 7, 3, 7, 3] 
dagE22.txt 1_4x4.txt True 0.4 0.5 175.25 [1, 1, 1, 5, 5, 1, 5, 5, 5, 5, 5, 1, 5, 1, 5, 5, 1, 5, 5, 5, 1, 3, 3, 5, 5, 3, 1, 5, 2, 3, 3, 1, 5, 5, 5, 3, 3, 3, 3, 1, 5, 3, 3, 3, 3, 2, 3, 1, 7, 3, 1, 3, 7, 3, 3, 7, 2, 7, 3, 7, 7, 7, 3, 3, 7, 7, 7, 3, 7, 3] 
dagE22.txt 1_4x4.txt True 0.425 0.55 154.25 [1, 1, 3, 1, 3, 3, 1, 1, 1, 1, 1, 3, 1, 1, 1, 1, 3, 7, 7, 5, 1, 7, 5, 1, 7, 7, 3, 7, 1, 7, 5, 5, 7, 5, 7, 7, 5, 5, 5, 5, 7, 5, 5, 5, 7, 5, 3, 5, 7, 3, 5, 3, 7, 3, 7, 7, 5, 3, 3, 7, 3, 3, 3, 3, 3, 7, 7, 3, 3, 3] 
dagE22.txt 1_4x4.txt True 0.48 0.6 174.25 [0, 3, 3, 1, 5, 5, 2, 3, 1, 5, 3, 5, 1, 3, 6, 5, 6, 5, 5, 5, 1, 5, 5, 1, 5, 5, 5, 5, 0, 5, 7, 1, 5, 5, 5, 2, 7, 7, 5, 1, 5, 5, 5, 7, 7, 3, 3, 1, 1, 4, 1, 7, 1, 7, 2, 1, 1, 3, 7, 3, 3, 7, 3, 7, 1, 3, 1, 7, 3, 7] 
dagE22.txt 1_4x4.txt True 0.485 0.65 161.5 [5, 3, 3, 3, 5, 1, 5, 3, 3, 5, 3, 5, 3, 3, 5, 5, 3, 5, 3, 5, 3, 5, 1, 5, 3, 5, 5, 5, 6, 5, 7, 7, 3, 5, 3, 7, 7, 7, 3, 4, 3, 3, 3, 7, 7, 7, 7, 1, 1, 7, 7, 7, 4, 7, 7, 1, 4, 1, 7, 6, 1, 4, 1, 7, 1, 1, 6, 7, 1, 7] 
dagE22.txt 1_4x4.txt True 0.565 0.7 150.0 [1, 0, 1, 3, 0, 3, 7, 7, 7, 7, 7, 7, 7, 1, 7, 7, 3, 5, 5, 5, 1, 5, 3, 5, 5, 3, 3, 5, 4, 5, 2, 7, 5, 5, 5, 4, 5, 2, 5, 1, 5, 3, 5, 2, 3, 7, 3, 1, 1, 5, 1, 1, 1, 3, 2, 1, 6, 3, 3, 6, 1, 1, 3, 6, 1, 1, 1, 3, 1, 3] 
dagE22.txt 1_4x4.txt True 0.565 0.75 150.0 [1, 0, 1, 3, 0, 3, 7, 7, 7, 7, 7, 7, 7, 1, 7, 7, 3, 5, 5, 5, 1, 5, 3, 5, 5, 3, 3, 5, 4, 5, 2, 7, 5, 5, 5, 4, 5, 2, 5, 1, 5, 3, 5, 2, 3, 7, 3, 1, 1, 5, 1, 1, 1, 3, 2, 1, 6, 3, 3, 6, 1, 1, 3, 6, 1, 1, 1, 3, 1, 3] 
dagE22.txt 1_4x4.txt True 0.645 0.8 127.0 [1, 5, 3, 7, 7, 1, 1, 7, 1, 7, 7, 5, 7, 1, 1, 7, 1, 7, 5, 1, 3, 5, 1, 1, 1, 5, 1, 7, 3, 5, 4, 2, 1, 3, 7, 4, 6, 4, 5, 2, 3, 5, 1, 6, 3, 2, 4, 7, 0, 3, 3, 3, 5, 3, 6, 7, 2, 0, 3, 7, 5, 5, 5, 3, 7, 5, 7, 3, 5, 3] 
dagE22.txt 1_4x4.txt True 0.68 0.85 128.5 [3, 7, 3, 6, 3, 4, 6, 1, 3, 3, 6, 7, 1, 7, 3, 3, 7, 3, 2, 3, 7, 5, 5, 2, 5, 1, 1, 3, 5, 1, 5, 1, 1, 1, 1, 7, 5, 1, 5, 5, 2, 5, 1, 5, 5, 0, 7, 1, 5, 0, 1, 5, 3, 7, 7, 1, 4, 7, 7, 5, 3, 3, 7, 5, 0, 3, 1, 7, 3, 7] 
dagE22.txt 1_4x4.txt True 0.735 0.9 132.25 [3, 6, 3, 7, 1, 6, 1, 3, 7, 2, 3, 3, 5, 3, 4, 1, 3, 2, 1, 3, 5, 7, 7, 6, 3, 7, 1, 0, 3, 7, 5, 5, 1, 1, 3, 1, 3, 4, 5, 7, 3, 5, 4, 3, 5, 5, 1, 7, 2, 3, 0, 5, 5, 7, 5, 1, 1, 5, 7, 0, 7, 7, 7, 1, 1, 5, 1, 5, 5, 1] 
dagE22.txt 1_4x4.txt True 0.73 0.95 126.25 [5, 1, 5, 3, 7, 3, 7, 5, 5, 4, 5, 3, 5, 5, 7, 4, 7, 5, 3, 5, 3, 7, 1, 3, 7, 3, 7, 1, 1, 7, 5, 2, 1, 5, 3, 5, 7, 3, 1, 1, 7, 1, 3, 3, 5, 7, 2, 1, 3, 3, 6, 2, 6, 3, 4, 1, 0, 0, 3, 1, 5, 7, 7, 0, 1, 1, 1, 6, 5, 1] 
dagE22.txt 1_4x4.txt True 0.73 1 126.25 [5, 1, 5, 3, 7, 3, 7, 5, 5, 4, 5, 3, 5, 5, 7, 4, 7, 5, 3, 5, 3, 7, 1, 3, 7, 3, 7, 1, 1, 7, 5, 2, 1, 5, 3, 5, 7, 3, 1, 1, 7, 1, 3, 3, 5, 7, 2, 1, 3, 3, 6, 2, 6, 3, 4, 1, 0, 0, 3, 1, 5, 7, 7, 0, 1, 1, 1, 6, 5, 1] 
dagE22.txt 1_4x2.txt True 0.05 0.07 507.5 [3, 3, 3, 3, 3, 3, 3, 3, 3, 3, 3, 3, 3, 3, 3, 3, 3, 3, 3, 3, 3, 3, 3, 3, 3, 3, 3, 3, 3, 3, 3, 3, 3, 3, 3, 1, 3, 3, 3, 3, 3, 3, 3, 3, 3, 3, 3, 3, 3, 1, 3, 3, 3, 3, 1, 3, 3, 3, 3, 3, 3, 3, 3, 1, 3, 3, 3, 3, 3, 3] 
dagE22.txt 1_4x2.txt True 0.05 0.08 507.5 [3, 3, 3, 3, 3, 3, 3, 3, 3, 3, 3, 3, 3, 3, 3, 3, 3, 3, 3, 3, 3, 3, 3, 3, 3, 3, 3, 3, 3, 3, 3, 3, 3, 3, 3, 1, 3, 3, 3, 3, 3, 3, 3, 3, 3, 3, 3, 3, 3, 1, 3, 3, 3, 3, 1, 3, 3, 3, 3, 3, 3, 3, 3, 1, 3, 3, 3, 3, 3, 3] 
dagE22.txt 1_4x2.txt True 0.05 0.09 507.5 [3, 3, 3, 3, 3, 3, 3, 3, 3, 3, 3, 3, 3, 3, 3, 3, 3, 3, 3, 3, 3, 3, 3, 3, 3, 3, 3, 3, 3, 3, 3, 3, 3, 3, 3, 1, 3, 3, 3, 3, 3, 3, 3, 3, 3, 3, 3, 3, 3, 1, 3, 3, 3, 3, 1, 3, 3, 3, 3, 3, 3, 3, 3, 1, 3, 3, 3, 3, 3, 3] 
dagE22.txt 1_4x2.txt True 0.05 0.1 507.5 [3, 3, 3, 3, 3, 3, 3, 3, 3, 3, 3, 3, 3, 3, 3, 3, 3, 3, 3, 3, 3, 3, 3, 3, 3, 3, 3, 3, 3, 3, 3, 3, 3, 3, 3, 1, 3, 3, 3, 3, 3, 3, 3, 3, 3, 3, 3, 3, 3, 1, 3, 3, 3, 3, 1, 3, 3, 3, 3, 3, 3, 3, 3, 1, 3, 3, 3, 3, 3, 3] 
dagE22.txt 1_4x2.txt True 0.05 0.11 507.5 [3, 3, 3, 3, 3, 3, 3, 3, 3, 3, 3, 3, 3, 3, 3, 3, 3, 3, 3, 3, 3, 3, 3, 3, 3, 3, 3, 3, 3, 3, 3, 3, 3, 3, 3, 1, 3, 3, 3, 3, 3, 3, 3, 3, 3, 3, 3, 3, 3, 1, 3, 3, 3, 3, 1, 3, 3, 3, 3, 3, 3, 3, 3, 1, 3, 3, 3, 3, 3, 3] 
dagE22.txt 1_4x2.txt True 0.095 0.12 487.5 [1, 1, 1, 1, 1, 1, 1, 3, 1, 1, 1, 1, 1, 1, 1, 1, 1, 1, 1, 1, 1, 1, 1, 1, 1, 1, 1, 1, 1, 1, 1, 1, 1, 1, 1, 1, 1, 1, 1, 1, 1, 1, 1, 1, 1, 1, 1, 1, 1, 3, 1, 1, 1, 1, 1, 3, 1, 1, 1, 1, 1, 1, 1, 3, 3, 1, 3, 3, 1, 3] 
dagE22.txt 1_4x2.txt True 0.095 0.13 487.5 [1, 1, 1, 1, 1, 1, 1, 3, 1, 1, 1, 1, 1, 1, 1, 1, 1, 1, 1, 1, 1, 1, 1, 1, 1, 1, 1, 1, 1, 1, 1, 1, 1, 1, 1, 1, 1, 1, 1, 1, 1, 1, 1, 1, 1, 1, 1, 1, 1, 3, 1, 1, 1, 1, 1, 3, 1, 1, 1, 1, 1, 1, 1, 3, 3, 1, 3, 3, 1, 3] 
dagE22.txt 1_4x2.txt True 0.095 0.14 487.5 [1, 1, 1, 1, 1, 1, 1, 3, 1, 1, 1, 1, 1, 1, 1, 1, 1, 1, 1, 1, 1, 1, 1, 1, 1, 1, 1, 1, 1, 1, 1, 1, 1, 1, 1, 1, 1, 1, 1, 1, 1, 1, 1, 1, 1, 1, 1, 1, 1, 3, 1, 1, 1, 1, 1, 3, 1, 1, 1, 1, 1, 1, 1, 3, 3, 1, 3, 3, 1, 3] 
dagE22.txt 1_4x2.txt True 0.13 0.15 492.5 [3, 3, 3, 3, 3, 1, 3, 3, 1, 3, 3, 3, 3, 3, 3, 3, 3, 3, 3, 3, 3, 3, 3, 3, 3, 3, 3, 3, 3, 3, 3, 1, 3, 3, 3, 3, 3, 3, 3, 3, 3, 3, 3, 3, 3, 3, 3, 3, 3, 0, 3, 3, 3, 3, 3, 3, 3, 3, 3, 3, 3, 3, 3, 0, 0, 3, 3, 1, 3, 0] 
dagE22.txt 1_4x2.txt True 0.14 0.16 478.0 [1, 1, 1, 1, 1, 0, 1, 2, 1, 1, 1, 1, 1, 1, 1, 1, 1, 1, 1, 1, 1, 1, 1, 1, 1, 1, 1, 1, 1, 1, 1, 1, 1, 1, 1, 1, 1, 1, 1, 1, 0, 1, 1, 1, 1, 1, 1, 1, 1, 2, 1, 1, 1, 1, 1, 1, 1, 1, 1, 1, 1, 1, 0, 2, 2, 1, 1, 1, 0, 2] 
dagE22.txt 1_4x2.txt True 0.14 0.17 478.0 [1, 1, 1, 1, 1, 0, 1, 2, 1, 1, 1, 1, 1, 1, 1, 1, 1, 1, 1, 1, 1, 1, 1, 1, 1, 1, 1, 1, 1, 1, 1, 1, 1, 1, 1, 1, 1, 1, 1, 1, 0, 1, 1, 1, 1, 1, 1, 1, 1, 2, 1, 1, 1, 1, 1, 1, 1, 1, 1, 1, 1, 1, 0, 2, 2, 1, 1, 1, 0, 2] 
dagE22.txt 1_4x2.txt True 0.14 0.18 478.0 [1, 1, 1, 1, 1, 0, 1, 2, 1, 1, 1, 1, 1, 1, 1, 1, 1, 1, 1, 1, 1, 1, 1, 1, 1, 1, 1, 1, 1, 1, 1, 1, 1, 1, 1, 1, 1, 1, 1, 1, 0, 1, 1, 1, 1, 1, 1, 1, 1, 2, 1, 1, 1, 1, 1, 1, 1, 1, 1, 1, 1, 1, 0, 2, 2, 1, 1, 1, 0, 2] 
dagE22.txt 1_4x2.txt True 0.14 0.19 478.0 [1, 1, 1, 1, 1, 0, 1, 2, 1, 1, 1, 1, 1, 1, 1, 1, 1, 1, 1, 1, 1, 1, 1, 1, 1, 1, 1, 1, 1, 1, 1, 1, 1, 1, 1, 1, 1, 1, 1, 1, 0, 1, 1, 1, 1, 1, 1, 1, 1, 2, 1, 1, 1, 1, 1, 1, 1, 1, 1, 1, 1, 1, 0, 2, 2, 1, 1, 1, 0, 2] 
dagE22.txt 1_4x2.txt True 0.14 0.2 478.0 [1, 1, 1, 1, 1, 0, 1, 2, 1, 1, 1, 1, 1, 1, 1, 1, 1, 1, 1, 1, 1, 1, 1, 1, 1, 1, 1, 1, 1, 1, 1, 1, 1, 1, 1, 1, 1, 1, 1, 1, 0, 1, 1, 1, 1, 1, 1, 1, 1, 2, 1, 1, 1, 1, 1, 1, 1, 1, 1, 1, 1, 1, 0, 2, 2, 1, 1, 1, 0, 2] 
dagE22.txt 1_4x2.txt True 0.14 0.25 478.0 [1, 1, 1, 1, 1, 0, 1, 2, 1, 1, 1, 1, 1, 1, 1, 1, 1, 1, 1, 1, 1, 1, 1, 1, 1, 1, 1, 1, 1, 1, 1, 1, 1, 1, 1, 1, 1, 1, 1, 1, 0, 1, 1, 1, 1, 1, 1, 1, 1, 2, 1, 1, 1, 1, 1, 1, 1, 1, 1, 1, 1, 1, 0, 2, 2, 1, 1, 1, 0, 2] 
dagE22.txt 1_4x2.txt True 0.14 0.3 478.0 [1, 1, 1, 1, 1, 0, 1, 2, 1, 1, 1, 1, 1, 1, 1, 1, 1, 1, 1, 1, 1, 1, 1, 1, 1, 1, 1, 1, 1, 1, 1, 1, 1, 1, 1, 1, 1, 1, 1, 1, 0, 1, 1, 1, 1, 1, 1, 1, 1, 2, 1, 1, 1, 1, 1, 1, 1, 1, 1, 1, 1, 1, 0, 2, 2, 1, 1, 1, 0, 2] 
dagE22.txt 1_4x2.txt True 0.14 0.35 478.0 [1, 1, 1, 1, 1, 0, 1, 2, 1, 1, 1, 1, 1, 1, 1, 1, 1, 1, 1, 1, 1, 1, 1, 1, 1, 1, 1, 1, 1, 1, 1, 1, 1, 1, 1, 1, 1, 1, 1, 1, 0, 1, 1, 1, 1, 1, 1, 1, 1, 2, 1, 1, 1, 1, 1, 1, 1, 1, 1, 1, 1, 1, 0, 2, 2, 1, 1, 1, 0, 2] 
dagE22.txt 1_4x2.txt True 0.14 0.4 478.0 [1, 1, 1, 1, 1, 0, 1, 2, 1, 1, 1, 1, 1, 1, 1, 1, 1, 1, 1, 1, 1, 1, 1, 1, 1, 1, 1, 1, 1, 1, 1, 1, 1, 1, 1, 1, 1, 1, 1, 1, 0, 1, 1, 1, 1, 1, 1, 1, 1, 2, 1, 1, 1, 1, 1, 1, 1, 1, 1, 1, 1, 1, 0, 2, 2, 1, 1, 1, 0, 2] 
dagE22.txt 1_4x2.txt True 0.24 0.45 297.25 [1, 1, 1, 1, 2, 1, 1, 1, 1, 1, 1, 1, 1, 1, 1, 1, 1, 3, 3, 3, 1, 3, 3, 1, 3, 3, 1, 3, 3, 3, 3, 3, 3, 3, 3, 3, 3, 3, 3, 3, 3, 3, 3, 3, 3, 3, 3, 3, 1, 3, 3, 3, 1, 3, 3, 1, 1, 1, 3, 1, 1, 1, 3, 3, 1, 1, 1, 3, 1, 3] 
dagE22.txt 1_4x2.txt True 0.24 0.5 297.25 [1, 1, 1, 1, 2, 1, 1, 1, 1, 1, 1, 1, 1, 1, 1, 1, 1, 3, 3, 3, 1, 3, 3, 1, 3, 3, 1, 3, 3, 3, 3, 3, 3, 3, 3, 3, 3, 3, 3, 3, 3, 3, 3, 3, 3, 3, 3, 3, 1, 3, 3, 3, 1, 3, 3, 1, 1, 1, 3, 1, 1, 1, 3, 3, 1, 1, 1, 3, 1, 3] 
dagE22.txt 1_4x2.txt True 0.325 0.55 289.5 [1, 1, 1, 0, 1, 1, 0, 1, 0, 0, 0, 1, 0, 1, 1, 0, 1, 1, 2, 1, 1, 1, 1, 1, 3, 1, 1, 2, 1, 1, 1, 1, 2, 1, 3, 1, 1, 1, 1, 1, 2, 1, 1, 1, 3, 1, 3, 1, 3, 3, 1, 3, 3, 3, 1, 3, 1, 3, 3, 3, 3, 3, 3, 3, 3, 3, 3, 3, 3, 3] 
dagE22.txt 1_4x2.txt True 0.41 0.6 254.0 [2, 2, 2, 3, 3, 1, 2, 2, 3, 3, 2, 1, 3, 2, 2, 3, 0, 1, 1, 1, 3, 1, 1, 3, 1, 1, 1, 1, 3, 1, 3, 0, 1, 1, 1, 1, 3, 3, 1, 3, 1, 1, 1, 3, 3, 0, 1, 3, 1, 0, 3, 3, 1, 3, 1, 1, 3, 1, 3, 1, 1, 3, 1, 3, 1, 1, 1, 3, 1, 3] 
dagE22.txt 1_4x2.txt True 0.395 0.65 278.25 [0, 1, 1, 1, 1, 1, 0, 1, 1, 1, 1, 1, 1, 1, 0, 1, 1, 1, 1, 1, 1, 1, 3, 0, 1, 1, 1, 1, 1, 1, 3, 3, 1, 1, 0, 3, 3, 3, 0, 3, 1, 3, 0, 3, 3, 3, 3, 2, 2, 3, 3, 3, 3, 3, 3, 2, 3, 1, 3, 2, 1, 3, 1, 3, 2, 1, 2, 3, 1, 3] 
dagE22.txt 1_4x2.txt True 0.335 0.7 262.0 [0, 0, 0, 0, 1, 1, 1, 1, 1, 1, 1, 1, 1, 0, 1, 1, 1, 1, 1, 1, 0, 1, 1, 2, 1, 1, 1, 1, 0, 1, 1, 2, 1, 1, 1, 2, 2, 1, 1, 3, 1, 1, 1, 1, 3, 2, 3, 3, 3, 2, 3, 3, 3, 3, 2, 3, 3, 3, 3, 3, 3, 3, 3, 2, 3, 3, 3, 3, 3, 3] 
dagE22.txt 1_4x2.txt True 0.335 0.75 262.0 [0, 0, 0, 0, 1, 1, 1, 1, 1, 1, 1, 1, 1, 0, 1, 1, 1, 1, 1, 1, 0, 1, 1, 2, 1, 1, 1, 1, 0, 1, 1, 2, 1, 1, 1, 2, 2, 1, 1, 3, 1, 1, 1, 1, 3, 2, 3, 3, 3, 2, 3, 3, 3, 3, 2, 3, 3, 3, 3, 3, 3, 3, 3, 2, 3, 3, 3, 3, 3, 3] 
dagE22.txt 1_4x2.txt True 0.495 0.8 255.0 [3, 3, 0, 1, 1, 1, 1, 3, 1, 3, 1, 3, 3, 3, 1, 1, 1, 1, 3, 1, 0, 3, 1, 1, 0, 3, 1, 1, 0, 3, 2, 3, 0, 1, 1, 2, 2, 2, 1, 3, 1, 1, 1, 2, 1, 3, 2, 3, 3, 3, 0, 1, 3, 1, 2, 3, 3, 3, 1, 3, 3, 3, 1, 3, 3, 3, 3, 1, 1, 1] 
dagE22.txt 1_4x2.txt True 0.44 0.85 255.0 [1, 0, 3, 1, 1, 1, 0, 1, 0, 1, 0, 1, 1, 0, 1, 1, 1, 1, 1, 1, 0, 3, 3, 3, 3, 1, 1, 1, 0, 1, 1, 3, 1, 1, 3, 2, 2, 2, 3, 3, 3, 3, 3, 2, 1, 3, 3, 1, 3, 2, 1, 1, 3, 3, 2, 3, 3, 3, 3, 1, 3, 3, 3, 2, 3, 3, 3, 3, 3, 3] 
dagE22.txt 1_4x2.txt True 0.545 0.9 221.75 [3, 0, 3, 1, 1, 0, 3, 1, 3, 3, 1, 3, 1, 3, 3, 1, 0, 3, 1, 3, 1, 3, 3, 1, 2, 3, 0, 0, 3, 3, 3, 3, 1, 1, 3, 1, 1, 3, 3, 1, 3, 0, 0, 1, 3, 3, 1, 1, 1, 3, 1, 3, 1, 3, 1, 1, 1, 1, 2, 2, 3, 3, 2, 2, 1, 1, 1, 2, 1, 2] 
dagE22.txt 1_4x2.txt True 0.445 0.95 228.75 [2, 1, 1, 3, 1, 3, 2, 2, 3, 2, 2, 3, 3, 3, 2, 2, 3, 3, 3, 3, 1, 3, 3, 1, 1, 3, 3, 3, 0, 3, 3, 0, 3, 3, 3, 1, 3, 0, 3, 1, 3, 3, 3, 1, 3, 3, 1, 1, 0, 1, 0, 1, 1, 1, 1, 1, 0, 1, 1, 1, 1, 1, 1, 1, 0, 1, 1, 1, 1, 1] 
dagE22.txt 1_4x2.txt True 0.445 1 228.75 [2, 1, 1, 3, 1, 3, 2, 2, 3, 2, 2, 3, 3, 3, 2, 2, 3, 3, 3, 3, 1, 3, 3, 1, 1, 3, 3, 3, 0, 3, 3, 0, 3, 3, 3, 1, 3, 0, 3, 1, 3, 3, 3, 1, 3, 3, 1, 1, 0, 1, 0, 1, 1, 1, 1, 1, 0, 1, 1, 1, 1, 1, 1, 1, 0, 1, 1, 1, 1, 1] 
dagE22.txt 1_4x3.txt True 0.05 0.07 507.5 [1, 1, 1, 1, 1, 1, 1, 1, 1, 1, 1, 1, 1, 1, 1, 1, 1, 1, 1, 1, 1, 1, 1, 1, 1, 1, 1, 1, 1, 1, 1, 1, 1, 1, 1, 2, 1, 1, 1, 1, 1, 1, 1, 1, 1, 1, 1, 1, 1, 2, 1, 1, 1, 1, 2, 1, 1, 1, 1, 1, 1, 1, 1, 2, 1, 1, 1, 1, 1, 1] 
dagE22.txt 1_4x3.txt True 0.05 0.08 507.5 [1, 1, 1, 1, 1, 1, 1, 1, 1, 1, 1, 1, 1, 1, 1, 1, 1, 1, 1, 1, 1, 1, 1, 1, 1, 1, 1, 1, 1, 1, 1, 1, 1, 1, 1, 2, 1, 1, 1, 1, 1, 1, 1, 1, 1, 1, 1, 1, 1, 2, 1, 1, 1, 1, 2, 1, 1, 1, 1, 1, 1, 1, 1, 2, 1, 1, 1, 1, 1, 1] 
dagE22.txt 1_4x3.txt True 0.05 0.09 507.5 [1, 1, 1, 1, 1, 1, 1, 1, 1, 1, 1, 1, 1, 1, 1, 1, 1, 1, 1, 1, 1, 1, 1, 1, 1, 1, 1, 1, 1, 1, 1, 1, 1, 1, 1, 2, 1, 1, 1, 1, 1, 1, 1, 1, 1, 1, 1, 1, 1, 2, 1, 1, 1, 1, 2, 1, 1, 1, 1, 1, 1, 1, 1, 2, 1, 1, 1, 1, 1, 1] 
dagE22.txt 1_4x3.txt True 0.05 0.1 507.5 [1, 1, 1, 1, 1, 1, 1, 1, 1, 1, 1, 1, 1, 1, 1, 1, 1, 1, 1, 1, 1, 1, 1, 1, 1, 1, 1, 1, 1, 1, 1, 1, 1, 1, 1, 2, 1, 1, 1, 1, 1, 1, 1, 1, 1, 1, 1, 1, 1, 2, 1, 1, 1, 1, 2, 1, 1, 1, 1, 1, 1, 1, 1, 2, 1, 1, 1, 1, 1, 1] 
dagE22.txt 1_4x3.txt True 0.05 0.11 507.5 [1, 1, 1, 1, 1, 1, 1, 1, 1, 1, 1, 1, 1, 1, 1, 1, 1, 1, 1, 1, 1, 1, 1, 1, 1, 1, 1, 1, 1, 1, 1, 1, 1, 1, 1, 2, 1, 1, 1, 1, 1, 1, 1, 1, 1, 1, 1, 1, 1, 2, 1, 1, 1, 1, 2, 1, 1, 1, 1, 1, 1, 1, 1, 2, 1, 1, 1, 1, 1, 1] 
dagE22.txt 1_4x3.txt True 0.1 0.12 487.5 [1, 1, 1, 1, 1, 1, 1, 2, 1, 1, 1, 1, 1, 1, 1, 1, 1, 1, 1, 1, 1, 1, 1, 1, 1, 1, 1, 1, 1, 1, 1, 1, 1, 1, 1, 1, 1, 1, 1, 1, 1, 1, 1, 1, 1, 1, 1, 1, 1, 5, 1, 1, 1, 1, 1, 2, 1, 1, 1, 1, 1, 1, 1, 5, 2, 1, 2, 5, 1, 5] 
dagE22.txt 1_4x3.txt True 0.1 0.13 487.5 [1, 1, 1, 1, 1, 1, 1, 2, 1, 1, 1, 1, 1, 1, 1, 1, 1, 1, 1, 1, 1, 1, 1, 1, 1, 1, 1, 1, 1, 1, 1, 1, 1, 1, 1, 1, 1, 1, 1, 1, 1, 1, 1, 1, 1, 1, 1, 1, 1, 5, 1, 1, 1, 1, 1, 2, 1, 1, 1, 1, 1, 1, 1, 5, 2, 1, 2, 5, 1, 5] 
dagE22.txt 1_4x3.txt True 0.1 0.14 487.5 [1, 1, 1, 1, 1, 1, 1, 2, 1, 1, 1, 1, 1, 1, 1, 1, 1, 1, 1, 1, 1, 1, 1, 1, 1, 1, 1, 1, 1, 1, 1, 1, 1, 1, 1, 1, 1, 1, 1, 1, 1, 1, 1, 1, 1, 1, 1, 1, 1, 5, 1, 1, 1, 1, 1, 2, 1, 1, 1, 1, 1, 1, 1, 5, 2, 1, 2, 5, 1, 5] 
dagE22.txt 1_4x3.txt True 0.13 0.15 492.5 [1, 1, 1, 1, 1, 2, 1, 1, 2, 1, 1, 1, 1, 1, 1, 1, 1, 1, 1, 1, 1, 1, 1, 1, 1, 1, 1, 1, 1, 1, 1, 5, 1, 1, 1, 1, 1, 1, 1, 1, 1, 1, 1, 1, 1, 1, 1, 1, 1, 5, 1, 1, 1, 1, 1, 1, 1, 1, 1, 1, 1, 1, 1, 0, 5, 1, 1, 0, 1, 0] 
dagE22.txt 1_4x3.txt True 0.14 0.16 478.0 [3, 3, 3, 3, 3, 1, 3, 1, 3, 3, 3, 3, 3, 3, 3, 3, 3, 3, 3, 3, 3, 3, 3, 3, 3, 3, 3, 3, 3, 3, 3, 3, 3, 3, 3, 3, 3, 3, 3, 3, 1, 3, 3, 3, 3, 3, 3, 3, 3, 5, 3, 3, 3, 3, 3, 3, 3, 3, 3, 3, 3, 3, 0, 5, 5, 3, 3, 3, 0, 5] 
dagE22.txt 1_4x3.txt True 0.14 0.17 478.0 [3, 3, 3, 3, 3, 1, 3, 1, 3, 3, 3, 3, 3, 3, 3, 3, 3, 3, 3, 3, 3, 3, 3, 3, 3, 3, 3, 3, 3, 3, 3, 3, 3, 3, 3, 3, 3, 3, 3, 3, 1, 3, 3, 3, 3, 3, 3, 3, 3, 5, 3, 3, 3, 3, 3, 3, 3, 3, 3, 3, 3, 3, 0, 5, 5, 3, 3, 3, 0, 5] 
dagE22.txt 1_4x3.txt True 0.14 0.18 478.0 [3, 3, 3, 3, 3, 1, 3, 1, 3, 3, 3, 3, 3, 3, 3, 3, 3, 3, 3, 3, 3, 3, 3, 3, 3, 3, 3, 3, 3, 3, 3, 3, 3, 3, 3, 3, 3, 3, 3, 3, 1, 3, 3, 3, 3, 3, 3, 3, 3, 5, 3, 3, 3, 3, 3, 3, 3, 3, 3, 3, 3, 3, 0, 5, 5, 3, 3, 3, 0, 5] 
dagE22.txt 1_4x3.txt True 0.14 0.19 478.0 [3, 3, 3, 3, 3, 1, 3, 1, 3, 3, 3, 3, 3, 3, 3, 3, 3, 3, 3, 3, 3, 3, 3, 3, 3, 3, 3, 3, 3, 3, 3, 3, 3, 3, 3, 3, 3, 3, 3, 3, 1, 3, 3, 3, 3, 3, 3, 3, 3, 5, 3, 3, 3, 3, 3, 3, 3, 3, 3, 3, 3, 3, 0, 5, 5, 3, 3, 3, 0, 5] 
dagE22.txt 1_4x3.txt True 0.14 0.2 478.0 [3, 3, 3, 3, 3, 1, 3, 1, 3, 3, 3, 3, 3, 3, 3, 3, 3, 3, 3, 3, 3, 3, 3, 3, 3, 3, 3, 3, 3, 3, 3, 3, 3, 3, 3, 3, 3, 3, 3, 3, 1, 3, 3, 3, 3, 3, 3, 3, 3, 5, 3, 3, 3, 3, 3, 3, 3, 3, 3, 3, 3, 3, 0, 5, 5, 3, 3, 3, 0, 5] 
dagE22.txt 1_4x3.txt True 0.14 0.25 478.0 [3, 3, 3, 3, 3, 1, 3, 1, 3, 3, 3, 3, 3, 3, 3, 3, 3, 3, 3, 3, 3, 3, 3, 3, 3, 3, 3, 3, 3, 3, 3, 3, 3, 3, 3, 3, 3, 3, 3, 3, 1, 3, 3, 3, 3, 3, 3, 3, 3, 5, 3, 3, 3, 3, 3, 3, 3, 3, 3, 3, 3, 3, 0, 5, 5, 3, 3, 3, 0, 5] 
dagE22.txt 1_4x3.txt True 0.14 0.3 478.0 [3, 3, 3, 3, 3, 1, 3, 1, 3, 3, 3, 3, 3, 3, 3, 3, 3, 3, 3, 3, 3, 3, 3, 3, 3, 3, 3, 3, 3, 3, 3, 3, 3, 3, 3, 3, 3, 3, 3, 3, 1, 3, 3, 3, 3, 3, 3, 3, 3, 5, 3, 3, 3, 3, 3, 3, 3, 3, 3, 3, 3, 3, 0, 5, 5, 3, 3, 3, 0, 5] 
dagE22.txt 1_4x3.txt True 0.14 0.35 478.0 [3, 3, 3, 3, 3, 1, 3, 1, 3, 3, 3, 3, 3, 3, 3, 3, 3, 3, 3, 3, 3, 3, 3, 3, 3, 3, 3, 3, 3, 3, 3, 3, 3, 3, 3, 3, 3, 3, 3, 3, 1, 3, 3, 3, 3, 3, 3, 3, 3, 5, 3, 3, 3, 3, 3, 3, 3, 3, 3, 3, 3, 3, 0, 5, 5, 3, 3, 3, 0, 5] 
dagE22.txt 1_4x3.txt True 0.14 0.4 478.0 [3, 3, 3, 3, 3, 1, 3, 1, 3, 3, 3, 3, 3, 3, 3, 3, 3, 3, 3, 3, 3, 3, 3, 3, 3, 3, 3, 3, 3, 3, 3, 3, 3, 3, 3, 3, 3, 3, 3, 3, 1, 3, 3, 3, 3, 3, 3, 3, 3, 5, 3, 3, 3, 3, 3, 3, 3, 3, 3, 3, 3, 3, 0, 5, 5, 3, 3, 3, 0, 5] 
dagE22.txt 1_4x3.txt True 0.37 0.45 205.25 [3, 3, 3, 5, 3, 3, 5, 5, 5, 5, 5, 3, 5, 3, 5, 3, 3, 3, 3, 3, 3, 1, 1, 5, 3, 1, 3, 3, 3, 1, 1, 3, 3, 3, 3, 1, 1, 1, 1, 3, 3, 1, 1, 1, 1, 5, 1, 3, 5, 1, 3, 1, 5, 1, 1, 5, 5, 5, 1, 5, 5, 5, 1, 1, 5, 5, 5, 1, 5, 1] 
dagE22.txt 1_4x3.txt True 0.37 0.5 205.25 [3, 3, 3, 5, 3, 3, 5, 5, 5, 5, 5, 3, 5, 3, 5, 3, 3, 3, 3, 3, 3, 1, 1, 5, 3, 1, 3, 3, 3, 1, 1, 3, 3, 3, 3, 1, 1, 1, 1, 3, 3, 1, 1, 1, 1, 5, 1, 3, 5, 1, 3, 1, 5, 1, 1, 5, 5, 5, 1, 5, 5, 5, 1, 1, 5, 5, 5, 1, 5, 1] 
dagE22.txt 1_4x3.txt True 0.375 0.55 180.0 [1, 2, 1, 1, 1, 1, 1, 1, 1, 1, 1, 1, 1, 1, 1, 0, 1, 1, 3, 3, 2, 1, 3, 1, 4, 1, 1, 3, 2, 1, 3, 3, 3, 3, 4, 1, 3, 3, 3, 3, 3, 3, 3, 3, 5, 3, 5, 3, 4, 5, 3, 5, 5, 5, 1, 5, 3, 5, 5, 5, 5, 5, 5, 5, 5, 5, 5, 5, 5, 5] 
dagE22.txt 1_4x3.txt True 0.41 0.6 178.75 [1, 5, 5, 1, 4, 5, 5, 5, 1, 2, 5, 5, 1, 5, 5, 4, 1, 1, 5, 5, 1, 1, 1, 1, 5, 1, 5, 1, 0, 1, 3, 2, 5, 5, 5, 2, 3, 3, 1, 1, 5, 1, 1, 3, 3, 0, 3, 1, 3, 1, 1, 3, 3, 3, 2, 3, 1, 3, 3, 3, 3, 3, 3, 3, 3, 3, 3, 3, 3, 3] 
dagE22.txt 1_4x3.txt True 0.505 0.65 204.25 [1, 1, 1, 1, 5, 0, 1, 1, 1, 5, 1, 5, 1, 1, 1, 5, 0, 5, 1, 5, 1, 5, 0, 3, 1, 5, 5, 5, 2, 5, 3, 5, 1, 5, 2, 3, 3, 3, 2, 3, 1, 3, 2, 3, 3, 5, 3, 4, 4, 5, 5, 3, 3, 3, 3, 4, 3, 1, 5, 1, 1, 1, 1, 5, 4, 1, 1, 5, 1, 5] 
dagE22.txt 1_4x3.txt True 0.57 0.7 187.0 [3, 4, 5, 0, 2, 1, 3, 3, 3, 0, 3, 0, 3, 3, 3, 0, 1, 5, 5, 5, 5, 5, 1, 2, 2, 3, 1, 5, 4, 5, 1, 1, 2, 5, 5, 3, 4, 1, 5, 3, 5, 1, 5, 1, 3, 5, 3, 3, 1, 4, 3, 1, 1, 3, 5, 1, 1, 3, 3, 3, 1, 1, 3, 4, 1, 1, 1, 3, 1, 3] 
dagE22.txt 1_4x3.txt True 0.57 0.75 187.0 [3, 4, 5, 0, 2, 1, 3, 3, 3, 0, 3, 0, 3, 3, 3, 0, 1, 5, 5, 5, 5, 5, 1, 2, 2, 3, 1, 5, 4, 5, 1, 1, 2, 5, 5, 3, 4, 1, 5, 3, 5, 1, 5, 1, 3, 5, 3, 3, 1, 4, 3, 1, 1, 3, 5, 1, 1, 3, 3, 3, 1, 1, 3, 4, 1, 1, 1, 3, 1, 3] 
dagE22.txt 1_4x3.txt True 0.59 0.8 160.25 [0, 3, 5, 1, 4, 1, 0, 5, 3, 5, 1, 3, 5, 0, 0, 4, 3, 3, 3, 1, 5, 5, 5, 3, 3, 5, 3, 3, 1, 5, 5, 3, 3, 1, 3, 4, 3, 5, 3, 5, 1, 3, 5, 3, 1, 3, 4, 2, 1, 1, 1, 1, 5, 1, 3, 5, 5, 1, 1, 5, 1, 1, 2, 1, 2, 5, 5, 1, 2, 1] 
dagE22.txt 1_4x3.txt True 0.625 0.85 165.0 [3, 4, 5, 3, 3, 2, 0, 1, 2, 3, 4, 1, 1, 4, 3, 3, 1, 1, 2, 3, 0, 5, 5, 1, 1, 2, 1, 1, 4, 3, 3, 2, 1, 1, 1, 0, 3, 1, 5, 5, 0, 5, 1, 3, 3, 1, 5, 1, 1, 5, 1, 3, 3, 5, 1, 5, 5, 5, 5, 3, 3, 3, 5, 5, 5, 3, 5, 5, 3, 5] 
dagE22.txt 1_4x3.txt True 0.66 0.9 163.5 [1, 1, 1, 3, 3, 0, 1, 1, 5, 1, 1, 2, 1, 1, 1, 3, 4, 0, 5, 5, 1, 3, 3, 3, 5, 1, 3, 0, 3, 3, 3, 5, 5, 2, 5, 1, 5, 1, 1, 3, 5, 0, 2, 5, 3, 5, 1, 1, 2, 5, 3, 3, 1, 5, 3, 3, 3, 5, 4, 5, 3, 3, 4, 4, 5, 1, 3, 5, 5, 4] 
dagE22.txt 1_4x3.txt True 0.58 0.95 198.0 [5, 5, 5, 3, 3, 3, 5, 5, 5, 5, 5, 3, 5, 5, 5, 3, 3, 3, 1, 5, 5, 3, 3, 4, 1, 3, 3, 4, 0, 3, 5, 0, 4, 5, 3, 4, 4, 3, 1, 1, 3, 3, 1, 1, 5, 5, 3, 1, 2, 1, 0, 1, 2, 1, 3, 1, 0, 3, 1, 5, 1, 1, 3, 1, 2, 2, 1, 1, 1, 1] 
dagE22.txt 1_4x3.txt True 0.58 1 198.0 [5, 5, 5, 3, 3, 3, 5, 5, 5, 5, 5, 3, 5, 5, 5, 3, 3, 3, 1, 5, 5, 3, 3, 4, 1, 3, 3, 4, 0, 3, 5, 0, 4, 5, 3, 4, 4, 3, 1, 1, 3, 3, 1, 1, 5, 5, 3, 1, 2, 1, 0, 1, 2, 1, 3, 1, 0, 3, 1, 5, 1, 1, 3, 1, 2, 2, 1, 1, 1, 1] 
dagE22.txt 3_2x1.txt True 0.05 0.07 676.6666666666666 [0, 0, 0, 0, 0, 0, 0, 0, 0, 0, 0, 0, 0, 0, 0, 0, 0, 0, 0, 0, 0, 0, 0, 0, 0, 0, 0, 0, 0, 0, 0, 0, 0, 0, 0, 1, 0, 0, 0, 0, 0, 0, 0, 0, 0, 0, 0, 0, 0, 1, 0, 0, 0, 0, 1, 0, 0, 0, 0, 0, 0, 0, 0, 1, 0, 0, 0, 0, 0, 0] 
dagE22.txt 3_2x1.txt True 0.05 0.08 676.6666666666666 [0, 0, 0, 0, 0, 0, 0, 0, 0, 0, 0, 0, 0, 0, 0, 0, 0, 0, 0, 0, 0, 0, 0, 0, 0, 0, 0, 0, 0, 0, 0, 0, 0, 0, 0, 1, 0, 0, 0, 0, 0, 0, 0, 0, 0, 0, 0, 0, 0, 1, 0, 0, 0, 0, 1, 0, 0, 0, 0, 0, 0, 0, 0, 1, 0, 0, 0, 0, 0, 0] 
dagE22.txt 3_2x1.txt True 0.05 0.09 676.6666666666666 [0, 0, 0, 0, 0, 0, 0, 0, 0, 0, 0, 0, 0, 0, 0, 0, 0, 0, 0, 0, 0, 0, 0, 0, 0, 0, 0, 0, 0, 0, 0, 0, 0, 0, 0, 1, 0, 0, 0, 0, 0, 0, 0, 0, 0, 0, 0, 0, 0, 1, 0, 0, 0, 0, 1, 0, 0, 0, 0, 0, 0, 0, 0, 1, 0, 0, 0, 0, 0, 0] 
dagE22.txt 3_2x1.txt True 0.05 0.1 676.6666666666666 [0, 0, 0, 0, 0, 0, 0, 0, 0, 0, 0, 0, 0, 0, 0, 0, 0, 0, 0, 0, 0, 0, 0, 0, 0, 0, 0, 0, 0, 0, 0, 0, 0, 0, 0, 1, 0, 0, 0, 0, 0, 0, 0, 0, 0, 0, 0, 0, 0, 1, 0, 0, 0, 0, 1, 0, 0, 0, 0, 0, 0, 0, 0, 1, 0, 0, 0, 0, 0, 0] 
dagE22.txt 3_2x1.txt True 0.05 0.11 676.6666666666666 [0, 0, 0, 0, 0, 0, 0, 0, 0, 0, 0, 0, 0, 0, 0, 0, 0, 0, 0, 0, 0, 0, 0, 0, 0, 0, 0, 0, 0, 0, 0, 0, 0, 0, 0, 1, 0, 0, 0, 0, 0, 0, 0, 0, 0, 0, 0, 0, 0, 1, 0, 0, 0, 0, 1, 0, 0, 0, 0, 0, 0, 0, 0, 1, 0, 0, 0, 0, 0, 0] 
dagE22.txt 3_2x1.txt True 0.055 0.12 693.6666666666666 [0, 0, 0, 0, 0, 0, 0, 1, 0, 0, 0, 0, 0, 0, 0, 0, 0, 0, 0, 0, 0, 0, 0, 0, 0, 0, 0, 0, 0, 0, 0, 0, 0, 0, 0, 0, 0, 0, 0, 0, 0, 0, 0, 0, 0, 0, 0, 0, 0, 0, 0, 0, 0, 0, 0, 0, 0, 0, 0, 0, 0, 0, 0, 0, 0, 0, 0, 1, 0, 1] 
dagE22.txt 3_2x1.txt True 0.055 0.13 693.6666666666666 [0, 0, 0, 0, 0, 0, 0, 1, 0, 0, 0, 0, 0, 0, 0, 0, 0, 0, 0, 0, 0, 0, 0, 0, 0, 0, 0, 0, 0, 0, 0, 0, 0, 0, 0, 0, 0, 0, 0, 0, 0, 0, 0, 0, 0, 0, 0, 0, 0, 0, 0, 0, 0, 0, 0, 0, 0, 0, 0, 0, 0, 0, 0, 0, 0, 0, 0, 1, 0, 1] 
dagE22.txt 3_2x1.txt True 0.055 0.14 693.6666666666666 [0, 0, 0, 0, 0, 0, 0, 1, 0, 0, 0, 0, 0, 0, 0, 0, 0, 0, 0, 0, 0, 0, 0, 0, 0, 0, 0, 0, 0, 0, 0, 0, 0, 0, 0, 0, 0, 0, 0, 0, 0, 0, 0, 0, 0, 0, 0, 0, 0, 0, 0, 0, 0, 0, 0, 0, 0, 0, 0, 0, 0, 0, 0, 0, 0, 0, 0, 1, 0, 1] 
dagE22.txt 3_2x1.txt True 0.09 0.15 688.3333333333334 [0, 0, 0, 0, 0, 1, 0, 0, 1, 0, 0, 0, 0, 0, 0, 0, 0, 0, 0, 0, 0, 0, 0, 0, 0, 0, 0, 0, 0, 0, 0, 1, 0, 0, 0, 0, 0, 0, 0, 0, 0, 0, 0, 0, 0, 0, 0, 0, 0, 0, 0, 0, 0, 0, 0, 0, 0, 0, 0, 0, 0, 0, 0, 0, 0, 0, 0, 1, 0, 0] 
dagE22.txt 3_2x1.txt True 0.065 0.16 676.0 [0, 0, 0, 0, 0, 0, 0, 0, 0, 0, 0, 0, 0, 0, 0, 0, 0, 0, 0, 0, 0, 0, 0, 0, 0, 0, 0, 0, 0, 0, 0, 0, 0, 0, 0, 0, 0, 0, 0, 0, 1, 0, 0, 0, 0, 0, 0, 0, 0, 1, 0, 0, 0, 0, 0, 0, 0, 0, 0, 0, 0, 0, 0, 1, 1, 0, 0, 0, 0, 1] 
dagE22.txt 3_2x1.txt True 0.065 0.17 676.0 [0, 0, 0, 0, 0, 0, 0, 0, 0, 0, 0, 0, 0, 0, 0, 0, 0, 0, 0, 0, 0, 0, 0, 0, 0, 0, 0, 0, 0, 0, 0, 0, 0, 0, 0, 0, 0, 0, 0, 0, 1, 0, 0, 0, 0, 0, 0, 0, 0, 1, 0, 0, 0, 0, 0, 0, 0, 0, 0, 0, 0, 0, 0, 1, 1, 0, 0, 0, 0, 1] 
dagE22.txt 3_2x1.txt True 0.065 0.18 676.0 [0, 0, 0, 0, 0, 0, 0, 0, 0, 0, 0, 0, 0, 0, 0, 0, 0, 0, 0, 0, 0, 0, 0, 0, 0, 0, 0, 0, 0, 0, 0, 0, 0, 0, 0, 0, 0, 0, 0, 0, 1, 0, 0, 0, 0, 0, 0, 0, 0, 1, 0, 0, 0, 0, 0, 0, 0, 0, 0, 0, 0, 0, 0, 1, 1, 0, 0, 0, 0, 1] 
dagE22.txt 3_2x1.txt True 0.065 0.19 676.0 [0, 0, 0, 0, 0, 0, 0, 0, 0, 0, 0, 0, 0, 0, 0, 0, 0, 0, 0, 0, 0, 0, 0, 0, 0, 0, 0, 0, 0, 0, 0, 0, 0, 0, 0, 0, 0, 0, 0, 0, 1, 0, 0, 0, 0, 0, 0, 0, 0, 1, 0, 0, 0, 0, 0, 0, 0, 0, 0, 0, 0, 0, 0, 1, 1, 0, 0, 0, 0, 1] 
dagE22.txt 3_2x1.txt True 0.065 0.2 676.0 [0, 0, 0, 0, 0, 0, 0, 0, 0, 0, 0, 0, 0, 0, 0, 0, 0, 0, 0, 0, 0, 0, 0, 0, 0, 0, 0, 0, 0, 0, 0, 0, 0, 0, 0, 0, 0, 0, 0, 0, 1, 0, 0, 0, 0, 0, 0, 0, 0, 1, 0, 0, 0, 0, 0, 0, 0, 0, 0, 0, 0, 0, 0, 1, 1, 0, 0, 0, 0, 1] 
dagE22.txt 3_2x1.txt True 0.065 0.25 676.0 [0, 0, 0, 0, 0, 0, 0, 0, 0, 0, 0, 0, 0, 0, 0, 0, 0, 0, 0, 0, 0, 0, 0, 0, 0, 0, 0, 0, 0, 0, 0, 0, 0, 0, 0, 0, 0, 0, 0, 0, 1, 0, 0, 0, 0, 0, 0, 0, 0, 1, 0, 0, 0, 0, 0, 0, 0, 0, 0, 0, 0, 0, 0, 1, 1, 0, 0, 0, 0, 1] 
dagE22.txt 3_2x1.txt True 0.065 0.3 676.0 [0, 0, 0, 0, 0, 0, 0, 0, 0, 0, 0, 0, 0, 0, 0, 0, 0, 0, 0, 0, 0, 0, 0, 0, 0, 0, 0, 0, 0, 0, 0, 0, 0, 0, 0, 0, 0, 0, 0, 0, 1, 0, 0, 0, 0, 0, 0, 0, 0, 1, 0, 0, 0, 0, 0, 0, 0, 0, 0, 0, 0, 0, 0, 1, 1, 0, 0, 0, 0, 1] 
dagE22.txt 3_2x1.txt True 0.065 0.35 676.0 [0, 0, 0, 0, 0, 0, 0, 0, 0, 0, 0, 0, 0, 0, 0, 0, 0, 0, 0, 0, 0, 0, 0, 0, 0, 0, 0, 0, 0, 0, 0, 0, 0, 0, 0, 0, 0, 0, 0, 0, 1, 0, 0, 0, 0, 0, 0, 0, 0, 1, 0, 0, 0, 0, 0, 0, 0, 0, 0, 0, 0, 0, 0, 1, 1, 0, 0, 0, 0, 1] 
dagE22.txt 3_2x1.txt True 0.065 0.4 676.0 [0, 0, 0, 0, 0, 0, 0, 0, 0, 0, 0, 0, 0, 0, 0, 0, 0, 0, 0, 0, 0, 0, 0, 0, 0, 0, 0, 0, 0, 0, 0, 0, 0, 0, 0, 0, 0, 0, 0, 0, 1, 0, 0, 0, 0, 0, 0, 0, 0, 1, 0, 0, 0, 0, 0, 0, 0, 0, 0, 0, 0, 0, 0, 1, 1, 0, 0, 0, 0, 1] 
dagE22.txt 3_2x1.txt True 0.13 0.45 496.3333333333333 [1, 1, 1, 1, 1, 1, 1, 1, 1, 1, 1, 1, 1, 1, 1, 1, 1, 0, 0, 0, 1, 0, 0, 1, 0, 0, 1, 0, 1, 0, 0, 0, 0, 0, 0, 0, 0, 0, 0, 0, 0, 0, 0, 0, 0, 0, 0, 0, 0, 0, 0, 0, 0, 0, 0, 0, 0, 0, 0, 0, 0, 0, 0, 0, 0, 0, 0, 0, 0, 0] 
dagE22.txt 3_2x1.txt True 0.13 0.5 496.3333333333333 [1, 1, 1, 1, 1, 1, 1, 1, 1, 1, 1, 1, 1, 1, 1, 1, 1, 0, 0, 0, 1, 0, 0, 1, 0, 0, 1, 0, 1, 0, 0, 0, 0, 0, 0, 0, 0, 0, 0, 0, 0, 0, 0, 0, 0, 0, 0, 0, 0, 0, 0, 0, 0, 0, 0, 0, 0, 0, 0, 0, 0, 0, 0, 0, 0, 0, 0, 0, 0, 0] 
dagE22.txt 3_2x1.txt True 0.24 0.55 450.5 [0, 1, 0, 0, 0, 0, 0, 0, 0, 0, 0, 0, 0, 0, 0, 0, 0, 0, 1, 0, 1, 0, 0, 0, 1, 0, 0, 1, 1, 0, 0, 0, 1, 0, 1, 0, 0, 0, 0, 0, 1, 0, 0, 0, 1, 0, 1, 0, 1, 1, 0, 1, 1, 1, 0, 1, 0, 1, 1, 1, 1, 1, 1, 1, 1, 1, 1, 1, 1, 1] 
dagE22.txt 3_2x1.txt True 0.15 0.6 469.5 [1, 1, 1, 1, 1, 1, 1, 1, 1, 1, 1, 1, 1, 1, 1, 1, 1, 0, 1, 1, 1, 0, 0, 1, 1, 0, 1, 0, 1, 0, 0, 0, 1, 1, 1, 0, 0, 0, 0, 0, 1, 0, 0, 0, 0, 0, 0, 0, 0, 0, 0, 0, 0, 0, 0, 0, 0, 0, 0, 0, 0, 0, 0, 0, 0, 0, 0, 0, 0, 0] 
dagE22.txt 3_2x1.txt True 0.31 0.65 489.3333333333333 [0, 0, 0, 0, 1, 1, 0, 0, 0, 1, 0, 1, 0, 0, 0, 1, 1, 0, 0, 1, 0, 0, 1, 0, 0, 0, 1, 0, 0, 0, 0, 0, 0, 1, 1, 0, 0, 0, 1, 0, 0, 1, 1, 0, 0, 0, 0, 1, 0, 0, 0, 0, 0, 0, 0, 0, 1, 1, 0, 0, 1, 1, 1, 0, 1, 1, 0, 0, 1, 0] 
dagE22.txt 3_2x1.txt True 0.3 0.7 448.3333333333333 [0, 0, 1, 0, 0, 1, 0, 0, 0, 0, 0, 0, 0, 0, 0, 0, 1, 0, 0, 0, 0, 0, 1, 0, 0, 0, 1, 0, 0, 0, 1, 1, 0, 0, 0, 1, 0, 1, 0, 1, 0, 1, 0, 1, 1, 0, 0, 1, 1, 0, 1, 1, 1, 0, 1, 1, 1, 0, 0, 0, 1, 1, 0, 0, 1, 1, 1, 0, 1, 0] 
dagE22.txt 3_2x1.txt True 0.3 0.75 448.3333333333333 [0, 0, 1, 0, 0, 1, 0, 0, 0, 0, 0, 0, 0, 0, 0, 0, 1, 0, 0, 0, 0, 0, 1, 0, 0, 0, 1, 0, 0, 0, 1, 1, 0, 0, 0, 1, 0, 1, 0, 1, 0, 1, 0, 1, 1, 0, 0, 1, 1, 0, 1, 1, 1, 0, 1, 1, 1, 0, 0, 0, 1, 1, 0, 0, 1, 1, 1, 0, 1, 0] 
dagE22.txt 3_2x1.txt True 0.225 0.8 442.3333333333333 [0, 0, 0, 0, 0, 0, 0, 0, 0, 0, 0, 0, 0, 0, 0, 0, 0, 0, 0, 0, 0, 0, 0, 0, 0, 0, 0, 0, 1, 0, 1, 1, 0, 0, 0, 1, 1, 1, 0, 1, 0, 0, 0, 1, 0, 1, 1, 1, 1, 1, 1, 0, 1, 0, 1, 1, 1, 1, 0, 1, 1, 1, 1, 1, 1, 1, 1, 0, 1, 0] 
dagE22.txt 3_2x1.txt True 0.245 0.85 439.0 [0, 0, 0, 0, 0, 0, 0, 0, 0, 0, 0, 0, 0, 0, 0, 0, 0, 1, 0, 0, 0, 0, 0, 0, 1, 0, 0, 1, 0, 1, 1, 1, 1, 1, 1, 1, 1, 1, 0, 1, 0, 0, 1, 1, 1, 1, 0, 1, 1, 1, 1, 1, 0, 0, 1, 1, 1, 0, 0, 1, 0, 0, 0, 1, 1, 0, 1, 0, 0, 0] 
dagE22.txt 3_2x1.txt True 0.4 0.9 440.6666666666667 [0, 1, 0, 1, 0, 0, 1, 0, 1, 0, 0, 1, 0, 0, 0, 0, 1, 1, 0, 0, 0, 0, 0, 0, 1, 0, 0, 1, 1, 0, 0, 1, 0, 0, 0, 0, 0, 0, 0, 1, 0, 0, 1, 0, 0, 1, 0, 0, 0, 0, 1, 0, 1, 0, 0, 1, 1, 1, 0, 1, 0, 0, 1, 1, 1, 1, 1, 1, 1, 1] 
dagE22.txt 3_2x1.txt True 0.255 0.95 471.0 [1, 1, 1, 1, 1, 1, 1, 1, 0, 1, 1, 1, 0, 0, 1, 1, 1, 1, 1, 0, 1, 0, 1, 1, 1, 1, 1, 1, 0, 0, 0, 0, 1, 0, 1, 1, 0, 0, 0, 0, 1, 1, 0, 0, 0, 0, 0, 0, 0, 0, 0, 0, 0, 0, 0, 0, 0, 0, 0, 0, 0, 0, 0, 0, 0, 0, 0, 0, 0, 0] 
dagE22.txt 3_2x1.txt True 0.255 1 471.0 [1, 1, 1, 1, 1, 1, 1, 1, 0, 1, 1, 1, 0, 0, 1, 1, 1, 1, 1, 0, 1, 0, 1, 1, 1, 1, 1, 1, 0, 0, 0, 0, 1, 0, 1, 1, 0, 0, 0, 0, 1, 1, 0, 0, 0, 0, 0, 0, 0, 0, 0, 0, 0, 0, 0, 0, 0, 0, 0, 0, 0, 0, 0, 0, 0, 0, 0, 0, 0, 0] 
