dagA14.txt 3_2x4.txt 0.7 0.7 82.33333333333333 [5, 5, 5, 6, 7, 1, 0, 1, 4, 2, 0, 6, 6, 0, 4, 7, 3, 6, 0, 7, 4, 6, 7, 5, 7, 2, 6, 0, 2, 6, 2, 6, 4, 4, 1, 5, 0, 2, 1, 4, 6, 3, 3, 1, 2, 3, 6, 2, 3, 0] 
dagA14.txt 3_2x4.txt 0.7 0.9 82.33333333333333 [5, 5, 5, 6, 7, 1, 0, 1, 4, 2, 0, 6, 6, 0, 4, 7, 3, 6, 0, 7, 4, 6, 7, 5, 7, 2, 6, 0, 2, 6, 2, 6, 4, 4, 1, 5, 0, 2, 1, 4, 6, 3, 3, 1, 2, 3, 6, 2, 3, 0] 
dagA14.txt 3_2x4.txt 0.7 1 82.33333333333333 [5, 5, 5, 6, 7, 1, 0, 1, 4, 2, 0, 6, 6, 0, 4, 7, 3, 6, 0, 7, 4, 6, 7, 5, 7, 2, 6, 0, 2, 6, 2, 6, 4, 4, 1, 5, 0, 2, 1, 4, 6, 3, 3, 1, 2, 3, 6, 2, 3, 0] 
dagA14.txt 3_2x4.txt 0.7 0.8 82.33333333333333 [5, 5, 5, 6, 7, 1, 0, 1, 4, 2, 0, 6, 6, 0, 4, 7, 3, 6, 0, 7, 4, 6, 7, 5, 7, 2, 6, 0, 2, 6, 2, 6, 4, 4, 1, 5, 0, 2, 1, 4, 6, 3, 3, 1, 2, 3, 6, 2, 3, 0] 
dagA14.txt 3_2x4.txt 0.2 0.2 388.6666666666667 [0, 2, 0, 0, 0, 0, 0, 0, 0, 0, 0, 0, 0, 0, 0, 2, 0, 0, 2, 0, 0, 0, 0, 0, 0, 0, 0, 2, 0, 0, 2, 0, 2, 0, 0, 0, 0, 0, 0, 0, 0, 0, 0, 0, 2, 0, 0, 0, 0, 2] 
dagA14.txt 3_2x4.txt 0.09375 0.1 436.3333333333333 [0, 2, 0, 0, 0, 0, 0, 0, 0, 0, 0, 0, 0, 0, 0, 2, 0, 0, 2, 0, 0, 0, 0, 0, 0, 0, 0, 0, 0, 0, 0, 0, 2, 0, 0, 0, 0, 0, 0, 0, 0, 0, 0, 0, 0, 0, 0, 0, 0, 2] 
dagA14.txt 3_2x4.txt 0.29375 0.3 308.3333333333333 [0, 2, 2, 0, 0, 0, 0, 4, 0, 0, 0, 0, 4, 0, 0, 0, 0, 0, 2, 2, 0, 0, 0, 0, 0, 2, 0, 0, 4, 0, 2, 0, 6, 0, 4, 0, 0, 4, 2, 0, 0, 2, 0, 0, 2, 0, 0, 2, 0, 6] 
dagA14.txt 3_2x4.txt 0.6 0.6 85.0 [2, 3, 3, 2, 5, 1, 4, 5, 2, 0, 0, 2, 2, 0, 7, 3, 1, 2, 3, 4, 4, 2, 5, 2, 5, 4, 1, 4, 6, 2, 6, 2, 0, 4, 5, 3, 0, 6, 4, 2, 7, 6, 1, 3, 6, 4, 7, 6, 1, 0] 
dagA14.txt 3_2x4.txt 0.65 0.65 84.33333333333333 [5, 5, 5, 6, 7, 1, 0, 1, 4, 2, 0, 6, 6, 0, 4, 7, 3, 6, 5, 7, 4, 6, 7, 5, 7, 2, 6, 0, 2, 6, 2, 6, 0, 4, 1, 5, 0, 2, 1, 4, 7, 3, 3, 1, 2, 3, 6, 2, 3, 0] 
dagA14.txt 3_2x4.txt 0.38125 0.4 230.66666666666666 [0, 2, 2, 2, 2, 0, 0, 2, 0, 0, 0, 0, 4, 0, 2, 2, 0, 0, 2, 0, 0, 0, 0, 0, 0, 2, 0, 4, 2, 0, 4, 0, 6, 0, 2, 2, 0, 4, 2, 0, 2, 2, 0, 4, 2, 0, 0, 2, 0, 6] 
dagA14.txt 3_2x4.txt 0.5 0.5 122.66666666666667 [0, 6, 6, 0, 2, 2, 4, 2, 0, 4, 2, 0, 0, 4, 4, 6, 3, 0, 6, 2, 4, 0, 2, 0, 2, 4, 4, 5, 0, 0, 1, 0, 2, 0, 2, 6, 2, 0, 2, 0, 6, 4, 3, 5, 1, 4, 7, 0, 3, 2] 
dagA14.txt 5_4_3_2x2.txt 0.09375 0.1 261.8 [0, 4, 0, 0, 0, 0, 0, 0, 0, 0, 0, 0, 0, 0, 0, 4, 0, 0, 4, 0, 0, 0, 0, 0, 0, 0, 0, 0, 0, 0, 0, 0, 4, 0, 0, 0, 0, 0, 0, 0, 0, 0, 0, 0, 0, 0, 0, 0, 0, 4] 
dagA14.txt 5_4_3_2x2.txt 0.69375 0.7 59.0 [3, 3, 4, 5, 1, 2, 0, 2, 1, 5, 0, 5, 5, 0, 1, 7, 6, 5, 0, 7, 1, 5, 7, 3, 7, 4, 5, 4, 4, 5, 4, 5, 0, 1, 2, 3, 0, 4, 2, 1, 0, 6, 6, 2, 4, 6, 5, 4, 6, 0] 
dagA14.txt 3_2x4.txt 0.2375 0.25 343.0 [0, 4, 2, 0, 0, 0, 0, 2, 0, 0, 0, 0, 2, 0, 0, 0, 0, 0, 4, 2, 0, 0, 0, 0, 0, 0, 0, 0, 2, 0, 2, 0, 6, 0, 2, 0, 0, 2, 2, 0, 0, 0, 0, 0, 0, 0, 0, 0, 0, 6] 
dagA14.txt 5_4_3_2x2.txt 0.2 0.2 233.2 [0, 4, 0, 0, 0, 0, 0, 0, 0, 0, 0, 0, 0, 0, 0, 4, 0, 0, 4, 0, 0, 0, 0, 0, 0, 0, 0, 4, 0, 0, 4, 0, 4, 0, 0, 0, 0, 0, 0, 0, 0, 0, 0, 0, 4, 0, 0, 0, 0, 4] 
dagA14.txt 5_4_3_2x2.txt 0.69375 0.9 59.0 [3, 3, 4, 5, 1, 2, 0, 2, 1, 5, 0, 5, 5, 0, 1, 7, 6, 5, 0, 7, 1, 5, 7, 3, 7, 4, 5, 4, 4, 5, 4, 5, 0, 1, 2, 3, 0, 4, 2, 1, 0, 6, 6, 2, 4, 6, 5, 4, 6, 0] 
dagA14.txt 5_4_3_2x2.txt 0.69375 0.8 59.0 [3, 3, 4, 5, 1, 2, 0, 2, 1, 5, 0, 5, 5, 0, 1, 7, 6, 5, 0, 7, 1, 5, 7, 3, 7, 4, 5, 4, 4, 5, 4, 5, 0, 1, 2, 3, 0, 4, 2, 1, 0, 6, 6, 2, 4, 6, 5, 4, 6, 0] 
dagA14.txt 5_4_3_2x2.txt 0.69375 1 59.0 [3, 3, 4, 5, 1, 2, 0, 2, 1, 5, 0, 5, 5, 0, 1, 7, 6, 5, 0, 7, 1, 5, 7, 3, 7, 4, 5, 4, 4, 5, 4, 5, 0, 1, 2, 3, 0, 4, 2, 1, 0, 6, 6, 2, 4, 6, 5, 4, 6, 0] 
dagA14.txt 3_2x4.txt 0.15 0.15 404.3333333333333 [0, 2, 0, 0, 0, 0, 0, 0, 0, 0, 0, 0, 0, 0, 0, 2, 0, 0, 2, 0, 0, 0, 0, 0, 0, 0, 0, 0, 0, 0, 2, 0, 2, 0, 0, 0, 0, 0, 0, 0, 0, 0, 0, 0, 2, 0, 0, 0, 0, 2] 
dagA14.txt 3_2x4.txt 0.34375 0.35 277.3333333333333 [0, 2, 2, 0, 0, 0, 0, 4, 0, 0, 0, 0, 4, 0, 0, 0, 0, 0, 2, 2, 0, 0, 0, 0, 0, 2, 0, 2, 4, 0, 2, 0, 6, 0, 4, 0, 0, 4, 2, 0, 2, 2, 0, 0, 2, 0, 0, 2, 0, 6] 
dagA14.txt 4_1x5.txt 0.19375 0.2 293.75 [0, 0, 0, 0, 0, 0, 0, 0, 0, 0, 0, 0, 0, 6, 0, 0, 0, 0, 0, 0, 0, 0, 0, 0, 0, 0, 0, 2, 0, 0, 2, 0, 2, 0, 4, 0, 0, 0, 0, 0, 0, 0, 0, 0, 2, 0, 0, 0, 0, 8] 
dagA14.txt 5_4_3_2x2.txt 0.29375 0.3 185.0 [0, 4, 4, 0, 0, 0, 0, 1, 0, 0, 0, 0, 1, 0, 0, 0, 0, 0, 4, 4, 0, 0, 0, 0, 0, 4, 0, 0, 1, 0, 4, 0, 5, 0, 1, 0, 0, 1, 4, 0, 0, 4, 0, 0, 4, 0, 0, 4, 0, 5] 
dagA14.txt 3_2x4.txt 0.45 0.45 151.33333333333334 [0, 2, 4, 0, 2, 4, 4, 2, 0, 4, 2, 0, 0, 6, 2, 2, 1, 0, 2, 4, 4, 0, 2, 0, 2, 4, 0, 6, 0, 0, 0, 0, 3, 4, 2, 2, 4, 0, 4, 0, 2, 4, 1, 6, 0, 4, 0, 0, 1, 3] 
dagA14.txt 4_1x5.txt None 0.1 20000000000.0 None 
dagA14.txt 3_2x4.txt 0.54375 0.55 95.0 [0, 1, 1, 4, 6, 0, 2, 6, 0, 2, 6, 0, 0, 2, 4, 1, 3, 0, 1, 5, 2, 0, 6, 0, 6, 2, 0, 3, 4, 0, 7, 0, 5, 0, 6, 1, 5, 7, 2, 0, 4, 2, 3, 3, 4, 2, 7, 4, 3, 5] 
dagA14.txt 4_1x5.txt 0.28125 0.3 245.5 [0, 4, 2, 0, 0, 0, 0, 0, 0, 0, 0, 0, 0, 0, 1, 0, 2, 0, 4, 0, 0, 0, 0, 0, 0, 0, 0, 0, 0, 0, 2, 0, 6, 0, 0, 0, 3, 0, 0, 0, 8, 0, 2, 0, 2, 0, 0, 0, 2, 5] 
dagA14.txt 5_4_3_2x2.txt 0.5 0.5 73.6 [0, 5, 5, 0, 4, 4, 1, 4, 0, 1, 4, 0, 0, 1, 1, 5, 6, 0, 5, 4, 1, 0, 4, 0, 4, 1, 1, 3, 0, 0, 2, 0, 4, 0, 4, 5, 4, 0, 4, 0, 5, 1, 6, 3, 2, 1, 7, 0, 6, 4] 
dagA14.txt 4_1x5.txt 0.4 0.4 213.25 [0, 0, 0, 0, 2, 0, 0, 0, 0, 0, 0, 7, 0, 0, 6, 0, 0, 0, 8, 0, 0, 0, 0, 0, 0, 0, 5, 2, 2, 0, 2, 0, 4, 0, 0, 0, 3, 2, 0, 0, 6, 2, 0, 0, 2, 0, 1, 2, 0, 4] 
dagA14.txt 4_1x5.txt 0.24375 0.25 264.5 [0, 8, 0, 0, 0, 0, 0, 0, 0, 0, 0, 0, 0, 6, 0, 0, 0, 0, 2, 0, 0, 0, 0, 0, 0, 0, 0, 2, 0, 0, 2, 0, 2, 0, 0, 0, 0, 0, 0, 0, 2, 0, 0, 0, 2, 0, 4, 0, 0, 1] 
dagA14.txt 5_4_3_2x2.txt 0.38125 0.4 138.4 [0, 4, 4, 4, 4, 0, 0, 4, 0, 0, 0, 0, 1, 0, 4, 4, 0, 0, 4, 0, 0, 0, 0, 0, 0, 4, 0, 1, 4, 0, 1, 0, 5, 0, 4, 4, 0, 1, 4, 0, 4, 4, 0, 1, 4, 0, 0, 4, 0, 5] 
dagA14.txt 4_1x5.txt 0.5 0.5 161.75 [0, 2, 2, 8, 0, 0, 0, 0, 4, 6, 0, 0, 0, 4, 5, 2, 6, 0, 2, 0, 0, 0, 2, 2, 0, 0, 0, 4, 8, 0, 3, 4, 0, 0, 0, 2, 0, 4, 0, 0, 2, 6, 6, 9, 1, 0, 0, 2, 6, 7] 
dagA14.txt 4_1x5.txt 0.6875 0.7 65.0 [4, 6, 2, 4, 6, 6, 0, 1, 0, 0, 6, 4, 1, 3, 2, 6, 0, 4, 5, 2, 0, 8, 6, 4, 6, 2, 4, 6, 4, 8, 4, 4, 8, 8, 8, 4, 3, 7, 2, 8, 2, 0, 9, 7, 2, 0, 8, 8, 9, 1] 
dagA14.txt 4_1x5.txt 0.725 0.8 61.25 [2, 0, 8, 2, 6, 0, 7, 9, 0, 4, 3, 2, 2, 1, 2, 0, 4, 2, 8, 8, 2, 2, 0, 2, 3, 8, 2, 6, 6, 2, 6, 2, 8, 8, 4, 8, 0, 5, 0, 5, 4, 4, 4, 9, 6, 7, 0, 6, 4, 1] 
dagA14.txt 4_1x5.txt 0.6 0.6 108.0 [0, 7, 9, 0, 2, 6, 6, 2, 0, 8, 2, 0, 0, 5, 7, 7, 1, 0, 9, 6, 4, 0, 2, 0, 2, 6, 6, 5, 3, 0, 4, 0, 8, 0, 2, 4, 6, 0, 6, 0, 3, 1, 1, 5, 4, 8, 4, 3, 1, 8] 
dagA14.txt 4_1x5.txt 0.33125 0.35 235.25 [0, 3, 0, 0, 0, 0, 0, 0, 0, 0, 0, 0, 0, 2, 0, 0, 0, 0, 8, 0, 0, 0, 0, 0, 0, 0, 0, 2, 1, 0, 2, 0, 4, 0, 6, 0, 5, 2, 0, 0, 2, 0, 0, 2, 2, 0, 0, 0, 0, 7] 
dagA14.txt 4_1x5.txt 0.1375 0.15 314.25 [0, 0, 0, 0, 0, 0, 0, 0, 0, 0, 0, 0, 0, 0, 0, 0, 2, 0, 0, 0, 6, 0, 0, 0, 0, 0, 0, 0, 0, 0, 0, 0, 2, 0, 4, 0, 0, 0, 0, 0, 0, 0, 2, 0, 0, 0, 0, 0, 0, 8] 
dagA14.txt 4_1x5.txt 0.7375 0.9 64.0 [0, 2, 8, 0, 6, 4, 2, 2, 2, 6, 9, 0, 0, 1, 4, 2, 6, 0, 8, 5, 8, 0, 2, 0, 2, 5, 0, 4, 8, 0, 4, 0, 8, 0, 4, 8, 4, 7, 2, 7, 0, 6, 6, 4, 6, 5, 3, 3, 6, 1] 
dagA14.txt 4_1x5.txt 0.76875 1 64.0 [0, 1, 8, 7, 4, 2, 2, 6, 0, 0, 2, 0, 4, 6, 4, 7, 8, 2, 6, 5, 2, 0, 3, 0, 7, 5, 2, 6, 0, 0, 4, 0, 8, 8, 6, 9, 3, 4, 2, 0, 6, 8, 8, 9, 4, 5, 2, 4, 8, 1] 
dagA14.txt 5_4_3_2x2.txt 0.6 0.6 61.2 [4, 6, 6, 4, 0, 2, 1, 3, 4, 0, 0, 4, 4, 0, 7, 6, 2, 4, 6, 1, 1, 4, 3, 4, 3, 1, 2, 2, 5, 4, 5, 4, 0, 1, 3, 6, 0, 5, 1, 4, 0, 5, 2, 6, 5, 1, 7, 5, 2, 0] 
dagA14.txt 5_4_3_2x2.txt 0.65 0.65 61.0 [3, 3, 4, 5, 7, 2, 0, 2, 1, 6, 0, 5, 5, 0, 1, 7, 6, 5, 0, 7, 1, 5, 7, 3, 7, 4, 5, 2, 4, 5, 4, 5, 0, 1, 2, 3, 0, 4, 2, 1, 4, 6, 6, 2, 4, 6, 5, 4, 6, 0] 
dagA14.txt 4_1x5.txt 0.65 0.65 145.0 [2, 0, 7, 2, 0, 0, 7, 9, 4, 1, 3, 2, 2, 9, 3, 0, 8, 2, 6, 7, 6, 2, 0, 2, 3, 7, 2, 9, 4, 2, 5, 2, 1, 6, 0, 6, 1, 4, 8, 4, 3, 8, 8, 9, 5, 7, 5, 4, 8, 1] 
dagA14.txt 4_1x5.txt 0.55 0.55 98.0 [0, 6, 0, 4, 6, 0, 0, 6, 2, 2, 2, 0, 0, 2, 2, 6, 2, 0, 3, 0, 0, 4, 6, 0, 6, 0, 0, 1, 4, 4, 4, 0, 8, 2, 6, 6, 0, 4, 0, 0, 4, 2, 2, 9, 4, 7, 5, 4, 2, 8] 
dagA14.txt 4_1x5.txt 0.4375 0.45 169.75 [0, 6, 0, 2, 2, 0, 0, 4, 0, 0, 0, 0, 5, 0, 2, 2, 0, 0, 6, 0, 0, 0, 0, 0, 0, 0, 0, 4, 4, 0, 2, 0, 2, 0, 8, 6, 2, 4, 4, 0, 2, 4, 0, 7, 2, 0, 1, 4, 0, 3] 
dagA14.txt 3_2x3.txt 0.5875 0.6 101.0 [0, 5, 5, 2, 4, 3, 1, 3, 0, 0, 4, 0, 2, 1, 2, 3, 1, 0, 4, 4, 5, 0, 4, 0, 4, 5, 0, 2, 2, 0, 2, 0, 4, 0, 3, 5, 4, 2, 3, 0, 3, 1, 1, 3, 2, 1, 5, 2, 1, 4] 
dagA14.txt 5_4_3_2x2.txt 0.15 0.15 242.6 [0, 4, 0, 0, 0, 0, 0, 0, 0, 0, 0, 0, 0, 0, 0, 4, 0, 0, 4, 0, 0, 0, 0, 0, 0, 0, 0, 0, 0, 0, 4, 0, 4, 0, 0, 0, 0, 0, 0, 0, 0, 0, 0, 0, 4, 0, 0, 0, 0, 4] 
dagA14.txt 3_2x3.txt 0.6 0.7 101.0 [0, 5, 5, 2, 4, 3, 1, 3, 0, 0, 4, 0, 2, 1, 2, 3, 1, 0, 2, 4, 5, 0, 4, 0, 4, 5, 0, 2, 2, 0, 4, 0, 4, 0, 3, 5, 4, 2, 3, 0, 3, 1, 1, 3, 2, 1, 5, 2, 1, 4] 
dagA14.txt 3_2x3.txt 0.6 0.65 101.0 [0, 5, 5, 2, 4, 3, 1, 3, 0, 0, 4, 0, 2, 1, 2, 3, 1, 0, 2, 4, 5, 0, 4, 0, 4, 5, 0, 2, 2, 0, 4, 0, 4, 0, 3, 5, 4, 2, 3, 0, 3, 1, 1, 3, 2, 1, 5, 2, 1, 4] 
dagA14.txt 3_2x3.txt 0.6 0.8 101.0 [0, 5, 5, 2, 4, 3, 1, 3, 0, 0, 4, 0, 2, 1, 2, 3, 1, 0, 2, 4, 5, 0, 4, 0, 4, 5, 0, 2, 2, 0, 4, 0, 4, 0, 3, 5, 4, 2, 3, 0, 3, 1, 1, 3, 2, 1, 5, 2, 1, 4] 
dagA14.txt 3_2x3.txt 0.6 0.9 101.0 [0, 5, 5, 2, 4, 3, 1, 3, 0, 0, 4, 0, 2, 1, 2, 3, 1, 0, 2, 4, 5, 0, 4, 0, 4, 5, 0, 2, 2, 0, 4, 0, 4, 0, 3, 5, 4, 2, 3, 0, 3, 1, 1, 3, 2, 1, 5, 2, 1, 4] 
dagA14.txt 3_2x3.txt 0.6 1 101.0 [0, 5, 5, 2, 4, 3, 1, 3, 0, 0, 4, 0, 2, 1, 2, 3, 1, 0, 2, 4, 5, 0, 4, 0, 4, 5, 0, 2, 2, 0, 4, 0, 4, 0, 3, 5, 4, 2, 3, 0, 3, 1, 1, 3, 2, 1, 5, 2, 1, 4] 
dagA14.txt 5_4_3_2x2.txt 0.2375 0.25 205.8 [0, 1, 4, 0, 0, 0, 0, 4, 0, 0, 0, 0, 4, 0, 0, 0, 0, 0, 1, 4, 0, 0, 0, 0, 0, 0, 0, 0, 4, 0, 4, 0, 5, 0, 4, 0, 0, 4, 4, 0, 0, 0, 0, 0, 0, 0, 0, 0, 0, 5] 
dagA14.txt 5_4_3_2x5.txt 0.2 0.2 229.2 [0, 0, 0, 0, 0, 0, 0, 0, 0, 0, 16, 0, 0, 0, 8, 0, 0, 0, 0, 0, 0, 0, 0, 0, 0, 0, 0, 0, 0, 0, 4, 0, 4, 0, 12, 0, 1, 0, 0, 0, 4, 0, 0, 0, 0, 0, 0, 0, 0, 5] 
dagA14.txt 5_4_3_2x5.txt None 0.1 20000000000.0 None 
dagA14.txt 5_4_3_2x2.txt 0.34375 0.35 166.4 [0, 4, 4, 0, 0, 0, 0, 1, 0, 0, 0, 0, 1, 0, 0, 0, 0, 0, 4, 4, 0, 0, 0, 0, 0, 4, 0, 4, 1, 0, 4, 0, 5, 0, 1, 0, 0, 1, 4, 0, 4, 4, 0, 0, 4, 0, 0, 4, 0, 5] 
dagA14.txt 5_4_3_2x2.txt 0.54375 0.55 58.5 [0, 2, 2, 1, 5, 0, 4, 5, 0, 4, 5, 0, 0, 4, 1, 2, 6, 0, 2, 3, 4, 0, 5, 0, 5, 4, 0, 6, 1, 0, 7, 0, 3, 0, 5, 2, 3, 7, 4, 0, 1, 4, 6, 6, 1, 4, 7, 1, 6, 3] 
dagA14.txt 5_4_3_2x5.txt 0.39375 0.4 172.6 [0, 13, 1, 0, 0, 0, 0, 0, 0, 0, 0, 0, 0, 0, 0, 0, 9, 0, 16, 0, 0, 0, 0, 0, 0, 18, 0, 4, 4, 0, 4, 0, 8, 0, 0, 0, 0, 4, 0, 0, 0, 2, 6, 0, 12, 17, 5, 4, 14, 10] 
dagA14.txt 5_4_3_2x5.txt 0.29375 0.3 192.0 [0, 4, 0, 0, 4, 0, 0, 0, 0, 0, 0, 0, 0, 0, 16, 0, 0, 0, 4, 0, 0, 0, 0, 0, 0, 0, 0, 4, 0, 0, 4, 0, 8, 0, 4, 0, 0, 0, 0, 0, 12, 0, 0, 0, 4, 0, 1, 0, 0, 5] 
dagA14.txt 3_2x3.txt 0.3 0.3 244.33333333333334 [0, 2, 0, 2, 2, 2, 0, 2, 0, 0, 2, 0, 2, 0, 2, 2, 0, 0, 0, 2, 0, 0, 2, 0, 2, 0, 0, 2, 2, 0, 2, 0, 4, 0, 2, 2, 2, 2, 2, 0, 2, 0, 0, 2, 0, 0, 0, 0, 0, 4] 
dagA14.txt 5_4_3_2x5.txt 0.25 0.25 219.0 [0, 0, 0, 0, 0, 0, 0, 0, 0, 0, 0, 0, 0, 16, 0, 0, 0, 0, 0, 0, 12, 0, 0, 0, 0, 0, 0, 4, 0, 0, 4, 0, 4, 0, 8, 0, 0, 0, 0, 0, 4, 0, 0, 0, 4, 0, 0, 0, 0, 1] 
dagA14.txt 5_4_3_2x2.txt 0.45 0.45 90.8 [0, 4, 1, 0, 4, 1, 1, 4, 0, 1, 4, 0, 0, 5, 4, 4, 2, 0, 4, 1, 1, 0, 4, 0, 4, 1, 0, 5, 0, 0, 0, 0, 6, 1, 4, 4, 1, 0, 1, 0, 4, 1, 2, 5, 0, 1, 0, 0, 2, 6] 
dagA14.txt 5_4_3_2x5.txt 0.80625 0.9 26.6 [13, 8, 6, 5, 4, 17, 5, 17, 14, 18, 10, 1, 1, 10, 15, 8, 9, 5, 13, 12, 2, 1, 4, 6, 4, 6, 1, 0, 7, 1, 12, 16, 16, 2, 11, 13, 0, 12, 17, 14, 8, 18, 9, 3, 16, 5, 19, 7, 9, 0] 
dagA14.txt 5_4_3_2x5.txt 0.1375 0.15 256.6 [0, 0, 0, 0, 0, 0, 0, 0, 0, 0, 0, 0, 0, 12, 0, 0, 0, 0, 0, 0, 8, 0, 0, 0, 0, 0, 0, 0, 0, 0, 0, 0, 4, 0, 0, 0, 0, 0, 0, 0, 0, 0, 16, 0, 0, 0, 0, 0, 5, 1] 
dagA14.txt 5_4_3_2x5.txt 0.5 0.5 133.6 [0, 17, 8, 0, 4, 0, 0, 0, 0, 4, 0, 0, 0, 0, 4, 4, 0, 0, 5, 0, 4, 0, 0, 0, 0, 8, 0, 4, 0, 0, 1, 0, 12, 4, 4, 4, 13, 0, 0, 0, 4, 0, 0, 4, 16, 2, 9, 0, 0, 6] 
dagA14.txt 5_4_3_2x5.txt 0.81875 1 26.8 [13, 7, 17, 1, 8, 16, 2, 16, 14, 18, 6, 1, 13, 6, 15, 9, 12, 1, 10, 2, 5, 13, 4, 17, 9, 17, 13, 4, 0, 13, 12, 1, 16, 5, 8, 10, 4, 3, 16, 14, 9, 18, 12, 11, 0, 2, 19, 0, 12, 4] 
dagA14.txt 5_4_3_2x5.txt 0.6 0.6 96.8 [5, 4, 4, 0, 8, 0, 0, 8, 12, 0, 10, 0, 5, 16, 2, 4, 14, 0, 4, 7, 0, 0, 8, 4, 8, 0, 0, 16, 12, 11, 9, 0, 1, 0, 5, 4, 18, 12, 0, 0, 13, 0, 17, 3, 0, 0, 6, 0, 17, 1] 
dagA14.txt 3_2x3.txt 0.16875 0.2 379.6666666666667 [0, 0, 0, 0, 0, 0, 0, 0, 0, 0, 0, 0, 0, 0, 2, 0, 0, 0, 0, 0, 0, 0, 0, 0, 0, 0, 0, 0, 0, 0, 2, 0, 4, 0, 0, 0, 0, 0, 0, 0, 2, 1, 1, 0, 2, 0, 0, 0, 1, 4] 
dagA14.txt 5_4_3_2x5.txt 0.41875 0.45 160.4 [0, 2, 9, 0, 0, 0, 0, 0, 0, 0, 4, 0, 0, 0, 1, 0, 4, 0, 5, 0, 0, 0, 0, 0, 0, 14, 0, 4, 0, 0, 12, 0, 8, 0, 0, 0, 6, 0, 17, 0, 4, 0, 4, 0, 16, 0, 13, 0, 4, 10] 
dagA14.txt 3_2x3.txt 0.4 0.4 166.66666666666666 [0, 4, 1, 0, 4, 4, 2, 4, 0, 2, 2, 0, 0, 2, 0, 4, 2, 0, 1, 2, 2, 0, 4, 0, 4, 2, 0, 4, 0, 0, 0, 0, 2, 0, 4, 1, 2, 0, 2, 0, 4, 2, 2, 1, 0, 2, 3, 0, 2, 2] 
dagA14.txt 3_2x3.txt 0.0875 0.1 434.3333333333333 [0, 0, 0, 0, 0, 0, 0, 0, 0, 0, 0, 0, 0, 0, 0, 0, 0, 0, 0, 0, 0, 0, 0, 0, 0, 0, 0, 0, 0, 0, 2, 0, 2, 0, 0, 0, 0, 0, 0, 0, 0, 0, 4, 0, 0, 0, 0, 0, 4, 2] 
dagA14.txt 4_1x1.txt 0.29375 0.3 684.0 [0, 1, 0, 0, 1, 1, 1, 1, 0, 1, 1, 0, 0, 1, 0, 1, 1, 0, 0, 0, 0, 0, 1, 0, 0, 1, 1, 1, 0, 0, 0, 0, 0, 0, 1, 0, 1, 0, 1, 0, 0, 1, 1, 1, 0, 1, 0, 0, 1, 1] 
dagA14.txt 3_2x3.txt 0.48125 0.5 130.33333333333334 [0, 4, 2, 0, 4, 0, 2, 4, 0, 2, 4, 0, 0, 2, 4, 4, 1, 0, 2, 2, 2, 0, 4, 0, 4, 2, 0, 1, 0, 0, 1, 0, 1, 0, 4, 2, 2, 0, 2, 0, 4, 1, 1, 0, 3, 2, 3, 0, 1, 4] 
dagA14.txt 5_4_3_2x5.txt 0.7 0.7 45.2 [4, 1, 16, 8, 12, 4, 0, 12, 4, 12, 6, 4, 4, 0, 13, 1, 16, 4, 17, 0, 0, 3, 12, 4, 12, 0, 14, 8, 8, 3, 16, 4, 5, 16, 12, 1, 0, 8, 0, 4, 9, 0, 16, 7, 8, 10, 2, 8, 16, 18] 
dagA14.txt 4_1x1.txt 0.28125 0.35 299.0 [0, 1, 0, 0, 0, 1, 0, 1, 0, 0, 0, 0, 0, 0, 0, 1, 0, 0, 0, 1, 0, 0, 1, 0, 1, 0, 0, 0, 0, 0, 0, 0, 0, 0, 0, 0, 1, 0, 0, 0, 0, 1, 1, 0, 0, 0, 0, 0, 1, 1] 
dagA14.txt 5_4_3_2x5.txt 0.8 0.8 30.6 [8, 19, 0, 6, 17, 12, 5, 18, 10, 0, 14, 1, 8, 11, 4, 6, 16, 1, 0, 17, 9, 8, 12, 1, 17, 5, 11, 4, 15, 8, 13, 1, 2, 9, 18, 0, 14, 13, 12, 10, 4, 3, 16, 7, 6, 5, 8, 15, 16, 2] 
dagA14.txt 4_1x1.txt 0.09375 0.1 330.75 [0, 0, 0, 0, 0, 0, 0, 0, 0, 0, 0, 0, 0, 0, 0, 0, 0, 0, 0, 0, 0, 0, 0, 0, 0, 0, 0, 0, 0, 0, 1, 0, 1, 0, 0, 0, 0, 0, 0, 0, 0, 0, 0, 0, 1, 0, 0, 0, 0, 0] 
dagA14.txt 4_1x1.txt 0.30625 0.4 297.0 [0, 1, 0, 0, 0, 1, 0, 1, 0, 0, 0, 0, 0, 0, 0, 1, 0, 0, 0, 0, 0, 0, 0, 0, 0, 1, 1, 0, 0, 0, 0, 0, 0, 0, 0, 0, 1, 0, 0, 0, 0, 1, 1, 1, 0, 1, 0, 0, 1, 1] 
dagA14.txt 5_4_3_2x5.txt 0.33125 0.35 182.8 [0, 0, 0, 0, 4, 0, 0, 0, 0, 0, 0, 0, 0, 16, 4, 0, 0, 0, 4, 0, 0, 0, 0, 0, 0, 0, 0, 4, 0, 0, 4, 0, 8, 4, 4, 0, 0, 0, 0, 0, 4, 0, 0, 0, 4, 0, 12, 0, 0, 1] 
dagA14.txt 4_1x1.txt 0.30625 0.5 297.0 [0, 1, 0, 0, 0, 1, 0, 1, 0, 0, 0, 0, 0, 0, 0, 1, 0, 0, 0, 0, 0, 0, 0, 0, 0, 1, 1, 0, 0, 0, 0, 0, 0, 0, 0, 0, 1, 0, 0, 0, 0, 1, 1, 1, 0, 1, 0, 0, 1, 1] 
dagA14.txt 4_1x1.txt 0.28125 0.55 299.0 [0, 1, 0, 0, 0, 1, 0, 1, 0, 0, 0, 0, 0, 0, 0, 1, 0, 0, 0, 1, 0, 0, 1, 0, 1, 0, 0, 0, 0, 0, 0, 0, 0, 0, 0, 0, 1, 0, 0, 0, 0, 1, 1, 0, 0, 0, 0, 0, 1, 1] 
dagA14.txt 4_1x1.txt 0.30625 0.6 297.0 [0, 1, 0, 0, 0, 1, 0, 1, 0, 0, 0, 0, 0, 0, 0, 1, 0, 0, 0, 0, 0, 0, 0, 0, 0, 1, 1, 0, 0, 0, 0, 0, 0, 0, 0, 0, 1, 0, 0, 0, 0, 1, 1, 1, 0, 1, 0, 0, 1, 1] 
dagA14.txt 4_1x1.txt 0.30625 0.45 297.0 [0, 1, 0, 0, 0, 1, 0, 1, 0, 0, 0, 0, 0, 0, 0, 1, 0, 0, 0, 0, 0, 0, 0, 0, 0, 1, 1, 0, 0, 0, 0, 0, 0, 0, 0, 0, 1, 0, 0, 0, 0, 1, 1, 1, 0, 1, 0, 0, 1, 1] 
dagA14.txt 4_1x1.txt 0.30625 0.65 297.0 [0, 1, 0, 0, 0, 1, 0, 1, 0, 0, 0, 0, 0, 0, 0, 1, 0, 0, 0, 0, 0, 0, 0, 0, 0, 1, 1, 0, 0, 0, 0, 0, 0, 0, 0, 0, 1, 0, 0, 0, 0, 1, 1, 1, 0, 1, 0, 0, 1, 1] 
dagA14.txt 4_1x1.txt 0.28125 0.7 299.0 [0, 1, 0, 0, 0, 1, 0, 1, 0, 0, 0, 0, 0, 0, 0, 1, 0, 0, 0, 1, 0, 0, 1, 0, 1, 0, 0, 0, 0, 0, 0, 0, 0, 0, 0, 0, 1, 0, 0, 0, 0, 1, 1, 0, 0, 0, 0, 0, 1, 1] 
dagA14.txt 4_1x1.txt 0.28125 0.9 299.0 [0, 1, 0, 0, 0, 1, 0, 1, 0, 0, 0, 0, 0, 0, 0, 1, 0, 0, 0, 1, 0, 0, 1, 0, 1, 0, 0, 0, 0, 0, 0, 0, 0, 0, 0, 0, 1, 0, 0, 0, 0, 1, 1, 0, 0, 0, 0, 0, 1, 1] 
dagA14.txt 4_1x1.txt 0.28125 0.8 299.0 [0, 1, 0, 0, 0, 1, 0, 1, 0, 0, 0, 0, 0, 0, 0, 1, 0, 0, 0, 1, 0, 0, 1, 0, 1, 0, 0, 0, 0, 0, 0, 0, 0, 0, 0, 0, 1, 0, 0, 0, 0, 1, 1, 0, 0, 0, 0, 0, 1, 1] 
dagA14.txt 4_1x1.txt 0.16875 0.2 307.5 [0, 0, 0, 0, 0, 0, 0, 0, 0, 0, 0, 0, 0, 0, 0, 0, 0, 0, 0, 0, 0, 0, 0, 0, 0, 0, 0, 1, 0, 0, 1, 0, 1, 0, 0, 0, 0, 0, 0, 0, 1, 0, 0, 0, 1, 0, 0, 0, 0, 0] 
dagA14.txt 4_1x1.txt 0.30625 1 297.0 [0, 1, 0, 0, 0, 1, 0, 1, 0, 0, 0, 0, 0, 0, 0, 1, 0, 0, 0, 0, 0, 0, 0, 0, 0, 1, 1, 0, 0, 0, 0, 0, 0, 0, 0, 0, 1, 0, 0, 0, 0, 1, 1, 1, 0, 1, 0, 0, 1, 1] 
dagA14.txt 5_4_3_2x5.txt 0.65 0.65 83.0 [18, 4, 12, 0, 0, 0, 9, 15, 1, 8, 0, 0, 18, 1, 2, 4, 12, 0, 6, 0, 4, 0, 0, 4, 0, 8, 7, 5, 10, 18, 3, 0, 16, 0, 17, 4, 0, 3, 8, 0, 4, 11, 13, 5, 0, 9, 14, 0, 13, 16] 
dagA14.txt 4_1x1.txt 0.14375 0.15 319.0 [0, 0, 0, 0, 0, 0, 0, 0, 0, 0, 0, 0, 0, 0, 0, 0, 0, 0, 0, 0, 0, 0, 0, 0, 0, 0, 0, 1, 0, 0, 1, 0, 1, 0, 0, 0, 0, 0, 0, 0, 0, 0, 0, 0, 1, 0, 0, 0, 0, 0] 
dagA14.txt 5_4_3_2x5.txt 0.55 0.55 122.2 [0, 0, 4, 0, 4, 0, 0, 0, 0, 5, 0, 0, 0, 0, 4, 0, 4, 0, 1, 0, 17, 0, 0, 0, 0, 10, 0, 4, 4, 0, 12, 0, 8, 4, 4, 2, 0, 0, 13, 0, 4, 0, 4, 14, 16, 0, 9, 0, 4, 6] 
dagA14.txt 5_4_3_2x3.txt 0.1 0.1 260.6 [0, 0, 0, 0, 0, 0, 0, 0, 0, 0, 0, 0, 0, 0, 0, 0, 0, 0, 0, 0, 8, 0, 0, 0, 0, 0, 0, 0, 0, 5, 4, 0, 1, 0, 0, 0, 0, 0, 0, 0, 0, 0, 0, 0, 0, 0, 0, 0, 0, 1] 
dagA14.txt 5_4_3_2x3.txt 0.29375 0.3 193.2 [0, 0, 0, 0, 4, 0, 0, 0, 0, 0, 0, 0, 0, 8, 4, 0, 0, 0, 0, 0, 1, 0, 0, 0, 0, 0, 0, 4, 0, 0, 4, 0, 4, 0, 4, 0, 0, 0, 0, 0, 4, 0, 0, 0, 4, 0, 4, 0, 0, 5] 
dagA14.txt 5_4_3_2x3.txt 0.3875 0.4 168.4 [0, 3, 4, 1, 0, 0, 0, 0, 0, 0, 6, 0, 0, 0, 1, 8, 4, 0, 9, 0, 0, 0, 0, 0, 0, 0, 0, 0, 2, 0, 4, 0, 5, 0, 0, 0, 10, 0, 0, 0, 8, 4, 4, 0, 4, 0, 0, 4, 4, 7] 
dagA14.txt 5_4_3_2x3.txt 0.5 0.5 140.6 [0, 10, 0, 4, 4, 0, 0, 4, 0, 8, 0, 0, 1, 8, 4, 4, 0, 0, 2, 0, 0, 0, 0, 0, 0, 0, 0, 8, 4, 0, 9, 0, 5, 4, 1, 0, 6, 8, 0, 0, 4, 0, 0, 7, 4, 0, 0, 0, 0, 3] 
dagA14.txt 4_1x1.txt 0.25 0.25 584.0 [0, 0, 0, 0, 1, 1, 0, 1, 0, 1, 1, 0, 0, 1, 0, 0, 1, 0, 0, 0, 0, 0, 1, 0, 0, 0, 0, 1, 0, 0, 0, 0, 1, 0, 1, 0, 1, 0, 1, 0, 0, 1, 1, 1, 0, 0, 0, 0, 1, 1] 
dagA14.txt 3_2x3.txt 0.35 0.35 214.0 [0, 2, 0, 2, 2, 2, 0, 2, 0, 0, 2, 0, 2, 0, 2, 2, 0, 0, 4, 2, 0, 0, 2, 0, 2, 0, 0, 2, 2, 0, 4, 0, 4, 0, 2, 2, 2, 2, 2, 0, 2, 0, 0, 2, 4, 0, 0, 0, 0, 4] 
dagA14.txt 5_4_3_2x3.txt 0.6 0.6 67.6 [4, 0, 9, 4, 0, 0, 8, 0, 5, 1, 2, 4, 4, 6, 2, 0, 1, 4, 9, 8, 9, 4, 0, 4, 0, 8, 4, 6, 5, 4, 8, 4, 0, 5, 0, 9, 0, 5, 0, 4, 2, 1, 1, 11, 8, 3, 10, 4, 1, 7] 
dagA14.txt 5_4_3_2x3.txt 0.175 0.2 229.2 [0, 0, 0, 0, 0, 0, 0, 0, 0, 0, 0, 0, 0, 0, 4, 0, 0, 0, 0, 0, 0, 0, 0, 0, 0, 0, 0, 0, 1, 0, 4, 0, 4, 0, 8, 0, 0, 5, 0, 0, 4, 0, 0, 0, 0, 0, 0, 0, 0, 9] 
dagA14.txt 5_4_3_2x3.txt 0.71875 0.9 40.333333333333336 [0, 8, 5, 0, 1, 2, 9, 2, 6, 4, 1, 0, 0, 4, 8, 8, 0, 0, 5, 6, 6, 0, 1, 0, 1, 5, 9, 4, 10, 0, 10, 0, 8, 11, 2, 5, 7, 10, 2, 6, 8, 3, 3, 4, 4, 9, 9, 11, 3, 7] 
dagA14.txt 5_4_3_2x3.txt 0.7 0.7 40.0 [8, 10, 4, 8, 1, 9, 0, 1, 3, 4, 5, 8, 10, 0, 5, 1, 2, 8, 6, 0, 3, 8, 1, 6, 1, 4, 8, 9, 10, 8, 0, 8, 4, 8, 9, 6, 0, 10, 4, 6, 5, 2, 2, 9, 11, 0, 7, 2, 2, 7] 
dagA14.txt 5_4_3_2x3.txt 0.7125 1 41.0 [8, 7, 5, 8, 4, 4, 9, 2, 10, 0, 6, 8, 1, 6, 6, 7, 0, 8, 5, 9, 9, 8, 4, 5, 7, 9, 8, 2, 1, 8, 4, 8, 8, 10, 4, 5, 11, 1, 2, 10, 0, 0, 0, 2, 3, 9, 1, 3, 0, 11] 
dagA14.txt 5_4_3_2x3.txt 0.13125 0.15 242.8 [0, 0, 0, 0, 0, 0, 0, 0, 0, 0, 0, 0, 0, 0, 1, 0, 0, 0, 0, 0, 0, 0, 0, 0, 0, 0, 0, 0, 0, 0, 4, 0, 4, 0, 5, 0, 0, 0, 0, 0, 8, 0, 0, 0, 0, 0, 0, 0, 0, 9] 
dagA14.txt 5_4_3_2x3.txt 0.7375 0.8 40.0 [5, 3, 3, 5, 4, 10, 0, 0, 1, 9, 0, 5, 5, 11, 1, 2, 9, 5, 0, 10, 1, 5, 0, 2, 0, 10, 7, 4, 8, 5, 8, 5, 6, 4, 6, 2, 10, 8, 10, 2, 1, 7, 9, 11, 8, 5, 4, 8, 9, 6] 
dagA14.txt 3_2x3.txt 0.44375 0.45 150.66666666666666 [0, 4, 2, 0, 4, 0, 2, 4, 0, 2, 4, 0, 0, 2, 4, 4, 1, 0, 2, 2, 2, 0, 4, 0, 4, 2, 0, 0, 0, 0, 2, 0, 4, 0, 4, 2, 2, 0, 2, 0, 4, 1, 1, 0, 4, 2, 3, 0, 1, 4] 
dagA14.txt 5_4_3_2x3.txt 0.5375 0.55 112.8 [0, 9, 0, 5, 8, 0, 0, 8, 0, 1, 5, 0, 0, 0, 5, 9, 0, 0, 2, 4, 0, 0, 8, 0, 8, 0, 0, 4, 6, 0, 4, 0, 1, 0, 8, 3, 1, 4, 4, 0, 9, 0, 0, 11, 4, 1, 10, 0, 0, 7] 
dagA14.txt 5_4_3_2x3.txt 0.425 0.45 157.8 [1, 0, 4, 0, 0, 0, 0, 7, 0, 0, 0, 0, 5, 0, 0, 0, 4, 0, 1, 0, 0, 0, 0, 0, 0, 0, 0, 4, 2, 1, 9, 0, 8, 0, 5, 0, 0, 3, 10, 0, 4, 0, 4, 0, 4, 0, 6, 0, 4, 8] 
dagA14.txt 3_2x3.txt 0.1375 0.15 395.6666666666667 [0, 0, 0, 0, 0, 0, 0, 0, 0, 0, 0, 0, 0, 0, 2, 0, 0, 0, 0, 0, 0, 0, 0, 0, 0, 0, 0, 0, 0, 0, 2, 0, 4, 0, 0, 0, 0, 0, 0, 0, 2, 1, 1, 0, 0, 0, 0, 0, 1, 4] 
dagA14.txt 5_4_3_2x3.txt 0.31875 0.35 180.6 [0, 0, 0, 0, 4, 0, 0, 0, 0, 0, 0, 0, 0, 0, 4, 0, 0, 0, 4, 0, 0, 0, 0, 0, 0, 0, 0, 4, 0, 0, 4, 0, 4, 4, 4, 0, 0, 0, 0, 0, 4, 0, 8, 0, 4, 0, 1, 0, 8, 5] 
dagA14.txt 3_2x3.txt 0.55 0.55 112.33333333333333 [2, 1, 1, 2, 4, 0, 5, 0, 3, 4, 4, 2, 0, 3, 3, 1, 0, 2, 1, 4, 5, 2, 4, 2, 4, 1, 5, 0, 3, 2, 4, 2, 4, 2, 0, 1, 4, 3, 0, 2, 2, 5, 0, 1, 2, 5, 5, 2, 0, 4] 
dagA14.txt 5_4_3_2x3.txt 0.64375 0.65 42.6 [0, 4, 4, 0, 9, 1, 5, 9, 0, 8, 9, 0, 0, 11, 2, 4, 1, 0, 4, 5, 2, 0, 9, 4, 9, 5, 5, 1, 3, 0, 6, 0, 8, 4, 10, 4, 5, 6, 5, 0, 2, 8, 1, 1, 6, 8, 7, 0, 1, 8] 
dagA14.txt 4_1x4.txt 0.7 0.7 116.25 [5, 5, 2, 6, 2, 1, 0, 1, 4, 0, 0, 6, 6, 0, 4, 7, 0, 6, 0, 7, 4, 6, 7, 5, 7, 2, 6, 0, 2, 6, 2, 6, 0, 4, 0, 5, 0, 2, 1, 4, 0, 3, 3, 1, 2, 3, 6, 2, 3, 0] 
dagA14.txt 5_4_3_2x3.txt 0.20625 0.25 221.0 [0, 0, 0, 0, 0, 0, 0, 0, 0, 0, 0, 0, 0, 0, 1, 0, 4, 0, 0, 0, 0, 0, 0, 0, 0, 0, 0, 0, 0, 0, 4, 0, 4, 0, 5, 0, 0, 0, 0, 0, 8, 0, 4, 0, 4, 0, 0, 0, 0, 9] 
dagA14.txt 4_1x4.txt 0.725 0.9 79.0 [5, 6, 2, 6, 2, 1, 0, 1, 4, 0, 0, 6, 6, 0, 4, 7, 0, 6, 0, 7, 4, 6, 7, 5, 7, 2, 6, 2, 2, 6, 6, 6, 6, 4, 4, 5, 0, 2, 0, 4, 4, 3, 3, 1, 2, 4, 6, 2, 3, 0] 
dagA14.txt 3_2x3.txt 0.2125 0.25 364.0 [0, 0, 0, 0, 0, 0, 0, 0, 0, 0, 0, 0, 0, 0, 2, 0, 0, 0, 0, 0, 0, 0, 0, 0, 0, 0, 0, 2, 0, 0, 2, 0, 4, 0, 0, 0, 0, 0, 0, 0, 2, 1, 1, 0, 2, 0, 0, 0, 1, 4] 
dagA14.txt 4_1x4.txt 0.725 0.8 79.0 [5, 6, 2, 6, 2, 1, 0, 1, 4, 0, 0, 6, 6, 0, 4, 7, 0, 6, 0, 7, 4, 6, 7, 5, 7, 2, 6, 2, 2, 6, 6, 6, 6, 4, 4, 5, 0, 2, 0, 4, 4, 3, 3, 1, 2, 4, 6, 2, 3, 0] 
dagA14.txt 4_1x4.txt 0.725 1 79.0 [5, 6, 2, 6, 2, 1, 0, 1, 4, 0, 0, 6, 6, 0, 4, 7, 0, 6, 0, 7, 4, 6, 7, 5, 7, 2, 6, 2, 2, 6, 6, 6, 6, 4, 4, 5, 0, 2, 0, 4, 4, 3, 3, 1, 2, 4, 6, 2, 3, 0] 
dagA14.txt 4_1x2.txt 0.5 0.5 236.0 [2, 1, 1, 2, 0, 3, 0, 3, 1, 0, 0, 2, 2, 0, 0, 3, 0, 2, 0, 3, 1, 2, 3, 1, 3, 1, 2, 0, 2, 2, 2, 2, 0, 2, 3, 1, 0, 2, 3, 1, 0, 0, 0, 3, 2, 0, 2, 2, 0, 0] 
dagA14.txt 4_1x2.txt 0.55625 0.6 155.75 [2, 1, 0, 2, 2, 3, 0, 3, 0, 0, 0, 2, 2, 0, 0, 3, 0, 2, 0, 3, 2, 2, 3, 1, 3, 1, 2, 2, 2, 2, 2, 2, 2, 0, 0, 1, 0, 2, 0, 1, 2, 0, 0, 3, 2, 0, 2, 2, 0, 0] 
dagA14.txt 4_1x2.txt 0.54375 0.55 159.0 [2, 1, 0, 2, 2, 3, 0, 3, 0, 0, 0, 2, 2, 0, 0, 3, 0, 2, 0, 3, 1, 2, 3, 1, 3, 1, 2, 2, 2, 2, 2, 2, 2, 0, 0, 1, 0, 2, 0, 1, 2, 0, 0, 3, 2, 0, 2, 2, 0, 0] 
dagA14.txt 4_1x2.txt 0.55625 0.65 155.75 [2, 1, 0, 2, 2, 3, 0, 3, 0, 0, 0, 2, 2, 0, 0, 3, 0, 2, 0, 3, 2, 2, 3, 1, 3, 1, 2, 2, 2, 2, 2, 2, 2, 0, 0, 1, 0, 2, 0, 1, 2, 0, 0, 3, 2, 0, 2, 2, 0, 0] 
dagA14.txt 4_1x2.txt 0.55625 0.7 155.75 [2, 1, 0, 2, 2, 3, 0, 3, 0, 0, 0, 2, 2, 0, 0, 3, 0, 2, 0, 3, 2, 2, 3, 1, 3, 1, 2, 2, 2, 2, 2, 2, 2, 0, 0, 1, 0, 2, 0, 1, 2, 0, 0, 3, 2, 0, 2, 2, 0, 0] 
dagA14.txt 4_1x2.txt 0.55625 0.9 155.75 [2, 1, 0, 2, 2, 3, 0, 3, 0, 0, 0, 2, 2, 0, 0, 3, 0, 2, 0, 3, 2, 2, 3, 1, 3, 1, 2, 2, 2, 2, 2, 2, 2, 0, 0, 1, 0, 2, 0, 1, 2, 0, 0, 3, 2, 0, 2, 2, 0, 0] 
dagA14.txt 4_1x2.txt 0.55625 0.8 155.75 [2, 1, 0, 2, 2, 3, 0, 3, 0, 0, 0, 2, 2, 0, 0, 3, 0, 2, 0, 3, 2, 2, 3, 1, 3, 1, 2, 2, 2, 2, 2, 2, 2, 0, 0, 1, 0, 2, 0, 1, 2, 0, 0, 3, 2, 0, 2, 2, 0, 0] 
dagA14.txt 4_1x2.txt 0.55625 1 155.75 [2, 1, 0, 2, 2, 3, 0, 3, 0, 0, 0, 2, 2, 0, 0, 3, 0, 2, 0, 3, 2, 2, 3, 1, 3, 1, 2, 2, 2, 2, 2, 2, 2, 0, 0, 1, 0, 2, 0, 1, 2, 0, 0, 3, 2, 0, 2, 2, 0, 0] 
dagA14.txt 4_1x2.txt 0.19375 0.2 278.5 [0, 2, 1, 0, 0, 0, 0, 0, 0, 0, 0, 0, 0, 0, 0, 2, 1, 0, 2, 0, 0, 0, 0, 0, 0, 0, 0, 0, 0, 0, 0, 0, 2, 0, 0, 0, 0, 0, 0, 0, 2, 1, 1, 0, 0, 0, 0, 0, 1, 2] 
dagA14.txt 4_1x2.txt 0.08125 0.1 339.5 [0, 0, 0, 0, 0, 0, 0, 0, 0, 0, 0, 0, 0, 0, 0, 0, 2, 0, 0, 0, 0, 0, 0, 0, 0, 0, 0, 0, 0, 0, 0, 0, 2, 0, 0, 0, 0, 0, 0, 0, 0, 0, 2, 0, 0, 0, 0, 0, 0, 0] 
dagA14.txt 4_1x2.txt 0.3875 0.4 185.0 [0, 0, 0, 3, 0, 0, 2, 0, 3, 2, 1, 0, 0, 2, 3, 0, 1, 0, 0, 0, 2, 2, 0, 0, 0, 0, 2, 1, 3, 2, 0, 0, 2, 0, 0, 0, 2, 3, 0, 0, 0, 2, 1, 1, 0, 2, 2, 0, 1, 2] 
dagA14.txt 4_1x4.txt 0.09375 0.1 327.25 [0, 2, 0, 0, 0, 0, 0, 0, 0, 0, 0, 0, 0, 0, 0, 2, 0, 0, 2, 0, 0, 0, 0, 0, 0, 0, 0, 0, 0, 0, 0, 0, 2, 0, 0, 0, 0, 0, 0, 0, 0, 0, 0, 0, 0, 0, 0, 0, 0, 2] 
dagA14.txt 4_1x4.txt 0.38125 0.4 173.0 [0, 2, 2, 2, 2, 0, 0, 2, 0, 0, 0, 0, 4, 0, 2, 2, 0, 0, 2, 0, 0, 0, 0, 0, 0, 2, 0, 4, 2, 0, 4, 0, 6, 0, 2, 2, 0, 4, 2, 0, 2, 2, 0, 4, 2, 0, 0, 2, 0, 6] 
dagA14.txt 4_1x4.txt 0.6 0.6 97.0 [2, 3, 2, 2, 0, 1, 4, 5, 2, 0, 0, 2, 2, 0, 7, 3, 0, 2, 2, 4, 4, 2, 5, 2, 5, 4, 1, 0, 6, 2, 6, 2, 0, 4, 0, 3, 0, 6, 4, 2, 6, 6, 1, 3, 6, 4, 7, 6, 1, 0] 
dagA14.txt 4_1x2.txt 0.3 0.3 217.25 [0, 1, 2, 0, 0, 0, 0, 0, 0, 0, 0, 0, 0, 0, 2, 0, 2, 0, 1, 0, 0, 0, 0, 0, 0, 2, 0, 2, 2, 0, 2, 0, 1, 0, 0, 0, 0, 0, 0, 0, 2, 2, 2, 0, 2, 0, 0, 2, 2, 1] 
dagA14.txt 4_1x4.txt 0.6375 0.65 167.0 [5, 5, 5, 6, 7, 1, 0, 1, 4, 0, 0, 6, 6, 0, 4, 7, 3, 6, 5, 7, 4, 6, 7, 5, 7, 2, 6, 0, 2, 6, 2, 6, 0, 4, 1, 5, 0, 2, 1, 4, 7, 3, 3, 1, 2, 3, 6, 2, 3, 0] 
dagA14.txt 4_1x4.txt 0.5 0.5 92.0 [0, 6, 6, 0, 2, 2, 4, 2, 0, 4, 2, 0, 0, 4, 6, 6, 3, 0, 6, 2, 4, 0, 2, 0, 2, 4, 4, 5, 0, 0, 4, 0, 2, 0, 2, 6, 2, 0, 2, 0, 6, 4, 3, 5, 1, 4, 7, 0, 3, 2] 
dagA14.txt 4_1x4.txt 0.2 0.2 291.5 [0, 2, 0, 0, 0, 0, 0, 0, 0, 0, 0, 0, 0, 0, 0, 2, 0, 0, 2, 0, 0, 0, 0, 0, 0, 0, 0, 2, 0, 0, 2, 0, 2, 0, 0, 0, 0, 0, 0, 0, 0, 0, 0, 0, 2, 0, 0, 0, 0, 2] 
dagA14.txt 4_1x2.txt 0.24375 0.25 254.5 [0, 2, 1, 0, 0, 0, 0, 0, 0, 0, 0, 0, 0, 0, 0, 2, 1, 0, 2, 0, 0, 0, 0, 0, 0, 0, 0, 0, 0, 0, 2, 0, 2, 0, 0, 0, 0, 0, 0, 0, 2, 1, 1, 0, 2, 0, 0, 0, 1, 2] 
dagA14.txt 3_2x2.txt 0.08125 0.1 452.6666666666667 [0, 0, 0, 0, 0, 0, 0, 0, 0, 0, 0, 0, 0, 0, 0, 0, 2, 0, 0, 0, 0, 0, 0, 0, 0, 0, 0, 0, 0, 0, 0, 0, 2, 0, 0, 0, 0, 0, 0, 0, 0, 0, 2, 0, 0, 0, 0, 0, 0, 0] 
dagA14.txt 4_1x2.txt 0.14375 0.15 301.0 [0, 0, 2, 0, 0, 0, 0, 0, 0, 0, 0, 0, 0, 0, 0, 0, 2, 0, 1, 0, 0, 0, 0, 0, 0, 0, 0, 0, 0, 0, 0, 0, 1, 0, 0, 0, 0, 0, 0, 0, 0, 2, 2, 0, 0, 0, 0, 0, 2, 1] 
dagA14.txt 4_1x4.txt 0.29375 0.3 231.25 [0, 2, 2, 0, 0, 0, 0, 4, 0, 0, 0, 0, 4, 0, 0, 0, 0, 0, 2, 2, 0, 0, 0, 0, 0, 2, 0, 0, 4, 0, 2, 0, 6, 0, 4, 0, 0, 4, 2, 0, 0, 2, 0, 0, 2, 0, 0, 2, 0, 6] 
dagA14.txt 4_1x2.txt 0.45 0.45 335.0 [0, 3, 3, 0, 2, 2, 1, 2, 0, 1, 2, 0, 0, 2, 3, 3, 2, 0, 3, 1, 3, 0, 2, 0, 2, 1, 0, 2, 0, 0, 1, 0, 0, 0, 2, 3, 1, 0, 1, 0, 3, 1, 2, 3, 0, 1, 3, 0, 2, 1] 
dagA14.txt 3_2x2.txt 0.4875 0.5 153.66666666666666 [2, 1, 1, 2, 3, 3, 0, 3, 1, 0, 0, 2, 2, 0, 0, 3, 0, 2, 2, 3, 1, 2, 3, 1, 3, 1, 2, 0, 2, 2, 2, 2, 2, 1, 3, 1, 0, 2, 3, 1, 3, 0, 0, 3, 2, 0, 2, 2, 0, 0] 
dagA14.txt 3_2x2.txt 0.4875 0.6 153.66666666666666 [2, 1, 1, 2, 3, 3, 0, 3, 1, 0, 0, 2, 2, 0, 0, 3, 0, 2, 2, 3, 1, 2, 3, 1, 3, 1, 2, 0, 2, 2, 2, 2, 2, 1, 3, 1, 0, 2, 3, 1, 3, 0, 0, 3, 2, 0, 2, 2, 0, 0] 
dagA14.txt 3_2x2.txt 0.4875 0.55 153.66666666666666 [2, 1, 1, 2, 3, 3, 0, 3, 1, 0, 0, 2, 2, 0, 0, 3, 0, 2, 2, 3, 1, 2, 3, 1, 3, 1, 2, 0, 2, 2, 2, 2, 2, 1, 3, 1, 0, 2, 3, 1, 3, 0, 0, 3, 2, 0, 2, 2, 0, 0] 
dagA14.txt 3_2x2.txt 0.4875 0.65 153.66666666666666 [2, 1, 1, 2, 3, 3, 0, 3, 1, 0, 0, 2, 2, 0, 0, 3, 0, 2, 2, 3, 1, 2, 3, 1, 3, 1, 2, 0, 2, 2, 2, 2, 2, 1, 3, 1, 0, 2, 3, 1, 3, 0, 0, 3, 2, 0, 2, 2, 0, 0] 
dagA14.txt 3_2x2.txt 0.3 0.3 289.6666666666667 [0, 1, 2, 0, 0, 0, 0, 0, 0, 0, 0, 0, 0, 0, 2, 0, 2, 0, 1, 0, 0, 0, 0, 0, 0, 2, 0, 2, 2, 0, 2, 0, 1, 0, 0, 0, 0, 0, 0, 0, 2, 2, 2, 0, 2, 0, 0, 2, 2, 1] 
dagA14.txt 3_2x2.txt 0.4875 0.7 153.66666666666666 [2, 1, 1, 2, 3, 3, 0, 3, 1, 0, 0, 2, 2, 0, 0, 3, 0, 2, 2, 3, 1, 2, 3, 1, 3, 1, 2, 0, 2, 2, 2, 2, 2, 1, 3, 1, 0, 2, 3, 1, 3, 0, 0, 3, 2, 0, 2, 2, 0, 0] 
dagA14.txt 3_2x2.txt 0.4875 0.8 153.66666666666666 [2, 1, 1, 2, 3, 3, 0, 3, 1, 0, 0, 2, 2, 0, 0, 3, 0, 2, 2, 3, 1, 2, 3, 1, 3, 1, 2, 0, 2, 2, 2, 2, 2, 1, 3, 1, 0, 2, 3, 1, 3, 0, 0, 3, 2, 0, 2, 2, 0, 0] 
dagA14.txt 3_2x2.txt 0.4875 0.9 153.66666666666666 [2, 1, 1, 2, 3, 3, 0, 3, 1, 0, 0, 2, 2, 0, 0, 3, 0, 2, 2, 3, 1, 2, 3, 1, 3, 1, 2, 0, 2, 2, 2, 2, 2, 1, 3, 1, 0, 2, 3, 1, 3, 0, 0, 3, 2, 0, 2, 2, 0, 0] 
dagA14.txt 3_2x2.txt 0.4875 1 153.66666666666666 [2, 1, 1, 2, 3, 3, 0, 3, 1, 0, 0, 2, 2, 0, 0, 3, 0, 2, 2, 3, 1, 2, 3, 1, 3, 1, 2, 0, 2, 2, 2, 2, 2, 1, 3, 1, 0, 2, 3, 1, 3, 0, 0, 3, 2, 0, 2, 2, 0, 0] 
dagA14.txt 4_1x4.txt 0.15 0.15 303.25 [0, 2, 0, 0, 0, 0, 0, 0, 0, 0, 0, 0, 0, 0, 0, 2, 0, 0, 2, 0, 0, 0, 0, 0, 0, 0, 0, 0, 0, 0, 2, 0, 2, 0, 0, 0, 0, 0, 0, 0, 0, 0, 0, 0, 2, 0, 0, 0, 0, 2] 
dagA14.txt 3_2x2.txt 0.19375 0.2 371.3333333333333 [0, 2, 1, 0, 0, 0, 0, 0, 0, 0, 0, 0, 0, 0, 0, 2, 1, 0, 2, 0, 0, 0, 0, 0, 0, 0, 0, 0, 0, 0, 0, 0, 2, 0, 0, 0, 0, 0, 0, 0, 2, 1, 1, 0, 0, 0, 0, 0, 1, 2] 
dagA14.txt 4_1x4.txt 0.55 0.55 117.0 [0, 1, 1, 4, 6, 0, 2, 6, 0, 2, 6, 0, 0, 2, 4, 1, 3, 0, 0, 5, 2, 0, 6, 0, 6, 2, 0, 6, 4, 0, 7, 0, 5, 0, 6, 1, 5, 7, 2, 0, 4, 2, 3, 3, 4, 2, 7, 4, 3, 5] 
dagA14.txt 3_2x2.txt 0.4 0.4 230.66666666666666 [0, 0, 0, 3, 0, 0, 2, 0, 3, 2, 1, 0, 0, 2, 3, 0, 1, 0, 0, 0, 2, 2, 0, 0, 0, 0, 2, 1, 3, 2, 3, 0, 2, 0, 0, 0, 2, 3, 0, 0, 0, 2, 1, 1, 0, 2, 2, 0, 1, 2] 
dagA14.txt 4_1x2.txt 0.34375 0.35 176.75 [0, 2, 1, 0, 2, 2, 0, 2, 0, 0, 2, 0, 0, 0, 0, 2, 1, 0, 2, 1, 0, 0, 2, 0, 2, 0, 0, 2, 0, 0, 2, 0, 2, 0, 2, 2, 2, 0, 1, 0, 2, 0, 1, 2, 0, 0, 0, 0, 1, 2] 
dagA14.txt 3_2x2.txt 0.14375 0.15 401.3333333333333 [0, 0, 2, 0, 0, 0, 0, 0, 0, 0, 0, 0, 0, 0, 0, 0, 2, 0, 1, 0, 0, 0, 0, 0, 0, 0, 0, 0, 0, 0, 0, 0, 1, 0, 0, 0, 0, 0, 0, 0, 0, 2, 2, 0, 0, 0, 0, 0, 2, 1] 
dagA14.txt 5_4_3_2x1.txt 0.4875 0.5 113.0 [1, 2, 2, 1, 0, 3, 0, 3, 2, 0, 0, 1, 1, 0, 0, 3, 0, 1, 2, 3, 2, 1, 3, 2, 3, 2, 1, 0, 1, 1, 1, 1, 0, 2, 3, 2, 0, 1, 3, 2, 0, 0, 0, 3, 1, 0, 1, 1, 0, 0] 
dagA14.txt 5_4_3_2x1.txt 0.50625 0.6 107.33333333333333 [1, 2, 2, 1, 0, 3, 0, 3, 2, 0, 0, 1, 1, 0, 0, 3, 0, 1, 2, 3, 2, 1, 3, 2, 3, 2, 1, 0, 1, 1, 1, 1, 1, 2, 3, 2, 0, 1, 3, 2, 0, 0, 0, 3, 1, 0, 1, 1, 0, 0] 
dagA14.txt 5_4_3_2x1.txt 0.50625 0.55 107.33333333333333 [1, 2, 2, 1, 0, 3, 0, 3, 2, 0, 0, 1, 1, 0, 0, 3, 0, 1, 2, 3, 2, 1, 3, 2, 3, 2, 1, 0, 1, 1, 1, 1, 1, 2, 3, 2, 0, 1, 3, 2, 0, 0, 0, 3, 1, 0, 1, 1, 0, 0] 
dagA14.txt 3_2x2.txt 0.34375 0.35 235.66666666666666 [0, 2, 1, 0, 2, 2, 0, 2, 0, 0, 2, 0, 0, 0, 0, 2, 1, 0, 2, 1, 0, 0, 2, 0, 2, 0, 0, 2, 0, 0, 2, 0, 2, 0, 2, 2, 2, 0, 1, 0, 2, 0, 1, 2, 0, 0, 0, 0, 1, 2] 
dagA14.txt 5_4_3_2x1.txt 0.50625 0.65 107.33333333333333 [1, 2, 2, 1, 0, 3, 0, 3, 2, 0, 0, 1, 1, 0, 0, 3, 0, 1, 2, 3, 2, 1, 3, 2, 3, 2, 1, 0, 1, 1, 1, 1, 1, 2, 3, 2, 0, 1, 3, 2, 0, 0, 0, 3, 1, 0, 1, 1, 0, 0] 
dagA14.txt 5_4_3_2x1.txt 0.50625 0.9 107.33333333333333 [1, 2, 2, 1, 0, 3, 0, 3, 2, 0, 0, 1, 1, 0, 0, 3, 0, 1, 2, 3, 2, 1, 3, 2, 3, 2, 1, 0, 1, 1, 1, 1, 1, 2, 3, 2, 0, 1, 3, 2, 0, 0, 0, 3, 1, 0, 1, 1, 0, 0] 
dagA14.txt 5_4_3_2x1.txt 0.50625 0.7 107.33333333333333 [1, 2, 2, 1, 0, 3, 0, 3, 2, 0, 0, 1, 1, 0, 0, 3, 0, 1, 2, 3, 2, 1, 3, 2, 3, 2, 1, 0, 1, 1, 1, 1, 1, 2, 3, 2, 0, 1, 3, 2, 0, 0, 0, 3, 1, 0, 1, 1, 0, 0] 
dagA14.txt 5_4_3_2x1.txt 0.50625 1 107.33333333333333 [1, 2, 2, 1, 0, 3, 0, 3, 2, 0, 0, 1, 1, 0, 0, 3, 0, 1, 2, 3, 2, 1, 3, 2, 3, 2, 1, 0, 1, 1, 1, 1, 1, 2, 3, 2, 0, 1, 3, 2, 0, 0, 0, 3, 1, 0, 1, 1, 0, 0] 
dagA14.txt 5_4_3_2x1.txt 0.50625 0.8 107.33333333333333 [1, 2, 2, 1, 0, 3, 0, 3, 2, 0, 0, 1, 1, 0, 0, 3, 0, 1, 2, 3, 2, 1, 3, 2, 3, 2, 1, 0, 1, 1, 1, 1, 1, 2, 3, 2, 0, 1, 3, 2, 0, 0, 0, 3, 1, 0, 1, 1, 0, 0] 
dagA14.txt 5_4_3_2x1.txt 0.19375 0.2 222.8 [0, 1, 2, 0, 0, 0, 0, 0, 0, 0, 0, 0, 0, 0, 0, 1, 2, 0, 1, 0, 0, 0, 0, 0, 0, 0, 0, 0, 0, 0, 0, 0, 1, 0, 0, 0, 0, 0, 0, 0, 1, 2, 2, 0, 0, 0, 0, 0, 2, 1] 
dagA14.txt 5_4_3_2x1.txt 0.08125 0.1 271.6 [0, 0, 0, 0, 0, 0, 0, 0, 0, 0, 0, 0, 0, 0, 0, 0, 1, 0, 0, 0, 0, 0, 0, 0, 0, 0, 0, 0, 0, 0, 0, 0, 1, 0, 0, 0, 0, 0, 0, 0, 0, 0, 1, 0, 0, 0, 0, 0, 0, 0] 
dagA14.txt 5_4_3_2x1.txt 0.3 0.3 173.8 [0, 2, 1, 0, 0, 0, 0, 0, 0, 0, 0, 0, 0, 0, 1, 0, 1, 0, 2, 0, 0, 0, 0, 0, 0, 1, 0, 1, 1, 0, 1, 0, 2, 0, 0, 0, 0, 0, 0, 0, 1, 1, 1, 0, 1, 0, 0, 1, 1, 2] 
dagA14.txt 4_1x4.txt 0.45 0.45 113.5 [0, 2, 4, 0, 2, 4, 4, 2, 0, 4, 2, 0, 0, 6, 2, 2, 1, 0, 2, 4, 4, 0, 2, 0, 2, 4, 0, 6, 0, 0, 0, 0, 3, 4, 2, 2, 4, 0, 4, 0, 2, 4, 1, 6, 0, 4, 0, 0, 1, 3] 
dagA14.txt 5_4_3_2x4.txt None 0.1 20000000000.0 None 
dagA14.txt 3_2x2.txt 0.45 0.45 167.5 [0, 3, 3, 0, 2, 2, 1, 2, 0, 1, 2, 0, 0, 2, 3, 3, 2, 0, 3, 1, 3, 0, 2, 0, 2, 1, 0, 2, 0, 0, 1, 0, 0, 0, 2, 3, 1, 0, 1, 0, 3, 1, 2, 3, 0, 1, 3, 0, 2, 1] 
dagA14.txt 5_4_3_2x1.txt 0.4 0.4 138.4 [0, 0, 0, 3, 0, 0, 1, 0, 3, 1, 2, 0, 0, 1, 3, 0, 2, 0, 0, 0, 1, 1, 0, 0, 0, 0, 1, 2, 3, 1, 3, 0, 1, 0, 0, 0, 1, 3, 0, 0, 0, 1, 2, 2, 0, 1, 1, 0, 2, 1] 
dagA14.txt 4_1x4.txt 0.2375 0.25 257.25 [0, 4, 2, 0, 0, 0, 0, 2, 0, 0, 0, 0, 2, 0, 0, 0, 0, 0, 4, 2, 0, 0, 0, 0, 0, 0, 0, 0, 2, 0, 2, 0, 6, 0, 2, 0, 0, 2, 2, 0, 0, 0, 0, 0, 0, 0, 0, 0, 0, 6] 
dagA14.txt 5_4_3_2x4.txt 0.3625 0.4 178.8 [0, 0, 0, 0, 4, 0, 0, 0, 0, 0, 0, 0, 0, 1, 12, 0, 4, 0, 4, 0, 0, 0, 0, 0, 0, 0, 0, 4, 0, 0, 4, 0, 4, 4, 4, 0, 0, 0, 0, 0, 8, 0, 4, 0, 4, 0, 0, 0, 0, 5] 
dagA14.txt 5_4_3_2x4.txt 0.18125 0.2 231.4 [0, 0, 0, 0, 0, 0, 0, 0, 0, 0, 0, 0, 0, 0, 12, 0, 0, 0, 0, 0, 0, 0, 0, 0, 0, 0, 0, 0, 1, 0, 4, 0, 4, 0, 0, 0, 0, 0, 0, 0, 8, 0, 0, 0, 4, 0, 0, 9, 0, 5] 
dagA14.txt 5_4_3_2x4.txt 0.15 0.15 239.8 [0, 0, 0, 0, 0, 0, 0, 0, 0, 0, 0, 0, 0, 0, 12, 0, 0, 0, 0, 0, 0, 0, 0, 0, 0, 0, 0, 0, 0, 5, 4, 0, 4, 0, 0, 0, 0, 0, 0, 0, 8, 0, 0, 0, 4, 0, 0, 0, 0, 1] 
dagA14.txt 5_4_3_2x4.txt 0.2875 0.3 189.2 [0, 0, 0, 0, 4, 0, 0, 0, 0, 0, 0, 0, 0, 0, 4, 0, 0, 0, 4, 0, 0, 0, 0, 0, 0, 0, 0, 4, 0, 0, 4, 0, 4, 0, 4, 0, 0, 0, 0, 0, 4, 0, 8, 0, 4, 0, 12, 0, 8, 1] 
dagA14.txt 3_2x2.txt 0.24375 0.25 339.3333333333333 [0, 2, 1, 0, 0, 0, 0, 0, 0, 0, 0, 0, 0, 0, 0, 2, 1, 0, 2, 0, 0, 0, 0, 0, 0, 0, 0, 0, 0, 0, 2, 0, 2, 0, 0, 0, 0, 0, 0, 0, 2, 1, 1, 0, 2, 0, 0, 0, 1, 2] 
dagA14.txt 5_4_3_2x1.txt 0.14375 0.15 240.8 [0, 0, 1, 0, 0, 0, 0, 0, 0, 0, 0, 0, 0, 0, 0, 0, 1, 0, 2, 0, 0, 0, 0, 0, 0, 0, 0, 0, 0, 0, 0, 0, 2, 0, 0, 0, 0, 0, 0, 0, 0, 1, 1, 0, 0, 0, 0, 0, 1, 2] 
dagA14.txt 5_4_3_2x4.txt 0.76875 0.9 31.6 [8, 10, 8, 0, 6, 1, 12, 4, 13, 14, 4, 13, 9, 5, 2, 10, 0, 12, 10, 1, 11, 0, 4, 8, 4, 14, 12, 5, 0, 8, 9, 13, 12, 8, 6, 8, 1, 9, 1, 7, 2, 14, 3, 5, 4, 12, 0, 0, 3, 15] 
dagA14.txt 5_4_3_2x4.txt 0.49375 0.5 137.4 [0, 10, 8, 0, 4, 0, 1, 0, 0, 0, 4, 0, 0, 4, 4, 0, 0, 0, 2, 5, 0, 0, 0, 0, 0, 8, 0, 4, 0, 0, 13, 0, 9, 0, 0, 0, 6, 0, 5, 0, 4, 12, 12, 4, 8, 1, 0, 0, 12, 14] 
dagA14.txt 5_4_3_2x4.txt 0.79375 1 31.0 [5, 6, 1, 13, 2, 11, 0, 4, 7, 12, 14, 13, 13, 12, 14, 6, 10, 13, 4, 15, 0, 5, 2, 1, 2, 1, 5, 8, 0, 5, 9, 13, 8, 12, 4, 1, 8, 3, 4, 0, 6, 12, 10, 11, 9, 15, 5, 3, 10, 8] 
dagA14.txt 5_4_3_2x1.txt 0.34375 0.35 146.75 [0, 1, 2, 0, 1, 1, 0, 1, 0, 0, 1, 0, 0, 0, 0, 1, 2, 0, 1, 2, 0, 0, 1, 0, 1, 0, 0, 1, 0, 0, 1, 0, 1, 0, 1, 1, 1, 0, 2, 0, 1, 0, 2, 1, 0, 0, 0, 0, 2, 1] 
dagA14.txt 5_4_3_2x4.txt 0.44375 0.45 150.0 [0, 0, 4, 0, 4, 0, 0, 0, 0, 4, 4, 0, 0, 0, 4, 0, 4, 0, 4, 0, 0, 0, 0, 0, 0, 0, 0, 4, 4, 0, 4, 0, 4, 4, 4, 0, 0, 0, 0, 0, 8, 0, 0, 0, 4, 0, 12, 0, 0, 1] 
dagA14.txt 5_4_3_2x4.txt 0.7 0.7 41.8 [0, 8, 7, 0, 1, 10, 5, 6, 11, 9, 1, 0, 0, 5, 3, 8, 13, 0, 8, 10, 12, 0, 1, 12, 0, 9, 0, 14, 4, 0, 4, 0, 2, 12, 6, 12, 1, 4, 10, 12, 8, 5, 13, 15, 4, 9, 0, 4, 13, 2] 
dagA14.txt 5_4_3_2x4.txt 0.8 0.8 34.75 [13, 6, 8, 1, 6, 5, 0, 10, 4, 12, 14, 13, 13, 12, 2, 6, 0, 1, 8, 15, 0, 13, 14, 11, 14, 8, 13, 10, 4, 13, 9, 1, 8, 9, 5, 11, 4, 7, 5, 0, 2, 12, 3, 10, 9, 15, 1, 7, 3, 4] 
dagA14.txt 5_4_3_2x1.txt 0.24375 0.25 203.6 [0, 1, 2, 0, 0, 0, 0, 0, 0, 0, 0, 0, 0, 0, 0, 1, 2, 0, 1, 0, 0, 0, 0, 0, 0, 0, 0, 0, 0, 0, 1, 0, 1, 0, 0, 0, 0, 0, 0, 0, 1, 2, 2, 0, 1, 0, 0, 0, 2, 1] 
dagA14.txt 5_4_3_2x4.txt 0.6 0.6 122.8 [0, 8, 12, 0, 4, 0, 0, 0, 0, 4, 0, 0, 0, 0, 4, 1, 0, 0, 13, 0, 0, 0, 8, 8, 0, 12, 0, 4, 4, 0, 4, 0, 5, 2, 4, 10, 6, 4, 0, 0, 1, 0, 0, 3, 9, 0, 4, 0, 0, 14] 
dagA14.txt 5_4_3_2x1.txt 0.44375 0.45 108.2 [0, 3, 3, 0, 1, 1, 2, 1, 0, 2, 1, 0, 0, 1, 0, 3, 1, 0, 0, 2, 3, 0, 1, 0, 1, 2, 0, 1, 0, 0, 2, 0, 1, 0, 1, 3, 2, 0, 2, 0, 0, 2, 1, 3, 0, 2, 3, 0, 1, 2] 
dagA14.txt 5_4_3_2x4.txt 0.21875 0.25 223.6 [0, 0, 0, 0, 0, 0, 0, 0, 0, 0, 0, 0, 0, 8, 4, 0, 0, 0, 0, 0, 0, 0, 0, 0, 0, 0, 0, 4, 0, 1, 4, 0, 4, 0, 0, 0, 0, 0, 0, 0, 4, 0, 0, 0, 4, 0, 0, 0, 0, 12] 
dagA14.txt 4_1x4.txt 0.34375 0.35 208.0 [0, 2, 2, 0, 0, 0, 0, 4, 0, 0, 0, 0, 4, 0, 0, 0, 0, 0, 2, 2, 0, 0, 0, 0, 0, 2, 0, 2, 4, 0, 2, 0, 6, 0, 4, 0, 0, 4, 2, 0, 2, 2, 0, 0, 2, 0, 0, 2, 0, 6] 
dagA14.txt 4_1x3.txt 0.6 0.6 110.0 [0, 5, 0, 2, 4, 3, 0, 3, 0, 0, 4, 0, 2, 0, 2, 3, 0, 0, 2, 4, 5, 0, 4, 0, 4, 5, 0, 2, 2, 0, 4, 0, 4, 2, 2, 5, 4, 2, 3, 0, 2, 1, 1, 3, 2, 1, 0, 2, 1, 4] 
dagA14.txt 5_4_3_2x4.txt 0.55 0.55 120.6 [0, 14, 5, 0, 4, 0, 1, 0, 0, 0, 0, 0, 0, 0, 4, 0, 0, 0, 6, 5, 0, 0, 0, 0, 0, 9, 0, 4, 4, 0, 13, 0, 8, 4, 4, 0, 10, 4, 9, 0, 4, 12, 12, 4, 2, 1, 0, 0, 12, 8] 
dagA14.txt 4_1x3.txt 0.63125 0.7 104.75 [0, 5, 0, 2, 4, 3, 0, 3, 0, 4, 4, 0, 2, 0, 2, 3, 0, 0, 2, 4, 4, 0, 4, 0, 4, 5, 0, 2, 2, 0, 4, 0, 4, 2, 2, 5, 4, 2, 2, 0, 2, 1, 1, 3, 4, 1, 0, 2, 1, 4] 
dagA14.txt 4_1x3.txt 0.63125 0.65 104.75 [0, 5, 0, 2, 4, 3, 0, 3, 0, 4, 4, 0, 2, 0, 2, 3, 0, 0, 2, 4, 4, 0, 4, 0, 4, 5, 0, 2, 2, 0, 4, 0, 4, 2, 2, 5, 4, 2, 2, 0, 2, 1, 1, 3, 4, 1, 0, 2, 1, 4] 
dagA14.txt 5_4_3_2x4.txt 0.3375 0.35 185.2 [0, 5, 0, 0, 4, 0, 0, 0, 0, 0, 0, 0, 0, 0, 4, 0, 0, 0, 8, 0, 1, 0, 0, 0, 0, 0, 0, 4, 12, 0, 4, 0, 4, 0, 4, 0, 0, 0, 0, 0, 4, 0, 0, 0, 4, 0, 0, 0, 0, 9] 
dagA14.txt 3_2x1.txt 0.29375 0.3 342.0 [0, 1, 0, 0, 1, 1, 1, 1, 0, 1, 1, 0, 0, 1, 0, 1, 1, 0, 0, 0, 0, 0, 1, 0, 0, 1, 1, 1, 0, 0, 0, 0, 0, 0, 1, 0, 1, 0, 1, 0, 0, 1, 1, 1, 0, 1, 0, 0, 1, 1] 
dagA14.txt 4_1x3.txt 0.63125 0.8 104.75 [0, 5, 0, 2, 4, 3, 0, 3, 0, 4, 4, 0, 2, 0, 2, 3, 0, 0, 2, 4, 4, 0, 4, 0, 4, 5, 0, 2, 2, 0, 4, 0, 4, 2, 2, 5, 4, 2, 2, 0, 2, 1, 1, 3, 4, 1, 0, 2, 1, 4] 
dagA14.txt 3_2x1.txt 0.30625 0.5 296.5 [0, 1, 0, 0, 0, 1, 1, 1, 0, 1, 1, 0, 0, 1, 0, 1, 1, 0, 0, 0, 0, 0, 1, 0, 0, 1, 1, 0, 0, 0, 0, 0, 0, 0, 1, 0, 1, 0, 1, 0, 0, 1, 1, 1, 0, 1, 0, 0, 1, 1] 
dagA14.txt 3_2x1.txt 0.30625 0.35 296.5 [0, 1, 0, 0, 0, 1, 1, 1, 0, 1, 1, 0, 0, 1, 0, 1, 1, 0, 0, 0, 0, 0, 1, 0, 0, 1, 1, 0, 0, 0, 0, 0, 0, 0, 1, 0, 1, 0, 1, 0, 0, 1, 1, 1, 0, 1, 0, 0, 1, 1] 
dagA14.txt 3_2x1.txt 0.30625 0.4 295.5 [0, 1, 0, 0, 1, 1, 0, 1, 0, 1, 1, 0, 0, 1, 1, 1, 1, 0, 0, 1, 0, 0, 1, 0, 1, 0, 0, 0, 0, 0, 0, 0, 0, 0, 1, 0, 1, 0, 1, 0, 0, 1, 1, 0, 0, 0, 0, 0, 1, 1] 
dagA14.txt 3_2x1.txt 0.30625 0.55 295.5 [0, 1, 0, 0, 1, 1, 0, 1, 0, 1, 1, 0, 0, 1, 1, 1, 1, 0, 0, 1, 0, 0, 1, 0, 1, 0, 0, 0, 0, 0, 0, 0, 0, 0, 1, 0, 1, 0, 1, 0, 0, 1, 1, 0, 0, 0, 0, 0, 1, 1] 
dagA14.txt 3_2x1.txt 0.3125 0.6 296.5 [0, 0, 0, 0, 0, 1, 1, 1, 0, 1, 1, 0, 0, 1, 0, 0, 1, 1, 0, 0, 1, 0, 1, 0, 0, 0, 0, 0, 0, 0, 0, 0, 0, 1, 1, 0, 1, 0, 1, 0, 0, 1, 1, 1, 0, 1, 0, 0, 1, 1] 
dagA14.txt 3_2x1.txt 0.30625 0.45 296.5 [0, 1, 0, 0, 0, 1, 1, 1, 0, 1, 1, 0, 0, 1, 0, 1, 1, 0, 0, 0, 0, 0, 1, 0, 0, 1, 1, 0, 0, 0, 0, 0, 0, 0, 1, 0, 1, 0, 1, 0, 0, 1, 1, 1, 0, 1, 0, 0, 1, 1] 
dagA14.txt 3_2x1.txt 0.30625 0.65 295.5 [0, 1, 0, 0, 1, 1, 0, 1, 0, 1, 1, 0, 0, 1, 1, 1, 1, 0, 0, 1, 0, 0, 1, 0, 1, 0, 0, 0, 0, 0, 0, 0, 0, 0, 1, 0, 1, 0, 1, 0, 0, 1, 1, 0, 0, 0, 0, 0, 1, 1] 
dagA14.txt 3_2x1.txt 0.30625 0.7 296.5 [0, 1, 0, 0, 0, 1, 1, 1, 0, 1, 1, 0, 0, 1, 0, 1, 1, 0, 0, 0, 0, 0, 1, 0, 0, 1, 1, 0, 0, 0, 0, 0, 0, 0, 1, 0, 1, 0, 1, 0, 0, 1, 1, 1, 0, 1, 0, 0, 1, 1] 
dagA14.txt 3_2x1.txt 0.30625 0.8 295.5 [0, 1, 0, 0, 1, 1, 0, 1, 0, 1, 1, 0, 0, 1, 1, 1, 1, 0, 0, 1, 0, 0, 1, 0, 1, 0, 0, 0, 0, 0, 0, 0, 0, 0, 1, 0, 1, 0, 1, 0, 0, 1, 1, 0, 0, 0, 0, 0, 1, 1] 
dagA14.txt 4_1x3.txt 0.63125 0.9 104.75 [0, 5, 0, 2, 4, 3, 0, 3, 0, 4, 4, 0, 2, 0, 2, 3, 0, 0, 2, 4, 4, 0, 4, 0, 4, 5, 0, 2, 2, 0, 4, 0, 4, 2, 2, 5, 4, 2, 2, 0, 2, 1, 1, 3, 4, 1, 0, 2, 1, 4] 
dagA14.txt 3_2x1.txt 0.30625 0.9 295.5 [0, 1, 0, 0, 1, 1, 0, 1, 0, 1, 1, 0, 0, 1, 1, 1, 1, 0, 0, 1, 0, 0, 1, 0, 1, 0, 0, 0, 0, 0, 0, 0, 0, 0, 1, 0, 1, 0, 1, 0, 0, 1, 1, 0, 0, 0, 0, 0, 1, 1] 
dagA14.txt 3_2x1.txt 0.30625 1 296.5 [0, 1, 0, 0, 0, 1, 1, 1, 0, 1, 1, 0, 0, 1, 0, 1, 1, 0, 0, 0, 0, 0, 1, 0, 0, 1, 1, 0, 0, 0, 0, 0, 0, 0, 1, 0, 1, 0, 1, 0, 0, 1, 1, 1, 0, 1, 0, 0, 1, 1] 
dagA14.txt 4_1x3.txt 0.63125 1 104.75 [0, 5, 0, 2, 4, 3, 0, 3, 0, 4, 4, 0, 2, 0, 2, 3, 0, 0, 2, 4, 4, 0, 4, 0, 4, 5, 0, 2, 2, 0, 4, 0, 4, 2, 2, 5, 4, 2, 2, 0, 2, 1, 1, 3, 4, 1, 0, 2, 1, 4] 
dagA14.txt 3_2x1.txt 0.16875 0.2 410.0 [0, 0, 0, 0, 0, 0, 0, 0, 0, 0, 0, 0, 0, 0, 0, 0, 0, 0, 0, 0, 0, 0, 0, 0, 0, 0, 0, 1, 0, 0, 1, 0, 1, 0, 0, 0, 0, 0, 0, 0, 1, 0, 0, 0, 1, 0, 0, 0, 0, 0] 
dagA14.txt 3_2x5.txt None 0.1 20000000000.0 None 
dagA14.txt 4_1x3.txt 0.0875 0.1 325.75 [0, 0, 0, 0, 0, 0, 0, 0, 0, 0, 0, 0, 0, 0, 0, 0, 0, 0, 0, 0, 0, 0, 0, 0, 0, 0, 0, 0, 0, 0, 2, 0, 2, 0, 0, 0, 0, 0, 0, 0, 0, 0, 4, 0, 0, 0, 0, 0, 4, 2] 
dagA14.txt 3_2x5.txt 0.2 0.2 375.6666666666667 [0, 0, 0, 0, 0, 0, 0, 0, 0, 0, 0, 0, 0, 0, 2, 0, 0, 0, 0, 0, 0, 0, 0, 0, 0, 0, 0, 0, 0, 0, 2, 0, 2, 0, 0, 0, 0, 0, 0, 0, 2, 4, 6, 0, 2, 0, 0, 4, 1, 8] 
dagA14.txt 4_1x3.txt 0.4 0.4 126.0 [0, 4, 1, 0, 4, 4, 2, 4, 0, 2, 2, 0, 0, 2, 0, 4, 2, 0, 1, 2, 2, 0, 4, 0, 4, 2, 0, 4, 0, 0, 0, 0, 2, 0, 4, 1, 2, 0, 2, 0, 4, 2, 2, 1, 0, 2, 3, 0, 2, 2] 
dagA14.txt 4_1x3.txt 0.3 0.3 183.25 [0, 2, 0, 2, 2, 2, 0, 2, 0, 0, 2, 0, 2, 0, 2, 2, 0, 0, 0, 2, 0, 0, 2, 0, 2, 0, 0, 2, 2, 0, 2, 0, 4, 0, 2, 2, 2, 2, 2, 0, 2, 0, 0, 2, 0, 0, 0, 0, 0, 4] 
dagA14.txt 3_2x1.txt 0.09375 0.1 441.0 [0, 0, 0, 0, 0, 0, 0, 0, 0, 0, 0, 0, 0, 0, 0, 0, 0, 0, 0, 0, 0, 0, 0, 0, 0, 0, 0, 0, 0, 0, 1, 0, 1, 0, 0, 0, 0, 0, 0, 0, 0, 0, 0, 0, 1, 0, 0, 0, 0, 0] 
dagA14.txt 5_4_3_2x4.txt 0.65 0.65 93.8 [8, 10, 13, 0, 4, 0, 0, 12, 0, 4, 4, 0, 8, 6, 4, 4, 2, 0, 9, 0, 4, 0, 0, 0, 0, 0, 0, 1, 12, 8, 5, 0, 9, 4, 8, 4, 0, 14, 4, 0, 4, 0, 3, 1, 4, 0, 4, 0, 0, 0] 
dagA14.txt 3_2x1.txt 0.25 0.25 294.6666666666667 [0, 0, 0, 0, 1, 1, 0, 1, 0, 1, 1, 0, 0, 1, 0, 0, 1, 0, 0, 0, 0, 0, 1, 0, 0, 0, 0, 1, 0, 0, 0, 0, 1, 0, 1, 0, 1, 0, 1, 0, 0, 1, 1, 1, 0, 0, 0, 0, 1, 1] 
dagA14.txt 4_1x3.txt 0.4875 0.5 107.0 [0, 4, 2, 0, 4, 0, 2, 4, 0, 2, 4, 0, 0, 2, 4, 4, 0, 0, 2, 2, 2, 0, 4, 0, 4, 2, 0, 5, 0, 0, 5, 0, 3, 0, 4, 2, 2, 0, 2, 0, 4, 1, 1, 0, 4, 2, 3, 0, 1, 4] 
dagA14.txt 3_2x5.txt 0.28125 0.3 332.6666666666667 [0, 2, 2, 0, 0, 0, 0, 4, 0, 0, 0, 0, 3, 0, 0, 0, 2, 0, 2, 0, 0, 0, 0, 0, 0, 0, 0, 0, 4, 0, 6, 0, 2, 0, 1, 0, 0, 3, 0, 0, 0, 0, 8, 0, 0, 0, 0, 0, 8, 5] 
dagA14.txt 3_2x5.txt 0.13125 0.15 412.0 [0, 0, 0, 0, 0, 0, 0, 0, 0, 0, 0, 0, 0, 6, 0, 0, 0, 0, 0, 0, 0, 0, 0, 0, 0, 0, 0, 0, 0, 0, 2, 0, 2, 0, 0, 0, 0, 0, 4, 0, 0, 0, 0, 0, 0, 0, 2, 0, 0, 8] 
dagA14.txt 3_2x5.txt 0.7 0.7 68.5 [4, 2, 2, 4, 8, 3, 5, 3, 0, 6, 1, 4, 4, 4, 7, 7, 6, 4, 2, 3, 7, 4, 3, 2, 3, 5, 5, 8, 0, 4, 9, 4, 6, 0, 8, 2, 1, 4, 0, 0, 2, 6, 6, 8, 9, 5, 9, 0, 6, 1] 
dagA14.txt 3_2x5.txt 0.375 0.4 294.6666666666667 [0, 3, 0, 2, 2, 0, 0, 0, 0, 0, 0, 0, 0, 1, 2, 0, 0, 0, 8, 0, 0, 0, 0, 0, 0, 0, 0, 2, 2, 0, 6, 0, 4, 0, 2, 0, 5, 0, 0, 0, 2, 0, 0, 0, 2, 0, 0, 0, 0, 7] 
dagA14.txt 3_2x5.txt 0.2375 0.25 359.3333333333333 [0, 0, 0, 0, 0, 0, 0, 0, 0, 0, 0, 0, 0, 0, 4, 0, 0, 0, 0, 0, 0, 0, 0, 0, 0, 0, 0, 2, 8, 0, 2, 0, 2, 0, 6, 0, 0, 0, 0, 0, 2, 0, 0, 0, 2, 0, 0, 0, 0, 1] 
dagA14.txt 3_2x5.txt 0.725 0.8 66.5 [0, 3, 3, 4, 6, 1, 1, 2, 6, 8, 9, 0, 0, 9, 4, 4, 2, 0, 2, 1, 6, 0, 2, 0, 2, 1, 1, 9, 4, 0, 8, 0, 8, 6, 2, 3, 8, 7, 0, 6, 4, 5, 5, 9, 7, 5, 4, 7, 5, 8] 
dagA14.txt 3_2x5.txt 0.69375 0.9 66.5 [6, 2, 2, 6, 0, 1, 1, 0, 4, 3, 9, 6, 6, 9, 5, 5, 2, 6, 2, 1, 5, 6, 0, 2, 0, 1, 7, 9, 8, 6, 8, 6, 8, 4, 0, 2, 1, 6, 0, 4, 6, 7, 7, 9, 8, 3, 4, 8, 7, 3] 
dagA14.txt 3_2x5.txt 0.66875 1 68.33333333333333 [6, 2, 0, 6, 2, 2, 9, 5, 4, 8, 3, 6, 6, 1, 3, 2, 8, 6, 6, 0, 9, 6, 2, 4, 3, 0, 9, 5, 7, 6, 0, 4, 8, 4, 5, 6, 2, 7, 1, 4, 6, 8, 8, 5, 0, 9, 7, 7, 8, 1] 
dagA14.txt 3_2x5.txt 0.6 0.6 84.33333333333333 [0, 5, 4, 0, 2, 6, 6, 2, 0, 8, 2, 0, 0, 7, 9, 5, 3, 0, 4, 6, 4, 0, 2, 0, 2, 6, 6, 7, 5, 0, 1, 0, 8, 0, 2, 4, 6, 1, 6, 0, 9, 3, 3, 7, 1, 8, 4, 5, 3, 8] 
dagA14.txt 3_2x5.txt 0.65 0.65 72.5 [3, 8, 7, 3, 8, 8, 5, 2, 0, 1, 4, 3, 3, 4, 4, 8, 9, 3, 7, 5, 5, 3, 8, 3, 8, 7, 5, 2, 6, 3, 6, 3, 1, 0, 2, 7, 1, 6, 2, 0, 4, 9, 9, 2, 0, 5, 6, 0, 9, 1] 
dagA14.txt 3_2x5.txt 0.5 0.5 152.0 [0, 0, 5, 4, 0, 0, 2, 0, 6, 2, 6, 0, 0, 6, 6, 4, 8, 0, 0, 2, 2, 4, 0, 0, 0, 2, 0, 1, 4, 4, 4, 0, 2, 0, 0, 0, 2, 4, 2, 2, 4, 2, 8, 9, 4, 2, 3, 4, 8, 7] 
dagA14.txt 4_1x3.txt 0.16875 0.2 284.75 [0, 0, 0, 0, 0, 0, 0, 0, 0, 0, 0, 0, 0, 0, 2, 0, 0, 0, 0, 0, 0, 0, 0, 0, 0, 0, 0, 0, 0, 0, 2, 0, 4, 0, 0, 0, 0, 0, 0, 0, 2, 1, 1, 0, 2, 0, 0, 0, 1, 4] 
dagA14.txt 3_2x5.txt 0.35 0.35 288.0 [0, 6, 0, 0, 1, 0, 0, 2, 0, 0, 0, 0, 0, 0, 2, 0, 0, 0, 4, 0, 0, 0, 6, 0, 0, 0, 0, 2, 2, 0, 2, 0, 4, 0, 0, 0, 0, 2, 0, 0, 8, 0, 0, 2, 2, 0, 3, 0, 0, 5] 
dagA14.txt 3_2x5.txt 0.44375 0.45 243.66666666666666 [0, 6, 0, 2, 4, 0, 0, 4, 2, 0, 2, 0, 0, 2, 2, 6, 8, 0, 6, 0, 1, 0, 4, 0, 4, 0, 0, 0, 4, 0, 0, 0, 2, 0, 4, 6, 2, 0, 0, 0, 6, 0, 3, 7, 0, 0, 0, 0, 0, 5] 
dagA14.txt 3_2x1.txt 0.14375 0.15 425.3333333333333 [0, 0, 0, 0, 0, 0, 0, 0, 0, 0, 0, 0, 0, 0, 0, 0, 0, 0, 0, 0, 0, 0, 0, 0, 0, 0, 0, 1, 0, 0, 1, 0, 1, 0, 0, 0, 0, 0, 0, 0, 0, 0, 0, 0, 1, 0, 0, 0, 0, 0] 
dagA14.txt 4_1x3.txt 0.44375 0.45 113.0 [0, 4, 2, 0, 4, 0, 2, 4, 0, 2, 4, 0, 0, 2, 4, 4, 1, 0, 2, 2, 2, 0, 4, 0, 4, 2, 0, 0, 0, 0, 2, 0, 4, 0, 4, 2, 2, 0, 2, 0, 4, 1, 1, 0, 4, 2, 3, 0, 1, 4] 
dagA14.txt 4_1x3.txt 0.1375 0.15 296.75 [0, 0, 0, 0, 0, 0, 0, 0, 0, 0, 0, 0, 0, 0, 2, 0, 0, 0, 0, 0, 0, 0, 0, 0, 0, 0, 0, 0, 0, 0, 2, 0, 4, 0, 0, 0, 0, 0, 0, 0, 2, 1, 1, 0, 0, 0, 0, 0, 1, 4] 
dagA14.txt 3_2x5.txt 0.55 0.55 123.0 [2, 4, 4, 2, 4, 0, 0, 0, 2, 6, 0, 2, 2, 0, 2, 4, 6, 2, 4, 0, 2, 2, 0, 4, 0, 0, 0, 6, 2, 2, 1, 2, 8, 2, 4, 4, 0, 5, 0, 2, 4, 6, 6, 9, 4, 0, 3, 2, 6, 7] 
dagA14.txt 4_1x3.txt 0.35 0.35 160.5 [0, 2, 0, 2, 2, 2, 0, 2, 0, 0, 2, 0, 2, 0, 2, 2, 0, 0, 4, 2, 0, 0, 2, 0, 2, 0, 0, 2, 2, 0, 4, 0, 4, 0, 2, 2, 2, 2, 2, 0, 2, 0, 0, 2, 4, 0, 0, 0, 0, 4] 
dagA14.txt 4_1x3.txt 0.55 0.55 188.0 [2, 1, 1, 2, 4, 0, 5, 0, 3, 0, 4, 2, 0, 3, 3, 1, 0, 2, 1, 4, 5, 2, 4, 2, 4, 1, 5, 0, 3, 2, 2, 2, 4, 2, 0, 1, 4, 3, 0, 2, 2, 5, 0, 1, 2, 5, 5, 2, 0, 4] 
dagA14.txt 4_1x3.txt 0.2125 0.25 273.0 [0, 0, 0, 0, 0, 0, 0, 0, 0, 0, 0, 0, 0, 0, 2, 0, 0, 0, 0, 0, 0, 0, 0, 0, 0, 0, 0, 2, 0, 0, 2, 0, 4, 0, 0, 0, 0, 0, 0, 0, 2, 1, 1, 0, 2, 0, 0, 0, 1, 4] 
