dagE40.txt 3_2x4.txt 0.09302325581395349 0.1 564.3333333333334 [0, 0, 0, 0, 0, 0, 0, 0, 0, 0, 0, 0, 0, 0, 0, 0, 0, 0, 0, 0, 0, 0, 0, 0, 0, 0, 0, 0, 0, 0, 0, 0, 0, 0, 0, 0, 0, 0, 0, 0, 0, 0, 0, 2, 0, 6, 2, 6, 2, 4, 0, 0, 0, 0, 0, 0, 0, 6, 0, 0, 0, 2, 0, 4, 0, 0, 0, 2, 4, 2] 
dagE40.txt 3_2x4.txt 0.14418604651162792 0.15 494.3333333333333 [0, 0, 0, 0, 0, 0, 0, 0, 0, 0, 0, 0, 0, 0, 0, 0, 0, 0, 0, 0, 0, 0, 0, 0, 0, 0, 0, 0, 0, 0, 0, 2, 0, 0, 0, 0, 0, 0, 0, 0, 0, 0, 2, 0, 2, 2, 0, 2, 2, 2, 0, 2, 0, 2, 0, 0, 2, 2, 2, 0, 2, 2, 2, 2, 0, 2, 0, 2, 2, 2] 
dagE40.txt 3_2x4.txt 0.5488372093023256 0.55 117.5 [3, 6, 3, 6, 4, 4, 6, 4, 4, 4, 7, 6, 3, 4, 4, 6, 4, 7, 7, 3, 3, 5, 4, 6, 6, 7, 2, 4, 3, 2, 3, 1, 6, 7, 2, 1, 1, 2, 2, 2, 3, 5, 1, 5, 2, 1, 5, 0, 5, 0, 2, 1, 2, 0, 2, 3, 0, 0, 1, 2, 1, 0, 0, 0, 0, 0, 5, 5, 0, 6] 
dagE40.txt 3_2x4.txt 0.5953488372093023 0.6 107.66666666666667 [1, 2, 4, 4, 2, 2, 4, 4, 2, 2, 4, 4, 1, 6, 2, 2, 2, 1, 0, 1, 1, 5, 6, 4, 2, 1, 7, 2, 6, 6, 1, 0, 4, 0, 6, 7, 7, 6, 7, 6, 1, 5, 0, 5, 6, 0, 5, 0, 5, 3, 7, 0, 6, 3, 7, 0, 0, 4, 0, 6, 7, 3, 0, 0, 5, 3, 2, 5, 3, 3] 
dagE40.txt 3_2x4.txt 0.33488372093023255 0.35 232.66666666666666 [0, 0, 0, 0, 0, 0, 0, 6, 0, 0, 0, 0, 0, 0, 0, 0, 0, 2, 2, 0, 0, 4, 2, 0, 2, 2, 2, 0, 4, 2, 0, 4, 0, 2, 4, 4, 2, 2, 4, 2, 4, 2, 4, 4, 2, 4, 4, 2, 4, 4, 2, 4, 2, 4, 2, 4, 4, 2, 2, 2, 4, 4, 2, 4, 2, 4, 2, 4, 4, 4] 
dagE40.txt 3_2x4.txt 0.29767441860465116 0.3 244.33333333333334 [2, 2, 2, 2, 2, 2, 2, 2, 2, 2, 2, 2, 2, 2, 2, 2, 2, 0, 0, 2, 2, 0, 0, 2, 2, 0, 0, 2, 0, 0, 2, 4, 2, 0, 0, 0, 0, 0, 0, 0, 0, 4, 4, 0, 0, 4, 0, 4, 4, 4, 0, 4, 0, 4, 0, 0, 4, 4, 4, 0, 0, 4, 4, 4, 4, 4, 4, 4, 4, 4] 
dagE40.txt 3_2x4.txt 0.4418604651162791 0.45 162.33333333333334 [4, 2, 2, 2, 2, 2, 2, 2, 0, 2, 4, 2, 4, 2, 4, 2, 2, 4, 4, 4, 4, 0, 0, 2, 1, 4, 0, 4, 4, 0, 4, 1, 2, 4, 0, 1, 1, 0, 1, 0, 4, 0, 1, 0, 0, 1, 0, 6, 6, 6, 2, 1, 0, 1, 0, 1, 6, 6, 1, 0, 1, 6, 6, 6, 0, 6, 0, 6, 6, 6] 
dagE40.txt 3_2x4.txt 0.6186046511627907 0.65 107.0 [4, 6, 6, 6, 7, 7, 6, 7, 7, 7, 6, 6, 2, 7, 4, 4, 2, 2, 7, 6, 2, 5, 6, 2, 2, 4, 6, 4, 5, 7, 2, 4, 2, 3, 0, 2, 0, 2, 5, 0, 0, 5, 2, 0, 4, 4, 0, 4, 5, 1, 0, 0, 3, 3, 2, 2, 0, 3, 3, 0, 3, 1, 3, 1, 0, 1, 5, 0, 1, 1] 
dagE40.txt 3_2x4.txt 0.49767441860465117 0.5 135.0 [0, 4, 6, 6, 4, 4, 6, 4, 4, 4, 6, 6, 0, 4, 4, 6, 4, 0, 0, 0, 0, 2, 3, 6, 6, 0, 3, 4, 0, 2, 0, 1, 6, 0, 2, 2, 3, 3, 3, 3, 0, 1, 1, 2, 2, 1, 2, 1, 5, 5, 3, 2, 3, 1, 2, 6, 5, 0, 1, 2, 3, 5, 1, 2, 2, 5, 1, 5, 5, 5] 
dagE40.txt 3_2x4.txt 0.24651162790697675 0.25 313.3333333333333 [2, 2, 2, 2, 2, 2, 2, 2, 2, 2, 2, 2, 2, 2, 2, 2, 2, 2, 2, 2, 2, 0, 4, 2, 0, 2, 0, 2, 2, 0, 2, 4, 2, 2, 0, 0, 0, 0, 0, 0, 2, 0, 0, 0, 0, 4, 0, 4, 0, 0, 0, 0, 0, 0, 0, 2, 0, 4, 0, 0, 0, 0, 0, 0, 0, 0, 0, 0, 0, 4] 
dagE40.txt 3_2x4.txt 0.6046511627906976 0.8 107.33333333333333 [5, 0, 0, 2, 5, 2, 0, 4, 2, 2, 2, 0, 5, 2, 2, 2, 0, 1, 5, 1, 5, 6, 6, 0, 0, 6, 5, 2, 1, 7, 5, 6, 0, 1, 4, 6, 3, 5, 6, 7, 1, 6, 4, 6, 7, 6, 4, 7, 3, 4, 1, 4, 7, 3, 7, 1, 4, 2, 3, 7, 3, 3, 7, 4, 7, 4, 6, 3, 4, 0] 
dagE40.txt 3_2x4.txt 0.2 0.2 350.3333333333333 [0, 0, 0, 0, 0, 0, 0, 0, 0, 0, 0, 0, 0, 0, 0, 0, 0, 0, 0, 0, 0, 2, 2, 0, 0, 0, 2, 0, 0, 2, 0, 2, 0, 0, 2, 2, 2, 2, 2, 2, 0, 2, 2, 2, 2, 2, 2, 0, 2, 2, 0, 2, 2, 2, 2, 0, 2, 0, 2, 2, 2, 2, 2, 2, 2, 2, 2, 2, 2, 2] 
dagE40.txt 3_2x4.txt 0.4 0.4 176.0 [0, 6, 6, 6, 6, 6, 6, 6, 0, 6, 0, 6, 0, 6, 0, 6, 6, 0, 0, 0, 0, 2, 2, 6, 6, 0, 6, 0, 0, 2, 0, 4, 6, 0, 2, 2, 2, 6, 2, 2, 0, 2, 4, 4, 2, 4, 4, 4, 4, 4, 0, 2, 2, 2, 2, 0, 4, 4, 2, 2, 2, 4, 4, 4, 2, 4, 2, 4, 4, 4] 
dagE40.txt 3_2x4.txt 0.5953488372093023 0.7 107.0 [4, 0, 0, 0, 6, 6, 0, 6, 6, 6, 7, 0, 0, 6, 6, 0, 0, 3, 3, 3, 0, 5, 6, 7, 0, 3, 7, 0, 3, 2, 0, 2, 7, 3, 6, 4, 4, 7, 5, 2, 3, 4, 4, 5, 2, 2, 5, 2, 2, 1, 4, 4, 2, 1, 2, 7, 5, 4, 4, 2, 5, 1, 2, 1, 2, 5, 4, 5, 1, 1] 
dagE40.txt 3_2x4.txt 0.627906976744186 1 106.5 [4, 4, 4, 1, 4, 1, 4, 2, 5, 1, 1, 1, 4, 5, 0, 5, 4, 7, 7, 4, 7, 3, 0, 1, 4, 6, 7, 5, 3, 5, 7, 2, 1, 7, 5, 3, 0, 7, 3, 0, 4, 0, 6, 3, 2, 2, 5, 2, 2, 6, 0, 6, 7, 3, 4, 3, 6, 2, 0, 0, 3, 2, 6, 6, 4, 6, 0, 6, 6, 2] 
dagE40.txt 5_4_3_2x2.txt 0.09302325581395349 0.1 338.6 [0, 0, 0, 0, 0, 0, 0, 0, 0, 0, 0, 0, 0, 0, 0, 0, 0, 0, 0, 0, 0, 0, 0, 0, 0, 0, 0, 0, 0, 0, 0, 0, 0, 0, 0, 0, 0, 0, 0, 0, 0, 0, 0, 4, 0, 5, 4, 5, 4, 1, 0, 0, 0, 0, 0, 0, 0, 5, 0, 0, 0, 4, 0, 1, 0, 0, 0, 4, 1, 4] 
dagE40.txt 3_2x4.txt 0.6093023255813953 0.9 107.0 [7, 3, 0, 4, 3, 4, 4, 3, 3, 4, 6, 0, 0, 4, 4, 4, 3, 0, 7, 7, 0, 6, 4, 0, 4, 4, 3, 0, 7, 6, 0, 2, 0, 7, 6, 2, 2, 0, 5, 6, 7, 2, 2, 6, 6, 2, 6, 1, 2, 1, 0, 2, 5, 5, 6, 7, 5, 1, 2, 6, 5, 1, 5, 2, 6, 5, 2, 5, 1, 1] 
dagE40.txt 5_4_3_2x2.txt 0.14418604651162792 0.15 296.6 [0, 0, 0, 0, 0, 0, 0, 0, 0, 0, 0, 0, 0, 0, 0, 0, 0, 0, 0, 0, 0, 0, 0, 0, 0, 0, 0, 0, 0, 0, 0, 4, 0, 0, 0, 0, 0, 0, 0, 0, 0, 0, 4, 0, 4, 4, 0, 4, 4, 4, 0, 4, 0, 4, 0, 0, 4, 4, 4, 0, 4, 4, 4, 4, 0, 4, 0, 4, 4, 4] 
dagE40.txt 5_4_3_2x2.txt 0.5488372093023256 0.55 83.2 [0, 0, 6, 6, 0, 0, 6, 4, 0, 0, 6, 6, 0, 0, 0, 2, 0, 4, 4, 0, 0, 2, 4, 6, 6, 4, 4, 0, 5, 1, 0, 1, 6, 4, 7, 1, 4, 4, 2, 4, 0, 1, 1, 5, 1, 1, 5, 3, 5, 2, 4, 1, 4, 5, 1, 5, 7, 3, 3, 2, 5, 5, 3, 1, 1, 7, 1, 5, 7, 5] 
dagE40.txt 5_4_3_2x2.txt 0.5906976744186047 0.6 78.8 [4, 0, 4, 3, 6, 6, 3, 6, 3, 6, 4, 4, 4, 6, 6, 3, 3, 4, 4, 0, 4, 0, 2, 4, 3, 4, 0, 6, 0, 2, 4, 1, 4, 0, 2, 7, 7, 2, 0, 2, 0, 5, 1, 0, 2, 1, 0, 1, 5, 1, 0, 7, 2, 5, 7, 0, 1, 5, 5, 2, 0, 5, 1, 7, 7, 1, 5, 1, 1, 5] 
dagE40.txt 5_4_3_2x2.txt 0.2 0.2 210.2 [0, 0, 0, 0, 0, 0, 0, 0, 0, 0, 0, 0, 0, 0, 0, 0, 0, 0, 0, 0, 0, 4, 4, 0, 0, 0, 4, 0, 0, 4, 0, 4, 0, 0, 4, 4, 4, 4, 4, 4, 0, 4, 4, 4, 4, 4, 4, 0, 4, 4, 0, 4, 4, 4, 4, 0, 4, 0, 4, 4, 4, 4, 4, 4, 4, 4, 4, 4, 4, 4] 
dagE40.txt 5_4_3_2x2.txt 0.6 0.8 77.2 [7, 4, 7, 4, 2, 2, 4, 2, 4, 2, 7, 4, 4, 2, 4, 4, 2, 6, 4, 5, 4, 3, 5, 1, 4, 6, 2, 4, 5, 0, 5, 0, 1, 6, 5, 0, 0, 1, 1, 5, 5, 5, 1, 0, 0, 6, 0, 6, 5, 1, 4, 0, 1, 0, 0, 7, 1, 6, 1, 0, 0, 3, 1, 0, 0, 1, 5, 0, 3, 3] 
dagE40.txt 5_4_3_2x2.txt 0.48372093023255813 0.5 84.6 [5, 1, 6, 6, 1, 1, 6, 1, 1, 1, 6, 6, 5, 1, 1, 0, 1, 5, 3, 5, 5, 2, 4, 6, 6, 5, 4, 1, 5, 4, 5, 0, 6, 3, 0, 4, 4, 4, 4, 4, 5, 2, 0, 2, 4, 0, 0, 3, 2, 0, 4, 0, 4, 0, 4, 5, 0, 3, 0, 4, 4, 2, 3, 0, 4, 0, 2, 2, 0, 5] 
dagE40.txt 5_4_3_2x2.txt 0.24651162790697675 0.25 188.0 [4, 4, 4, 4, 4, 4, 4, 4, 4, 4, 4, 4, 4, 4, 4, 4, 4, 4, 4, 4, 4, 0, 1, 4, 0, 4, 0, 4, 4, 0, 4, 1, 4, 4, 0, 0, 0, 0, 0, 0, 4, 0, 0, 0, 0, 1, 0, 1, 0, 0, 0, 0, 0, 0, 0, 4, 0, 1, 0, 0, 0, 0, 0, 0, 0, 0, 0, 0, 0, 1] 
dagE40.txt 5_4_3_2x2.txt 0.39069767441860465 0.4 118.0 [1, 4, 4, 4, 4, 4, 4, 4, 4, 4, 4, 4, 1, 4, 4, 4, 4, 1, 1, 1, 1, 5, 1, 4, 4, 1, 0, 4, 1, 0, 1, 2, 4, 1, 0, 0, 0, 0, 0, 0, 1, 5, 2, 0, 0, 2, 0, 2, 5, 5, 0, 0, 0, 5, 0, 1, 0, 2, 2, 0, 0, 5, 2, 0, 0, 0, 5, 0, 5, 5] 
dagE40.txt 5_4_3_2x2.txt 0.4372093023255814 0.45 107.0 [1, 4, 4, 4, 4, 4, 4, 4, 0, 4, 1, 4, 1, 4, 1, 4, 4, 1, 1, 1, 1, 0, 0, 4, 2, 1, 0, 1, 1, 0, 1, 2, 4, 1, 0, 2, 2, 0, 2, 0, 1, 0, 2, 0, 0, 2, 0, 5, 5, 5, 0, 2, 0, 2, 0, 2, 5, 5, 2, 0, 2, 5, 5, 5, 0, 5, 0, 5, 5, 5] 
dagE40.txt 5_4_3_2x2.txt 0.6465116279069767 0.65 77.4 [7, 6, 5, 5, 5, 5, 5, 2, 0, 5, 3, 5, 0, 2, 7, 5, 5, 0, 0, 0, 0, 6, 3, 6, 5, 3, 2, 0, 0, 4, 0, 1, 5, 0, 0, 4, 4, 5, 4, 4, 0, 4, 1, 1, 4, 1, 1, 1, 6, 2, 0, 4, 4, 4, 4, 0, 1, 2, 4, 4, 4, 1, 1, 6, 4, 1, 4, 1, 1, 7] 
dagE40.txt 5_4_3_2x2.txt 0.29767441860465116 0.3 161.0 [4, 4, 4, 4, 4, 4, 4, 4, 4, 4, 4, 4, 4, 4, 4, 4, 4, 0, 0, 4, 4, 0, 0, 4, 4, 0, 0, 4, 0, 0, 4, 1, 4, 0, 0, 0, 0, 0, 0, 0, 0, 1, 1, 0, 0, 1, 0, 1, 1, 1, 0, 1, 0, 1, 0, 0, 1, 1, 1, 0, 0, 1, 1, 1, 1, 1, 1, 1, 1, 1] 
dagE40.txt 5_4_3_2x2.txt 0.3488372093023256 0.35 145.0 [1, 4, 4, 4, 4, 4, 4, 4, 4, 4, 4, 4, 1, 4, 4, 4, 4, 1, 1, 1, 1, 1, 4, 4, 4, 1, 0, 4, 1, 0, 1, 5, 4, 1, 0, 0, 0, 0, 0, 0, 1, 5, 0, 0, 0, 5, 0, 5, 5, 0, 0, 0, 0, 5, 0, 4, 0, 5, 0, 0, 0, 5, 0, 0, 0, 0, 5, 0, 0, 5] 
dagE40.txt 5_4_3_2x2.txt 0.6558139534883721 1 77.0 [1, 6, 1, 7, 5, 7, 1, 6, 6, 7, 1, 4, 1, 7, 4, 4, 6, 2, 5, 4, 1, 5, 3, 4, 1, 7, 2, 4, 4, 0, 1, 0, 4, 0, 6, 5, 2, 0, 1, 4, 4, 5, 1, 2, 0, 0, 6, 0, 2, 0, 4, 0, 0, 3, 5, 4, 1, 5, 0, 5, 2, 3, 0, 0, 5, 1, 5, 2, 0, 3] 
dagE40.txt 5_4_3_2x2.txt 0.6465116279069767 0.7 77.4 [7, 6, 5, 5, 5, 5, 5, 2, 0, 5, 3, 5, 0, 2, 7, 5, 5, 0, 0, 0, 0, 6, 3, 6, 5, 3, 2, 0, 0, 4, 0, 1, 5, 0, 0, 4, 4, 5, 4, 4, 0, 4, 1, 1, 4, 1, 1, 1, 6, 2, 0, 4, 4, 4, 4, 0, 1, 2, 4, 4, 4, 1, 1, 6, 4, 1, 4, 1, 1, 7] 
dagE40.txt 4_1x5.txt 0.09302325581395349 0.1 423.25 [0, 0, 0, 0, 0, 0, 0, 0, 0, 0, 0, 0, 0, 0, 0, 0, 0, 0, 0, 0, 0, 0, 0, 0, 0, 0, 0, 0, 0, 0, 0, 0, 0, 0, 0, 0, 0, 0, 0, 0, 0, 0, 0, 2, 0, 6, 2, 6, 2, 4, 0, 0, 0, 0, 0, 0, 0, 6, 0, 0, 0, 2, 0, 4, 0, 0, 0, 2, 4, 2] 
dagE40.txt 5_4_3_2x2.txt 0.6465116279069767 0.9 77.4 [7, 6, 5, 5, 5, 5, 5, 2, 0, 5, 3, 5, 0, 2, 7, 5, 5, 0, 0, 0, 0, 6, 3, 6, 5, 3, 2, 0, 0, 4, 0, 1, 5, 0, 0, 4, 4, 5, 4, 4, 0, 4, 1, 1, 4, 1, 1, 1, 6, 2, 0, 4, 4, 4, 4, 0, 1, 2, 4, 4, 4, 1, 1, 6, 4, 1, 4, 1, 1, 7] 
dagE40.txt 4_1x5.txt 0.14418604651162792 0.15 370.75 [0, 0, 0, 0, 0, 0, 0, 0, 0, 0, 0, 0, 0, 0, 0, 0, 0, 0, 0, 0, 0, 0, 0, 0, 0, 0, 0, 0, 0, 0, 0, 2, 0, 0, 0, 0, 0, 0, 0, 0, 0, 0, 2, 0, 2, 2, 0, 2, 2, 2, 0, 2, 0, 2, 0, 0, 2, 2, 2, 0, 2, 2, 2, 2, 0, 2, 0, 2, 2, 2] 
dagE40.txt 4_1x5.txt 0.5348837209302325 0.6 94.0 [8, 6, 6, 8, 8, 6, 6, 3, 6, 6, 8, 6, 8, 6, 6, 8, 8, 8, 8, 6, 8, 3, 7, 6, 8, 5, 2, 8, 0, 2, 8, 0, 6, 0, 4, 0, 2, 2, 2, 4, 8, 2, 4, 4, 2, 0, 4, 0, 0, 4, 2, 4, 2, 0, 4, 0, 4, 9, 2, 4, 2, 0, 2, 4, 4, 4, 2, 0, 4, 1] 
dagE40.txt 4_1x5.txt 0.5348837209302325 0.55 94.0 [8, 6, 6, 8, 8, 6, 6, 3, 6, 6, 8, 6, 8, 6, 6, 8, 8, 8, 8, 6, 8, 3, 7, 6, 8, 5, 2, 8, 0, 2, 8, 0, 6, 0, 4, 0, 2, 2, 2, 4, 8, 2, 4, 4, 2, 0, 4, 0, 0, 4, 2, 4, 2, 0, 4, 0, 4, 9, 2, 4, 2, 0, 2, 4, 4, 4, 2, 0, 4, 1] 
dagE40.txt 4_1x5.txt 0.6139534883720931 0.65 91.75 [2, 0, 4, 4, 0, 0, 4, 7, 0, 0, 9, 4, 0, 6, 0, 0, 0, 0, 2, 2, 0, 8, 3, 3, 4, 6, 8, 0, 5, 8, 0, 2, 4, 5, 8, 4, 4, 8, 8, 8, 0, 4, 2, 8, 8, 2, 8, 2, 2, 6, 1, 4, 8, 6, 8, 9, 2, 2, 4, 8, 8, 6, 2, 4, 6, 6, 4, 2, 6, 6] 
dagE40.txt 4_1x5.txt 0.2 0.2 262.75 [0, 0, 0, 0, 0, 0, 0, 0, 0, 0, 0, 0, 0, 0, 0, 0, 0, 0, 0, 0, 0, 2, 2, 0, 0, 0, 2, 0, 0, 2, 0, 2, 0, 0, 2, 2, 2, 2, 2, 2, 0, 2, 2, 2, 2, 2, 2, 0, 2, 2, 0, 2, 2, 2, 2, 0, 2, 0, 2, 2, 2, 2, 2, 2, 2, 2, 2, 2, 2, 2] 
dagE40.txt 4_1x5.txt 0.4 0.4 132.0 [0, 6, 6, 6, 6, 6, 6, 6, 0, 6, 0, 6, 0, 6, 0, 6, 6, 0, 0, 0, 0, 2, 2, 6, 6, 0, 6, 0, 0, 2, 0, 4, 6, 0, 2, 2, 2, 6, 2, 2, 0, 2, 4, 4, 2, 4, 4, 4, 4, 4, 0, 2, 2, 2, 2, 0, 4, 4, 2, 2, 2, 4, 4, 4, 2, 4, 2, 4, 4, 4] 
dagE40.txt 4_1x5.txt 0.7348837209302326 0.8 87.25 [3, 1, 0, 0, 0, 0, 0, 8, 0, 0, 6, 3, 0, 6, 6, 0, 0, 2, 2, 0, 0, 6, 7, 6, 2, 9, 8, 0, 6, 2, 0, 4, 0, 7, 8, 4, 8, 2, 4, 2, 4, 2, 4, 4, 2, 9, 4, 2, 8, 8, 6, 4, 2, 4, 2, 4, 4, 5, 2, 5, 4, 4, 2, 1, 2, 4, 2, 6, 4, 8] 
dagE40.txt 4_1x5.txt 0.4930232558139535 0.5 103.75 [8, 6, 6, 8, 8, 6, 6, 6, 6, 6, 8, 6, 8, 6, 6, 8, 8, 8, 8, 6, 8, 3, 1, 6, 8, 8, 2, 8, 0, 2, 8, 0, 6, 0, 4, 0, 2, 2, 2, 4, 8, 2, 4, 4, 2, 0, 4, 0, 0, 4, 2, 4, 2, 0, 4, 0, 4, 0, 2, 4, 2, 0, 2, 4, 4, 4, 2, 0, 4, 1] 
dagE40.txt 4_1x5.txt 0.7302325581395349 1 88.0 [9, 3, 2, 2, 2, 2, 2, 8, 2, 2, 6, 5, 2, 6, 6, 2, 2, 0, 0, 2, 2, 6, 7, 6, 0, 8, 8, 2, 6, 0, 2, 4, 2, 7, 8, 4, 8, 0, 4, 0, 4, 0, 4, 4, 0, 9, 4, 0, 8, 8, 6, 4, 0, 4, 0, 4, 4, 5, 0, 1, 4, 4, 0, 1, 0, 4, 0, 6, 4, 8] 
dagE40.txt 4_1x5.txt 0.29767441860465116 0.3 181.75 [2, 2, 2, 2, 2, 2, 2, 2, 2, 2, 2, 2, 2, 2, 2, 2, 2, 0, 0, 2, 2, 0, 0, 2, 2, 0, 0, 2, 0, 0, 2, 4, 2, 0, 4, 0, 0, 0, 0, 0, 2, 0, 4, 4, 0, 4, 4, 4, 4, 4, 0, 4, 0, 4, 0, 0, 4, 4, 4, 0, 0, 4, 4, 4, 0, 4, 0, 4, 4, 4] 
dagE40.txt 4_1x5.txt 0.44651162790697674 0.45 109.5 [4, 2, 2, 2, 2, 2, 2, 2, 0, 2, 4, 2, 4, 2, 4, 2, 2, 4, 4, 4, 4, 8, 8, 2, 8, 4, 0, 4, 4, 0, 4, 8, 2, 4, 0, 8, 8, 0, 8, 0, 4, 0, 8, 0, 0, 8, 0, 6, 6, 6, 8, 8, 0, 8, 0, 8, 6, 6, 8, 0, 8, 6, 6, 6, 0, 6, 0, 6, 6, 6] 
dagE40.txt 4_1x5.txt 0.24651162790697675 0.25 235.0 [2, 2, 2, 2, 2, 2, 2, 2, 2, 2, 2, 2, 2, 2, 2, 2, 2, 2, 2, 2, 2, 0, 4, 2, 0, 2, 0, 2, 2, 0, 2, 4, 2, 2, 0, 0, 0, 0, 0, 0, 2, 0, 0, 0, 0, 4, 0, 4, 0, 0, 0, 0, 0, 0, 0, 2, 0, 4, 0, 0, 0, 0, 0, 0, 0, 0, 0, 0, 0, 4] 
dagE40.txt 4_1x5.txt 0.33488372093023255 0.35 174.5 [0, 0, 0, 0, 0, 0, 0, 6, 0, 0, 0, 0, 0, 0, 0, 0, 0, 2, 2, 0, 0, 4, 2, 0, 2, 2, 2, 0, 4, 2, 0, 4, 0, 2, 4, 4, 2, 2, 4, 2, 4, 2, 4, 4, 2, 4, 4, 2, 4, 4, 2, 4, 2, 4, 2, 4, 4, 2, 2, 2, 4, 4, 2, 4, 2, 4, 2, 4, 4, 4] 
dagE40.txt 4_1x5.txt 0.6930232558139535 0.7 87.75 [8, 2, 4, 4, 8, 4, 3, 8, 4, 4, 8, 4, 8, 4, 4, 2, 8, 0, 8, 4, 8, 9, 8, 4, 3, 6, 4, 8, 2, 2, 8, 1, 2, 6, 2, 0, 6, 0, 0, 0, 6, 2, 0, 0, 0, 9, 0, 1, 2, 6, 2, 0, 1, 0, 0, 3, 6, 6, 0, 2, 0, 5, 0, 7, 0, 6, 7, 6, 6, 5] 
dagE40.txt 3_2x3.txt 0.08837209302325581 0.1 564.3333333333334 [0, 0, 0, 0, 0, 0, 0, 0, 0, 0, 0, 0, 0, 0, 0, 0, 0, 0, 0, 0, 0, 0, 0, 0, 0, 0, 0, 0, 0, 0, 0, 0, 0, 0, 0, 0, 0, 0, 0, 0, 0, 0, 0, 2, 0, 4, 2, 4, 2, 2, 0, 0, 0, 0, 0, 0, 0, 4, 0, 0, 0, 2, 0, 2, 0, 0, 0, 2, 2, 2] 
dagE40.txt 4_1x5.txt 0.7348837209302326 0.9 87.25 [3, 1, 0, 0, 0, 0, 0, 8, 0, 0, 6, 3, 0, 6, 6, 0, 0, 2, 2, 0, 0, 6, 7, 6, 2, 9, 8, 0, 6, 2, 0, 4, 0, 7, 8, 4, 8, 2, 4, 2, 4, 2, 4, 4, 2, 9, 4, 2, 8, 8, 6, 4, 2, 4, 2, 4, 4, 5, 2, 5, 4, 4, 2, 1, 2, 4, 2, 6, 4, 8] 
dagE40.txt 3_2x3.txt 0.14418604651162792 0.15 494.3333333333333 [0, 0, 0, 0, 0, 0, 0, 0, 0, 0, 0, 0, 0, 0, 0, 0, 0, 0, 0, 0, 0, 0, 0, 0, 0, 0, 0, 0, 0, 0, 0, 2, 0, 0, 0, 0, 0, 0, 0, 0, 0, 0, 2, 0, 2, 2, 0, 2, 2, 2, 0, 2, 0, 2, 0, 0, 2, 2, 2, 0, 2, 2, 2, 2, 0, 2, 0, 2, 2, 2] 
dagE40.txt 3_2x3.txt 0.5441860465116279 0.55 145.5 [5, 0, 0, 0, 0, 0, 0, 1, 0, 0, 5, 0, 2, 0, 4, 3, 0, 2, 4, 2, 2, 1, 5, 0, 0, 5, 2, 3, 2, 0, 2, 4, 0, 4, 3, 0, 2, 2, 2, 2, 2, 1, 4, 1, 4, 4, 1, 4, 1, 3, 2, 4, 2, 2, 4, 5, 3, 5, 4, 4, 2, 3, 4, 4, 4, 3, 1, 1, 3, 3] 
dagE40.txt 3_2x3.txt 0.5348837209302325 0.6 142.0 [1, 5, 5, 3, 1, 1, 5, 0, 1, 1, 1, 5, 3, 1, 1, 3, 5, 3, 1, 3, 3, 0, 4, 5, 5, 2, 4, 3, 3, 4, 3, 2, 5, 3, 2, 0, 4, 4, 4, 4, 3, 0, 2, 0, 4, 2, 0, 2, 0, 2, 4, 0, 4, 4, 0, 5, 2, 2, 4, 4, 4, 0, 2, 0, 2, 2, 0, 0, 2, 0] 
dagE40.txt 3_2x3.txt 0.2 0.2 350.3333333333333 [0, 0, 0, 0, 0, 0, 0, 0, 0, 0, 0, 0, 0, 0, 0, 0, 0, 0, 0, 0, 0, 2, 2, 0, 0, 0, 2, 0, 0, 2, 0, 2, 0, 0, 2, 2, 2, 2, 2, 2, 0, 2, 2, 2, 2, 2, 2, 0, 2, 2, 0, 2, 2, 2, 2, 0, 2, 0, 2, 2, 2, 2, 2, 2, 2, 2, 2, 2, 2, 2] 
dagE40.txt 3_2x3.txt 0.49767441860465117 0.5 154.0 [2, 1, 3, 3, 1, 1, 3, 4, 1, 1, 3, 3, 2, 1, 1, 3, 1, 2, 2, 2, 2, 4, 2, 3, 3, 2, 0, 1, 2, 4, 2, 5, 3, 2, 4, 4, 0, 0, 0, 0, 2, 5, 5, 4, 4, 5, 4, 5, 0, 0, 0, 4, 0, 5, 4, 3, 0, 5, 5, 4, 0, 0, 5, 4, 4, 0, 5, 0, 0, 2] 
dagE40.txt 3_2x3.txt 0.24651162790697675 0.25 313.3333333333333 [2, 2, 2, 2, 2, 2, 2, 2, 2, 2, 2, 2, 2, 2, 2, 2, 2, 2, 2, 2, 2, 0, 4, 2, 0, 2, 0, 2, 2, 0, 2, 4, 2, 2, 0, 0, 0, 0, 0, 0, 2, 0, 0, 0, 0, 4, 0, 4, 0, 0, 0, 0, 0, 0, 0, 2, 0, 4, 0, 0, 0, 0, 0, 0, 0, 0, 0, 0, 0, 4] 
dagE40.txt 3_2x3.txt 0.5581395348837209 0.65 142.5 [5, 1, 1, 3, 3, 1, 1, 5, 1, 1, 5, 1, 3, 2, 5, 3, 3, 3, 3, 1, 3, 2, 5, 1, 3, 5, 4, 3, 0, 2, 3, 0, 1, 0, 4, 0, 2, 2, 2, 4, 3, 2, 4, 4, 2, 0, 4, 0, 0, 4, 2, 4, 2, 0, 4, 0, 4, 0, 2, 4, 2, 0, 2, 4, 4, 4, 2, 0, 4, 0] 
dagE40.txt 3_2x3.txt 0.33488372093023255 0.35 232.66666666666666 [0, 0, 0, 0, 0, 0, 0, 1, 0, 0, 0, 0, 0, 0, 0, 0, 0, 2, 2, 0, 0, 4, 2, 0, 2, 2, 2, 0, 4, 2, 0, 4, 0, 2, 4, 4, 2, 2, 4, 2, 4, 2, 4, 4, 2, 4, 4, 2, 4, 4, 2, 4, 2, 4, 2, 4, 4, 2, 2, 2, 4, 4, 2, 4, 2, 4, 2, 4, 4, 4] 
dagE40.txt 3_2x3.txt 0.29767441860465116 0.3 244.33333333333334 [2, 2, 2, 2, 2, 2, 2, 2, 2, 2, 2, 2, 2, 2, 2, 2, 2, 0, 0, 2, 2, 0, 0, 2, 2, 0, 0, 2, 0, 0, 2, 4, 2, 0, 0, 0, 0, 0, 0, 0, 0, 4, 4, 0, 0, 4, 0, 4, 4, 4, 0, 4, 0, 4, 0, 0, 4, 4, 4, 0, 0, 4, 4, 4, 4, 4, 4, 4, 4, 4] 
dagE40.txt 3_2x3.txt 0.5395348837209303 0.7 140.0 [4, 2, 5, 5, 2, 2, 5, 2, 2, 2, 5, 5, 0, 2, 2, 5, 2, 0, 2, 4, 0, 1, 4, 5, 5, 4, 1, 2, 4, 0, 0, 4, 5, 2, 1, 4, 0, 1, 1, 1, 4, 4, 0, 0, 0, 4, 1, 3, 4, 3, 1, 0, 1, 0, 0, 4, 3, 3, 0, 0, 0, 3, 3, 3, 0, 3, 4, 0, 3, 2] 
dagE40.txt 3_2x3.txt 0.5581395348837209 0.8 142.5 [5, 1, 1, 3, 3, 1, 1, 5, 1, 1, 5, 1, 3, 2, 5, 3, 3, 3, 3, 1, 3, 2, 5, 1, 3, 5, 4, 3, 0, 2, 3, 0, 1, 0, 4, 0, 2, 2, 2, 4, 3, 2, 4, 4, 2, 0, 4, 0, 0, 4, 2, 4, 2, 0, 4, 0, 4, 0, 2, 4, 2, 0, 2, 4, 4, 4, 2, 0, 4, 0] 
dagE40.txt 3_2x3.txt 0.4372093023255814 0.45 178.33333333333334 [4, 2, 2, 2, 2, 2, 2, 2, 0, 2, 4, 2, 4, 2, 4, 2, 2, 4, 4, 4, 4, 0, 0, 2, 3, 4, 0, 4, 4, 0, 4, 3, 2, 4, 0, 3, 3, 0, 3, 0, 4, 0, 3, 0, 0, 3, 0, 1, 1, 1, 3, 3, 0, 3, 0, 3, 1, 1, 3, 0, 3, 1, 1, 1, 0, 1, 0, 1, 1, 0] 
dagE40.txt 3_2x3.txt 0.5813953488372093 1 142.0 [2, 0, 1, 2, 2, 2, 0, 2, 2, 2, 1, 1, 4, 2, 1, 3, 2, 4, 2, 1, 4, 4, 4, 1, 2, 3, 2, 3, 3, 0, 1, 5, 1, 3, 0, 4, 4, 0, 0, 0, 1, 2, 5, 0, 0, 5, 0, 5, 5, 4, 3, 4, 0, 5, 4, 4, 0, 5, 2, 0, 0, 5, 0, 4, 4, 0, 5, 0, 4, 3] 
dagE40.txt 3_2x3.txt 0.39069767441860465 0.4 196.66666666666666 [4, 2, 2, 2, 2, 2, 2, 2, 2, 2, 2, 2, 4, 2, 2, 2, 2, 4, 4, 4, 4, 1, 4, 2, 2, 4, 0, 2, 4, 0, 4, 3, 2, 4, 0, 0, 0, 0, 0, 0, 4, 1, 3, 0, 0, 3, 0, 3, 1, 1, 0, 0, 0, 1, 0, 4, 0, 3, 3, 0, 0, 1, 3, 0, 0, 0, 1, 0, 1, 1] 
dagE40.txt 5_4_3_2x5.txt 0.09302325581395349 0.1 338.6 [0, 0, 0, 0, 0, 0, 0, 0, 0, 0, 0, 0, 0, 0, 0, 0, 0, 0, 0, 0, 0, 0, 0, 0, 0, 0, 0, 0, 0, 0, 0, 0, 0, 0, 0, 0, 0, 0, 0, 0, 0, 0, 0, 4, 0, 12, 4, 12, 4, 8, 0, 0, 0, 0, 0, 0, 0, 12, 0, 0, 0, 4, 0, 8, 0, 0, 0, 4, 8, 4] 
dagE40.txt 3_2x3.txt 0.5581395348837209 0.9 142.5 [5, 1, 1, 3, 3, 1, 1, 5, 1, 1, 5, 1, 3, 2, 5, 3, 3, 3, 3, 1, 3, 2, 5, 1, 3, 5, 4, 3, 0, 2, 3, 0, 1, 0, 4, 0, 2, 2, 2, 4, 3, 2, 4, 4, 2, 0, 4, 0, 0, 4, 2, 4, 2, 0, 4, 0, 4, 0, 2, 4, 2, 0, 2, 4, 4, 4, 2, 0, 4, 0] 
dagE40.txt 5_4_3_2x5.txt 0.14418604651162792 0.15 296.6 [0, 0, 0, 0, 0, 0, 0, 0, 0, 0, 0, 0, 0, 0, 0, 0, 0, 0, 0, 0, 0, 0, 0, 0, 0, 0, 0, 0, 0, 0, 0, 4, 0, 0, 0, 0, 0, 0, 0, 0, 0, 0, 4, 0, 4, 4, 0, 4, 4, 4, 0, 4, 0, 4, 0, 0, 4, 4, 4, 0, 4, 4, 4, 4, 0, 4, 0, 4, 4, 4] 
dagE40.txt 5_4_3_2x5.txt 0.2 0.2 210.2 [0, 0, 0, 0, 0, 0, 0, 0, 0, 0, 0, 0, 0, 0, 0, 0, 0, 0, 0, 0, 0, 4, 4, 0, 0, 0, 4, 0, 0, 4, 0, 4, 0, 0, 4, 4, 4, 4, 4, 4, 0, 4, 4, 4, 4, 4, 4, 0, 4, 4, 0, 4, 4, 4, 4, 0, 4, 0, 4, 4, 4, 4, 4, 4, 4, 4, 4, 4, 4, 4] 
dagE40.txt 5_4_3_2x5.txt 0.24186046511627907 0.25 196.4 [4, 4, 4, 4, 4, 4, 4, 4, 4, 4, 4, 4, 4, 4, 4, 4, 4, 4, 4, 4, 4, 0, 8, 4, 4, 4, 0, 4, 4, 0, 4, 0, 4, 4, 0, 0, 0, 0, 0, 0, 4, 8, 0, 0, 0, 0, 0, 0, 0, 0, 0, 0, 0, 0, 0, 4, 0, 4, 0, 0, 0, 0, 0, 0, 0, 0, 8, 0, 0, 8] 
dagE40.txt 5_4_3_2x5.txt 0.5488372093023256 0.55 56.4 [8, 4, 4, 4, 16, 16, 4, 16, 16, 16, 13, 4, 8, 16, 16, 8, 4, 13, 13, 8, 8, 12, 12, 4, 4, 13, 0, 8, 8, 0, 8, 1, 4, 13, 0, 12, 12, 0, 12, 0, 8, 5, 1, 12, 0, 1, 12, 1, 5, 9, 12, 12, 0, 5, 0, 8, 9, 1, 1, 0, 12, 5, 1, 9, 0, 9, 5, 9, 9, 5] 
dagE40.txt 5_4_3_2x5.txt 0.33488372093023255 0.35 139.4 [0, 0, 0, 0, 0, 0, 0, 12, 0, 0, 0, 0, 0, 0, 0, 0, 0, 4, 4, 0, 0, 4, 4, 0, 4, 4, 4, 0, 4, 4, 0, 8, 0, 4, 4, 4, 4, 4, 4, 4, 8, 8, 8, 8, 4, 8, 8, 8, 8, 8, 4, 8, 4, 8, 4, 4, 8, 8, 8, 4, 4, 8, 8, 8, 8, 8, 8, 8, 8, 8] 
dagE40.txt 5_4_3_2x5.txt 0.4930232558139535 0.5 67.5 [0, 8, 12, 12, 8, 8, 12, 8, 8, 8, 12, 12, 0, 8, 8, 12, 8, 0, 0, 0, 0, 4, 1, 12, 12, 0, 1, 8, 0, 4, 0, 16, 12, 0, 4, 4, 1, 1, 1, 1, 0, 16, 16, 4, 4, 16, 4, 16, 5, 5, 1, 4, 1, 16, 4, 12, 5, 16, 16, 4, 1, 5, 16, 4, 4, 5, 16, 5, 5, 5] 
dagE40.txt 5_4_3_2x5.txt 0.4 0.4 105.6 [0, 12, 12, 12, 12, 12, 12, 12, 0, 12, 0, 12, 0, 12, 0, 12, 12, 0, 0, 0, 0, 4, 4, 12, 12, 0, 12, 0, 0, 4, 0, 8, 12, 0, 4, 4, 4, 12, 4, 4, 0, 4, 8, 8, 4, 8, 8, 8, 8, 8, 0, 4, 4, 4, 4, 0, 8, 8, 4, 4, 4, 8, 8, 8, 4, 8, 4, 8, 8, 8] 
dagE40.txt 5_4_3_2x5.txt 0.29767441860465116 0.3 146.6 [4, 4, 4, 4, 4, 4, 4, 4, 4, 4, 4, 4, 4, 4, 4, 4, 4, 0, 0, 4, 4, 0, 0, 4, 4, 0, 0, 4, 0, 0, 4, 8, 4, 0, 0, 0, 0, 0, 0, 0, 0, 8, 8, 0, 0, 8, 0, 8, 8, 8, 0, 8, 0, 8, 0, 0, 8, 8, 8, 0, 0, 8, 8, 8, 8, 8, 8, 8, 8, 8] 
dagE40.txt 5_4_3_2x5.txt 0.6465116279069767 0.65 41.4 [12, 9, 5, 17, 9, 1, 5, 9, 1, 1, 10, 5, 12, 17, 1, 17, 9, 12, 18, 0, 12, 0, 8, 5, 17, 12, 8, 1, 0, 16, 12, 13, 5, 18, 16, 0, 8, 2, 2, 8, 0, 14, 4, 16, 2, 13, 16, 10, 13, 4, 8, 0, 2, 6, 16, 0, 4, 10, 4, 16, 2, 6, 4, 0, 16, 4, 14, 13, 4, 6] 
dagE40.txt 5_4_3_2x5.txt 0.6 0.6 49.0 [9, 16, 4, 4, 17, 16, 4, 17, 16, 16, 4, 4, 5, 17, 16, 17, 16, 5, 9, 9, 5, 13, 1, 4, 16, 5, 0, 17, 9, 0, 5, 12, 4, 5, 0, 1, 1, 0, 1, 0, 9, 13, 8, 13, 0, 12, 13, 8, 12, 2, 1, 8, 0, 8, 0, 9, 8, 8, 8, 0, 1, 12, 8, 2, 13, 2, 13, 12, 2, 12] 
dagE40.txt 5_4_3_2x5.txt 0.44651162790697674 0.45 87.6 [8, 4, 4, 4, 4, 4, 4, 4, 0, 4, 8, 4, 8, 4, 8, 4, 4, 8, 8, 8, 8, 16, 16, 4, 16, 8, 0, 8, 8, 0, 8, 16, 4, 8, 0, 16, 16, 0, 16, 0, 8, 0, 16, 0, 0, 16, 0, 12, 12, 12, 16, 16, 0, 16, 0, 16, 12, 12, 16, 0, 16, 12, 12, 12, 0, 12, 0, 12, 12, 12] 
dagE40.txt 5_4_3_2x5.txt 0.8232558139534883 1 33.8 [18, 17, 9, 0, 5, 0, 9, 10, 0, 0, 13, 18, 5, 10, 14, 0, 9, 12, 5, 12, 5, 2, 6, 17, 9, 19, 2, 0, 12, 1, 5, 8, 9, 12, 11, 8, 3, 5, 8, 1, 12, 8, 4, 8, 0, 8, 4, 1, 13, 7, 14, 4, 1, 16, 1, 12, 4, 13, 16, 17, 16, 16, 4, 15, 1, 4, 8, 16, 16, 6] 
dagE40.txt 5_4_3_2x5.txt 0.6976744186046512 0.7 34.0 [1, 3, 18, 0, 6, 4, 0, 6, 4, 4, 18, 0, 1, 4, 4, 7, 6, 1, 5, 9, 1, 10, 14, 13, 0, 9, 2, 4, 9, 12, 1, 16, 0, 5, 17, 16, 14, 12, 12, 2, 9, 8, 16, 10, 12, 15, 17, 5, 8, 19, 2, 16, 12, 16, 12, 0, 17, 5, 16, 12, 16, 8, 17, 13, 19, 13, 8, 10, 11, 8] 
dagE40.txt 4_1x1.txt 0.09767441860465116 0.1 472.0 [0, 0, 0, 0, 0, 0, 0, 0, 0, 0, 0, 0, 0, 0, 0, 0, 0, 0, 0, 0, 0, 0, 1, 0, 0, 1, 0, 0, 0, 0, 0, 0, 0, 0, 0, 0, 0, 0, 0, 0, 0, 0, 0, 0, 0, 1, 0, 1, 0, 0, 0, 0, 0, 0, 0, 0, 0, 1, 0, 0, 0, 0, 0, 0, 0, 0, 0, 0, 0, 0] 
dagE40.txt 5_4_3_2x5.txt 0.7488372093023256 0.8 34.6 [11, 8, 2, 16, 18, 18, 8, 12, 12, 18, 0, 8, 15, 18, 12, 16, 2, 15, 13, 10, 15, 1, 9, 8, 16, 13, 0, 12, 10, 6, 11, 16, 8, 13, 7, 16, 14, 0, 4, 0, 10, 9, 14, 1, 19, 12, 1, 7, 17, 5, 4, 14, 0, 16, 6, 10, 4, 3, 14, 19, 16, 17, 4, 5, 6, 4, 9, 1, 5, 17] 
dagE40.txt 4_1x1.txt 0.12558139534883722 0.15 419.0 [0, 0, 0, 0, 0, 0, 0, 0, 0, 0, 0, 0, 0, 0, 0, 0, 0, 0, 0, 0, 0, 0, 1, 0, 0, 0, 0, 0, 0, 0, 0, 0, 0, 0, 0, 0, 0, 0, 0, 0, 0, 0, 0, 0, 0, 0, 0, 1, 1, 1, 0, 0, 0, 0, 0, 0, 1, 1, 0, 0, 0, 1, 1, 0, 0, 1, 0, 1, 1, 1] 
dagE40.txt 5_4_3_2x5.txt 0.8232558139534883 0.9 33.8 [18, 17, 9, 0, 5, 0, 9, 10, 0, 0, 13, 18, 5, 10, 14, 0, 9, 12, 5, 12, 5, 2, 6, 17, 9, 19, 2, 0, 12, 1, 5, 8, 9, 12, 11, 8, 3, 5, 8, 1, 12, 8, 4, 8, 0, 8, 4, 1, 13, 7, 14, 4, 1, 16, 1, 12, 4, 13, 16, 17, 16, 16, 4, 15, 1, 4, 8, 16, 16, 6] 
dagE40.txt 4_1x1.txt 0.16744186046511628 0.25 418.0 [1, 0, 0, 0, 0, 0, 0, 1, 0, 0, 1, 0, 0, 0, 0, 0, 0, 0, 1, 0, 0, 0, 1, 0, 0, 1, 0, 0, 0, 0, 0, 0, 0, 1, 0, 0, 0, 0, 0, 0, 0, 0, 0, 0, 0, 0, 0, 1, 0, 0, 0, 0, 0, 0, 0, 0, 0, 1, 0, 0, 0, 0, 0, 0, 0, 0, 0, 0, 0, 1] 
dagE40.txt 4_1x1.txt 0.15813953488372093 0.4 418.0 [0, 0, 0, 0, 0, 0, 0, 0, 0, 0, 0, 0, 0, 0, 0, 0, 0, 0, 0, 0, 0, 0, 0, 0, 0, 0, 0, 0, 0, 1, 0, 0, 0, 0, 0, 0, 0, 0, 0, 0, 0, 0, 0, 0, 1, 0, 0, 1, 0, 1, 0, 0, 1, 0, 1, 0, 0, 1, 0, 1, 0, 1, 1, 1, 1, 0, 0, 1, 1, 0] 
dagE40.txt 4_1x1.txt 0.17209302325581396 0.2 418.5 [0, 0, 0, 0, 0, 0, 0, 0, 0, 0, 0, 0, 0, 0, 0, 0, 0, 0, 0, 0, 0, 0, 1, 0, 0, 1, 0, 0, 0, 0, 0, 0, 0, 0, 0, 0, 0, 0, 0, 0, 1, 0, 0, 1, 0, 0, 1, 0, 0, 1, 0, 0, 0, 1, 0, 0, 1, 0, 0, 0, 0, 1, 0, 1, 0, 0, 0, 1, 1, 1] 
dagE40.txt 4_1x1.txt 0.19069767441860466 0.35 420.5 [1, 0, 0, 0, 0, 0, 0, 1, 0, 0, 1, 0, 0, 0, 0, 0, 0, 0, 0, 0, 0, 0, 1, 0, 0, 1, 0, 0, 0, 0, 0, 0, 0, 0, 0, 0, 0, 0, 0, 0, 0, 0, 0, 1, 0, 0, 1, 0, 0, 0, 0, 0, 0, 0, 0, 0, 0, 1, 0, 0, 0, 0, 0, 0, 0, 0, 0, 1, 0, 1] 
dagE40.txt 4_1x1.txt 0.16744186046511628 0.3 418.0 [1, 0, 0, 0, 0, 0, 0, 1, 0, 0, 1, 0, 0, 0, 0, 0, 0, 0, 1, 0, 0, 0, 1, 0, 0, 1, 0, 0, 0, 0, 0, 0, 0, 1, 0, 0, 0, 0, 0, 0, 0, 0, 0, 0, 0, 0, 0, 1, 0, 0, 0, 0, 0, 0, 0, 0, 0, 1, 0, 0, 0, 0, 0, 0, 0, 0, 0, 0, 0, 1] 
dagE40.txt 4_1x1.txt 0.17674418604651163 0.45 418.0 [0, 0, 0, 0, 0, 0, 0, 0, 0, 0, 0, 0, 0, 0, 0, 0, 0, 0, 0, 0, 0, 0, 1, 1, 0, 1, 0, 0, 0, 0, 0, 0, 0, 0, 0, 0, 0, 0, 0, 0, 0, 1, 0, 0, 0, 0, 0, 0, 0, 1, 0, 0, 0, 1, 0, 0, 0, 0, 0, 0, 0, 1, 0, 1, 0, 0, 1, 0, 1, 1] 
dagE40.txt 4_1x1.txt 0.16744186046511628 0.5 418.0 [0, 0, 0, 0, 0, 0, 0, 0, 0, 0, 0, 0, 0, 0, 0, 0, 0, 0, 0, 0, 0, 0, 0, 0, 0, 0, 1, 0, 0, 0, 0, 0, 0, 0, 1, 0, 0, 0, 0, 1, 0, 0, 1, 1, 0, 0, 1, 0, 0, 1, 0, 1, 0, 0, 1, 0, 1, 0, 0, 1, 0, 0, 0, 1, 1, 1, 0, 0, 1, 0] 
dagE40.txt 4_1x1.txt 0.16744186046511628 0.6 418.0 [0, 0, 0, 0, 0, 0, 0, 0, 0, 0, 0, 0, 0, 0, 0, 0, 0, 0, 0, 0, 0, 0, 0, 0, 0, 0, 1, 0, 0, 0, 0, 0, 0, 0, 1, 0, 0, 0, 0, 1, 0, 0, 1, 1, 0, 0, 1, 0, 0, 1, 0, 1, 0, 0, 1, 0, 1, 0, 0, 1, 0, 0, 0, 1, 1, 1, 0, 0, 1, 0] 
dagE40.txt 4_1x1.txt 0.16744186046511628 0.8 418.0 [0, 0, 0, 0, 0, 0, 0, 0, 0, 0, 0, 0, 0, 0, 0, 0, 0, 0, 0, 0, 0, 0, 0, 0, 0, 0, 1, 0, 0, 0, 0, 0, 0, 0, 1, 0, 0, 0, 0, 1, 0, 0, 1, 1, 0, 0, 1, 0, 0, 1, 0, 1, 0, 0, 1, 0, 1, 0, 0, 1, 0, 0, 0, 1, 1, 1, 0, 0, 1, 0] 
dagE40.txt 4_1x1.txt 0.16744186046511628 0.55 418.0 [0, 0, 0, 0, 0, 0, 0, 0, 0, 0, 0, 0, 0, 0, 0, 0, 0, 0, 0, 0, 0, 0, 0, 0, 0, 0, 1, 0, 0, 0, 0, 0, 0, 0, 1, 0, 0, 0, 0, 1, 0, 0, 1, 1, 0, 0, 1, 0, 0, 1, 0, 1, 0, 0, 1, 0, 1, 0, 0, 1, 0, 0, 0, 1, 1, 1, 0, 0, 1, 0] 
dagE40.txt 4_1x1.txt 0.16744186046511628 0.65 418.0 [0, 0, 0, 0, 0, 0, 0, 0, 0, 0, 0, 0, 0, 0, 0, 0, 0, 0, 0, 0, 0, 0, 0, 0, 0, 0, 1, 0, 0, 0, 0, 0, 0, 0, 1, 0, 0, 0, 0, 1, 0, 0, 1, 1, 0, 0, 1, 0, 0, 1, 0, 1, 0, 0, 1, 0, 1, 0, 0, 1, 0, 0, 0, 1, 1, 1, 0, 0, 1, 0] 
dagE40.txt 4_1x1.txt 0.16744186046511628 1 418.0 [0, 0, 0, 0, 0, 0, 0, 0, 0, 0, 0, 0, 0, 0, 0, 0, 0, 0, 0, 0, 0, 0, 0, 0, 0, 0, 1, 0, 0, 0, 0, 0, 0, 0, 1, 0, 0, 0, 0, 1, 0, 0, 1, 1, 0, 0, 1, 0, 0, 1, 0, 1, 0, 0, 1, 0, 1, 0, 0, 1, 0, 0, 0, 1, 1, 1, 0, 0, 1, 0] 
dagE40.txt 4_1x1.txt 0.16744186046511628 0.7 418.0 [0, 0, 0, 0, 0, 0, 0, 0, 0, 0, 0, 0, 0, 0, 0, 0, 0, 0, 0, 0, 0, 0, 0, 0, 0, 0, 1, 0, 0, 0, 0, 0, 0, 0, 1, 0, 0, 0, 0, 1, 0, 0, 1, 1, 0, 0, 1, 0, 0, 1, 0, 1, 0, 0, 1, 0, 1, 0, 0, 1, 0, 0, 0, 1, 1, 1, 0, 0, 1, 0] 
dagE40.txt 5_4_3_2x3.txt 0.09302325581395349 0.1 338.6 [0, 0, 0, 0, 0, 0, 0, 0, 0, 0, 0, 0, 0, 0, 0, 0, 0, 0, 0, 0, 0, 0, 0, 0, 0, 0, 0, 0, 0, 0, 0, 0, 0, 0, 0, 0, 0, 0, 0, 0, 0, 0, 0, 4, 0, 1, 4, 1, 4, 8, 0, 0, 0, 0, 0, 0, 0, 1, 0, 0, 0, 4, 0, 8, 0, 0, 0, 4, 8, 4] 
dagE40.txt 4_1x1.txt 0.16744186046511628 0.9 418.0 [0, 0, 0, 0, 0, 0, 0, 0, 0, 0, 0, 0, 0, 0, 0, 0, 0, 0, 0, 0, 0, 0, 0, 0, 0, 0, 1, 0, 0, 0, 0, 0, 0, 0, 1, 0, 0, 0, 0, 1, 0, 0, 1, 1, 0, 0, 1, 0, 0, 1, 0, 1, 0, 0, 1, 0, 1, 0, 0, 1, 0, 0, 0, 1, 1, 1, 0, 0, 1, 0] 
dagE40.txt 5_4_3_2x3.txt 0.14418604651162792 0.15 296.6 [0, 0, 0, 0, 0, 0, 0, 0, 0, 0, 0, 0, 0, 0, 0, 0, 0, 0, 0, 0, 0, 0, 0, 0, 0, 0, 0, 0, 0, 0, 0, 4, 0, 0, 0, 0, 0, 0, 0, 0, 0, 0, 4, 0, 4, 4, 0, 4, 4, 4, 0, 4, 0, 4, 0, 0, 4, 4, 4, 0, 4, 4, 4, 4, 0, 4, 0, 4, 4, 4] 
dagE40.txt 5_4_3_2x3.txt 0.5395348837209303 0.55 64.75 [8, 4, 4, 4, 9, 9, 4, 9, 9, 9, 2, 4, 8, 9, 9, 8, 4, 2, 2, 8, 8, 6, 6, 4, 4, 2, 5, 8, 8, 5, 8, 0, 4, 2, 1, 0, 0, 5, 5, 5, 8, 6, 0, 6, 5, 0, 1, 10, 0, 1, 8, 0, 5, 0, 5, 8, 1, 10, 0, 5, 0, 0, 1, 1, 5, 1, 6, 0, 1, 4] 
dagE40.txt 5_4_3_2x3.txt 0.2 0.2 210.2 [0, 0, 0, 0, 0, 0, 0, 0, 0, 0, 0, 0, 0, 0, 0, 0, 0, 0, 0, 0, 0, 4, 4, 0, 0, 0, 4, 0, 0, 4, 0, 4, 0, 0, 4, 4, 4, 4, 4, 4, 0, 4, 4, 4, 4, 4, 4, 0, 4, 4, 0, 4, 4, 4, 4, 0, 4, 0, 4, 4, 4, 4, 4, 4, 4, 4, 4, 4, 4, 4] 
dagE40.txt 5_4_3_2x3.txt 0.29767441860465116 0.3 146.6 [4, 4, 4, 4, 4, 4, 4, 4, 4, 4, 4, 4, 4, 4, 4, 4, 4, 0, 0, 4, 4, 0, 0, 4, 4, 0, 0, 4, 0, 0, 4, 8, 4, 0, 0, 0, 0, 0, 0, 0, 0, 8, 8, 0, 0, 8, 0, 8, 8, 8, 0, 8, 0, 8, 0, 0, 8, 8, 8, 0, 0, 8, 8, 8, 8, 8, 8, 8, 8, 8] 
dagE40.txt 5_4_3_2x3.txt 0.5953488372093023 0.6 59.0 [2, 8, 8, 8, 4, 4, 8, 4, 4, 4, 11, 8, 2, 4, 4, 4, 8, 6, 6, 2, 2, 10, 5, 8, 8, 6, 0, 4, 2, 0, 2, 5, 7, 6, 1, 5, 5, 0, 0, 0, 2, 10, 5, 1, 0, 5, 1, 9, 5, 8, 0, 5, 0, 9, 0, 7, 1, 9, 9, 0, 9, 3, 9, 1, 0, 1, 10, 9, 1, 3] 
dagE40.txt 5_4_3_2x3.txt 0.3488372093023256 0.35 139.4 [4, 4, 4, 4, 4, 4, 4, 0, 4, 4, 4, 4, 4, 4, 4, 4, 4, 0, 0, 4, 4, 8, 1, 4, 0, 0, 0, 4, 8, 0, 4, 8, 4, 0, 8, 8, 0, 0, 8, 0, 8, 0, 8, 8, 0, 8, 8, 0, 8, 8, 0, 8, 0, 8, 0, 8, 8, 0, 0, 0, 8, 8, 0, 8, 0, 8, 0, 8, 8, 8] 
dagE40.txt 5_4_3_2x3.txt 0.3953488372093023 0.4 118.0 [8, 4, 4, 4, 4, 4, 4, 4, 4, 4, 4, 4, 8, 4, 4, 4, 4, 8, 8, 8, 8, 9, 8, 4, 4, 8, 0, 4, 8, 0, 8, 1, 4, 8, 0, 0, 0, 0, 0, 0, 8, 9, 1, 0, 0, 1, 0, 1, 9, 5, 0, 0, 0, 5, 0, 8, 0, 1, 1, 0, 0, 5, 1, 0, 0, 0, 9, 0, 5, 5] 
dagE40.txt 5_4_3_2x3.txt 0.49767441860465117 0.5 77.0 [0, 8, 1, 1, 8, 8, 1, 8, 8, 8, 1, 1, 0, 8, 8, 1, 8, 0, 0, 0, 0, 4, 9, 1, 1, 0, 9, 8, 0, 4, 0, 5, 1, 0, 4, 4, 9, 9, 9, 9, 0, 5, 5, 4, 4, 5, 4, 5, 2, 2, 9, 4, 9, 5, 4, 1, 2, 5, 5, 4, 9, 2, 5, 4, 4, 2, 5, 2, 2, 0] 
dagE40.txt 5_4_3_2x3.txt 0.24651162790697675 0.25 188.0 [4, 4, 4, 4, 4, 4, 4, 4, 4, 4, 4, 4, 4, 4, 4, 4, 4, 4, 4, 4, 4, 0, 8, 4, 0, 4, 0, 4, 4, 0, 4, 8, 4, 4, 0, 0, 0, 0, 0, 0, 4, 0, 0, 0, 0, 8, 0, 8, 0, 0, 0, 0, 0, 0, 0, 4, 0, 8, 0, 0, 0, 0, 0, 0, 0, 0, 0, 0, 0, 8] 
dagE40.txt 5_4_3_2x3.txt 0.6697674418604651 0.8 52.5 [9, 9, 4, 4, 1, 1, 4, 1, 9, 1, 4, 4, 9, 1, 1, 2, 9, 5, 5, 5, 9, 11, 3, 4, 4, 3, 10, 1, 5, 0, 9, 0, 6, 5, 11, 0, 10, 10, 10, 10, 5, 6, 2, 8, 0, 8, 8, 0, 8, 8, 4, 2, 10, 0, 0, 6, 2, 7, 0, 5, 0, 8, 0, 2, 0, 2, 6, 8, 8, 7] 
dagE40.txt 5_4_3_2x3.txt 0.6930232558139535 0.7 52.0 [1, 11, 5, 11, 9, 4, 11, 9, 4, 4, 1, 5, 1, 9, 3, 6, 4, 1, 1, 4, 1, 2, 10, 5, 11, 6, 9, 6, 4, 0, 1, 8, 5, 4, 10, 0, 8, 5, 2, 10, 4, 2, 10, 0, 8, 8, 0, 8, 0, 3, 6, 10, 2, 8, 0, 4, 10, 9, 8, 0, 8, 0, 8, 7, 0, 7, 2, 0, 7, 5] 
dagE40.txt 5_4_3_2x3.txt 0.627906976744186 0.65 53.6 [3, 1, 5, 5, 1, 8, 5, 1, 8, 8, 7, 5, 1, 8, 8, 8, 1, 4, 3, 3, 1, 10, 11, 5, 5, 7, 4, 8, 4, 0, 1, 2, 5, 4, 8, 0, 11, 0, 4, 0, 3, 10, 2, 10, 0, 2, 10, 2, 9, 6, 4, 0, 4, 9, 0, 4, 6, 2, 0, 0, 9, 9, 6, 0, 0, 6, 10, 9, 6, 9] 
dagE40.txt 5_4_3_2x3.txt 0.6790697674418604 1 53.0 [11, 10, 2, 2, 1, 1, 2, 10, 1, 2, 6, 2, 1, 8, 6, 8, 1, 1, 1, 2, 1, 11, 3, 0, 2, 10, 6, 8, 0, 5, 1, 8, 5, 0, 8, 8, 0, 5, 0, 4, 4, 9, 8, 9, 5, 8, 9, 4, 9, 4, 7, 8, 4, 0, 5, 5, 4, 7, 0, 5, 0, 9, 4, 4, 5, 4, 9, 9, 4, 3] 
dagE40.txt 5_4_3_2x3.txt 0.4372093023255814 0.45 97.8 [8, 4, 4, 4, 4, 4, 4, 4, 0, 4, 8, 4, 8, 4, 8, 4, 4, 8, 8, 8, 8, 5, 0, 4, 5, 8, 0, 8, 8, 0, 8, 5, 4, 8, 0, 5, 5, 0, 5, 0, 8, 0, 5, 0, 0, 5, 0, 1, 1, 1, 5, 5, 0, 5, 0, 5, 1, 1, 5, 0, 5, 1, 1, 1, 0, 1, 0, 1, 1, 0] 
dagE40.txt 4_1x4.txt 0.09302325581395349 0.1 423.25 [0, 0, 0, 0, 0, 0, 0, 0, 0, 0, 0, 0, 0, 0, 0, 0, 0, 0, 0, 0, 0, 0, 0, 0, 0, 0, 0, 0, 0, 0, 0, 0, 0, 0, 0, 0, 0, 0, 0, 0, 0, 0, 0, 2, 0, 6, 2, 6, 2, 4, 0, 0, 0, 0, 0, 0, 0, 6, 0, 0, 0, 2, 0, 4, 0, 0, 0, 2, 4, 2] 
dagE40.txt 5_4_3_2x3.txt 0.6976744186046512 0.9 52.0 [5, 1, 8, 11, 9, 9, 11, 3, 9, 9, 8, 11, 5, 7, 9, 0, 9, 5, 5, 4, 5, 6, 5, 8, 11, 3, 7, 0, 0, 6, 5, 2, 8, 4, 0, 4, 8, 8, 6, 0, 4, 10, 2, 0, 6, 2, 0, 2, 8, 1, 0, 4, 6, 10, 4, 4, 1, 2, 10, 4, 6, 8, 10, 4, 4, 1, 10, 1, 1, 9] 
dagE40.txt 4_1x4.txt 0.14418604651162792 0.15 370.75 [0, 0, 0, 0, 0, 0, 0, 0, 0, 0, 0, 0, 0, 0, 0, 0, 0, 0, 0, 0, 0, 0, 0, 0, 0, 0, 0, 0, 0, 0, 0, 2, 0, 0, 0, 0, 0, 0, 0, 0, 0, 0, 2, 0, 2, 2, 0, 2, 2, 2, 0, 2, 0, 2, 0, 0, 2, 2, 2, 0, 2, 2, 2, 2, 0, 2, 0, 2, 2, 2] 
dagE40.txt 4_1x4.txt 0.5581395348837209 0.6 108.0 [5, 6, 6, 6, 6, 6, 6, 3, 0, 6, 0, 6, 0, 7, 0, 6, 6, 0, 0, 0, 0, 5, 1, 6, 6, 1, 6, 0, 0, 2, 0, 4, 6, 0, 2, 2, 2, 6, 2, 2, 0, 2, 4, 4, 2, 4, 4, 4, 4, 4, 0, 2, 2, 2, 2, 0, 4, 7, 2, 2, 2, 4, 4, 4, 2, 4, 2, 4, 4, 3] 
dagE40.txt 4_1x4.txt 0.5255813953488372 0.55 117.0 [5, 6, 6, 6, 6, 6, 6, 3, 0, 6, 0, 6, 0, 6, 0, 6, 6, 0, 0, 0, 0, 5, 1, 6, 6, 1, 6, 0, 0, 2, 0, 4, 6, 0, 2, 2, 2, 6, 2, 2, 0, 2, 4, 4, 2, 4, 4, 4, 4, 4, 0, 2, 2, 2, 2, 0, 4, 7, 2, 2, 2, 4, 4, 4, 2, 4, 2, 4, 4, 3] 
dagE40.txt 4_1x4.txt 0.2 0.2 262.75 [0, 0, 0, 0, 0, 0, 0, 0, 0, 0, 0, 0, 0, 0, 0, 0, 0, 0, 0, 0, 0, 2, 2, 0, 0, 0, 2, 0, 0, 2, 0, 2, 0, 0, 2, 2, 2, 2, 2, 2, 0, 2, 2, 2, 2, 2, 2, 0, 2, 2, 0, 2, 2, 2, 2, 0, 2, 0, 2, 2, 2, 2, 2, 2, 2, 2, 2, 2, 2, 2] 
dagE40.txt 4_1x4.txt 0.42790697674418604 0.45 131.0 [0, 6, 6, 6, 6, 6, 6, 6, 0, 6, 0, 6, 0, 6, 0, 6, 6, 0, 0, 0, 0, 2, 2, 6, 6, 1, 6, 0, 0, 2, 0, 4, 6, 0, 2, 2, 2, 6, 2, 2, 0, 2, 4, 4, 2, 4, 4, 4, 4, 4, 0, 2, 2, 2, 2, 0, 4, 4, 2, 2, 2, 4, 4, 4, 2, 4, 2, 4, 4, 4] 
dagE40.txt 4_1x4.txt 0.5581395348837209 0.65 108.0 [5, 6, 6, 6, 6, 6, 6, 3, 0, 6, 0, 6, 0, 7, 0, 6, 6, 0, 0, 0, 0, 5, 1, 6, 6, 1, 6, 0, 0, 2, 0, 4, 6, 0, 2, 2, 2, 6, 2, 2, 0, 2, 4, 4, 2, 4, 4, 4, 4, 4, 0, 2, 2, 2, 2, 0, 4, 7, 2, 2, 2, 4, 4, 4, 2, 4, 2, 4, 4, 3] 
dagE40.txt 4_1x4.txt 0.4790697674418605 0.5 119.75 [0, 6, 6, 6, 6, 6, 6, 3, 0, 6, 0, 6, 0, 6, 0, 6, 6, 0, 0, 0, 0, 2, 1, 6, 6, 1, 6, 0, 0, 2, 0, 4, 6, 0, 2, 2, 2, 6, 2, 2, 0, 2, 4, 4, 2, 4, 4, 4, 4, 4, 0, 2, 2, 2, 2, 0, 4, 4, 2, 2, 2, 4, 4, 4, 2, 4, 2, 4, 4, 3] 
dagE40.txt 4_1x4.txt 0.4 0.4 132.0 [0, 6, 6, 6, 6, 6, 6, 6, 0, 6, 0, 6, 0, 6, 0, 6, 6, 0, 0, 0, 0, 2, 2, 6, 6, 0, 6, 0, 0, 2, 0, 4, 6, 0, 2, 2, 2, 6, 2, 2, 0, 2, 4, 4, 2, 4, 4, 4, 4, 4, 0, 2, 2, 2, 2, 0, 4, 4, 2, 2, 2, 4, 4, 4, 2, 4, 2, 4, 4, 4] 
dagE40.txt 4_1x4.txt 0.5767441860465117 0.8 107.75 [1, 0, 0, 4, 4, 4, 0, 1, 2, 4, 5, 0, 0, 4, 4, 4, 0, 6, 2, 0, 0, 5, 3, 0, 4, 3, 4, 4, 2, 2, 0, 2, 0, 6, 0, 2, 6, 4, 4, 4, 0, 0, 6, 6, 6, 2, 6, 6, 2, 2, 4, 6, 4, 6, 2, 2, 6, 7, 6, 6, 6, 2, 6, 2, 2, 4, 0, 6, 2, 7] 
dagE40.txt 4_1x4.txt 0.24186046511627907 0.25 246.0 [2, 2, 2, 2, 2, 2, 2, 2, 2, 2, 2, 2, 2, 2, 2, 2, 2, 2, 2, 2, 2, 0, 2, 2, 2, 2, 0, 2, 2, 0, 2, 0, 2, 2, 0, 0, 0, 0, 0, 0, 2, 4, 0, 0, 0, 0, 0, 0, 4, 0, 0, 0, 0, 0, 0, 2, 0, 0, 0, 0, 0, 0, 0, 0, 0, 0, 4, 0, 0, 4] 
dagE40.txt 4_1x4.txt 0.33488372093023255 0.35 174.5 [0, 0, 0, 0, 0, 0, 0, 6, 0, 0, 0, 0, 0, 0, 0, 0, 0, 2, 2, 0, 0, 4, 2, 0, 2, 2, 2, 0, 4, 2, 0, 4, 0, 2, 4, 4, 2, 2, 4, 2, 4, 2, 4, 4, 2, 4, 4, 2, 4, 4, 2, 4, 2, 4, 2, 4, 4, 2, 2, 2, 4, 4, 2, 4, 2, 4, 2, 4, 4, 4] 
dagE40.txt 4_1x4.txt 0.5581395348837209 1 108.0 [5, 6, 6, 6, 6, 6, 6, 3, 0, 6, 0, 6, 0, 7, 0, 6, 6, 0, 0, 0, 0, 5, 1, 6, 6, 1, 6, 0, 0, 2, 0, 4, 6, 0, 2, 2, 2, 6, 2, 2, 0, 2, 4, 4, 2, 4, 4, 4, 4, 4, 0, 2, 2, 2, 2, 0, 4, 7, 2, 2, 2, 4, 4, 4, 2, 4, 2, 4, 4, 3] 
dagE40.txt 4_1x4.txt 0.29767441860465116 0.3 183.25 [2, 2, 2, 2, 2, 2, 2, 2, 2, 2, 2, 2, 2, 2, 2, 2, 2, 0, 0, 2, 2, 0, 0, 2, 2, 0, 0, 2, 0, 0, 2, 4, 2, 0, 0, 0, 0, 0, 0, 0, 0, 4, 4, 0, 0, 4, 0, 4, 4, 4, 0, 4, 0, 4, 0, 0, 4, 4, 4, 0, 0, 4, 4, 4, 4, 4, 4, 4, 4, 4] 
dagE40.txt 4_1x4.txt 0.5581395348837209 0.7 108.0 [5, 6, 6, 6, 6, 6, 6, 3, 0, 6, 0, 6, 0, 7, 0, 6, 6, 0, 0, 0, 0, 5, 1, 6, 6, 1, 6, 0, 0, 2, 0, 4, 6, 0, 2, 2, 2, 6, 2, 2, 0, 2, 4, 4, 2, 4, 4, 4, 4, 4, 0, 2, 2, 2, 2, 0, 4, 7, 2, 2, 2, 4, 4, 4, 2, 4, 2, 4, 4, 3] 
dagE40.txt 4_1x2.txt 0.08837209302325581 0.1 423.25 [0, 0, 0, 0, 0, 0, 0, 0, 0, 0, 0, 0, 0, 0, 0, 0, 0, 0, 0, 0, 0, 0, 0, 0, 0, 0, 0, 0, 0, 0, 0, 0, 0, 0, 0, 0, 0, 0, 0, 0, 0, 0, 0, 2, 0, 1, 2, 1, 2, 2, 0, 0, 0, 0, 0, 0, 0, 1, 0, 0, 0, 2, 0, 2, 0, 0, 0, 2, 2, 2] 
dagE40.txt 4_1x4.txt 0.5581395348837209 0.9 108.0 [5, 6, 6, 6, 6, 6, 6, 3, 0, 6, 0, 6, 0, 7, 0, 6, 6, 0, 0, 0, 0, 5, 1, 6, 6, 1, 6, 0, 0, 2, 0, 4, 6, 0, 2, 2, 2, 6, 2, 2, 0, 2, 4, 4, 2, 4, 4, 4, 4, 4, 0, 2, 2, 2, 2, 0, 4, 7, 2, 2, 2, 4, 4, 4, 2, 4, 2, 4, 4, 3] 
dagE40.txt 4_1x2.txt 0.14418604651162792 0.15 370.75 [0, 0, 0, 0, 0, 0, 0, 0, 0, 0, 0, 0, 0, 0, 0, 0, 0, 0, 0, 0, 0, 0, 0, 0, 0, 0, 0, 0, 0, 0, 0, 2, 0, 0, 0, 0, 0, 0, 0, 0, 0, 0, 2, 0, 2, 2, 0, 2, 2, 2, 0, 2, 0, 2, 0, 0, 2, 2, 2, 0, 2, 2, 2, 2, 0, 2, 0, 2, 2, 2] 
dagE40.txt 4_1x2.txt 0.4744186046511628 0.8 210.0 [0, 2, 2, 2, 2, 2, 2, 3, 2, 2, 2, 2, 2, 0, 2, 2, 2, 2, 0, 0, 2, 1, 1, 2, 2, 1, 2, 0, 0, 0, 2, 0, 2, 0, 0, 1, 0, 0, 0, 3, 0, 3, 0, 3, 0, 0, 0, 0, 0, 2, 0, 0, 0, 1, 2, 0, 0, 0, 0, 3, 1, 2, 0, 2, 2, 2, 3, 0, 3, 2] 
dagE40.txt 4_1x2.txt 0.3627906976744186 0.4 212.75 [2, 2, 2, 2, 2, 2, 2, 2, 2, 2, 2, 2, 2, 2, 2, 2, 2, 2, 2, 2, 2, 1, 3, 2, 2, 3, 1, 2, 0, 0, 2, 0, 1, 0, 0, 0, 0, 0, 0, 0, 2, 0, 0, 0, 0, 0, 0, 3, 0, 3, 2, 0, 0, 0, 0, 1, 0, 3, 0, 0, 0, 0, 0, 0, 0, 0, 0, 0, 1, 2] 
dagE40.txt 4_1x2.txt 0.4930232558139535 0.5 212.5 [3, 3, 0, 0, 0, 0, 0, 2, 0, 0, 3, 0, 0, 2, 2, 2, 0, 0, 3, 0, 0, 2, 3, 2, 0, 2, 2, 2, 0, 0, 0, 1, 0, 2, 2, 0, 0, 0, 0, 0, 0, 0, 0, 1, 0, 1, 1, 1, 0, 2, 2, 2, 0, 0, 0, 0, 2, 2, 2, 0, 0, 0, 2, 2, 2, 2, 1, 1, 2, 2] 
dagE40.txt 4_1x2.txt 0.4604651162790698 0.55 211.25 [0, 0, 2, 2, 3, 3, 2, 0, 0, 3, 2, 2, 0, 3, 3, 3, 0, 1, 0, 0, 0, 0, 2, 2, 2, 0, 1, 3, 0, 0, 0, 2, 2, 1, 0, 0, 1, 0, 0, 1, 0, 0, 2, 0, 0, 2, 0, 2, 2, 2, 1, 2, 0, 2, 0, 2, 2, 2, 2, 0, 0, 2, 2, 2, 0, 0, 0, 2, 2, 2] 
dagE40.txt 4_1x2.txt 0.2 0.2 262.75 [0, 0, 0, 0, 0, 0, 0, 0, 0, 0, 0, 0, 0, 0, 0, 0, 0, 0, 0, 0, 0, 2, 2, 0, 0, 0, 2, 0, 0, 2, 0, 2, 0, 0, 2, 2, 2, 2, 2, 2, 0, 2, 2, 2, 2, 2, 2, 0, 2, 2, 0, 2, 2, 2, 2, 0, 2, 0, 2, 2, 2, 2, 2, 2, 2, 2, 2, 2, 2, 2] 
dagE40.txt 4_1x2.txt 0.2837209302325581 0.3 222.25 [2, 2, 2, 2, 2, 2, 2, 2, 2, 2, 2, 2, 2, 2, 2, 2, 2, 2, 2, 2, 2, 2, 0, 2, 0, 0, 0, 2, 2, 0, 2, 0, 2, 3, 0, 0, 0, 0, 0, 0, 2, 0, 0, 1, 0, 0, 1, 3, 0, 1, 0, 0, 0, 0, 0, 2, 0, 3, 0, 0, 0, 1, 0, 0, 0, 1, 0, 0, 1, 1] 
dagE40.txt 4_1x2.txt 0.5302325581395348 0.65 211.5 [2, 3, 0, 0, 0, 0, 0, 2, 0, 0, 1, 2, 0, 2, 2, 1, 0, 0, 2, 2, 0, 2, 3, 2, 0, 3, 2, 0, 2, 0, 0, 0, 0, 2, 1, 0, 0, 0, 2, 0, 0, 2, 0, 2, 0, 0, 1, 3, 2, 2, 2, 1, 0, 2, 0, 0, 0, 3, 0, 0, 0, 2, 0, 0, 0, 0, 2, 2, 1, 2] 
dagE40.txt 4_1x2.txt 0.3953488372093023 0.45 214.75 [3, 2, 2, 2, 2, 2, 2, 1, 0, 2, 3, 2, 2, 2, 2, 2, 2, 2, 0, 2, 2, 2, 1, 2, 2, 1, 2, 2, 2, 0, 2, 0, 2, 0, 0, 2, 0, 2, 2, 2, 2, 0, 0, 0, 0, 0, 0, 0, 0, 3, 2, 0, 0, 0, 0, 2, 0, 3, 0, 0, 0, 0, 0, 0, 0, 0, 0, 0, 0, 1] 
dagE40.txt 4_1x2.txt 0.4604651162790698 0.6 211.75 [3, 0, 0, 2, 3, 2, 0, 2, 2, 2, 2, 0, 3, 2, 2, 2, 0, 0, 3, 0, 3, 1, 1, 0, 0, 1, 3, 2, 0, 2, 3, 0, 0, 0, 2, 0, 0, 3, 0, 2, 0, 0, 2, 0, 2, 0, 2, 2, 0, 2, 0, 2, 2, 0, 2, 0, 2, 2, 0, 2, 0, 0, 2, 2, 2, 2, 0, 0, 2, 1] 
dagE40.txt 4_1x2.txt 0.3302325581395349 0.35 214.0 [2, 2, 2, 2, 2, 2, 2, 3, 2, 2, 2, 2, 2, 2, 2, 2, 2, 2, 2, 2, 2, 2, 3, 2, 0, 0, 0, 2, 2, 0, 2, 0, 2, 3, 0, 0, 0, 0, 0, 0, 2, 0, 0, 1, 0, 0, 1, 3, 0, 1, 0, 0, 0, 0, 0, 2, 0, 3, 0, 0, 0, 1, 0, 0, 0, 1, 0, 0, 1, 1] 
dagE40.txt 4_1x2.txt 0.24651162790697675 0.25 235.0 [2, 2, 2, 2, 2, 2, 2, 2, 2, 2, 2, 2, 2, 2, 2, 2, 2, 2, 2, 2, 2, 0, 1, 2, 0, 2, 0, 2, 2, 0, 2, 1, 2, 2, 0, 0, 0, 0, 0, 0, 2, 0, 0, 0, 0, 1, 0, 1, 0, 0, 0, 0, 0, 0, 0, 2, 0, 1, 0, 0, 0, 0, 0, 0, 0, 0, 0, 0, 0, 1] 
dagE40.txt 4_1x2.txt 0.5209302325581395 1 210.0 [1, 1, 2, 3, 2, 3, 2, 2, 0, 3, 2, 0, 0, 2, 3, 3, 1, 0, 0, 0, 0, 2, 3, 0, 0, 1, 2, 3, 2, 2, 0, 0, 0, 1, 2, 2, 0, 0, 0, 2, 0, 0, 0, 2, 0, 0, 2, 0, 0, 2, 0, 0, 2, 0, 2, 2, 2, 0, 0, 2, 0, 0, 0, 2, 2, 2, 0, 2, 2, 2] 
dagE40.txt 4_1x2.txt 0.4 0.7 211.0 [2, 2, 2, 1, 1, 2, 2, 2, 2, 1, 2, 2, 2, 1, 2, 1, 1, 2, 2, 2, 2, 0, 0, 2, 1, 2, 2, 1, 0, 2, 2, 2, 2, 3, 0, 0, 3, 2, 0, 0, 2, 0, 2, 0, 2, 2, 0, 2, 0, 0, 0, 3, 3, 0, 0, 0, 0, 3, 3, 0, 0, 0, 3, 0, 0, 0, 0, 0, 0, 0] 
dagE40.txt 3_2x2.txt 0.08837209302325581 0.1 564.3333333333334 [0, 0, 0, 0, 0, 0, 0, 0, 0, 0, 0, 0, 0, 0, 0, 0, 0, 0, 0, 0, 0, 0, 0, 0, 0, 0, 0, 0, 0, 0, 0, 0, 0, 0, 0, 0, 0, 0, 0, 0, 0, 0, 0, 2, 0, 1, 2, 1, 2, 2, 0, 0, 0, 0, 0, 0, 0, 1, 0, 0, 0, 2, 0, 2, 0, 0, 0, 2, 2, 2] 
dagE40.txt 4_1x2.txt 0.4232558139534884 0.9 210.75 [2, 2, 2, 2, 0, 2, 2, 0, 2, 2, 2, 2, 0, 2, 2, 0, 2, 0, 0, 2, 0, 0, 3, 2, 2, 3, 2, 0, 2, 0, 0, 1, 2, 0, 0, 0, 2, 2, 0, 0, 0, 3, 0, 0, 0, 1, 0, 1, 1, 0, 0, 2, 0, 2, 0, 2, 0, 1, 2, 0, 0, 2, 0, 3, 0, 0, 3, 1, 0, 2] 
dagE40.txt 3_2x2.txt 0.14418604651162792 0.15 494.3333333333333 [0, 0, 0, 0, 0, 0, 0, 0, 0, 0, 0, 0, 0, 0, 0, 0, 0, 0, 0, 0, 0, 0, 0, 0, 0, 0, 0, 0, 0, 0, 0, 2, 0, 0, 0, 0, 0, 0, 0, 0, 0, 0, 2, 0, 2, 2, 0, 2, 2, 2, 0, 2, 0, 2, 0, 0, 2, 2, 2, 0, 2, 2, 2, 2, 0, 2, 0, 2, 2, 2] 
dagE40.txt 3_2x2.txt 0.5488372093023256 0.55 212.66666666666666 [2, 1, 2, 2, 0, 0, 0, 3, 0, 2, 2, 3, 2, 2, 2, 2, 0, 2, 0, 2, 2, 2, 3, 3, 0, 3, 2, 2, 2, 0, 2, 1, 0, 0, 3, 0, 1, 0, 0, 0, 2, 0, 0, 1, 0, 1, 1, 1, 1, 3, 2, 0, 0, 2, 0, 0, 1, 3, 0, 0, 0, 1, 1, 0, 0, 1, 0, 1, 1, 3] 
dagE40.txt 3_2x2.txt 0.2 0.2 350.3333333333333 [0, 0, 0, 0, 0, 0, 0, 0, 0, 0, 0, 0, 0, 0, 0, 0, 0, 0, 0, 0, 0, 2, 2, 0, 0, 0, 2, 0, 0, 2, 0, 2, 0, 0, 2, 2, 2, 2, 2, 2, 0, 2, 2, 2, 2, 2, 2, 0, 2, 2, 0, 2, 2, 2, 2, 0, 2, 0, 2, 2, 2, 2, 2, 2, 2, 2, 2, 2, 2, 2] 
dagE40.txt 3_2x2.txt 0.4372093023255814 0.5 213.0 [2, 0, 0, 0, 0, 0, 0, 2, 0, 0, 2, 0, 0, 0, 0, 0, 0, 0, 0, 0, 0, 1, 1, 0, 0, 2, 3, 0, 2, 1, 0, 2, 0, 2, 3, 2, 1, 1, 1, 3, 0, 1, 3, 3, 1, 2, 3, 2, 2, 3, 1, 3, 1, 2, 3, 2, 3, 2, 1, 3, 1, 2, 1, 3, 3, 3, 1, 2, 3, 2] 
dagE40.txt 3_2x2.txt 0.4 0.45 210.33333333333334 [3, 2, 2, 2, 2, 2, 2, 2, 2, 2, 2, 2, 3, 2, 2, 2, 2, 3, 3, 3, 3, 1, 2, 2, 1, 3, 0, 2, 3, 0, 3, 0, 2, 3, 0, 1, 0, 0, 1, 0, 3, 1, 0, 0, 0, 1, 0, 3, 0, 1, 0, 0, 0, 1, 0, 3, 0, 3, 0, 0, 1, 1, 0, 0, 0, 1, 1, 0, 1, 1] 
dagE40.txt 3_2x2.txt 0.5069767441860465 0.6 210.33333333333334 [2, 0, 0, 0, 0, 0, 0, 2, 0, 0, 3, 0, 0, 3, 0, 0, 0, 1, 1, 0, 1, 0, 3, 0, 1, 2, 2, 0, 1, 2, 3, 3, 0, 1, 2, 0, 1, 1, 2, 2, 1, 0, 3, 2, 2, 3, 2, 3, 1, 2, 2, 3, 1, 1, 0, 1, 2, 3, 3, 2, 2, 1, 3, 3, 2, 2, 0, 2, 2, 1] 
dagE40.txt 3_2x2.txt 0.2837209302325581 0.3 296.3333333333333 [2, 2, 2, 2, 2, 2, 2, 2, 2, 2, 2, 2, 2, 2, 2, 2, 2, 2, 2, 2, 2, 2, 0, 2, 0, 0, 0, 2, 2, 0, 2, 0, 2, 3, 0, 0, 0, 0, 0, 0, 2, 0, 0, 1, 0, 0, 1, 3, 0, 1, 0, 0, 0, 0, 0, 2, 0, 3, 0, 0, 0, 1, 0, 0, 0, 1, 0, 0, 1, 1] 
dagE40.txt 3_2x2.txt 0.24186046511627907 0.25 327.3333333333333 [2, 2, 2, 2, 2, 2, 2, 2, 2, 2, 2, 2, 2, 2, 2, 2, 2, 2, 2, 2, 2, 0, 1, 2, 2, 2, 0, 2, 2, 0, 2, 0, 2, 2, 0, 0, 0, 0, 0, 0, 2, 1, 0, 0, 0, 0, 0, 0, 0, 0, 0, 0, 0, 0, 0, 2, 0, 2, 0, 0, 0, 0, 0, 0, 0, 0, 1, 0, 0, 1] 
dagE40.txt 3_2x2.txt 0.3395348837209302 0.35 242.33333333333334 [2, 2, 2, 2, 2, 2, 2, 2, 2, 2, 2, 2, 2, 2, 2, 2, 2, 0, 1, 2, 2, 3, 1, 2, 2, 0, 0, 2, 1, 0, 2, 1, 2, 1, 0, 0, 0, 0, 0, 0, 2, 3, 0, 3, 1, 1, 3, 1, 3, 0, 0, 0, 0, 1, 0, 1, 0, 1, 0, 0, 0, 3, 0, 0, 0, 0, 3, 3, 0, 3] 
dagE40.txt 3_2x2.txt 0.3953488372093023 0.4 217.5 [3, 2, 2, 2, 2, 2, 2, 2, 2, 2, 2, 2, 3, 2, 2, 2, 2, 3, 3, 3, 3, 1, 2, 2, 2, 3, 0, 2, 3, 0, 3, 1, 2, 3, 0, 0, 0, 0, 0, 0, 3, 1, 1, 0, 0, 1, 0, 1, 1, 1, 0, 0, 0, 1, 0, 3, 0, 0, 1, 0, 0, 1, 1, 0, 0, 0, 1, 0, 1, 3] 
dagE40.txt 3_2x2.txt 0.5534883720930233 0.7 210.66666666666666 [3, 0, 0, 0, 0, 0, 0, 3, 0, 0, 2, 0, 0, 2, 2, 2, 0, 0, 1, 0, 0, 1, 3, 3, 0, 3, 3, 0, 1, 0, 0, 1, 0, 1, 2, 0, 0, 0, 0, 0, 0, 1, 1, 2, 2, 2, 2, 1, 2, 2, 3, 1, 0, 1, 0, 0, 2, 3, 1, 2, 2, 2, 1, 1, 2, 2, 1, 2, 2, 3] 
dagE40.txt 3_2x2.txt 0.4604651162790698 0.65 211.33333333333334 [2, 3, 3, 2, 2, 2, 3, 2, 2, 2, 2, 3, 1, 2, 2, 2, 2, 1, 2, 3, 1, 1, 3, 3, 1, 3, 2, 2, 1, 2, 1, 0, 3, 1, 2, 1, 1, 3, 1, 2, 1, 0, 1, 0, 0, 0, 0, 0, 0, 0, 2, 1, 2, 1, 0, 3, 0, 0, 1, 0, 1, 0, 0, 0, 0, 0, 0, 0, 0, 3] 
dagE40.txt 3_2x2.txt 0.5069767441860465 1 209.5 [2, 2, 2, 2, 3, 2, 2, 0, 2, 2, 2, 2, 2, 3, 2, 3, 2, 3, 3, 2, 3, 1, 2, 2, 2, 0, 3, 3, 1, 1, 2, 1, 1, 3, 1, 1, 3, 1, 1, 1, 2, 0, 0, 1, 0, 1, 1, 3, 2, 0, 3, 0, 1, 0, 0, 1, 0, 3, 0, 1, 0, 2, 0, 0, 0, 0, 0, 0, 0, 0] 
dagE40.txt 5_4_3_2x1.txt 0.08837209302325581 0.1 338.6 [0, 0, 0, 0, 0, 0, 0, 0, 0, 0, 0, 0, 0, 0, 0, 0, 0, 0, 0, 0, 0, 0, 0, 0, 0, 0, 0, 0, 0, 0, 0, 0, 0, 0, 0, 0, 0, 0, 0, 0, 0, 0, 0, 1, 0, 2, 1, 2, 1, 1, 0, 0, 0, 0, 0, 0, 0, 2, 0, 0, 0, 1, 0, 1, 0, 0, 0, 1, 1, 1] 
dagE40.txt 3_2x2.txt 0.4604651162790698 0.8 211.5 [2, 3, 2, 3, 3, 3, 3, 3, 0, 3, 2, 3, 2, 3, 3, 2, 2, 2, 2, 3, 2, 1, 3, 2, 3, 2, 0, 2, 0, 0, 2, 0, 3, 2, 2, 0, 0, 0, 0, 0, 2, 1, 0, 1, 0, 0, 1, 2, 1, 0, 2, 0, 0, 0, 1, 0, 0, 2, 0, 1, 0, 1, 0, 1, 1, 0, 1, 1, 0, 1] 
dagE40.txt 3_2x2.txt 0.4790697674418605 0.9 212.0 [3, 0, 0, 0, 3, 0, 0, 2, 0, 0, 0, 0, 3, 0, 0, 0, 0, 1, 3, 1, 3, 3, 2, 0, 0, 0, 3, 0, 1, 2, 3, 3, 0, 1, 2, 3, 1, 3, 3, 2, 1, 3, 2, 3, 2, 3, 2, 2, 1, 2, 1, 2, 2, 1, 2, 1, 2, 2, 1, 2, 1, 1, 2, 2, 2, 2, 3, 1, 2, 0] 
dagE40.txt 5_4_3_2x1.txt 0.14418604651162792 0.15 296.6 [0, 0, 0, 0, 0, 0, 0, 0, 0, 0, 0, 0, 0, 0, 0, 0, 0, 0, 0, 0, 0, 0, 0, 0, 0, 0, 0, 0, 0, 0, 0, 1, 0, 0, 0, 0, 0, 0, 0, 0, 0, 0, 1, 0, 1, 1, 0, 1, 1, 1, 0, 1, 0, 1, 0, 0, 1, 1, 1, 0, 1, 1, 1, 1, 0, 1, 0, 1, 1, 1] 
dagE40.txt 5_4_3_2x1.txt 0.40930232558139534 0.55 150.6 [3, 0, 0, 0, 0, 0, 0, 3, 0, 0, 3, 0, 0, 0, 0, 0, 0, 0, 3, 0, 0, 2, 3, 0, 0, 3, 1, 0, 0, 2, 0, 2, 0, 3, 0, 2, 1, 1, 1, 1, 0, 2, 1, 2, 2, 2, 0, 2, 2, 1, 1, 1, 1, 1, 2, 0, 1, 1, 1, 2, 1, 2, 1, 1, 2, 1, 2, 2, 1, 1] 
dagE40.txt 5_4_3_2x1.txt 0.4697674418604651 0.5 151.0 [3, 1, 1, 1, 1, 1, 1, 3, 1, 1, 1, 1, 1, 1, 1, 0, 1, 0, 1, 1, 1, 3, 3, 1, 1, 3, 0, 1, 0, 1, 1, 0, 2, 0, 0, 0, 0, 0, 0, 0, 1, 0, 0, 2, 0, 0, 2, 2, 0, 0, 3, 0, 0, 2, 2, 2, 0, 2, 0, 2, 2, 2, 0, 2, 2, 0, 0, 2, 0, 2] 
dagE40.txt 5_4_3_2x1.txt 0.4372093023255814 0.45 152.5 [1, 1, 0, 1, 1, 1, 0, 1, 1, 1, 3, 0, 1, 1, 1, 1, 1, 1, 1, 1, 1, 0, 3, 0, 1, 1, 2, 1, 0, 2, 1, 3, 0, 0, 2, 0, 0, 0, 0, 0, 2, 0, 3, 2, 0, 3, 2, 3, 2, 2, 0, 0, 0, 0, 0, 3, 2, 3, 0, 0, 0, 2, 0, 2, 0, 2, 0, 2, 2, 2] 
dagE40.txt 5_4_3_2x1.txt 0.3581395348837209 0.4 151.2 [0, 0, 0, 0, 0, 0, 0, 0, 0, 0, 0, 0, 0, 0, 0, 0, 0, 0, 3, 0, 0, 2, 3, 0, 0, 3, 1, 0, 2, 1, 0, 2, 0, 3, 1, 2, 2, 1, 1, 1, 0, 3, 2, 2, 1, 2, 1, 3, 2, 1, 1, 2, 1, 2, 1, 2, 1, 3, 2, 1, 2, 2, 1, 1, 1, 1, 3, 2, 1, 1] 
dagE40.txt 5_4_3_2x1.txt 0.24186046511627907 0.25 217.2 [1, 1, 1, 1, 1, 1, 1, 2, 1, 1, 1, 1, 1, 1, 1, 1, 1, 1, 1, 1, 1, 0, 0, 1, 0, 0, 0, 1, 1, 0, 1, 2, 1, 1, 0, 0, 0, 0, 0, 0, 1, 0, 0, 0, 0, 2, 0, 2, 0, 0, 0, 0, 0, 0, 0, 1, 0, 2, 0, 0, 0, 0, 0, 0, 0, 0, 0, 0, 0, 0] 
dagE40.txt 5_4_3_2x1.txt 0.2 0.2 259.75 [0, 0, 0, 0, 0, 0, 0, 0, 0, 0, 0, 0, 0, 0, 0, 0, 0, 0, 0, 0, 0, 1, 1, 0, 0, 0, 1, 0, 0, 1, 0, 1, 0, 0, 1, 1, 1, 1, 1, 1, 0, 1, 1, 1, 1, 1, 1, 0, 1, 1, 0, 1, 1, 1, 1, 0, 1, 0, 1, 1, 1, 1, 1, 1, 1, 1, 1, 1, 1, 1] 
dagE40.txt 5_4_3_2x1.txt 0.2930232558139535 0.3 208.0 [1, 1, 1, 1, 1, 1, 1, 0, 1, 1, 1, 1, 1, 1, 1, 1, 1, 1, 1, 1, 1, 1, 0, 1, 0, 0, 0, 1, 1, 0, 1, 0, 1, 3, 0, 0, 0, 0, 0, 0, 1, 0, 0, 2, 0, 0, 2, 3, 0, 2, 0, 0, 0, 0, 0, 1, 0, 3, 0, 0, 0, 2, 0, 0, 0, 2, 0, 0, 2, 2] 
dagE40.txt 5_4_3_2x1.txt 0.33488372093023255 0.35 169.75 [1, 1, 1, 1, 1, 1, 1, 0, 1, 1, 1, 1, 1, 1, 1, 1, 1, 0, 2, 1, 1, 3, 0, 1, 1, 0, 0, 1, 2, 0, 1, 2, 1, 2, 0, 0, 0, 0, 0, 0, 1, 3, 0, 3, 2, 2, 3, 2, 3, 0, 0, 0, 0, 2, 0, 2, 0, 2, 0, 0, 0, 3, 0, 0, 0, 0, 3, 3, 0, 3] 
dagE40.txt 5_4_3_2x1.txt 0.5069767441860465 0.65 151.4 [1, 2, 0, 0, 2, 2, 0, 3, 2, 2, 1, 2, 0, 2, 2, 0, 0, 0, 0, 0, 0, 2, 3, 3, 0, 3, 3, 0, 0, 2, 0, 1, 0, 0, 2, 0, 0, 0, 0, 0, 0, 2, 0, 2, 1, 1, 2, 1, 1, 1, 3, 0, 0, 1, 0, 0, 1, 1, 0, 0, 1, 1, 1, 0, 0, 1, 2, 1, 1, 1] 
dagE40.txt 5_4_3_2x1.txt 0.4790697674418605 1 150.0 [1, 1, 1, 1, 1, 1, 0, 1, 1, 1, 1, 1, 3, 1, 1, 0, 1, 3, 0, 1, 3, 0, 3, 0, 0, 0, 1, 3, 0, 3, 3, 0, 0, 0, 0, 0, 0, 3, 0, 3, 1, 0, 2, 0, 3, 0, 0, 2, 2, 2, 3, 2, 3, 2, 0, 0, 2, 2, 2, 0, 0, 2, 2, 2, 0, 2, 0, 2, 2, 1] 
dagE40.txt 5_4_3_2x1.txt 0.46511627906976744 0.7 149.75 [3, 0, 0, 0, 0, 0, 0, 3, 0, 0, 3, 0, 0, 0, 0, 0, 0, 0, 3, 0, 0, 1, 3, 0, 0, 1, 2, 2, 0, 0, 0, 1, 0, 3, 0, 2, 2, 2, 1, 0, 1, 2, 1, 1, 2, 1, 1, 1, 1, 1, 2, 2, 2, 0, 2, 0, 1, 3, 2, 2, 2, 1, 2, 2, 1, 1, 1, 1, 1, 1] 
dagE40.txt 5_4_3_2x1.txt 0.4744186046511628 0.6 150.6 [3, 0, 0, 0, 2, 2, 0, 2, 2, 2, 0, 0, 2, 2, 2, 2, 0, 2, 0, 0, 2, 0, 1, 3, 0, 1, 0, 2, 2, 0, 2, 3, 0, 2, 1, 0, 0, 0, 0, 0, 2, 1, 1, 1, 0, 3, 1, 3, 3, 1, 0, 1, 0, 1, 0, 0, 1, 3, 1, 0, 0, 1, 3, 1, 0, 1, 1, 1, 1, 1] 
dagE40.txt 5_4_3_2x4.txt 0.09302325581395349 0.1 338.6 [0, 0, 0, 0, 0, 0, 0, 0, 0, 0, 0, 0, 0, 0, 0, 0, 0, 0, 0, 0, 0, 0, 0, 0, 0, 0, 0, 0, 0, 0, 0, 0, 0, 0, 0, 0, 0, 0, 0, 0, 0, 0, 0, 4, 0, 12, 4, 12, 4, 8, 0, 0, 0, 0, 0, 0, 0, 12, 0, 0, 0, 4, 0, 8, 0, 0, 0, 4, 8, 4] 
dagE40.txt 5_4_3_2x1.txt 0.5116279069767442 0.8 151.0 [0, 1, 0, 0, 0, 1, 0, 2, 1, 0, 0, 0, 3, 0, 0, 3, 1, 3, 0, 0, 3, 2, 2, 0, 0, 3, 3, 3, 0, 1, 3, 1, 0, 0, 1, 1, 0, 3, 2, 2, 0, 2, 1, 1, 1, 1, 1, 2, 1, 0, 3, 1, 2, 0, 1, 0, 2, 2, 0, 1, 0, 1, 2, 1, 1, 2, 2, 1, 1, 2] 
dagE40.txt 5_4_3_2x1.txt 0.4418604651162791 0.9 151.2 [0, 2, 2, 2, 2, 2, 2, 2, 0, 2, 3, 1, 2, 2, 2, 2, 2, 0, 3, 3, 2, 3, 0, 3, 2, 0, 0, 2, 0, 0, 3, 1, 1, 0, 0, 3, 0, 0, 0, 0, 0, 3, 1, 0, 0, 1, 0, 1, 1, 1, 0, 1, 0, 1, 0, 3, 1, 1, 1, 0, 0, 1, 1, 1, 0, 1, 3, 0, 1, 1] 
dagE40.txt 5_4_3_2x4.txt 0.29767441860465116 0.3 146.6 [4, 4, 4, 4, 4, 4, 4, 4, 4, 4, 4, 4, 4, 4, 4, 4, 4, 0, 0, 4, 4, 0, 0, 4, 4, 0, 0, 4, 0, 0, 4, 8, 4, 0, 0, 0, 0, 0, 0, 0, 0, 8, 8, 0, 0, 8, 0, 8, 8, 8, 0, 8, 0, 8, 0, 0, 8, 8, 8, 0, 0, 8, 8, 8, 8, 8, 8, 8, 8, 8] 
dagE40.txt 5_4_3_2x4.txt 0.2 0.2 210.2 [0, 0, 0, 0, 0, 0, 0, 0, 0, 0, 0, 0, 0, 0, 0, 0, 0, 0, 0, 0, 0, 4, 4, 0, 0, 0, 4, 0, 0, 4, 0, 4, 0, 0, 4, 4, 4, 4, 4, 4, 0, 4, 4, 4, 4, 4, 4, 0, 4, 4, 0, 4, 4, 4, 4, 0, 4, 0, 4, 4, 4, 4, 4, 4, 4, 4, 4, 4, 4, 4] 
dagE40.txt 5_4_3_2x4.txt 0.5488372093023256 0.55 65.25 [0, 1, 0, 0, 13, 13, 0, 13, 1, 13, 0, 0, 1, 13, 13, 13, 1, 9, 8, 8, 1, 8, 8, 0, 0, 9, 9, 13, 8, 1, 1, 5, 0, 9, 1, 8, 9, 4, 4, 9, 8, 8, 12, 4, 4, 5, 4, 5, 5, 12, 9, 12, 4, 5, 4, 0, 12, 12, 12, 4, 4, 5, 12, 12, 4, 4, 8, 5, 12, 5] 
dagE40.txt 5_4_3_2x4.txt 0.24651162790697675 0.25 188.0 [4, 4, 4, 4, 4, 4, 4, 4, 4, 4, 4, 4, 4, 4, 4, 4, 4, 4, 4, 4, 4, 0, 8, 4, 0, 4, 0, 4, 4, 0, 4, 8, 4, 4, 0, 0, 0, 0, 0, 0, 4, 0, 0, 0, 0, 8, 0, 8, 0, 0, 0, 0, 0, 0, 0, 4, 0, 8, 0, 0, 0, 0, 0, 0, 0, 0, 0, 0, 0, 8] 
dagE40.txt 5_4_3_2x4.txt 0.3488372093023256 0.35 139.4 [4, 4, 4, 4, 4, 4, 4, 0, 4, 4, 4, 4, 4, 4, 4, 4, 4, 0, 0, 4, 4, 8, 12, 4, 0, 0, 0, 4, 8, 0, 4, 8, 4, 0, 8, 8, 0, 0, 8, 0, 8, 0, 8, 8, 0, 8, 8, 0, 8, 8, 0, 8, 0, 8, 0, 8, 8, 0, 0, 0, 8, 8, 0, 8, 0, 8, 0, 8, 8, 8] 
dagE40.txt 5_4_3_2x4.txt 0.4 0.4 105.6 [0, 12, 12, 12, 12, 12, 12, 12, 0, 12, 0, 12, 0, 12, 0, 12, 12, 0, 0, 0, 0, 4, 4, 12, 12, 0, 12, 0, 0, 4, 0, 8, 12, 0, 4, 4, 4, 12, 4, 4, 0, 4, 8, 8, 4, 8, 8, 8, 8, 8, 0, 4, 4, 4, 4, 0, 8, 8, 4, 4, 4, 8, 8, 8, 4, 8, 4, 8, 8, 8] 
dagE40.txt 5_4_3_2x4.txt 0.49767441860465117 0.5 72.6 [0, 8, 12, 12, 8, 8, 12, 8, 8, 8, 12, 12, 0, 8, 8, 12, 8, 0, 0, 0, 0, 4, 5, 12, 12, 0, 5, 8, 0, 4, 0, 1, 12, 0, 4, 4, 5, 5, 5, 5, 0, 1, 1, 4, 4, 1, 4, 1, 9, 9, 5, 4, 5, 1, 4, 12, 9, 0, 1, 4, 5, 9, 1, 4, 4, 9, 1, 9, 9, 9] 
dagE40.txt 5_4_3_2x4.txt 0.14418604651162792 0.15 296.6 [0, 0, 0, 0, 0, 0, 0, 0, 0, 0, 0, 0, 0, 0, 0, 0, 0, 0, 0, 0, 0, 0, 0, 0, 0, 0, 0, 0, 0, 0, 0, 4, 0, 0, 0, 0, 0, 0, 0, 0, 0, 0, 4, 0, 4, 4, 0, 4, 4, 4, 0, 4, 0, 4, 0, 0, 4, 4, 4, 0, 4, 4, 4, 4, 0, 4, 0, 4, 4, 4] 
dagE40.txt 5_4_3_2x4.txt 0.4372093023255814 0.45 94.8 [8, 4, 4, 4, 4, 4, 4, 4, 0, 4, 8, 4, 8, 4, 8, 4, 4, 8, 8, 8, 8, 8, 0, 4, 1, 8, 0, 8, 8, 0, 8, 1, 4, 8, 0, 1, 1, 0, 1, 0, 8, 0, 1, 0, 0, 1, 0, 12, 12, 12, 1, 1, 0, 1, 0, 1, 12, 12, 1, 0, 1, 12, 12, 12, 0, 12, 0, 12, 12, 12] 
dagE40.txt 5_4_3_2x4.txt 0.6 0.6 50.5 [9, 4, 4, 4, 8, 8, 4, 8, 8, 8, 14, 4, 9, 8, 8, 13, 4, 9, 2, 13, 9, 6, 0, 14, 4, 9, 0, 13, 13, 12, 9, 1, 4, 2, 6, 12, 0, 0, 0, 0, 13, 1, 5, 6, 12, 1, 6, 2, 1, 5, 0, 12, 0, 10, 12, 13, 5, 2, 5, 12, 12, 10, 5, 12, 12, 5, 1, 1, 5, 10] 
dagE40.txt 5_4_3_2x4.txt 0.6883720930232559 0.7 42.6 [6, 12, 13, 1, 1, 8, 14, 7, 8, 8, 13, 14, 1, 10, 8, 8, 1, 4, 1, 8, 1, 12, 15, 13, 1, 4, 13, 8, 12, 0, 8, 5, 14, 4, 2, 0, 4, 0, 12, 0, 8, 12, 4, 2, 0, 5, 2, 5, 5, 9, 3, 4, 0, 6, 0, 11, 9, 10, 4, 0, 0, 6, 5, 7, 0, 9, 12, 2, 9, 11] 
dagE40.txt 5_4_3_2x4.txt 0.7441860465116279 1 41.0 [13, 5, 12, 6, 12, 5, 6, 5, 3, 5, 12, 0, 0, 12, 8, 6, 5, 13, 1, 7, 3, 9, 9, 0, 6, 7, 2, 12, 4, 8, 3, 10, 0, 1, 8, 9, 13, 0, 14, 14, 7, 15, 1, 8, 8, 10, 8, 10, 13, 0, 14, 1, 14, 4, 9, 4, 11, 12, 1, 8, 4, 2, 11, 1, 9, 11, 15, 4, 4, 2] 
dagE40.txt 5_4_3_2x4.txt 0.6465116279069767 0.65 45.75 [1, 12, 4, 4, 12, 12, 4, 11, 12, 12, 7, 4, 1, 3, 12, 10, 12, 1, 9, 9, 1, 6, 13, 4, 4, 15, 3, 10, 9, 8, 1, 13, 4, 9, 8, 0, 0, 0, 0, 8, 9, 6, 13, 8, 0, 13, 8, 5, 13, 2, 10, 0, 0, 14, 8, 9, 5, 5, 0, 8, 0, 14, 5, 2, 8, 5, 6, 5, 2, 14] 
dagE40.txt 4_1x3.txt 0.08837209302325581 0.1 423.25 [0, 0, 0, 0, 0, 0, 0, 0, 0, 0, 0, 0, 0, 0, 0, 0, 0, 0, 0, 0, 0, 0, 0, 0, 0, 0, 0, 0, 0, 0, 0, 0, 0, 0, 0, 0, 0, 0, 0, 0, 0, 0, 0, 2, 0, 4, 2, 4, 2, 2, 0, 0, 0, 0, 0, 0, 0, 4, 0, 0, 0, 2, 0, 2, 0, 0, 0, 2, 2, 2] 
dagE40.txt 5_4_3_2x4.txt 0.6883720930232559 0.9 41.0 [10, 1, 14, 1, 8, 8, 1, 8, 10, 8, 14, 1, 10, 9, 5, 11, 8, 13, 8, 5, 13, 4, 4, 14, 9, 13, 9, 11, 5, 12, 10, 2, 1, 13, 12, 6, 13, 9, 9, 12, 5, 4, 6, 3, 12, 2, 3, 2, 7, 0, 4, 6, 12, 6, 0, 5, 0, 15, 6, 12, 6, 7, 0, 0, 0, 12, 4, 3, 15, 8] 
dagE40.txt 4_1x3.txt 0.14418604651162792 0.15 370.75 [0, 0, 0, 0, 0, 0, 0, 0, 0, 0, 0, 0, 0, 0, 0, 0, 0, 0, 0, 0, 0, 0, 0, 0, 0, 0, 0, 0, 0, 0, 0, 2, 0, 0, 0, 0, 0, 0, 0, 0, 0, 0, 2, 0, 2, 2, 0, 2, 2, 2, 0, 2, 0, 2, 0, 0, 2, 2, 2, 0, 2, 2, 2, 2, 0, 2, 0, 2, 2, 2] 
dagE40.txt 5_4_3_2x4.txt 0.7395348837209302 0.8 41.8 [12, 13, 1, 9, 9, 13, 9, 13, 13, 9, 1, 7, 4, 14, 1, 12, 9, 10, 9, 13, 14, 0, 5, 7, 9, 10, 5, 14, 4, 0, 4, 8, 1, 8, 12, 0, 10, 14, 0, 5, 4, 4, 3, 12, 0, 8, 12, 8, 11, 4, 5, 3, 0, 6, 0, 4, 0, 8, 3, 12, 6, 6, 0, 2, 2, 15, 15, 11, 2, 6] 
dagE40.txt 4_1x3.txt 0.2 0.2 263.25 [0, 0, 0, 0, 0, 0, 0, 0, 0, 0, 0, 0, 0, 0, 0, 0, 0, 0, 0, 0, 0, 2, 2, 0, 2, 0, 2, 0, 0, 2, 0, 0, 0, 0, 2, 2, 2, 2, 2, 2, 0, 2, 2, 2, 2, 0, 2, 0, 2, 2, 2, 2, 2, 2, 2, 0, 2, 0, 2, 2, 2, 2, 2, 2, 2, 2, 2, 2, 2, 2] 
dagE40.txt 4_1x3.txt 0.5302325581395348 0.55 142.75 [4, 0, 0, 0, 0, 0, 0, 3, 0, 0, 4, 0, 0, 3, 5, 0, 0, 0, 4, 0, 0, 5, 5, 4, 2, 4, 3, 0, 4, 2, 0, 4, 4, 4, 0, 2, 2, 2, 2, 2, 0, 2, 2, 2, 2, 4, 1, 4, 2, 0, 2, 2, 2, 2, 1, 4, 0, 4, 2, 2, 2, 1, 4, 2, 1, 0, 2, 2, 1, 4] 
dagE40.txt 4_1x3.txt 0.4930232558139535 0.5 145.0 [3, 0, 0, 0, 0, 0, 0, 1, 0, 0, 5, 0, 0, 0, 0, 0, 0, 2, 2, 0, 0, 3, 1, 0, 2, 3, 2, 0, 4, 2, 0, 4, 0, 2, 4, 4, 2, 2, 4, 2, 4, 2, 4, 4, 2, 4, 4, 2, 4, 2, 5, 4, 2, 4, 2, 4, 4, 5, 2, 2, 4, 4, 2, 4, 2, 4, 2, 4, 4, 1] 
dagE40.txt 4_1x3.txt 0.24651162790697675 0.25 235.0 [2, 2, 2, 2, 2, 2, 2, 2, 2, 2, 2, 2, 2, 2, 2, 2, 2, 2, 2, 2, 2, 0, 4, 2, 0, 2, 0, 2, 2, 0, 2, 4, 2, 2, 0, 0, 0, 0, 0, 0, 2, 0, 0, 0, 0, 4, 0, 4, 0, 0, 0, 0, 0, 0, 0, 2, 0, 4, 0, 0, 0, 0, 0, 0, 0, 0, 0, 0, 0, 4] 
dagE40.txt 4_1x3.txt 0.33488372093023255 0.35 174.5 [0, 0, 0, 0, 0, 0, 0, 1, 0, 0, 0, 0, 0, 0, 0, 0, 0, 2, 2, 0, 0, 4, 2, 0, 2, 2, 2, 0, 4, 2, 0, 4, 0, 2, 4, 4, 2, 2, 4, 2, 4, 2, 4, 4, 2, 4, 4, 2, 4, 4, 2, 4, 2, 4, 2, 4, 4, 2, 2, 2, 4, 4, 2, 4, 2, 4, 2, 4, 4, 4] 
dagE40.txt 4_1x3.txt 0.44651162790697674 0.45 149.75 [3, 4, 4, 4, 4, 4, 4, 1, 4, 4, 5, 4, 4, 4, 4, 4, 4, 0, 2, 2, 4, 2, 1, 4, 4, 1, 5, 4, 2, 0, 4, 2, 4, 2, 0, 2, 0, 0, 0, 0, 2, 2, 0, 2, 0, 2, 2, 2, 2, 0, 3, 0, 0, 2, 0, 2, 0, 2, 0, 0, 2, 2, 0, 0, 0, 0, 2, 2, 0, 3] 
dagE40.txt 4_1x3.txt 0.386046511627907 0.4 162.25 [3, 0, 0, 0, 0, 0, 0, 1, 0, 0, 0, 0, 0, 0, 0, 0, 0, 2, 2, 0, 0, 4, 1, 0, 2, 2, 2, 0, 4, 2, 0, 4, 0, 2, 4, 4, 2, 2, 4, 2, 4, 2, 4, 4, 2, 4, 4, 2, 4, 4, 2, 4, 2, 4, 2, 4, 4, 2, 2, 2, 4, 4, 2, 4, 2, 4, 2, 4, 4, 1] 
dagE40.txt 4_1x3.txt 0.5627906976744186 1 141.75 [3, 3, 0, 0, 0, 0, 0, 1, 0, 0, 5, 5, 0, 2, 2, 0, 0, 0, 0, 0, 0, 2, 1, 1, 0, 3, 4, 0, 0, 2, 0, 4, 0, 0, 2, 2, 2, 0, 2, 2, 0, 2, 4, 4, 2, 4, 4, 4, 4, 4, 4, 2, 2, 2, 2, 0, 4, 4, 2, 2, 2, 4, 4, 4, 2, 4, 2, 4, 4, 5] 
dagE40.txt 4_1x3.txt 0.29767441860465116 0.3 181.75 [2, 2, 2, 2, 2, 2, 2, 2, 2, 2, 2, 2, 2, 2, 2, 2, 2, 0, 0, 2, 2, 0, 0, 2, 2, 0, 0, 2, 0, 0, 2, 4, 2, 0, 4, 0, 0, 0, 0, 0, 2, 0, 4, 4, 0, 4, 4, 4, 4, 4, 0, 4, 0, 4, 0, 0, 4, 4, 4, 0, 0, 4, 4, 4, 0, 4, 0, 4, 4, 4] 
dagE40.txt 4_1x3.txt 0.5627906976744186 0.6 141.75 [3, 3, 0, 0, 0, 0, 0, 1, 0, 0, 5, 5, 0, 2, 2, 0, 0, 0, 0, 0, 0, 2, 1, 1, 0, 3, 4, 0, 0, 2, 0, 4, 0, 0, 2, 2, 2, 0, 2, 2, 0, 2, 4, 4, 2, 4, 4, 4, 4, 4, 4, 2, 2, 2, 2, 0, 4, 4, 2, 2, 2, 4, 4, 4, 2, 4, 2, 4, 4, 5] 
dagE40.txt 4_1x3.txt 0.5581395348837209 0.65 141.5 [2, 0, 2, 0, 0, 0, 2, 5, 0, 0, 5, 2, 4, 0, 0, 0, 0, 4, 3, 0, 4, 0, 1, 2, 4, 1, 0, 0, 3, 0, 4, 2, 2, 3, 0, 4, 4, 4, 4, 4, 4, 0, 4, 4, 2, 2, 4, 2, 2, 1, 0, 4, 4, 2, 4, 5, 4, 2, 4, 4, 2, 2, 4, 4, 4, 4, 3, 2, 4, 2] 
dagE40.txt 4_1x3.txt 0.5627906976744186 0.8 141.75 [3, 3, 0, 0, 0, 0, 0, 1, 0, 0, 5, 5, 0, 2, 2, 0, 0, 0, 0, 0, 0, 2, 1, 1, 0, 3, 4, 0, 0, 2, 0, 4, 0, 0, 2, 2, 2, 0, 2, 2, 0, 2, 4, 4, 2, 4, 4, 4, 4, 4, 4, 2, 2, 2, 2, 0, 4, 4, 2, 2, 2, 4, 4, 4, 2, 4, 2, 4, 4, 5] 
dagE40.txt 3_2x1.txt 0.08837209302325581 0.1 619.6666666666666 [0, 0, 0, 0, 0, 0, 0, 0, 0, 0, 0, 0, 0, 0, 0, 0, 0, 0, 0, 0, 0, 0, 1, 0, 0, 0, 0, 0, 0, 0, 0, 0, 0, 0, 0, 0, 0, 0, 0, 0, 0, 0, 0, 0, 0, 0, 0, 0, 1, 1, 0, 0, 0, 0, 0, 0, 0, 0, 0, 0, 0, 1, 0, 0, 0, 0, 0, 0, 1, 1] 
dagE40.txt 4_1x3.txt 0.5627906976744186 0.9 141.75 [3, 3, 0, 0, 0, 0, 0, 1, 0, 0, 5, 5, 0, 2, 2, 0, 0, 0, 0, 0, 0, 2, 1, 1, 0, 3, 4, 0, 0, 2, 0, 4, 0, 0, 2, 2, 2, 0, 2, 2, 0, 2, 4, 4, 2, 4, 4, 4, 4, 4, 4, 2, 2, 2, 2, 0, 4, 4, 2, 2, 2, 4, 4, 4, 2, 4, 2, 4, 4, 5] 
dagE40.txt 4_1x3.txt 0.5767441860465117 0.7 141.5 [4, 0, 4, 4, 4, 4, 4, 5, 2, 4, 4, 4, 0, 4, 2, 2, 0, 0, 2, 2, 0, 4, 3, 4, 0, 1, 2, 2, 2, 2, 0, 0, 4, 2, 1, 4, 0, 2, 0, 2, 2, 4, 0, 3, 2, 0, 3, 2, 0, 0, 4, 0, 2, 0, 4, 2, 1, 2, 0, 2, 0, 5, 1, 0, 5, 2, 4, 3, 0, 5] 
dagE40.txt 3_2x1.txt 0.14418604651162792 0.15 494.3333333333333 [0, 0, 0, 0, 0, 0, 0, 0, 0, 0, 0, 0, 0, 0, 0, 0, 0, 0, 0, 0, 0, 0, 0, 0, 0, 0, 0, 0, 0, 0, 0, 1, 0, 0, 0, 0, 0, 0, 0, 0, 0, 0, 1, 0, 1, 1, 0, 1, 1, 1, 0, 1, 0, 1, 0, 0, 1, 1, 1, 0, 1, 1, 1, 1, 0, 1, 0, 1, 1, 1] 
dagE40.txt 3_2x1.txt 0.28837209302325584 0.8 418.0 [1, 0, 0, 0, 0, 0, 0, 0, 0, 0, 0, 0, 0, 0, 0, 0, 0, 0, 1, 1, 0, 0, 0, 0, 0, 0, 0, 0, 0, 0, 1, 1, 0, 1, 0, 1, 0, 0, 0, 0, 1, 1, 1, 1, 1, 1, 1, 1, 1, 1, 0, 0, 1, 0, 0, 1, 1, 1, 1, 0, 0, 1, 1, 1, 1, 1, 1, 1, 1, 0] 
dagE40.txt 3_2x1.txt 0.19069767441860466 0.2 471.0 [0, 0, 0, 0, 0, 0, 0, 0, 0, 0, 0, 0, 0, 0, 0, 0, 0, 0, 0, 0, 0, 0, 1, 0, 0, 0, 0, 0, 0, 0, 0, 1, 0, 0, 0, 0, 0, 0, 0, 0, 0, 0, 1, 1, 1, 1, 1, 1, 1, 1, 0, 0, 0, 1, 0, 0, 1, 1, 0, 0, 1, 1, 1, 1, 1, 1, 0, 1, 1, 1] 
dagE40.txt 3_2x1.txt 0.2930232558139535 0.55 418.0 [1, 0, 1, 0, 0, 0, 1, 0, 0, 0, 1, 1, 0, 0, 0, 0, 0, 0, 0, 1, 0, 1, 0, 1, 0, 1, 0, 0, 1, 0, 0, 0, 1, 0, 0, 0, 0, 0, 0, 0, 1, 1, 0, 1, 1, 0, 1, 0, 1, 0, 1, 0, 0, 1, 0, 1, 0, 0, 0, 1, 0, 1, 0, 0, 0, 0, 1, 1, 0, 1] 
dagE40.txt 3_2x1.txt 0.22790697674418606 0.25 418.6666666666667 [1, 1, 1, 1, 1, 1, 1, 1, 1, 1, 1, 1, 0, 1, 1, 1, 1, 0, 1, 1, 0, 0, 1, 1, 1, 0, 0, 1, 0, 0, 0, 0, 1, 1, 0, 0, 0, 0, 0, 0, 0, 0, 0, 0, 0, 0, 0, 1, 0, 0, 0, 0, 0, 0, 0, 0, 0, 1, 0, 0, 0, 0, 0, 0, 0, 0, 0, 0, 0, 0] 
dagE40.txt 3_2x1.txt 0.3302325581395349 0.35 420.0 [1, 0, 0, 0, 0, 0, 0, 1, 0, 0, 1, 0, 0, 0, 0, 0, 0, 0, 0, 0, 0, 1, 1, 1, 0, 1, 0, 0, 1, 0, 1, 1, 0, 0, 0, 0, 0, 0, 0, 0, 0, 1, 1, 1, 0, 1, 1, 1, 1, 0, 0, 0, 0, 1, 0, 0, 0, 1, 0, 0, 0, 1, 0, 0, 1, 0, 1, 1, 0, 1] 
dagE40.txt 3_2x1.txt 0.2558139534883721 0.6 418.5 [0, 0, 0, 0, 0, 0, 0, 0, 0, 0, 0, 0, 0, 0, 0, 0, 0, 0, 0, 0, 0, 0, 0, 0, 1, 0, 0, 0, 0, 0, 0, 1, 1, 0, 1, 1, 1, 1, 1, 1, 0, 0, 1, 1, 1, 1, 1, 1, 1, 1, 0, 1, 1, 0, 1, 1, 1, 0, 1, 1, 1, 1, 1, 1, 1, 1, 0, 1, 1, 0] 
dagE40.txt 3_2x1.txt 0.3488372093023256 0.7 418.6666666666667 [1, 0, 0, 0, 0, 0, 0, 1, 0, 0, 0, 0, 1, 0, 0, 1, 0, 1, 0, 0, 0, 1, 1, 0, 0, 1, 0, 1, 1, 0, 1, 0, 0, 1, 0, 1, 1, 0, 0, 0, 1, 1, 0, 0, 0, 0, 0, 0, 0, 0, 1, 1, 0, 0, 1, 1, 0, 0, 0, 0, 0, 0, 0, 1, 1, 0, 1, 0, 1, 1] 
dagE40.txt 3_2x1.txt 0.30697674418604654 0.5 418.3333333333333 [1, 0, 0, 1, 0, 0, 0, 0, 0, 1, 1, 0, 0, 1, 0, 1, 0, 0, 0, 0, 0, 0, 0, 0, 0, 0, 0, 1, 0, 0, 0, 1, 1, 0, 1, 0, 0, 0, 0, 0, 0, 0, 0, 0, 1, 1, 1, 1, 0, 1, 1, 0, 0, 0, 1, 1, 0, 1, 0, 0, 0, 1, 0, 1, 1, 0, 1, 0, 1, 1] 
dagE40.txt 3_2x1.txt 0.26976744186046514 0.65 418.0 [0, 0, 0, 0, 0, 0, 0, 1, 0, 0, 0, 0, 0, 0, 0, 0, 0, 0, 0, 0, 0, 1, 1, 0, 0, 1, 0, 0, 0, 1, 0, 1, 0, 0, 0, 1, 0, 0, 0, 0, 0, 1, 0, 1, 1, 1, 1, 1, 1, 1, 1, 0, 0, 1, 1, 0, 0, 0, 0, 0, 1, 1, 0, 1, 1, 0, 1, 1, 1, 1] 
dagE40.txt 3_2x1.txt 0.3395348837209302 0.4 418.0 [1, 0, 0, 0, 0, 0, 0, 1, 0, 0, 1, 0, 0, 1, 1, 0, 0, 0, 0, 0, 0, 1, 1, 0, 0, 1, 0, 0, 0, 0, 0, 1, 0, 0, 0, 0, 0, 0, 0, 0, 0, 1, 1, 0, 0, 1, 0, 1, 1, 1, 0, 0, 0, 0, 0, 0, 0, 1, 0, 0, 0, 1, 1, 0, 0, 1, 1, 0, 1, 1] 
dagE40.txt 3_2x1.txt 0.22790697674418606 0.3 418.6666666666667 [1, 1, 1, 1, 1, 1, 1, 1, 1, 1, 1, 1, 0, 1, 1, 1, 1, 0, 1, 1, 0, 0, 1, 1, 1, 0, 0, 1, 0, 0, 0, 0, 1, 1, 0, 0, 0, 0, 0, 0, 0, 0, 0, 0, 0, 0, 0, 1, 0, 0, 0, 0, 0, 0, 0, 0, 0, 1, 0, 0, 0, 0, 0, 0, 0, 0, 0, 0, 0, 0] 
dagE40.txt 3_2x1.txt 0.30697674418604654 1 418.0 [1, 1, 0, 1, 1, 1, 1, 1, 1, 1, 1, 0, 1, 1, 1, 1, 0, 1, 1, 0, 1, 0, 0, 1, 1, 1, 1, 1, 0, 0, 1, 0, 0, 1, 0, 0, 0, 1, 1, 0, 0, 0, 0, 0, 0, 0, 0, 0, 0, 0, 0, 0, 1, 0, 0, 1, 0, 0, 0, 0, 0, 0, 0, 0, 0, 0, 0, 0, 0, 0] 
dagE40.txt 3_2x1.txt 0.2651162790697674 0.45 418.3333333333333 [0, 0, 0, 0, 0, 0, 0, 0, 0, 0, 0, 0, 0, 0, 0, 1, 0, 1, 0, 0, 0, 0, 0, 0, 0, 0, 1, 0, 0, 1, 0, 1, 0, 1, 1, 0, 1, 1, 1, 1, 0, 0, 1, 0, 1, 1, 0, 1, 0, 1, 0, 1, 1, 1, 1, 0, 1, 0, 1, 1, 1, 1, 1, 1, 1, 1, 0, 0, 1, 0] 
dagE40.txt 3_2x5.txt 0.09302325581395349 0.1 564.3333333333334 [0, 0, 0, 0, 0, 0, 0, 0, 0, 0, 0, 0, 0, 0, 0, 0, 0, 0, 0, 0, 0, 0, 0, 0, 0, 0, 0, 0, 0, 0, 0, 0, 0, 0, 0, 0, 0, 0, 0, 0, 0, 0, 0, 2, 0, 6, 2, 6, 2, 4, 0, 0, 0, 0, 0, 0, 0, 6, 0, 0, 0, 2, 0, 4, 0, 0, 0, 2, 4, 2] 
dagE40.txt 3_2x1.txt 0.3116279069767442 0.9 418.0 [1, 1, 0, 0, 1, 1, 0, 1, 1, 1, 0, 1, 1, 1, 1, 1, 1, 0, 1, 1, 0, 0, 1, 1, 0, 0, 1, 1, 1, 0, 1, 0, 1, 0, 0, 0, 0, 1, 0, 0, 1, 0, 0, 0, 0, 0, 0, 0, 0, 0, 1, 0, 0, 0, 0, 1, 0, 0, 0, 0, 0, 0, 0, 0, 0, 0, 0, 0, 0, 0] 
dagE40.txt 3_2x5.txt 0.14418604651162792 0.15 494.3333333333333 [0, 0, 0, 0, 0, 0, 0, 0, 0, 0, 0, 0, 0, 0, 0, 0, 0, 0, 0, 0, 0, 0, 0, 0, 0, 0, 0, 0, 0, 0, 0, 2, 0, 0, 0, 0, 0, 0, 0, 0, 0, 0, 2, 0, 2, 2, 0, 2, 2, 2, 0, 2, 0, 2, 0, 0, 2, 2, 2, 0, 2, 2, 2, 2, 0, 2, 0, 2, 2, 2] 
dagE40.txt 3_2x5.txt 0.6883720930232559 0.8 88.0 [4, 4, 0, 0, 4, 2, 0, 3, 3, 2, 6, 0, 4, 2, 3, 3, 4, 8, 9, 8, 8, 1, 5, 0, 0, 8, 9, 3, 8, 1, 8, 5, 0, 9, 1, 0, 6, 9, 9, 9, 8, 5, 7, 6, 6, 5, 6, 2, 4, 1, 6, 7, 9, 2, 0, 8, 7, 2, 2, 6, 6, 2, 2, 7, 0, 7, 5, 4, 7, 8] 
dagE40.txt 3_2x5.txt 0.5488372093023256 0.55 105.0 [7, 4, 4, 2, 7, 2, 4, 7, 2, 2, 2, 4, 7, 2, 2, 2, 4, 8, 7, 8, 7, 6, 0, 4, 4, 8, 0, 2, 8, 0, 7, 1, 4, 8, 0, 6, 6, 0, 6, 0, 8, 3, 1, 6, 0, 1, 6, 1, 3, 5, 6, 6, 0, 3, 0, 8, 5, 1, 1, 0, 6, 3, 1, 5, 0, 5, 3, 5, 5, 3] 
dagE40.txt 3_2x5.txt 0.6 0.6 96.66666666666667 [8, 3, 8, 8, 4, 4, 8, 4, 3, 4, 8, 8, 1, 4, 4, 4, 4, 5, 5, 1, 1, 3, 5, 8, 8, 5, 2, 4, 1, 2, 1, 0, 8, 5, 6, 0, 6, 2, 2, 2, 1, 3, 0, 3, 2, 0, 6, 7, 0, 7, 7, 0, 2, 0, 2, 1, 6, 7, 0, 2, 0, 9, 6, 6, 2, 6, 3, 0, 6, 9] 
dagE40.txt 3_2x5.txt 0.6372093023255814 0.65 91.0 [4, 2, 2, 2, 7, 7, 2, 7, 7, 7, 8, 2, 4, 7, 8, 8, 2, 4, 9, 5, 4, 0, 6, 0, 2, 8, 6, 8, 5, 6, 4, 1, 2, 9, 8, 0, 0, 6, 0, 6, 5, 1, 3, 0, 6, 1, 8, 9, 0, 4, 4, 0, 6, 5, 6, 5, 3, 9, 3, 6, 0, 5, 3, 3, 6, 3, 1, 1, 9, 4] 
dagE40.txt 3_2x5.txt 0.49767441860465117 0.5 134.0 [0, 4, 6, 6, 4, 4, 6, 4, 4, 4, 6, 6, 0, 4, 4, 6, 4, 0, 0, 0, 0, 2, 0, 6, 6, 0, 1, 4, 0, 2, 0, 8, 6, 0, 2, 2, 1, 1, 1, 1, 0, 8, 8, 2, 2, 8, 2, 8, 3, 3, 1, 2, 1, 8, 2, 6, 3, 8, 8, 2, 1, 3, 8, 2, 2, 3, 8, 3, 3, 3] 
dagE40.txt 3_2x5.txt 0.4 0.4 176.0 [0, 6, 6, 6, 6, 6, 6, 6, 0, 6, 0, 6, 0, 6, 0, 6, 6, 0, 0, 0, 0, 2, 2, 6, 6, 0, 6, 0, 0, 2, 0, 4, 6, 0, 2, 2, 2, 6, 2, 2, 0, 2, 4, 4, 2, 4, 4, 4, 4, 4, 0, 2, 2, 2, 2, 0, 4, 4, 2, 2, 2, 4, 4, 4, 2, 4, 2, 4, 4, 4] 
dagE40.txt 3_2x5.txt 0.33488372093023255 0.35 232.66666666666666 [0, 0, 0, 0, 0, 0, 0, 6, 0, 0, 0, 0, 0, 0, 0, 0, 0, 2, 2, 0, 0, 4, 2, 0, 2, 2, 2, 0, 4, 2, 0, 4, 0, 2, 4, 4, 2, 2, 4, 2, 4, 2, 4, 4, 2, 4, 4, 2, 4, 4, 2, 4, 2, 4, 2, 4, 4, 2, 2, 2, 4, 4, 2, 4, 2, 4, 2, 4, 4, 4] 
dagE40.txt 3_2x5.txt 0.2 0.2 350.3333333333333 [0, 0, 0, 0, 0, 0, 0, 0, 0, 0, 0, 0, 0, 0, 0, 0, 0, 0, 0, 0, 0, 2, 2, 0, 0, 0, 2, 0, 0, 2, 0, 2, 0, 0, 2, 2, 2, 2, 2, 2, 0, 2, 2, 2, 2, 2, 2, 0, 2, 2, 0, 2, 2, 2, 2, 0, 2, 0, 2, 2, 2, 2, 2, 2, 2, 2, 2, 2, 2, 2] 
dagE40.txt 3_2x5.txt 0.7302325581395349 1 88.33333333333333 [8, 0, 5, 0, 3, 0, 5, 7, 0, 0, 7, 5, 3, 4, 9, 0, 5, 6, 3, 6, 3, 4, 9, 2, 5, 7, 3, 0, 6, 1, 3, 4, 5, 6, 2, 4, 8, 3, 4, 1, 6, 4, 2, 4, 1, 4, 2, 1, 8, 0, 6, 2, 1, 8, 1, 6, 2, 6, 8, 0, 8, 8, 1, 2, 1, 2, 4, 8, 2, 9] 
dagE40.txt 3_2x5.txt 0.29767441860465116 0.3 244.33333333333334 [2, 2, 2, 2, 2, 2, 2, 2, 2, 2, 2, 2, 2, 2, 2, 2, 2, 0, 0, 2, 2, 0, 0, 2, 2, 0, 0, 2, 0, 0, 2, 4, 2, 0, 0, 0, 0, 0, 0, 0, 0, 4, 4, 0, 0, 4, 0, 4, 4, 4, 0, 4, 0, 4, 0, 0, 4, 4, 4, 0, 0, 4, 4, 4, 4, 4, 4, 4, 4, 4] 
dagE40.txt 3_2x5.txt 0.44651162790697674 0.45 146.0 [4, 2, 2, 2, 2, 2, 2, 2, 0, 2, 4, 2, 4, 2, 4, 2, 2, 4, 4, 4, 4, 8, 8, 2, 8, 4, 0, 4, 4, 0, 4, 8, 2, 4, 0, 8, 8, 0, 8, 0, 4, 0, 8, 0, 0, 8, 0, 6, 6, 6, 8, 8, 0, 8, 0, 8, 6, 6, 8, 0, 8, 6, 6, 6, 0, 6, 0, 6, 6, 6] 
dagE40.txt 3_2x5.txt 0.6930232558139535 0.7 89.0 [3, 2, 2, 2, 0, 0, 2, 5, 0, 0, 3, 2, 4, 7, 7, 4, 2, 4, 0, 2, 0, 7, 9, 2, 2, 5, 0, 4, 4, 0, 4, 8, 0, 4, 0, 1, 3, 0, 6, 6, 4, 1, 8, 6, 6, 8, 6, 8, 8, 9, 3, 1, 6, 8, 1, 4, 6, 9, 8, 6, 6, 8, 8, 7, 1, 6, 1, 6, 1, 5] 
dagE40.txt 3_2x5.txt 0.24651162790697675 0.25 313.3333333333333 [2, 2, 2, 2, 2, 2, 2, 2, 2, 2, 2, 2, 2, 2, 2, 2, 2, 2, 2, 2, 2, 0, 4, 2, 0, 2, 0, 2, 2, 0, 2, 4, 2, 2, 0, 0, 0, 0, 0, 0, 2, 0, 0, 0, 0, 4, 0, 4, 0, 0, 0, 0, 0, 0, 0, 2, 0, 4, 0, 0, 0, 0, 0, 0, 0, 0, 0, 0, 0, 4] 
dagE40.txt 3_2x5.txt 0.6372093023255814 0.9 88.0 [8, 6, 7, 7, 4, 4, 7, 4, 4, 4, 8, 7, 9, 4, 4, 2, 7, 2, 9, 9, 9, 0, 6, 8, 7, 2, 8, 2, 9, 1, 9, 3, 8, 2, 6, 0, 6, 8, 0, 6, 9, 5, 3, 0, 1, 3, 0, 3, 5, 0, 2, 6, 6, 5, 1, 8, 0, 2, 3, 6, 0, 5, 3, 1, 1, 0, 5, 0, 1, 4] 
