triadag10_2.txt 3_2x4.txt True 0.022222222222222223 0.07 731.75 [1, 1, 1, 1, 1, 1, 3, 1, 1, 1, 1, 1, 1, 1, 1, 3, 1, 1, 1, 1, 1, 1, 1, 1, 1, 1, 1, 1, 1, 1, 1, 1, 1, 1, 1, 1, 1, 1, 1, 1, 1, 1, 1, 1, 1, 1, 1, 1, 1, 1, 1, 1, 1, 1, 1] 
triadag10_2.txt 3_2x4.txt True 0.07777777777777778 0.1 643.5 [1, 1, 4, 4, 1, 4, 1, 4, 1, 1, 1, 4, 4, 1, 4, 1, 1, 1, 1, 1, 1, 1, 1, 1, 1, 1, 1, 1, 1, 1, 1, 1, 1, 1, 1, 1, 1, 1, 1, 1, 1, 1, 1, 1, 1, 1, 1, 1, 1, 1, 1, 1, 1, 1, 1] 
triadag10_2.txt 3_2x4.txt True 0.08888888888888889 0.15 643.25 [5, 5, 3, 1, 6, 6, 5, 6, 5, 5, 5, 3, 1, 6, 5, 5, 5, 5, 5, 5, 5, 5, 5, 5, 5, 5, 5, 5, 5, 5, 5, 5, 5, 5, 5, 5, 5, 5, 5, 5, 5, 5, 5, 5, 5, 5, 5, 5, 5, 5, 5, 5, 5, 5, 5] 
triadag10_2.txt 3_2x4.txt True 0.08888888888888889 0.2 643.25 [5, 5, 3, 1, 6, 6, 5, 6, 5, 5, 5, 3, 1, 6, 5, 5, 5, 5, 5, 5, 5, 5, 5, 5, 5, 5, 5, 5, 5, 5, 5, 5, 5, 5, 5, 5, 5, 5, 5, 5, 5, 5, 5, 5, 5, 5, 5, 5, 5, 5, 5, 5, 5, 5, 5] 
triadag10_2.txt 3_2x4.txt True 0.08888888888888889 0.3 643.25 [5, 5, 3, 1, 6, 6, 5, 6, 5, 5, 5, 3, 1, 6, 5, 5, 5, 5, 5, 5, 5, 5, 5, 5, 5, 5, 5, 5, 5, 5, 5, 5, 5, 5, 5, 5, 5, 5, 5, 5, 5, 5, 5, 5, 5, 5, 5, 5, 5, 5, 5, 5, 5, 5, 5] 
triadag10_2.txt 3_2x4.txt True 0.26666666666666666 0.4 253.75 [5, 3, 5, 5, 3, 3, 5, 5, 5, 3, 3, 5, 5, 3, 3, 5, 5, 5, 5, 3, 5, 3, 3, 3, 3, 3, 3, 1, 3, 3, 3, 3, 3, 3, 1, 7, 1, 1, 1, 1, 7, 1, 1, 1, 1, 7, 7, 7, 7, 7, 7, 7, 7, 7, 7] 
triadag10_2.txt 3_2x4.txt True 0.36666666666666664 0.5 206.75 [3, 3, 3, 3, 5, 3, 1, 1, 2, 5, 3, 3, 3, 5, 3, 1, 1, 2, 5, 3, 3, 5, 3, 1, 1, 3, 5, 1, 5, 3, 1, 1, 3, 5, 1, 1, 7, 1, 7, 1, 1, 7, 1, 7, 1, 5, 1, 7, 1, 5, 7, 5, 7, 5, 5] 
triadag10_2.txt 3_2x4.txt True 0.4111111111111111 0.6 185.0 [7, 5, 7, 5, 3, 5, 7, 7, 3, 7, 7, 7, 5, 3, 5, 7, 7, 3, 7, 3, 5, 3, 5, 7, 7, 3, 7, 5, 3, 3, 3, 0, 3, 3, 5, 5, 5, 0, 6, 5, 5, 5, 1, 1, 5, 2, 1, 1, 5, 1, 2, 1, 1, 1, 1] 
triadag10_2.txt 3_2x4.txt True 0.4777777777777778 0.7 188.75 [7, 7, 7, 4, 3, 6, 7, 5, 7, 5, 7, 7, 4, 3, 6, 7, 5, 7, 5, 7, 4, 5, 5, 5, 7, 7, 7, 3, 5, 5, 1, 7, 0, 7, 3, 3, 1, 1, 1, 3, 3, 3, 1, 0, 3, 3, 1, 0, 3, 1, 1, 3, 2, 3, 2] 
triadag10_2.txt 3_2x4.txt True 0.5555555555555556 1 169.0 [3, 7, 3, 4, 2, 2, 1, 3, 3, 1, 7, 3, 4, 2, 5, 1, 3, 3, 0, 4, 1, 7, 5, 1, 1, 5, 0, 5, 7, 7, 1, 3, 5, 0, 5, 7, 1, 3, 5, 5, 7, 5, 7, 5, 5, 7, 7, 5, 7, 1, 6, 7, 6, 3, 3] 
triadag10_2.txt 3_2x2.txt True 0.022222222222222223 0.07 975.6666666666666 [0, 0, 0, 0, 0, 0, 3, 0, 0, 0, 0, 0, 0, 0, 0, 3, 0, 0, 0, 0, 0, 0, 0, 0, 0, 0, 0, 0, 0, 0, 0, 0, 0, 0, 0, 0, 0, 0, 0, 0, 0, 0, 0, 0, 0, 0, 0, 0, 0, 0, 0, 0, 0, 0, 0] 
triadag10_2.txt 3_2x2.txt True 0.05555555555555555 0.1 905.3333333333334 [0, 0, 2, 3, 0, 0, 0, 2, 0, 0, 0, 2, 3, 0, 0, 0, 0, 0, 0, 0, 0, 0, 0, 0, 0, 0, 0, 0, 0, 0, 0, 0, 0, 0, 0, 0, 0, 0, 0, 0, 0, 0, 0, 0, 0, 0, 0, 0, 0, 0, 0, 0, 0, 0, 0] 
triadag10_2.txt 3_2x2.txt True 0.08888888888888889 0.15 857.6666666666666 [2, 2, 1, 0, 3, 3, 2, 3, 2, 2, 2, 1, 0, 3, 2, 2, 2, 2, 2, 2, 2, 2, 2, 2, 2, 2, 2, 2, 2, 2, 2, 2, 2, 2, 2, 2, 2, 2, 2, 2, 2, 2, 2, 2, 2, 2, 2, 2, 2, 2, 2, 2, 2, 2, 2] 
triadag10_2.txt 3_2x2.txt True 0.08888888888888889 0.2 857.6666666666666 [2, 2, 1, 0, 3, 3, 2, 3, 2, 2, 2, 1, 0, 3, 2, 2, 2, 2, 2, 2, 2, 2, 2, 2, 2, 2, 2, 2, 2, 2, 2, 2, 2, 2, 2, 2, 2, 2, 2, 2, 2, 2, 2, 2, 2, 2, 2, 2, 2, 2, 2, 2, 2, 2, 2] 
triadag10_2.txt 3_2x2.txt True 0.08888888888888889 0.3 857.6666666666666 [2, 2, 1, 0, 3, 3, 2, 3, 2, 2, 2, 1, 0, 3, 2, 2, 2, 2, 2, 2, 2, 2, 2, 2, 2, 2, 2, 2, 2, 2, 2, 2, 2, 2, 2, 2, 2, 2, 2, 2, 2, 2, 2, 2, 2, 2, 2, 2, 2, 2, 2, 2, 2, 2, 2] 
triadag10_2.txt 3_2x2.txt True 0.23333333333333334 0.4 408.0 [1, 0, 1, 1, 0, 0, 1, 1, 1, 1, 0, 1, 1, 0, 0, 1, 1, 1, 1, 0, 1, 0, 0, 0, 0, 0, 0, 2, 0, 0, 0, 0, 0, 0, 2, 2, 2, 2, 2, 2, 2, 2, 2, 2, 2, 2, 2, 2, 2, 3, 2, 2, 3, 3, 3] 
triadag10_2.txt 3_2x2.txt True 0.3888888888888889 0.5 315.0 [2, 3, 3, 2, 3, 2, 0, 1, 0, 0, 3, 3, 2, 3, 2, 0, 1, 0, 0, 3, 2, 3, 3, 0, 1, 3, 0, 0, 3, 3, 0, 1, 3, 0, 0, 0, 2, 0, 2, 0, 0, 2, 0, 2, 0, 1, 0, 2, 0, 1, 2, 1, 2, 1, 1] 
triadag10_2.txt 3_2x2.txt True 0.36666666666666664 0.6 344.0 [2, 2, 3, 1, 0, 3, 2, 2, 2, 2, 2, 3, 1, 0, 3, 2, 2, 2, 2, 0, 1, 0, 3, 2, 2, 2, 2, 1, 0, 0, 0, 2, 0, 0, 1, 1, 3, 0, 3, 1, 1, 3, 0, 1, 1, 1, 0, 1, 1, 0, 1, 0, 0, 0, 0] 
triadag10_2.txt 3_2x2.txt True 0.28888888888888886 0.7 349.0 [2, 0, 2, 2, 3, 3, 2, 2, 3, 2, 0, 2, 2, 3, 3, 2, 2, 3, 2, 0, 0, 3, 3, 2, 0, 3, 0, 0, 3, 3, 2, 0, 3, 0, 0, 0, 0, 0, 0, 0, 0, 1, 0, 0, 0, 1, 0, 0, 0, 1, 1, 1, 1, 1, 1] 
triadag10_2.txt 3_2x2.txt True 0.4444444444444444 1 312.6666666666667 [1, 2, 1, 2, 1, 1, 1, 2, 1, 0, 2, 1, 2, 1, 0, 1, 1, 1, 0, 0, 2, 2, 0, 0, 0, 0, 0, 2, 0, 3, 0, 2, 0, 0, 2, 3, 2, 2, 2, 2, 0, 2, 2, 2, 2, 0, 3, 3, 0, 3, 3, 3, 3, 3, 3] 
triadag10_2.txt 3_2x1.txt True 0.022222222222222223 0.07 975.6666666666666 [0, 0, 0, 0, 0, 0, 1, 0, 0, 0, 0, 0, 0, 0, 0, 1, 0, 0, 0, 0, 0, 0, 0, 0, 0, 0, 0, 0, 0, 0, 0, 0, 0, 0, 0, 0, 0, 0, 0, 0, 0, 0, 0, 0, 0, 0, 0, 0, 0, 0, 0, 0, 0, 0, 0] 
triadag10_2.txt 3_2x1.txt True 0.03333333333333333 0.1 937.3333333333334 [0, 0, 0, 1, 0, 0, 0, 1, 0, 0, 0, 0, 1, 0, 0, 0, 0, 0, 0, 0, 0, 0, 0, 0, 0, 0, 0, 0, 0, 0, 0, 0, 0, 0, 0, 0, 0, 0, 0, 0, 0, 0, 0, 0, 0, 0, 0, 0, 0, 0, 0, 0, 0, 0, 0] 
triadag10_2.txt 3_2x1.txt True 0.044444444444444446 0.15 921.3333333333334 [0, 0, 0, 0, 1, 1, 0, 1, 0, 0, 0, 0, 0, 1, 0, 0, 0, 0, 0, 0, 0, 0, 0, 0, 0, 0, 0, 0, 0, 0, 0, 0, 0, 0, 0, 0, 0, 0, 0, 0, 0, 0, 0, 0, 0, 0, 0, 0, 0, 0, 0, 0, 0, 0, 0] 
triadag10_2.txt 3_2x1.txt True 0.044444444444444446 0.2 921.3333333333334 [0, 0, 0, 0, 1, 1, 0, 1, 0, 0, 0, 0, 0, 1, 0, 0, 0, 0, 0, 0, 0, 0, 0, 0, 0, 0, 0, 0, 0, 0, 0, 0, 0, 0, 0, 0, 0, 0, 0, 0, 0, 0, 0, 0, 0, 0, 0, 0, 0, 0, 0, 0, 0, 0, 0] 
triadag10_2.txt 3_2x1.txt True 0.044444444444444446 0.3 921.3333333333334 [0, 0, 0, 0, 1, 1, 0, 1, 0, 0, 0, 0, 0, 1, 0, 0, 0, 0, 0, 0, 0, 0, 0, 0, 0, 0, 0, 0, 0, 0, 0, 0, 0, 0, 0, 0, 0, 0, 0, 0, 0, 0, 0, 0, 0, 0, 0, 0, 0, 0, 0, 0, 0, 0, 0] 
triadag10_2.txt 3_2x1.txt True 0.08888888888888889 0.4 629.5 [0, 0, 0, 0, 0, 0, 0, 0, 0, 0, 0, 0, 0, 0, 0, 0, 0, 0, 0, 0, 0, 0, 0, 0, 0, 0, 0, 1, 0, 0, 0, 0, 0, 0, 1, 1, 1, 1, 1, 1, 1, 1, 1, 1, 1, 1, 1, 1, 1, 1, 1, 1, 1, 1, 1] 
triadag10_2.txt 3_2x1.txt True 0.08888888888888889 0.5 629.5 [0, 0, 0, 0, 0, 0, 0, 0, 0, 0, 0, 0, 0, 0, 0, 0, 0, 0, 0, 0, 0, 0, 0, 0, 0, 0, 0, 1, 0, 0, 0, 0, 0, 0, 1, 1, 1, 1, 1, 1, 1, 1, 1, 1, 1, 1, 1, 1, 1, 1, 1, 1, 1, 1, 1] 
triadag10_2.txt 3_2x1.txt True 0.2777777777777778 0.6 630.6666666666666 [0, 1, 1, 1, 1, 1, 0, 0, 0, 0, 0, 1, 1, 1, 1, 0, 0, 0, 0, 0, 1, 1, 1, 0, 0, 0, 0, 1, 1, 0, 0, 0, 0, 0, 1, 1, 0, 0, 0, 1, 1, 0, 0, 1, 1, 0, 0, 1, 1, 0, 0, 1, 0, 0, 0] 
triadag10_2.txt 3_2x1.txt True 0.24444444444444444 0.7 627.0 [0, 0, 0, 1, 1, 1, 0, 1, 1, 1, 0, 0, 1, 1, 1, 0, 1, 1, 1, 0, 1, 1, 1, 1, 0, 1, 0, 0, 1, 1, 1, 0, 0, 0, 0, 0, 0, 0, 0, 0, 0, 0, 0, 0, 0, 0, 0, 0, 0, 0, 0, 0, 0, 0, 0] 
triadag10_2.txt 3_2x1.txt True 0.26666666666666666 1 602.5 [0, 0, 0, 1, 0, 0, 0, 0, 0, 0, 0, 0, 1, 0, 0, 0, 0, 0, 0, 0, 1, 0, 0, 0, 0, 0, 0, 0, 0, 1, 0, 1, 0, 0, 0, 1, 1, 1, 1, 0, 0, 1, 1, 1, 0, 0, 1, 1, 0, 1, 1, 1, 1, 1, 1] 
triadag10_2.txt 3_2x4.txt True 0.022222222222222223 0.07 731.75 [1, 1, 1, 1, 1, 1, 3, 1, 1, 1, 1, 1, 1, 1, 1, 3, 1, 1, 1, 1, 1, 1, 1, 1, 1, 1, 1, 1, 1, 1, 1, 1, 1, 1, 1, 1, 1, 1, 1, 1, 1, 1, 1, 1, 1, 1, 1, 1, 1, 1, 1, 1, 1, 1, 1] 
triadag10_2.txt 3_2x4.txt True 0.07777777777777778 0.1 643.5 [1, 1, 4, 4, 1, 4, 1, 4, 1, 1, 1, 4, 4, 1, 4, 1, 1, 1, 1, 1, 1, 1, 1, 1, 1, 1, 1, 1, 1, 1, 1, 1, 1, 1, 1, 1, 1, 1, 1, 1, 1, 1, 1, 1, 1, 1, 1, 1, 1, 1, 1, 1, 1, 1, 1] 
triadag10_2.txt 3_2x4.txt True 0.08888888888888889 0.15 643.25 [5, 5, 3, 1, 6, 6, 5, 6, 5, 5, 5, 3, 1, 6, 5, 5, 5, 5, 5, 5, 5, 5, 5, 5, 5, 5, 5, 5, 5, 5, 5, 5, 5, 5, 5, 5, 5, 5, 5, 5, 5, 5, 5, 5, 5, 5, 5, 5, 5, 5, 5, 5, 5, 5, 5] 
triadag10_2.txt 3_2x4.txt True 0.08888888888888889 0.2 643.25 [5, 5, 3, 1, 6, 6, 5, 6, 5, 5, 5, 3, 1, 6, 5, 5, 5, 5, 5, 5, 5, 5, 5, 5, 5, 5, 5, 5, 5, 5, 5, 5, 5, 5, 5, 5, 5, 5, 5, 5, 5, 5, 5, 5, 5, 5, 5, 5, 5, 5, 5, 5, 5, 5, 5] 
triadag10_2.txt 3_2x4.txt True 0.08888888888888889 0.3 643.25 [5, 5, 3, 1, 6, 6, 5, 6, 5, 5, 5, 3, 1, 6, 5, 5, 5, 5, 5, 5, 5, 5, 5, 5, 5, 5, 5, 5, 5, 5, 5, 5, 5, 5, 5, 5, 5, 5, 5, 5, 5, 5, 5, 5, 5, 5, 5, 5, 5, 5, 5, 5, 5, 5, 5] 
triadag10_2.txt 3_2x4.txt True 0.26666666666666666 0.4 253.75 [5, 3, 5, 5, 3, 3, 5, 5, 5, 3, 3, 5, 5, 3, 3, 5, 5, 5, 5, 3, 5, 3, 3, 3, 3, 3, 3, 1, 3, 3, 3, 3, 3, 3, 1, 7, 1, 1, 1, 1, 7, 1, 1, 1, 1, 7, 7, 7, 7, 7, 7, 7, 7, 7, 7] 
triadag10_2.txt 3_2x4.txt True 0.36666666666666664 0.5 206.75 [3, 3, 3, 3, 5, 3, 1, 1, 2, 5, 3, 3, 3, 5, 3, 1, 1, 2, 5, 3, 3, 5, 3, 1, 1, 3, 5, 1, 5, 3, 1, 1, 3, 5, 1, 1, 7, 1, 7, 1, 1, 7, 1, 7, 1, 5, 1, 7, 1, 5, 7, 5, 7, 5, 5] 
triadag10_2.txt 3_2x4.txt True 0.4111111111111111 0.6 185.0 [7, 5, 7, 5, 3, 5, 7, 7, 3, 7, 7, 7, 5, 3, 5, 7, 7, 3, 7, 3, 5, 3, 5, 7, 7, 3, 7, 5, 3, 3, 3, 0, 3, 3, 5, 5, 5, 0, 6, 5, 5, 5, 1, 1, 5, 2, 1, 1, 5, 1, 2, 1, 1, 1, 1] 
triadag10_2.txt 3_2x4.txt True 0.4777777777777778 0.7 188.75 [7, 7, 7, 4, 3, 6, 7, 5, 7, 5, 7, 7, 4, 3, 6, 7, 5, 7, 5, 7, 4, 5, 5, 5, 7, 7, 7, 3, 5, 5, 1, 7, 0, 7, 3, 3, 1, 1, 1, 3, 3, 3, 1, 0, 3, 3, 1, 0, 3, 1, 1, 3, 2, 3, 2] 
triadag10_2.txt 3_2x4.txt True 0.5555555555555556 1 169.0 [3, 7, 3, 4, 2, 2, 1, 3, 3, 1, 7, 3, 4, 2, 5, 1, 3, 3, 0, 4, 1, 7, 5, 1, 1, 5, 0, 5, 7, 7, 1, 3, 5, 0, 5, 7, 1, 3, 5, 5, 7, 5, 7, 5, 5, 7, 7, 5, 7, 1, 6, 7, 6, 3, 3] 
triadag10_2.txt 3_2x2.txt True 0.022222222222222223 0.07 975.6666666666666 [0, 0, 0, 0, 0, 0, 3, 0, 0, 0, 0, 0, 0, 0, 0, 3, 0, 0, 0, 0, 0, 0, 0, 0, 0, 0, 0, 0, 0, 0, 0, 0, 0, 0, 0, 0, 0, 0, 0, 0, 0, 0, 0, 0, 0, 0, 0, 0, 0, 0, 0, 0, 0, 0, 0] 
triadag10_2.txt 3_2x2.txt True 0.05555555555555555 0.1 905.3333333333334 [0, 0, 2, 3, 0, 0, 0, 2, 0, 0, 0, 2, 3, 0, 0, 0, 0, 0, 0, 0, 0, 0, 0, 0, 0, 0, 0, 0, 0, 0, 0, 0, 0, 0, 0, 0, 0, 0, 0, 0, 0, 0, 0, 0, 0, 0, 0, 0, 0, 0, 0, 0, 0, 0, 0] 
triadag10_2.txt 3_2x2.txt True 0.08888888888888889 0.15 857.6666666666666 [2, 2, 1, 0, 3, 3, 2, 3, 2, 2, 2, 1, 0, 3, 2, 2, 2, 2, 2, 2, 2, 2, 2, 2, 2, 2, 2, 2, 2, 2, 2, 2, 2, 2, 2, 2, 2, 2, 2, 2, 2, 2, 2, 2, 2, 2, 2, 2, 2, 2, 2, 2, 2, 2, 2] 
triadag10_2.txt 3_2x2.txt True 0.08888888888888889 0.2 857.6666666666666 [2, 2, 1, 0, 3, 3, 2, 3, 2, 2, 2, 1, 0, 3, 2, 2, 2, 2, 2, 2, 2, 2, 2, 2, 2, 2, 2, 2, 2, 2, 2, 2, 2, 2, 2, 2, 2, 2, 2, 2, 2, 2, 2, 2, 2, 2, 2, 2, 2, 2, 2, 2, 2, 2, 2] 
triadag10_2.txt 3_2x2.txt True 0.08888888888888889 0.3 857.6666666666666 [2, 2, 1, 0, 3, 3, 2, 3, 2, 2, 2, 1, 0, 3, 2, 2, 2, 2, 2, 2, 2, 2, 2, 2, 2, 2, 2, 2, 2, 2, 2, 2, 2, 2, 2, 2, 2, 2, 2, 2, 2, 2, 2, 2, 2, 2, 2, 2, 2, 2, 2, 2, 2, 2, 2] 
triadag10_2.txt 3_2x2.txt True 0.23333333333333334 0.4 408.0 [1, 0, 1, 1, 0, 0, 1, 1, 1, 1, 0, 1, 1, 0, 0, 1, 1, 1, 1, 0, 1, 0, 0, 0, 0, 0, 0, 2, 0, 0, 0, 0, 0, 0, 2, 2, 2, 2, 2, 2, 2, 2, 2, 2, 2, 2, 2, 2, 2, 3, 2, 2, 3, 3, 3] 
triadag10_2.txt 3_2x2.txt True 0.3888888888888889 0.5 315.0 [2, 3, 3, 2, 3, 2, 0, 1, 0, 0, 3, 3, 2, 3, 2, 0, 1, 0, 0, 3, 2, 3, 3, 0, 1, 3, 0, 0, 3, 3, 0, 1, 3, 0, 0, 0, 2, 0, 2, 0, 0, 2, 0, 2, 0, 1, 0, 2, 0, 1, 2, 1, 2, 1, 1] 
triadag10_2.txt 3_2x2.txt True 0.36666666666666664 0.6 344.0 [2, 2, 3, 1, 0, 3, 2, 2, 2, 2, 2, 3, 1, 0, 3, 2, 2, 2, 2, 0, 1, 0, 3, 2, 2, 2, 2, 1, 0, 0, 0, 2, 0, 0, 1, 1, 3, 0, 3, 1, 1, 3, 0, 1, 1, 1, 0, 1, 1, 0, 1, 0, 0, 0, 0] 
triadag10_2.txt 3_2x2.txt True 0.28888888888888886 0.7 349.0 [2, 0, 2, 2, 3, 3, 2, 2, 3, 2, 0, 2, 2, 3, 3, 2, 2, 3, 2, 0, 0, 3, 3, 2, 0, 3, 0, 0, 3, 3, 2, 0, 3, 0, 0, 0, 0, 0, 0, 0, 0, 1, 0, 0, 0, 1, 0, 0, 0, 1, 1, 1, 1, 1, 1] 
triadag10_2.txt 3_2x2.txt True 0.4444444444444444 1 312.6666666666667 [1, 2, 1, 2, 1, 1, 1, 2, 1, 0, 2, 1, 2, 1, 0, 1, 1, 1, 0, 0, 2, 2, 0, 0, 0, 0, 0, 2, 0, 3, 0, 2, 0, 0, 2, 3, 2, 2, 2, 2, 0, 2, 2, 2, 2, 0, 3, 3, 0, 3, 3, 3, 3, 3, 3] 
triadag10_2.txt 3_2x1.txt True 0.022222222222222223 0.07 975.6666666666666 [0, 0, 0, 0, 0, 0, 1, 0, 0, 0, 0, 0, 0, 0, 0, 1, 0, 0, 0, 0, 0, 0, 0, 0, 0, 0, 0, 0, 0, 0, 0, 0, 0, 0, 0, 0, 0, 0, 0, 0, 0, 0, 0, 0, 0, 0, 0, 0, 0, 0, 0, 0, 0, 0, 0] 
triadag10_2.txt 3_2x1.txt True 0.03333333333333333 0.1 937.3333333333334 [0, 0, 0, 1, 0, 0, 0, 1, 0, 0, 0, 0, 1, 0, 0, 0, 0, 0, 0, 0, 0, 0, 0, 0, 0, 0, 0, 0, 0, 0, 0, 0, 0, 0, 0, 0, 0, 0, 0, 0, 0, 0, 0, 0, 0, 0, 0, 0, 0, 0, 0, 0, 0, 0, 0] 
triadag10_2.txt 3_2x1.txt True 0.044444444444444446 0.15 921.3333333333334 [0, 0, 0, 0, 1, 1, 0, 1, 0, 0, 0, 0, 0, 1, 0, 0, 0, 0, 0, 0, 0, 0, 0, 0, 0, 0, 0, 0, 0, 0, 0, 0, 0, 0, 0, 0, 0, 0, 0, 0, 0, 0, 0, 0, 0, 0, 0, 0, 0, 0, 0, 0, 0, 0, 0] 
triadag10_2.txt 3_2x1.txt True 0.044444444444444446 0.2 921.3333333333334 [0, 0, 0, 0, 1, 1, 0, 1, 0, 0, 0, 0, 0, 1, 0, 0, 0, 0, 0, 0, 0, 0, 0, 0, 0, 0, 0, 0, 0, 0, 0, 0, 0, 0, 0, 0, 0, 0, 0, 0, 0, 0, 0, 0, 0, 0, 0, 0, 0, 0, 0, 0, 0, 0, 0] 
triadag10_2.txt 3_2x1.txt True 0.044444444444444446 0.3 921.3333333333334 [0, 0, 0, 0, 1, 1, 0, 1, 0, 0, 0, 0, 0, 1, 0, 0, 0, 0, 0, 0, 0, 0, 0, 0, 0, 0, 0, 0, 0, 0, 0, 0, 0, 0, 0, 0, 0, 0, 0, 0, 0, 0, 0, 0, 0, 0, 0, 0, 0, 0, 0, 0, 0, 0, 0] 
triadag10_2.txt 3_2x1.txt True 0.08888888888888889 0.4 629.5 [0, 0, 0, 0, 0, 0, 0, 0, 0, 0, 0, 0, 0, 0, 0, 0, 0, 0, 0, 0, 0, 0, 0, 0, 0, 0, 0, 1, 0, 0, 0, 0, 0, 0, 1, 1, 1, 1, 1, 1, 1, 1, 1, 1, 1, 1, 1, 1, 1, 1, 1, 1, 1, 1, 1] 
triadag10_2.txt 3_2x1.txt True 0.08888888888888889 0.5 629.5 [0, 0, 0, 0, 0, 0, 0, 0, 0, 0, 0, 0, 0, 0, 0, 0, 0, 0, 0, 0, 0, 0, 0, 0, 0, 0, 0, 1, 0, 0, 0, 0, 0, 0, 1, 1, 1, 1, 1, 1, 1, 1, 1, 1, 1, 1, 1, 1, 1, 1, 1, 1, 1, 1, 1] 
triadag10_2.txt 3_2x1.txt True 0.2777777777777778 0.6 630.6666666666666 [0, 1, 1, 1, 1, 1, 0, 0, 0, 0, 0, 1, 1, 1, 1, 0, 0, 0, 0, 0, 1, 1, 1, 0, 0, 0, 0, 1, 1, 0, 0, 0, 0, 0, 1, 1, 0, 0, 0, 1, 1, 0, 0, 1, 1, 0, 0, 1, 1, 0, 0, 1, 0, 0, 0] 
triadag10_2.txt 3_2x1.txt True 0.24444444444444444 0.7 627.0 [0, 0, 0, 1, 1, 1, 0, 1, 1, 1, 0, 0, 1, 1, 1, 0, 1, 1, 1, 0, 1, 1, 1, 1, 0, 1, 0, 0, 1, 1, 1, 0, 0, 0, 0, 0, 0, 0, 0, 0, 0, 0, 0, 0, 0, 0, 0, 0, 0, 0, 0, 0, 0, 0, 0] 
triadag10_2.txt 3_2x1.txt True 0.26666666666666666 1 602.5 [0, 0, 0, 1, 0, 0, 0, 0, 0, 0, 0, 0, 1, 0, 0, 0, 0, 0, 0, 0, 1, 0, 0, 0, 0, 0, 0, 0, 0, 1, 0, 1, 0, 0, 0, 1, 1, 1, 1, 0, 0, 1, 1, 1, 0, 0, 1, 1, 0, 1, 1, 1, 1, 1, 1] 
triadag10_2.txt 3_2x4.txt True 0.022222222222222223 0.07 731.75 [1, 1, 1, 1, 1, 1, 3, 1, 1, 1, 1, 1, 1, 1, 1, 3, 1, 1, 1, 1, 1, 1, 1, 1, 1, 1, 1, 1, 1, 1, 1, 1, 1, 1, 1, 1, 1, 1, 1, 1, 1, 1, 1, 1, 1, 1, 1, 1, 1, 1, 1, 1, 1, 1, 1] 
triadag10_2.txt 3_2x4.txt True 0.022222222222222223 0.08 731.75 [1, 1, 1, 1, 1, 1, 3, 1, 1, 1, 1, 1, 1, 1, 1, 3, 1, 1, 1, 1, 1, 1, 1, 1, 1, 1, 1, 1, 1, 1, 1, 1, 1, 1, 1, 1, 1, 1, 1, 1, 1, 1, 1, 1, 1, 1, 1, 1, 1, 1, 1, 1, 1, 1, 1] 
triadag10_2.txt 3_2x4.txt True 0.044444444444444446 0.09 686.0 [1, 1, 1, 1, 1, 1, 1, 3, 1, 3, 1, 1, 1, 1, 1, 1, 3, 1, 3, 1, 1, 1, 1, 1, 1, 1, 1, 1, 1, 1, 1, 1, 1, 1, 1, 1, 1, 1, 1, 1, 1, 1, 1, 1, 1, 1, 1, 1, 1, 1, 1, 1, 1, 1, 1] 
triadag10_2.txt 3_2x4.txt True 0.07777777777777778 0.1 643.5 [1, 1, 4, 4, 1, 4, 1, 4, 1, 1, 1, 4, 4, 1, 4, 1, 1, 1, 1, 1, 1, 1, 1, 1, 1, 1, 1, 1, 1, 1, 1, 1, 1, 1, 1, 1, 1, 1, 1, 1, 1, 1, 1, 1, 1, 1, 1, 1, 1, 1, 1, 1, 1, 1, 1] 
triadag10_2.txt 3_2x4.txt True 0.07777777777777778 0.11 643.5 [1, 1, 4, 4, 1, 4, 1, 4, 1, 1, 1, 4, 4, 1, 4, 1, 1, 1, 1, 1, 1, 1, 1, 1, 1, 1, 1, 1, 1, 1, 1, 1, 1, 1, 1, 1, 1, 1, 1, 1, 1, 1, 1, 1, 1, 1, 1, 1, 1, 1, 1, 1, 1, 1, 1] 
triadag10_2.txt 3_2x4.txt True 0.08888888888888889 0.12 643.25 [5, 5, 3, 1, 6, 6, 5, 6, 5, 5, 5, 3, 1, 6, 5, 5, 5, 5, 5, 5, 5, 5, 5, 5, 5, 5, 5, 5, 5, 5, 5, 5, 5, 5, 5, 5, 5, 5, 5, 5, 5, 5, 5, 5, 5, 5, 5, 5, 5, 5, 5, 5, 5, 5, 5] 
triadag10_2.txt 3_2x4.txt True 0.08888888888888889 0.13 643.25 [5, 5, 3, 1, 6, 6, 5, 6, 5, 5, 5, 3, 1, 6, 5, 5, 5, 5, 5, 5, 5, 5, 5, 5, 5, 5, 5, 5, 5, 5, 5, 5, 5, 5, 5, 5, 5, 5, 5, 5, 5, 5, 5, 5, 5, 5, 5, 5, 5, 5, 5, 5, 5, 5, 5] 
triadag10_2.txt 3_2x4.txt True 0.08888888888888889 0.14 643.25 [5, 5, 3, 1, 6, 6, 5, 6, 5, 5, 5, 3, 1, 6, 5, 5, 5, 5, 5, 5, 5, 5, 5, 5, 5, 5, 5, 5, 5, 5, 5, 5, 5, 5, 5, 5, 5, 5, 5, 5, 5, 5, 5, 5, 5, 5, 5, 5, 5, 5, 5, 5, 5, 5, 5] 
triadag10_2.txt 3_2x4.txt True 0.08888888888888889 0.15 643.25 [5, 5, 3, 1, 6, 6, 5, 6, 5, 5, 5, 3, 1, 6, 5, 5, 5, 5, 5, 5, 5, 5, 5, 5, 5, 5, 5, 5, 5, 5, 5, 5, 5, 5, 5, 5, 5, 5, 5, 5, 5, 5, 5, 5, 5, 5, 5, 5, 5, 5, 5, 5, 5, 5, 5] 
triadag10_2.txt 3_2x4.txt True 0.08888888888888889 0.16 643.25 [5, 5, 3, 1, 6, 6, 5, 6, 5, 5, 5, 3, 1, 6, 5, 5, 5, 5, 5, 5, 5, 5, 5, 5, 5, 5, 5, 5, 5, 5, 5, 5, 5, 5, 5, 5, 5, 5, 5, 5, 5, 5, 5, 5, 5, 5, 5, 5, 5, 5, 5, 5, 5, 5, 5] 
triadag10_2.txt 3_2x4.txt True 0.08888888888888889 0.17 643.25 [5, 5, 3, 1, 6, 6, 5, 6, 5, 5, 5, 3, 1, 6, 5, 5, 5, 5, 5, 5, 5, 5, 5, 5, 5, 5, 5, 5, 5, 5, 5, 5, 5, 5, 5, 5, 5, 5, 5, 5, 5, 5, 5, 5, 5, 5, 5, 5, 5, 5, 5, 5, 5, 5, 5] 
triadag10_2.txt 3_2x4.txt True 0.08888888888888889 0.18 643.25 [5, 5, 3, 1, 6, 6, 5, 6, 5, 5, 5, 3, 1, 6, 5, 5, 5, 5, 5, 5, 5, 5, 5, 5, 5, 5, 5, 5, 5, 5, 5, 5, 5, 5, 5, 5, 5, 5, 5, 5, 5, 5, 5, 5, 5, 5, 5, 5, 5, 5, 5, 5, 5, 5, 5] 
triadag10_2.txt 3_2x4.txt True 0.08888888888888889 0.19 643.25 [5, 5, 3, 1, 6, 6, 5, 6, 5, 5, 5, 3, 1, 6, 5, 5, 5, 5, 5, 5, 5, 5, 5, 5, 5, 5, 5, 5, 5, 5, 5, 5, 5, 5, 5, 5, 5, 5, 5, 5, 5, 5, 5, 5, 5, 5, 5, 5, 5, 5, 5, 5, 5, 5, 5] 
triadag10_2.txt 3_2x4.txt True 0.08888888888888889 0.2 643.25 [5, 5, 3, 1, 6, 6, 5, 6, 5, 5, 5, 3, 1, 6, 5, 5, 5, 5, 5, 5, 5, 5, 5, 5, 5, 5, 5, 5, 5, 5, 5, 5, 5, 5, 5, 5, 5, 5, 5, 5, 5, 5, 5, 5, 5, 5, 5, 5, 5, 5, 5, 5, 5, 5, 5] 
triadag10_2.txt 3_2x4.txt True 0.08888888888888889 0.25 643.25 [5, 5, 3, 1, 6, 6, 5, 6, 5, 5, 5, 3, 1, 6, 5, 5, 5, 5, 5, 5, 5, 5, 5, 5, 5, 5, 5, 5, 5, 5, 5, 5, 5, 5, 5, 5, 5, 5, 5, 5, 5, 5, 5, 5, 5, 5, 5, 5, 5, 5, 5, 5, 5, 5, 5] 
triadag10_2.txt 3_2x4.txt True 0.08888888888888889 0.3 643.25 [5, 5, 3, 1, 6, 6, 5, 6, 5, 5, 5, 3, 1, 6, 5, 5, 5, 5, 5, 5, 5, 5, 5, 5, 5, 5, 5, 5, 5, 5, 5, 5, 5, 5, 5, 5, 5, 5, 5, 5, 5, 5, 5, 5, 5, 5, 5, 5, 5, 5, 5, 5, 5, 5, 5] 
triadag10_2.txt 3_2x4.txt True 0.23333333333333334 0.35 243.75 [5, 5, 3, 5, 5, 5, 5, 1, 5, 2, 5, 3, 5, 5, 5, 5, 1, 5, 5, 3, 5, 5, 5, 5, 2, 5, 5, 3, 3, 3, 3, 2, 3, 3, 3, 7, 3, 3, 3, 3, 7, 3, 3, 3, 3, 7, 7, 7, 7, 7, 7, 7, 7, 7, 7] 
triadag10_2.txt 3_2x4.txt True 0.26666666666666666 0.4 253.75 [5, 3, 5, 5, 3, 3, 5, 5, 5, 3, 3, 5, 5, 3, 3, 5, 5, 5, 5, 3, 5, 3, 3, 3, 3, 3, 3, 1, 3, 3, 3, 3, 3, 3, 1, 7, 1, 1, 1, 1, 7, 1, 1, 1, 1, 7, 7, 7, 7, 7, 7, 7, 7, 7, 7] 
triadag10_2.txt 3_2x4.txt True 0.3333333333333333 0.45 236.0 [3, 1, 3, 7, 3, 7, 3, 7, 1, 3, 1, 3, 7, 3, 7, 3, 7, 1, 3, 1, 7, 1, 7, 1, 7, 1, 1, 3, 1, 7, 1, 7, 1, 1, 3, 3, 1, 3, 1, 3, 3, 1, 3, 1, 3, 5, 3, 5, 3, 5, 5, 5, 5, 5, 5] 
triadag10_2.txt 3_2x4.txt True 0.36666666666666664 0.5 206.75 [3, 3, 3, 3, 5, 3, 1, 1, 2, 5, 3, 3, 3, 5, 3, 1, 1, 2, 5, 3, 3, 5, 3, 1, 1, 3, 5, 1, 5, 3, 1, 1, 3, 5, 1, 1, 7, 1, 7, 1, 1, 7, 1, 7, 1, 5, 1, 7, 1, 5, 7, 5, 7, 5, 5] 
triadag10_2.txt 3_2x4.txt True 0.4444444444444444 0.55 203.25 [5, 5, 1, 5, 7, 1, 3, 7, 3, 5, 5, 1, 5, 7, 1, 3, 7, 3, 5, 1, 5, 7, 1, 3, 7, 3, 5, 7, 7, 1, 3, 1, 3, 7, 7, 5, 3, 7, 3, 7, 5, 3, 7, 5, 7, 1, 6, 5, 1, 6, 1, 1, 1, 6, 1] 
triadag10_2.txt 3_2x4.txt True 0.4111111111111111 0.6 185.0 [7, 5, 7, 5, 3, 5, 7, 7, 3, 7, 7, 7, 5, 3, 5, 7, 7, 3, 7, 3, 5, 3, 5, 7, 7, 3, 7, 5, 3, 3, 3, 0, 3, 3, 5, 5, 5, 0, 6, 5, 5, 5, 1, 1, 5, 2, 1, 1, 5, 1, 2, 1, 1, 1, 1] 
triadag10_2.txt 3_2x4.txt True 0.4888888888888889 0.65 193.75 [7, 7, 4, 5, 7, 3, 5, 7, 3, 7, 7, 4, 5, 7, 3, 5, 7, 3, 7, 5, 5, 4, 3, 5, 7, 3, 7, 3, 5, 5, 5, 6, 5, 5, 3, 2, 2, 1, 6, 3, 3, 1, 1, 1, 3, 1, 1, 1, 3, 1, 1, 3, 3, 3, 3] 
triadag10_2.txt 3_2x4.txt True 0.4777777777777778 0.7 188.75 [7, 7, 7, 4, 3, 6, 7, 5, 7, 5, 7, 7, 4, 3, 6, 7, 5, 7, 5, 7, 4, 5, 5, 5, 7, 7, 7, 3, 5, 5, 1, 7, 0, 7, 3, 3, 1, 1, 1, 3, 3, 3, 1, 0, 3, 3, 1, 0, 3, 1, 1, 3, 2, 3, 2] 
triadag10_2.txt 3_2x4.txt True 0.5222222222222223 0.75 175.25 [3, 3, 1, 1, 0, 1, 5, 1, 7, 3, 3, 1, 2, 0, 1, 5, 3, 7, 3, 3, 2, 3, 1, 5, 7, 3, 3, 7, 3, 1, 5, 7, 3, 1, 7, 7, 5, 5, 7, 7, 5, 5, 5, 7, 7, 4, 5, 7, 1, 3, 7, 1, 6, 6, 6] 
triadag10_2.txt 3_2x4.txt True 0.6333333333333333 0.8 169.5 [7, 5, 0, 2, 1, 4, 7, 1, 7, 7, 5, 0, 5, 1, 1, 7, 7, 7, 6, 7, 5, 0, 1, 5, 5, 7, 6, 5, 3, 7, 3, 5, 1, 6, 5, 5, 3, 1, 1, 5, 2, 1, 3, 5, 5, 3, 4, 1, 5, 3, 1, 5, 7, 3, 7] 
triadag10_2.txt 3_2x4.txt True 0.5555555555555556 0.85 169.0 [3, 7, 3, 4, 2, 2, 1, 3, 3, 1, 7, 3, 4, 2, 5, 1, 3, 3, 0, 4, 1, 7, 5, 1, 1, 5, 0, 5, 7, 7, 1, 3, 5, 0, 5, 7, 1, 3, 5, 5, 7, 5, 7, 5, 5, 7, 7, 5, 7, 1, 6, 7, 6, 3, 3] 
triadag10_2.txt 3_2x4.txt True 0.5555555555555556 0.9 169.0 [3, 7, 3, 4, 2, 2, 1, 3, 3, 1, 7, 3, 4, 2, 5, 1, 3, 3, 0, 4, 1, 7, 5, 1, 1, 5, 0, 5, 7, 7, 1, 3, 5, 0, 5, 7, 1, 3, 5, 5, 7, 5, 7, 5, 5, 7, 7, 5, 7, 1, 6, 7, 6, 3, 3] 
triadag10_2.txt 3_2x4.txt True 0.5555555555555556 0.95 169.0 [3, 7, 3, 4, 2, 2, 1, 3, 3, 1, 7, 3, 4, 2, 5, 1, 3, 3, 0, 4, 1, 7, 5, 1, 1, 5, 0, 5, 7, 7, 1, 3, 5, 0, 5, 7, 1, 3, 5, 5, 7, 5, 7, 5, 5, 7, 7, 5, 7, 1, 6, 7, 6, 3, 3] 
triadag10_2.txt 3_2x4.txt True 0.5555555555555556 1 169.0 [3, 7, 3, 4, 2, 2, 1, 3, 3, 1, 7, 3, 4, 2, 5, 1, 3, 3, 0, 4, 1, 7, 5, 1, 1, 5, 0, 5, 7, 7, 1, 3, 5, 0, 5, 7, 1, 3, 5, 5, 7, 5, 7, 5, 5, 7, 7, 5, 7, 1, 6, 7, 6, 3, 3] 
triadag10_2.txt 100_1x1.txt True 0.0 0.07 30.04 [0, 0, 0, 0, 0, 0, 0, 0, 0, 0, 0, 0, 0, 0, 0, 0, 0, 0, 0, 0, 0, 0, 0, 0, 0, 0, 0, 0, 0, 0, 0, 0, 0, 0, 0, 0, 0, 0, 0, 0, 0, 0, 0, 0, 0, 0, 0, 0, 0, 0, 0, 0, 0, 0, 0] 
triadag10_2.txt 100_1x1.txt True 0.0 0.08 30.04 [0, 0, 0, 0, 0, 0, 0, 0, 0, 0, 0, 0, 0, 0, 0, 0, 0, 0, 0, 0, 0, 0, 0, 0, 0, 0, 0, 0, 0, 0, 0, 0, 0, 0, 0, 0, 0, 0, 0, 0, 0, 0, 0, 0, 0, 0, 0, 0, 0, 0, 0, 0, 0, 0, 0] 
triadag10_2.txt 100_1x1.txt True 0.0 0.09 30.04 [0, 0, 0, 0, 0, 0, 0, 0, 0, 0, 0, 0, 0, 0, 0, 0, 0, 0, 0, 0, 0, 0, 0, 0, 0, 0, 0, 0, 0, 0, 0, 0, 0, 0, 0, 0, 0, 0, 0, 0, 0, 0, 0, 0, 0, 0, 0, 0, 0, 0, 0, 0, 0, 0, 0] 
triadag10_2.txt 100_1x1.txt True 0.0 0.1 30.04 [0, 0, 0, 0, 0, 0, 0, 0, 0, 0, 0, 0, 0, 0, 0, 0, 0, 0, 0, 0, 0, 0, 0, 0, 0, 0, 0, 0, 0, 0, 0, 0, 0, 0, 0, 0, 0, 0, 0, 0, 0, 0, 0, 0, 0, 0, 0, 0, 0, 0, 0, 0, 0, 0, 0] 
triadag10_2.txt 100_1x1.txt True 0.0 0.11 30.04 [0, 0, 0, 0, 0, 0, 0, 0, 0, 0, 0, 0, 0, 0, 0, 0, 0, 0, 0, 0, 0, 0, 0, 0, 0, 0, 0, 0, 0, 0, 0, 0, 0, 0, 0, 0, 0, 0, 0, 0, 0, 0, 0, 0, 0, 0, 0, 0, 0, 0, 0, 0, 0, 0, 0] 
triadag10_2.txt 100_1x1.txt True 0.0 0.12 30.04 [0, 0, 0, 0, 0, 0, 0, 0, 0, 0, 0, 0, 0, 0, 0, 0, 0, 0, 0, 0, 0, 0, 0, 0, 0, 0, 0, 0, 0, 0, 0, 0, 0, 0, 0, 0, 0, 0, 0, 0, 0, 0, 0, 0, 0, 0, 0, 0, 0, 0, 0, 0, 0, 0, 0] 
triadag10_2.txt 100_1x1.txt True 0.0 0.13 30.04 [0, 0, 0, 0, 0, 0, 0, 0, 0, 0, 0, 0, 0, 0, 0, 0, 0, 0, 0, 0, 0, 0, 0, 0, 0, 0, 0, 0, 0, 0, 0, 0, 0, 0, 0, 0, 0, 0, 0, 0, 0, 0, 0, 0, 0, 0, 0, 0, 0, 0, 0, 0, 0, 0, 0] 
triadag10_2.txt 100_1x1.txt True 0.0 0.14 30.04 [0, 0, 0, 0, 0, 0, 0, 0, 0, 0, 0, 0, 0, 0, 0, 0, 0, 0, 0, 0, 0, 0, 0, 0, 0, 0, 0, 0, 0, 0, 0, 0, 0, 0, 0, 0, 0, 0, 0, 0, 0, 0, 0, 0, 0, 0, 0, 0, 0, 0, 0, 0, 0, 0, 0] 
triadag10_2.txt 100_1x1.txt True 0.0 0.15 30.04 [0, 0, 0, 0, 0, 0, 0, 0, 0, 0, 0, 0, 0, 0, 0, 0, 0, 0, 0, 0, 0, 0, 0, 0, 0, 0, 0, 0, 0, 0, 0, 0, 0, 0, 0, 0, 0, 0, 0, 0, 0, 0, 0, 0, 0, 0, 0, 0, 0, 0, 0, 0, 0, 0, 0] 
triadag10_2.txt 100_1x1.txt True 0.0 0.16 30.04 [0, 0, 0, 0, 0, 0, 0, 0, 0, 0, 0, 0, 0, 0, 0, 0, 0, 0, 0, 0, 0, 0, 0, 0, 0, 0, 0, 0, 0, 0, 0, 0, 0, 0, 0, 0, 0, 0, 0, 0, 0, 0, 0, 0, 0, 0, 0, 0, 0, 0, 0, 0, 0, 0, 0] 
triadag10_2.txt 100_1x1.txt True 0.0 0.17 30.04 [0, 0, 0, 0, 0, 0, 0, 0, 0, 0, 0, 0, 0, 0, 0, 0, 0, 0, 0, 0, 0, 0, 0, 0, 0, 0, 0, 0, 0, 0, 0, 0, 0, 0, 0, 0, 0, 0, 0, 0, 0, 0, 0, 0, 0, 0, 0, 0, 0, 0, 0, 0, 0, 0, 0] 
triadag10_2.txt 100_1x1.txt True 0.0 0.18 30.04 [0, 0, 0, 0, 0, 0, 0, 0, 0, 0, 0, 0, 0, 0, 0, 0, 0, 0, 0, 0, 0, 0, 0, 0, 0, 0, 0, 0, 0, 0, 0, 0, 0, 0, 0, 0, 0, 0, 0, 0, 0, 0, 0, 0, 0, 0, 0, 0, 0, 0, 0, 0, 0, 0, 0] 
triadag10_2.txt 100_1x1.txt True 0.0 0.19 30.04 [0, 0, 0, 0, 0, 0, 0, 0, 0, 0, 0, 0, 0, 0, 0, 0, 0, 0, 0, 0, 0, 0, 0, 0, 0, 0, 0, 0, 0, 0, 0, 0, 0, 0, 0, 0, 0, 0, 0, 0, 0, 0, 0, 0, 0, 0, 0, 0, 0, 0, 0, 0, 0, 0, 0] 
triadag10_2.txt 100_1x1.txt True 0.0 0.2 30.04 [0, 0, 0, 0, 0, 0, 0, 0, 0, 0, 0, 0, 0, 0, 0, 0, 0, 0, 0, 0, 0, 0, 0, 0, 0, 0, 0, 0, 0, 0, 0, 0, 0, 0, 0, 0, 0, 0, 0, 0, 0, 0, 0, 0, 0, 0, 0, 0, 0, 0, 0, 0, 0, 0, 0] 
triadag10_2.txt 100_1x1.txt True 0.0 0.25 30.04 [0, 0, 0, 0, 0, 0, 0, 0, 0, 0, 0, 0, 0, 0, 0, 0, 0, 0, 0, 0, 0, 0, 0, 0, 0, 0, 0, 0, 0, 0, 0, 0, 0, 0, 0, 0, 0, 0, 0, 0, 0, 0, 0, 0, 0, 0, 0, 0, 0, 0, 0, 0, 0, 0, 0] 
triadag10_2.txt 100_1x1.txt True 0.0 0.3 30.04 [0, 0, 0, 0, 0, 0, 0, 0, 0, 0, 0, 0, 0, 0, 0, 0, 0, 0, 0, 0, 0, 0, 0, 0, 0, 0, 0, 0, 0, 0, 0, 0, 0, 0, 0, 0, 0, 0, 0, 0, 0, 0, 0, 0, 0, 0, 0, 0, 0, 0, 0, 0, 0, 0, 0] 
triadag10_2.txt 100_1x1.txt True 0.0 0.35 30.04 [0, 0, 0, 0, 0, 0, 0, 0, 0, 0, 0, 0, 0, 0, 0, 0, 0, 0, 0, 0, 0, 0, 0, 0, 0, 0, 0, 0, 0, 0, 0, 0, 0, 0, 0, 0, 0, 0, 0, 0, 0, 0, 0, 0, 0, 0, 0, 0, 0, 0, 0, 0, 0, 0, 0] 
triadag10_2.txt 100_1x1.txt True 0.03333333333333333 0.4 29.93 [0, 0, 0, 0, 0, 0, 0, 0, 0, 0, 0, 0, 0, 0, 0, 0, 0, 0, 0, 0, 0, 0, 0, 0, 0, 0, 0, 0, 0, 0, 0, 0, 0, 0, 0, 1, 0, 0, 0, 0, 0, 0, 0, 0, 0, 0, 0, 0, 0, 0, 0, 0, 0, 0, 0] 
triadag10_2.txt 100_1x1.txt True 0.0 0.45 30.04 [0, 0, 0, 0, 0, 0, 0, 0, 0, 0, 0, 0, 0, 0, 0, 0, 0, 0, 0, 0, 0, 0, 0, 0, 0, 0, 0, 0, 0, 0, 0, 0, 0, 0, 0, 0, 0, 0, 0, 0, 0, 0, 0, 0, 0, 0, 0, 0, 0, 0, 0, 0, 0, 0, 0] 
triadag10_2.txt 100_1x1.txt True 0.0 0.5 30.04 [0, 0, 0, 0, 0, 0, 0, 0, 0, 0, 0, 0, 0, 0, 0, 0, 0, 0, 0, 0, 0, 0, 0, 0, 0, 0, 0, 0, 0, 0, 0, 0, 0, 0, 0, 0, 0, 0, 0, 0, 0, 0, 0, 0, 0, 0, 0, 0, 0, 0, 0, 0, 0, 0, 0] 
triadag10_2.txt 100_1x1.txt True 0.0 0.55 30.04 [0, 0, 0, 0, 0, 0, 0, 0, 0, 0, 0, 0, 0, 0, 0, 0, 0, 0, 0, 0, 0, 0, 0, 0, 0, 0, 0, 0, 0, 0, 0, 0, 0, 0, 0, 0, 0, 0, 0, 0, 0, 0, 0, 0, 0, 0, 0, 0, 0, 0, 0, 0, 0, 0, 0] 
triadag10_2.txt 100_1x1.txt True 0.011111111111111112 0.6 29.86 [0, 0, 1, 0, 0, 0, 0, 0, 0, 0, 0, 0, 0, 0, 0, 0, 0, 0, 0, 0, 0, 0, 0, 0, 0, 0, 0, 0, 0, 0, 0, 0, 0, 0, 0, 0, 0, 0, 0, 0, 0, 0, 0, 0, 0, 0, 0, 0, 0, 0, 0, 0, 0, 0, 0] 
triadag10_2.txt 100_1x1.txt True 0.0 0.65 30.04 [0, 0, 0, 0, 0, 0, 0, 0, 0, 0, 0, 0, 0, 0, 0, 0, 0, 0, 0, 0, 0, 0, 0, 0, 0, 0, 0, 0, 0, 0, 0, 0, 0, 0, 0, 0, 0, 0, 0, 0, 0, 0, 0, 0, 0, 0, 0, 0, 0, 0, 0, 0, 0, 0, 0] 
triadag10_2.txt 100_1x1.txt True 0.03333333333333333 0.7 29.79 [0, 0, 0, 0, 0, 0, 0, 0, 0, 0, 0, 0, 0, 0, 0, 0, 0, 0, 0, 0, 0, 0, 0, 0, 0, 1, 0, 0, 0, 0, 0, 0, 0, 0, 0, 0, 0, 0, 0, 0, 0, 0, 0, 0, 0, 0, 0, 0, 0, 0, 0, 0, 0, 0, 0] 
triadag10_2.txt 100_1x1.txt True 0.0 0.75 30.04 [0, 0, 0, 0, 0, 0, 0, 0, 0, 0, 0, 0, 0, 0, 0, 0, 0, 0, 0, 0, 0, 0, 0, 0, 0, 0, 0, 0, 0, 0, 0, 0, 0, 0, 0, 0, 0, 0, 0, 0, 0, 0, 0, 0, 0, 0, 0, 0, 0, 0, 0, 0, 0, 0, 0] 
triadag10_2.txt 100_1x1.txt True 0.0 0.8 30.04 [0, 0, 0, 0, 0, 0, 0, 0, 0, 0, 0, 0, 0, 0, 0, 0, 0, 0, 0, 0, 0, 0, 0, 0, 0, 0, 0, 0, 0, 0, 0, 0, 0, 0, 0, 0, 0, 0, 0, 0, 0, 0, 0, 0, 0, 0, 0, 0, 0, 0, 0, 0, 0, 0, 0] 
triadag10_2.txt 100_1x1.txt True 0.0 0.85 30.04 [0, 0, 0, 0, 0, 0, 0, 0, 0, 0, 0, 0, 0, 0, 0, 0, 0, 0, 0, 0, 0, 0, 0, 0, 0, 0, 0, 0, 0, 0, 0, 0, 0, 0, 0, 0, 0, 0, 0, 0, 0, 0, 0, 0, 0, 0, 0, 0, 0, 0, 0, 0, 0, 0, 0] 
triadag10_2.txt 100_1x1.txt True 0.0 0.9 30.04 [0, 0, 0, 0, 0, 0, 0, 0, 0, 0, 0, 0, 0, 0, 0, 0, 0, 0, 0, 0, 0, 0, 0, 0, 0, 0, 0, 0, 0, 0, 0, 0, 0, 0, 0, 0, 0, 0, 0, 0, 0, 0, 0, 0, 0, 0, 0, 0, 0, 0, 0, 0, 0, 0, 0] 
triadag10_2.txt 100_1x1.txt True 0.0 0.95 30.04 [0, 0, 0, 0, 0, 0, 0, 0, 0, 0, 0, 0, 0, 0, 0, 0, 0, 0, 0, 0, 0, 0, 0, 0, 0, 0, 0, 0, 0, 0, 0, 0, 0, 0, 0, 0, 0, 0, 0, 0, 0, 0, 0, 0, 0, 0, 0, 0, 0, 0, 0, 0, 0, 0, 0] 
triadag10_2.txt 100_1x1.txt True 0.0 1 30.04 [0, 0, 0, 0, 0, 0, 0, 0, 0, 0, 0, 0, 0, 0, 0, 0, 0, 0, 0, 0, 0, 0, 0, 0, 0, 0, 0, 0, 0, 0, 0, 0, 0, 0, 0, 0, 0, 0, 0, 0, 0, 0, 0, 0, 0, 0, 0, 0, 0, 0, 0, 0, 0, 0, 0] 
triadag10_2.txt 1234x1.txt True 0.0 0.07 751.0 [3, 3, 3, 3, 3, 3, 3, 3, 3, 3, 3, 3, 3, 3, 3, 3, 3, 3, 3, 3, 3, 3, 3, 3, 3, 3, 3, 3, 3, 3, 3, 3, 3, 3, 3, 3, 3, 3, 3, 3, 3, 3, 3, 3, 3, 3, 3, 3, 3, 3, 3, 3, 3, 3, 3] 
triadag10_2.txt 1234x1.txt True 0.0 0.08 751.0 [3, 3, 3, 3, 3, 3, 3, 3, 3, 3, 3, 3, 3, 3, 3, 3, 3, 3, 3, 3, 3, 3, 3, 3, 3, 3, 3, 3, 3, 3, 3, 3, 3, 3, 3, 3, 3, 3, 3, 3, 3, 3, 3, 3, 3, 3, 3, 3, 3, 3, 3, 3, 3, 3, 3] 
triadag10_2.txt 1234x1.txt True 0.044444444444444446 0.09 686.0 [3, 3, 3, 3, 3, 3, 3, 1, 3, 1, 3, 3, 3, 3, 3, 3, 1, 3, 1, 3, 3, 3, 3, 3, 3, 3, 3, 3, 3, 3, 3, 3, 3, 3, 3, 3, 3, 3, 3, 3, 3, 3, 3, 3, 3, 3, 3, 3, 3, 3, 3, 3, 3, 3, 3] 
triadag10_2.txt 1234x1.txt True 0.05555555555555555 0.1 667.25 [3, 3, 2, 3, 3, 0, 3, 2, 3, 3, 3, 2, 3, 3, 0, 3, 3, 3, 3, 3, 3, 3, 3, 3, 3, 3, 3, 3, 3, 3, 3, 3, 3, 3, 3, 3, 3, 3, 3, 3, 3, 3, 3, 3, 3, 3, 3, 3, 3, 3, 3, 3, 3, 3, 3] 
triadag10_2.txt 1234x1.txt True 0.05555555555555555 0.11 667.25 [3, 3, 2, 3, 3, 0, 3, 2, 3, 3, 3, 2, 3, 3, 0, 3, 3, 3, 3, 3, 3, 3, 3, 3, 3, 3, 3, 3, 3, 3, 3, 3, 3, 3, 3, 3, 3, 3, 3, 3, 3, 3, 3, 3, 3, 3, 3, 3, 3, 3, 3, 3, 3, 3, 3] 
triadag10_2.txt 1234x1.txt True 0.044444444444444446 0.12 703.25 [3, 3, 1, 0, 3, 3, 3, 3, 3, 3, 3, 1, 0, 3, 3, 3, 3, 3, 3, 3, 3, 3, 3, 3, 3, 3, 3, 3, 3, 3, 3, 3, 3, 3, 3, 3, 3, 3, 3, 3, 3, 3, 3, 3, 3, 3, 3, 3, 3, 3, 3, 3, 3, 3, 3] 
triadag10_2.txt 1234x1.txt True 0.044444444444444446 0.13 703.25 [3, 3, 1, 0, 3, 3, 3, 3, 3, 3, 3, 1, 0, 3, 3, 3, 3, 3, 3, 3, 3, 3, 3, 3, 3, 3, 3, 3, 3, 3, 3, 3, 3, 3, 3, 3, 3, 3, 3, 3, 3, 3, 3, 3, 3, 3, 3, 3, 3, 3, 3, 3, 3, 3, 3] 
triadag10_2.txt 1234x1.txt True 0.044444444444444446 0.14 703.25 [3, 3, 1, 0, 3, 3, 3, 3, 3, 3, 3, 1, 0, 3, 3, 3, 3, 3, 3, 3, 3, 3, 3, 3, 3, 3, 3, 3, 3, 3, 3, 3, 3, 3, 3, 3, 3, 3, 3, 3, 3, 3, 3, 3, 3, 3, 3, 3, 3, 3, 3, 3, 3, 3, 3] 
triadag10_2.txt 1234x1.txt True 0.044444444444444446 0.15 703.25 [3, 3, 1, 0, 3, 3, 3, 3, 3, 3, 3, 1, 0, 3, 3, 3, 3, 3, 3, 3, 3, 3, 3, 3, 3, 3, 3, 3, 3, 3, 3, 3, 3, 3, 3, 3, 3, 3, 3, 3, 3, 3, 3, 3, 3, 3, 3, 3, 3, 3, 3, 3, 3, 3, 3] 
triadag10_2.txt 1234x1.txt True 0.044444444444444446 0.16 703.25 [3, 3, 1, 0, 3, 3, 3, 3, 3, 3, 3, 1, 0, 3, 3, 3, 3, 3, 3, 3, 3, 3, 3, 3, 3, 3, 3, 3, 3, 3, 3, 3, 3, 3, 3, 3, 3, 3, 3, 3, 3, 3, 3, 3, 3, 3, 3, 3, 3, 3, 3, 3, 3, 3, 3] 
triadag10_2.txt 1234x1.txt True 0.044444444444444446 0.17 703.25 [3, 3, 1, 0, 3, 3, 3, 3, 3, 3, 3, 1, 0, 3, 3, 3, 3, 3, 3, 3, 3, 3, 3, 3, 3, 3, 3, 3, 3, 3, 3, 3, 3, 3, 3, 3, 3, 3, 3, 3, 3, 3, 3, 3, 3, 3, 3, 3, 3, 3, 3, 3, 3, 3, 3] 
triadag10_2.txt 1234x1.txt True 0.044444444444444446 0.18 703.25 [3, 3, 1, 0, 3, 3, 3, 3, 3, 3, 3, 1, 0, 3, 3, 3, 3, 3, 3, 3, 3, 3, 3, 3, 3, 3, 3, 3, 3, 3, 3, 3, 3, 3, 3, 3, 3, 3, 3, 3, 3, 3, 3, 3, 3, 3, 3, 3, 3, 3, 3, 3, 3, 3, 3] 
triadag10_2.txt 1234x1.txt True 0.044444444444444446 0.19 703.25 [3, 3, 1, 0, 3, 3, 3, 3, 3, 3, 3, 1, 0, 3, 3, 3, 3, 3, 3, 3, 3, 3, 3, 3, 3, 3, 3, 3, 3, 3, 3, 3, 3, 3, 3, 3, 3, 3, 3, 3, 3, 3, 3, 3, 3, 3, 3, 3, 3, 3, 3, 3, 3, 3, 3] 
triadag10_2.txt 1234x1.txt True 0.044444444444444446 0.2 703.25 [3, 3, 1, 0, 3, 3, 3, 3, 3, 3, 3, 1, 0, 3, 3, 3, 3, 3, 3, 3, 3, 3, 3, 3, 3, 3, 3, 3, 3, 3, 3, 3, 3, 3, 3, 3, 3, 3, 3, 3, 3, 3, 3, 3, 3, 3, 3, 3, 3, 3, 3, 3, 3, 3, 3] 
triadag10_2.txt 1234x1.txt True 0.044444444444444446 0.25 703.25 [3, 3, 1, 0, 3, 3, 3, 3, 3, 3, 3, 1, 0, 3, 3, 3, 3, 3, 3, 3, 3, 3, 3, 3, 3, 3, 3, 3, 3, 3, 3, 3, 3, 3, 3, 3, 3, 3, 3, 3, 3, 3, 3, 3, 3, 3, 3, 3, 3, 3, 3, 3, 3, 3, 3] 
triadag10_2.txt 1234x1.txt True 0.044444444444444446 0.3 703.25 [3, 3, 1, 0, 3, 3, 3, 3, 3, 3, 3, 1, 0, 3, 3, 3, 3, 3, 3, 3, 3, 3, 3, 3, 3, 3, 3, 3, 3, 3, 3, 3, 3, 3, 3, 3, 3, 3, 3, 3, 3, 3, 3, 3, 3, 3, 3, 3, 3, 3, 3, 3, 3, 3, 3] 
triadag10_2.txt 1234x1.txt True 0.2111111111111111 0.35 466.0 [3, 3, 2, 3, 3, 3, 3, 1, 3, 0, 3, 2, 3, 3, 3, 3, 1, 3, 3, 2, 3, 3, 3, 3, 1, 3, 3, 2, 2, 2, 2, 1, 2, 2, 2, 2, 2, 2, 2, 2, 2, 2, 2, 2, 2, 2, 2, 3, 2, 2, 3, 2, 3, 3, 3] 
triadag10_2.txt 1234x1.txt True 0.25555555555555554 0.4 408.0 [1, 3, 1, 1, 3, 0, 1, 1, 1, 1, 3, 1, 1, 3, 0, 1, 1, 1, 1, 3, 1, 3, 0, 3, 3, 3, 3, 2, 3, 0, 3, 3, 3, 3, 2, 2, 2, 2, 2, 2, 2, 2, 2, 2, 2, 2, 2, 2, 2, 3, 2, 2, 3, 3, 3] 
triadag10_2.txt 1234x1.txt True 0.3 0.45 353.3333333333333 [2, 0, 2, 3, 2, 3, 2, 3, 0, 2, 1, 2, 3, 2, 3, 2, 3, 0, 2, 1, 3, 1, 3, 1, 3, 1, 1, 3, 1, 3, 1, 3, 1, 1, 3, 3, 3, 3, 3, 3, 3, 3, 3, 3, 3, 2, 3, 2, 3, 2, 2, 2, 2, 2, 2] 
triadag10_2.txt 1234x1.txt True 0.34444444444444444 0.5 315.0 [2, 3, 3, 2, 3, 2, 3, 1, 0, 0, 3, 3, 2, 3, 2, 3, 1, 0, 0, 3, 2, 3, 3, 3, 1, 3, 0, 3, 3, 3, 3, 1, 3, 0, 3, 3, 2, 3, 2, 3, 3, 2, 3, 2, 3, 1, 3, 2, 3, 1, 2, 1, 2, 1, 1] 
triadag10_2.txt 1234x1.txt True 0.3333333333333333 0.55 311.6666666666667 [2, 2, 0, 2, 3, 2, 1, 3, 1, 2, 2, 0, 2, 3, 2, 1, 3, 1, 2, 0, 2, 3, 2, 1, 3, 1, 2, 2, 3, 2, 1, 0, 1, 2, 2, 3, 1, 2, 1, 2, 3, 1, 2, 3, 2, 3, 3, 3, 3, 3, 3, 3, 3, 3, 3] 
triadag10_2.txt 1234x1.txt True 0.32222222222222224 0.6 338.25 [2, 2, 3, 1, 3, 3, 2, 2, 2, 2, 2, 3, 1, 3, 3, 2, 2, 2, 2, 3, 1, 3, 3, 2, 2, 2, 2, 3, 3, 3, 3, 2, 3, 3, 3, 3, 3, 0, 3, 3, 3, 3, 0, 1, 3, 1, 0, 1, 3, 3, 1, 0, 3, 0, 0] 
triadag10_2.txt 1234x1.txt True 0.45555555555555555 0.65 314.75 [2, 2, 3, 3, 2, 3, 3, 2, 3, 3, 2, 3, 3, 2, 3, 3, 2, 3, 2, 3, 3, 2, 3, 3, 2, 3, 2, 1, 2, 3, 3, 2, 3, 3, 1, 0, 1, 2, 0, 1, 1, 0, 2, 3, 1, 3, 2, 3, 1, 1, 1, 0, 1, 1, 1] 
triadag10_2.txt 1234x1.txt True 0.28888888888888886 0.7 343.25 [2, 3, 2, 2, 3, 3, 2, 2, 3, 2, 3, 2, 2, 3, 3, 2, 2, 3, 2, 3, 0, 3, 3, 2, 3, 3, 3, 3, 3, 3, 2, 3, 3, 3, 3, 3, 3, 0, 0, 3, 3, 1, 3, 0, 3, 1, 3, 0, 3, 1, 1, 1, 1, 1, 1] 
triadag10_2.txt 1234x1.txt True 0.3333333333333333 0.75 326.0 [3, 1, 3, 2, 0, 0, 0, 3, 2, 1, 1, 3, 2, 0, 0, 0, 3, 2, 1, 1, 2, 3, 1, 1, 1, 1, 1, 2, 3, 1, 1, 1, 1, 2, 2, 2, 2, 2, 2, 2, 3, 2, 2, 2, 2, 3, 3, 3, 3, 3, 3, 3, 3, 3, 3] 
triadag10_2.txt 1234x1.txt True 0.4222222222222222 0.8 315.0 [2, 2, 3, 2, 1, 1, 3, 3, 2, 2, 2, 3, 3, 1, 2, 3, 3, 2, 2, 3, 3, 1, 2, 2, 2, 2, 2, 3, 1, 3, 3, 2, 1, 0, 3, 3, 0, 2, 1, 3, 3, 0, 0, 1, 3, 3, 1, 3, 3, 1, 3, 3, 3, 1, 3] 
triadag10_2.txt 1234x1.txt True 0.36666666666666664 0.85 319.25 [1, 3, 1, 2, 1, 1, 1, 2, 1, 3, 3, 1, 2, 1, 3, 1, 1, 1, 0, 0, 2, 3, 3, 0, 3, 0, 0, 2, 3, 3, 2, 2, 0, 0, 2, 3, 2, 2, 2, 2, 3, 2, 2, 2, 2, 3, 3, 3, 3, 3, 3, 3, 3, 3, 3] 
triadag10_2.txt 1234x1.txt True 0.36666666666666664 0.9 319.25 [1, 3, 1, 2, 1, 1, 1, 2, 1, 3, 3, 1, 2, 1, 3, 1, 1, 1, 0, 0, 2, 3, 3, 0, 3, 0, 0, 2, 3, 3, 2, 2, 0, 0, 2, 3, 2, 2, 2, 2, 3, 2, 2, 2, 2, 3, 3, 3, 3, 3, 3, 3, 3, 3, 3] 
triadag10_2.txt 1234x1.txt True 0.36666666666666664 0.95 319.25 [1, 3, 1, 2, 1, 1, 1, 2, 1, 3, 3, 1, 2, 1, 3, 1, 1, 1, 0, 0, 2, 3, 3, 0, 3, 0, 0, 2, 3, 3, 2, 2, 0, 0, 2, 3, 2, 2, 2, 2, 3, 2, 2, 2, 2, 3, 3, 3, 3, 3, 3, 3, 3, 3, 3] 
triadag10_2.txt 1234x1.txt True 0.36666666666666664 1 319.25 [1, 3, 1, 2, 1, 1, 1, 2, 1, 3, 3, 1, 2, 1, 3, 1, 1, 1, 0, 0, 2, 3, 3, 0, 3, 0, 0, 2, 3, 3, 2, 2, 0, 0, 2, 3, 2, 2, 2, 2, 3, 2, 2, 2, 2, 3, 3, 3, 3, 3, 3, 3, 3, 3, 3] 
triadag10_2.txt 3_2x3.txt True 0.022222222222222223 0.07 975.6666666666666 [0, 0, 0, 0, 0, 0, 2, 0, 0, 0, 0, 0, 0, 0, 0, 2, 0, 0, 0, 0, 0, 0, 0, 0, 0, 0, 0, 0, 0, 0, 0, 0, 0, 0, 0, 0, 0, 0, 0, 0, 0, 0, 0, 0, 0, 0, 0, 0, 0, 0, 0, 0, 0, 0, 0] 
triadag10_2.txt 3_2x3.txt True 0.022222222222222223 0.08 975.6666666666666 [0, 0, 0, 0, 0, 0, 2, 0, 0, 0, 0, 0, 0, 0, 0, 2, 0, 0, 0, 0, 0, 0, 0, 0, 0, 0, 0, 0, 0, 0, 0, 0, 0, 0, 0, 0, 0, 0, 0, 0, 0, 0, 0, 0, 0, 0, 0, 0, 0, 0, 0, 0, 0, 0, 0] 
triadag10_2.txt 3_2x3.txt True 0.044444444444444446 0.09 914.6666666666666 [0, 0, 0, 0, 0, 0, 0, 2, 0, 2, 0, 0, 0, 0, 0, 0, 2, 0, 2, 0, 0, 0, 0, 0, 0, 0, 0, 0, 0, 0, 0, 0, 0, 0, 0, 0, 0, 0, 0, 0, 0, 0, 0, 0, 0, 0, 0, 0, 0, 0, 0, 0, 0, 0, 0] 
triadag10_2.txt 3_2x3.txt True 0.07777777777777778 0.1 858.0 [0, 0, 1, 5, 0, 1, 0, 5, 0, 0, 0, 1, 5, 0, 1, 0, 0, 0, 0, 0, 0, 0, 0, 0, 0, 0, 0, 0, 0, 0, 0, 0, 0, 0, 0, 0, 0, 0, 0, 0, 0, 0, 0, 0, 0, 0, 0, 0, 0, 0, 0, 0, 0, 0, 0] 
triadag10_2.txt 3_2x3.txt True 0.07777777777777778 0.11 858.0 [0, 0, 1, 5, 0, 1, 0, 5, 0, 0, 0, 1, 5, 0, 1, 0, 0, 0, 0, 0, 0, 0, 0, 0, 0, 0, 0, 0, 0, 0, 0, 0, 0, 0, 0, 0, 0, 0, 0, 0, 0, 0, 0, 0, 0, 0, 0, 0, 0, 0, 0, 0, 0, 0, 0] 
triadag10_2.txt 3_2x3.txt True 0.08888888888888889 0.12 857.6666666666666 [4, 4, 2, 0, 5, 5, 4, 5, 4, 4, 4, 2, 0, 5, 4, 4, 4, 4, 4, 4, 4, 4, 4, 4, 4, 4, 4, 4, 4, 4, 4, 4, 4, 4, 4, 4, 4, 4, 4, 4, 4, 4, 4, 4, 4, 4, 4, 4, 4, 4, 4, 4, 4, 4, 4] 
triadag10_2.txt 3_2x3.txt True 0.08888888888888889 0.13 857.6666666666666 [4, 4, 2, 0, 5, 5, 4, 5, 4, 4, 4, 2, 0, 5, 4, 4, 4, 4, 4, 4, 4, 4, 4, 4, 4, 4, 4, 4, 4, 4, 4, 4, 4, 4, 4, 4, 4, 4, 4, 4, 4, 4, 4, 4, 4, 4, 4, 4, 4, 4, 4, 4, 4, 4, 4] 
triadag10_2.txt 3_2x3.txt True 0.08888888888888889 0.14 857.6666666666666 [4, 4, 2, 0, 5, 5, 4, 5, 4, 4, 4, 2, 0, 5, 4, 4, 4, 4, 4, 4, 4, 4, 4, 4, 4, 4, 4, 4, 4, 4, 4, 4, 4, 4, 4, 4, 4, 4, 4, 4, 4, 4, 4, 4, 4, 4, 4, 4, 4, 4, 4, 4, 4, 4, 4] 
triadag10_2.txt 3_2x3.txt True 0.08888888888888889 0.15 857.6666666666666 [4, 4, 2, 0, 5, 5, 4, 5, 4, 4, 4, 2, 0, 5, 4, 4, 4, 4, 4, 4, 4, 4, 4, 4, 4, 4, 4, 4, 4, 4, 4, 4, 4, 4, 4, 4, 4, 4, 4, 4, 4, 4, 4, 4, 4, 4, 4, 4, 4, 4, 4, 4, 4, 4, 4] 
triadag10_2.txt 3_2x3.txt True 0.08888888888888889 0.16 857.6666666666666 [4, 4, 2, 0, 5, 5, 4, 5, 4, 4, 4, 2, 0, 5, 4, 4, 4, 4, 4, 4, 4, 4, 4, 4, 4, 4, 4, 4, 4, 4, 4, 4, 4, 4, 4, 4, 4, 4, 4, 4, 4, 4, 4, 4, 4, 4, 4, 4, 4, 4, 4, 4, 4, 4, 4] 
triadag10_2.txt 3_2x3.txt True 0.08888888888888889 0.17 857.6666666666666 [4, 4, 2, 0, 5, 5, 4, 5, 4, 4, 4, 2, 0, 5, 4, 4, 4, 4, 4, 4, 4, 4, 4, 4, 4, 4, 4, 4, 4, 4, 4, 4, 4, 4, 4, 4, 4, 4, 4, 4, 4, 4, 4, 4, 4, 4, 4, 4, 4, 4, 4, 4, 4, 4, 4] 
triadag10_2.txt 3_2x3.txt True 0.08888888888888889 0.18 857.6666666666666 [4, 4, 2, 0, 5, 5, 4, 5, 4, 4, 4, 2, 0, 5, 4, 4, 4, 4, 4, 4, 4, 4, 4, 4, 4, 4, 4, 4, 4, 4, 4, 4, 4, 4, 4, 4, 4, 4, 4, 4, 4, 4, 4, 4, 4, 4, 4, 4, 4, 4, 4, 4, 4, 4, 4] 
triadag10_2.txt 3_2x3.txt True 0.08888888888888889 0.19 857.6666666666666 [4, 4, 2, 0, 5, 5, 4, 5, 4, 4, 4, 2, 0, 5, 4, 4, 4, 4, 4, 4, 4, 4, 4, 4, 4, 4, 4, 4, 4, 4, 4, 4, 4, 4, 4, 4, 4, 4, 4, 4, 4, 4, 4, 4, 4, 4, 4, 4, 4, 4, 4, 4, 4, 4, 4] 
triadag10_2.txt 3_2x3.txt True 0.08888888888888889 0.2 857.6666666666666 [4, 4, 2, 0, 5, 5, 4, 5, 4, 4, 4, 2, 0, 5, 4, 4, 4, 4, 4, 4, 4, 4, 4, 4, 4, 4, 4, 4, 4, 4, 4, 4, 4, 4, 4, 4, 4, 4, 4, 4, 4, 4, 4, 4, 4, 4, 4, 4, 4, 4, 4, 4, 4, 4, 4] 
triadag10_2.txt 3_2x3.txt True 0.08888888888888889 0.25 857.6666666666666 [4, 4, 2, 0, 5, 5, 4, 5, 4, 4, 4, 2, 0, 5, 4, 4, 4, 4, 4, 4, 4, 4, 4, 4, 4, 4, 4, 4, 4, 4, 4, 4, 4, 4, 4, 4, 4, 4, 4, 4, 4, 4, 4, 4, 4, 4, 4, 4, 4, 4, 4, 4, 4, 4, 4] 
triadag10_2.txt 3_2x3.txt True 0.08888888888888889 0.3 857.6666666666666 [4, 4, 2, 0, 5, 5, 4, 5, 4, 4, 4, 2, 0, 5, 4, 4, 4, 4, 4, 4, 4, 4, 4, 4, 4, 4, 4, 4, 4, 4, 4, 4, 4, 4, 4, 4, 4, 4, 4, 4, 4, 4, 4, 4, 4, 4, 4, 4, 4, 4, 4, 4, 4, 4, 4] 
triadag10_2.txt 3_2x3.txt True 0.2222222222222222 0.35 325.0 [0, 0, 2, 0, 0, 0, 0, 1, 0, 1, 0, 2, 0, 0, 0, 0, 1, 0, 0, 2, 0, 0, 0, 0, 1, 0, 0, 2, 2, 2, 2, 1, 2, 2, 2, 4, 2, 2, 2, 2, 4, 2, 2, 2, 2, 4, 4, 4, 4, 4, 4, 4, 4, 4, 4] 
triadag10_2.txt 3_2x3.txt True 0.26666666666666666 0.4 338.3333333333333 [4, 2, 4, 4, 2, 2, 4, 4, 4, 2, 2, 4, 4, 2, 2, 4, 4, 4, 4, 2, 4, 2, 2, 2, 2, 2, 2, 0, 2, 2, 2, 2, 2, 2, 0, 5, 0, 0, 0, 0, 0, 0, 0, 0, 0, 0, 0, 0, 0, 5, 0, 0, 5, 5, 5] 
triadag10_2.txt 3_2x3.txt True 0.4 0.45 238.0 [5, 1, 5, 1, 5, 0, 5, 1, 1, 5, 4, 5, 1, 5, 0, 5, 1, 1, 5, 4, 1, 4, 0, 4, 0, 4, 4, 0, 4, 0, 4, 0, 4, 4, 0, 0, 2, 0, 2, 0, 0, 2, 0, 2, 0, 3, 0, 3, 0, 4, 3, 3, 4, 4, 4] 
triadag10_2.txt 3_2x3.txt True 0.34444444444444444 0.5 252.33333333333334 [2, 2, 2, 2, 3, 2, 0, 0, 1, 3, 2, 2, 2, 3, 2, 0, 0, 1, 3, 2, 2, 3, 2, 0, 0, 2, 3, 4, 3, 2, 0, 0, 2, 3, 4, 4, 4, 4, 4, 4, 4, 4, 4, 4, 4, 1, 4, 1, 4, 5, 1, 1, 5, 5, 5] 
triadag10_2.txt 3_2x3.txt True 0.43333333333333335 0.55 238.0 [0, 0, 2, 1, 0, 2, 3, 5, 2, 1, 0, 2, 1, 0, 2, 3, 5, 2, 0, 2, 1, 0, 2, 3, 5, 2, 0, 5, 0, 2, 3, 2, 3, 5, 5, 0, 3, 5, 3, 5, 0, 3, 5, 0, 5, 4, 4, 0, 4, 4, 4, 4, 4, 4, 4] 
triadag10_2.txt 3_2x3.txt True 0.43333333333333335 0.6 247.33333333333334 [4, 3, 4, 0, 0, 2, 4, 5, 2, 4, 4, 3, 0, 0, 2, 4, 5, 2, 4, 2, 0, 0, 2, 4, 5, 2, 4, 0, 0, 2, 2, 2, 2, 2, 0, 0, 1, 2, 1, 0, 0, 1, 0, 1, 0, 3, 0, 1, 0, 4, 3, 4, 4, 4, 4] 
triadag10_2.txt 3_2x3.txt True 0.5555555555555556 0.65 246.0 [0, 0, 3, 1, 5, 3, 5, 3, 4, 5, 0, 3, 1, 5, 3, 5, 3, 4, 0, 2, 1, 1, 3, 5, 3, 4, 0, 5, 1, 2, 2, 4, 2, 2, 5, 3, 0, 4, 2, 5, 5, 0, 4, 0, 5, 2, 4, 0, 5, 4, 0, 2, 2, 4, 4] 
triadag10_2.txt 3_2x3.txt True 0.5 0.7 251.0 [4, 0, 4, 5, 2, 4, 4, 4, 4, 2, 0, 4, 5, 2, 4, 4, 4, 1, 2, 0, 3, 2, 2, 3, 0, 1, 0, 1, 2, 2, 2, 0, 1, 0, 1, 1, 2, 5, 3, 1, 1, 3, 5, 1, 1, 3, 5, 1, 1, 5, 0, 0, 0, 0, 0] 
triadag10_2.txt 3_2x3.txt True 0.5 0.75 214.0 [2, 0, 1, 1, 2, 1, 2, 2, 4, 0, 0, 1, 2, 2, 1, 2, 2, 4, 0, 1, 2, 0, 0, 3, 0, 0, 0, 2, 0, 0, 3, 0, 1, 1, 2, 2, 3, 3, 4, 2, 4, 5, 3, 4, 2, 5, 4, 4, 3, 5, 4, 3, 4, 5, 5] 
triadag10_2.txt 3_2x3.txt True 0.5111111111111111 0.8 220.66666666666666 [5, 3, 4, 2, 2, 4, 2, 2, 5, 2, 3, 4, 3, 2, 4, 2, 5, 5, 2, 4, 3, 4, 4, 3, 0, 5, 2, 0, 4, 4, 4, 0, 5, 2, 0, 0, 3, 0, 5, 0, 1, 3, 0, 1, 0, 1, 0, 0, 1, 1, 0, 1, 0, 2, 0] 
triadag10_2.txt 3_2x3.txt True 0.5666666666666667 0.85 216.0 [2, 2, 2, 2, 1, 1, 4, 0, 2, 5, 2, 2, 2, 1, 2, 4, 1, 0, 5, 0, 0, 2, 2, 4, 1, 0, 5, 4, 2, 1, 4, 4, 0, 5, 4, 1, 5, 4, 5, 4, 0, 0, 4, 5, 4, 4, 3, 4, 0, 3, 3, 1, 3, 3, 3] 
triadag10_2.txt 3_2x3.txt True 0.5666666666666667 0.9 216.0 [2, 2, 2, 2, 1, 1, 4, 0, 2, 5, 2, 2, 2, 1, 2, 4, 1, 0, 5, 0, 0, 2, 2, 4, 1, 0, 5, 4, 2, 1, 4, 4, 0, 5, 4, 1, 5, 4, 5, 4, 0, 0, 4, 5, 4, 4, 3, 4, 0, 3, 3, 1, 3, 3, 3] 
triadag10_2.txt 3_2x3.txt True 0.5666666666666667 0.95 216.0 [2, 2, 2, 2, 1, 1, 4, 0, 2, 5, 2, 2, 2, 1, 2, 4, 1, 0, 5, 0, 0, 2, 2, 4, 1, 0, 5, 4, 2, 1, 4, 4, 0, 5, 4, 1, 5, 4, 5, 4, 0, 0, 4, 5, 4, 4, 3, 4, 0, 3, 3, 1, 3, 3, 3] 
triadag10_2.txt 3_2x3.txt True 0.5666666666666667 1 216.0 [2, 2, 2, 2, 1, 1, 4, 0, 2, 5, 2, 2, 2, 1, 2, 4, 1, 0, 5, 0, 0, 2, 2, 4, 1, 0, 5, 4, 2, 1, 4, 4, 0, 5, 4, 1, 5, 4, 5, 4, 0, 0, 4, 5, 4, 4, 3, 4, 0, 3, 3, 1, 3, 3, 3] 
triadag10_2.txt 1234x3.txt True 0.022222222222222223 0.07 731.75 [11, 11, 11, 11, 11, 11, 5, 11, 11, 11, 11, 11, 11, 11, 11, 5, 11, 11, 11, 11, 11, 11, 11, 11, 11, 11, 11, 11, 11, 11, 11, 11, 11, 11, 11, 11, 11, 11, 11, 11, 11, 11, 11, 11, 11, 11, 11, 11, 11, 11, 11, 11, 11, 11, 11] 
triadag10_2.txt 1234x3.txt True 0.022222222222222223 0.08 731.75 [11, 11, 11, 11, 11, 11, 5, 11, 11, 11, 11, 11, 11, 11, 11, 5, 11, 11, 11, 11, 11, 11, 11, 11, 11, 11, 11, 11, 11, 11, 11, 11, 11, 11, 11, 11, 11, 11, 11, 11, 11, 11, 11, 11, 11, 11, 11, 11, 11, 11, 11, 11, 11, 11, 11] 
triadag10_2.txt 1234x3.txt True 0.044444444444444446 0.09 686.0 [3, 3, 3, 3, 3, 3, 3, 11, 3, 5, 3, 3, 3, 3, 3, 3, 11, 3, 5, 3, 3, 3, 3, 3, 3, 3, 3, 3, 3, 3, 3, 3, 3, 3, 3, 3, 3, 3, 3, 3, 3, 3, 3, 3, 3, 3, 3, 3, 3, 3, 3, 3, 3, 3, 3] 
triadag10_2.txt 1234x3.txt True 0.1 0.1 643.5 [3, 3, 4, 7, 3, 10, 3, 2, 3, 3, 3, 4, 8, 3, 11, 3, 3, 3, 3, 3, 3, 3, 3, 3, 3, 3, 3, 3, 3, 3, 3, 3, 3, 3, 3, 3, 3, 3, 3, 3, 3, 3, 3, 3, 3, 3, 3, 3, 3, 3, 3, 3, 3, 3, 3] 
triadag10_2.txt 1234x3.txt True 0.1 0.11 643.5 [3, 3, 4, 7, 3, 10, 3, 2, 3, 3, 3, 4, 8, 3, 11, 3, 3, 3, 3, 3, 3, 3, 3, 3, 3, 3, 3, 3, 3, 3, 3, 3, 3, 3, 3, 3, 3, 3, 3, 3, 3, 3, 3, 3, 3, 3, 3, 3, 3, 3, 3, 3, 3, 3, 3] 
triadag10_2.txt 1234x3.txt True 0.1111111111111111 0.12 643.25 [3, 3, 5, 1, 11, 10, 3, 7, 3, 3, 3, 4, 2, 11, 3, 3, 3, 3, 3, 3, 3, 3, 3, 3, 3, 3, 3, 3, 3, 3, 3, 3, 3, 3, 3, 3, 3, 3, 3, 3, 3, 3, 3, 3, 3, 3, 3, 3, 3, 3, 3, 3, 3, 3, 3] 
triadag10_2.txt 1234x3.txt True 0.1111111111111111 0.13 643.25 [3, 3, 5, 1, 11, 10, 3, 7, 3, 3, 3, 4, 2, 11, 3, 3, 3, 3, 3, 3, 3, 3, 3, 3, 3, 3, 3, 3, 3, 3, 3, 3, 3, 3, 3, 3, 3, 3, 3, 3, 3, 3, 3, 3, 3, 3, 3, 3, 3, 3, 3, 3, 3, 3, 3] 
triadag10_2.txt 1234x3.txt True 0.1111111111111111 0.14 643.25 [3, 3, 5, 1, 11, 10, 3, 7, 3, 3, 3, 4, 2, 11, 3, 3, 3, 3, 3, 3, 3, 3, 3, 3, 3, 3, 3, 3, 3, 3, 3, 3, 3, 3, 3, 3, 3, 3, 3, 3, 3, 3, 3, 3, 3, 3, 3, 3, 3, 3, 3, 3, 3, 3, 3] 
triadag10_2.txt 1234x3.txt True 0.1111111111111111 0.15 643.25 [3, 3, 5, 1, 11, 10, 3, 7, 3, 3, 3, 4, 2, 11, 3, 3, 3, 3, 3, 3, 3, 3, 3, 3, 3, 3, 3, 3, 3, 3, 3, 3, 3, 3, 3, 3, 3, 3, 3, 3, 3, 3, 3, 3, 3, 3, 3, 3, 3, 3, 3, 3, 3, 3, 3] 
triadag10_2.txt 1234x3.txt True 0.1111111111111111 0.16 643.25 [3, 3, 5, 1, 11, 10, 3, 7, 3, 3, 3, 4, 2, 11, 3, 3, 3, 3, 3, 3, 3, 3, 3, 3, 3, 3, 3, 3, 3, 3, 3, 3, 3, 3, 3, 3, 3, 3, 3, 3, 3, 3, 3, 3, 3, 3, 3, 3, 3, 3, 3, 3, 3, 3, 3] 
triadag10_2.txt 1234x3.txt True 0.1111111111111111 0.17 643.25 [3, 3, 5, 1, 11, 10, 3, 7, 3, 3, 3, 4, 2, 11, 3, 3, 3, 3, 3, 3, 3, 3, 3, 3, 3, 3, 3, 3, 3, 3, 3, 3, 3, 3, 3, 3, 3, 3, 3, 3, 3, 3, 3, 3, 3, 3, 3, 3, 3, 3, 3, 3, 3, 3, 3] 
triadag10_2.txt 1234x3.txt True 0.1111111111111111 0.18 643.25 [3, 3, 5, 1, 11, 10, 3, 7, 3, 3, 3, 4, 2, 11, 3, 3, 3, 3, 3, 3, 3, 3, 3, 3, 3, 3, 3, 3, 3, 3, 3, 3, 3, 3, 3, 3, 3, 3, 3, 3, 3, 3, 3, 3, 3, 3, 3, 3, 3, 3, 3, 3, 3, 3, 3] 
triadag10_2.txt 1234x3.txt True 0.1111111111111111 0.19 643.25 [3, 3, 5, 1, 11, 10, 3, 7, 3, 3, 3, 4, 2, 11, 3, 3, 3, 3, 3, 3, 3, 3, 3, 3, 3, 3, 3, 3, 3, 3, 3, 3, 3, 3, 3, 3, 3, 3, 3, 3, 3, 3, 3, 3, 3, 3, 3, 3, 3, 3, 3, 3, 3, 3, 3] 
triadag10_2.txt 1234x3.txt True 0.1111111111111111 0.2 643.25 [3, 3, 5, 1, 11, 10, 3, 7, 3, 3, 3, 4, 2, 11, 3, 3, 3, 3, 3, 3, 3, 3, 3, 3, 3, 3, 3, 3, 3, 3, 3, 3, 3, 3, 3, 3, 3, 3, 3, 3, 3, 3, 3, 3, 3, 3, 3, 3, 3, 3, 3, 3, 3, 3, 3] 
triadag10_2.txt 1234x3.txt True 0.1111111111111111 0.25 643.25 [3, 3, 5, 1, 11, 10, 3, 7, 3, 3, 3, 4, 2, 11, 3, 3, 3, 3, 3, 3, 3, 3, 3, 3, 3, 3, 3, 3, 3, 3, 3, 3, 3, 3, 3, 3, 3, 3, 3, 3, 3, 3, 3, 3, 3, 3, 3, 3, 3, 3, 3, 3, 3, 3, 3] 
triadag10_2.txt 1234x3.txt True 0.1111111111111111 0.3 643.25 [3, 3, 5, 1, 11, 10, 3, 7, 3, 3, 3, 4, 2, 11, 3, 3, 3, 3, 3, 3, 3, 3, 3, 3, 3, 3, 3, 3, 3, 3, 3, 3, 3, 3, 3, 3, 3, 3, 3, 3, 3, 3, 3, 3, 3, 3, 3, 3, 3, 3, 3, 3, 3, 3, 3] 
triadag10_2.txt 1234x3.txt True 0.3111111111111111 0.35 278.5 [11, 11, 7, 11, 11, 11, 11, 7, 11, 11, 11, 7, 11, 11, 11, 11, 7, 11, 11, 7, 11, 11, 11, 11, 8, 11, 11, 7, 7, 7, 7, 8, 7, 7, 7, 3, 7, 7, 7, 7, 3, 7, 7, 7, 7, 3, 1, 4, 3, 1, 4, 3, 2, 2, 2] 
triadag10_2.txt 1234x3.txt True 0.37777777777777777 0.4 243.33333333333334 [2, 7, 2, 2, 7, 3, 2, 2, 2, 1, 7, 2, 2, 7, 3, 2, 2, 2, 2, 7, 2, 7, 5, 7, 7, 7, 7, 3, 7, 5, 7, 7, 7, 7, 3, 7, 3, 3, 3, 3, 11, 3, 3, 3, 3, 11, 11, 11, 11, 10, 11, 11, 9, 10, 9] 
triadag10_2.txt 1234x3.txt True 0.4444444444444444 0.45 157.66666666666666 [2, 4, 2, 1, 2, 3, 2, 1, 3, 2, 11, 2, 1, 2, 3, 2, 1, 3, 2, 11, 1, 11, 3, 11, 3, 11, 11, 6, 11, 3, 11, 3, 11, 11, 6, 6, 7, 6, 7, 6, 6, 7, 6, 7, 6, 10, 6, 8, 6, 9, 11, 10, 9, 9, 9] 
triadag10_2.txt 1234x3.txt True 0.43333333333333335 0.5 153.75 [11, 10, 10, 11, 11, 11, 2, 6, 9, 7, 10, 10, 11, 11, 11, 2, 6, 9, 7, 10, 11, 11, 10, 2, 6, 10, 7, 3, 11, 10, 2, 6, 10, 7, 3, 3, 1, 3, 1, 3, 3, 1, 3, 1, 3, 3, 3, 7, 3, 5, 7, 3, 3, 5, 5] 
triadag10_2.txt 1234x3.txt True 0.5222222222222223 0.55 148.66666666666666 [11, 11, 2, 2, 5, 1, 3, 7, 9, 2, 11, 2, 2, 5, 1, 3, 7, 9, 11, 2, 2, 5, 1, 3, 7, 9, 11, 10, 5, 1, 11, 2, 11, 10, 10, 6, 11, 10, 11, 10, 6, 11, 10, 6, 10, 3, 7, 6, 3, 7, 3, 3, 3, 7, 3] 
triadag10_2.txt 1234x3.txt True 0.5111111111111111 0.6 149.0 [11, 5, 4, 10, 3, 1, 11, 2, 2, 11, 11, 4, 10, 3, 1, 11, 2, 2, 11, 6, 10, 3, 1, 11, 2, 2, 11, 10, 3, 6, 6, 3, 6, 6, 10, 10, 9, 6, 11, 10, 10, 9, 8, 11, 10, 7, 8, 11, 10, 3, 7, 7, 3, 7, 7] 
triadag10_2.txt 1234x3.txt True 0.5666666666666667 0.65 133.75 [10, 10, 3, 11, 2, 7, 4, 3, 5, 1, 10, 3, 11, 2, 7, 4, 3, 5, 10, 2, 11, 2, 7, 4, 3, 5, 10, 3, 1, 2, 2, 0, 2, 2, 3, 3, 10, 11, 9, 3, 3, 10, 11, 9, 3, 6, 11, 9, 3, 7, 11, 6, 8, 7, 7] 
triadag10_2.txt 1234x3.txt True 0.4888888888888889 0.7 150.0 [7, 6, 7, 9, 11, 10, 7, 7, 11, 7, 6, 7, 9, 11, 10, 7, 7, 6, 7, 6, 9, 11, 11, 8, 6, 6, 6, 11, 11, 11, 8, 6, 0, 6, 11, 11, 2, 2, 0, 11, 11, 2, 3, 1, 11, 3, 3, 1, 11, 3, 3, 5, 4, 5, 5] 
triadag10_2.txt 1234x3.txt True 0.5777777777777777 0.75 123.0 [10, 7, 10, 7, 10, 3, 11, 11, 11, 9, 7, 10, 7, 10, 3, 11, 10, 11, 9, 3, 7, 6, 8, 3, 6, 7, 9, 11, 6, 8, 3, 6, 3, 7, 11, 11, 3, 6, 5, 11, 2, 4, 6, 5, 11, 1, 2, 0, 1, 2, 7, 1, 2, 2, 2] 
triadag10_2.txt 1234x3.txt True 0.6555555555555556 0.8 122.33333333333333 [1, 1, 5, 2, 3, 0, 7, 6, 2, 3, 1, 5, 2, 3, 11, 7, 6, 2, 4, 7, 2, 3, 11, 0, 10, 2, 4, 6, 3, 7, 5, 10, 3, 4, 6, 6, 7, 8, 3, 6, 10, 7, 7, 8, 6, 11, 10, 10, 11, 9, 11, 11, 6, 9, 6] 
triadag10_2.txt 1234x3.txt True 0.5777777777777777 0.85 120.5 [1, 7, 5, 6, 1, 2, 3, 2, 4, 2, 7, 5, 6, 1, 11, 3, 0, 3, 2, 5, 6, 7, 11, 3, 6, 4, 2, 7, 7, 11, 3, 7, 4, 5, 7, 11, 3, 7, 11, 7, 11, 3, 7, 8, 7, 10, 11, 10, 11, 6, 10, 11, 9, 9, 9] 
triadag10_2.txt 1234x3.txt True 0.5777777777777777 0.9 120.5 [1, 7, 5, 6, 1, 2, 3, 2, 4, 2, 7, 5, 6, 1, 11, 3, 0, 3, 2, 5, 6, 7, 11, 3, 6, 4, 2, 7, 7, 11, 3, 7, 4, 5, 7, 11, 3, 7, 11, 7, 11, 3, 7, 8, 7, 10, 11, 10, 11, 6, 10, 11, 9, 9, 9] 
triadag10_2.txt 1234x3.txt True 0.5777777777777777 0.95 120.5 [1, 7, 5, 6, 1, 2, 3, 2, 4, 2, 7, 5, 6, 1, 11, 3, 0, 3, 2, 5, 6, 7, 11, 3, 6, 4, 2, 7, 7, 11, 3, 7, 4, 5, 7, 11, 3, 7, 11, 7, 11, 3, 7, 8, 7, 10, 11, 10, 11, 6, 10, 11, 9, 9, 9] 
triadag10_2.txt 1234x3.txt True 0.5777777777777777 1 120.5 [1, 7, 5, 6, 1, 2, 3, 2, 4, 2, 7, 5, 6, 1, 11, 3, 0, 3, 2, 5, 6, 7, 11, 3, 6, 4, 2, 7, 7, 11, 3, 7, 4, 5, 7, 11, 3, 7, 11, 7, 11, 3, 7, 8, 7, 10, 11, 10, 11, 6, 10, 11, 9, 9, 9] 
triadag10_2.txt 1_4x1.txt True 0.0 0.07 751.0 [1, 1, 1, 1, 1, 1, 1, 1, 1, 1, 1, 1, 1, 1, 1, 1, 1, 1, 1, 1, 1, 1, 1, 1, 1, 1, 1, 1, 1, 1, 1, 1, 1, 1, 1, 1, 1, 1, 1, 1, 1, 1, 1, 1, 1, 1, 1, 1, 1, 1, 1, 1, 1, 1, 1] 
triadag10_2.txt 1_4x1.txt True 0.0 0.08 751.0 [1, 1, 1, 1, 1, 1, 1, 1, 1, 1, 1, 1, 1, 1, 1, 1, 1, 1, 1, 1, 1, 1, 1, 1, 1, 1, 1, 1, 1, 1, 1, 1, 1, 1, 1, 1, 1, 1, 1, 1, 1, 1, 1, 1, 1, 1, 1, 1, 1, 1, 1, 1, 1, 1, 1] 
triadag10_2.txt 1_4x1.txt True 0.0 0.09 751.0 [1, 1, 1, 1, 1, 1, 1, 1, 1, 1, 1, 1, 1, 1, 1, 1, 1, 1, 1, 1, 1, 1, 1, 1, 1, 1, 1, 1, 1, 1, 1, 1, 1, 1, 1, 1, 1, 1, 1, 1, 1, 1, 1, 1, 1, 1, 1, 1, 1, 1, 1, 1, 1, 1, 1] 
triadag10_2.txt 1_4x1.txt True 0.044444444444444446 0.1 691.5 [1, 1, 0, 1, 1, 0, 1, 1, 1, 1, 1, 0, 1, 1, 0, 1, 1, 1, 1, 1, 1, 1, 1, 1, 1, 1, 1, 1, 1, 1, 1, 1, 1, 1, 1, 1, 1, 1, 1, 1, 1, 1, 1, 1, 1, 1, 1, 1, 1, 1, 1, 1, 1, 1, 1] 
triadag10_2.txt 1_4x1.txt True 0.044444444444444446 0.11 691.5 [1, 1, 0, 1, 1, 0, 1, 1, 1, 1, 1, 0, 1, 1, 0, 1, 1, 1, 1, 1, 1, 1, 1, 1, 1, 1, 1, 1, 1, 1, 1, 1, 1, 1, 1, 1, 1, 1, 1, 1, 1, 1, 1, 1, 1, 1, 1, 1, 1, 1, 1, 1, 1, 1, 1] 
triadag10_2.txt 1_4x1.txt True 0.044444444444444446 0.12 703.25 [1, 1, 0, 0, 1, 1, 1, 1, 1, 1, 1, 0, 0, 1, 1, 1, 1, 1, 1, 1, 1, 1, 1, 1, 1, 1, 1, 1, 1, 1, 1, 1, 1, 1, 1, 1, 1, 1, 1, 1, 1, 1, 1, 1, 1, 1, 1, 1, 1, 1, 1, 1, 1, 1, 1] 
triadag10_2.txt 1_4x1.txt True 0.044444444444444446 0.13 703.25 [1, 1, 0, 0, 1, 1, 1, 1, 1, 1, 1, 0, 0, 1, 1, 1, 1, 1, 1, 1, 1, 1, 1, 1, 1, 1, 1, 1, 1, 1, 1, 1, 1, 1, 1, 1, 1, 1, 1, 1, 1, 1, 1, 1, 1, 1, 1, 1, 1, 1, 1, 1, 1, 1, 1] 
triadag10_2.txt 1_4x1.txt True 0.044444444444444446 0.14 703.25 [1, 1, 0, 0, 1, 1, 1, 1, 1, 1, 1, 0, 0, 1, 1, 1, 1, 1, 1, 1, 1, 1, 1, 1, 1, 1, 1, 1, 1, 1, 1, 1, 1, 1, 1, 1, 1, 1, 1, 1, 1, 1, 1, 1, 1, 1, 1, 1, 1, 1, 1, 1, 1, 1, 1] 
triadag10_2.txt 1_4x1.txt True 0.044444444444444446 0.15 703.25 [1, 1, 0, 0, 1, 1, 1, 1, 1, 1, 1, 0, 0, 1, 1, 1, 1, 1, 1, 1, 1, 1, 1, 1, 1, 1, 1, 1, 1, 1, 1, 1, 1, 1, 1, 1, 1, 1, 1, 1, 1, 1, 1, 1, 1, 1, 1, 1, 1, 1, 1, 1, 1, 1, 1] 
triadag10_2.txt 1_4x1.txt True 0.044444444444444446 0.16 703.25 [1, 1, 0, 0, 1, 1, 1, 1, 1, 1, 1, 0, 0, 1, 1, 1, 1, 1, 1, 1, 1, 1, 1, 1, 1, 1, 1, 1, 1, 1, 1, 1, 1, 1, 1, 1, 1, 1, 1, 1, 1, 1, 1, 1, 1, 1, 1, 1, 1, 1, 1, 1, 1, 1, 1] 
triadag10_2.txt 1_4x1.txt True 0.044444444444444446 0.17 703.25 [1, 1, 0, 0, 1, 1, 1, 1, 1, 1, 1, 0, 0, 1, 1, 1, 1, 1, 1, 1, 1, 1, 1, 1, 1, 1, 1, 1, 1, 1, 1, 1, 1, 1, 1, 1, 1, 1, 1, 1, 1, 1, 1, 1, 1, 1, 1, 1, 1, 1, 1, 1, 1, 1, 1] 
triadag10_2.txt 1_4x1.txt True 0.044444444444444446 0.18 703.25 [1, 1, 0, 0, 1, 1, 1, 1, 1, 1, 1, 0, 0, 1, 1, 1, 1, 1, 1, 1, 1, 1, 1, 1, 1, 1, 1, 1, 1, 1, 1, 1, 1, 1, 1, 1, 1, 1, 1, 1, 1, 1, 1, 1, 1, 1, 1, 1, 1, 1, 1, 1, 1, 1, 1] 
triadag10_2.txt 1_4x1.txt True 0.044444444444444446 0.19 703.25 [1, 1, 0, 0, 1, 1, 1, 1, 1, 1, 1, 0, 0, 1, 1, 1, 1, 1, 1, 1, 1, 1, 1, 1, 1, 1, 1, 1, 1, 1, 1, 1, 1, 1, 1, 1, 1, 1, 1, 1, 1, 1, 1, 1, 1, 1, 1, 1, 1, 1, 1, 1, 1, 1, 1] 
triadag10_2.txt 1_4x1.txt True 0.044444444444444446 0.2 703.25 [1, 1, 0, 0, 1, 1, 1, 1, 1, 1, 1, 0, 0, 1, 1, 1, 1, 1, 1, 1, 1, 1, 1, 1, 1, 1, 1, 1, 1, 1, 1, 1, 1, 1, 1, 1, 1, 1, 1, 1, 1, 1, 1, 1, 1, 1, 1, 1, 1, 1, 1, 1, 1, 1, 1] 
triadag10_2.txt 1_4x1.txt True 0.044444444444444446 0.25 703.25 [1, 1, 0, 0, 1, 1, 1, 1, 1, 1, 1, 0, 0, 1, 1, 1, 1, 1, 1, 1, 1, 1, 1, 1, 1, 1, 1, 1, 1, 1, 1, 1, 1, 1, 1, 1, 1, 1, 1, 1, 1, 1, 1, 1, 1, 1, 1, 1, 1, 1, 1, 1, 1, 1, 1] 
triadag10_2.txt 1_4x1.txt True 0.044444444444444446 0.3 703.25 [1, 1, 0, 0, 1, 1, 1, 1, 1, 1, 1, 0, 0, 1, 1, 1, 1, 1, 1, 1, 1, 1, 1, 1, 1, 1, 1, 1, 1, 1, 1, 1, 1, 1, 1, 1, 1, 1, 1, 1, 1, 1, 1, 1, 1, 1, 1, 1, 1, 1, 1, 1, 1, 1, 1] 
triadag10_2.txt 1_4x1.txt True 0.05555555555555555 0.35 663.0 [1, 1, 1, 1, 1, 1, 1, 0, 1, 0, 1, 1, 1, 1, 1, 1, 0, 1, 1, 1, 1, 1, 1, 1, 0, 1, 1, 1, 1, 1, 1, 0, 1, 1, 1, 1, 1, 1, 1, 1, 1, 1, 1, 1, 1, 1, 1, 1, 1, 1, 1, 1, 1, 1, 1] 
triadag10_2.txt 1_4x1.txt True 0.05555555555555555 0.4 676.5 [1, 1, 1, 1, 1, 0, 1, 1, 1, 0, 1, 1, 1, 1, 0, 1, 1, 1, 1, 1, 1, 1, 0, 1, 1, 1, 1, 1, 1, 0, 1, 1, 1, 1, 1, 1, 1, 1, 1, 1, 1, 1, 1, 1, 1, 1, 1, 1, 1, 1, 1, 1, 1, 1, 1] 
triadag10_2.txt 1_4x1.txt True 0.08888888888888889 0.45 634.0 [1, 0, 1, 0, 1, 1, 1, 0, 0, 1, 1, 1, 0, 1, 1, 1, 0, 0, 1, 1, 0, 1, 1, 1, 1, 1, 1, 1, 1, 1, 1, 1, 1, 1, 1, 1, 1, 1, 1, 1, 1, 1, 1, 1, 1, 1, 1, 1, 1, 1, 1, 1, 1, 1, 1] 
triadag10_2.txt 1_4x1.txt True 0.1111111111111111 0.5 625.5 [1, 1, 1, 1, 1, 1, 0, 1, 0, 0, 1, 1, 1, 1, 1, 0, 1, 0, 0, 1, 1, 1, 1, 0, 1, 1, 0, 1, 1, 1, 0, 1, 1, 0, 1, 1, 1, 1, 1, 1, 1, 1, 1, 1, 1, 1, 1, 1, 1, 1, 1, 1, 1, 1, 1] 
triadag10_2.txt 1_4x1.txt True 0.17777777777777778 0.55 604.75 [1, 1, 0, 1, 1, 1, 1, 1, 1, 1, 1, 0, 1, 1, 1, 1, 1, 1, 1, 0, 1, 1, 1, 1, 1, 1, 1, 1, 1, 1, 1, 0, 1, 1, 1, 1, 1, 1, 1, 1, 1, 1, 1, 1, 1, 1, 0, 1, 1, 0, 0, 1, 0, 0, 0] 
triadag10_2.txt 1_4x1.txt True 0.12222222222222222 0.6 621.5 [1, 1, 1, 1, 1, 1, 1, 1, 1, 1, 1, 1, 1, 1, 1, 1, 1, 1, 1, 1, 1, 1, 1, 1, 1, 1, 1, 1, 1, 1, 1, 0, 1, 1, 1, 1, 1, 0, 0, 1, 1, 1, 0, 1, 1, 1, 0, 1, 1, 0, 1, 1, 0, 0, 0] 
triadag10_2.txt 1_4x1.txt True 0.17777777777777778 0.65 605.75 [1, 1, 1, 1, 1, 1, 1, 1, 1, 1, 1, 1, 1, 1, 1, 1, 1, 1, 1, 1, 1, 1, 1, 1, 1, 1, 1, 1, 1, 1, 1, 1, 1, 1, 1, 0, 0, 1, 0, 1, 1, 0, 1, 1, 1, 1, 1, 1, 1, 1, 0, 0, 0, 0, 0] 
triadag10_2.txt 1_4x1.txt True 0.18888888888888888 0.7 604.75 [1, 1, 1, 1, 1, 1, 1, 1, 1, 1, 1, 1, 1, 1, 1, 1, 1, 1, 1, 1, 1, 1, 1, 1, 1, 1, 1, 1, 1, 1, 1, 1, 0, 1, 1, 1, 0, 0, 0, 1, 1, 0, 1, 0, 1, 1, 1, 0, 1, 1, 1, 1, 0, 0, 0] 
triadag10_2.txt 1_4x1.txt True 0.2111111111111111 0.75 605.0 [1, 1, 1, 1, 0, 0, 0, 1, 1, 0, 1, 1, 1, 0, 0, 0, 1, 1, 0, 0, 1, 1, 0, 1, 1, 1, 0, 1, 1, 0, 1, 1, 0, 1, 1, 1, 1, 1, 1, 1, 1, 1, 1, 1, 1, 1, 1, 1, 1, 1, 1, 1, 1, 1, 1] 
triadag10_2.txt 1_4x1.txt True 0.23333333333333334 0.8 611.0 [1, 1, 1, 1, 1, 1, 1, 1, 1, 1, 1, 1, 1, 1, 1, 1, 1, 1, 1, 1, 1, 1, 1, 1, 1, 1, 1, 1, 1, 1, 1, 1, 1, 0, 1, 1, 0, 0, 1, 1, 0, 0, 0, 0, 1, 1, 0, 0, 1, 1, 1, 1, 1, 0, 1] 
triadag10_2.txt 1_4x1.txt True 0.23333333333333334 0.85 617.0 [1, 1, 1, 1, 1, 0, 0, 1, 0, 1, 1, 1, 1, 1, 1, 0, 0, 1, 0, 0, 1, 1, 1, 0, 1, 0, 0, 1, 1, 1, 0, 1, 0, 0, 1, 1, 1, 1, 1, 1, 1, 1, 1, 1, 1, 1, 1, 1, 1, 1, 1, 1, 1, 1, 1] 
triadag10_2.txt 1_4x1.txt True 0.23333333333333334 0.9 617.0 [1, 1, 1, 1, 1, 0, 0, 1, 0, 1, 1, 1, 1, 1, 1, 0, 0, 1, 0, 0, 1, 1, 1, 0, 1, 0, 0, 1, 1, 1, 0, 1, 0, 0, 1, 1, 1, 1, 1, 1, 1, 1, 1, 1, 1, 1, 1, 1, 1, 1, 1, 1, 1, 1, 1] 
triadag10_2.txt 1_4x1.txt True 0.23333333333333334 0.95 617.0 [1, 1, 1, 1, 1, 0, 0, 1, 0, 1, 1, 1, 1, 1, 1, 0, 0, 1, 0, 0, 1, 1, 1, 0, 1, 0, 0, 1, 1, 1, 0, 1, 0, 0, 1, 1, 1, 1, 1, 1, 1, 1, 1, 1, 1, 1, 1, 1, 1, 1, 1, 1, 1, 1, 1] 
triadag10_2.txt 1_4x1.txt True 0.23333333333333334 1 617.0 [1, 1, 1, 1, 1, 0, 0, 1, 0, 1, 1, 1, 1, 1, 1, 0, 0, 1, 0, 0, 1, 1, 1, 0, 1, 0, 0, 1, 1, 1, 0, 1, 0, 0, 1, 1, 1, 1, 1, 1, 1, 1, 1, 1, 1, 1, 1, 1, 1, 1, 1, 1, 1, 1, 1] 
triadag10_2.txt 3_2x2.txt True 0.022222222222222223 0.07 975.6666666666666 [0, 0, 0, 0, 0, 0, 3, 0, 0, 0, 0, 0, 0, 0, 0, 3, 0, 0, 0, 0, 0, 0, 0, 0, 0, 0, 0, 0, 0, 0, 0, 0, 0, 0, 0, 0, 0, 0, 0, 0, 0, 0, 0, 0, 0, 0, 0, 0, 0, 0, 0, 0, 0, 0, 0] 
triadag10_2.txt 3_2x2.txt True 0.022222222222222223 0.08 975.6666666666666 [0, 0, 0, 0, 0, 0, 3, 0, 0, 0, 0, 0, 0, 0, 0, 3, 0, 0, 0, 0, 0, 0, 0, 0, 0, 0, 0, 0, 0, 0, 0, 0, 0, 0, 0, 0, 0, 0, 0, 0, 0, 0, 0, 0, 0, 0, 0, 0, 0, 0, 0, 0, 0, 0, 0] 
triadag10_2.txt 3_2x2.txt True 0.044444444444444446 0.09 914.6666666666666 [0, 0, 0, 0, 0, 0, 0, 1, 0, 1, 0, 0, 0, 0, 0, 0, 1, 0, 1, 0, 0, 0, 0, 0, 0, 0, 0, 0, 0, 0, 0, 0, 0, 0, 0, 0, 0, 0, 0, 0, 0, 0, 0, 0, 0, 0, 0, 0, 0, 0, 0, 0, 0, 0, 0] 
triadag10_2.txt 3_2x2.txt True 0.05555555555555555 0.1 905.3333333333334 [0, 0, 2, 3, 0, 0, 0, 2, 0, 0, 0, 2, 3, 0, 0, 0, 0, 0, 0, 0, 0, 0, 0, 0, 0, 0, 0, 0, 0, 0, 0, 0, 0, 0, 0, 0, 0, 0, 0, 0, 0, 0, 0, 0, 0, 0, 0, 0, 0, 0, 0, 0, 0, 0, 0] 
triadag10_2.txt 3_2x2.txt True 0.05555555555555555 0.11 905.3333333333334 [0, 0, 2, 3, 0, 0, 0, 2, 0, 0, 0, 2, 3, 0, 0, 0, 0, 0, 0, 0, 0, 0, 0, 0, 0, 0, 0, 0, 0, 0, 0, 0, 0, 0, 0, 0, 0, 0, 0, 0, 0, 0, 0, 0, 0, 0, 0, 0, 0, 0, 0, 0, 0, 0, 0] 
triadag10_2.txt 3_2x2.txt True 0.08888888888888889 0.12 857.6666666666666 [2, 2, 1, 0, 3, 3, 2, 3, 2, 2, 2, 1, 0, 3, 2, 2, 2, 2, 2, 2, 2, 2, 2, 2, 2, 2, 2, 2, 2, 2, 2, 2, 2, 2, 2, 2, 2, 2, 2, 2, 2, 2, 2, 2, 2, 2, 2, 2, 2, 2, 2, 2, 2, 2, 2] 
triadag10_2.txt 3_2x2.txt True 0.08888888888888889 0.13 857.6666666666666 [2, 2, 1, 0, 3, 3, 2, 3, 2, 2, 2, 1, 0, 3, 2, 2, 2, 2, 2, 2, 2, 2, 2, 2, 2, 2, 2, 2, 2, 2, 2, 2, 2, 2, 2, 2, 2, 2, 2, 2, 2, 2, 2, 2, 2, 2, 2, 2, 2, 2, 2, 2, 2, 2, 2] 
triadag10_2.txt 3_2x2.txt True 0.08888888888888889 0.14 857.6666666666666 [2, 2, 1, 0, 3, 3, 2, 3, 2, 2, 2, 1, 0, 3, 2, 2, 2, 2, 2, 2, 2, 2, 2, 2, 2, 2, 2, 2, 2, 2, 2, 2, 2, 2, 2, 2, 2, 2, 2, 2, 2, 2, 2, 2, 2, 2, 2, 2, 2, 2, 2, 2, 2, 2, 2] 
triadag10_2.txt 3_2x2.txt True 0.08888888888888889 0.15 857.6666666666666 [2, 2, 1, 0, 3, 3, 2, 3, 2, 2, 2, 1, 0, 3, 2, 2, 2, 2, 2, 2, 2, 2, 2, 2, 2, 2, 2, 2, 2, 2, 2, 2, 2, 2, 2, 2, 2, 2, 2, 2, 2, 2, 2, 2, 2, 2, 2, 2, 2, 2, 2, 2, 2, 2, 2] 
triadag10_2.txt 3_2x2.txt True 0.08888888888888889 0.16 857.6666666666666 [2, 2, 1, 0, 3, 3, 2, 3, 2, 2, 2, 1, 0, 3, 2, 2, 2, 2, 2, 2, 2, 2, 2, 2, 2, 2, 2, 2, 2, 2, 2, 2, 2, 2, 2, 2, 2, 2, 2, 2, 2, 2, 2, 2, 2, 2, 2, 2, 2, 2, 2, 2, 2, 2, 2] 
triadag10_2.txt 3_2x2.txt True 0.08888888888888889 0.17 857.6666666666666 [2, 2, 1, 0, 3, 3, 2, 3, 2, 2, 2, 1, 0, 3, 2, 2, 2, 2, 2, 2, 2, 2, 2, 2, 2, 2, 2, 2, 2, 2, 2, 2, 2, 2, 2, 2, 2, 2, 2, 2, 2, 2, 2, 2, 2, 2, 2, 2, 2, 2, 2, 2, 2, 2, 2] 
triadag10_2.txt 3_2x2.txt True 0.08888888888888889 0.18 857.6666666666666 [2, 2, 1, 0, 3, 3, 2, 3, 2, 2, 2, 1, 0, 3, 2, 2, 2, 2, 2, 2, 2, 2, 2, 2, 2, 2, 2, 2, 2, 2, 2, 2, 2, 2, 2, 2, 2, 2, 2, 2, 2, 2, 2, 2, 2, 2, 2, 2, 2, 2, 2, 2, 2, 2, 2] 
triadag10_2.txt 3_2x2.txt True 0.08888888888888889 0.19 857.6666666666666 [2, 2, 1, 0, 3, 3, 2, 3, 2, 2, 2, 1, 0, 3, 2, 2, 2, 2, 2, 2, 2, 2, 2, 2, 2, 2, 2, 2, 2, 2, 2, 2, 2, 2, 2, 2, 2, 2, 2, 2, 2, 2, 2, 2, 2, 2, 2, 2, 2, 2, 2, 2, 2, 2, 2] 
triadag10_2.txt 3_2x2.txt True 0.08888888888888889 0.2 857.6666666666666 [2, 2, 1, 0, 3, 3, 2, 3, 2, 2, 2, 1, 0, 3, 2, 2, 2, 2, 2, 2, 2, 2, 2, 2, 2, 2, 2, 2, 2, 2, 2, 2, 2, 2, 2, 2, 2, 2, 2, 2, 2, 2, 2, 2, 2, 2, 2, 2, 2, 2, 2, 2, 2, 2, 2] 
triadag10_2.txt 3_2x2.txt True 0.08888888888888889 0.25 857.6666666666666 [2, 2, 1, 0, 3, 3, 2, 3, 2, 2, 2, 1, 0, 3, 2, 2, 2, 2, 2, 2, 2, 2, 2, 2, 2, 2, 2, 2, 2, 2, 2, 2, 2, 2, 2, 2, 2, 2, 2, 2, 2, 2, 2, 2, 2, 2, 2, 2, 2, 2, 2, 2, 2, 2, 2] 
triadag10_2.txt 3_2x2.txt True 0.08888888888888889 0.3 857.6666666666666 [2, 2, 1, 0, 3, 3, 2, 3, 2, 2, 2, 1, 0, 3, 2, 2, 2, 2, 2, 2, 2, 2, 2, 2, 2, 2, 2, 2, 2, 2, 2, 2, 2, 2, 2, 2, 2, 2, 2, 2, 2, 2, 2, 2, 2, 2, 2, 2, 2, 2, 2, 2, 2, 2, 2] 
triadag10_2.txt 3_2x2.txt True 0.2 0.35 466.0 [0, 0, 2, 0, 0, 0, 0, 1, 0, 0, 0, 2, 0, 0, 0, 0, 1, 0, 0, 2, 0, 0, 0, 0, 1, 0, 0, 2, 2, 2, 2, 1, 2, 2, 2, 2, 2, 2, 2, 2, 2, 2, 2, 2, 2, 2, 2, 3, 2, 2, 3, 2, 3, 3, 3] 
triadag10_2.txt 3_2x2.txt True 0.23333333333333334 0.4 408.0 [1, 0, 1, 1, 0, 0, 1, 1, 1, 1, 0, 1, 1, 0, 0, 1, 1, 1, 1, 0, 1, 0, 0, 0, 0, 0, 0, 2, 0, 0, 0, 0, 0, 0, 2, 2, 2, 2, 2, 2, 2, 2, 2, 2, 2, 2, 2, 2, 2, 3, 2, 2, 3, 3, 3] 
triadag10_2.txt 3_2x2.txt True 0.28888888888888886 0.45 318.3333333333333 [1, 0, 1, 3, 1, 3, 1, 3, 0, 1, 0, 1, 3, 1, 3, 1, 3, 0, 1, 0, 3, 0, 3, 0, 3, 0, 0, 2, 0, 3, 0, 3, 0, 0, 2, 2, 0, 2, 0, 2, 2, 0, 2, 0, 2, 2, 2, 2, 2, 2, 2, 2, 2, 2, 2] 
triadag10_2.txt 3_2x2.txt True 0.3888888888888889 0.5 315.0 [2, 3, 3, 2, 3, 2, 0, 1, 0, 0, 3, 3, 2, 3, 2, 0, 1, 0, 0, 3, 2, 3, 3, 0, 1, 3, 0, 0, 3, 3, 0, 1, 3, 0, 0, 0, 2, 0, 2, 0, 0, 2, 0, 2, 0, 1, 0, 2, 0, 1, 2, 1, 2, 1, 1] 
triadag10_2.txt 3_2x2.txt True 0.34444444444444444 0.55 314.6666666666667 [2, 2, 0, 2, 0, 0, 1, 2, 1, 2, 2, 0, 2, 0, 0, 1, 2, 1, 2, 0, 2, 0, 0, 1, 2, 1, 2, 2, 0, 0, 1, 0, 1, 2, 2, 0, 1, 2, 1, 2, 0, 1, 2, 0, 2, 3, 3, 0, 3, 3, 3, 3, 3, 3, 3] 
triadag10_2.txt 3_2x2.txt True 0.36666666666666664 0.6 344.0 [2, 2, 3, 1, 0, 3, 2, 2, 2, 2, 2, 3, 1, 0, 3, 2, 2, 2, 2, 0, 1, 0, 3, 2, 2, 2, 2, 1, 0, 0, 0, 2, 0, 0, 1, 1, 3, 0, 3, 1, 1, 3, 0, 1, 1, 1, 0, 1, 1, 0, 1, 0, 0, 0, 0] 
triadag10_2.txt 3_2x2.txt True 0.4444444444444444 0.65 314.0 [2, 2, 3, 0, 2, 3, 3, 2, 3, 3, 2, 3, 0, 2, 3, 3, 2, 3, 2, 0, 0, 2, 3, 3, 2, 3, 2, 1, 2, 0, 0, 2, 0, 0, 1, 0, 1, 2, 0, 1, 1, 0, 2, 0, 1, 0, 2, 0, 1, 1, 1, 0, 1, 1, 1] 
triadag10_2.txt 3_2x2.txt True 0.28888888888888886 0.7 349.0 [2, 0, 2, 2, 3, 3, 2, 2, 3, 2, 0, 2, 2, 3, 3, 2, 2, 3, 2, 0, 0, 3, 3, 2, 0, 3, 0, 0, 3, 3, 2, 0, 3, 0, 0, 0, 0, 0, 0, 0, 0, 1, 0, 0, 0, 1, 0, 0, 0, 1, 1, 1, 1, 1, 1] 
triadag10_2.txt 3_2x2.txt True 0.3333333333333333 0.75 326.0 [0, 1, 0, 2, 0, 0, 0, 0, 2, 1, 1, 0, 2, 0, 0, 0, 0, 2, 1, 1, 2, 0, 1, 1, 1, 1, 1, 2, 0, 1, 1, 1, 1, 2, 2, 2, 2, 2, 2, 2, 0, 2, 2, 2, 2, 3, 0, 3, 3, 3, 3, 3, 3, 3, 3] 
triadag10_2.txt 3_2x2.txt True 0.4444444444444444 0.8 311.6666666666667 [2, 2, 0, 2, 1, 1, 3, 3, 2, 2, 2, 0, 0, 1, 0, 3, 3, 2, 2, 0, 0, 1, 0, 2, 2, 2, 2, 0, 1, 0, 3, 2, 2, 0, 0, 0, 0, 2, 2, 0, 3, 0, 0, 1, 0, 3, 1, 3, 0, 1, 3, 0, 2, 1, 2] 
triadag10_2.txt 3_2x2.txt True 0.4444444444444444 0.85 312.6666666666667 [1, 2, 1, 2, 1, 1, 1, 2, 1, 0, 2, 1, 2, 1, 0, 1, 1, 1, 0, 0, 2, 2, 0, 0, 0, 0, 0, 2, 0, 3, 0, 2, 0, 0, 2, 3, 2, 2, 2, 2, 0, 2, 2, 2, 2, 0, 3, 3, 0, 3, 3, 3, 3, 3, 3] 
triadag10_2.txt 3_2x2.txt True 0.4444444444444444 0.9 312.6666666666667 [1, 2, 1, 2, 1, 1, 1, 2, 1, 0, 2, 1, 2, 1, 0, 1, 1, 1, 0, 0, 2, 2, 0, 0, 0, 0, 0, 2, 0, 3, 0, 2, 0, 0, 2, 3, 2, 2, 2, 2, 0, 2, 2, 2, 2, 0, 3, 3, 0, 3, 3, 3, 3, 3, 3] 
triadag10_2.txt 3_2x2.txt True 0.4444444444444444 0.95 312.6666666666667 [1, 2, 1, 2, 1, 1, 1, 2, 1, 0, 2, 1, 2, 1, 0, 1, 1, 1, 0, 0, 2, 2, 0, 0, 0, 0, 0, 2, 0, 3, 0, 2, 0, 0, 2, 3, 2, 2, 2, 2, 0, 2, 2, 2, 2, 0, 3, 3, 0, 3, 3, 3, 3, 3, 3] 
triadag10_2.txt 3_2x2.txt True 0.4444444444444444 1 312.6666666666667 [1, 2, 1, 2, 1, 1, 1, 2, 1, 0, 2, 1, 2, 1, 0, 1, 1, 1, 0, 0, 2, 2, 0, 0, 0, 0, 0, 2, 0, 3, 0, 2, 0, 0, 2, 3, 2, 2, 2, 2, 0, 2, 2, 2, 2, 0, 3, 3, 0, 3, 3, 3, 3, 3, 3] 
triadag10_2.txt 1_4x4.txt True 0.022222222222222223 0.07 731.75 [1, 1, 1, 1, 1, 1, 3, 1, 1, 1, 1, 1, 1, 1, 1, 3, 1, 1, 1, 1, 1, 1, 1, 1, 1, 1, 1, 1, 1, 1, 1, 1, 1, 1, 1, 1, 1, 1, 1, 1, 1, 1, 1, 1, 1, 1, 1, 1, 1, 1, 1, 1, 1, 1, 1] 
triadag10_2.txt 1_4x4.txt True 0.022222222222222223 0.08 731.75 [1, 1, 1, 1, 1, 1, 3, 1, 1, 1, 1, 1, 1, 1, 1, 3, 1, 1, 1, 1, 1, 1, 1, 1, 1, 1, 1, 1, 1, 1, 1, 1, 1, 1, 1, 1, 1, 1, 1, 1, 1, 1, 1, 1, 1, 1, 1, 1, 1, 1, 1, 1, 1, 1, 1] 
triadag10_2.txt 1_4x4.txt True 0.044444444444444446 0.09 686.0 [1, 1, 1, 1, 1, 1, 1, 3, 1, 3, 1, 1, 1, 1, 1, 1, 3, 1, 3, 1, 1, 1, 1, 1, 1, 1, 1, 1, 1, 1, 1, 1, 1, 1, 1, 1, 1, 1, 1, 1, 1, 1, 1, 1, 1, 1, 1, 1, 1, 1, 1, 1, 1, 1, 1] 
triadag10_2.txt 1_4x4.txt True 0.07777777777777778 0.1 643.5 [1, 1, 4, 4, 1, 4, 1, 4, 1, 1, 1, 4, 4, 1, 4, 1, 1, 1, 1, 1, 1, 1, 1, 1, 1, 1, 1, 1, 1, 1, 1, 1, 1, 1, 1, 1, 1, 1, 1, 1, 1, 1, 1, 1, 1, 1, 1, 1, 1, 1, 1, 1, 1, 1, 1] 
triadag10_2.txt 1_4x4.txt True 0.07777777777777778 0.11 643.5 [1, 1, 4, 4, 1, 4, 1, 4, 1, 1, 1, 4, 4, 1, 4, 1, 1, 1, 1, 1, 1, 1, 1, 1, 1, 1, 1, 1, 1, 1, 1, 1, 1, 1, 1, 1, 1, 1, 1, 1, 1, 1, 1, 1, 1, 1, 1, 1, 1, 1, 1, 1, 1, 1, 1] 
triadag10_2.txt 1_4x4.txt True 0.08888888888888889 0.12 643.25 [5, 5, 3, 1, 6, 6, 5, 6, 5, 5, 5, 3, 1, 6, 5, 5, 5, 5, 5, 5, 5, 5, 5, 5, 5, 5, 5, 5, 5, 5, 5, 5, 5, 5, 5, 5, 5, 5, 5, 5, 5, 5, 5, 5, 5, 5, 5, 5, 5, 5, 5, 5, 5, 5, 5] 
triadag10_2.txt 1_4x4.txt True 0.08888888888888889 0.13 643.25 [5, 5, 3, 1, 6, 6, 5, 6, 5, 5, 5, 3, 1, 6, 5, 5, 5, 5, 5, 5, 5, 5, 5, 5, 5, 5, 5, 5, 5, 5, 5, 5, 5, 5, 5, 5, 5, 5, 5, 5, 5, 5, 5, 5, 5, 5, 5, 5, 5, 5, 5, 5, 5, 5, 5] 
triadag10_2.txt 1_4x4.txt True 0.08888888888888889 0.14 643.25 [5, 5, 3, 1, 6, 6, 5, 6, 5, 5, 5, 3, 1, 6, 5, 5, 5, 5, 5, 5, 5, 5, 5, 5, 5, 5, 5, 5, 5, 5, 5, 5, 5, 5, 5, 5, 5, 5, 5, 5, 5, 5, 5, 5, 5, 5, 5, 5, 5, 5, 5, 5, 5, 5, 5] 
triadag10_2.txt 1_4x4.txt True 0.08888888888888889 0.15 643.25 [5, 5, 3, 1, 6, 6, 5, 6, 5, 5, 5, 3, 1, 6, 5, 5, 5, 5, 5, 5, 5, 5, 5, 5, 5, 5, 5, 5, 5, 5, 5, 5, 5, 5, 5, 5, 5, 5, 5, 5, 5, 5, 5, 5, 5, 5, 5, 5, 5, 5, 5, 5, 5, 5, 5] 
triadag10_2.txt 1_4x4.txt True 0.08888888888888889 0.16 643.25 [5, 5, 3, 1, 6, 6, 5, 6, 5, 5, 5, 3, 1, 6, 5, 5, 5, 5, 5, 5, 5, 5, 5, 5, 5, 5, 5, 5, 5, 5, 5, 5, 5, 5, 5, 5, 5, 5, 5, 5, 5, 5, 5, 5, 5, 5, 5, 5, 5, 5, 5, 5, 5, 5, 5] 
triadag10_2.txt 1_4x4.txt True 0.08888888888888889 0.17 643.25 [5, 5, 3, 1, 6, 6, 5, 6, 5, 5, 5, 3, 1, 6, 5, 5, 5, 5, 5, 5, 5, 5, 5, 5, 5, 5, 5, 5, 5, 5, 5, 5, 5, 5, 5, 5, 5, 5, 5, 5, 5, 5, 5, 5, 5, 5, 5, 5, 5, 5, 5, 5, 5, 5, 5] 
triadag10_2.txt 1_4x4.txt True 0.08888888888888889 0.18 643.25 [5, 5, 3, 1, 6, 6, 5, 6, 5, 5, 5, 3, 1, 6, 5, 5, 5, 5, 5, 5, 5, 5, 5, 5, 5, 5, 5, 5, 5, 5, 5, 5, 5, 5, 5, 5, 5, 5, 5, 5, 5, 5, 5, 5, 5, 5, 5, 5, 5, 5, 5, 5, 5, 5, 5] 
triadag10_2.txt 1_4x4.txt True 0.08888888888888889 0.19 643.25 [5, 5, 3, 1, 6, 6, 5, 6, 5, 5, 5, 3, 1, 6, 5, 5, 5, 5, 5, 5, 5, 5, 5, 5, 5, 5, 5, 5, 5, 5, 5, 5, 5, 5, 5, 5, 5, 5, 5, 5, 5, 5, 5, 5, 5, 5, 5, 5, 5, 5, 5, 5, 5, 5, 5] 
triadag10_2.txt 1_4x4.txt True 0.08888888888888889 0.2 643.25 [5, 5, 3, 1, 6, 6, 5, 6, 5, 5, 5, 3, 1, 6, 5, 5, 5, 5, 5, 5, 5, 5, 5, 5, 5, 5, 5, 5, 5, 5, 5, 5, 5, 5, 5, 5, 5, 5, 5, 5, 5, 5, 5, 5, 5, 5, 5, 5, 5, 5, 5, 5, 5, 5, 5] 
triadag10_2.txt 1_4x4.txt True 0.08888888888888889 0.25 643.25 [5, 5, 3, 1, 6, 6, 5, 6, 5, 5, 5, 3, 1, 6, 5, 5, 5, 5, 5, 5, 5, 5, 5, 5, 5, 5, 5, 5, 5, 5, 5, 5, 5, 5, 5, 5, 5, 5, 5, 5, 5, 5, 5, 5, 5, 5, 5, 5, 5, 5, 5, 5, 5, 5, 5] 
triadag10_2.txt 1_4x4.txt True 0.08888888888888889 0.3 643.25 [5, 5, 3, 1, 6, 6, 5, 6, 5, 5, 5, 3, 1, 6, 5, 5, 5, 5, 5, 5, 5, 5, 5, 5, 5, 5, 5, 5, 5, 5, 5, 5, 5, 5, 5, 5, 5, 5, 5, 5, 5, 5, 5, 5, 5, 5, 5, 5, 5, 5, 5, 5, 5, 5, 5] 
triadag10_2.txt 1_4x4.txt True 0.23333333333333334 0.35 243.75 [5, 5, 3, 5, 5, 5, 5, 1, 5, 2, 5, 3, 5, 5, 5, 5, 1, 5, 5, 3, 5, 5, 5, 5, 2, 5, 5, 3, 3, 3, 3, 2, 3, 3, 3, 7, 3, 3, 3, 3, 7, 3, 3, 3, 3, 7, 7, 7, 7, 7, 7, 7, 7, 7, 7] 
triadag10_2.txt 1_4x4.txt True 0.26666666666666666 0.4 253.75 [5, 3, 5, 5, 3, 3, 5, 5, 5, 3, 3, 5, 5, 3, 3, 5, 5, 5, 5, 3, 5, 3, 3, 3, 3, 3, 3, 1, 3, 3, 3, 3, 3, 3, 1, 7, 1, 1, 1, 1, 7, 1, 1, 1, 1, 7, 7, 7, 7, 7, 7, 7, 7, 7, 7] 
triadag10_2.txt 1_4x4.txt True 0.3333333333333333 0.45 236.0 [3, 1, 3, 7, 3, 7, 3, 7, 1, 3, 1, 3, 7, 3, 7, 3, 7, 1, 3, 1, 7, 1, 7, 1, 7, 1, 1, 3, 1, 7, 1, 7, 1, 1, 3, 3, 1, 3, 1, 3, 3, 1, 3, 1, 3, 5, 3, 5, 3, 5, 5, 5, 5, 5, 5] 
triadag10_2.txt 1_4x4.txt True 0.36666666666666664 0.5 206.75 [3, 3, 3, 3, 5, 3, 1, 1, 2, 5, 3, 3, 3, 5, 3, 1, 1, 2, 5, 3, 3, 5, 3, 1, 1, 3, 5, 1, 5, 3, 1, 1, 3, 5, 1, 1, 7, 1, 7, 1, 1, 7, 1, 7, 1, 5, 1, 7, 1, 5, 7, 5, 7, 5, 5] 
triadag10_2.txt 1_4x4.txt True 0.4444444444444444 0.55 203.25 [5, 5, 1, 5, 7, 1, 3, 7, 3, 5, 5, 1, 5, 7, 1, 3, 7, 3, 5, 1, 5, 7, 1, 3, 7, 3, 5, 7, 7, 1, 3, 1, 3, 7, 7, 5, 3, 7, 3, 7, 5, 3, 7, 5, 7, 1, 6, 5, 1, 6, 1, 1, 1, 6, 1] 
triadag10_2.txt 1_4x4.txt True 0.4111111111111111 0.6 185.0 [7, 5, 7, 5, 3, 5, 7, 7, 3, 7, 7, 7, 5, 3, 5, 7, 7, 3, 7, 3, 5, 3, 5, 7, 7, 3, 7, 5, 3, 3, 3, 0, 3, 3, 5, 5, 5, 0, 6, 5, 5, 5, 1, 1, 5, 2, 1, 1, 5, 1, 2, 1, 1, 1, 1] 
triadag10_2.txt 1_4x4.txt True 0.4888888888888889 0.65 193.75 [7, 7, 4, 5, 7, 3, 5, 7, 3, 7, 7, 4, 5, 7, 3, 5, 7, 3, 7, 5, 5, 4, 3, 5, 7, 3, 7, 3, 5, 5, 5, 6, 5, 5, 3, 2, 2, 1, 6, 3, 3, 1, 1, 1, 3, 1, 1, 1, 3, 1, 1, 3, 3, 3, 3] 
triadag10_2.txt 1_4x4.txt True 0.4777777777777778 0.7 188.75 [7, 7, 7, 4, 3, 6, 7, 5, 7, 5, 7, 7, 4, 3, 6, 7, 5, 7, 5, 7, 4, 5, 5, 5, 7, 7, 7, 3, 5, 5, 1, 7, 0, 7, 3, 3, 1, 1, 1, 3, 3, 3, 1, 0, 3, 3, 1, 0, 3, 1, 1, 3, 2, 3, 2] 
triadag10_2.txt 1_4x4.txt True 0.5222222222222223 0.75 175.25 [3, 3, 1, 1, 0, 1, 5, 1, 7, 3, 3, 1, 2, 0, 1, 5, 3, 7, 3, 3, 2, 3, 1, 5, 7, 3, 3, 7, 3, 1, 5, 7, 3, 1, 7, 7, 5, 5, 7, 7, 5, 5, 5, 7, 7, 4, 5, 7, 1, 3, 7, 1, 6, 6, 6] 
triadag10_2.txt 1_4x4.txt True 0.6333333333333333 0.8 169.5 [7, 5, 0, 2, 1, 4, 7, 1, 7, 7, 5, 0, 5, 1, 1, 7, 7, 7, 6, 7, 5, 0, 1, 5, 5, 7, 6, 5, 3, 7, 3, 5, 1, 6, 5, 5, 3, 1, 1, 5, 2, 1, 3, 5, 5, 3, 4, 1, 5, 3, 1, 5, 7, 3, 7] 
triadag10_2.txt 1_4x4.txt True 0.5555555555555556 0.85 169.0 [3, 7, 3, 4, 2, 2, 1, 3, 3, 1, 7, 3, 4, 2, 5, 1, 3, 3, 0, 4, 1, 7, 5, 1, 1, 5, 0, 5, 7, 7, 1, 3, 5, 0, 5, 7, 1, 3, 5, 5, 7, 5, 7, 5, 5, 7, 7, 5, 7, 1, 6, 7, 6, 3, 3] 
triadag10_2.txt 1_4x4.txt True 0.5555555555555556 0.9 169.0 [3, 7, 3, 4, 2, 2, 1, 3, 3, 1, 7, 3, 4, 2, 5, 1, 3, 3, 0, 4, 1, 7, 5, 1, 1, 5, 0, 5, 7, 7, 1, 3, 5, 0, 5, 7, 1, 3, 5, 5, 7, 5, 7, 5, 5, 7, 7, 5, 7, 1, 6, 7, 6, 3, 3] 
triadag10_2.txt 1_4x4.txt True 0.5555555555555556 0.95 169.0 [3, 7, 3, 4, 2, 2, 1, 3, 3, 1, 7, 3, 4, 2, 5, 1, 3, 3, 0, 4, 1, 7, 5, 1, 1, 5, 0, 5, 7, 7, 1, 3, 5, 0, 5, 7, 1, 3, 5, 5, 7, 5, 7, 5, 5, 7, 7, 5, 7, 1, 6, 7, 6, 3, 3] 
triadag10_2.txt 1_4x4.txt True 0.5555555555555556 1 169.0 [3, 7, 3, 4, 2, 2, 1, 3, 3, 1, 7, 3, 4, 2, 5, 1, 3, 3, 0, 4, 1, 7, 5, 1, 1, 5, 0, 5, 7, 7, 1, 3, 5, 0, 5, 7, 1, 3, 5, 5, 7, 5, 7, 5, 5, 7, 7, 5, 7, 1, 6, 7, 6, 3, 3] 
triadag10_2.txt 1_4x2.txt True 0.022222222222222223 0.07 731.75 [1, 1, 1, 1, 1, 1, 3, 1, 1, 1, 1, 1, 1, 1, 1, 3, 1, 1, 1, 1, 1, 1, 1, 1, 1, 1, 1, 1, 1, 1, 1, 1, 1, 1, 1, 1, 1, 1, 1, 1, 1, 1, 1, 1, 1, 1, 1, 1, 1, 1, 1, 1, 1, 1, 1] 
triadag10_2.txt 1_4x2.txt True 0.022222222222222223 0.08 731.75 [1, 1, 1, 1, 1, 1, 3, 1, 1, 1, 1, 1, 1, 1, 1, 3, 1, 1, 1, 1, 1, 1, 1, 1, 1, 1, 1, 1, 1, 1, 1, 1, 1, 1, 1, 1, 1, 1, 1, 1, 1, 1, 1, 1, 1, 1, 1, 1, 1, 1, 1, 1, 1, 1, 1] 
triadag10_2.txt 1_4x2.txt True 0.044444444444444446 0.09 686.0 [3, 3, 3, 3, 3, 3, 3, 1, 3, 1, 3, 3, 3, 3, 3, 3, 1, 3, 1, 3, 3, 3, 3, 3, 3, 3, 3, 3, 3, 3, 3, 3, 3, 3, 3, 3, 3, 3, 3, 3, 3, 3, 3, 3, 3, 3, 3, 3, 3, 3, 3, 3, 3, 3, 3] 
triadag10_2.txt 1_4x2.txt True 0.07777777777777778 0.1 643.5 [1, 1, 2, 3, 1, 0, 1, 2, 1, 1, 1, 2, 3, 1, 0, 1, 1, 1, 1, 1, 1, 1, 1, 1, 1, 1, 1, 1, 1, 1, 1, 1, 1, 1, 1, 1, 1, 1, 1, 1, 1, 1, 1, 1, 1, 1, 1, 1, 1, 1, 1, 1, 1, 1, 1] 
triadag10_2.txt 1_4x2.txt True 0.07777777777777778 0.11 643.5 [1, 1, 2, 3, 1, 0, 1, 2, 1, 1, 1, 2, 3, 1, 0, 1, 1, 1, 1, 1, 1, 1, 1, 1, 1, 1, 1, 1, 1, 1, 1, 1, 1, 1, 1, 1, 1, 1, 1, 1, 1, 1, 1, 1, 1, 1, 1, 1, 1, 1, 1, 1, 1, 1, 1] 
triadag10_2.txt 1_4x2.txt True 0.06666666666666667 0.12 667.25 [1, 1, 1, 0, 3, 3, 1, 3, 1, 1, 1, 1, 0, 3, 1, 1, 1, 1, 1, 1, 1, 1, 1, 1, 1, 1, 1, 1, 1, 1, 1, 1, 1, 1, 1, 1, 1, 1, 1, 1, 1, 1, 1, 1, 1, 1, 1, 1, 1, 1, 1, 1, 1, 1, 1] 
triadag10_2.txt 1_4x2.txt True 0.06666666666666667 0.13 667.25 [1, 1, 1, 0, 3, 3, 1, 3, 1, 1, 1, 1, 0, 3, 1, 1, 1, 1, 1, 1, 1, 1, 1, 1, 1, 1, 1, 1, 1, 1, 1, 1, 1, 1, 1, 1, 1, 1, 1, 1, 1, 1, 1, 1, 1, 1, 1, 1, 1, 1, 1, 1, 1, 1, 1] 
triadag10_2.txt 1_4x2.txt True 0.06666666666666667 0.14 667.25 [1, 1, 1, 0, 3, 3, 1, 3, 1, 1, 1, 1, 0, 3, 1, 1, 1, 1, 1, 1, 1, 1, 1, 1, 1, 1, 1, 1, 1, 1, 1, 1, 1, 1, 1, 1, 1, 1, 1, 1, 1, 1, 1, 1, 1, 1, 1, 1, 1, 1, 1, 1, 1, 1, 1] 
triadag10_2.txt 1_4x2.txt True 0.06666666666666667 0.15 667.25 [1, 1, 1, 0, 3, 3, 1, 3, 1, 1, 1, 1, 0, 3, 1, 1, 1, 1, 1, 1, 1, 1, 1, 1, 1, 1, 1, 1, 1, 1, 1, 1, 1, 1, 1, 1, 1, 1, 1, 1, 1, 1, 1, 1, 1, 1, 1, 1, 1, 1, 1, 1, 1, 1, 1] 
triadag10_2.txt 1_4x2.txt True 0.06666666666666667 0.16 667.25 [1, 1, 1, 0, 3, 3, 1, 3, 1, 1, 1, 1, 0, 3, 1, 1, 1, 1, 1, 1, 1, 1, 1, 1, 1, 1, 1, 1, 1, 1, 1, 1, 1, 1, 1, 1, 1, 1, 1, 1, 1, 1, 1, 1, 1, 1, 1, 1, 1, 1, 1, 1, 1, 1, 1] 
triadag10_2.txt 1_4x2.txt True 0.06666666666666667 0.17 667.25 [1, 1, 1, 0, 3, 3, 1, 3, 1, 1, 1, 1, 0, 3, 1, 1, 1, 1, 1, 1, 1, 1, 1, 1, 1, 1, 1, 1, 1, 1, 1, 1, 1, 1, 1, 1, 1, 1, 1, 1, 1, 1, 1, 1, 1, 1, 1, 1, 1, 1, 1, 1, 1, 1, 1] 
triadag10_2.txt 1_4x2.txt True 0.06666666666666667 0.18 667.25 [1, 1, 1, 0, 3, 3, 1, 3, 1, 1, 1, 1, 0, 3, 1, 1, 1, 1, 1, 1, 1, 1, 1, 1, 1, 1, 1, 1, 1, 1, 1, 1, 1, 1, 1, 1, 1, 1, 1, 1, 1, 1, 1, 1, 1, 1, 1, 1, 1, 1, 1, 1, 1, 1, 1] 
triadag10_2.txt 1_4x2.txt True 0.06666666666666667 0.19 667.25 [1, 1, 1, 0, 3, 3, 1, 3, 1, 1, 1, 1, 0, 3, 1, 1, 1, 1, 1, 1, 1, 1, 1, 1, 1, 1, 1, 1, 1, 1, 1, 1, 1, 1, 1, 1, 1, 1, 1, 1, 1, 1, 1, 1, 1, 1, 1, 1, 1, 1, 1, 1, 1, 1, 1] 
triadag10_2.txt 1_4x2.txt True 0.06666666666666667 0.2 667.25 [1, 1, 1, 0, 3, 3, 1, 3, 1, 1, 1, 1, 0, 3, 1, 1, 1, 1, 1, 1, 1, 1, 1, 1, 1, 1, 1, 1, 1, 1, 1, 1, 1, 1, 1, 1, 1, 1, 1, 1, 1, 1, 1, 1, 1, 1, 1, 1, 1, 1, 1, 1, 1, 1, 1] 
triadag10_2.txt 1_4x2.txt True 0.06666666666666667 0.25 667.25 [1, 1, 1, 0, 3, 3, 1, 3, 1, 1, 1, 1, 0, 3, 1, 1, 1, 1, 1, 1, 1, 1, 1, 1, 1, 1, 1, 1, 1, 1, 1, 1, 1, 1, 1, 1, 1, 1, 1, 1, 1, 1, 1, 1, 1, 1, 1, 1, 1, 1, 1, 1, 1, 1, 1] 
triadag10_2.txt 1_4x2.txt True 0.06666666666666667 0.3 667.25 [1, 1, 1, 0, 3, 3, 1, 3, 1, 1, 1, 1, 0, 3, 1, 1, 1, 1, 1, 1, 1, 1, 1, 1, 1, 1, 1, 1, 1, 1, 1, 1, 1, 1, 1, 1, 1, 1, 1, 1, 1, 1, 1, 1, 1, 1, 1, 1, 1, 1, 1, 1, 1, 1, 1] 
triadag10_2.txt 1_4x2.txt True 0.26666666666666666 0.35 373.75 [1, 1, 3, 1, 1, 1, 1, 1, 1, 0, 1, 3, 1, 1, 1, 1, 1, 1, 1, 3, 1, 1, 1, 1, 1, 1, 1, 3, 3, 3, 3, 1, 3, 3, 3, 1, 3, 3, 3, 3, 1, 3, 3, 3, 3, 1, 2, 3, 1, 2, 3, 1, 3, 3, 3] 
triadag10_2.txt 1_4x2.txt True 0.2 0.4 424.0 [3, 3, 3, 3, 3, 0, 3, 3, 3, 1, 3, 3, 3, 3, 0, 3, 3, 3, 3, 3, 3, 3, 0, 3, 3, 3, 3, 1, 3, 0, 3, 3, 3, 3, 1, 2, 1, 1, 1, 1, 1, 1, 1, 1, 1, 1, 1, 1, 1, 3, 1, 1, 3, 3, 3] 
triadag10_2.txt 1_4x2.txt True 0.32222222222222224 0.45 368.25 [3, 0, 3, 3, 3, 3, 3, 3, 0, 3, 1, 3, 3, 3, 3, 3, 3, 0, 3, 1, 3, 1, 3, 1, 3, 1, 1, 3, 1, 3, 1, 3, 1, 1, 3, 3, 1, 3, 1, 3, 3, 1, 3, 1, 3, 2, 3, 2, 3, 1, 2, 2, 1, 1, 1] 
triadag10_2.txt 1_4x2.txt True 0.28888888888888886 0.5 336.25 [3, 3, 3, 3, 3, 3, 1, 1, 0, 0, 3, 3, 3, 3, 3, 1, 1, 0, 0, 3, 3, 3, 3, 1, 1, 3, 0, 3, 3, 3, 1, 1, 3, 0, 3, 3, 1, 3, 1, 3, 3, 1, 3, 1, 3, 1, 3, 2, 3, 1, 2, 1, 2, 1, 1] 
triadag10_2.txt 1_4x2.txt True 0.4111111111111111 0.55 321.75 [2, 2, 0, 3, 1, 3, 1, 1, 1, 3, 2, 0, 3, 1, 3, 1, 1, 1, 2, 0, 3, 1, 3, 1, 1, 1, 2, 3, 1, 3, 1, 0, 1, 3, 3, 1, 1, 3, 1, 3, 1, 1, 3, 1, 3, 3, 3, 1, 3, 3, 3, 3, 3, 3, 3] 
triadag10_2.txt 1_4x2.txt True 0.34444444444444444 0.6 322.0 [3, 2, 3, 1, 1, 3, 3, 1, 2, 3, 3, 3, 1, 1, 3, 3, 1, 2, 3, 3, 1, 1, 3, 3, 1, 2, 3, 1, 1, 3, 3, 2, 3, 3, 1, 1, 3, 0, 3, 1, 1, 3, 3, 1, 1, 1, 3, 1, 1, 1, 1, 0, 1, 0, 0] 
triadag10_2.txt 1_4x2.txt True 0.26666666666666666 0.65 331.5 [3, 3, 3, 1, 2, 3, 3, 3, 3, 3, 3, 3, 1, 2, 3, 3, 3, 3, 3, 3, 1, 2, 3, 3, 3, 3, 3, 1, 2, 3, 3, 2, 3, 3, 1, 0, 1, 1, 0, 1, 1, 0, 1, 1, 1, 1, 1, 1, 1, 1, 1, 0, 1, 1, 1] 
triadag10_2.txt 1_4x2.txt True 0.26666666666666666 0.7 320.75 [3, 3, 3, 2, 3, 3, 3, 1, 3, 1, 3, 3, 2, 3, 3, 3, 1, 3, 1, 3, 0, 3, 3, 2, 3, 3, 3, 1, 3, 3, 2, 3, 3, 3, 1, 1, 1, 0, 0, 1, 1, 1, 1, 0, 1, 1, 1, 0, 1, 1, 1, 1, 1, 1, 1] 
triadag10_2.txt 1_4x2.txt True 0.3333333333333333 0.75 305.75 [3, 1, 1, 1, 0, 0, 0, 1, 3, 1, 1, 1, 3, 0, 0, 0, 3, 3, 1, 1, 3, 3, 1, 1, 1, 1, 1, 1, 3, 1, 1, 1, 1, 1, 1, 1, 2, 1, 2, 1, 3, 2, 1, 2, 1, 3, 3, 3, 3, 3, 3, 3, 3, 3, 3] 
triadag10_2.txt 1_4x2.txt True 0.5 0.8 309.5 [1, 2, 1, 2, 1, 1, 3, 3, 2, 3, 2, 1, 1, 1, 1, 3, 3, 3, 2, 1, 1, 1, 1, 2, 3, 3, 2, 3, 1, 1, 3, 3, 1, 0, 3, 3, 0, 2, 1, 3, 3, 0, 0, 1, 3, 3, 1, 3, 1, 1, 3, 1, 3, 1, 3] 
triadag10_2.txt 1_4x2.txt True 0.4222222222222222 0.85 319.0 [1, 3, 1, 2, 1, 1, 1, 1, 1, 1, 3, 1, 2, 1, 3, 1, 1, 1, 0, 0, 2, 3, 3, 0, 1, 0, 0, 3, 1, 3, 1, 2, 0, 0, 3, 3, 1, 2, 3, 3, 3, 1, 1, 2, 3, 3, 3, 3, 3, 3, 3, 3, 3, 3, 3] 
triadag10_2.txt 1_4x2.txt True 0.4222222222222222 0.9 319.0 [1, 3, 1, 2, 1, 1, 1, 1, 1, 1, 3, 1, 2, 1, 3, 1, 1, 1, 0, 0, 2, 3, 3, 0, 1, 0, 0, 3, 1, 3, 1, 2, 0, 0, 3, 3, 1, 2, 3, 3, 3, 1, 1, 2, 3, 3, 3, 3, 3, 3, 3, 3, 3, 3, 3] 
triadag10_2.txt 1_4x2.txt True 0.4222222222222222 0.95 319.0 [1, 3, 1, 2, 1, 1, 1, 1, 1, 1, 3, 1, 2, 1, 3, 1, 1, 1, 0, 0, 2, 3, 3, 0, 1, 0, 0, 3, 1, 3, 1, 2, 0, 0, 3, 3, 1, 2, 3, 3, 3, 1, 1, 2, 3, 3, 3, 3, 3, 3, 3, 3, 3, 3, 3] 
triadag10_2.txt 1_4x2.txt True 0.4222222222222222 1 319.0 [1, 3, 1, 2, 1, 1, 1, 1, 1, 1, 3, 1, 2, 1, 3, 1, 1, 1, 0, 0, 2, 3, 3, 0, 1, 0, 0, 3, 1, 3, 1, 2, 0, 0, 3, 3, 1, 2, 3, 3, 3, 1, 1, 2, 3, 3, 3, 3, 3, 3, 3, 3, 3, 3, 3] 
triadag10_2.txt 1_4x3.txt True 0.022222222222222223 0.07 731.75 [1, 1, 1, 1, 1, 1, 2, 1, 1, 1, 1, 1, 1, 1, 1, 2, 1, 1, 1, 1, 1, 1, 1, 1, 1, 1, 1, 1, 1, 1, 1, 1, 1, 1, 1, 1, 1, 1, 1, 1, 1, 1, 1, 1, 1, 1, 1, 1, 1, 1, 1, 1, 1, 1, 1] 
triadag10_2.txt 1_4x3.txt True 0.022222222222222223 0.08 731.75 [1, 1, 1, 1, 1, 1, 2, 1, 1, 1, 1, 1, 1, 1, 1, 2, 1, 1, 1, 1, 1, 1, 1, 1, 1, 1, 1, 1, 1, 1, 1, 1, 1, 1, 1, 1, 1, 1, 1, 1, 1, 1, 1, 1, 1, 1, 1, 1, 1, 1, 1, 1, 1, 1, 1] 
triadag10_2.txt 1_4x3.txt True 0.044444444444444446 0.09 686.0 [1, 1, 1, 1, 1, 1, 1, 2, 1, 2, 1, 1, 1, 1, 1, 1, 2, 1, 2, 1, 1, 1, 1, 1, 1, 1, 1, 1, 1, 1, 1, 1, 1, 1, 1, 1, 1, 1, 1, 1, 1, 1, 1, 1, 1, 1, 1, 1, 1, 1, 1, 1, 1, 1, 1] 
triadag10_2.txt 1_4x3.txt True 0.07777777777777778 0.1 643.5 [3, 3, 1, 5, 3, 1, 3, 5, 3, 3, 3, 1, 5, 3, 1, 3, 3, 3, 3, 3, 3, 3, 3, 3, 3, 3, 3, 3, 3, 3, 3, 3, 3, 3, 3, 3, 3, 3, 3, 3, 3, 3, 3, 3, 3, 3, 3, 3, 3, 3, 3, 3, 3, 3, 3] 
triadag10_2.txt 1_4x3.txt True 0.07777777777777778 0.11 643.5 [3, 3, 1, 5, 3, 1, 3, 5, 3, 3, 3, 1, 5, 3, 1, 3, 3, 3, 3, 3, 3, 3, 3, 3, 3, 3, 3, 3, 3, 3, 3, 3, 3, 3, 3, 3, 3, 3, 3, 3, 3, 3, 3, 3, 3, 3, 3, 3, 3, 3, 3, 3, 3, 3, 3] 
triadag10_2.txt 1_4x3.txt True 0.08888888888888889 0.12 643.25 [1, 1, 2, 0, 5, 5, 1, 5, 1, 1, 1, 2, 0, 5, 1, 1, 1, 1, 1, 1, 1, 1, 1, 1, 1, 1, 1, 1, 1, 1, 1, 1, 1, 1, 1, 1, 1, 1, 1, 1, 1, 1, 1, 1, 1, 1, 1, 1, 1, 1, 1, 1, 1, 1, 1] 
triadag10_2.txt 1_4x3.txt True 0.08888888888888889 0.13 643.25 [1, 1, 2, 0, 5, 5, 1, 5, 1, 1, 1, 2, 0, 5, 1, 1, 1, 1, 1, 1, 1, 1, 1, 1, 1, 1, 1, 1, 1, 1, 1, 1, 1, 1, 1, 1, 1, 1, 1, 1, 1, 1, 1, 1, 1, 1, 1, 1, 1, 1, 1, 1, 1, 1, 1] 
triadag10_2.txt 1_4x3.txt True 0.08888888888888889 0.14 643.25 [1, 1, 2, 0, 5, 5, 1, 5, 1, 1, 1, 2, 0, 5, 1, 1, 1, 1, 1, 1, 1, 1, 1, 1, 1, 1, 1, 1, 1, 1, 1, 1, 1, 1, 1, 1, 1, 1, 1, 1, 1, 1, 1, 1, 1, 1, 1, 1, 1, 1, 1, 1, 1, 1, 1] 
triadag10_2.txt 1_4x3.txt True 0.08888888888888889 0.15 643.25 [1, 1, 2, 0, 5, 5, 1, 5, 1, 1, 1, 2, 0, 5, 1, 1, 1, 1, 1, 1, 1, 1, 1, 1, 1, 1, 1, 1, 1, 1, 1, 1, 1, 1, 1, 1, 1, 1, 1, 1, 1, 1, 1, 1, 1, 1, 1, 1, 1, 1, 1, 1, 1, 1, 1] 
triadag10_2.txt 1_4x3.txt True 0.08888888888888889 0.16 643.25 [1, 1, 2, 0, 5, 5, 1, 5, 1, 1, 1, 2, 0, 5, 1, 1, 1, 1, 1, 1, 1, 1, 1, 1, 1, 1, 1, 1, 1, 1, 1, 1, 1, 1, 1, 1, 1, 1, 1, 1, 1, 1, 1, 1, 1, 1, 1, 1, 1, 1, 1, 1, 1, 1, 1] 
triadag10_2.txt 1_4x3.txt True 0.08888888888888889 0.17 643.25 [1, 1, 2, 0, 5, 5, 1, 5, 1, 1, 1, 2, 0, 5, 1, 1, 1, 1, 1, 1, 1, 1, 1, 1, 1, 1, 1, 1, 1, 1, 1, 1, 1, 1, 1, 1, 1, 1, 1, 1, 1, 1, 1, 1, 1, 1, 1, 1, 1, 1, 1, 1, 1, 1, 1] 
triadag10_2.txt 1_4x3.txt True 0.08888888888888889 0.18 643.25 [1, 1, 2, 0, 5, 5, 1, 5, 1, 1, 1, 2, 0, 5, 1, 1, 1, 1, 1, 1, 1, 1, 1, 1, 1, 1, 1, 1, 1, 1, 1, 1, 1, 1, 1, 1, 1, 1, 1, 1, 1, 1, 1, 1, 1, 1, 1, 1, 1, 1, 1, 1, 1, 1, 1] 
triadag10_2.txt 1_4x3.txt True 0.08888888888888889 0.19 643.25 [1, 1, 2, 0, 5, 5, 1, 5, 1, 1, 1, 2, 0, 5, 1, 1, 1, 1, 1, 1, 1, 1, 1, 1, 1, 1, 1, 1, 1, 1, 1, 1, 1, 1, 1, 1, 1, 1, 1, 1, 1, 1, 1, 1, 1, 1, 1, 1, 1, 1, 1, 1, 1, 1, 1] 
triadag10_2.txt 1_4x3.txt True 0.08888888888888889 0.2 643.25 [1, 1, 2, 0, 5, 5, 1, 5, 1, 1, 1, 2, 0, 5, 1, 1, 1, 1, 1, 1, 1, 1, 1, 1, 1, 1, 1, 1, 1, 1, 1, 1, 1, 1, 1, 1, 1, 1, 1, 1, 1, 1, 1, 1, 1, 1, 1, 1, 1, 1, 1, 1, 1, 1, 1] 
triadag10_2.txt 1_4x3.txt True 0.08888888888888889 0.25 643.25 [1, 1, 2, 0, 5, 5, 1, 5, 1, 1, 1, 2, 0, 5, 1, 1, 1, 1, 1, 1, 1, 1, 1, 1, 1, 1, 1, 1, 1, 1, 1, 1, 1, 1, 1, 1, 1, 1, 1, 1, 1, 1, 1, 1, 1, 1, 1, 1, 1, 1, 1, 1, 1, 1, 1] 
triadag10_2.txt 1_4x3.txt True 0.08888888888888889 0.3 643.25 [1, 1, 2, 0, 5, 5, 1, 5, 1, 1, 1, 2, 0, 5, 1, 1, 1, 1, 1, 1, 1, 1, 1, 1, 1, 1, 1, 1, 1, 1, 1, 1, 1, 1, 1, 1, 1, 1, 1, 1, 1, 1, 1, 1, 1, 1, 1, 1, 1, 1, 1, 1, 1, 1, 1] 
triadag10_2.txt 1_4x3.txt True 0.26666666666666666 0.35 243.75 [5, 5, 3, 5, 5, 5, 5, 1, 5, 1, 5, 3, 5, 5, 5, 5, 1, 5, 5, 3, 5, 5, 5, 5, 1, 5, 5, 3, 3, 3, 3, 1, 3, 3, 3, 1, 3, 3, 3, 3, 1, 3, 3, 3, 3, 1, 4, 1, 1, 4, 1, 1, 1, 1, 1] 
triadag10_2.txt 1_4x3.txt True 0.2222222222222222 0.4 310.0 [3, 1, 3, 3, 1, 2, 3, 3, 3, 2, 1, 3, 3, 1, 2, 3, 3, 3, 3, 1, 3, 1, 2, 1, 1, 1, 1, 1, 1, 2, 1, 1, 1, 1, 1, 5, 1, 1, 1, 1, 5, 1, 1, 1, 1, 5, 5, 5, 5, 5, 5, 5, 5, 5, 5] 
triadag10_2.txt 1_4x3.txt True 0.26666666666666666 0.45 293.75 [5, 1, 5, 1, 5, 1, 5, 1, 1, 5, 5, 5, 1, 5, 1, 5, 1, 1, 5, 5, 1, 5, 1, 5, 1, 5, 5, 1, 5, 1, 5, 1, 5, 5, 1, 1, 3, 1, 3, 1, 1, 3, 1, 3, 1, 3, 1, 3, 1, 3, 3, 3, 3, 3, 3] 
triadag10_2.txt 1_4x3.txt True 0.26666666666666666 0.5 287.5 [3, 3, 3, 3, 3, 3, 1, 5, 1, 3, 3, 3, 3, 3, 3, 1, 5, 1, 3, 3, 3, 3, 3, 1, 5, 3, 3, 5, 3, 3, 1, 5, 3, 3, 5, 5, 1, 5, 1, 5, 5, 1, 5, 1, 5, 1, 5, 1, 5, 5, 1, 1, 5, 5, 5] 
triadag10_2.txt 1_4x3.txt True 0.4 0.55 234.0 [1, 1, 3, 5, 5, 1, 3, 1, 2, 5, 1, 3, 5, 5, 1, 3, 1, 2, 1, 3, 5, 5, 1, 3, 1, 2, 1, 5, 5, 1, 3, 3, 3, 5, 5, 5, 3, 5, 3, 5, 5, 3, 5, 5, 5, 1, 4, 5, 1, 4, 3, 1, 3, 4, 3] 
triadag10_2.txt 1_4x3.txt True 0.4444444444444444 0.6 219.0 [5, 3, 4, 1, 5, 1, 5, 3, 3, 5, 5, 3, 1, 5, 1, 5, 3, 3, 5, 5, 1, 5, 1, 5, 3, 3, 5, 3, 5, 5, 5, 2, 5, 5, 3, 3, 1, 2, 1, 3, 3, 1, 0, 1, 3, 1, 0, 1, 3, 3, 1, 4, 3, 4, 4] 
triadag10_2.txt 1_4x3.txt True 0.4222222222222222 0.65 224.0 [5, 5, 3, 1, 5, 3, 5, 5, 3, 5, 5, 3, 1, 5, 3, 5, 5, 3, 5, 3, 1, 1, 3, 5, 5, 3, 5, 3, 1, 3, 3, 4, 3, 3, 3, 3, 0, 1, 2, 3, 3, 0, 1, 1, 3, 1, 1, 1, 3, 1, 1, 5, 2, 4, 4] 
triadag10_2.txt 1_4x3.txt True 0.4666666666666667 0.7 223.75 [5, 3, 5, 5, 1, 4, 5, 1, 4, 1, 3, 5, 5, 1, 4, 5, 1, 1, 1, 3, 3, 5, 5, 3, 3, 1, 3, 3, 5, 5, 2, 3, 1, 3, 3, 3, 2, 5, 3, 3, 3, 3, 5, 1, 3, 3, 5, 1, 3, 5, 1, 5, 0, 0, 0] 
triadag10_2.txt 1_4x3.txt True 0.5222222222222223 0.75 212.0 [3, 5, 1, 1, 2, 1, 2, 1, 5, 0, 5, 1, 1, 2, 1, 2, 3, 5, 0, 1, 1, 3, 0, 3, 5, 5, 0, 3, 3, 0, 3, 5, 1, 1, 3, 3, 3, 3, 1, 3, 5, 5, 3, 4, 3, 5, 5, 4, 3, 5, 1, 3, 4, 5, 5] 
triadag10_2.txt 1_4x3.txt True 0.6 0.8 212.25 [5, 3, 3, 2, 1, 4, 3, 3, 5, 1, 3, 3, 3, 1, 1, 3, 5, 5, 2, 3, 3, 4, 1, 3, 5, 5, 2, 5, 1, 3, 4, 5, 5, 2, 5, 5, 3, 0, 5, 5, 1, 3, 5, 1, 5, 1, 0, 0, 5, 1, 3, 5, 1, 2, 1] 
triadag10_2.txt 1_4x3.txt True 0.5555555555555556 0.85 215.75 [5, 5, 3, 2, 1, 1, 3, 1, 2, 5, 5, 3, 2, 1, 5, 3, 1, 1, 5, 0, 0, 5, 5, 4, 1, 0, 5, 3, 5, 1, 1, 4, 0, 5, 3, 1, 5, 4, 5, 3, 1, 3, 1, 5, 3, 3, 3, 4, 1, 3, 3, 1, 3, 3, 3] 
triadag10_2.txt 1_4x3.txt True 0.5555555555555556 0.9 215.75 [5, 5, 3, 2, 1, 1, 3, 1, 2, 5, 5, 3, 2, 1, 5, 3, 1, 1, 5, 0, 0, 5, 5, 4, 1, 0, 5, 3, 5, 1, 1, 4, 0, 5, 3, 1, 5, 4, 5, 3, 1, 3, 1, 5, 3, 3, 3, 4, 1, 3, 3, 1, 3, 3, 3] 
triadag10_2.txt 1_4x3.txt True 0.5555555555555556 0.95 215.75 [5, 5, 3, 2, 1, 1, 3, 1, 2, 5, 5, 3, 2, 1, 5, 3, 1, 1, 5, 0, 0, 5, 5, 4, 1, 0, 5, 3, 5, 1, 1, 4, 0, 5, 3, 1, 5, 4, 5, 3, 1, 3, 1, 5, 3, 3, 3, 4, 1, 3, 3, 1, 3, 3, 3] 
triadag10_2.txt 1_4x3.txt True 0.5555555555555556 1 215.75 [5, 5, 3, 2, 1, 1, 3, 1, 2, 5, 5, 3, 2, 1, 5, 3, 1, 1, 5, 0, 0, 5, 5, 4, 1, 0, 5, 3, 5, 1, 1, 4, 0, 5, 3, 1, 5, 4, 5, 3, 1, 3, 1, 5, 3, 3, 3, 4, 1, 3, 3, 1, 3, 3, 3] 
triadag10_2.txt 3_2x1.txt True 0.022222222222222223 0.07 975.6666666666666 [0, 0, 0, 0, 0, 0, 1, 0, 0, 0, 0, 0, 0, 0, 0, 1, 0, 0, 0, 0, 0, 0, 0, 0, 0, 0, 0, 0, 0, 0, 0, 0, 0, 0, 0, 0, 0, 0, 0, 0, 0, 0, 0, 0, 0, 0, 0, 0, 0, 0, 0, 0, 0, 0, 0] 
triadag10_2.txt 3_2x1.txt True 0.022222222222222223 0.08 975.6666666666666 [0, 0, 0, 0, 0, 0, 1, 0, 0, 0, 0, 0, 0, 0, 0, 1, 0, 0, 0, 0, 0, 0, 0, 0, 0, 0, 0, 0, 0, 0, 0, 0, 0, 0, 0, 0, 0, 0, 0, 0, 0, 0, 0, 0, 0, 0, 0, 0, 0, 0, 0, 0, 0, 0, 0] 
triadag10_2.txt 3_2x1.txt True 0.044444444444444446 0.09 914.6666666666666 [0, 0, 0, 0, 0, 0, 0, 1, 0, 1, 0, 0, 0, 0, 0, 0, 1, 0, 1, 0, 0, 0, 0, 0, 0, 0, 0, 0, 0, 0, 0, 0, 0, 0, 0, 0, 0, 0, 0, 0, 0, 0, 0, 0, 0, 0, 0, 0, 0, 0, 0, 0, 0, 0, 0] 
triadag10_2.txt 3_2x1.txt True 0.03333333333333333 0.1 937.3333333333334 [0, 0, 0, 1, 0, 0, 0, 1, 0, 0, 0, 0, 1, 0, 0, 0, 0, 0, 0, 0, 0, 0, 0, 0, 0, 0, 0, 0, 0, 0, 0, 0, 0, 0, 0, 0, 0, 0, 0, 0, 0, 0, 0, 0, 0, 0, 0, 0, 0, 0, 0, 0, 0, 0, 0] 
triadag10_2.txt 3_2x1.txt True 0.03333333333333333 0.11 937.3333333333334 [0, 0, 0, 1, 0, 0, 0, 1, 0, 0, 0, 0, 1, 0, 0, 0, 0, 0, 0, 0, 0, 0, 0, 0, 0, 0, 0, 0, 0, 0, 0, 0, 0, 0, 0, 0, 0, 0, 0, 0, 0, 0, 0, 0, 0, 0, 0, 0, 0, 0, 0, 0, 0, 0, 0] 
triadag10_2.txt 3_2x1.txt True 0.044444444444444446 0.12 921.3333333333334 [0, 0, 0, 0, 1, 1, 0, 1, 0, 0, 0, 0, 0, 1, 0, 0, 0, 0, 0, 0, 0, 0, 0, 0, 0, 0, 0, 0, 0, 0, 0, 0, 0, 0, 0, 0, 0, 0, 0, 0, 0, 0, 0, 0, 0, 0, 0, 0, 0, 0, 0, 0, 0, 0, 0] 
triadag10_2.txt 3_2x1.txt True 0.044444444444444446 0.13 921.3333333333334 [0, 0, 0, 0, 1, 1, 0, 1, 0, 0, 0, 0, 0, 1, 0, 0, 0, 0, 0, 0, 0, 0, 0, 0, 0, 0, 0, 0, 0, 0, 0, 0, 0, 0, 0, 0, 0, 0, 0, 0, 0, 0, 0, 0, 0, 0, 0, 0, 0, 0, 0, 0, 0, 0, 0] 
triadag10_2.txt 3_2x1.txt True 0.044444444444444446 0.14 921.3333333333334 [0, 0, 0, 0, 1, 1, 0, 1, 0, 0, 0, 0, 0, 1, 0, 0, 0, 0, 0, 0, 0, 0, 0, 0, 0, 0, 0, 0, 0, 0, 0, 0, 0, 0, 0, 0, 0, 0, 0, 0, 0, 0, 0, 0, 0, 0, 0, 0, 0, 0, 0, 0, 0, 0, 0] 
triadag10_2.txt 3_2x1.txt True 0.044444444444444446 0.15 921.3333333333334 [0, 0, 0, 0, 1, 1, 0, 1, 0, 0, 0, 0, 0, 1, 0, 0, 0, 0, 0, 0, 0, 0, 0, 0, 0, 0, 0, 0, 0, 0, 0, 0, 0, 0, 0, 0, 0, 0, 0, 0, 0, 0, 0, 0, 0, 0, 0, 0, 0, 0, 0, 0, 0, 0, 0] 
triadag10_2.txt 3_2x1.txt True 0.044444444444444446 0.16 921.3333333333334 [0, 0, 0, 0, 1, 1, 0, 1, 0, 0, 0, 0, 0, 1, 0, 0, 0, 0, 0, 0, 0, 0, 0, 0, 0, 0, 0, 0, 0, 0, 0, 0, 0, 0, 0, 0, 0, 0, 0, 0, 0, 0, 0, 0, 0, 0, 0, 0, 0, 0, 0, 0, 0, 0, 0] 
triadag10_2.txt 3_2x1.txt True 0.044444444444444446 0.17 921.3333333333334 [0, 0, 0, 0, 1, 1, 0, 1, 0, 0, 0, 0, 0, 1, 0, 0, 0, 0, 0, 0, 0, 0, 0, 0, 0, 0, 0, 0, 0, 0, 0, 0, 0, 0, 0, 0, 0, 0, 0, 0, 0, 0, 0, 0, 0, 0, 0, 0, 0, 0, 0, 0, 0, 0, 0] 
triadag10_2.txt 3_2x1.txt True 0.044444444444444446 0.18 921.3333333333334 [0, 0, 0, 0, 1, 1, 0, 1, 0, 0, 0, 0, 0, 1, 0, 0, 0, 0, 0, 0, 0, 0, 0, 0, 0, 0, 0, 0, 0, 0, 0, 0, 0, 0, 0, 0, 0, 0, 0, 0, 0, 0, 0, 0, 0, 0, 0, 0, 0, 0, 0, 0, 0, 0, 0] 
triadag10_2.txt 3_2x1.txt True 0.044444444444444446 0.19 921.3333333333334 [0, 0, 0, 0, 1, 1, 0, 1, 0, 0, 0, 0, 0, 1, 0, 0, 0, 0, 0, 0, 0, 0, 0, 0, 0, 0, 0, 0, 0, 0, 0, 0, 0, 0, 0, 0, 0, 0, 0, 0, 0, 0, 0, 0, 0, 0, 0, 0, 0, 0, 0, 0, 0, 0, 0] 
triadag10_2.txt 3_2x1.txt True 0.044444444444444446 0.2 921.3333333333334 [0, 0, 0, 0, 1, 1, 0, 1, 0, 0, 0, 0, 0, 1, 0, 0, 0, 0, 0, 0, 0, 0, 0, 0, 0, 0, 0, 0, 0, 0, 0, 0, 0, 0, 0, 0, 0, 0, 0, 0, 0, 0, 0, 0, 0, 0, 0, 0, 0, 0, 0, 0, 0, 0, 0] 
triadag10_2.txt 3_2x1.txt True 0.044444444444444446 0.25 921.3333333333334 [0, 0, 0, 0, 1, 1, 0, 1, 0, 0, 0, 0, 0, 1, 0, 0, 0, 0, 0, 0, 0, 0, 0, 0, 0, 0, 0, 0, 0, 0, 0, 0, 0, 0, 0, 0, 0, 0, 0, 0, 0, 0, 0, 0, 0, 0, 0, 0, 0, 0, 0, 0, 0, 0, 0] 
triadag10_2.txt 3_2x1.txt True 0.044444444444444446 0.3 921.3333333333334 [0, 0, 0, 0, 1, 1, 0, 1, 0, 0, 0, 0, 0, 1, 0, 0, 0, 0, 0, 0, 0, 0, 0, 0, 0, 0, 0, 0, 0, 0, 0, 0, 0, 0, 0, 0, 0, 0, 0, 0, 0, 0, 0, 0, 0, 0, 0, 0, 0, 0, 0, 0, 0, 0, 0] 
triadag10_2.txt 3_2x1.txt True 0.07777777777777778 0.35 756.0 [0, 0, 0, 0, 0, 0, 0, 0, 0, 0, 0, 0, 0, 0, 0, 0, 0, 0, 0, 0, 0, 0, 0, 0, 0, 0, 0, 0, 0, 0, 0, 0, 0, 0, 0, 1, 0, 0, 0, 0, 1, 0, 0, 0, 0, 1, 1, 1, 1, 1, 1, 1, 1, 1, 1] 
triadag10_2.txt 3_2x1.txt True 0.08888888888888889 0.4 629.5 [0, 0, 0, 0, 0, 0, 0, 0, 0, 0, 0, 0, 0, 0, 0, 0, 0, 0, 0, 0, 0, 0, 0, 0, 0, 0, 0, 1, 0, 0, 0, 0, 0, 0, 1, 1, 1, 1, 1, 1, 1, 1, 1, 1, 1, 1, 1, 1, 1, 1, 1, 1, 1, 1, 1] 
triadag10_2.txt 3_2x1.txt True 0.08888888888888889 0.45 629.5 [0, 0, 0, 0, 0, 0, 0, 0, 0, 0, 0, 0, 0, 0, 0, 0, 0, 0, 0, 0, 0, 0, 0, 0, 0, 0, 0, 1, 0, 0, 0, 0, 0, 0, 1, 1, 1, 1, 1, 1, 1, 1, 1, 1, 1, 1, 1, 1, 1, 1, 1, 1, 1, 1, 1] 
triadag10_2.txt 3_2x1.txt True 0.08888888888888889 0.5 629.5 [0, 0, 0, 0, 0, 0, 0, 0, 0, 0, 0, 0, 0, 0, 0, 0, 0, 0, 0, 0, 0, 0, 0, 0, 0, 0, 0, 1, 0, 0, 0, 0, 0, 0, 1, 1, 1, 1, 1, 1, 1, 1, 1, 1, 1, 1, 1, 1, 1, 1, 1, 1, 1, 1, 1] 
triadag10_2.txt 3_2x1.txt True 0.23333333333333334 0.55 627.5 [0, 0, 0, 0, 0, 1, 1, 0, 1, 0, 0, 0, 0, 0, 1, 1, 0, 1, 0, 0, 0, 0, 1, 1, 0, 1, 0, 0, 0, 1, 1, 0, 1, 0, 0, 1, 1, 0, 1, 0, 1, 1, 0, 1, 0, 1, 0, 1, 1, 0, 0, 1, 0, 0, 0] 
triadag10_2.txt 3_2x1.txt True 0.2777777777777778 0.6 630.6666666666666 [0, 1, 1, 1, 1, 1, 0, 0, 0, 0, 0, 1, 1, 1, 1, 0, 0, 0, 0, 0, 1, 1, 1, 0, 0, 0, 0, 1, 1, 0, 0, 0, 0, 0, 1, 1, 0, 0, 0, 1, 1, 0, 0, 1, 1, 0, 0, 1, 1, 0, 0, 1, 0, 0, 0] 
triadag10_2.txt 3_2x1.txt True 0.25555555555555554 0.65 630.0 [0, 0, 1, 1, 1, 1, 1, 1, 1, 1, 0, 1, 1, 1, 1, 1, 1, 1, 0, 0, 1, 1, 1, 1, 1, 1, 0, 0, 1, 0, 0, 1, 0, 0, 0, 0, 0, 0, 0, 0, 0, 0, 0, 0, 0, 0, 0, 0, 0, 0, 0, 0, 0, 0, 0] 
triadag10_2.txt 3_2x1.txt True 0.24444444444444444 0.7 627.0 [0, 0, 0, 1, 1, 1, 0, 1, 1, 1, 0, 0, 1, 1, 1, 0, 1, 1, 1, 0, 1, 1, 1, 1, 0, 1, 0, 0, 1, 1, 1, 0, 0, 0, 0, 0, 0, 0, 0, 0, 0, 0, 0, 0, 0, 0, 0, 0, 0, 0, 0, 0, 0, 0, 0] 
triadag10_2.txt 3_2x1.txt True 0.23333333333333334 0.75 604.5 [0, 0, 0, 1, 0, 0, 0, 0, 0, 0, 0, 0, 1, 0, 0, 0, 0, 0, 0, 0, 1, 0, 0, 0, 0, 0, 0, 0, 0, 0, 0, 0, 0, 1, 0, 0, 1, 1, 1, 0, 0, 1, 1, 1, 0, 1, 0, 1, 1, 1, 1, 1, 1, 1, 1] 
triadag10_2.txt 3_2x1.txt True 0.14444444444444443 0.8 610.0 [1, 1, 1, 1, 1, 1, 1, 1, 1, 1, 1, 1, 1, 1, 1, 1, 1, 0, 1, 0, 1, 1, 1, 1, 0, 0, 1, 0, 0, 0, 1, 0, 0, 0, 0, 0, 0, 0, 0, 0, 0, 0, 0, 0, 0, 0, 0, 0, 0, 0, 0, 0, 0, 0, 0] 
triadag10_2.txt 3_2x1.txt True 0.26666666666666666 0.85 602.5 [0, 0, 0, 1, 0, 0, 0, 0, 0, 0, 0, 0, 1, 0, 0, 0, 0, 0, 0, 0, 1, 0, 0, 0, 0, 0, 0, 0, 0, 1, 0, 1, 0, 0, 0, 1, 1, 1, 1, 0, 0, 1, 1, 1, 0, 0, 1, 1, 0, 1, 1, 1, 1, 1, 1] 
triadag10_2.txt 3_2x1.txt True 0.26666666666666666 0.9 602.5 [0, 0, 0, 1, 0, 0, 0, 0, 0, 0, 0, 0, 1, 0, 0, 0, 0, 0, 0, 0, 1, 0, 0, 0, 0, 0, 0, 0, 0, 1, 0, 1, 0, 0, 0, 1, 1, 1, 1, 0, 0, 1, 1, 1, 0, 0, 1, 1, 0, 1, 1, 1, 1, 1, 1] 
triadag10_2.txt 3_2x1.txt True 0.26666666666666666 0.95 602.5 [0, 0, 0, 1, 0, 0, 0, 0, 0, 0, 0, 0, 1, 0, 0, 0, 0, 0, 0, 0, 1, 0, 0, 0, 0, 0, 0, 0, 0, 1, 0, 1, 0, 0, 0, 1, 1, 1, 1, 0, 0, 1, 1, 1, 0, 0, 1, 1, 0, 1, 1, 1, 1, 1, 1] 
triadag10_2.txt 3_2x1.txt True 0.26666666666666666 1 602.5 [0, 0, 0, 1, 0, 0, 0, 0, 0, 0, 0, 0, 1, 0, 0, 0, 0, 0, 0, 0, 1, 0, 0, 0, 0, 0, 0, 0, 0, 1, 0, 1, 0, 0, 0, 1, 1, 1, 1, 0, 0, 1, 1, 1, 0, 0, 1, 1, 0, 1, 1, 1, 1, 1, 1] 
