dagB38.txt 1234x1.txt True 0.0 0.5 408.25 [3, 3, 3, 3, 3, 3, 3, 3, 3, 3, 3, 3, 3, 3, 3, 3, 3, 3, 3, 3, 3, 3, 3, 3, 3, 3, 3, 3, 3, 3, 3, 3, 3, 3, 3, 3, 3, 3, 3, 3, 3, 3, 3, 3, 3, 3, 3, 3, 3, 3, 3, 3, 3, 3, 3] 
dagB38.txt 1234x1.txt True 0.0 0.6 408.25 [3, 3, 3, 3, 3, 3, 3, 3, 3, 3, 3, 3, 3, 3, 3, 3, 3, 3, 3, 3, 3, 3, 3, 3, 3, 3, 3, 3, 3, 3, 3, 3, 3, 3, 3, 3, 3, 3, 3, 3, 3, 3, 3, 3, 3, 3, 3, 3, 3, 3, 3, 3, 3, 3, 3] 
dagB38.txt 1234x1.txt True 0.6481481481481481 0.7 256.5 [1, 3, 3, 3, 1, 3, 3, 2, 2, 1, 3, 3, 1, 1, 3, 1, 3, 3, 1, 3, 3, 0, 1, 3, 1, 1, 3, 3, 1, 0, 3, 3, 3, 0, 3, 0, 0, 3, 1, 3, 3, 3, 3, 3, 1, 1, 2, 2, 1, 1, 3, 2, 3, 2, 0] 
dagB38.txt 1234x1.txt True 0.7962962962962963 0.8 422.0 [2, 0, 0, 0, 1, 0, 3, 2, 2, 2, 0, 1, 2, 1, 2, 2, 0, 0, 0, 2, 2, 3, 0, 3, 3, 3, 3, 3, 0, 3, 3, 2, 0, 2, 3, 1, 3, 2, 2, 0, 1, 1, 0, 0, 1, 1, 3, 1, 1, 3, 1, 3, 2, 1, 1] 
dagB38.txt 1234x1.txt True 0.7962962962962963 0.9 422.0 [2, 0, 0, 0, 1, 0, 3, 2, 2, 2, 0, 1, 2, 1, 2, 2, 0, 0, 0, 2, 2, 3, 0, 3, 3, 3, 3, 3, 0, 3, 3, 2, 0, 2, 3, 1, 3, 2, 2, 0, 1, 1, 0, 0, 1, 1, 3, 1, 1, 3, 1, 3, 2, 1, 1] 
dagB38.txt 1234x1.txt True 0.7962962962962963 1 422.0 [2, 0, 0, 0, 1, 0, 3, 2, 2, 2, 0, 1, 2, 1, 2, 2, 0, 0, 0, 2, 2, 3, 0, 3, 3, 3, 3, 3, 0, 3, 3, 2, 0, 2, 3, 1, 3, 2, 2, 0, 1, 1, 0, 0, 1, 1, 3, 1, 1, 3, 1, 3, 2, 1, 1] 
dagB38.txt 1234x1.txt True 0.0 0.5 408.25 [3, 3, 3, 3, 3, 3, 3, 3, 3, 3, 3, 3, 3, 3, 3, 3, 3, 3, 3, 3, 3, 3, 3, 3, 3, 3, 3, 3, 3, 3, 3, 3, 3, 3, 3, 3, 3, 3, 3, 3, 3, 3, 3, 3, 3, 3, 3, 3, 3, 3, 3, 3, 3, 3, 3] 
dagB38.txt 1234x1.txt True 0.0 0.6 408.25 [3, 3, 3, 3, 3, 3, 3, 3, 3, 3, 3, 3, 3, 3, 3, 3, 3, 3, 3, 3, 3, 3, 3, 3, 3, 3, 3, 3, 3, 3, 3, 3, 3, 3, 3, 3, 3, 3, 3, 3, 3, 3, 3, 3, 3, 3, 3, 3, 3, 3, 3, 3, 3, 3, 3] 
dagB38.txt 1234x1.txt True 0.6481481481481481 0.7 256.5 [1, 3, 3, 3, 1, 3, 3, 2, 2, 1, 3, 3, 1, 1, 3, 1, 3, 3, 1, 3, 3, 0, 1, 3, 1, 1, 3, 3, 1, 0, 3, 3, 3, 0, 3, 0, 0, 3, 1, 3, 3, 3, 3, 3, 1, 1, 2, 2, 1, 1, 3, 2, 3, 2, 0] 
dagB38.txt 1234x1.txt True 0.7962962962962963 0.8 422.0 [2, 0, 0, 0, 1, 0, 3, 2, 2, 2, 0, 1, 2, 1, 2, 2, 0, 0, 0, 2, 2, 3, 0, 3, 3, 3, 3, 3, 0, 3, 3, 2, 0, 2, 3, 1, 3, 2, 2, 0, 1, 1, 0, 0, 1, 1, 3, 1, 1, 3, 1, 3, 2, 1, 1] 
dagB38.txt 1234x1.txt True 0.7962962962962963 0.9 422.0 [2, 0, 0, 0, 1, 0, 3, 2, 2, 2, 0, 1, 2, 1, 2, 2, 0, 0, 0, 2, 2, 3, 0, 3, 3, 3, 3, 3, 0, 3, 3, 2, 0, 2, 3, 1, 3, 2, 2, 0, 1, 1, 0, 0, 1, 1, 3, 1, 1, 3, 1, 3, 2, 1, 1] 
dagB38.txt 1234x1.txt True 0.7962962962962963 1 422.0 [2, 0, 0, 0, 1, 0, 3, 2, 2, 2, 0, 1, 2, 1, 2, 2, 0, 0, 0, 2, 2, 3, 0, 3, 3, 3, 3, 3, 0, 3, 3, 2, 0, 2, 3, 1, 3, 2, 2, 0, 1, 1, 0, 0, 1, 1, 3, 1, 1, 3, 1, 3, 2, 1, 1] 
dagB38.txt 1234x1.txt True 0.0 0.5 408.25 [3, 3, 3, 3, 3, 3, 3, 3, 3, 3, 3, 3, 3, 3, 3, 3, 3, 3, 3, 3, 3, 3, 3, 3, 3, 3, 3, 3, 3, 3, 3, 3, 3, 3, 3, 3, 3, 3, 3, 3, 3, 3, 3, 3, 3, 3, 3, 3, 3, 3, 3, 3, 3, 3, 3] 
dagB38.txt 1234x1.txt True 0.0 0.6 408.25 [3, 3, 3, 3, 3, 3, 3, 3, 3, 3, 3, 3, 3, 3, 3, 3, 3, 3, 3, 3, 3, 3, 3, 3, 3, 3, 3, 3, 3, 3, 3, 3, 3, 3, 3, 3, 3, 3, 3, 3, 3, 3, 3, 3, 3, 3, 3, 3, 3, 3, 3, 3, 3, 3, 3] 
dagB38.txt 1234x1.txt True 0.6481481481481481 0.7 256.5 [1, 3, 3, 3, 1, 3, 3, 2, 2, 1, 3, 3, 1, 1, 3, 1, 3, 3, 1, 3, 3, 0, 1, 3, 1, 1, 3, 3, 1, 0, 3, 3, 3, 0, 3, 0, 0, 3, 1, 3, 3, 3, 3, 3, 1, 1, 2, 2, 1, 1, 3, 2, 3, 2, 0] 
dagB38.txt 1234x1.txt True 0.7962962962962963 0.8 422.0 [2, 0, 0, 0, 1, 0, 3, 2, 2, 2, 0, 1, 2, 1, 2, 2, 0, 0, 0, 2, 2, 3, 0, 3, 3, 3, 3, 3, 0, 3, 3, 2, 0, 2, 3, 1, 3, 2, 2, 0, 1, 1, 0, 0, 1, 1, 3, 1, 1, 3, 1, 3, 2, 1, 1] 
dagB38.txt 1234x1.txt True 0.7962962962962963 0.9 422.0 [2, 0, 0, 0, 1, 0, 3, 2, 2, 2, 0, 1, 2, 1, 2, 2, 0, 0, 0, 2, 2, 3, 0, 3, 3, 3, 3, 3, 0, 3, 3, 2, 0, 2, 3, 1, 3, 2, 2, 0, 1, 1, 0, 0, 1, 1, 3, 1, 1, 3, 1, 3, 2, 1, 1] 
dagB38.txt 1234x1.txt True 0.7962962962962963 1 422.0 [2, 0, 0, 0, 1, 0, 3, 2, 2, 2, 0, 1, 2, 1, 2, 2, 0, 0, 0, 2, 2, 3, 0, 3, 3, 3, 3, 3, 0, 3, 3, 2, 0, 2, 3, 1, 3, 2, 2, 0, 1, 1, 0, 0, 1, 1, 3, 1, 1, 3, 1, 3, 2, 1, 1] 
dagB38.txt 1234x1.txt True 0.0 0.5 408.25 [3, 3, 3, 3, 3, 3, 3, 3, 3, 3, 3, 3, 3, 3, 3, 3, 3, 3, 3, 3, 3, 3, 3, 3, 3, 3, 3, 3, 3, 3, 3, 3, 3, 3, 3, 3, 3, 3, 3, 3, 3, 3, 3, 3, 3, 3, 3, 3, 3, 3, 3, 3, 3, 3, 3] 
dagB38.txt 1234x1.txt True 0.0 0.6 408.25 [3, 3, 3, 3, 3, 3, 3, 3, 3, 3, 3, 3, 3, 3, 3, 3, 3, 3, 3, 3, 3, 3, 3, 3, 3, 3, 3, 3, 3, 3, 3, 3, 3, 3, 3, 3, 3, 3, 3, 3, 3, 3, 3, 3, 3, 3, 3, 3, 3, 3, 3, 3, 3, 3, 3] 
dagB38.txt 1234x1.txt True 0.6481481481481481 0.7 256.5 [1, 3, 3, 3, 1, 3, 3, 2, 2, 1, 3, 3, 1, 1, 3, 1, 3, 3, 1, 3, 3, 0, 1, 3, 1, 1, 3, 3, 1, 0, 3, 3, 3, 0, 3, 0, 0, 3, 1, 3, 3, 3, 3, 3, 1, 1, 2, 2, 1, 1, 3, 2, 3, 2, 0] 
dagB38.txt 1234x1.txt True 0.7962962962962963 0.8 422.0 [2, 0, 0, 0, 1, 0, 3, 2, 2, 2, 0, 1, 2, 1, 2, 2, 0, 0, 0, 2, 2, 3, 0, 3, 3, 3, 3, 3, 0, 3, 3, 2, 0, 2, 3, 1, 3, 2, 2, 0, 1, 1, 0, 0, 1, 1, 3, 1, 1, 3, 1, 3, 2, 1, 1] 
dagB38.txt 1234x1.txt True 0.7962962962962963 0.9 422.0 [2, 0, 0, 0, 1, 0, 3, 2, 2, 2, 0, 1, 2, 1, 2, 2, 0, 0, 0, 2, 2, 3, 0, 3, 3, 3, 3, 3, 0, 3, 3, 2, 0, 2, 3, 1, 3, 2, 2, 0, 1, 1, 0, 0, 1, 1, 3, 1, 1, 3, 1, 3, 2, 1, 1] 
dagB38.txt 1234x1.txt True 0.7962962962962963 1 422.0 [2, 0, 0, 0, 1, 0, 3, 2, 2, 2, 0, 1, 2, 1, 2, 2, 0, 0, 0, 2, 2, 3, 0, 3, 3, 3, 3, 3, 0, 3, 3, 2, 0, 2, 3, 1, 3, 2, 2, 0, 1, 1, 0, 0, 1, 1, 3, 1, 1, 3, 1, 3, 2, 1, 1] 
dagB38.txt 1234x1.txt True 0.0 0.5 408.25 [3, 3, 3, 3, 3, 3, 3, 3, 3, 3, 3, 3, 3, 3, 3, 3, 3, 3, 3, 3, 3, 3, 3, 3, 3, 3, 3, 3, 3, 3, 3, 3, 3, 3, 3, 3, 3, 3, 3, 3, 3, 3, 3, 3, 3, 3, 3, 3, 3, 3, 3, 3, 3, 3, 3] 
dagB38.txt 1234x1.txt True 0.0 0.6 408.25 [3, 3, 3, 3, 3, 3, 3, 3, 3, 3, 3, 3, 3, 3, 3, 3, 3, 3, 3, 3, 3, 3, 3, 3, 3, 3, 3, 3, 3, 3, 3, 3, 3, 3, 3, 3, 3, 3, 3, 3, 3, 3, 3, 3, 3, 3, 3, 3, 3, 3, 3, 3, 3, 3, 3] 
dagB38.txt 1234x1.txt True 0.6481481481481481 0.7 256.5 [1, 3, 3, 3, 1, 3, 3, 2, 2, 1, 3, 3, 1, 1, 3, 1, 3, 3, 1, 3, 3, 0, 1, 3, 1, 1, 3, 3, 1, 0, 3, 3, 3, 0, 3, 0, 0, 3, 1, 3, 3, 3, 3, 3, 1, 1, 2, 2, 1, 1, 3, 2, 3, 2, 0] 
dagB38.txt 1234x1.txt True 0.7962962962962963 0.8 422.0 [2, 0, 0, 0, 1, 0, 3, 2, 2, 2, 0, 1, 2, 1, 2, 2, 0, 0, 0, 2, 2, 3, 0, 3, 3, 3, 3, 3, 0, 3, 3, 2, 0, 2, 3, 1, 3, 2, 2, 0, 1, 1, 0, 0, 1, 1, 3, 1, 1, 3, 1, 3, 2, 1, 1] 
dagB38.txt 1234x1.txt True 0.7962962962962963 0.9 422.0 [2, 0, 0, 0, 1, 0, 3, 2, 2, 2, 0, 1, 2, 1, 2, 2, 0, 0, 0, 2, 2, 3, 0, 3, 3, 3, 3, 3, 0, 3, 3, 2, 0, 2, 3, 1, 3, 2, 2, 0, 1, 1, 0, 0, 1, 1, 3, 1, 1, 3, 1, 3, 2, 1, 1] 
dagB38.txt 1234x1.txt True 0.7962962962962963 1 422.0 [2, 0, 0, 0, 1, 0, 3, 2, 2, 2, 0, 1, 2, 1, 2, 2, 0, 0, 0, 2, 2, 3, 0, 3, 3, 3, 3, 3, 0, 3, 3, 2, 0, 2, 3, 1, 3, 2, 2, 0, 1, 1, 0, 0, 1, 1, 3, 1, 1, 3, 1, 3, 2, 1, 1] 
dagB38.txt 1234x3.txt True 0.4444444444444444 0.5 292.0 [11, 11, 10, 11, 11, 11, 10, 11, 11, 10, 10, 11, 10, 10, 11, 11, 11, 11, 10, 10, 10, 11, 10, 10, 11, 10, 11, 11, 10, 10, 11, 11, 11, 10, 11, 10, 10, 10, 11, 10, 11, 10, 10, 10, 10, 11, 10, 10, 11, 11, 10, 11, 11, 10, 10] 
dagB38.txt 1234x3.txt True 0.4444444444444444 0.6 292.0 [11, 11, 10, 11, 11, 11, 10, 11, 11, 10, 10, 11, 10, 10, 11, 11, 11, 11, 10, 10, 10, 11, 10, 10, 11, 10, 11, 11, 10, 10, 11, 11, 11, 10, 11, 10, 10, 10, 11, 10, 11, 10, 10, 10, 10, 11, 10, 10, 11, 11, 10, 11, 11, 10, 10] 
dagB38.txt 1234x3.txt True 0.4444444444444444 0.7 292.0 [11, 11, 10, 11, 11, 11, 10, 11, 11, 10, 10, 11, 10, 10, 11, 11, 11, 11, 10, 10, 10, 11, 10, 10, 11, 10, 11, 11, 10, 10, 11, 11, 11, 10, 11, 10, 10, 10, 11, 10, 11, 10, 10, 10, 10, 11, 10, 10, 11, 11, 10, 11, 11, 10, 10] 
dagB38.txt 1234x3.txt True 0.7592592592592593 0.8 526.0 [8, 11, 8, 0, 8, 0, 11, 4, 4, 0, 11, 8, 8, 0, 0, 0, 4, 8, 8, 11, 4, 11, 11, 4, 0, 11, 8, 11, 8, 11, 4, 0, 4, 0, 11, 0, 11, 4, 11, 8, 4, 0, 8, 8, 0, 0, 8, 11, 4, 11, 4, 4, 4, 8, 0] 
dagB38.txt 1234x3.txt True 0.8703703703703703 0.9 244.0 [11, 11, 5, 8, 6, 8, 11, 10, 10, 6, 6, 8, 6, 5, 1, 1, 1, 8, 1, 9, 8, 11, 1, 8, 1, 1, 8, 5, 1, 11, 11, 11, 5, 11, 6, 11, 9, 1, 5, 6, 5, 6, 5, 5, 6, 6, 10, 3, 9, 9, 8, 10, 8, 3, 9] 
dagB38.txt 1234x3.txt True 0.9197530864197531 1 159.0 [5, 2, 5, 7, 11, 5, 2, 9, 1, 7, 10, 11, 6, 0, 1, 0, 6, 3, 10, 7, 2, 2, 9, 7, 5, 11, 9, 0, 6, 6, 2, 3, 3, 3, 0, 5, 0, 6, 2, 10, 7, 11, 10, 9, 6, 11, 3, 11, 1, 9, 10, 1, 7, 9, 1] 
dagB38.txt 1234x3.txt True 0.4444444444444444 0.5 292.0 [11, 11, 10, 11, 11, 11, 10, 11, 11, 10, 10, 11, 10, 10, 11, 11, 11, 11, 10, 10, 10, 11, 10, 10, 11, 10, 11, 11, 10, 10, 11, 11, 11, 10, 11, 10, 10, 10, 11, 10, 11, 10, 10, 10, 10, 11, 10, 10, 11, 11, 10, 11, 11, 10, 10] 
dagB38.txt 1234x3.txt True 0.4444444444444444 0.6 292.0 [11, 11, 10, 11, 11, 11, 10, 11, 11, 10, 10, 11, 10, 10, 11, 11, 11, 11, 10, 10, 10, 11, 10, 10, 11, 10, 11, 11, 10, 10, 11, 11, 11, 10, 11, 10, 10, 10, 11, 10, 11, 10, 10, 10, 10, 11, 10, 10, 11, 11, 10, 11, 11, 10, 10] 
dagB38.txt 1234x3.txt True 0.4444444444444444 0.7 292.0 [11, 11, 10, 11, 11, 11, 10, 11, 11, 10, 10, 11, 10, 10, 11, 11, 11, 11, 10, 10, 10, 11, 10, 10, 11, 10, 11, 11, 10, 10, 11, 11, 11, 10, 11, 10, 10, 10, 11, 10, 11, 10, 10, 10, 10, 11, 10, 10, 11, 11, 10, 11, 11, 10, 10] 
dagB38.txt 1234x3.txt True 0.7592592592592593 0.8 526.0 [8, 11, 8, 0, 8, 0, 11, 4, 4, 0, 11, 8, 8, 0, 0, 0, 4, 8, 8, 11, 4, 11, 11, 4, 0, 11, 8, 11, 8, 11, 4, 0, 4, 0, 11, 0, 11, 4, 11, 8, 4, 0, 8, 8, 0, 0, 8, 11, 4, 11, 4, 4, 4, 8, 0] 
dagB38.txt 1234x3.txt True 0.8703703703703703 0.9 244.0 [11, 11, 5, 8, 6, 8, 11, 10, 10, 6, 6, 8, 6, 5, 1, 1, 1, 8, 1, 9, 8, 11, 1, 8, 1, 1, 8, 5, 1, 11, 11, 11, 5, 11, 6, 11, 9, 1, 5, 6, 5, 6, 5, 5, 6, 6, 10, 3, 9, 9, 8, 10, 8, 3, 9] 
dagB38.txt 1234x3.txt True 0.9197530864197531 1 159.0 [5, 2, 5, 7, 11, 5, 2, 9, 1, 7, 10, 11, 6, 0, 1, 0, 6, 3, 10, 7, 2, 2, 9, 7, 5, 11, 9, 0, 6, 6, 2, 3, 3, 3, 0, 5, 0, 6, 2, 10, 7, 11, 10, 9, 6, 11, 3, 11, 1, 9, 10, 1, 7, 9, 1] 
dagB38.txt 1234x3.txt True 0.4444444444444444 0.5 292.0 [11, 11, 10, 11, 11, 11, 10, 11, 11, 10, 10, 11, 10, 10, 11, 11, 11, 11, 10, 10, 10, 11, 10, 10, 11, 10, 11, 11, 10, 10, 11, 11, 11, 10, 11, 10, 10, 10, 11, 10, 11, 10, 10, 10, 10, 11, 10, 10, 11, 11, 10, 11, 11, 10, 10] 
dagB38.txt 1234x3.txt True 0.4444444444444444 0.6 292.0 [11, 11, 10, 11, 11, 11, 10, 11, 11, 10, 10, 11, 10, 10, 11, 11, 11, 11, 10, 10, 10, 11, 10, 10, 11, 10, 11, 11, 10, 10, 11, 11, 11, 10, 11, 10, 10, 10, 11, 10, 11, 10, 10, 10, 10, 11, 10, 10, 11, 11, 10, 11, 11, 10, 10] 
dagB38.txt 1234x3.txt True 0.4444444444444444 0.7 292.0 [11, 11, 10, 11, 11, 11, 10, 11, 11, 10, 10, 11, 10, 10, 11, 11, 11, 11, 10, 10, 10, 11, 10, 10, 11, 10, 11, 11, 10, 10, 11, 11, 11, 10, 11, 10, 10, 10, 11, 10, 11, 10, 10, 10, 10, 11, 10, 10, 11, 11, 10, 11, 11, 10, 10] 
dagB38.txt 1234x3.txt True 0.7592592592592593 0.8 526.0 [8, 11, 8, 0, 8, 0, 11, 4, 4, 0, 11, 8, 8, 0, 0, 0, 4, 8, 8, 11, 4, 11, 11, 4, 0, 11, 8, 11, 8, 11, 4, 0, 4, 0, 11, 0, 11, 4, 11, 8, 4, 0, 8, 8, 0, 0, 8, 11, 4, 11, 4, 4, 4, 8, 0] 
dagB38.txt 1234x3.txt True 0.8703703703703703 0.9 244.0 [11, 11, 5, 8, 6, 8, 11, 10, 10, 6, 6, 8, 6, 5, 1, 1, 1, 8, 1, 9, 8, 11, 1, 8, 1, 1, 8, 5, 1, 11, 11, 11, 5, 11, 6, 11, 9, 1, 5, 6, 5, 6, 5, 5, 6, 6, 10, 3, 9, 9, 8, 10, 8, 3, 9] 
dagB38.txt 1234x3.txt True 0.9197530864197531 1 159.0 [5, 2, 5, 7, 11, 5, 2, 9, 1, 7, 10, 11, 6, 0, 1, 0, 6, 3, 10, 7, 2, 2, 9, 7, 5, 11, 9, 0, 6, 6, 2, 3, 3, 3, 0, 5, 0, 6, 2, 10, 7, 11, 10, 9, 6, 11, 3, 11, 1, 9, 10, 1, 7, 9, 1] 
dagB38.txt 1234x3.txt True 0.4444444444444444 0.5 292.0 [11, 11, 10, 11, 11, 11, 10, 11, 11, 10, 10, 11, 10, 10, 11, 11, 11, 11, 10, 10, 10, 11, 10, 10, 11, 10, 11, 11, 10, 10, 11, 11, 11, 10, 11, 10, 10, 10, 11, 10, 11, 10, 10, 10, 10, 11, 10, 10, 11, 11, 10, 11, 11, 10, 10] 
dagB38.txt 1234x3.txt True 0.4444444444444444 0.6 292.0 [11, 11, 10, 11, 11, 11, 10, 11, 11, 10, 10, 11, 10, 10, 11, 11, 11, 11, 10, 10, 10, 11, 10, 10, 11, 10, 11, 11, 10, 10, 11, 11, 11, 10, 11, 10, 10, 10, 11, 10, 11, 10, 10, 10, 10, 11, 10, 10, 11, 11, 10, 11, 11, 10, 10] 
dagB38.txt 1234x3.txt True 0.4444444444444444 0.7 292.0 [11, 11, 10, 11, 11, 11, 10, 11, 11, 10, 10, 11, 10, 10, 11, 11, 11, 11, 10, 10, 10, 11, 10, 10, 11, 10, 11, 11, 10, 10, 11, 11, 11, 10, 11, 10, 10, 10, 11, 10, 11, 10, 10, 10, 10, 11, 10, 10, 11, 11, 10, 11, 11, 10, 10] 
dagB38.txt 1234x3.txt True 0.7592592592592593 0.8 526.0 [8, 11, 8, 0, 8, 0, 11, 4, 4, 0, 11, 8, 8, 0, 0, 0, 4, 8, 8, 11, 4, 11, 11, 4, 0, 11, 8, 11, 8, 11, 4, 0, 4, 0, 11, 0, 11, 4, 11, 8, 4, 0, 8, 8, 0, 0, 8, 11, 4, 11, 4, 4, 4, 8, 0] 
dagB38.txt 1234x3.txt True 0.8703703703703703 0.9 244.0 [11, 11, 5, 8, 6, 8, 11, 10, 10, 6, 6, 8, 6, 5, 1, 1, 1, 8, 1, 9, 8, 11, 1, 8, 1, 1, 8, 5, 1, 11, 11, 11, 5, 11, 6, 11, 9, 1, 5, 6, 5, 6, 5, 5, 6, 6, 10, 3, 9, 9, 8, 10, 8, 3, 9] 
dagB38.txt 1234x3.txt True 0.9197530864197531 1 159.0 [5, 2, 5, 7, 11, 5, 2, 9, 1, 7, 10, 11, 6, 0, 1, 0, 6, 3, 10, 7, 2, 2, 9, 7, 5, 11, 9, 0, 6, 6, 2, 3, 3, 3, 0, 5, 0, 6, 2, 10, 7, 11, 10, 9, 6, 11, 3, 11, 1, 9, 10, 1, 7, 9, 1] 
dagB38.txt 1234x3.txt True 0.4444444444444444 0.5 292.0 [11, 11, 10, 11, 11, 11, 10, 11, 11, 10, 10, 11, 10, 10, 11, 11, 11, 11, 10, 10, 10, 11, 10, 10, 11, 10, 11, 11, 10, 10, 11, 11, 11, 10, 11, 10, 10, 10, 11, 10, 11, 10, 10, 10, 10, 11, 10, 10, 11, 11, 10, 11, 11, 10, 10] 
dagB38.txt 1234x3.txt True 0.4444444444444444 0.6 292.0 [11, 11, 10, 11, 11, 11, 10, 11, 11, 10, 10, 11, 10, 10, 11, 11, 11, 11, 10, 10, 10, 11, 10, 10, 11, 10, 11, 11, 10, 10, 11, 11, 11, 10, 11, 10, 10, 10, 11, 10, 11, 10, 10, 10, 10, 11, 10, 10, 11, 11, 10, 11, 11, 10, 10] 
dagB38.txt 1234x3.txt True 0.4444444444444444 0.7 292.0 [11, 11, 10, 11, 11, 11, 10, 11, 11, 10, 10, 11, 10, 10, 11, 11, 11, 11, 10, 10, 10, 11, 10, 10, 11, 10, 11, 11, 10, 10, 11, 11, 11, 10, 11, 10, 10, 10, 11, 10, 11, 10, 10, 10, 10, 11, 10, 10, 11, 11, 10, 11, 11, 10, 10] 
dagB38.txt 1234x3.txt True 0.7592592592592593 0.8 526.0 [8, 11, 8, 0, 8, 0, 11, 4, 4, 0, 11, 8, 8, 0, 0, 0, 4, 8, 8, 11, 4, 11, 11, 4, 0, 11, 8, 11, 8, 11, 4, 0, 4, 0, 11, 0, 11, 4, 11, 8, 4, 0, 8, 8, 0, 0, 8, 11, 4, 11, 4, 4, 4, 8, 0] 
dagB38.txt 1234x3.txt True 0.8703703703703703 0.9 244.0 [11, 11, 5, 8, 6, 8, 11, 10, 10, 6, 6, 8, 6, 5, 1, 1, 1, 8, 1, 9, 8, 11, 1, 8, 1, 1, 8, 5, 1, 11, 11, 11, 5, 11, 6, 11, 9, 1, 5, 6, 5, 6, 5, 5, 6, 6, 10, 3, 9, 9, 8, 10, 8, 3, 9] 
dagB38.txt 1234x3.txt True 0.9197530864197531 1 159.0 [5, 2, 5, 7, 11, 5, 2, 9, 1, 7, 10, 11, 6, 0, 1, 0, 6, 3, 10, 7, 2, 2, 9, 7, 5, 11, 9, 0, 6, 6, 2, 3, 3, 3, 0, 5, 0, 6, 2, 10, 7, 11, 10, 9, 6, 11, 3, 11, 1, 9, 10, 1, 7, 9, 1] 
