dagE40.txt 3_2x4.txt True 0.0 0.07 522.5 [7, 7, 7, 7, 7, 7, 7, 7, 7, 7, 7, 7, 7, 7, 7, 7, 7, 7, 7, 7, 7, 7, 7, 7, 7, 7, 7, 7, 7, 7, 7, 7, 7, 7, 7, 7, 7, 7, 7, 7, 7, 7, 7, 7, 7, 7, 7, 7, 7, 7, 7, 7, 7, 7, 7, 7, 7, 7, 7, 7, 7, 7, 7, 7, 7, 7, 7, 7, 7, 7] 
dagE40.txt 3_2x4.txt True 0.0 0.1 522.5 [7, 7, 7, 7, 7, 7, 7, 7, 7, 7, 7, 7, 7, 7, 7, 7, 7, 7, 7, 7, 7, 7, 7, 7, 7, 7, 7, 7, 7, 7, 7, 7, 7, 7, 7, 7, 7, 7, 7, 7, 7, 7, 7, 7, 7, 7, 7, 7, 7, 7, 7, 7, 7, 7, 7, 7, 7, 7, 7, 7, 7, 7, 7, 7, 7, 7, 7, 7, 7, 7] 
dagE40.txt 3_2x4.txt True 0.14883720930232558 0.15 457.5 [7, 7, 7, 7, 7, 7, 7, 7, 7, 7, 7, 7, 7, 7, 7, 7, 7, 7, 7, 7, 7, 7, 7, 7, 7, 7, 7, 7, 7, 7, 7, 7, 7, 7, 7, 7, 7, 7, 7, 7, 7, 1, 7, 7, 7, 7, 7, 7, 7, 7, 1, 7, 1, 7, 7, 1, 7, 7, 7, 7, 7, 7, 4, 1, 1, 7, 7, 7, 7, 1] 
dagE40.txt 3_2x4.txt True 0.2 0.2 714.0 [7, 7, 7, 7, 7, 7, 7, 7, 7, 7, 7, 7, 7, 7, 7, 6, 7, 7, 7, 7, 7, 7, 7, 7, 7, 7, 7, 7, 7, 6, 7, 7, 7, 7, 6, 7, 7, 7, 7, 7, 6, 7, 7, 6, 6, 1, 6, 6, 6, 6, 7, 7, 7, 6, 6, 7, 6, 6, 7, 6, 6, 6, 6, 6, 6, 6, 4, 6, 6, 6] 
dagE40.txt 3_2x4.txt True 0.2 0.3 714.0 [7, 7, 7, 7, 7, 7, 7, 7, 7, 7, 7, 7, 7, 7, 7, 6, 7, 7, 7, 7, 7, 7, 7, 7, 7, 7, 7, 7, 7, 6, 7, 7, 7, 7, 6, 7, 7, 7, 7, 7, 6, 7, 7, 6, 6, 1, 6, 6, 6, 6, 7, 7, 7, 6, 6, 7, 6, 6, 7, 6, 6, 6, 6, 6, 6, 6, 4, 6, 6, 6] 
dagE40.txt 3_2x4.txt True 0.35348837209302325 0.4 209.75 [3, 3, 3, 3, 3, 3, 3, 3, 7, 3, 3, 3, 3, 3, 3, 7, 3, 3, 6, 3, 3, 5, 7, 3, 3, 3, 3, 3, 5, 7, 5, 1, 3, 6, 7, 7, 3, 7, 7, 7, 5, 4, 1, 7, 7, 1, 7, 6, 4, 7, 3, 7, 7, 5, 7, 5, 7, 6, 7, 7, 7, 5, 7, 7, 7, 7, 4, 7, 7, 5] 
dagE40.txt 3_2x4.txt True 0.4790697674418605 0.5 389.0 [5, 6, 7, 7, 6, 6, 7, 6, 6, 6, 7, 7, 5, 6, 6, 7, 6, 5, 5, 5, 5, 3, 0, 7, 7, 5, 6, 6, 5, 2, 5, 0, 7, 5, 2, 0, 0, 0, 3, 2, 5, 0, 0, 2, 0, 0, 2, 4, 1, 2, 3, 0, 3, 0, 2, 7, 2, 4, 0, 2, 0, 1, 4, 2, 2, 2, 0, 2, 2, 1] 
dagE40.txt 3_2x4.txt True 0.5488372093023256 0.6 290.0 [0, 2, 2, 2, 3, 3, 2, 3, 3, 3, 2, 2, 0, 3, 3, 6, 2, 0, 0, 1, 0, 5, 6, 2, 2, 0, 7, 3, 5, 3, 0, 4, 5, 0, 6, 5, 7, 6, 6, 6, 0, 1, 1, 5, 4, 4, 5, 1, 4, 7, 7, 7, 6, 4, 7, 5, 1, 1, 1, 6, 4, 4, 1, 7, 7, 6, 5, 4, 7, 4] 
dagE40.txt 3_2x4.txt True 0.5488372093023256 0.7 290.0 [0, 2, 2, 2, 3, 3, 2, 3, 3, 3, 2, 2, 0, 3, 3, 6, 2, 0, 0, 1, 0, 5, 6, 2, 2, 0, 7, 3, 5, 3, 0, 4, 5, 0, 6, 5, 7, 6, 6, 6, 0, 1, 1, 5, 4, 4, 5, 1, 4, 7, 7, 7, 6, 4, 7, 5, 1, 1, 1, 6, 4, 4, 1, 7, 7, 6, 5, 4, 7, 4] 
dagE40.txt 3_2x4.txt True 0.7813953488372093 1 293.0 [5, 4, 3, 7, 0, 5, 4, 0, 2, 7, 3, 4, 0, 7, 2, 6, 5, 4, 0, 2, 7, 0, 0, 4, 0, 7, 4, 2, 2, 1, 1, 6, 0, 5, 5, 3, 5, 1, 7, 3, 2, 2, 1, 1, 4, 6, 6, 2, 3, 6, 3, 1, 1, 5, 6, 0, 1, 2, 5, 7, 3, 6, 1, 6, 7, 3, 5, 3, 6, 4] 
dagE40.txt 3_2x2.txt True 0.05581395348837209 0.07 1018.5 [3, 3, 3, 3, 3, 3, 3, 3, 3, 3, 3, 3, 3, 3, 3, 3, 3, 3, 2, 3, 3, 3, 3, 3, 3, 3, 3, 3, 3, 3, 3, 2, 3, 3, 3, 3, 3, 3, 3, 3, 3, 3, 3, 3, 3, 3, 3, 3, 3, 3, 3, 3, 3, 3, 3, 3, 3, 3, 3, 3, 3, 3, 3, 3, 3, 3, 3, 3, 3, 3] 
dagE40.txt 3_2x2.txt True 0.07441860465116279 0.1 951.0 [3, 3, 3, 3, 3, 3, 3, 3, 3, 3, 3, 3, 3, 3, 3, 2, 3, 3, 3, 3, 3, 3, 3, 3, 3, 3, 3, 2, 3, 3, 3, 1, 3, 3, 3, 3, 3, 3, 3, 3, 3, 3, 3, 3, 3, 1, 3, 1, 3, 3, 2, 3, 3, 3, 3, 3, 3, 3, 3, 3, 3, 3, 3, 3, 3, 3, 3, 3, 3, 3] 
dagE40.txt 3_2x2.txt True 0.07441860465116279 0.15 951.0 [3, 3, 3, 3, 3, 3, 3, 3, 3, 3, 3, 3, 3, 3, 3, 2, 3, 3, 3, 3, 3, 3, 3, 3, 3, 3, 3, 2, 3, 3, 3, 1, 3, 3, 3, 3, 3, 3, 3, 3, 3, 3, 3, 3, 3, 1, 3, 1, 3, 3, 2, 3, 3, 3, 3, 3, 3, 3, 3, 3, 3, 3, 3, 3, 3, 3, 3, 3, 3, 3] 
dagE40.txt 3_2x2.txt True 0.16744186046511628 0.2 773.5 [3, 3, 3, 3, 3, 3, 3, 3, 3, 3, 3, 3, 3, 3, 2, 2, 3, 3, 3, 3, 3, 3, 3, 3, 3, 3, 3, 2, 3, 3, 3, 2, 3, 3, 3, 3, 3, 3, 3, 3, 3, 3, 3, 1, 1, 2, 1, 2, 1, 3, 2, 3, 3, 1, 3, 3, 3, 2, 3, 3, 1, 1, 3, 3, 3, 3, 3, 1, 3, 1] 
dagE40.txt 3_2x2.txt True 0.27906976744186046 0.3 375.5 [3, 3, 3, 3, 3, 3, 3, 3, 3, 3, 3, 3, 3, 3, 3, 3, 3, 2, 3, 3, 3, 2, 2, 3, 3, 2, 2, 3, 2, 2, 3, 2, 3, 2, 2, 2, 2, 2, 2, 2, 3, 2, 1, 0, 2, 2, 0, 2, 0, 1, 2, 2, 2, 2, 2, 2, 1, 2, 2, 2, 2, 1, 2, 1, 2, 1, 2, 0, 1, 1] 
dagE40.txt 3_2x2.txt True 0.3813953488372093 0.4 282.5 [0, 1, 1, 1, 1, 1, 1, 1, 3, 1, 1, 1, 0, 1, 1, 1, 1, 0, 0, 0, 0, 2, 3, 1, 1, 0, 3, 1, 0, 3, 0, 2, 1, 0, 3, 2, 2, 3, 0, 3, 0, 2, 2, 2, 3, 2, 3, 0, 2, 3, 0, 2, 0, 2, 3, 2, 3, 0, 2, 3, 2, 2, 0, 3, 3, 3, 2, 2, 3, 2] 
dagE40.txt 3_2x2.txt True 0.3813953488372093 0.5 282.5 [0, 1, 1, 1, 1, 1, 1, 1, 3, 1, 1, 1, 0, 1, 1, 1, 1, 0, 0, 0, 0, 2, 3, 1, 1, 0, 3, 1, 0, 3, 0, 2, 1, 0, 3, 2, 2, 3, 0, 3, 0, 2, 2, 2, 3, 2, 3, 0, 2, 3, 0, 2, 0, 2, 3, 2, 3, 0, 2, 3, 2, 2, 0, 3, 3, 3, 2, 2, 3, 2] 
dagE40.txt 3_2x2.txt True 0.3813953488372093 0.6 282.5 [0, 1, 1, 1, 1, 1, 1, 1, 3, 1, 1, 1, 0, 1, 1, 1, 1, 0, 0, 0, 0, 2, 3, 1, 1, 0, 3, 1, 0, 3, 0, 2, 1, 0, 3, 2, 2, 3, 0, 3, 0, 2, 2, 2, 3, 2, 3, 0, 2, 3, 0, 2, 0, 2, 3, 2, 3, 0, 2, 3, 2, 2, 0, 3, 3, 3, 2, 2, 3, 2] 
dagE40.txt 3_2x2.txt True 0.6883720930232559 0.7 287.0 [1, 3, 0, 3, 2, 2, 3, 3, 2, 0, 1, 1, 3, 2, 0, 1, 2, 2, 3, 0, 2, 3, 3, 1, 0, 2, 0, 2, 3, 0, 2, 2, 0, 1, 1, 1, 2, 3, 0, 0, 3, 1, 2, 0, 3, 2, 3, 0, 1, 1, 2, 1, 3, 0, 3, 0, 2, 0, 1, 1, 3, 1, 0, 3, 3, 1, 1, 0, 0, 2] 
dagE40.txt 3_2x2.txt True 0.7116279069767442 1 253.0 [0, 2, 3, 1, 1, 3, 2, 0, 2, 1, 1, 1, 3, 2, 3, 0, 1, 3, 1, 2, 1, 2, 2, 0, 1, 0, 1, 0, 0, 2, 2, 2, 1, 0, 0, 3, 1, 3, 3, 0, 2, 3, 1, 3, 2, 2, 2, 0, 0, 2, 3, 3, 2, 1, 1, 3, 0, 0, 1, 3, 0, 2, 1, 3, 3, 0, 3, 0, 2, 3] 
dagE40.txt 3_2x1.txt True 0.03255813953488372 0.07 1002.0 [1, 1, 1, 1, 1, 1, 1, 1, 1, 1, 1, 1, 1, 1, 1, 1, 1, 1, 1, 1, 1, 1, 1, 1, 1, 1, 1, 1, 1, 1, 1, 0, 1, 1, 1, 1, 1, 1, 1, 1, 1, 1, 1, 1, 1, 0, 1, 0, 1, 1, 1, 1, 1, 1, 1, 1, 1, 1, 1, 1, 1, 1, 1, 1, 1, 1, 1, 1, 1, 1] 
dagE40.txt 3_2x1.txt True 0.03255813953488372 0.1 1002.0 [1, 1, 1, 1, 1, 1, 1, 1, 1, 1, 1, 1, 1, 1, 1, 1, 1, 1, 1, 1, 1, 1, 1, 1, 1, 1, 1, 1, 1, 1, 1, 0, 1, 1, 1, 1, 1, 1, 1, 1, 1, 1, 1, 1, 1, 0, 1, 0, 1, 1, 1, 1, 1, 1, 1, 1, 1, 1, 1, 1, 1, 1, 1, 1, 1, 1, 1, 1, 1, 1] 
dagE40.txt 3_2x1.txt True 0.03255813953488372 0.15 1002.0 [1, 1, 1, 1, 1, 1, 1, 1, 1, 1, 1, 1, 1, 1, 1, 1, 1, 1, 1, 1, 1, 1, 1, 1, 1, 1, 1, 1, 1, 1, 1, 0, 1, 1, 1, 1, 1, 1, 1, 1, 1, 1, 1, 1, 1, 0, 1, 0, 1, 1, 1, 1, 1, 1, 1, 1, 1, 1, 1, 1, 1, 1, 1, 1, 1, 1, 1, 1, 1, 1] 
dagE40.txt 3_2x1.txt True 0.2 0.2 520.0 [0, 0, 0, 0, 0, 0, 0, 0, 0, 0, 0, 0, 0, 0, 0, 0, 0, 0, 0, 0, 0, 1, 1, 0, 0, 0, 0, 0, 0, 1, 0, 1, 0, 0, 1, 1, 1, 1, 1, 1, 0, 1, 1, 1, 1, 1, 1, 0, 1, 1, 1, 1, 1, 1, 1, 0, 1, 0, 1, 1, 1, 1, 1, 1, 1, 1, 1, 1, 1, 1] 
dagE40.txt 3_2x1.txt True 0.20465116279069767 0.3 511.0 [0, 0, 0, 0, 0, 0, 0, 0, 0, 0, 0, 0, 0, 0, 0, 0, 0, 0, 0, 0, 0, 1, 1, 0, 0, 0, 0, 0, 0, 1, 0, 1, 0, 0, 1, 1, 1, 0, 1, 1, 0, 1, 1, 1, 1, 1, 1, 0, 1, 1, 1, 1, 1, 1, 1, 0, 1, 0, 1, 1, 1, 1, 1, 1, 1, 1, 1, 1, 1, 1] 
dagE40.txt 3_2x1.txt True 0.20465116279069767 0.4 511.0 [0, 0, 0, 0, 0, 0, 0, 0, 0, 0, 0, 0, 0, 0, 0, 0, 0, 0, 0, 0, 0, 1, 1, 0, 0, 0, 0, 0, 0, 1, 0, 1, 0, 0, 1, 1, 1, 0, 1, 1, 0, 1, 1, 1, 1, 1, 1, 0, 1, 1, 1, 1, 1, 1, 1, 0, 1, 0, 1, 1, 1, 1, 1, 1, 1, 1, 1, 1, 1, 1] 
dagE40.txt 3_2x1.txt True 0.20465116279069767 0.5 511.0 [0, 0, 0, 0, 0, 0, 0, 0, 0, 0, 0, 0, 0, 0, 0, 0, 0, 0, 0, 0, 0, 1, 1, 0, 0, 0, 0, 0, 0, 1, 0, 1, 0, 0, 1, 1, 1, 0, 1, 1, 0, 1, 1, 1, 1, 1, 1, 0, 1, 1, 1, 1, 1, 1, 1, 0, 1, 0, 1, 1, 1, 1, 1, 1, 1, 1, 1, 1, 1, 1] 
dagE40.txt 3_2x1.txt True 0.20465116279069767 0.6 511.0 [0, 0, 0, 0, 0, 0, 0, 0, 0, 0, 0, 0, 0, 0, 0, 0, 0, 0, 0, 0, 0, 1, 1, 0, 0, 0, 0, 0, 0, 1, 0, 1, 0, 0, 1, 1, 1, 0, 1, 1, 0, 1, 1, 1, 1, 1, 1, 0, 1, 1, 1, 1, 1, 1, 1, 0, 1, 0, 1, 1, 1, 1, 1, 1, 1, 1, 1, 1, 1, 1] 
dagE40.txt 3_2x1.txt True 0.20465116279069767 0.7 511.0 [0, 0, 0, 0, 0, 0, 0, 0, 0, 0, 0, 0, 0, 0, 0, 0, 0, 0, 0, 0, 0, 1, 1, 0, 0, 0, 0, 0, 0, 1, 0, 1, 0, 0, 1, 1, 1, 0, 1, 1, 0, 1, 1, 1, 1, 1, 1, 0, 1, 1, 1, 1, 1, 1, 1, 0, 1, 0, 1, 1, 1, 1, 1, 1, 1, 1, 1, 1, 1, 1] 
dagE40.txt 3_2x1.txt True 0.20465116279069767 1 511.0 [0, 0, 0, 0, 0, 0, 0, 0, 0, 0, 0, 0, 0, 0, 0, 0, 0, 0, 0, 0, 0, 1, 1, 0, 0, 0, 0, 0, 0, 1, 0, 1, 0, 0, 1, 1, 1, 0, 1, 1, 0, 1, 1, 1, 1, 1, 1, 0, 1, 1, 1, 1, 1, 1, 1, 0, 1, 0, 1, 1, 1, 1, 1, 1, 1, 1, 1, 1, 1, 1] 
dagE40.txt 3_2x4.txt True 0.0 0.07 522.5 [7, 7, 7, 7, 7, 7, 7, 7, 7, 7, 7, 7, 7, 7, 7, 7, 7, 7, 7, 7, 7, 7, 7, 7, 7, 7, 7, 7, 7, 7, 7, 7, 7, 7, 7, 7, 7, 7, 7, 7, 7, 7, 7, 7, 7, 7, 7, 7, 7, 7, 7, 7, 7, 7, 7, 7, 7, 7, 7, 7, 7, 7, 7, 7, 7, 7, 7, 7, 7, 7] 
dagE40.txt 3_2x4.txt True 0.0 0.08 522.5 [7, 7, 7, 7, 7, 7, 7, 7, 7, 7, 7, 7, 7, 7, 7, 7, 7, 7, 7, 7, 7, 7, 7, 7, 7, 7, 7, 7, 7, 7, 7, 7, 7, 7, 7, 7, 7, 7, 7, 7, 7, 7, 7, 7, 7, 7, 7, 7, 7, 7, 7, 7, 7, 7, 7, 7, 7, 7, 7, 7, 7, 7, 7, 7, 7, 7, 7, 7, 7, 7] 
dagE40.txt 3_2x4.txt True 0.0 0.09 522.5 [7, 7, 7, 7, 7, 7, 7, 7, 7, 7, 7, 7, 7, 7, 7, 7, 7, 7, 7, 7, 7, 7, 7, 7, 7, 7, 7, 7, 7, 7, 7, 7, 7, 7, 7, 7, 7, 7, 7, 7, 7, 7, 7, 7, 7, 7, 7, 7, 7, 7, 7, 7, 7, 7, 7, 7, 7, 7, 7, 7, 7, 7, 7, 7, 7, 7, 7, 7, 7, 7] 
dagE40.txt 3_2x4.txt True 0.0 0.1 522.5 [7, 7, 7, 7, 7, 7, 7, 7, 7, 7, 7, 7, 7, 7, 7, 7, 7, 7, 7, 7, 7, 7, 7, 7, 7, 7, 7, 7, 7, 7, 7, 7, 7, 7, 7, 7, 7, 7, 7, 7, 7, 7, 7, 7, 7, 7, 7, 7, 7, 7, 7, 7, 7, 7, 7, 7, 7, 7, 7, 7, 7, 7, 7, 7, 7, 7, 7, 7, 7, 7] 
dagE40.txt 3_2x4.txt True 0.0 0.11 522.5 [7, 7, 7, 7, 7, 7, 7, 7, 7, 7, 7, 7, 7, 7, 7, 7, 7, 7, 7, 7, 7, 7, 7, 7, 7, 7, 7, 7, 7, 7, 7, 7, 7, 7, 7, 7, 7, 7, 7, 7, 7, 7, 7, 7, 7, 7, 7, 7, 7, 7, 7, 7, 7, 7, 7, 7, 7, 7, 7, 7, 7, 7, 7, 7, 7, 7, 7, 7, 7, 7] 
dagE40.txt 3_2x4.txt True 0.0 0.12 522.5 [7, 7, 7, 7, 7, 7, 7, 7, 7, 7, 7, 7, 7, 7, 7, 7, 7, 7, 7, 7, 7, 7, 7, 7, 7, 7, 7, 7, 7, 7, 7, 7, 7, 7, 7, 7, 7, 7, 7, 7, 7, 7, 7, 7, 7, 7, 7, 7, 7, 7, 7, 7, 7, 7, 7, 7, 7, 7, 7, 7, 7, 7, 7, 7, 7, 7, 7, 7, 7, 7] 
dagE40.txt 3_2x4.txt True 0.0 0.13 522.5 [7, 7, 7, 7, 7, 7, 7, 7, 7, 7, 7, 7, 7, 7, 7, 7, 7, 7, 7, 7, 7, 7, 7, 7, 7, 7, 7, 7, 7, 7, 7, 7, 7, 7, 7, 7, 7, 7, 7, 7, 7, 7, 7, 7, 7, 7, 7, 7, 7, 7, 7, 7, 7, 7, 7, 7, 7, 7, 7, 7, 7, 7, 7, 7, 7, 7, 7, 7, 7, 7] 
dagE40.txt 3_2x4.txt True 0.0 0.14 522.5 [7, 7, 7, 7, 7, 7, 7, 7, 7, 7, 7, 7, 7, 7, 7, 7, 7, 7, 7, 7, 7, 7, 7, 7, 7, 7, 7, 7, 7, 7, 7, 7, 7, 7, 7, 7, 7, 7, 7, 7, 7, 7, 7, 7, 7, 7, 7, 7, 7, 7, 7, 7, 7, 7, 7, 7, 7, 7, 7, 7, 7, 7, 7, 7, 7, 7, 7, 7, 7, 7] 
dagE40.txt 3_2x4.txt True 0.14883720930232558 0.15 457.5 [7, 7, 7, 7, 7, 7, 7, 7, 7, 7, 7, 7, 7, 7, 7, 7, 7, 7, 7, 7, 7, 7, 7, 7, 7, 7, 7, 7, 7, 7, 7, 7, 7, 7, 7, 7, 7, 7, 7, 7, 7, 1, 7, 7, 7, 7, 7, 7, 7, 7, 1, 7, 1, 7, 7, 1, 7, 7, 7, 7, 7, 7, 4, 1, 1, 7, 7, 7, 7, 1] 
dagE40.txt 3_2x4.txt True 0.14883720930232558 0.16 457.5 [7, 7, 7, 7, 7, 7, 7, 7, 7, 7, 7, 7, 7, 7, 7, 7, 7, 7, 7, 7, 7, 7, 7, 7, 7, 7, 7, 7, 7, 7, 7, 7, 7, 7, 7, 7, 7, 7, 7, 7, 7, 1, 7, 7, 7, 7, 7, 7, 7, 7, 1, 7, 1, 7, 7, 1, 7, 7, 7, 7, 7, 7, 4, 1, 1, 7, 7, 7, 7, 1] 
dagE40.txt 3_2x4.txt True 0.14883720930232558 0.17 457.5 [7, 7, 7, 7, 7, 7, 7, 7, 7, 7, 7, 7, 7, 7, 7, 7, 7, 7, 7, 7, 7, 7, 7, 7, 7, 7, 7, 7, 7, 7, 7, 7, 7, 7, 7, 7, 7, 7, 7, 7, 7, 1, 7, 7, 7, 7, 7, 7, 7, 7, 1, 7, 1, 7, 7, 1, 7, 7, 7, 7, 7, 7, 4, 1, 1, 7, 7, 7, 7, 1] 
dagE40.txt 3_2x4.txt True 0.14883720930232558 0.18 457.5 [7, 7, 7, 7, 7, 7, 7, 7, 7, 7, 7, 7, 7, 7, 7, 7, 7, 7, 7, 7, 7, 7, 7, 7, 7, 7, 7, 7, 7, 7, 7, 7, 7, 7, 7, 7, 7, 7, 7, 7, 7, 1, 7, 7, 7, 7, 7, 7, 7, 7, 1, 7, 1, 7, 7, 1, 7, 7, 7, 7, 7, 7, 4, 1, 1, 7, 7, 7, 7, 1] 
dagE40.txt 3_2x4.txt True 0.14883720930232558 0.19 457.5 [7, 7, 7, 7, 7, 7, 7, 7, 7, 7, 7, 7, 7, 7, 7, 7, 7, 7, 7, 7, 7, 7, 7, 7, 7, 7, 7, 7, 7, 7, 7, 7, 7, 7, 7, 7, 7, 7, 7, 7, 7, 1, 7, 7, 7, 7, 7, 7, 7, 7, 1, 7, 1, 7, 7, 1, 7, 7, 7, 7, 7, 7, 4, 1, 1, 7, 7, 7, 7, 1] 
dagE40.txt 3_2x4.txt True 0.2 0.2 714.0 [7, 7, 7, 7, 7, 7, 7, 7, 7, 7, 7, 7, 7, 7, 7, 6, 7, 7, 7, 7, 7, 7, 7, 7, 7, 7, 7, 7, 7, 6, 7, 7, 7, 7, 6, 7, 7, 7, 7, 7, 6, 7, 7, 6, 6, 1, 6, 6, 6, 6, 7, 7, 7, 6, 6, 7, 6, 6, 7, 6, 6, 6, 6, 6, 6, 6, 4, 6, 6, 6] 
dagE40.txt 3_2x4.txt True 0.2 0.25 714.0 [7, 7, 7, 7, 7, 7, 7, 7, 7, 7, 7, 7, 7, 7, 7, 6, 7, 7, 7, 7, 7, 7, 7, 7, 7, 7, 7, 7, 7, 6, 7, 7, 7, 7, 6, 7, 7, 7, 7, 7, 6, 7, 7, 6, 6, 1, 6, 6, 6, 6, 7, 7, 7, 6, 6, 7, 6, 6, 7, 6, 6, 6, 6, 6, 6, 6, 4, 6, 6, 6] 
dagE40.txt 3_2x4.txt True 0.2 0.3 714.0 [7, 7, 7, 7, 7, 7, 7, 7, 7, 7, 7, 7, 7, 7, 7, 6, 7, 7, 7, 7, 7, 7, 7, 7, 7, 7, 7, 7, 7, 6, 7, 7, 7, 7, 6, 7, 7, 7, 7, 7, 6, 7, 7, 6, 6, 1, 6, 6, 6, 6, 7, 7, 7, 6, 6, 7, 6, 6, 7, 6, 6, 6, 6, 6, 6, 6, 4, 6, 6, 6] 
dagE40.txt 3_2x4.txt True 0.2 0.35 714.0 [7, 7, 7, 7, 7, 7, 7, 7, 7, 7, 7, 7, 7, 7, 7, 6, 7, 7, 7, 7, 7, 7, 7, 7, 7, 7, 7, 7, 7, 6, 7, 7, 7, 7, 6, 7, 7, 7, 7, 7, 6, 7, 7, 6, 6, 1, 6, 6, 6, 6, 7, 7, 7, 6, 6, 7, 6, 6, 7, 6, 6, 6, 6, 6, 6, 6, 4, 6, 6, 6] 
dagE40.txt 3_2x4.txt True 0.35348837209302325 0.4 209.75 [3, 3, 3, 3, 3, 3, 3, 3, 7, 3, 3, 3, 3, 3, 3, 7, 3, 3, 6, 3, 3, 5, 7, 3, 3, 3, 3, 3, 5, 7, 5, 1, 3, 6, 7, 7, 3, 7, 7, 7, 5, 4, 1, 7, 7, 1, 7, 6, 4, 7, 3, 7, 7, 5, 7, 5, 7, 6, 7, 7, 7, 5, 7, 7, 7, 7, 4, 7, 7, 5] 
dagE40.txt 3_2x4.txt True 0.35348837209302325 0.45 209.75 [3, 3, 3, 3, 3, 3, 3, 3, 7, 3, 3, 3, 3, 3, 3, 7, 3, 3, 6, 3, 3, 5, 7, 3, 3, 3, 3, 3, 5, 7, 5, 1, 3, 6, 7, 7, 3, 7, 7, 7, 5, 4, 1, 7, 7, 1, 7, 6, 4, 7, 3, 7, 7, 5, 7, 5, 7, 6, 7, 7, 7, 5, 7, 7, 7, 7, 4, 7, 7, 5] 
dagE40.txt 3_2x4.txt True 0.4790697674418605 0.5 389.0 [5, 6, 7, 7, 6, 6, 7, 6, 6, 6, 7, 7, 5, 6, 6, 7, 6, 5, 5, 5, 5, 3, 0, 7, 7, 5, 6, 6, 5, 2, 5, 0, 7, 5, 2, 0, 0, 0, 3, 2, 5, 0, 0, 2, 0, 0, 2, 4, 1, 2, 3, 0, 3, 0, 2, 7, 2, 4, 0, 2, 0, 1, 4, 2, 2, 2, 0, 2, 2, 1] 
dagE40.txt 3_2x4.txt True 0.5488372093023256 0.55 290.0 [0, 2, 2, 2, 3, 3, 2, 3, 3, 3, 2, 2, 0, 3, 3, 6, 2, 0, 0, 1, 0, 5, 6, 2, 2, 0, 7, 3, 5, 3, 0, 4, 5, 0, 6, 5, 7, 6, 6, 6, 0, 1, 1, 5, 4, 4, 5, 1, 4, 7, 7, 7, 6, 4, 7, 5, 1, 1, 1, 6, 4, 4, 1, 7, 7, 6, 5, 4, 7, 4] 
dagE40.txt 3_2x4.txt True 0.5488372093023256 0.6 290.0 [0, 2, 2, 2, 3, 3, 2, 3, 3, 3, 2, 2, 0, 3, 3, 6, 2, 0, 0, 1, 0, 5, 6, 2, 2, 0, 7, 3, 5, 3, 0, 4, 5, 0, 6, 5, 7, 6, 6, 6, 0, 1, 1, 5, 4, 4, 5, 1, 4, 7, 7, 7, 6, 4, 7, 5, 1, 1, 1, 6, 4, 4, 1, 7, 7, 6, 5, 4, 7, 4] 
dagE40.txt 3_2x4.txt True 0.5488372093023256 0.65 290.0 [0, 2, 2, 2, 3, 3, 2, 3, 3, 3, 2, 2, 0, 3, 3, 6, 2, 0, 0, 1, 0, 5, 6, 2, 2, 0, 7, 3, 5, 3, 0, 4, 5, 0, 6, 5, 7, 6, 6, 6, 0, 1, 1, 5, 4, 4, 5, 1, 4, 7, 7, 7, 6, 4, 7, 5, 1, 1, 1, 6, 4, 4, 1, 7, 7, 6, 5, 4, 7, 4] 
dagE40.txt 3_2x4.txt True 0.5488372093023256 0.7 290.0 [0, 2, 2, 2, 3, 3, 2, 3, 3, 3, 2, 2, 0, 3, 3, 6, 2, 0, 0, 1, 0, 5, 6, 2, 2, 0, 7, 3, 5, 3, 0, 4, 5, 0, 6, 5, 7, 6, 6, 6, 0, 1, 1, 5, 4, 4, 5, 1, 4, 7, 7, 7, 6, 4, 7, 5, 1, 1, 1, 6, 4, 4, 1, 7, 7, 6, 5, 4, 7, 4] 
dagE40.txt 3_2x4.txt True 0.5488372093023256 0.75 290.0 [0, 2, 2, 2, 3, 3, 2, 3, 3, 3, 2, 2, 0, 3, 3, 6, 2, 0, 0, 1, 0, 5, 6, 2, 2, 0, 7, 3, 5, 3, 0, 4, 5, 0, 6, 5, 7, 6, 6, 6, 0, 1, 1, 5, 4, 4, 5, 1, 4, 7, 7, 7, 6, 4, 7, 5, 1, 1, 1, 6, 4, 4, 1, 7, 7, 6, 5, 4, 7, 4] 
dagE40.txt 3_2x4.txt True 0.7813953488372093 0.8 293.0 [5, 4, 3, 7, 0, 5, 4, 0, 2, 7, 3, 4, 0, 7, 2, 6, 5, 4, 0, 2, 7, 0, 0, 4, 0, 7, 4, 2, 2, 1, 1, 6, 0, 5, 5, 3, 5, 1, 7, 3, 2, 2, 1, 1, 4, 6, 6, 2, 3, 6, 3, 1, 1, 5, 6, 0, 1, 2, 5, 7, 3, 6, 1, 6, 7, 3, 5, 3, 6, 4] 
dagE40.txt 3_2x4.txt True 0.7813953488372093 0.85 293.0 [5, 4, 3, 7, 0, 5, 4, 0, 2, 7, 3, 4, 0, 7, 2, 6, 5, 4, 0, 2, 7, 0, 0, 4, 0, 7, 4, 2, 2, 1, 1, 6, 0, 5, 5, 3, 5, 1, 7, 3, 2, 2, 1, 1, 4, 6, 6, 2, 3, 6, 3, 1, 1, 5, 6, 0, 1, 2, 5, 7, 3, 6, 1, 6, 7, 3, 5, 3, 6, 4] 
dagE40.txt 3_2x4.txt True 0.7813953488372093 0.9 293.0 [5, 4, 3, 7, 0, 5, 4, 0, 2, 7, 3, 4, 0, 7, 2, 6, 5, 4, 0, 2, 7, 0, 0, 4, 0, 7, 4, 2, 2, 1, 1, 6, 0, 5, 5, 3, 5, 1, 7, 3, 2, 2, 1, 1, 4, 6, 6, 2, 3, 6, 3, 1, 1, 5, 6, 0, 1, 2, 5, 7, 3, 6, 1, 6, 7, 3, 5, 3, 6, 4] 
dagE40.txt 3_2x4.txt True 0.7813953488372093 0.95 293.0 [5, 4, 3, 7, 0, 5, 4, 0, 2, 7, 3, 4, 0, 7, 2, 6, 5, 4, 0, 2, 7, 0, 0, 4, 0, 7, 4, 2, 2, 1, 1, 6, 0, 5, 5, 3, 5, 1, 7, 3, 2, 2, 1, 1, 4, 6, 6, 2, 3, 6, 3, 1, 1, 5, 6, 0, 1, 2, 5, 7, 3, 6, 1, 6, 7, 3, 5, 3, 6, 4] 
dagE40.txt 3_2x4.txt True 0.7813953488372093 1 293.0 [5, 4, 3, 7, 0, 5, 4, 0, 2, 7, 3, 4, 0, 7, 2, 6, 5, 4, 0, 2, 7, 0, 0, 4, 0, 7, 4, 2, 2, 1, 1, 6, 0, 5, 5, 3, 5, 1, 7, 3, 2, 2, 1, 1, 4, 6, 6, 2, 3, 6, 3, 1, 1, 5, 6, 0, 1, 2, 5, 7, 3, 6, 1, 6, 7, 3, 5, 3, 6, 4] 
dagE40.txt 100_1x1.txt True 0.03255813953488372 0.07 2004.0 [1, 1, 1, 1, 1, 1, 1, 1, 1, 1, 1, 1, 1, 1, 1, 1, 1, 1, 1, 1, 1, 1, 1, 1, 1, 1, 1, 1, 1, 1, 1, 0, 1, 1, 1, 1, 1, 1, 1, 1, 1, 1, 1, 1, 1, 0, 1, 0, 1, 1, 1, 1, 1, 1, 1, 1, 1, 1, 1, 1, 1, 1, 1, 1, 1, 1, 1, 1, 1, 1] 
dagE40.txt 100_1x1.txt True 0.03255813953488372 0.08 2004.0 [1, 1, 1, 1, 1, 1, 1, 1, 1, 1, 1, 1, 1, 1, 1, 1, 1, 1, 1, 1, 1, 1, 1, 1, 1, 1, 1, 1, 1, 1, 1, 0, 1, 1, 1, 1, 1, 1, 1, 1, 1, 1, 1, 1, 1, 0, 1, 0, 1, 1, 1, 1, 1, 1, 1, 1, 1, 1, 1, 1, 1, 1, 1, 1, 1, 1, 1, 1, 1, 1] 
dagE40.txt 100_1x1.txt True 0.03255813953488372 0.09 2004.0 [1, 1, 1, 1, 1, 1, 1, 1, 1, 1, 1, 1, 1, 1, 1, 1, 1, 1, 1, 1, 1, 1, 1, 1, 1, 1, 1, 1, 1, 1, 1, 0, 1, 1, 1, 1, 1, 1, 1, 1, 1, 1, 1, 1, 1, 0, 1, 0, 1, 1, 1, 1, 1, 1, 1, 1, 1, 1, 1, 1, 1, 1, 1, 1, 1, 1, 1, 1, 1, 1] 
dagE40.txt 100_1x1.txt True 0.03255813953488372 0.1 2004.0 [1, 1, 1, 1, 1, 1, 1, 1, 1, 1, 1, 1, 1, 1, 1, 1, 1, 1, 1, 1, 1, 1, 1, 1, 1, 1, 1, 1, 1, 1, 1, 0, 1, 1, 1, 1, 1, 1, 1, 1, 1, 1, 1, 1, 1, 0, 1, 0, 1, 1, 1, 1, 1, 1, 1, 1, 1, 1, 1, 1, 1, 1, 1, 1, 1, 1, 1, 1, 1, 1] 
dagE40.txt 100_1x1.txt True 0.03255813953488372 0.11 2004.0 [1, 1, 1, 1, 1, 1, 1, 1, 1, 1, 1, 1, 1, 1, 1, 1, 1, 1, 1, 1, 1, 1, 1, 1, 1, 1, 1, 1, 1, 1, 1, 0, 1, 1, 1, 1, 1, 1, 1, 1, 1, 1, 1, 1, 1, 0, 1, 0, 1, 1, 1, 1, 1, 1, 1, 1, 1, 1, 1, 1, 1, 1, 1, 1, 1, 1, 1, 1, 1, 1] 
dagE40.txt 100_1x1.txt True 0.03255813953488372 0.12 2004.0 [1, 1, 1, 1, 1, 1, 1, 1, 1, 1, 1, 1, 1, 1, 1, 1, 1, 1, 1, 1, 1, 1, 1, 1, 1, 1, 1, 1, 1, 1, 1, 0, 1, 1, 1, 1, 1, 1, 1, 1, 1, 1, 1, 1, 1, 0, 1, 0, 1, 1, 1, 1, 1, 1, 1, 1, 1, 1, 1, 1, 1, 1, 1, 1, 1, 1, 1, 1, 1, 1] 
dagE40.txt 100_1x1.txt True 0.03255813953488372 0.13 2004.0 [1, 1, 1, 1, 1, 1, 1, 1, 1, 1, 1, 1, 1, 1, 1, 1, 1, 1, 1, 1, 1, 1, 1, 1, 1, 1, 1, 1, 1, 1, 1, 0, 1, 1, 1, 1, 1, 1, 1, 1, 1, 1, 1, 1, 1, 0, 1, 0, 1, 1, 1, 1, 1, 1, 1, 1, 1, 1, 1, 1, 1, 1, 1, 1, 1, 1, 1, 1, 1, 1] 
dagE40.txt 100_1x1.txt True 0.03255813953488372 0.14 2004.0 [1, 1, 1, 1, 1, 1, 1, 1, 1, 1, 1, 1, 1, 1, 1, 1, 1, 1, 1, 1, 1, 1, 1, 1, 1, 1, 1, 1, 1, 1, 1, 0, 1, 1, 1, 1, 1, 1, 1, 1, 1, 1, 1, 1, 1, 0, 1, 0, 1, 1, 1, 1, 1, 1, 1, 1, 1, 1, 1, 1, 1, 1, 1, 1, 1, 1, 1, 1, 1, 1] 
dagE40.txt 100_1x1.txt True 0.03255813953488372 0.15 2004.0 [1, 1, 1, 1, 1, 1, 1, 1, 1, 1, 1, 1, 1, 1, 1, 1, 1, 1, 1, 1, 1, 1, 1, 1, 1, 1, 1, 1, 1, 1, 1, 0, 1, 1, 1, 1, 1, 1, 1, 1, 1, 1, 1, 1, 1, 0, 1, 0, 1, 1, 1, 1, 1, 1, 1, 1, 1, 1, 1, 1, 1, 1, 1, 1, 1, 1, 1, 1, 1, 1] 
dagE40.txt 100_1x1.txt True 0.03255813953488372 0.16 2004.0 [1, 1, 1, 1, 1, 1, 1, 1, 1, 1, 1, 1, 1, 1, 1, 1, 1, 1, 1, 1, 1, 1, 1, 1, 1, 1, 1, 1, 1, 1, 1, 0, 1, 1, 1, 1, 1, 1, 1, 1, 1, 1, 1, 1, 1, 0, 1, 0, 1, 1, 1, 1, 1, 1, 1, 1, 1, 1, 1, 1, 1, 1, 1, 1, 1, 1, 1, 1, 1, 1] 
dagE40.txt 100_1x1.txt True 0.03255813953488372 0.17 2004.0 [1, 1, 1, 1, 1, 1, 1, 1, 1, 1, 1, 1, 1, 1, 1, 1, 1, 1, 1, 1, 1, 1, 1, 1, 1, 1, 1, 1, 1, 1, 1, 0, 1, 1, 1, 1, 1, 1, 1, 1, 1, 1, 1, 1, 1, 0, 1, 0, 1, 1, 1, 1, 1, 1, 1, 1, 1, 1, 1, 1, 1, 1, 1, 1, 1, 1, 1, 1, 1, 1] 
dagE40.txt 100_1x1.txt True 0.17674418604651163 0.18 1432.0 [1, 1, 1, 1, 1, 1, 1, 1, 1, 1, 1, 1, 1, 1, 1, 1, 1, 1, 1, 1, 1, 1, 1, 1, 1, 1, 1, 1, 1, 0, 1, 1, 1, 1, 0, 1, 1, 1, 1, 0, 1, 1, 1, 0, 0, 1, 0, 0, 1, 0, 1, 1, 0, 0, 0, 1, 0, 0, 1, 0, 0, 0, 0, 0, 0, 0, 1, 0, 0, 0] 
dagE40.txt 100_1x1.txt True 0.17674418604651163 0.19 1432.0 [1, 1, 1, 1, 1, 1, 1, 1, 1, 1, 1, 1, 1, 1, 1, 1, 1, 1, 1, 1, 1, 1, 1, 1, 1, 1, 1, 1, 1, 0, 1, 1, 1, 1, 0, 1, 1, 1, 1, 0, 1, 1, 1, 0, 0, 1, 0, 0, 1, 0, 1, 1, 0, 0, 0, 1, 0, 0, 1, 0, 0, 0, 0, 0, 0, 0, 1, 0, 0, 0] 
dagE40.txt 100_1x1.txt True 0.2 0.2 1040.0 [0, 0, 0, 0, 0, 0, 0, 0, 0, 0, 0, 0, 0, 0, 0, 0, 0, 0, 0, 0, 0, 1, 1, 0, 0, 0, 0, 0, 0, 1, 0, 1, 0, 0, 1, 1, 1, 1, 1, 1, 0, 1, 1, 1, 1, 1, 1, 0, 1, 1, 1, 1, 1, 1, 1, 0, 1, 0, 1, 1, 1, 1, 1, 1, 1, 1, 1, 1, 1, 1] 
dagE40.txt 100_1x1.txt True 0.20465116279069767 0.25 1022.0 [0, 0, 0, 0, 0, 0, 0, 0, 0, 0, 0, 0, 0, 0, 0, 0, 0, 0, 0, 0, 0, 1, 1, 0, 0, 0, 0, 0, 0, 1, 0, 1, 0, 0, 1, 1, 1, 0, 1, 1, 0, 1, 1, 1, 1, 1, 1, 0, 1, 1, 1, 1, 1, 1, 1, 0, 1, 0, 1, 1, 1, 1, 1, 1, 1, 1, 1, 1, 1, 1] 
dagE40.txt 100_1x1.txt True 0.20465116279069767 0.3 1022.0 [0, 0, 0, 0, 0, 0, 0, 0, 0, 0, 0, 0, 0, 0, 0, 0, 0, 0, 0, 0, 0, 1, 1, 0, 0, 0, 0, 0, 0, 1, 0, 1, 0, 0, 1, 1, 1, 0, 1, 1, 0, 1, 1, 1, 1, 1, 1, 0, 1, 1, 1, 1, 1, 1, 1, 0, 1, 0, 1, 1, 1, 1, 1, 1, 1, 1, 1, 1, 1, 1] 
dagE40.txt 100_1x1.txt True 0.20465116279069767 0.35 1022.0 [0, 0, 0, 0, 0, 0, 0, 0, 0, 0, 0, 0, 0, 0, 0, 0, 0, 0, 0, 0, 0, 1, 1, 0, 0, 0, 0, 0, 0, 1, 0, 1, 0, 0, 1, 1, 1, 0, 1, 1, 0, 1, 1, 1, 1, 1, 1, 0, 1, 1, 1, 1, 1, 1, 1, 0, 1, 0, 1, 1, 1, 1, 1, 1, 1, 1, 1, 1, 1, 1] 
dagE40.txt 100_1x1.txt True 0.20465116279069767 0.4 1022.0 [0, 0, 0, 0, 0, 0, 0, 0, 0, 0, 0, 0, 0, 0, 0, 0, 0, 0, 0, 0, 0, 1, 1, 0, 0, 0, 0, 0, 0, 1, 0, 1, 0, 0, 1, 1, 1, 0, 1, 1, 0, 1, 1, 1, 1, 1, 1, 0, 1, 1, 1, 1, 1, 1, 1, 0, 1, 0, 1, 1, 1, 1, 1, 1, 1, 1, 1, 1, 1, 1] 
dagE40.txt 100_1x1.txt True 0.20465116279069767 0.45 1022.0 [0, 0, 0, 0, 0, 0, 0, 0, 0, 0, 0, 0, 0, 0, 0, 0, 0, 0, 0, 0, 0, 1, 1, 0, 0, 0, 0, 0, 0, 1, 0, 1, 0, 0, 1, 1, 1, 0, 1, 1, 0, 1, 1, 1, 1, 1, 1, 0, 1, 1, 1, 1, 1, 1, 1, 0, 1, 0, 1, 1, 1, 1, 1, 1, 1, 1, 1, 1, 1, 1] 
dagE40.txt 100_1x1.txt True 0.20465116279069767 0.5 1022.0 [0, 0, 0, 0, 0, 0, 0, 0, 0, 0, 0, 0, 0, 0, 0, 0, 0, 0, 0, 0, 0, 1, 1, 0, 0, 0, 0, 0, 0, 1, 0, 1, 0, 0, 1, 1, 1, 0, 1, 1, 0, 1, 1, 1, 1, 1, 1, 0, 1, 1, 1, 1, 1, 1, 1, 0, 1, 0, 1, 1, 1, 1, 1, 1, 1, 1, 1, 1, 1, 1] 
dagE40.txt 100_1x1.txt True 0.20465116279069767 0.55 1022.0 [0, 0, 0, 0, 0, 0, 0, 0, 0, 0, 0, 0, 0, 0, 0, 0, 0, 0, 0, 0, 0, 1, 1, 0, 0, 0, 0, 0, 0, 1, 0, 1, 0, 0, 1, 1, 1, 0, 1, 1, 0, 1, 1, 1, 1, 1, 1, 0, 1, 1, 1, 1, 1, 1, 1, 0, 1, 0, 1, 1, 1, 1, 1, 1, 1, 1, 1, 1, 1, 1] 
dagE40.txt 100_1x1.txt True 0.20465116279069767 0.6 1022.0 [0, 0, 0, 0, 0, 0, 0, 0, 0, 0, 0, 0, 0, 0, 0, 0, 0, 0, 0, 0, 0, 1, 1, 0, 0, 0, 0, 0, 0, 1, 0, 1, 0, 0, 1, 1, 1, 0, 1, 1, 0, 1, 1, 1, 1, 1, 1, 0, 1, 1, 1, 1, 1, 1, 1, 0, 1, 0, 1, 1, 1, 1, 1, 1, 1, 1, 1, 1, 1, 1] 
dagE40.txt 100_1x1.txt True 0.20465116279069767 0.65 1022.0 [0, 0, 0, 0, 0, 0, 0, 0, 0, 0, 0, 0, 0, 0, 0, 0, 0, 0, 0, 0, 0, 1, 1, 0, 0, 0, 0, 0, 0, 1, 0, 1, 0, 0, 1, 1, 1, 0, 1, 1, 0, 1, 1, 1, 1, 1, 1, 0, 1, 1, 1, 1, 1, 1, 1, 0, 1, 0, 1, 1, 1, 1, 1, 1, 1, 1, 1, 1, 1, 1] 
dagE40.txt 100_1x1.txt True 0.20465116279069767 0.7 1022.0 [0, 0, 0, 0, 0, 0, 0, 0, 0, 0, 0, 0, 0, 0, 0, 0, 0, 0, 0, 0, 0, 1, 1, 0, 0, 0, 0, 0, 0, 1, 0, 1, 0, 0, 1, 1, 1, 0, 1, 1, 0, 1, 1, 1, 1, 1, 1, 0, 1, 1, 1, 1, 1, 1, 1, 0, 1, 0, 1, 1, 1, 1, 1, 1, 1, 1, 1, 1, 1, 1] 
dagE40.txt 100_1x1.txt True 0.20465116279069767 0.75 1022.0 [0, 0, 0, 0, 0, 0, 0, 0, 0, 0, 0, 0, 0, 0, 0, 0, 0, 0, 0, 0, 0, 1, 1, 0, 0, 0, 0, 0, 0, 1, 0, 1, 0, 0, 1, 1, 1, 0, 1, 1, 0, 1, 1, 1, 1, 1, 1, 0, 1, 1, 1, 1, 1, 1, 1, 0, 1, 0, 1, 1, 1, 1, 1, 1, 1, 1, 1, 1, 1, 1] 
dagE40.txt 100_1x1.txt True 0.20465116279069767 0.8 1022.0 [0, 0, 0, 0, 0, 0, 0, 0, 0, 0, 0, 0, 0, 0, 0, 0, 0, 0, 0, 0, 0, 1, 1, 0, 0, 0, 0, 0, 0, 1, 0, 1, 0, 0, 1, 1, 1, 0, 1, 1, 0, 1, 1, 1, 1, 1, 1, 0, 1, 1, 1, 1, 1, 1, 1, 0, 1, 0, 1, 1, 1, 1, 1, 1, 1, 1, 1, 1, 1, 1] 
dagE40.txt 100_1x1.txt True 0.20465116279069767 0.85 1022.0 [0, 0, 0, 0, 0, 0, 0, 0, 0, 0, 0, 0, 0, 0, 0, 0, 0, 0, 0, 0, 0, 1, 1, 0, 0, 0, 0, 0, 0, 1, 0, 1, 0, 0, 1, 1, 1, 0, 1, 1, 0, 1, 1, 1, 1, 1, 1, 0, 1, 1, 1, 1, 1, 1, 1, 0, 1, 0, 1, 1, 1, 1, 1, 1, 1, 1, 1, 1, 1, 1] 
dagE40.txt 100_1x1.txt True 0.20465116279069767 0.9 1022.0 [0, 0, 0, 0, 0, 0, 0, 0, 0, 0, 0, 0, 0, 0, 0, 0, 0, 0, 0, 0, 0, 1, 1, 0, 0, 0, 0, 0, 0, 1, 0, 1, 0, 0, 1, 1, 1, 0, 1, 1, 0, 1, 1, 1, 1, 1, 1, 0, 1, 1, 1, 1, 1, 1, 1, 0, 1, 0, 1, 1, 1, 1, 1, 1, 1, 1, 1, 1, 1, 1] 
dagE40.txt 100_1x1.txt True 0.20465116279069767 0.95 1022.0 [0, 0, 0, 0, 0, 0, 0, 0, 0, 0, 0, 0, 0, 0, 0, 0, 0, 0, 0, 0, 0, 1, 1, 0, 0, 0, 0, 0, 0, 1, 0, 1, 0, 0, 1, 1, 1, 0, 1, 1, 0, 1, 1, 1, 1, 1, 1, 0, 1, 1, 1, 1, 1, 1, 1, 0, 1, 0, 1, 1, 1, 1, 1, 1, 1, 1, 1, 1, 1, 1] 
dagE40.txt 100_1x1.txt True 0.20465116279069767 1 1022.0 [0, 0, 0, 0, 0, 0, 0, 0, 0, 0, 0, 0, 0, 0, 0, 0, 0, 0, 0, 0, 0, 1, 1, 0, 0, 0, 0, 0, 0, 1, 0, 1, 0, 0, 1, 1, 1, 0, 1, 1, 0, 1, 1, 1, 1, 1, 1, 0, 1, 1, 1, 1, 1, 1, 1, 0, 1, 0, 1, 1, 1, 1, 1, 1, 1, 1, 1, 1, 1, 1] 
dagE40.txt 1234x1.txt True 0.05581395348837209 0.07 509.25 [3, 3, 3, 3, 3, 3, 3, 3, 3, 3, 3, 3, 3, 3, 3, 3, 3, 3, 2, 3, 3, 3, 3, 3, 3, 3, 3, 3, 3, 3, 3, 2, 3, 3, 3, 3, 3, 3, 3, 3, 3, 3, 3, 3, 3, 3, 3, 3, 3, 3, 3, 3, 3, 3, 3, 3, 3, 3, 3, 3, 3, 3, 3, 3, 3, 3, 3, 3, 3, 3] 
dagE40.txt 1234x1.txt True 0.07441860465116279 0.08 475.5 [3, 3, 3, 3, 3, 3, 3, 3, 3, 3, 3, 3, 3, 3, 3, 2, 3, 3, 3, 3, 3, 3, 3, 3, 3, 3, 3, 2, 3, 3, 3, 1, 3, 3, 3, 3, 3, 3, 3, 3, 3, 3, 3, 3, 3, 1, 3, 1, 3, 3, 2, 3, 3, 3, 3, 3, 3, 3, 3, 3, 3, 3, 3, 3, 3, 3, 3, 3, 3, 3] 
dagE40.txt 1234x1.txt True 0.07441860465116279 0.09 475.5 [3, 3, 3, 3, 3, 3, 3, 3, 3, 3, 3, 3, 3, 3, 3, 2, 3, 3, 3, 3, 3, 3, 3, 3, 3, 3, 3, 2, 3, 3, 3, 1, 3, 3, 3, 3, 3, 3, 3, 3, 3, 3, 3, 3, 3, 1, 3, 1, 3, 3, 2, 3, 3, 3, 3, 3, 3, 3, 3, 3, 3, 3, 3, 3, 3, 3, 3, 3, 3, 3] 
dagE40.txt 1234x1.txt True 0.07441860465116279 0.1 475.5 [3, 3, 3, 3, 3, 3, 3, 3, 3, 3, 3, 3, 3, 3, 3, 2, 3, 3, 3, 3, 3, 3, 3, 3, 3, 3, 3, 2, 3, 3, 3, 1, 3, 3, 3, 3, 3, 3, 3, 3, 3, 3, 3, 3, 3, 1, 3, 1, 3, 3, 2, 3, 3, 3, 3, 3, 3, 3, 3, 3, 3, 3, 3, 3, 3, 3, 3, 3, 3, 3] 
dagE40.txt 1234x1.txt True 0.07441860465116279 0.11 475.5 [3, 3, 3, 3, 3, 3, 3, 3, 3, 3, 3, 3, 3, 3, 3, 2, 3, 3, 3, 3, 3, 3, 3, 3, 3, 3, 3, 2, 3, 3, 3, 1, 3, 3, 3, 3, 3, 3, 3, 3, 3, 3, 3, 3, 3, 1, 3, 1, 3, 3, 2, 3, 3, 3, 3, 3, 3, 3, 3, 3, 3, 3, 3, 3, 3, 3, 3, 3, 3, 3] 
dagE40.txt 1234x1.txt True 0.07441860465116279 0.12 475.5 [3, 3, 3, 3, 3, 3, 3, 3, 3, 3, 3, 3, 3, 3, 3, 2, 3, 3, 3, 3, 3, 3, 3, 3, 3, 3, 3, 2, 3, 3, 3, 1, 3, 3, 3, 3, 3, 3, 3, 3, 3, 3, 3, 3, 3, 1, 3, 1, 3, 3, 2, 3, 3, 3, 3, 3, 3, 3, 3, 3, 3, 3, 3, 3, 3, 3, 3, 3, 3, 3] 
dagE40.txt 1234x1.txt True 0.07441860465116279 0.13 475.5 [3, 3, 3, 3, 3, 3, 3, 3, 3, 3, 3, 3, 3, 3, 3, 2, 3, 3, 3, 3, 3, 3, 3, 3, 3, 3, 3, 2, 3, 3, 3, 1, 3, 3, 3, 3, 3, 3, 3, 3, 3, 3, 3, 3, 3, 1, 3, 1, 3, 3, 2, 3, 3, 3, 3, 3, 3, 3, 3, 3, 3, 3, 3, 3, 3, 3, 3, 3, 3, 3] 
dagE40.txt 1234x1.txt True 0.07441860465116279 0.14 475.5 [3, 3, 3, 3, 3, 3, 3, 3, 3, 3, 3, 3, 3, 3, 3, 2, 3, 3, 3, 3, 3, 3, 3, 3, 3, 3, 3, 2, 3, 3, 3, 1, 3, 3, 3, 3, 3, 3, 3, 3, 3, 3, 3, 3, 3, 1, 3, 1, 3, 3, 2, 3, 3, 3, 3, 3, 3, 3, 3, 3, 3, 3, 3, 3, 3, 3, 3, 3, 3, 3] 
dagE40.txt 1234x1.txt True 0.07441860465116279 0.15 475.5 [3, 3, 3, 3, 3, 3, 3, 3, 3, 3, 3, 3, 3, 3, 3, 2, 3, 3, 3, 3, 3, 3, 3, 3, 3, 3, 3, 2, 3, 3, 3, 1, 3, 3, 3, 3, 3, 3, 3, 3, 3, 3, 3, 3, 3, 1, 3, 1, 3, 3, 2, 3, 3, 3, 3, 3, 3, 3, 3, 3, 3, 3, 3, 3, 3, 3, 3, 3, 3, 3] 
dagE40.txt 1234x1.txt True 0.07441860465116279 0.16 475.5 [3, 3, 3, 3, 3, 3, 3, 3, 3, 3, 3, 3, 3, 3, 3, 2, 3, 3, 3, 3, 3, 3, 3, 3, 3, 3, 3, 2, 3, 3, 3, 1, 3, 3, 3, 3, 3, 3, 3, 3, 3, 3, 3, 3, 3, 1, 3, 1, 3, 3, 2, 3, 3, 3, 3, 3, 3, 3, 3, 3, 3, 3, 3, 3, 3, 3, 3, 3, 3, 3] 
dagE40.txt 1234x1.txt True 0.16744186046511628 0.17 386.75 [3, 3, 3, 3, 3, 3, 3, 3, 3, 3, 3, 3, 3, 3, 2, 2, 3, 3, 3, 3, 3, 3, 3, 3, 3, 3, 3, 2, 3, 3, 3, 2, 3, 3, 3, 3, 3, 3, 3, 3, 3, 3, 3, 1, 1, 2, 1, 2, 1, 3, 2, 3, 3, 1, 3, 3, 3, 2, 3, 3, 1, 1, 3, 3, 3, 3, 3, 1, 3, 1] 
dagE40.txt 1234x1.txt True 0.16744186046511628 0.18 386.75 [3, 3, 3, 3, 3, 3, 3, 3, 3, 3, 3, 3, 3, 3, 2, 2, 3, 3, 3, 3, 3, 3, 3, 3, 3, 3, 3, 2, 3, 3, 3, 2, 3, 3, 3, 3, 3, 3, 3, 3, 3, 3, 3, 1, 1, 2, 1, 2, 1, 3, 2, 3, 3, 1, 3, 3, 3, 2, 3, 3, 1, 1, 3, 3, 3, 3, 3, 1, 3, 1] 
dagE40.txt 1234x1.txt True 0.16744186046511628 0.19 386.75 [3, 3, 3, 3, 3, 3, 3, 3, 3, 3, 3, 3, 3, 3, 2, 2, 3, 3, 3, 3, 3, 3, 3, 3, 3, 3, 3, 2, 3, 3, 3, 2, 3, 3, 3, 3, 3, 3, 3, 3, 3, 3, 3, 1, 1, 2, 1, 2, 1, 3, 2, 3, 3, 1, 3, 3, 3, 2, 3, 3, 1, 1, 3, 3, 3, 3, 3, 1, 3, 1] 
dagE40.txt 1234x1.txt True 0.16744186046511628 0.2 386.75 [3, 3, 3, 3, 3, 3, 3, 3, 3, 3, 3, 3, 3, 3, 2, 2, 3, 3, 3, 3, 3, 3, 3, 3, 3, 3, 3, 2, 3, 3, 3, 2, 3, 3, 3, 3, 3, 3, 3, 3, 3, 3, 3, 1, 1, 2, 1, 2, 1, 3, 2, 3, 3, 1, 3, 3, 3, 2, 3, 3, 1, 1, 3, 3, 3, 3, 3, 1, 3, 1] 
dagE40.txt 1234x1.txt True 0.16744186046511628 0.25 386.75 [3, 3, 3, 3, 3, 3, 3, 3, 3, 3, 3, 3, 3, 3, 2, 2, 3, 3, 3, 3, 3, 3, 3, 3, 3, 3, 3, 2, 3, 3, 3, 2, 3, 3, 3, 3, 3, 3, 3, 3, 3, 3, 3, 1, 1, 2, 1, 2, 1, 3, 2, 3, 3, 1, 3, 3, 3, 2, 3, 3, 1, 1, 3, 3, 3, 3, 3, 1, 3, 1] 
dagE40.txt 1234x1.txt True 0.27906976744186046 0.3 325.6666666666667 [3, 3, 3, 3, 3, 3, 3, 3, 3, 3, 3, 3, 3, 3, 3, 3, 3, 2, 3, 3, 3, 2, 2, 3, 3, 2, 2, 3, 2, 2, 3, 2, 3, 2, 2, 2, 2, 2, 2, 2, 3, 2, 1, 0, 2, 2, 0, 2, 0, 1, 2, 2, 2, 2, 2, 2, 1, 2, 2, 2, 2, 1, 2, 1, 2, 1, 2, 0, 1, 1] 
dagE40.txt 1234x1.txt True 0.33488372093023255 0.35 748.0 [3, 2, 2, 2, 2, 2, 2, 2, 2, 2, 2, 2, 3, 2, 2, 2, 2, 3, 3, 2, 3, 0, 0, 2, 2, 3, 0, 2, 3, 0, 3, 1, 2, 3, 0, 0, 0, 0, 0, 0, 3, 1, 1, 0, 0, 1, 0, 1, 1, 0, 0, 0, 0, 1, 0, 3, 0, 1, 1, 0, 0, 1, 1, 0, 0, 0, 1, 0, 0, 1] 
dagE40.txt 1234x1.txt True 0.3813953488372093 0.4 501.0 [0, 1, 1, 1, 1, 1, 1, 1, 3, 1, 1, 1, 0, 1, 1, 1, 1, 0, 0, 0, 0, 2, 3, 1, 1, 0, 3, 1, 0, 3, 0, 2, 1, 0, 3, 2, 2, 3, 0, 3, 0, 2, 2, 2, 3, 2, 3, 0, 2, 3, 0, 2, 0, 2, 3, 2, 3, 0, 2, 3, 2, 2, 0, 3, 3, 3, 2, 2, 3, 2] 
dagE40.txt 1234x1.txt True 0.3813953488372093 0.45 501.0 [0, 1, 1, 1, 1, 1, 1, 1, 3, 1, 1, 1, 0, 1, 1, 1, 1, 0, 0, 0, 0, 2, 3, 1, 1, 0, 3, 1, 0, 3, 0, 2, 1, 0, 3, 2, 2, 3, 0, 3, 0, 2, 2, 2, 3, 2, 3, 0, 2, 3, 0, 2, 0, 2, 3, 2, 3, 0, 2, 3, 2, 2, 0, 3, 3, 3, 2, 2, 3, 2] 
dagE40.txt 1234x1.txt True 0.3813953488372093 0.5 501.0 [0, 1, 1, 1, 1, 1, 1, 1, 3, 1, 1, 1, 0, 1, 1, 1, 1, 0, 0, 0, 0, 2, 3, 1, 1, 0, 3, 1, 0, 3, 0, 2, 1, 0, 3, 2, 2, 3, 0, 3, 0, 2, 2, 2, 3, 2, 3, 0, 2, 3, 0, 2, 0, 2, 3, 2, 3, 0, 2, 3, 2, 2, 0, 3, 3, 3, 2, 2, 3, 2] 
dagE40.txt 1234x1.txt True 0.3813953488372093 0.55 501.0 [0, 1, 1, 1, 1, 1, 1, 1, 3, 1, 1, 1, 0, 1, 1, 1, 1, 0, 0, 0, 0, 2, 3, 1, 1, 0, 3, 1, 0, 3, 0, 2, 1, 0, 3, 2, 2, 3, 0, 3, 0, 2, 2, 2, 3, 2, 3, 0, 2, 3, 0, 2, 0, 2, 3, 2, 3, 0, 2, 3, 2, 2, 0, 3, 3, 3, 2, 2, 3, 2] 
dagE40.txt 1234x1.txt True 0.3813953488372093 0.6 501.0 [0, 1, 1, 1, 1, 1, 1, 1, 3, 1, 1, 1, 0, 1, 1, 1, 1, 0, 0, 0, 0, 2, 3, 1, 1, 0, 3, 1, 0, 3, 0, 2, 1, 0, 3, 2, 2, 3, 0, 3, 0, 2, 2, 2, 3, 2, 3, 0, 2, 3, 0, 2, 0, 2, 3, 2, 3, 0, 2, 3, 2, 2, 0, 3, 3, 3, 2, 2, 3, 2] 
dagE40.txt 1234x1.txt True 0.3813953488372093 0.65 501.0 [0, 1, 1, 1, 1, 1, 1, 1, 3, 1, 1, 1, 0, 1, 1, 1, 1, 0, 0, 0, 0, 2, 3, 1, 1, 0, 3, 1, 0, 3, 0, 2, 1, 0, 3, 2, 2, 3, 0, 3, 0, 2, 2, 2, 3, 2, 3, 0, 2, 3, 0, 2, 0, 2, 3, 2, 3, 0, 2, 3, 2, 2, 0, 3, 3, 3, 2, 2, 3, 2] 
dagE40.txt 1234x1.txt True 0.6790697674418604 0.7 453.0 [0, 1, 3, 1, 1, 2, 1, 2, 2, 0, 2, 1, 2, 3, 2, 0, 1, 1, 0, 1, 1, 3, 3, 1, 1, 2, 2, 2, 3, 0, 0, 0, 2, 0, 3, 3, 0, 1, 2, 3, 3, 3, 0, 1, 3, 1, 1, 3, 2, 2, 2, 0, 0, 0, 1, 2, 2, 3, 0, 3, 0, 0, 3, 0, 2, 3, 3, 2, 1, 3] 
dagE40.txt 1234x1.txt True 0.7116279069767442 0.75 586.0 [0, 2, 3, 1, 1, 3, 2, 0, 2, 1, 1, 1, 3, 2, 3, 0, 1, 3, 1, 2, 1, 2, 2, 0, 1, 0, 1, 0, 0, 2, 2, 2, 1, 0, 0, 3, 1, 3, 3, 0, 2, 3, 1, 3, 2, 2, 2, 0, 0, 2, 3, 3, 2, 1, 1, 3, 0, 0, 1, 3, 0, 2, 1, 3, 3, 0, 3, 0, 2, 3] 
dagE40.txt 1234x1.txt True 0.7116279069767442 0.8 586.0 [0, 2, 3, 1, 1, 3, 2, 0, 2, 1, 1, 1, 3, 2, 3, 0, 1, 3, 1, 2, 1, 2, 2, 0, 1, 0, 1, 0, 0, 2, 2, 2, 1, 0, 0, 3, 1, 3, 3, 0, 2, 3, 1, 3, 2, 2, 2, 0, 0, 2, 3, 3, 2, 1, 1, 3, 0, 0, 1, 3, 0, 2, 1, 3, 3, 0, 3, 0, 2, 3] 
dagE40.txt 1234x1.txt True 0.7116279069767442 0.85 586.0 [0, 2, 3, 1, 1, 3, 2, 0, 2, 1, 1, 1, 3, 2, 3, 0, 1, 3, 1, 2, 1, 2, 2, 0, 1, 0, 1, 0, 0, 2, 2, 2, 1, 0, 0, 3, 1, 3, 3, 0, 2, 3, 1, 3, 2, 2, 2, 0, 0, 2, 3, 3, 2, 1, 1, 3, 0, 0, 1, 3, 0, 2, 1, 3, 3, 0, 3, 0, 2, 3] 
dagE40.txt 1234x1.txt True 0.7116279069767442 0.9 586.0 [0, 2, 3, 1, 1, 3, 2, 0, 2, 1, 1, 1, 3, 2, 3, 0, 1, 3, 1, 2, 1, 2, 2, 0, 1, 0, 1, 0, 0, 2, 2, 2, 1, 0, 0, 3, 1, 3, 3, 0, 2, 3, 1, 3, 2, 2, 2, 0, 0, 2, 3, 3, 2, 1, 1, 3, 0, 0, 1, 3, 0, 2, 1, 3, 3, 0, 3, 0, 2, 3] 
dagE40.txt 1234x1.txt True 0.7116279069767442 0.95 586.0 [0, 2, 3, 1, 1, 3, 2, 0, 2, 1, 1, 1, 3, 2, 3, 0, 1, 3, 1, 2, 1, 2, 2, 0, 1, 0, 1, 0, 0, 2, 2, 2, 1, 0, 0, 3, 1, 3, 3, 0, 2, 3, 1, 3, 2, 2, 2, 0, 0, 2, 3, 3, 2, 1, 1, 3, 0, 0, 1, 3, 0, 2, 1, 3, 3, 0, 3, 0, 2, 3] 
dagE40.txt 1234x1.txt True 0.7116279069767442 1 586.0 [0, 2, 3, 1, 1, 3, 2, 0, 2, 1, 1, 1, 3, 2, 3, 0, 1, 3, 1, 2, 1, 2, 2, 0, 1, 0, 1, 0, 0, 2, 2, 2, 1, 0, 0, 3, 1, 3, 3, 0, 2, 3, 1, 3, 2, 2, 2, 0, 0, 2, 3, 3, 2, 1, 1, 3, 0, 0, 1, 3, 0, 2, 1, 3, 3, 0, 3, 0, 2, 3] 
dagE40.txt 3_2x3.txt True 0.0 0.07 1045.0 [5, 5, 5, 5, 5, 5, 5, 5, 5, 5, 5, 5, 5, 5, 5, 5, 5, 5, 5, 5, 5, 5, 5, 5, 5, 5, 5, 5, 5, 5, 5, 5, 5, 5, 5, 5, 5, 5, 5, 5, 5, 5, 5, 5, 5, 5, 5, 5, 5, 5, 5, 5, 5, 5, 5, 5, 5, 5, 5, 5, 5, 5, 5, 5, 5, 5, 5, 5, 5, 5] 
dagE40.txt 3_2x3.txt True 0.0 0.08 1045.0 [5, 5, 5, 5, 5, 5, 5, 5, 5, 5, 5, 5, 5, 5, 5, 5, 5, 5, 5, 5, 5, 5, 5, 5, 5, 5, 5, 5, 5, 5, 5, 5, 5, 5, 5, 5, 5, 5, 5, 5, 5, 5, 5, 5, 5, 5, 5, 5, 5, 5, 5, 5, 5, 5, 5, 5, 5, 5, 5, 5, 5, 5, 5, 5, 5, 5, 5, 5, 5, 5] 
dagE40.txt 3_2x3.txt True 0.08372093023255814 0.09 962.5 [5, 5, 5, 5, 5, 5, 5, 5, 5, 5, 5, 5, 5, 5, 5, 5, 5, 5, 5, 5, 5, 5, 5, 5, 5, 5, 5, 5, 5, 5, 5, 5, 5, 5, 5, 5, 5, 5, 5, 5, 5, 4, 5, 5, 5, 5, 5, 5, 5, 5, 5, 5, 5, 5, 5, 4, 5, 5, 5, 5, 5, 5, 5, 4, 3, 5, 5, 5, 5, 3] 
dagE40.txt 3_2x3.txt True 0.08372093023255814 0.1 962.5 [5, 5, 5, 5, 5, 5, 5, 5, 5, 5, 5, 5, 5, 5, 5, 5, 5, 5, 5, 5, 5, 5, 5, 5, 5, 5, 5, 5, 5, 5, 5, 5, 5, 5, 5, 5, 5, 5, 5, 5, 5, 4, 5, 5, 5, 5, 5, 5, 5, 5, 5, 5, 5, 5, 5, 4, 5, 5, 5, 5, 5, 5, 5, 4, 3, 5, 5, 5, 5, 3] 
dagE40.txt 3_2x3.txt True 0.10232558139534884 0.11 885.5 [5, 5, 5, 5, 5, 5, 5, 5, 5, 5, 5, 5, 5, 5, 5, 5, 5, 5, 5, 5, 5, 5, 5, 5, 5, 5, 5, 5, 5, 5, 5, 0, 5, 5, 5, 5, 5, 5, 5, 5, 5, 5, 5, 4, 5, 0, 4, 0, 0, 5, 5, 5, 5, 3, 5, 5, 5, 5, 5, 5, 4, 3, 5, 5, 5, 5, 5, 4, 5, 3] 
dagE40.txt 3_2x3.txt True 0.10232558139534884 0.12 885.5 [5, 5, 5, 5, 5, 5, 5, 5, 5, 5, 5, 5, 5, 5, 5, 5, 5, 5, 5, 5, 5, 5, 5, 5, 5, 5, 5, 5, 5, 5, 5, 0, 5, 5, 5, 5, 5, 5, 5, 5, 5, 5, 5, 4, 5, 0, 4, 0, 0, 5, 5, 5, 5, 3, 5, 5, 5, 5, 5, 5, 4, 3, 5, 5, 5, 5, 5, 4, 5, 3] 
dagE40.txt 3_2x3.txt True 0.10232558139534884 0.13 885.5 [5, 5, 5, 5, 5, 5, 5, 5, 5, 5, 5, 5, 5, 5, 5, 5, 5, 5, 5, 5, 5, 5, 5, 5, 5, 5, 5, 5, 5, 5, 5, 0, 5, 5, 5, 5, 5, 5, 5, 5, 5, 5, 5, 4, 5, 0, 4, 0, 0, 5, 5, 5, 5, 3, 5, 5, 5, 5, 5, 5, 4, 3, 5, 5, 5, 5, 5, 4, 5, 3] 
dagE40.txt 3_2x3.txt True 0.10232558139534884 0.14 885.5 [5, 5, 5, 5, 5, 5, 5, 5, 5, 5, 5, 5, 5, 5, 5, 5, 5, 5, 5, 5, 5, 5, 5, 5, 5, 5, 5, 5, 5, 5, 5, 0, 5, 5, 5, 5, 5, 5, 5, 5, 5, 5, 5, 4, 5, 0, 4, 0, 0, 5, 5, 5, 5, 3, 5, 5, 5, 5, 5, 5, 4, 3, 5, 5, 5, 5, 5, 4, 5, 3] 
dagE40.txt 3_2x3.txt True 0.10232558139534884 0.15 885.5 [5, 5, 5, 5, 5, 5, 5, 5, 5, 5, 5, 5, 5, 5, 5, 5, 5, 5, 5, 5, 5, 5, 5, 5, 5, 5, 5, 5, 5, 5, 5, 0, 5, 5, 5, 5, 5, 5, 5, 5, 5, 5, 5, 4, 5, 0, 4, 0, 0, 5, 5, 5, 5, 3, 5, 5, 5, 5, 5, 5, 4, 3, 5, 5, 5, 5, 5, 4, 5, 3] 
dagE40.txt 3_2x3.txt True 0.10232558139534884 0.16 885.5 [5, 5, 5, 5, 5, 5, 5, 5, 5, 5, 5, 5, 5, 5, 5, 5, 5, 5, 5, 5, 5, 5, 5, 5, 5, 5, 5, 5, 5, 5, 5, 0, 5, 5, 5, 5, 5, 5, 5, 5, 5, 5, 5, 4, 5, 0, 4, 0, 0, 5, 5, 5, 5, 3, 5, 5, 5, 5, 5, 5, 4, 3, 5, 5, 5, 5, 5, 4, 5, 3] 
dagE40.txt 3_2x3.txt True 0.10232558139534884 0.17 885.5 [5, 5, 5, 5, 5, 5, 5, 5, 5, 5, 5, 5, 5, 5, 5, 5, 5, 5, 5, 5, 5, 5, 5, 5, 5, 5, 5, 5, 5, 5, 5, 0, 5, 5, 5, 5, 5, 5, 5, 5, 5, 5, 5, 4, 5, 0, 4, 0, 0, 5, 5, 5, 5, 3, 5, 5, 5, 5, 5, 5, 4, 3, 5, 5, 5, 5, 5, 4, 5, 3] 
dagE40.txt 3_2x3.txt True 0.10232558139534884 0.18 885.5 [5, 5, 5, 5, 5, 5, 5, 5, 5, 5, 5, 5, 5, 5, 5, 5, 5, 5, 5, 5, 5, 5, 5, 5, 5, 5, 5, 5, 5, 5, 5, 0, 5, 5, 5, 5, 5, 5, 5, 5, 5, 5, 5, 4, 5, 0, 4, 0, 0, 5, 5, 5, 5, 3, 5, 5, 5, 5, 5, 5, 4, 3, 5, 5, 5, 5, 5, 4, 5, 3] 
dagE40.txt 3_2x3.txt True 0.10232558139534884 0.19 885.5 [5, 5, 5, 5, 5, 5, 5, 5, 5, 5, 5, 5, 5, 5, 5, 5, 5, 5, 5, 5, 5, 5, 5, 5, 5, 5, 5, 5, 5, 5, 5, 0, 5, 5, 5, 5, 5, 5, 5, 5, 5, 5, 5, 4, 5, 0, 4, 0, 0, 5, 5, 5, 5, 3, 5, 5, 5, 5, 5, 5, 4, 3, 5, 5, 5, 5, 5, 4, 5, 3] 
dagE40.txt 3_2x3.txt True 0.10232558139534884 0.2 885.5 [5, 5, 5, 5, 5, 5, 5, 5, 5, 5, 5, 5, 5, 5, 5, 5, 5, 5, 5, 5, 5, 5, 5, 5, 5, 5, 5, 5, 5, 5, 5, 0, 5, 5, 5, 5, 5, 5, 5, 5, 5, 5, 5, 4, 5, 0, 4, 0, 0, 5, 5, 5, 5, 3, 5, 5, 5, 5, 5, 5, 4, 3, 5, 5, 5, 5, 5, 4, 5, 3] 
dagE40.txt 3_2x3.txt True 0.24186046511627907 0.25 533.5 [5, 5, 5, 5, 5, 5, 5, 5, 5, 5, 5, 5, 5, 5, 5, 3, 5, 5, 5, 5, 5, 3, 5, 5, 5, 5, 5, 5, 5, 3, 5, 3, 5, 5, 3, 3, 5, 5, 3, 3, 5, 3, 3, 3, 3, 3, 3, 2, 3, 3, 5, 3, 3, 4, 3, 3, 3, 2, 3, 3, 3, 4, 3, 3, 3, 3, 3, 3, 3, 4] 
dagE40.txt 3_2x3.txt True 0.24186046511627907 0.3 533.5 [5, 5, 5, 5, 5, 5, 5, 5, 5, 5, 5, 5, 5, 5, 5, 3, 5, 5, 5, 5, 5, 3, 5, 5, 5, 5, 5, 5, 5, 3, 5, 3, 5, 5, 3, 3, 5, 5, 3, 3, 5, 3, 3, 3, 3, 3, 3, 2, 3, 3, 5, 3, 3, 4, 3, 3, 3, 2, 3, 3, 3, 4, 3, 3, 3, 3, 3, 3, 3, 4] 
dagE40.txt 3_2x3.txt True 0.24186046511627907 0.35 533.5 [5, 5, 5, 5, 5, 5, 5, 5, 5, 5, 5, 5, 5, 5, 5, 3, 5, 5, 5, 5, 5, 3, 5, 5, 5, 5, 5, 5, 5, 3, 5, 3, 5, 5, 3, 3, 5, 5, 3, 3, 5, 3, 3, 3, 3, 3, 3, 2, 3, 3, 5, 3, 3, 4, 3, 3, 3, 2, 3, 3, 3, 4, 3, 3, 3, 3, 3, 3, 3, 4] 
dagE40.txt 3_2x3.txt True 0.3674418604651163 0.4 267.0 [4, 5, 5, 5, 5, 5, 5, 5, 5, 5, 5, 5, 4, 5, 5, 3, 5, 4, 4, 4, 4, 4, 4, 5, 5, 4, 2, 3, 4, 2, 4, 1, 5, 4, 2, 4, 2, 2, 2, 2, 4, 4, 1, 2, 2, 1, 2, 1, 1, 2, 2, 2, 2, 1, 2, 4, 2, 1, 1, 2, 2, 1, 1, 2, 2, 2, 4, 2, 2, 1] 
dagE40.txt 3_2x3.txt True 0.3674418604651163 0.45 267.0 [4, 5, 5, 5, 5, 5, 5, 5, 5, 5, 5, 5, 4, 5, 5, 3, 5, 4, 4, 4, 4, 4, 4, 5, 5, 4, 2, 3, 4, 2, 4, 1, 5, 4, 2, 4, 2, 2, 2, 2, 4, 4, 1, 2, 2, 1, 2, 1, 1, 2, 2, 2, 2, 1, 2, 4, 2, 1, 1, 2, 2, 1, 1, 2, 2, 2, 4, 2, 2, 1] 
dagE40.txt 3_2x3.txt True 0.4930232558139535 0.5 191.5 [1, 1, 1, 1, 2, 2, 1, 2, 2, 2, 1, 1, 0, 2, 2, 5, 1, 0, 2, 1, 2, 4, 4, 1, 1, 0, 2, 2, 0, 5, 0, 4, 1, 0, 5, 4, 4, 2, 3, 3, 0, 4, 4, 5, 5, 4, 5, 0, 4, 3, 3, 4, 3, 0, 5, 0, 3, 0, 4, 5, 5, 3, 3, 3, 5, 3, 4, 5, 3, 3] 
dagE40.txt 3_2x3.txt True 0.4930232558139535 0.55 191.5 [1, 1, 1, 1, 2, 2, 1, 2, 2, 2, 1, 1, 0, 2, 2, 5, 1, 0, 2, 1, 2, 4, 4, 1, 1, 0, 2, 2, 0, 5, 0, 4, 1, 0, 5, 4, 4, 2, 3, 3, 0, 4, 4, 5, 5, 4, 5, 0, 4, 3, 3, 4, 3, 0, 5, 0, 3, 0, 4, 5, 5, 3, 3, 3, 5, 3, 4, 5, 3, 3] 
dagE40.txt 3_2x3.txt True 0.4930232558139535 0.6 191.5 [1, 1, 1, 1, 2, 2, 1, 2, 2, 2, 1, 1, 0, 2, 2, 5, 1, 0, 2, 1, 2, 4, 4, 1, 1, 0, 2, 2, 0, 5, 0, 4, 1, 0, 5, 4, 4, 2, 3, 3, 0, 4, 4, 5, 5, 4, 5, 0, 4, 3, 3, 4, 3, 0, 5, 0, 3, 0, 4, 5, 5, 3, 3, 3, 5, 3, 4, 5, 3, 3] 
dagE40.txt 3_2x3.txt True 0.4930232558139535 0.65 191.5 [1, 1, 1, 1, 2, 2, 1, 2, 2, 2, 1, 1, 0, 2, 2, 5, 1, 0, 2, 1, 2, 4, 4, 1, 1, 0, 2, 2, 0, 5, 0, 4, 1, 0, 5, 4, 4, 2, 3, 3, 0, 4, 4, 5, 5, 4, 5, 0, 4, 3, 3, 4, 3, 0, 5, 0, 3, 0, 4, 5, 5, 3, 3, 3, 5, 3, 4, 5, 3, 3] 
dagE40.txt 3_2x3.txt True 0.4930232558139535 0.7 191.5 [1, 1, 1, 1, 2, 2, 1, 2, 2, 2, 1, 1, 0, 2, 2, 5, 1, 0, 2, 1, 2, 4, 4, 1, 1, 0, 2, 2, 0, 5, 0, 4, 1, 0, 5, 4, 4, 2, 3, 3, 0, 4, 4, 5, 5, 4, 5, 0, 4, 3, 3, 4, 3, 0, 5, 0, 3, 0, 4, 5, 5, 3, 3, 3, 5, 3, 4, 5, 3, 3] 
dagE40.txt 3_2x3.txt True 0.7488372093023256 0.75 203.5 [4, 0, 0, 5, 5, 0, 4, 2, 0, 1, 0, 0, 2, 1, 1, 5, 5, 4, 5, 4, 4, 1, 2, 4, 5, 3, 2, 1, 0, 3, 2, 4, 0, 3, 1, 5, 2, 4, 1, 3, 0, 5, 0, 2, 4, 0, 2, 1, 5, 3, 1, 5, 1, 2, 2, 5, 3, 1, 2, 3, 4, 4, 2, 3, 5, 1, 3, 3, 3, 4] 
dagE40.txt 3_2x3.txt True 0.7488372093023256 0.8 203.5 [4, 0, 0, 5, 5, 0, 4, 2, 0, 1, 0, 0, 2, 1, 1, 5, 5, 4, 5, 4, 4, 1, 2, 4, 5, 3, 2, 1, 0, 3, 2, 4, 0, 3, 1, 5, 2, 4, 1, 3, 0, 5, 0, 2, 4, 0, 2, 1, 5, 3, 1, 5, 1, 2, 2, 5, 3, 1, 2, 3, 4, 4, 2, 3, 5, 1, 3, 3, 3, 4] 
dagE40.txt 3_2x3.txt True 0.7488372093023256 0.85 203.5 [4, 0, 0, 5, 5, 0, 4, 2, 0, 1, 0, 0, 2, 1, 1, 5, 5, 4, 5, 4, 4, 1, 2, 4, 5, 3, 2, 1, 0, 3, 2, 4, 0, 3, 1, 5, 2, 4, 1, 3, 0, 5, 0, 2, 4, 0, 2, 1, 5, 3, 1, 5, 1, 2, 2, 5, 3, 1, 2, 3, 4, 4, 2, 3, 5, 1, 3, 3, 3, 4] 
dagE40.txt 3_2x3.txt True 0.7488372093023256 0.9 203.5 [4, 0, 0, 5, 5, 0, 4, 2, 0, 1, 0, 0, 2, 1, 1, 5, 5, 4, 5, 4, 4, 1, 2, 4, 5, 3, 2, 1, 0, 3, 2, 4, 0, 3, 1, 5, 2, 4, 1, 3, 0, 5, 0, 2, 4, 0, 2, 1, 5, 3, 1, 5, 1, 2, 2, 5, 3, 1, 2, 3, 4, 4, 2, 3, 5, 1, 3, 3, 3, 4] 
dagE40.txt 3_2x3.txt True 0.7488372093023256 0.95 203.5 [4, 0, 0, 5, 5, 0, 4, 2, 0, 1, 0, 0, 2, 1, 1, 5, 5, 4, 5, 4, 4, 1, 2, 4, 5, 3, 2, 1, 0, 3, 2, 4, 0, 3, 1, 5, 2, 4, 1, 3, 0, 5, 0, 2, 4, 0, 2, 1, 5, 3, 1, 5, 1, 2, 2, 5, 3, 1, 2, 3, 4, 4, 2, 3, 5, 1, 3, 3, 3, 4] 
dagE40.txt 3_2x3.txt True 0.7488372093023256 1 203.5 [4, 0, 0, 5, 5, 0, 4, 2, 0, 1, 0, 0, 2, 1, 1, 5, 5, 4, 5, 4, 4, 1, 2, 4, 5, 3, 2, 1, 0, 3, 2, 4, 0, 3, 1, 5, 2, 4, 1, 3, 0, 5, 0, 2, 4, 0, 2, 1, 5, 3, 1, 5, 1, 2, 2, 5, 3, 1, 2, 3, 4, 4, 2, 3, 5, 1, 3, 3, 3, 4] 
dagE40.txt 1234x3.txt True 0.0 0.07 522.5 [11, 11, 11, 11, 11, 11, 11, 11, 11, 11, 11, 11, 11, 11, 11, 11, 11, 11, 11, 11, 11, 11, 11, 11, 11, 11, 11, 11, 11, 11, 11, 11, 11, 11, 11, 11, 11, 11, 11, 11, 11, 11, 11, 11, 11, 11, 11, 11, 11, 11, 11, 11, 11, 11, 11, 11, 11, 11, 11, 11, 11, 11, 11, 11, 11, 11, 11, 11, 11, 11] 
dagE40.txt 1234x3.txt True 0.0 0.08 522.5 [11, 11, 11, 11, 11, 11, 11, 11, 11, 11, 11, 11, 11, 11, 11, 11, 11, 11, 11, 11, 11, 11, 11, 11, 11, 11, 11, 11, 11, 11, 11, 11, 11, 11, 11, 11, 11, 11, 11, 11, 11, 11, 11, 11, 11, 11, 11, 11, 11, 11, 11, 11, 11, 11, 11, 11, 11, 11, 11, 11, 11, 11, 11, 11, 11, 11, 11, 11, 11, 11] 
dagE40.txt 1234x3.txt True 0.0 0.09 522.5 [11, 11, 11, 11, 11, 11, 11, 11, 11, 11, 11, 11, 11, 11, 11, 11, 11, 11, 11, 11, 11, 11, 11, 11, 11, 11, 11, 11, 11, 11, 11, 11, 11, 11, 11, 11, 11, 11, 11, 11, 11, 11, 11, 11, 11, 11, 11, 11, 11, 11, 11, 11, 11, 11, 11, 11, 11, 11, 11, 11, 11, 11, 11, 11, 11, 11, 11, 11, 11, 11] 
dagE40.txt 1234x3.txt True 0.0 0.1 522.5 [11, 11, 11, 11, 11, 11, 11, 11, 11, 11, 11, 11, 11, 11, 11, 11, 11, 11, 11, 11, 11, 11, 11, 11, 11, 11, 11, 11, 11, 11, 11, 11, 11, 11, 11, 11, 11, 11, 11, 11, 11, 11, 11, 11, 11, 11, 11, 11, 11, 11, 11, 11, 11, 11, 11, 11, 11, 11, 11, 11, 11, 11, 11, 11, 11, 11, 11, 11, 11, 11] 
dagE40.txt 1234x3.txt True 0.0 0.11 522.5 [11, 11, 11, 11, 11, 11, 11, 11, 11, 11, 11, 11, 11, 11, 11, 11, 11, 11, 11, 11, 11, 11, 11, 11, 11, 11, 11, 11, 11, 11, 11, 11, 11, 11, 11, 11, 11, 11, 11, 11, 11, 11, 11, 11, 11, 11, 11, 11, 11, 11, 11, 11, 11, 11, 11, 11, 11, 11, 11, 11, 11, 11, 11, 11, 11, 11, 11, 11, 11, 11] 
dagE40.txt 1234x3.txt True 0.0 0.12 522.5 [11, 11, 11, 11, 11, 11, 11, 11, 11, 11, 11, 11, 11, 11, 11, 11, 11, 11, 11, 11, 11, 11, 11, 11, 11, 11, 11, 11, 11, 11, 11, 11, 11, 11, 11, 11, 11, 11, 11, 11, 11, 11, 11, 11, 11, 11, 11, 11, 11, 11, 11, 11, 11, 11, 11, 11, 11, 11, 11, 11, 11, 11, 11, 11, 11, 11, 11, 11, 11, 11] 
dagE40.txt 1234x3.txt True 0.0 0.13 522.5 [11, 11, 11, 11, 11, 11, 11, 11, 11, 11, 11, 11, 11, 11, 11, 11, 11, 11, 11, 11, 11, 11, 11, 11, 11, 11, 11, 11, 11, 11, 11, 11, 11, 11, 11, 11, 11, 11, 11, 11, 11, 11, 11, 11, 11, 11, 11, 11, 11, 11, 11, 11, 11, 11, 11, 11, 11, 11, 11, 11, 11, 11, 11, 11, 11, 11, 11, 11, 11, 11] 
dagE40.txt 1234x3.txt True 0.13023255813953488 0.14 390.25 [11, 11, 11, 11, 11, 11, 11, 11, 11, 11, 11, 11, 11, 11, 11, 11, 11, 11, 11, 11, 11, 11, 11, 11, 11, 11, 11, 11, 11, 11, 11, 11, 11, 11, 11, 11, 11, 11, 11, 11, 11, 11, 11, 4, 11, 2, 4, 4, 9, 9, 11, 11, 11, 9, 11, 11, 4, 4, 11, 11, 11, 9, 4, 9, 9, 9, 11, 4, 9, 9] 
dagE40.txt 1234x3.txt True 0.13023255813953488 0.15 390.25 [11, 11, 11, 11, 11, 11, 11, 11, 11, 11, 11, 11, 11, 11, 11, 11, 11, 11, 11, 11, 11, 11, 11, 11, 11, 11, 11, 11, 11, 11, 11, 11, 11, 11, 11, 11, 11, 11, 11, 11, 11, 11, 11, 4, 11, 2, 4, 4, 9, 9, 11, 11, 11, 9, 11, 11, 4, 4, 11, 11, 11, 9, 4, 9, 9, 9, 11, 4, 9, 9] 
dagE40.txt 1234x3.txt True 0.13023255813953488 0.16 390.25 [11, 11, 11, 11, 11, 11, 11, 11, 11, 11, 11, 11, 11, 11, 11, 11, 11, 11, 11, 11, 11, 11, 11, 11, 11, 11, 11, 11, 11, 11, 11, 11, 11, 11, 11, 11, 11, 11, 11, 11, 11, 11, 11, 4, 11, 2, 4, 4, 9, 9, 11, 11, 11, 9, 11, 11, 4, 4, 11, 11, 11, 9, 4, 9, 9, 9, 11, 4, 9, 9] 
dagE40.txt 1234x3.txt True 0.13023255813953488 0.17 390.25 [11, 11, 11, 11, 11, 11, 11, 11, 11, 11, 11, 11, 11, 11, 11, 11, 11, 11, 11, 11, 11, 11, 11, 11, 11, 11, 11, 11, 11, 11, 11, 11, 11, 11, 11, 11, 11, 11, 11, 11, 11, 11, 11, 4, 11, 2, 4, 4, 9, 9, 11, 11, 11, 9, 11, 11, 4, 4, 11, 11, 11, 9, 4, 9, 9, 9, 11, 4, 9, 9] 
dagE40.txt 1234x3.txt True 0.13023255813953488 0.18 390.25 [11, 11, 11, 11, 11, 11, 11, 11, 11, 11, 11, 11, 11, 11, 11, 11, 11, 11, 11, 11, 11, 11, 11, 11, 11, 11, 11, 11, 11, 11, 11, 11, 11, 11, 11, 11, 11, 11, 11, 11, 11, 11, 11, 4, 11, 2, 4, 4, 9, 9, 11, 11, 11, 9, 11, 11, 4, 4, 11, 11, 11, 9, 4, 9, 9, 9, 11, 4, 9, 9] 
dagE40.txt 1234x3.txt True 0.13023255813953488 0.19 390.25 [11, 11, 11, 11, 11, 11, 11, 11, 11, 11, 11, 11, 11, 11, 11, 11, 11, 11, 11, 11, 11, 11, 11, 11, 11, 11, 11, 11, 11, 11, 11, 11, 11, 11, 11, 11, 11, 11, 11, 11, 11, 11, 11, 4, 11, 2, 4, 4, 9, 9, 11, 11, 11, 9, 11, 11, 4, 4, 11, 11, 11, 9, 4, 9, 9, 9, 11, 4, 9, 9] 
dagE40.txt 1234x3.txt True 0.13023255813953488 0.2 390.25 [11, 11, 11, 11, 11, 11, 11, 11, 11, 11, 11, 11, 11, 11, 11, 11, 11, 11, 11, 11, 11, 11, 11, 11, 11, 11, 11, 11, 11, 11, 11, 11, 11, 11, 11, 11, 11, 11, 11, 11, 11, 11, 11, 4, 11, 2, 4, 4, 9, 9, 11, 11, 11, 9, 11, 11, 4, 4, 11, 11, 11, 9, 4, 9, 9, 9, 11, 4, 9, 9] 
dagE40.txt 1234x3.txt True 0.13023255813953488 0.25 390.25 [11, 11, 11, 11, 11, 11, 11, 11, 11, 11, 11, 11, 11, 11, 11, 11, 11, 11, 11, 11, 11, 11, 11, 11, 11, 11, 11, 11, 11, 11, 11, 11, 11, 11, 11, 11, 11, 11, 11, 11, 11, 11, 11, 4, 11, 2, 4, 4, 9, 9, 11, 11, 11, 9, 11, 11, 4, 4, 11, 11, 11, 9, 4, 9, 9, 9, 11, 4, 9, 9] 
dagE40.txt 1234x3.txt True 0.2837209302325581 0.3 285.0 [11, 11, 11, 11, 11, 11, 11, 11, 11, 11, 11, 11, 11, 11, 11, 11, 11, 11, 10, 11, 11, 10, 10, 11, 11, 11, 11, 11, 10, 10, 11, 10, 11, 10, 6, 10, 10, 10, 10, 6, 11, 10, 10, 6, 10, 10, 6, 10, 10, 6, 11, 10, 10, 10, 6, 10, 6, 10, 10, 6, 10, 10, 10, 6, 6, 6, 10, 10, 6, 10] 
dagE40.txt 1234x3.txt True 0.2837209302325581 0.35 285.0 [11, 11, 11, 11, 11, 11, 11, 11, 11, 11, 11, 11, 11, 11, 11, 11, 11, 11, 10, 11, 11, 10, 10, 11, 11, 11, 11, 11, 10, 10, 11, 10, 11, 10, 6, 10, 10, 10, 10, 6, 11, 10, 10, 6, 10, 10, 6, 10, 10, 6, 11, 10, 10, 10, 6, 10, 6, 10, 10, 6, 10, 10, 10, 6, 6, 6, 10, 10, 6, 10] 
dagE40.txt 1234x3.txt True 0.2837209302325581 0.4 285.0 [11, 11, 11, 11, 11, 11, 11, 11, 11, 11, 11, 11, 11, 11, 11, 11, 11, 11, 10, 11, 11, 10, 10, 11, 11, 11, 11, 11, 10, 10, 11, 10, 11, 10, 6, 10, 10, 10, 10, 6, 11, 10, 10, 6, 10, 10, 6, 10, 10, 6, 11, 10, 10, 10, 6, 10, 6, 10, 10, 6, 10, 10, 10, 6, 6, 6, 10, 10, 6, 10] 
dagE40.txt 1234x3.txt True 0.4232558139534884 0.45 365.0 [5, 11, 11, 11, 11, 11, 11, 11, 11, 11, 11, 11, 5, 11, 11, 10, 11, 10, 5, 5, 10, 5, 10, 11, 4, 10, 10, 10, 5, 10, 5, 4, 11, 4, 10, 5, 10, 10, 5, 10, 5, 8, 4, 5, 10, 4, 10, 4, 8, 8, 10, 4, 10, 5, 8, 5, 4, 4, 4, 10, 5, 8, 4, 8, 8, 8, 8, 5, 8, 8] 
dagE40.txt 1234x3.txt True 0.4232558139534884 0.5 365.0 [5, 11, 11, 11, 11, 11, 11, 11, 11, 11, 11, 11, 5, 11, 11, 10, 11, 10, 5, 5, 10, 5, 10, 11, 4, 10, 10, 10, 5, 10, 5, 4, 11, 4, 10, 5, 10, 10, 5, 10, 5, 8, 4, 5, 10, 4, 10, 4, 8, 8, 10, 4, 10, 5, 8, 5, 4, 4, 4, 10, 5, 8, 4, 8, 8, 8, 8, 5, 8, 8] 
dagE40.txt 1234x3.txt True 0.5488372093023256 0.55 290.0 [6, 8, 8, 8, 7, 7, 8, 7, 7, 7, 8, 8, 6, 7, 7, 6, 8, 5, 6, 10, 6, 10, 10, 8, 8, 5, 5, 6, 10, 3, 6, 9, 4, 5, 2, 10, 5, 5, 10, 5, 10, 10, 11, 0, 3, 9, 0, 9, 1, 2, 5, 11, 5, 10, 3, 4, 2, 9, 5, 3, 10, 1, 5, 11, 3, 2, 10, 0, 2, 1] 
dagE40.txt 1234x3.txt True 0.5953488372093023 0.6 160.0 [10, 0, 7, 7, 6, 6, 7, 6, 0, 6, 7, 7, 11, 6, 10, 10, 6, 11, 0, 3, 11, 3, 0, 7, 4, 11, 1, 10, 3, 2, 11, 8, 7, 11, 9, 3, 4, 1, 1, 1, 11, 3, 4, 2, 2, 8, 9, 8, 5, 9, 1, 4, 1, 5, 2, 3, 9, 8, 4, 2, 5, 5, 8, 9, 2, 1, 3, 5, 9, 5] 
dagE40.txt 1234x3.txt True 0.6139534883720931 0.65 200.0 [5, 0, 0, 2, 1, 1, 0, 1, 2, 1, 5, 0, 5, 1, 2, 2, 1, 5, 3, 4, 5, 9, 10, 0, 2, 5, 7, 2, 4, 8, 4, 3, 0, 4, 8, 10, 10, 7, 7, 7, 4, 9, 10, 9, 8, 3, 9, 3, 11, 6, 7, 10, 7, 11, 8, 4, 6, 3, 10, 8, 11, 11, 6, 6, 8, 6, 9, 11, 6, 11] 
dagE40.txt 1234x3.txt True 0.6139534883720931 0.7 200.0 [5, 0, 0, 2, 1, 1, 0, 1, 2, 1, 5, 0, 5, 1, 2, 2, 1, 5, 3, 4, 5, 9, 10, 0, 2, 5, 7, 2, 4, 8, 4, 3, 0, 4, 8, 10, 10, 7, 7, 7, 4, 9, 10, 9, 8, 3, 9, 3, 11, 6, 7, 10, 7, 11, 8, 4, 6, 3, 10, 8, 11, 11, 6, 6, 8, 6, 9, 11, 6, 11] 
dagE40.txt 1234x3.txt True 0.6139534883720931 0.75 200.0 [5, 0, 0, 2, 1, 1, 0, 1, 2, 1, 5, 0, 5, 1, 2, 2, 1, 5, 3, 4, 5, 9, 10, 0, 2, 5, 7, 2, 4, 8, 4, 3, 0, 4, 8, 10, 10, 7, 7, 7, 4, 9, 10, 9, 8, 3, 9, 3, 11, 6, 7, 10, 7, 11, 8, 4, 6, 3, 10, 8, 11, 11, 6, 6, 8, 6, 9, 11, 6, 11] 
dagE40.txt 1234x3.txt True 0.6139534883720931 0.8 200.0 [5, 0, 0, 2, 1, 1, 0, 1, 2, 1, 5, 0, 5, 1, 2, 2, 1, 5, 3, 4, 5, 9, 10, 0, 2, 5, 7, 2, 4, 8, 4, 3, 0, 4, 8, 10, 10, 7, 7, 7, 4, 9, 10, 9, 8, 3, 9, 3, 11, 6, 7, 10, 7, 11, 8, 4, 6, 3, 10, 8, 11, 11, 6, 6, 8, 6, 9, 11, 6, 11] 
dagE40.txt 1234x3.txt True 0.6139534883720931 0.85 200.0 [5, 0, 0, 2, 1, 1, 0, 1, 2, 1, 5, 0, 5, 1, 2, 2, 1, 5, 3, 4, 5, 9, 10, 0, 2, 5, 7, 2, 4, 8, 4, 3, 0, 4, 8, 10, 10, 7, 7, 7, 4, 9, 10, 9, 8, 3, 9, 3, 11, 6, 7, 10, 7, 11, 8, 4, 6, 3, 10, 8, 11, 11, 6, 6, 8, 6, 9, 11, 6, 11] 
dagE40.txt 1234x3.txt True 0.6139534883720931 0.9 200.0 [5, 0, 0, 2, 1, 1, 0, 1, 2, 1, 5, 0, 5, 1, 2, 2, 1, 5, 3, 4, 5, 9, 10, 0, 2, 5, 7, 2, 4, 8, 4, 3, 0, 4, 8, 10, 10, 7, 7, 7, 4, 9, 10, 9, 8, 3, 9, 3, 11, 6, 7, 10, 7, 11, 8, 4, 6, 3, 10, 8, 11, 11, 6, 6, 8, 6, 9, 11, 6, 11] 
dagE40.txt 1234x3.txt True 0.6139534883720931 0.95 200.0 [5, 0, 0, 2, 1, 1, 0, 1, 2, 1, 5, 0, 5, 1, 2, 2, 1, 5, 3, 4, 5, 9, 10, 0, 2, 5, 7, 2, 4, 8, 4, 3, 0, 4, 8, 10, 10, 7, 7, 7, 4, 9, 10, 9, 8, 3, 9, 3, 11, 6, 7, 10, 7, 11, 8, 4, 6, 3, 10, 8, 11, 11, 6, 6, 8, 6, 9, 11, 6, 11] 
dagE40.txt 1234x3.txt True 0.6139534883720931 1 200.0 [5, 0, 0, 2, 1, 1, 0, 1, 2, 1, 5, 0, 5, 1, 2, 2, 1, 5, 3, 4, 5, 9, 10, 0, 2, 5, 7, 2, 4, 8, 4, 3, 0, 4, 8, 10, 10, 7, 7, 7, 4, 9, 10, 9, 8, 3, 9, 3, 11, 6, 7, 10, 7, 11, 8, 4, 6, 3, 10, 8, 11, 11, 6, 6, 8, 6, 9, 11, 6, 11] 
dagE40.txt 1_4x1.txt True 0.03255813953488372 0.07 501.0 [1, 1, 1, 1, 1, 1, 1, 1, 1, 1, 1, 1, 1, 1, 1, 1, 1, 1, 1, 1, 1, 1, 1, 1, 1, 1, 1, 1, 1, 1, 1, 0, 1, 1, 1, 1, 1, 1, 1, 1, 1, 1, 1, 1, 1, 0, 1, 0, 1, 1, 1, 1, 1, 1, 1, 1, 1, 1, 1, 1, 1, 1, 1, 1, 1, 1, 1, 1, 1, 1] 
dagE40.txt 1_4x1.txt True 0.03255813953488372 0.08 501.0 [1, 1, 1, 1, 1, 1, 1, 1, 1, 1, 1, 1, 1, 1, 1, 1, 1, 1, 1, 1, 1, 1, 1, 1, 1, 1, 1, 1, 1, 1, 1, 0, 1, 1, 1, 1, 1, 1, 1, 1, 1, 1, 1, 1, 1, 0, 1, 0, 1, 1, 1, 1, 1, 1, 1, 1, 1, 1, 1, 1, 1, 1, 1, 1, 1, 1, 1, 1, 1, 1] 
dagE40.txt 1_4x1.txt True 0.03255813953488372 0.09 501.0 [1, 1, 1, 1, 1, 1, 1, 1, 1, 1, 1, 1, 1, 1, 1, 1, 1, 1, 1, 1, 1, 1, 1, 1, 1, 1, 1, 1, 1, 1, 1, 0, 1, 1, 1, 1, 1, 1, 1, 1, 1, 1, 1, 1, 1, 0, 1, 0, 1, 1, 1, 1, 1, 1, 1, 1, 1, 1, 1, 1, 1, 1, 1, 1, 1, 1, 1, 1, 1, 1] 
dagE40.txt 1_4x1.txt True 0.03255813953488372 0.1 501.0 [1, 1, 1, 1, 1, 1, 1, 1, 1, 1, 1, 1, 1, 1, 1, 1, 1, 1, 1, 1, 1, 1, 1, 1, 1, 1, 1, 1, 1, 1, 1, 0, 1, 1, 1, 1, 1, 1, 1, 1, 1, 1, 1, 1, 1, 0, 1, 0, 1, 1, 1, 1, 1, 1, 1, 1, 1, 1, 1, 1, 1, 1, 1, 1, 1, 1, 1, 1, 1, 1] 
dagE40.txt 1_4x1.txt True 0.03255813953488372 0.11 501.0 [1, 1, 1, 1, 1, 1, 1, 1, 1, 1, 1, 1, 1, 1, 1, 1, 1, 1, 1, 1, 1, 1, 1, 1, 1, 1, 1, 1, 1, 1, 1, 0, 1, 1, 1, 1, 1, 1, 1, 1, 1, 1, 1, 1, 1, 0, 1, 0, 1, 1, 1, 1, 1, 1, 1, 1, 1, 1, 1, 1, 1, 1, 1, 1, 1, 1, 1, 1, 1, 1] 
dagE40.txt 1_4x1.txt True 0.03255813953488372 0.12 501.0 [1, 1, 1, 1, 1, 1, 1, 1, 1, 1, 1, 1, 1, 1, 1, 1, 1, 1, 1, 1, 1, 1, 1, 1, 1, 1, 1, 1, 1, 1, 1, 0, 1, 1, 1, 1, 1, 1, 1, 1, 1, 1, 1, 1, 1, 0, 1, 0, 1, 1, 1, 1, 1, 1, 1, 1, 1, 1, 1, 1, 1, 1, 1, 1, 1, 1, 1, 1, 1, 1] 
dagE40.txt 1_4x1.txt True 0.03255813953488372 0.13 501.0 [1, 1, 1, 1, 1, 1, 1, 1, 1, 1, 1, 1, 1, 1, 1, 1, 1, 1, 1, 1, 1, 1, 1, 1, 1, 1, 1, 1, 1, 1, 1, 0, 1, 1, 1, 1, 1, 1, 1, 1, 1, 1, 1, 1, 1, 0, 1, 0, 1, 1, 1, 1, 1, 1, 1, 1, 1, 1, 1, 1, 1, 1, 1, 1, 1, 1, 1, 1, 1, 1] 
dagE40.txt 1_4x1.txt True 0.03255813953488372 0.14 501.0 [1, 1, 1, 1, 1, 1, 1, 1, 1, 1, 1, 1, 1, 1, 1, 1, 1, 1, 1, 1, 1, 1, 1, 1, 1, 1, 1, 1, 1, 1, 1, 0, 1, 1, 1, 1, 1, 1, 1, 1, 1, 1, 1, 1, 1, 0, 1, 0, 1, 1, 1, 1, 1, 1, 1, 1, 1, 1, 1, 1, 1, 1, 1, 1, 1, 1, 1, 1, 1, 1] 
dagE40.txt 1_4x1.txt True 0.03255813953488372 0.15 501.0 [1, 1, 1, 1, 1, 1, 1, 1, 1, 1, 1, 1, 1, 1, 1, 1, 1, 1, 1, 1, 1, 1, 1, 1, 1, 1, 1, 1, 1, 1, 1, 0, 1, 1, 1, 1, 1, 1, 1, 1, 1, 1, 1, 1, 1, 0, 1, 0, 1, 1, 1, 1, 1, 1, 1, 1, 1, 1, 1, 1, 1, 1, 1, 1, 1, 1, 1, 1, 1, 1] 
dagE40.txt 1_4x1.txt True 0.03255813953488372 0.16 501.0 [1, 1, 1, 1, 1, 1, 1, 1, 1, 1, 1, 1, 1, 1, 1, 1, 1, 1, 1, 1, 1, 1, 1, 1, 1, 1, 1, 1, 1, 1, 1, 0, 1, 1, 1, 1, 1, 1, 1, 1, 1, 1, 1, 1, 1, 0, 1, 0, 1, 1, 1, 1, 1, 1, 1, 1, 1, 1, 1, 1, 1, 1, 1, 1, 1, 1, 1, 1, 1, 1] 
dagE40.txt 1_4x1.txt True 0.03255813953488372 0.17 501.0 [1, 1, 1, 1, 1, 1, 1, 1, 1, 1, 1, 1, 1, 1, 1, 1, 1, 1, 1, 1, 1, 1, 1, 1, 1, 1, 1, 1, 1, 1, 1, 0, 1, 1, 1, 1, 1, 1, 1, 1, 1, 1, 1, 1, 1, 0, 1, 0, 1, 1, 1, 1, 1, 1, 1, 1, 1, 1, 1, 1, 1, 1, 1, 1, 1, 1, 1, 1, 1, 1] 
dagE40.txt 1_4x1.txt True 0.17674418604651163 0.18 658.0 [1, 1, 1, 1, 1, 1, 1, 1, 1, 1, 1, 1, 1, 1, 1, 1, 1, 1, 1, 1, 1, 1, 1, 1, 1, 1, 1, 1, 1, 0, 1, 1, 1, 1, 0, 1, 1, 1, 1, 0, 1, 1, 1, 0, 0, 1, 0, 0, 1, 0, 1, 1, 0, 0, 0, 1, 0, 0, 1, 0, 0, 0, 0, 0, 0, 0, 1, 0, 0, 0] 
dagE40.txt 1_4x1.txt True 0.17674418604651163 0.19 658.0 [1, 1, 1, 1, 1, 1, 1, 1, 1, 1, 1, 1, 1, 1, 1, 1, 1, 1, 1, 1, 1, 1, 1, 1, 1, 1, 1, 1, 1, 0, 1, 1, 1, 1, 0, 1, 1, 1, 1, 0, 1, 1, 1, 0, 0, 1, 0, 0, 1, 0, 1, 1, 0, 0, 0, 1, 0, 0, 1, 0, 0, 0, 0, 0, 0, 0, 1, 0, 0, 0] 
dagE40.txt 1_4x1.txt True 0.2 0.2 1050.0 [0, 0, 0, 0, 0, 0, 0, 0, 0, 0, 0, 0, 0, 0, 0, 0, 0, 0, 0, 0, 0, 1, 1, 0, 0, 0, 0, 0, 0, 1, 0, 1, 0, 0, 1, 1, 1, 1, 1, 1, 0, 1, 1, 1, 1, 1, 1, 0, 1, 1, 1, 1, 1, 1, 1, 0, 1, 0, 1, 1, 1, 1, 1, 1, 1, 1, 1, 1, 1, 1] 
dagE40.txt 1_4x1.txt True 0.20465116279069767 0.25 1068.0 [0, 0, 0, 0, 0, 0, 0, 0, 0, 0, 0, 0, 0, 0, 0, 0, 0, 0, 0, 0, 0, 1, 1, 0, 0, 0, 0, 0, 0, 1, 0, 1, 0, 0, 1, 1, 1, 0, 1, 1, 0, 1, 1, 1, 1, 1, 1, 0, 1, 1, 1, 1, 1, 1, 1, 0, 1, 0, 1, 1, 1, 1, 1, 1, 1, 1, 1, 1, 1, 1] 
dagE40.txt 1_4x1.txt True 0.20465116279069767 0.3 1068.0 [0, 0, 0, 0, 0, 0, 0, 0, 0, 0, 0, 0, 0, 0, 0, 0, 0, 0, 0, 0, 0, 1, 1, 0, 0, 0, 0, 0, 0, 1, 0, 1, 0, 0, 1, 1, 1, 0, 1, 1, 0, 1, 1, 1, 1, 1, 1, 0, 1, 1, 1, 1, 1, 1, 1, 0, 1, 0, 1, 1, 1, 1, 1, 1, 1, 1, 1, 1, 1, 1] 
dagE40.txt 1_4x1.txt True 0.20465116279069767 0.35 1068.0 [0, 0, 0, 0, 0, 0, 0, 0, 0, 0, 0, 0, 0, 0, 0, 0, 0, 0, 0, 0, 0, 1, 1, 0, 0, 0, 0, 0, 0, 1, 0, 1, 0, 0, 1, 1, 1, 0, 1, 1, 0, 1, 1, 1, 1, 1, 1, 0, 1, 1, 1, 1, 1, 1, 1, 0, 1, 0, 1, 1, 1, 1, 1, 1, 1, 1, 1, 1, 1, 1] 
dagE40.txt 1_4x1.txt True 0.20465116279069767 0.4 1068.0 [0, 0, 0, 0, 0, 0, 0, 0, 0, 0, 0, 0, 0, 0, 0, 0, 0, 0, 0, 0, 0, 1, 1, 0, 0, 0, 0, 0, 0, 1, 0, 1, 0, 0, 1, 1, 1, 0, 1, 1, 0, 1, 1, 1, 1, 1, 1, 0, 1, 1, 1, 1, 1, 1, 1, 0, 1, 0, 1, 1, 1, 1, 1, 1, 1, 1, 1, 1, 1, 1] 
dagE40.txt 1_4x1.txt True 0.20465116279069767 0.45 1068.0 [0, 0, 0, 0, 0, 0, 0, 0, 0, 0, 0, 0, 0, 0, 0, 0, 0, 0, 0, 0, 0, 1, 1, 0, 0, 0, 0, 0, 0, 1, 0, 1, 0, 0, 1, 1, 1, 0, 1, 1, 0, 1, 1, 1, 1, 1, 1, 0, 1, 1, 1, 1, 1, 1, 1, 0, 1, 0, 1, 1, 1, 1, 1, 1, 1, 1, 1, 1, 1, 1] 
dagE40.txt 1_4x1.txt True 0.20465116279069767 0.5 1068.0 [0, 0, 0, 0, 0, 0, 0, 0, 0, 0, 0, 0, 0, 0, 0, 0, 0, 0, 0, 0, 0, 1, 1, 0, 0, 0, 0, 0, 0, 1, 0, 1, 0, 0, 1, 1, 1, 0, 1, 1, 0, 1, 1, 1, 1, 1, 1, 0, 1, 1, 1, 1, 1, 1, 1, 0, 1, 0, 1, 1, 1, 1, 1, 1, 1, 1, 1, 1, 1, 1] 
dagE40.txt 1_4x1.txt True 0.20465116279069767 0.55 1068.0 [0, 0, 0, 0, 0, 0, 0, 0, 0, 0, 0, 0, 0, 0, 0, 0, 0, 0, 0, 0, 0, 1, 1, 0, 0, 0, 0, 0, 0, 1, 0, 1, 0, 0, 1, 1, 1, 0, 1, 1, 0, 1, 1, 1, 1, 1, 1, 0, 1, 1, 1, 1, 1, 1, 1, 0, 1, 0, 1, 1, 1, 1, 1, 1, 1, 1, 1, 1, 1, 1] 
dagE40.txt 1_4x1.txt True 0.20465116279069767 0.6 1068.0 [0, 0, 0, 0, 0, 0, 0, 0, 0, 0, 0, 0, 0, 0, 0, 0, 0, 0, 0, 0, 0, 1, 1, 0, 0, 0, 0, 0, 0, 1, 0, 1, 0, 0, 1, 1, 1, 0, 1, 1, 0, 1, 1, 1, 1, 1, 1, 0, 1, 1, 1, 1, 1, 1, 1, 0, 1, 0, 1, 1, 1, 1, 1, 1, 1, 1, 1, 1, 1, 1] 
dagE40.txt 1_4x1.txt True 0.20465116279069767 0.65 1068.0 [0, 0, 0, 0, 0, 0, 0, 0, 0, 0, 0, 0, 0, 0, 0, 0, 0, 0, 0, 0, 0, 1, 1, 0, 0, 0, 0, 0, 0, 1, 0, 1, 0, 0, 1, 1, 1, 0, 1, 1, 0, 1, 1, 1, 1, 1, 1, 0, 1, 1, 1, 1, 1, 1, 1, 0, 1, 0, 1, 1, 1, 1, 1, 1, 1, 1, 1, 1, 1, 1] 
dagE40.txt 1_4x1.txt True 0.20465116279069767 0.7 1068.0 [0, 0, 0, 0, 0, 0, 0, 0, 0, 0, 0, 0, 0, 0, 0, 0, 0, 0, 0, 0, 0, 1, 1, 0, 0, 0, 0, 0, 0, 1, 0, 1, 0, 0, 1, 1, 1, 0, 1, 1, 0, 1, 1, 1, 1, 1, 1, 0, 1, 1, 1, 1, 1, 1, 1, 0, 1, 0, 1, 1, 1, 1, 1, 1, 1, 1, 1, 1, 1, 1] 
dagE40.txt 1_4x1.txt True 0.20465116279069767 0.75 1068.0 [0, 0, 0, 0, 0, 0, 0, 0, 0, 0, 0, 0, 0, 0, 0, 0, 0, 0, 0, 0, 0, 1, 1, 0, 0, 0, 0, 0, 0, 1, 0, 1, 0, 0, 1, 1, 1, 0, 1, 1, 0, 1, 1, 1, 1, 1, 1, 0, 1, 1, 1, 1, 1, 1, 1, 0, 1, 0, 1, 1, 1, 1, 1, 1, 1, 1, 1, 1, 1, 1] 
dagE40.txt 1_4x1.txt True 0.20465116279069767 0.8 1068.0 [0, 0, 0, 0, 0, 0, 0, 0, 0, 0, 0, 0, 0, 0, 0, 0, 0, 0, 0, 0, 0, 1, 1, 0, 0, 0, 0, 0, 0, 1, 0, 1, 0, 0, 1, 1, 1, 0, 1, 1, 0, 1, 1, 1, 1, 1, 1, 0, 1, 1, 1, 1, 1, 1, 1, 0, 1, 0, 1, 1, 1, 1, 1, 1, 1, 1, 1, 1, 1, 1] 
dagE40.txt 1_4x1.txt True 0.20465116279069767 0.85 1068.0 [0, 0, 0, 0, 0, 0, 0, 0, 0, 0, 0, 0, 0, 0, 0, 0, 0, 0, 0, 0, 0, 1, 1, 0, 0, 0, 0, 0, 0, 1, 0, 1, 0, 0, 1, 1, 1, 0, 1, 1, 0, 1, 1, 1, 1, 1, 1, 0, 1, 1, 1, 1, 1, 1, 1, 0, 1, 0, 1, 1, 1, 1, 1, 1, 1, 1, 1, 1, 1, 1] 
dagE40.txt 1_4x1.txt True 0.20465116279069767 0.9 1068.0 [0, 0, 0, 0, 0, 0, 0, 0, 0, 0, 0, 0, 0, 0, 0, 0, 0, 0, 0, 0, 0, 1, 1, 0, 0, 0, 0, 0, 0, 1, 0, 1, 0, 0, 1, 1, 1, 0, 1, 1, 0, 1, 1, 1, 1, 1, 1, 0, 1, 1, 1, 1, 1, 1, 1, 0, 1, 0, 1, 1, 1, 1, 1, 1, 1, 1, 1, 1, 1, 1] 
dagE40.txt 1_4x1.txt True 0.20465116279069767 0.95 1068.0 [0, 0, 0, 0, 0, 0, 0, 0, 0, 0, 0, 0, 0, 0, 0, 0, 0, 0, 0, 0, 0, 1, 1, 0, 0, 0, 0, 0, 0, 1, 0, 1, 0, 0, 1, 1, 1, 0, 1, 1, 0, 1, 1, 1, 1, 1, 1, 0, 1, 1, 1, 1, 1, 1, 1, 0, 1, 0, 1, 1, 1, 1, 1, 1, 1, 1, 1, 1, 1, 1] 
dagE40.txt 1_4x1.txt True 0.20465116279069767 1 1068.0 [0, 0, 0, 0, 0, 0, 0, 0, 0, 0, 0, 0, 0, 0, 0, 0, 0, 0, 0, 0, 0, 1, 1, 0, 0, 0, 0, 0, 0, 1, 0, 1, 0, 0, 1, 1, 1, 0, 1, 1, 0, 1, 1, 1, 1, 1, 1, 0, 1, 1, 1, 1, 1, 1, 1, 0, 1, 0, 1, 1, 1, 1, 1, 1, 1, 1, 1, 1, 1, 1] 
dagE40.txt 3_2x2.txt True 0.05581395348837209 0.07 1018.5 [3, 3, 3, 3, 3, 3, 3, 3, 3, 3, 3, 3, 3, 3, 3, 3, 3, 3, 2, 3, 3, 3, 3, 3, 3, 3, 3, 3, 3, 3, 3, 2, 3, 3, 3, 3, 3, 3, 3, 3, 3, 3, 3, 3, 3, 3, 3, 3, 3, 3, 3, 3, 3, 3, 3, 3, 3, 3, 3, 3, 3, 3, 3, 3, 3, 3, 3, 3, 3, 3] 
dagE40.txt 3_2x2.txt True 0.07441860465116279 0.08 951.0 [3, 3, 3, 3, 3, 3, 3, 3, 3, 3, 3, 3, 3, 3, 3, 2, 3, 3, 3, 3, 3, 3, 3, 3, 3, 3, 3, 2, 3, 3, 3, 1, 3, 3, 3, 3, 3, 3, 3, 3, 3, 3, 3, 3, 3, 1, 3, 1, 3, 3, 2, 3, 3, 3, 3, 3, 3, 3, 3, 3, 3, 3, 3, 3, 3, 3, 3, 3, 3, 3] 
dagE40.txt 3_2x2.txt True 0.07441860465116279 0.09 951.0 [3, 3, 3, 3, 3, 3, 3, 3, 3, 3, 3, 3, 3, 3, 3, 2, 3, 3, 3, 3, 3, 3, 3, 3, 3, 3, 3, 2, 3, 3, 3, 1, 3, 3, 3, 3, 3, 3, 3, 3, 3, 3, 3, 3, 3, 1, 3, 1, 3, 3, 2, 3, 3, 3, 3, 3, 3, 3, 3, 3, 3, 3, 3, 3, 3, 3, 3, 3, 3, 3] 
dagE40.txt 3_2x2.txt True 0.07441860465116279 0.1 951.0 [3, 3, 3, 3, 3, 3, 3, 3, 3, 3, 3, 3, 3, 3, 3, 2, 3, 3, 3, 3, 3, 3, 3, 3, 3, 3, 3, 2, 3, 3, 3, 1, 3, 3, 3, 3, 3, 3, 3, 3, 3, 3, 3, 3, 3, 1, 3, 1, 3, 3, 2, 3, 3, 3, 3, 3, 3, 3, 3, 3, 3, 3, 3, 3, 3, 3, 3, 3, 3, 3] 
dagE40.txt 3_2x2.txt True 0.07441860465116279 0.11 951.0 [3, 3, 3, 3, 3, 3, 3, 3, 3, 3, 3, 3, 3, 3, 3, 2, 3, 3, 3, 3, 3, 3, 3, 3, 3, 3, 3, 2, 3, 3, 3, 1, 3, 3, 3, 3, 3, 3, 3, 3, 3, 3, 3, 3, 3, 1, 3, 1, 3, 3, 2, 3, 3, 3, 3, 3, 3, 3, 3, 3, 3, 3, 3, 3, 3, 3, 3, 3, 3, 3] 
dagE40.txt 3_2x2.txt True 0.07441860465116279 0.12 951.0 [3, 3, 3, 3, 3, 3, 3, 3, 3, 3, 3, 3, 3, 3, 3, 2, 3, 3, 3, 3, 3, 3, 3, 3, 3, 3, 3, 2, 3, 3, 3, 1, 3, 3, 3, 3, 3, 3, 3, 3, 3, 3, 3, 3, 3, 1, 3, 1, 3, 3, 2, 3, 3, 3, 3, 3, 3, 3, 3, 3, 3, 3, 3, 3, 3, 3, 3, 3, 3, 3] 
dagE40.txt 3_2x2.txt True 0.07441860465116279 0.13 951.0 [3, 3, 3, 3, 3, 3, 3, 3, 3, 3, 3, 3, 3, 3, 3, 2, 3, 3, 3, 3, 3, 3, 3, 3, 3, 3, 3, 2, 3, 3, 3, 1, 3, 3, 3, 3, 3, 3, 3, 3, 3, 3, 3, 3, 3, 1, 3, 1, 3, 3, 2, 3, 3, 3, 3, 3, 3, 3, 3, 3, 3, 3, 3, 3, 3, 3, 3, 3, 3, 3] 
dagE40.txt 3_2x2.txt True 0.07441860465116279 0.14 951.0 [3, 3, 3, 3, 3, 3, 3, 3, 3, 3, 3, 3, 3, 3, 3, 2, 3, 3, 3, 3, 3, 3, 3, 3, 3, 3, 3, 2, 3, 3, 3, 1, 3, 3, 3, 3, 3, 3, 3, 3, 3, 3, 3, 3, 3, 1, 3, 1, 3, 3, 2, 3, 3, 3, 3, 3, 3, 3, 3, 3, 3, 3, 3, 3, 3, 3, 3, 3, 3, 3] 
dagE40.txt 3_2x2.txt True 0.07441860465116279 0.15 951.0 [3, 3, 3, 3, 3, 3, 3, 3, 3, 3, 3, 3, 3, 3, 3, 2, 3, 3, 3, 3, 3, 3, 3, 3, 3, 3, 3, 2, 3, 3, 3, 1, 3, 3, 3, 3, 3, 3, 3, 3, 3, 3, 3, 3, 3, 1, 3, 1, 3, 3, 2, 3, 3, 3, 3, 3, 3, 3, 3, 3, 3, 3, 3, 3, 3, 3, 3, 3, 3, 3] 
dagE40.txt 3_2x2.txt True 0.07441860465116279 0.16 951.0 [3, 3, 3, 3, 3, 3, 3, 3, 3, 3, 3, 3, 3, 3, 3, 2, 3, 3, 3, 3, 3, 3, 3, 3, 3, 3, 3, 2, 3, 3, 3, 1, 3, 3, 3, 3, 3, 3, 3, 3, 3, 3, 3, 3, 3, 1, 3, 1, 3, 3, 2, 3, 3, 3, 3, 3, 3, 3, 3, 3, 3, 3, 3, 3, 3, 3, 3, 3, 3, 3] 
dagE40.txt 3_2x2.txt True 0.16744186046511628 0.17 773.5 [3, 3, 3, 3, 3, 3, 3, 3, 3, 3, 3, 3, 3, 3, 2, 2, 3, 3, 3, 3, 3, 3, 3, 3, 3, 3, 3, 2, 3, 3, 3, 2, 3, 3, 3, 3, 3, 3, 3, 3, 3, 3, 3, 1, 1, 2, 1, 2, 1, 3, 2, 3, 3, 1, 3, 3, 3, 2, 3, 3, 1, 1, 3, 3, 3, 3, 3, 1, 3, 1] 
dagE40.txt 3_2x2.txt True 0.16744186046511628 0.18 773.5 [3, 3, 3, 3, 3, 3, 3, 3, 3, 3, 3, 3, 3, 3, 2, 2, 3, 3, 3, 3, 3, 3, 3, 3, 3, 3, 3, 2, 3, 3, 3, 2, 3, 3, 3, 3, 3, 3, 3, 3, 3, 3, 3, 1, 1, 2, 1, 2, 1, 3, 2, 3, 3, 1, 3, 3, 3, 2, 3, 3, 1, 1, 3, 3, 3, 3, 3, 1, 3, 1] 
dagE40.txt 3_2x2.txt True 0.16744186046511628 0.19 773.5 [3, 3, 3, 3, 3, 3, 3, 3, 3, 3, 3, 3, 3, 3, 2, 2, 3, 3, 3, 3, 3, 3, 3, 3, 3, 3, 3, 2, 3, 3, 3, 2, 3, 3, 3, 3, 3, 3, 3, 3, 3, 3, 3, 1, 1, 2, 1, 2, 1, 3, 2, 3, 3, 1, 3, 3, 3, 2, 3, 3, 1, 1, 3, 3, 3, 3, 3, 1, 3, 1] 
dagE40.txt 3_2x2.txt True 0.16744186046511628 0.2 773.5 [3, 3, 3, 3, 3, 3, 3, 3, 3, 3, 3, 3, 3, 3, 2, 2, 3, 3, 3, 3, 3, 3, 3, 3, 3, 3, 3, 2, 3, 3, 3, 2, 3, 3, 3, 3, 3, 3, 3, 3, 3, 3, 3, 1, 1, 2, 1, 2, 1, 3, 2, 3, 3, 1, 3, 3, 3, 2, 3, 3, 1, 1, 3, 3, 3, 3, 3, 1, 3, 1] 
dagE40.txt 3_2x2.txt True 0.16744186046511628 0.25 773.5 [3, 3, 3, 3, 3, 3, 3, 3, 3, 3, 3, 3, 3, 3, 2, 2, 3, 3, 3, 3, 3, 3, 3, 3, 3, 3, 3, 2, 3, 3, 3, 2, 3, 3, 3, 3, 3, 3, 3, 3, 3, 3, 3, 1, 1, 2, 1, 2, 1, 3, 2, 3, 3, 1, 3, 3, 3, 2, 3, 3, 1, 1, 3, 3, 3, 3, 3, 1, 3, 1] 
dagE40.txt 3_2x2.txt True 0.27906976744186046 0.3 375.5 [3, 3, 3, 3, 3, 3, 3, 3, 3, 3, 3, 3, 3, 3, 3, 3, 3, 2, 3, 3, 3, 2, 2, 3, 3, 2, 2, 3, 2, 2, 3, 2, 3, 2, 2, 2, 2, 2, 2, 2, 3, 2, 1, 0, 2, 2, 0, 2, 0, 1, 2, 2, 2, 2, 2, 2, 1, 2, 2, 2, 2, 1, 2, 1, 2, 1, 2, 0, 1, 1] 
dagE40.txt 3_2x2.txt True 0.33488372093023255 0.35 249.33333333333334 [3, 2, 2, 2, 2, 2, 2, 2, 2, 2, 2, 2, 3, 2, 2, 2, 2, 3, 3, 2, 3, 0, 0, 2, 2, 3, 0, 2, 3, 0, 3, 1, 2, 3, 0, 0, 0, 0, 0, 0, 3, 1, 1, 0, 0, 1, 0, 1, 1, 0, 0, 0, 0, 1, 0, 3, 0, 1, 1, 0, 0, 1, 1, 0, 0, 0, 1, 0, 0, 1] 
dagE40.txt 3_2x2.txt True 0.3813953488372093 0.4 282.5 [0, 1, 1, 1, 1, 1, 1, 1, 3, 1, 1, 1, 0, 1, 1, 1, 1, 0, 0, 0, 0, 2, 3, 1, 1, 0, 3, 1, 0, 3, 0, 2, 1, 0, 3, 2, 2, 3, 0, 3, 0, 2, 2, 2, 3, 2, 3, 0, 2, 3, 0, 2, 0, 2, 3, 2, 3, 0, 2, 3, 2, 2, 0, 3, 3, 3, 2, 2, 3, 2] 
dagE40.txt 3_2x2.txt True 0.3813953488372093 0.45 282.5 [0, 1, 1, 1, 1, 1, 1, 1, 3, 1, 1, 1, 0, 1, 1, 1, 1, 0, 0, 0, 0, 2, 3, 1, 1, 0, 3, 1, 0, 3, 0, 2, 1, 0, 3, 2, 2, 3, 0, 3, 0, 2, 2, 2, 3, 2, 3, 0, 2, 3, 0, 2, 0, 2, 3, 2, 3, 0, 2, 3, 2, 2, 0, 3, 3, 3, 2, 2, 3, 2] 
dagE40.txt 3_2x2.txt True 0.3813953488372093 0.5 282.5 [0, 1, 1, 1, 1, 1, 1, 1, 3, 1, 1, 1, 0, 1, 1, 1, 1, 0, 0, 0, 0, 2, 3, 1, 1, 0, 3, 1, 0, 3, 0, 2, 1, 0, 3, 2, 2, 3, 0, 3, 0, 2, 2, 2, 3, 2, 3, 0, 2, 3, 0, 2, 0, 2, 3, 2, 3, 0, 2, 3, 2, 2, 0, 3, 3, 3, 2, 2, 3, 2] 
dagE40.txt 3_2x2.txt True 0.3813953488372093 0.55 282.5 [0, 1, 1, 1, 1, 1, 1, 1, 3, 1, 1, 1, 0, 1, 1, 1, 1, 0, 0, 0, 0, 2, 3, 1, 1, 0, 3, 1, 0, 3, 0, 2, 1, 0, 3, 2, 2, 3, 0, 3, 0, 2, 2, 2, 3, 2, 3, 0, 2, 3, 0, 2, 0, 2, 3, 2, 3, 0, 2, 3, 2, 2, 0, 3, 3, 3, 2, 2, 3, 2] 
dagE40.txt 3_2x2.txt True 0.3813953488372093 0.6 282.5 [0, 1, 1, 1, 1, 1, 1, 1, 3, 1, 1, 1, 0, 1, 1, 1, 1, 0, 0, 0, 0, 2, 3, 1, 1, 0, 3, 1, 0, 3, 0, 2, 1, 0, 3, 2, 2, 3, 0, 3, 0, 2, 2, 2, 3, 2, 3, 0, 2, 3, 0, 2, 0, 2, 3, 2, 3, 0, 2, 3, 2, 2, 0, 3, 3, 3, 2, 2, 3, 2] 
dagE40.txt 3_2x2.txt True 0.3813953488372093 0.65 282.5 [0, 1, 1, 1, 1, 1, 1, 1, 3, 1, 1, 1, 0, 1, 1, 1, 1, 0, 0, 0, 0, 2, 3, 1, 1, 0, 3, 1, 0, 3, 0, 2, 1, 0, 3, 2, 2, 3, 0, 3, 0, 2, 2, 2, 3, 2, 3, 0, 2, 3, 0, 2, 0, 2, 3, 2, 3, 0, 2, 3, 2, 2, 0, 3, 3, 3, 2, 2, 3, 2] 
dagE40.txt 3_2x2.txt True 0.6883720930232559 0.7 287.0 [1, 3, 0, 3, 2, 2, 3, 3, 2, 0, 1, 1, 3, 2, 0, 1, 2, 2, 3, 0, 2, 3, 3, 1, 0, 2, 0, 2, 3, 0, 2, 2, 0, 1, 1, 1, 2, 3, 0, 0, 3, 1, 2, 0, 3, 2, 3, 0, 1, 1, 2, 1, 3, 0, 3, 0, 2, 0, 1, 1, 3, 1, 0, 3, 3, 1, 1, 0, 0, 2] 
dagE40.txt 3_2x2.txt True 0.7116279069767442 0.75 253.0 [0, 2, 3, 1, 1, 3, 2, 0, 2, 1, 1, 1, 3, 2, 3, 0, 1, 3, 1, 2, 1, 2, 2, 0, 1, 0, 1, 0, 0, 2, 2, 2, 1, 0, 0, 3, 1, 3, 3, 0, 2, 3, 1, 3, 2, 2, 2, 0, 0, 2, 3, 3, 2, 1, 1, 3, 0, 0, 1, 3, 0, 2, 1, 3, 3, 0, 3, 0, 2, 3] 
dagE40.txt 3_2x2.txt True 0.7116279069767442 0.8 253.0 [0, 2, 3, 1, 1, 3, 2, 0, 2, 1, 1, 1, 3, 2, 3, 0, 1, 3, 1, 2, 1, 2, 2, 0, 1, 0, 1, 0, 0, 2, 2, 2, 1, 0, 0, 3, 1, 3, 3, 0, 2, 3, 1, 3, 2, 2, 2, 0, 0, 2, 3, 3, 2, 1, 1, 3, 0, 0, 1, 3, 0, 2, 1, 3, 3, 0, 3, 0, 2, 3] 
dagE40.txt 3_2x2.txt True 0.7116279069767442 0.85 253.0 [0, 2, 3, 1, 1, 3, 2, 0, 2, 1, 1, 1, 3, 2, 3, 0, 1, 3, 1, 2, 1, 2, 2, 0, 1, 0, 1, 0, 0, 2, 2, 2, 1, 0, 0, 3, 1, 3, 3, 0, 2, 3, 1, 3, 2, 2, 2, 0, 0, 2, 3, 3, 2, 1, 1, 3, 0, 0, 1, 3, 0, 2, 1, 3, 3, 0, 3, 0, 2, 3] 
dagE40.txt 3_2x2.txt True 0.7116279069767442 0.9 253.0 [0, 2, 3, 1, 1, 3, 2, 0, 2, 1, 1, 1, 3, 2, 3, 0, 1, 3, 1, 2, 1, 2, 2, 0, 1, 0, 1, 0, 0, 2, 2, 2, 1, 0, 0, 3, 1, 3, 3, 0, 2, 3, 1, 3, 2, 2, 2, 0, 0, 2, 3, 3, 2, 1, 1, 3, 0, 0, 1, 3, 0, 2, 1, 3, 3, 0, 3, 0, 2, 3] 
dagE40.txt 3_2x2.txt True 0.7116279069767442 0.95 253.0 [0, 2, 3, 1, 1, 3, 2, 0, 2, 1, 1, 1, 3, 2, 3, 0, 1, 3, 1, 2, 1, 2, 2, 0, 1, 0, 1, 0, 0, 2, 2, 2, 1, 0, 0, 3, 1, 3, 3, 0, 2, 3, 1, 3, 2, 2, 2, 0, 0, 2, 3, 3, 2, 1, 1, 3, 0, 0, 1, 3, 0, 2, 1, 3, 3, 0, 3, 0, 2, 3] 
dagE40.txt 3_2x2.txt True 0.7116279069767442 1 253.0 [0, 2, 3, 1, 1, 3, 2, 0, 2, 1, 1, 1, 3, 2, 3, 0, 1, 3, 1, 2, 1, 2, 2, 0, 1, 0, 1, 0, 0, 2, 2, 2, 1, 0, 0, 3, 1, 3, 3, 0, 2, 3, 1, 3, 2, 2, 2, 0, 0, 2, 3, 3, 2, 1, 1, 3, 0, 0, 1, 3, 0, 2, 1, 3, 3, 0, 3, 0, 2, 3] 
dagE40.txt 1_4x4.txt True 0.0 0.07 522.5 [7, 7, 7, 7, 7, 7, 7, 7, 7, 7, 7, 7, 7, 7, 7, 7, 7, 7, 7, 7, 7, 7, 7, 7, 7, 7, 7, 7, 7, 7, 7, 7, 7, 7, 7, 7, 7, 7, 7, 7, 7, 7, 7, 7, 7, 7, 7, 7, 7, 7, 7, 7, 7, 7, 7, 7, 7, 7, 7, 7, 7, 7, 7, 7, 7, 7, 7, 7, 7, 7] 
dagE40.txt 1_4x4.txt True 0.0 0.08 522.5 [7, 7, 7, 7, 7, 7, 7, 7, 7, 7, 7, 7, 7, 7, 7, 7, 7, 7, 7, 7, 7, 7, 7, 7, 7, 7, 7, 7, 7, 7, 7, 7, 7, 7, 7, 7, 7, 7, 7, 7, 7, 7, 7, 7, 7, 7, 7, 7, 7, 7, 7, 7, 7, 7, 7, 7, 7, 7, 7, 7, 7, 7, 7, 7, 7, 7, 7, 7, 7, 7] 
dagE40.txt 1_4x4.txt True 0.0 0.09 522.5 [7, 7, 7, 7, 7, 7, 7, 7, 7, 7, 7, 7, 7, 7, 7, 7, 7, 7, 7, 7, 7, 7, 7, 7, 7, 7, 7, 7, 7, 7, 7, 7, 7, 7, 7, 7, 7, 7, 7, 7, 7, 7, 7, 7, 7, 7, 7, 7, 7, 7, 7, 7, 7, 7, 7, 7, 7, 7, 7, 7, 7, 7, 7, 7, 7, 7, 7, 7, 7, 7] 
dagE40.txt 1_4x4.txt True 0.0 0.1 522.5 [7, 7, 7, 7, 7, 7, 7, 7, 7, 7, 7, 7, 7, 7, 7, 7, 7, 7, 7, 7, 7, 7, 7, 7, 7, 7, 7, 7, 7, 7, 7, 7, 7, 7, 7, 7, 7, 7, 7, 7, 7, 7, 7, 7, 7, 7, 7, 7, 7, 7, 7, 7, 7, 7, 7, 7, 7, 7, 7, 7, 7, 7, 7, 7, 7, 7, 7, 7, 7, 7] 
dagE40.txt 1_4x4.txt True 0.0 0.11 522.5 [7, 7, 7, 7, 7, 7, 7, 7, 7, 7, 7, 7, 7, 7, 7, 7, 7, 7, 7, 7, 7, 7, 7, 7, 7, 7, 7, 7, 7, 7, 7, 7, 7, 7, 7, 7, 7, 7, 7, 7, 7, 7, 7, 7, 7, 7, 7, 7, 7, 7, 7, 7, 7, 7, 7, 7, 7, 7, 7, 7, 7, 7, 7, 7, 7, 7, 7, 7, 7, 7] 
dagE40.txt 1_4x4.txt True 0.0 0.12 522.5 [7, 7, 7, 7, 7, 7, 7, 7, 7, 7, 7, 7, 7, 7, 7, 7, 7, 7, 7, 7, 7, 7, 7, 7, 7, 7, 7, 7, 7, 7, 7, 7, 7, 7, 7, 7, 7, 7, 7, 7, 7, 7, 7, 7, 7, 7, 7, 7, 7, 7, 7, 7, 7, 7, 7, 7, 7, 7, 7, 7, 7, 7, 7, 7, 7, 7, 7, 7, 7, 7] 
dagE40.txt 1_4x4.txt True 0.0 0.13 522.5 [7, 7, 7, 7, 7, 7, 7, 7, 7, 7, 7, 7, 7, 7, 7, 7, 7, 7, 7, 7, 7, 7, 7, 7, 7, 7, 7, 7, 7, 7, 7, 7, 7, 7, 7, 7, 7, 7, 7, 7, 7, 7, 7, 7, 7, 7, 7, 7, 7, 7, 7, 7, 7, 7, 7, 7, 7, 7, 7, 7, 7, 7, 7, 7, 7, 7, 7, 7, 7, 7] 
dagE40.txt 1_4x4.txt True 0.0 0.14 522.5 [7, 7, 7, 7, 7, 7, 7, 7, 7, 7, 7, 7, 7, 7, 7, 7, 7, 7, 7, 7, 7, 7, 7, 7, 7, 7, 7, 7, 7, 7, 7, 7, 7, 7, 7, 7, 7, 7, 7, 7, 7, 7, 7, 7, 7, 7, 7, 7, 7, 7, 7, 7, 7, 7, 7, 7, 7, 7, 7, 7, 7, 7, 7, 7, 7, 7, 7, 7, 7, 7] 
dagE40.txt 1_4x4.txt True 0.14883720930232558 0.15 457.5 [7, 7, 7, 7, 7, 7, 7, 7, 7, 7, 7, 7, 7, 7, 7, 7, 7, 7, 7, 7, 7, 7, 7, 7, 7, 7, 7, 7, 7, 7, 7, 7, 7, 7, 7, 7, 7, 7, 7, 7, 7, 1, 7, 7, 7, 7, 7, 7, 7, 7, 1, 7, 1, 7, 7, 1, 7, 7, 7, 7, 7, 7, 4, 1, 1, 7, 7, 7, 7, 1] 
dagE40.txt 1_4x4.txt True 0.14883720930232558 0.16 457.5 [7, 7, 7, 7, 7, 7, 7, 7, 7, 7, 7, 7, 7, 7, 7, 7, 7, 7, 7, 7, 7, 7, 7, 7, 7, 7, 7, 7, 7, 7, 7, 7, 7, 7, 7, 7, 7, 7, 7, 7, 7, 1, 7, 7, 7, 7, 7, 7, 7, 7, 1, 7, 1, 7, 7, 1, 7, 7, 7, 7, 7, 7, 4, 1, 1, 7, 7, 7, 7, 1] 
dagE40.txt 1_4x4.txt True 0.14883720930232558 0.17 457.5 [7, 7, 7, 7, 7, 7, 7, 7, 7, 7, 7, 7, 7, 7, 7, 7, 7, 7, 7, 7, 7, 7, 7, 7, 7, 7, 7, 7, 7, 7, 7, 7, 7, 7, 7, 7, 7, 7, 7, 7, 7, 1, 7, 7, 7, 7, 7, 7, 7, 7, 1, 7, 1, 7, 7, 1, 7, 7, 7, 7, 7, 7, 4, 1, 1, 7, 7, 7, 7, 1] 
dagE40.txt 1_4x4.txt True 0.14883720930232558 0.18 457.5 [7, 7, 7, 7, 7, 7, 7, 7, 7, 7, 7, 7, 7, 7, 7, 7, 7, 7, 7, 7, 7, 7, 7, 7, 7, 7, 7, 7, 7, 7, 7, 7, 7, 7, 7, 7, 7, 7, 7, 7, 7, 1, 7, 7, 7, 7, 7, 7, 7, 7, 1, 7, 1, 7, 7, 1, 7, 7, 7, 7, 7, 7, 4, 1, 1, 7, 7, 7, 7, 1] 
dagE40.txt 1_4x4.txt True 0.14883720930232558 0.19 457.5 [7, 7, 7, 7, 7, 7, 7, 7, 7, 7, 7, 7, 7, 7, 7, 7, 7, 7, 7, 7, 7, 7, 7, 7, 7, 7, 7, 7, 7, 7, 7, 7, 7, 7, 7, 7, 7, 7, 7, 7, 7, 1, 7, 7, 7, 7, 7, 7, 7, 7, 1, 7, 1, 7, 7, 1, 7, 7, 7, 7, 7, 7, 4, 1, 1, 7, 7, 7, 7, 1] 
dagE40.txt 1_4x4.txt True 0.2 0.2 714.0 [7, 7, 7, 7, 7, 7, 7, 7, 7, 7, 7, 7, 7, 7, 7, 6, 7, 7, 7, 7, 7, 7, 7, 7, 7, 7, 7, 7, 7, 6, 7, 7, 7, 7, 6, 7, 7, 7, 7, 7, 6, 7, 7, 6, 6, 1, 6, 6, 6, 6, 7, 7, 7, 6, 6, 7, 6, 6, 7, 6, 6, 6, 6, 6, 6, 6, 4, 6, 6, 6] 
dagE40.txt 1_4x4.txt True 0.2 0.25 714.0 [7, 7, 7, 7, 7, 7, 7, 7, 7, 7, 7, 7, 7, 7, 7, 6, 7, 7, 7, 7, 7, 7, 7, 7, 7, 7, 7, 7, 7, 6, 7, 7, 7, 7, 6, 7, 7, 7, 7, 7, 6, 7, 7, 6, 6, 1, 6, 6, 6, 6, 7, 7, 7, 6, 6, 7, 6, 6, 7, 6, 6, 6, 6, 6, 6, 6, 4, 6, 6, 6] 
dagE40.txt 1_4x4.txt True 0.2 0.3 714.0 [7, 7, 7, 7, 7, 7, 7, 7, 7, 7, 7, 7, 7, 7, 7, 6, 7, 7, 7, 7, 7, 7, 7, 7, 7, 7, 7, 7, 7, 6, 7, 7, 7, 7, 6, 7, 7, 7, 7, 7, 6, 7, 7, 6, 6, 1, 6, 6, 6, 6, 7, 7, 7, 6, 6, 7, 6, 6, 7, 6, 6, 6, 6, 6, 6, 6, 4, 6, 6, 6] 
dagE40.txt 1_4x4.txt True 0.2 0.35 714.0 [7, 7, 7, 7, 7, 7, 7, 7, 7, 7, 7, 7, 7, 7, 7, 6, 7, 7, 7, 7, 7, 7, 7, 7, 7, 7, 7, 7, 7, 6, 7, 7, 7, 7, 6, 7, 7, 7, 7, 7, 6, 7, 7, 6, 6, 1, 6, 6, 6, 6, 7, 7, 7, 6, 6, 7, 6, 6, 7, 6, 6, 6, 6, 6, 6, 6, 4, 6, 6, 6] 
dagE40.txt 1_4x4.txt True 0.35348837209302325 0.4 209.75 [3, 3, 3, 3, 3, 3, 3, 3, 7, 3, 3, 3, 3, 3, 3, 7, 3, 3, 6, 3, 3, 5, 7, 3, 3, 3, 3, 3, 5, 7, 5, 1, 3, 6, 7, 7, 3, 7, 7, 7, 5, 4, 1, 7, 7, 1, 7, 6, 4, 7, 3, 7, 7, 5, 7, 5, 7, 6, 7, 7, 7, 5, 7, 7, 7, 7, 4, 7, 7, 5] 
dagE40.txt 1_4x4.txt True 0.35348837209302325 0.45 209.75 [3, 3, 3, 3, 3, 3, 3, 3, 7, 3, 3, 3, 3, 3, 3, 7, 3, 3, 6, 3, 3, 5, 7, 3, 3, 3, 3, 3, 5, 7, 5, 1, 3, 6, 7, 7, 3, 7, 7, 7, 5, 4, 1, 7, 7, 1, 7, 6, 4, 7, 3, 7, 7, 5, 7, 5, 7, 6, 7, 7, 7, 5, 7, 7, 7, 7, 4, 7, 7, 5] 
dagE40.txt 1_4x4.txt True 0.4790697674418605 0.5 389.0 [5, 6, 7, 7, 6, 6, 7, 6, 6, 6, 7, 7, 5, 6, 6, 7, 6, 5, 5, 5, 5, 3, 0, 7, 7, 5, 6, 6, 5, 2, 5, 0, 7, 5, 2, 0, 0, 0, 3, 2, 5, 0, 0, 2, 0, 0, 2, 4, 1, 2, 3, 0, 3, 0, 2, 7, 2, 4, 0, 2, 0, 1, 4, 2, 2, 2, 0, 2, 2, 1] 
dagE40.txt 1_4x4.txt True 0.5488372093023256 0.55 290.0 [0, 2, 2, 2, 3, 3, 2, 3, 3, 3, 2, 2, 0, 3, 3, 6, 2, 0, 0, 1, 0, 5, 6, 2, 2, 0, 7, 3, 5, 3, 0, 4, 5, 0, 6, 5, 7, 6, 6, 6, 0, 1, 1, 5, 4, 4, 5, 1, 4, 7, 7, 7, 6, 4, 7, 5, 1, 1, 1, 6, 4, 4, 1, 7, 7, 6, 5, 4, 7, 4] 
dagE40.txt 1_4x4.txt True 0.5488372093023256 0.6 290.0 [0, 2, 2, 2, 3, 3, 2, 3, 3, 3, 2, 2, 0, 3, 3, 6, 2, 0, 0, 1, 0, 5, 6, 2, 2, 0, 7, 3, 5, 3, 0, 4, 5, 0, 6, 5, 7, 6, 6, 6, 0, 1, 1, 5, 4, 4, 5, 1, 4, 7, 7, 7, 6, 4, 7, 5, 1, 1, 1, 6, 4, 4, 1, 7, 7, 6, 5, 4, 7, 4] 
dagE40.txt 1_4x4.txt True 0.5488372093023256 0.65 290.0 [0, 2, 2, 2, 3, 3, 2, 3, 3, 3, 2, 2, 0, 3, 3, 6, 2, 0, 0, 1, 0, 5, 6, 2, 2, 0, 7, 3, 5, 3, 0, 4, 5, 0, 6, 5, 7, 6, 6, 6, 0, 1, 1, 5, 4, 4, 5, 1, 4, 7, 7, 7, 6, 4, 7, 5, 1, 1, 1, 6, 4, 4, 1, 7, 7, 6, 5, 4, 7, 4] 
dagE40.txt 1_4x4.txt True 0.5488372093023256 0.7 290.0 [0, 2, 2, 2, 3, 3, 2, 3, 3, 3, 2, 2, 0, 3, 3, 6, 2, 0, 0, 1, 0, 5, 6, 2, 2, 0, 7, 3, 5, 3, 0, 4, 5, 0, 6, 5, 7, 6, 6, 6, 0, 1, 1, 5, 4, 4, 5, 1, 4, 7, 7, 7, 6, 4, 7, 5, 1, 1, 1, 6, 4, 4, 1, 7, 7, 6, 5, 4, 7, 4] 
dagE40.txt 1_4x4.txt True 0.5488372093023256 0.75 290.0 [0, 2, 2, 2, 3, 3, 2, 3, 3, 3, 2, 2, 0, 3, 3, 6, 2, 0, 0, 1, 0, 5, 6, 2, 2, 0, 7, 3, 5, 3, 0, 4, 5, 0, 6, 5, 7, 6, 6, 6, 0, 1, 1, 5, 4, 4, 5, 1, 4, 7, 7, 7, 6, 4, 7, 5, 1, 1, 1, 6, 4, 4, 1, 7, 7, 6, 5, 4, 7, 4] 
dagE40.txt 1_4x4.txt True 0.7813953488372093 0.8 293.0 [5, 4, 3, 7, 0, 5, 4, 0, 2, 7, 3, 4, 0, 7, 2, 6, 5, 4, 0, 2, 7, 0, 0, 4, 0, 7, 4, 2, 2, 1, 1, 6, 0, 5, 5, 3, 5, 1, 7, 3, 2, 2, 1, 1, 4, 6, 6, 2, 3, 6, 3, 1, 1, 5, 6, 0, 1, 2, 5, 7, 3, 6, 1, 6, 7, 3, 5, 3, 6, 4] 
dagE40.txt 1_4x4.txt True 0.7813953488372093 0.85 293.0 [5, 4, 3, 7, 0, 5, 4, 0, 2, 7, 3, 4, 0, 7, 2, 6, 5, 4, 0, 2, 7, 0, 0, 4, 0, 7, 4, 2, 2, 1, 1, 6, 0, 5, 5, 3, 5, 1, 7, 3, 2, 2, 1, 1, 4, 6, 6, 2, 3, 6, 3, 1, 1, 5, 6, 0, 1, 2, 5, 7, 3, 6, 1, 6, 7, 3, 5, 3, 6, 4] 
dagE40.txt 1_4x4.txt True 0.7813953488372093 0.9 293.0 [5, 4, 3, 7, 0, 5, 4, 0, 2, 7, 3, 4, 0, 7, 2, 6, 5, 4, 0, 2, 7, 0, 0, 4, 0, 7, 4, 2, 2, 1, 1, 6, 0, 5, 5, 3, 5, 1, 7, 3, 2, 2, 1, 1, 4, 6, 6, 2, 3, 6, 3, 1, 1, 5, 6, 0, 1, 2, 5, 7, 3, 6, 1, 6, 7, 3, 5, 3, 6, 4] 
dagE40.txt 1_4x4.txt True 0.7813953488372093 0.95 293.0 [5, 4, 3, 7, 0, 5, 4, 0, 2, 7, 3, 4, 0, 7, 2, 6, 5, 4, 0, 2, 7, 0, 0, 4, 0, 7, 4, 2, 2, 1, 1, 6, 0, 5, 5, 3, 5, 1, 7, 3, 2, 2, 1, 1, 4, 6, 6, 2, 3, 6, 3, 1, 1, 5, 6, 0, 1, 2, 5, 7, 3, 6, 1, 6, 7, 3, 5, 3, 6, 4] 
dagE40.txt 1_4x4.txt True 0.7813953488372093 1 293.0 [5, 4, 3, 7, 0, 5, 4, 0, 2, 7, 3, 4, 0, 7, 2, 6, 5, 4, 0, 2, 7, 0, 0, 4, 0, 7, 4, 2, 2, 1, 1, 6, 0, 5, 5, 3, 5, 1, 7, 3, 2, 2, 1, 1, 4, 6, 6, 2, 3, 6, 3, 1, 1, 5, 6, 0, 1, 2, 5, 7, 3, 6, 1, 6, 7, 3, 5, 3, 6, 4] 
dagE40.txt 1_4x2.txt True 0.05581395348837209 0.07 509.25 [3, 3, 3, 3, 3, 3, 3, 3, 3, 3, 3, 3, 3, 3, 3, 3, 3, 3, 2, 3, 3, 3, 3, 3, 3, 3, 3, 3, 3, 3, 3, 2, 3, 3, 3, 3, 3, 3, 3, 3, 3, 3, 3, 3, 3, 3, 3, 3, 3, 3, 3, 3, 3, 3, 3, 3, 3, 3, 3, 3, 3, 3, 3, 3, 3, 3, 3, 3, 3, 3] 
dagE40.txt 1_4x2.txt True 0.07441860465116279 0.08 475.5 [3, 3, 3, 3, 3, 3, 3, 3, 3, 3, 3, 3, 3, 3, 3, 2, 3, 3, 3, 3, 3, 3, 3, 3, 3, 3, 3, 2, 3, 3, 3, 1, 3, 3, 3, 3, 3, 3, 3, 3, 3, 3, 3, 3, 3, 1, 3, 1, 3, 3, 2, 3, 3, 3, 3, 3, 3, 3, 3, 3, 3, 3, 3, 3, 3, 3, 3, 3, 3, 3] 
dagE40.txt 1_4x2.txt True 0.07441860465116279 0.09 475.5 [3, 3, 3, 3, 3, 3, 3, 3, 3, 3, 3, 3, 3, 3, 3, 2, 3, 3, 3, 3, 3, 3, 3, 3, 3, 3, 3, 2, 3, 3, 3, 1, 3, 3, 3, 3, 3, 3, 3, 3, 3, 3, 3, 3, 3, 1, 3, 1, 3, 3, 2, 3, 3, 3, 3, 3, 3, 3, 3, 3, 3, 3, 3, 3, 3, 3, 3, 3, 3, 3] 
dagE40.txt 1_4x2.txt True 0.07441860465116279 0.1 475.5 [3, 3, 3, 3, 3, 3, 3, 3, 3, 3, 3, 3, 3, 3, 3, 2, 3, 3, 3, 3, 3, 3, 3, 3, 3, 3, 3, 2, 3, 3, 3, 1, 3, 3, 3, 3, 3, 3, 3, 3, 3, 3, 3, 3, 3, 1, 3, 1, 3, 3, 2, 3, 3, 3, 3, 3, 3, 3, 3, 3, 3, 3, 3, 3, 3, 3, 3, 3, 3, 3] 
dagE40.txt 1_4x2.txt True 0.07441860465116279 0.11 475.5 [3, 3, 3, 3, 3, 3, 3, 3, 3, 3, 3, 3, 3, 3, 3, 2, 3, 3, 3, 3, 3, 3, 3, 3, 3, 3, 3, 2, 3, 3, 3, 1, 3, 3, 3, 3, 3, 3, 3, 3, 3, 3, 3, 3, 3, 1, 3, 1, 3, 3, 2, 3, 3, 3, 3, 3, 3, 3, 3, 3, 3, 3, 3, 3, 3, 3, 3, 3, 3, 3] 
dagE40.txt 1_4x2.txt True 0.07441860465116279 0.12 475.5 [3, 3, 3, 3, 3, 3, 3, 3, 3, 3, 3, 3, 3, 3, 3, 2, 3, 3, 3, 3, 3, 3, 3, 3, 3, 3, 3, 2, 3, 3, 3, 1, 3, 3, 3, 3, 3, 3, 3, 3, 3, 3, 3, 3, 3, 1, 3, 1, 3, 3, 2, 3, 3, 3, 3, 3, 3, 3, 3, 3, 3, 3, 3, 3, 3, 3, 3, 3, 3, 3] 
dagE40.txt 1_4x2.txt True 0.07441860465116279 0.13 475.5 [3, 3, 3, 3, 3, 3, 3, 3, 3, 3, 3, 3, 3, 3, 3, 2, 3, 3, 3, 3, 3, 3, 3, 3, 3, 3, 3, 2, 3, 3, 3, 1, 3, 3, 3, 3, 3, 3, 3, 3, 3, 3, 3, 3, 3, 1, 3, 1, 3, 3, 2, 3, 3, 3, 3, 3, 3, 3, 3, 3, 3, 3, 3, 3, 3, 3, 3, 3, 3, 3] 
dagE40.txt 1_4x2.txt True 0.07441860465116279 0.14 475.5 [3, 3, 3, 3, 3, 3, 3, 3, 3, 3, 3, 3, 3, 3, 3, 2, 3, 3, 3, 3, 3, 3, 3, 3, 3, 3, 3, 2, 3, 3, 3, 1, 3, 3, 3, 3, 3, 3, 3, 3, 3, 3, 3, 3, 3, 1, 3, 1, 3, 3, 2, 3, 3, 3, 3, 3, 3, 3, 3, 3, 3, 3, 3, 3, 3, 3, 3, 3, 3, 3] 
dagE40.txt 1_4x2.txt True 0.07441860465116279 0.15 475.5 [3, 3, 3, 3, 3, 3, 3, 3, 3, 3, 3, 3, 3, 3, 3, 2, 3, 3, 3, 3, 3, 3, 3, 3, 3, 3, 3, 2, 3, 3, 3, 1, 3, 3, 3, 3, 3, 3, 3, 3, 3, 3, 3, 3, 3, 1, 3, 1, 3, 3, 2, 3, 3, 3, 3, 3, 3, 3, 3, 3, 3, 3, 3, 3, 3, 3, 3, 3, 3, 3] 
dagE40.txt 1_4x2.txt True 0.07441860465116279 0.16 475.5 [3, 3, 3, 3, 3, 3, 3, 3, 3, 3, 3, 3, 3, 3, 3, 2, 3, 3, 3, 3, 3, 3, 3, 3, 3, 3, 3, 2, 3, 3, 3, 1, 3, 3, 3, 3, 3, 3, 3, 3, 3, 3, 3, 3, 3, 1, 3, 1, 3, 3, 2, 3, 3, 3, 3, 3, 3, 3, 3, 3, 3, 3, 3, 3, 3, 3, 3, 3, 3, 3] 
dagE40.txt 1_4x2.txt True 0.16744186046511628 0.17 386.75 [3, 3, 3, 3, 3, 3, 3, 3, 3, 3, 3, 3, 3, 3, 2, 2, 3, 3, 3, 3, 3, 3, 3, 3, 3, 3, 3, 2, 3, 3, 3, 2, 3, 3, 3, 3, 3, 3, 3, 3, 3, 3, 3, 1, 1, 2, 1, 2, 1, 3, 2, 3, 3, 1, 3, 3, 3, 2, 3, 3, 1, 1, 3, 3, 3, 3, 3, 1, 3, 1] 
dagE40.txt 1_4x2.txt True 0.16744186046511628 0.18 386.75 [3, 3, 3, 3, 3, 3, 3, 3, 3, 3, 3, 3, 3, 3, 2, 2, 3, 3, 3, 3, 3, 3, 3, 3, 3, 3, 3, 2, 3, 3, 3, 2, 3, 3, 3, 3, 3, 3, 3, 3, 3, 3, 3, 1, 1, 2, 1, 2, 1, 3, 2, 3, 3, 1, 3, 3, 3, 2, 3, 3, 1, 1, 3, 3, 3, 3, 3, 1, 3, 1] 
dagE40.txt 1_4x2.txt True 0.16744186046511628 0.19 386.75 [3, 3, 3, 3, 3, 3, 3, 3, 3, 3, 3, 3, 3, 3, 2, 2, 3, 3, 3, 3, 3, 3, 3, 3, 3, 3, 3, 2, 3, 3, 3, 2, 3, 3, 3, 3, 3, 3, 3, 3, 3, 3, 3, 1, 1, 2, 1, 2, 1, 3, 2, 3, 3, 1, 3, 3, 3, 2, 3, 3, 1, 1, 3, 3, 3, 3, 3, 1, 3, 1] 
dagE40.txt 1_4x2.txt True 0.16744186046511628 0.2 386.75 [3, 3, 3, 3, 3, 3, 3, 3, 3, 3, 3, 3, 3, 3, 2, 2, 3, 3, 3, 3, 3, 3, 3, 3, 3, 3, 3, 2, 3, 3, 3, 2, 3, 3, 3, 3, 3, 3, 3, 3, 3, 3, 3, 1, 1, 2, 1, 2, 1, 3, 2, 3, 3, 1, 3, 3, 3, 2, 3, 3, 1, 1, 3, 3, 3, 3, 3, 1, 3, 1] 
dagE40.txt 1_4x2.txt True 0.16744186046511628 0.25 386.75 [3, 3, 3, 3, 3, 3, 3, 3, 3, 3, 3, 3, 3, 3, 2, 2, 3, 3, 3, 3, 3, 3, 3, 3, 3, 3, 3, 2, 3, 3, 3, 2, 3, 3, 3, 3, 3, 3, 3, 3, 3, 3, 3, 1, 1, 2, 1, 2, 1, 3, 2, 3, 3, 1, 3, 3, 3, 2, 3, 3, 1, 1, 3, 3, 3, 3, 3, 1, 3, 1] 
dagE40.txt 1_4x2.txt True 0.27906976744186046 0.3 977.0 [3, 3, 3, 3, 3, 3, 3, 3, 3, 3, 3, 3, 3, 3, 3, 3, 3, 2, 3, 3, 3, 2, 2, 3, 3, 2, 2, 3, 2, 2, 3, 2, 3, 2, 2, 2, 2, 2, 2, 2, 3, 2, 1, 0, 2, 2, 0, 2, 0, 1, 2, 2, 2, 2, 2, 2, 1, 2, 2, 2, 2, 1, 2, 1, 2, 1, 2, 0, 1, 1] 
dagE40.txt 1_4x2.txt True 0.33488372093023255 0.35 748.0 [3, 2, 2, 2, 2, 2, 2, 2, 2, 2, 2, 2, 3, 2, 2, 2, 2, 3, 3, 2, 3, 0, 0, 2, 2, 3, 0, 2, 3, 0, 3, 1, 2, 3, 0, 0, 0, 0, 0, 0, 3, 1, 1, 0, 0, 1, 0, 1, 1, 0, 0, 0, 0, 1, 0, 3, 0, 1, 1, 0, 0, 1, 1, 0, 0, 0, 1, 0, 0, 1] 
dagE40.txt 1_4x2.txt True 0.3813953488372093 0.4 516.0 [0, 1, 1, 1, 1, 1, 1, 1, 3, 1, 1, 1, 0, 1, 1, 1, 1, 0, 0, 0, 0, 2, 3, 1, 1, 0, 3, 1, 0, 3, 0, 2, 1, 0, 3, 2, 2, 3, 0, 3, 0, 2, 2, 2, 3, 2, 3, 0, 2, 3, 0, 2, 0, 2, 3, 2, 3, 0, 2, 3, 2, 2, 0, 3, 3, 3, 2, 2, 3, 2] 
dagE40.txt 1_4x2.txt True 0.3813953488372093 0.45 516.0 [0, 1, 1, 1, 1, 1, 1, 1, 3, 1, 1, 1, 0, 1, 1, 1, 1, 0, 0, 0, 0, 2, 3, 1, 1, 0, 3, 1, 0, 3, 0, 2, 1, 0, 3, 2, 2, 3, 0, 3, 0, 2, 2, 2, 3, 2, 3, 0, 2, 3, 0, 2, 0, 2, 3, 2, 3, 0, 2, 3, 2, 2, 0, 3, 3, 3, 2, 2, 3, 2] 
dagE40.txt 1_4x2.txt True 0.3813953488372093 0.5 516.0 [0, 1, 1, 1, 1, 1, 1, 1, 3, 1, 1, 1, 0, 1, 1, 1, 1, 0, 0, 0, 0, 2, 3, 1, 1, 0, 3, 1, 0, 3, 0, 2, 1, 0, 3, 2, 2, 3, 0, 3, 0, 2, 2, 2, 3, 2, 3, 0, 2, 3, 0, 2, 0, 2, 3, 2, 3, 0, 2, 3, 2, 2, 0, 3, 3, 3, 2, 2, 3, 2] 
dagE40.txt 1_4x2.txt True 0.3813953488372093 0.55 516.0 [0, 1, 1, 1, 1, 1, 1, 1, 3, 1, 1, 1, 0, 1, 1, 1, 1, 0, 0, 0, 0, 2, 3, 1, 1, 0, 3, 1, 0, 3, 0, 2, 1, 0, 3, 2, 2, 3, 0, 3, 0, 2, 2, 2, 3, 2, 3, 0, 2, 3, 0, 2, 0, 2, 3, 2, 3, 0, 2, 3, 2, 2, 0, 3, 3, 3, 2, 2, 3, 2] 
dagE40.txt 1_4x2.txt True 0.3813953488372093 0.6 516.0 [0, 1, 1, 1, 1, 1, 1, 1, 3, 1, 1, 1, 0, 1, 1, 1, 1, 0, 0, 0, 0, 2, 3, 1, 1, 0, 3, 1, 0, 3, 0, 2, 1, 0, 3, 2, 2, 3, 0, 3, 0, 2, 2, 2, 3, 2, 3, 0, 2, 3, 0, 2, 0, 2, 3, 2, 3, 0, 2, 3, 2, 2, 0, 3, 3, 3, 2, 2, 3, 2] 
dagE40.txt 1_4x2.txt True 0.3813953488372093 0.65 516.0 [0, 1, 1, 1, 1, 1, 1, 1, 3, 1, 1, 1, 0, 1, 1, 1, 1, 0, 0, 0, 0, 2, 3, 1, 1, 0, 3, 1, 0, 3, 0, 2, 1, 0, 3, 2, 2, 3, 0, 3, 0, 2, 2, 2, 3, 2, 3, 0, 2, 3, 0, 2, 0, 2, 3, 2, 3, 0, 2, 3, 2, 2, 0, 3, 3, 3, 2, 2, 3, 2] 
dagE40.txt 1_4x2.txt True 0.6883720930232559 0.7 501.0 [1, 3, 0, 3, 2, 2, 3, 3, 2, 0, 1, 1, 3, 2, 0, 1, 2, 2, 3, 0, 2, 3, 3, 1, 0, 2, 0, 2, 3, 0, 2, 2, 0, 1, 1, 1, 2, 3, 0, 0, 3, 1, 2, 0, 3, 2, 3, 0, 1, 1, 2, 1, 3, 0, 3, 0, 2, 0, 1, 1, 3, 1, 0, 3, 3, 1, 1, 0, 0, 2] 
dagE40.txt 1_4x2.txt True 0.7116279069767442 0.75 586.0 [0, 2, 3, 1, 1, 3, 2, 0, 2, 1, 1, 1, 3, 2, 3, 0, 1, 3, 1, 2, 1, 2, 2, 0, 1, 0, 1, 0, 0, 2, 2, 2, 1, 0, 0, 3, 1, 3, 3, 0, 2, 3, 1, 3, 2, 2, 2, 0, 0, 2, 3, 3, 2, 1, 1, 3, 0, 0, 1, 3, 0, 2, 1, 3, 3, 0, 3, 0, 2, 3] 
dagE40.txt 1_4x2.txt True 0.7116279069767442 0.8 586.0 [0, 2, 3, 1, 1, 3, 2, 0, 2, 1, 1, 1, 3, 2, 3, 0, 1, 3, 1, 2, 1, 2, 2, 0, 1, 0, 1, 0, 0, 2, 2, 2, 1, 0, 0, 3, 1, 3, 3, 0, 2, 3, 1, 3, 2, 2, 2, 0, 0, 2, 3, 3, 2, 1, 1, 3, 0, 0, 1, 3, 0, 2, 1, 3, 3, 0, 3, 0, 2, 3] 
dagE40.txt 1_4x2.txt True 0.7116279069767442 0.85 586.0 [0, 2, 3, 1, 1, 3, 2, 0, 2, 1, 1, 1, 3, 2, 3, 0, 1, 3, 1, 2, 1, 2, 2, 0, 1, 0, 1, 0, 0, 2, 2, 2, 1, 0, 0, 3, 1, 3, 3, 0, 2, 3, 1, 3, 2, 2, 2, 0, 0, 2, 3, 3, 2, 1, 1, 3, 0, 0, 1, 3, 0, 2, 1, 3, 3, 0, 3, 0, 2, 3] 
dagE40.txt 1_4x2.txt True 0.7116279069767442 0.9 586.0 [0, 2, 3, 1, 1, 3, 2, 0, 2, 1, 1, 1, 3, 2, 3, 0, 1, 3, 1, 2, 1, 2, 2, 0, 1, 0, 1, 0, 0, 2, 2, 2, 1, 0, 0, 3, 1, 3, 3, 0, 2, 3, 1, 3, 2, 2, 2, 0, 0, 2, 3, 3, 2, 1, 1, 3, 0, 0, 1, 3, 0, 2, 1, 3, 3, 0, 3, 0, 2, 3] 
dagE40.txt 1_4x2.txt True 0.7116279069767442 0.95 586.0 [0, 2, 3, 1, 1, 3, 2, 0, 2, 1, 1, 1, 3, 2, 3, 0, 1, 3, 1, 2, 1, 2, 2, 0, 1, 0, 1, 0, 0, 2, 2, 2, 1, 0, 0, 3, 1, 3, 3, 0, 2, 3, 1, 3, 2, 2, 2, 0, 0, 2, 3, 3, 2, 1, 1, 3, 0, 0, 1, 3, 0, 2, 1, 3, 3, 0, 3, 0, 2, 3] 
dagE40.txt 1_4x2.txt True 0.7116279069767442 1 586.0 [0, 2, 3, 1, 1, 3, 2, 0, 2, 1, 1, 1, 3, 2, 3, 0, 1, 3, 1, 2, 1, 2, 2, 0, 1, 0, 1, 0, 0, 2, 2, 2, 1, 0, 0, 3, 1, 3, 3, 0, 2, 3, 1, 3, 2, 2, 2, 0, 0, 2, 3, 3, 2, 1, 1, 3, 0, 0, 1, 3, 0, 2, 1, 3, 3, 0, 3, 0, 2, 3] 
dagE40.txt 1_4x3.txt True 0.0 0.07 522.5 [5, 5, 5, 5, 5, 5, 5, 5, 5, 5, 5, 5, 5, 5, 5, 5, 5, 5, 5, 5, 5, 5, 5, 5, 5, 5, 5, 5, 5, 5, 5, 5, 5, 5, 5, 5, 5, 5, 5, 5, 5, 5, 5, 5, 5, 5, 5, 5, 5, 5, 5, 5, 5, 5, 5, 5, 5, 5, 5, 5, 5, 5, 5, 5, 5, 5, 5, 5, 5, 5] 
dagE40.txt 1_4x3.txt True 0.0 0.08 522.5 [5, 5, 5, 5, 5, 5, 5, 5, 5, 5, 5, 5, 5, 5, 5, 5, 5, 5, 5, 5, 5, 5, 5, 5, 5, 5, 5, 5, 5, 5, 5, 5, 5, 5, 5, 5, 5, 5, 5, 5, 5, 5, 5, 5, 5, 5, 5, 5, 5, 5, 5, 5, 5, 5, 5, 5, 5, 5, 5, 5, 5, 5, 5, 5, 5, 5, 5, 5, 5, 5] 
dagE40.txt 1_4x3.txt True 0.08372093023255814 0.09 481.25 [5, 5, 5, 5, 5, 5, 5, 5, 5, 5, 5, 5, 5, 5, 5, 5, 5, 5, 5, 5, 5, 5, 5, 5, 5, 5, 5, 5, 5, 5, 5, 5, 5, 5, 5, 5, 5, 5, 5, 5, 5, 4, 5, 5, 5, 5, 5, 5, 5, 5, 5, 5, 5, 5, 5, 4, 5, 5, 5, 5, 5, 5, 5, 4, 3, 5, 5, 5, 5, 3] 
dagE40.txt 1_4x3.txt True 0.08372093023255814 0.1 481.25 [5, 5, 5, 5, 5, 5, 5, 5, 5, 5, 5, 5, 5, 5, 5, 5, 5, 5, 5, 5, 5, 5, 5, 5, 5, 5, 5, 5, 5, 5, 5, 5, 5, 5, 5, 5, 5, 5, 5, 5, 5, 4, 5, 5, 5, 5, 5, 5, 5, 5, 5, 5, 5, 5, 5, 4, 5, 5, 5, 5, 5, 5, 5, 4, 3, 5, 5, 5, 5, 3] 
dagE40.txt 1_4x3.txt True 0.10232558139534884 0.11 442.75 [5, 5, 5, 5, 5, 5, 5, 5, 5, 5, 5, 5, 5, 5, 5, 5, 5, 5, 5, 5, 5, 5, 5, 5, 5, 5, 5, 5, 5, 5, 5, 0, 5, 5, 5, 5, 5, 5, 5, 5, 5, 5, 5, 4, 5, 0, 4, 0, 0, 5, 5, 5, 5, 3, 5, 5, 5, 5, 5, 5, 4, 3, 5, 5, 5, 5, 5, 4, 5, 3] 
dagE40.txt 1_4x3.txt True 0.10232558139534884 0.12 442.75 [5, 5, 5, 5, 5, 5, 5, 5, 5, 5, 5, 5, 5, 5, 5, 5, 5, 5, 5, 5, 5, 5, 5, 5, 5, 5, 5, 5, 5, 5, 5, 0, 5, 5, 5, 5, 5, 5, 5, 5, 5, 5, 5, 4, 5, 0, 4, 0, 0, 5, 5, 5, 5, 3, 5, 5, 5, 5, 5, 5, 4, 3, 5, 5, 5, 5, 5, 4, 5, 3] 
dagE40.txt 1_4x3.txt True 0.10232558139534884 0.13 442.75 [5, 5, 5, 5, 5, 5, 5, 5, 5, 5, 5, 5, 5, 5, 5, 5, 5, 5, 5, 5, 5, 5, 5, 5, 5, 5, 5, 5, 5, 5, 5, 0, 5, 5, 5, 5, 5, 5, 5, 5, 5, 5, 5, 4, 5, 0, 4, 0, 0, 5, 5, 5, 5, 3, 5, 5, 5, 5, 5, 5, 4, 3, 5, 5, 5, 5, 5, 4, 5, 3] 
dagE40.txt 1_4x3.txt True 0.10232558139534884 0.14 442.75 [5, 5, 5, 5, 5, 5, 5, 5, 5, 5, 5, 5, 5, 5, 5, 5, 5, 5, 5, 5, 5, 5, 5, 5, 5, 5, 5, 5, 5, 5, 5, 0, 5, 5, 5, 5, 5, 5, 5, 5, 5, 5, 5, 4, 5, 0, 4, 0, 0, 5, 5, 5, 5, 3, 5, 5, 5, 5, 5, 5, 4, 3, 5, 5, 5, 5, 5, 4, 5, 3] 
dagE40.txt 1_4x3.txt True 0.10232558139534884 0.15 442.75 [5, 5, 5, 5, 5, 5, 5, 5, 5, 5, 5, 5, 5, 5, 5, 5, 5, 5, 5, 5, 5, 5, 5, 5, 5, 5, 5, 5, 5, 5, 5, 0, 5, 5, 5, 5, 5, 5, 5, 5, 5, 5, 5, 4, 5, 0, 4, 0, 0, 5, 5, 5, 5, 3, 5, 5, 5, 5, 5, 5, 4, 3, 5, 5, 5, 5, 5, 4, 5, 3] 
dagE40.txt 1_4x3.txt True 0.10232558139534884 0.16 442.75 [5, 5, 5, 5, 5, 5, 5, 5, 5, 5, 5, 5, 5, 5, 5, 5, 5, 5, 5, 5, 5, 5, 5, 5, 5, 5, 5, 5, 5, 5, 5, 0, 5, 5, 5, 5, 5, 5, 5, 5, 5, 5, 5, 4, 5, 0, 4, 0, 0, 5, 5, 5, 5, 3, 5, 5, 5, 5, 5, 5, 4, 3, 5, 5, 5, 5, 5, 4, 5, 3] 
dagE40.txt 1_4x3.txt True 0.10232558139534884 0.17 442.75 [5, 5, 5, 5, 5, 5, 5, 5, 5, 5, 5, 5, 5, 5, 5, 5, 5, 5, 5, 5, 5, 5, 5, 5, 5, 5, 5, 5, 5, 5, 5, 0, 5, 5, 5, 5, 5, 5, 5, 5, 5, 5, 5, 4, 5, 0, 4, 0, 0, 5, 5, 5, 5, 3, 5, 5, 5, 5, 5, 5, 4, 3, 5, 5, 5, 5, 5, 4, 5, 3] 
dagE40.txt 1_4x3.txt True 0.10232558139534884 0.18 442.75 [5, 5, 5, 5, 5, 5, 5, 5, 5, 5, 5, 5, 5, 5, 5, 5, 5, 5, 5, 5, 5, 5, 5, 5, 5, 5, 5, 5, 5, 5, 5, 0, 5, 5, 5, 5, 5, 5, 5, 5, 5, 5, 5, 4, 5, 0, 4, 0, 0, 5, 5, 5, 5, 3, 5, 5, 5, 5, 5, 5, 4, 3, 5, 5, 5, 5, 5, 4, 5, 3] 
dagE40.txt 1_4x3.txt True 0.10232558139534884 0.19 442.75 [5, 5, 5, 5, 5, 5, 5, 5, 5, 5, 5, 5, 5, 5, 5, 5, 5, 5, 5, 5, 5, 5, 5, 5, 5, 5, 5, 5, 5, 5, 5, 0, 5, 5, 5, 5, 5, 5, 5, 5, 5, 5, 5, 4, 5, 0, 4, 0, 0, 5, 5, 5, 5, 3, 5, 5, 5, 5, 5, 5, 4, 3, 5, 5, 5, 5, 5, 4, 5, 3] 
dagE40.txt 1_4x3.txt True 0.10232558139534884 0.2 442.75 [5, 5, 5, 5, 5, 5, 5, 5, 5, 5, 5, 5, 5, 5, 5, 5, 5, 5, 5, 5, 5, 5, 5, 5, 5, 5, 5, 5, 5, 5, 5, 0, 5, 5, 5, 5, 5, 5, 5, 5, 5, 5, 5, 4, 5, 0, 4, 0, 0, 5, 5, 5, 5, 3, 5, 5, 5, 5, 5, 5, 4, 3, 5, 5, 5, 5, 5, 4, 5, 3] 
dagE40.txt 1_4x3.txt True 0.24186046511627907 0.25 266.75 [5, 5, 5, 5, 5, 5, 5, 5, 5, 5, 5, 5, 5, 5, 5, 3, 5, 5, 5, 5, 5, 3, 5, 5, 5, 5, 5, 5, 5, 3, 5, 3, 5, 5, 3, 3, 5, 5, 3, 3, 5, 3, 3, 3, 3, 3, 3, 2, 3, 3, 5, 3, 3, 4, 3, 3, 3, 2, 3, 3, 3, 4, 3, 3, 3, 3, 3, 3, 3, 4] 
dagE40.txt 1_4x3.txt True 0.24186046511627907 0.3 266.75 [5, 5, 5, 5, 5, 5, 5, 5, 5, 5, 5, 5, 5, 5, 5, 3, 5, 5, 5, 5, 5, 3, 5, 5, 5, 5, 5, 5, 5, 3, 5, 3, 5, 5, 3, 3, 5, 5, 3, 3, 5, 3, 3, 3, 3, 3, 3, 2, 3, 3, 5, 3, 3, 4, 3, 3, 3, 2, 3, 3, 3, 4, 3, 3, 3, 3, 3, 3, 3, 4] 
dagE40.txt 1_4x3.txt True 0.24186046511627907 0.35 266.75 [5, 5, 5, 5, 5, 5, 5, 5, 5, 5, 5, 5, 5, 5, 5, 3, 5, 5, 5, 5, 5, 3, 5, 5, 5, 5, 5, 5, 5, 3, 5, 3, 5, 5, 3, 3, 5, 5, 3, 3, 5, 3, 3, 3, 3, 3, 3, 2, 3, 3, 5, 3, 3, 4, 3, 3, 3, 2, 3, 3, 3, 4, 3, 3, 3, 3, 3, 3, 3, 4] 
dagE40.txt 1_4x3.txt True 0.3674418604651163 0.4 643.0 [4, 5, 5, 5, 5, 5, 5, 5, 5, 5, 5, 5, 4, 5, 5, 3, 5, 4, 4, 4, 4, 4, 4, 5, 5, 4, 2, 3, 4, 2, 4, 1, 5, 4, 2, 4, 2, 2, 2, 2, 4, 4, 1, 2, 2, 1, 2, 1, 1, 2, 2, 2, 2, 1, 2, 4, 2, 1, 1, 2, 2, 1, 1, 2, 2, 2, 4, 2, 2, 1] 
dagE40.txt 1_4x3.txt True 0.3674418604651163 0.45 643.0 [4, 5, 5, 5, 5, 5, 5, 5, 5, 5, 5, 5, 4, 5, 5, 3, 5, 4, 4, 4, 4, 4, 4, 5, 5, 4, 2, 3, 4, 2, 4, 1, 5, 4, 2, 4, 2, 2, 2, 2, 4, 4, 1, 2, 2, 1, 2, 1, 1, 2, 2, 2, 2, 1, 2, 4, 2, 1, 1, 2, 2, 1, 1, 2, 2, 2, 4, 2, 2, 1] 
dagE40.txt 1_4x3.txt True 0.4930232558139535 0.5 368.0 [1, 1, 1, 1, 2, 2, 1, 2, 2, 2, 1, 1, 0, 2, 2, 5, 1, 0, 2, 1, 2, 4, 4, 1, 1, 0, 2, 2, 0, 5, 0, 4, 1, 0, 5, 4, 4, 2, 3, 3, 0, 4, 4, 5, 5, 4, 5, 0, 4, 3, 3, 4, 3, 0, 5, 0, 3, 0, 4, 5, 5, 3, 3, 3, 5, 3, 4, 5, 3, 3] 
dagE40.txt 1_4x3.txt True 0.4930232558139535 0.55 368.0 [1, 1, 1, 1, 2, 2, 1, 2, 2, 2, 1, 1, 0, 2, 2, 5, 1, 0, 2, 1, 2, 4, 4, 1, 1, 0, 2, 2, 0, 5, 0, 4, 1, 0, 5, 4, 4, 2, 3, 3, 0, 4, 4, 5, 5, 4, 5, 0, 4, 3, 3, 4, 3, 0, 5, 0, 3, 0, 4, 5, 5, 3, 3, 3, 5, 3, 4, 5, 3, 3] 
dagE40.txt 1_4x3.txt True 0.4930232558139535 0.6 368.0 [1, 1, 1, 1, 2, 2, 1, 2, 2, 2, 1, 1, 0, 2, 2, 5, 1, 0, 2, 1, 2, 4, 4, 1, 1, 0, 2, 2, 0, 5, 0, 4, 1, 0, 5, 4, 4, 2, 3, 3, 0, 4, 4, 5, 5, 4, 5, 0, 4, 3, 3, 4, 3, 0, 5, 0, 3, 0, 4, 5, 5, 3, 3, 3, 5, 3, 4, 5, 3, 3] 
dagE40.txt 1_4x3.txt True 0.4930232558139535 0.65 368.0 [1, 1, 1, 1, 2, 2, 1, 2, 2, 2, 1, 1, 0, 2, 2, 5, 1, 0, 2, 1, 2, 4, 4, 1, 1, 0, 2, 2, 0, 5, 0, 4, 1, 0, 5, 4, 4, 2, 3, 3, 0, 4, 4, 5, 5, 4, 5, 0, 4, 3, 3, 4, 3, 0, 5, 0, 3, 0, 4, 5, 5, 3, 3, 3, 5, 3, 4, 5, 3, 3] 
dagE40.txt 1_4x3.txt True 0.4930232558139535 0.7 368.0 [1, 1, 1, 1, 2, 2, 1, 2, 2, 2, 1, 1, 0, 2, 2, 5, 1, 0, 2, 1, 2, 4, 4, 1, 1, 0, 2, 2, 0, 5, 0, 4, 1, 0, 5, 4, 4, 2, 3, 3, 0, 4, 4, 5, 5, 4, 5, 0, 4, 3, 3, 4, 3, 0, 5, 0, 3, 0, 4, 5, 5, 3, 3, 3, 5, 3, 4, 5, 3, 3] 
dagE40.txt 1_4x3.txt True 0.7488372093023256 0.75 378.0 [4, 0, 0, 5, 5, 0, 4, 2, 0, 1, 0, 0, 2, 1, 1, 5, 5, 4, 5, 4, 4, 1, 2, 4, 5, 3, 2, 1, 0, 3, 2, 4, 0, 3, 1, 5, 2, 4, 1, 3, 0, 5, 0, 2, 4, 0, 2, 1, 5, 3, 1, 5, 1, 2, 2, 5, 3, 1, 2, 3, 4, 4, 2, 3, 5, 1, 3, 3, 3, 4] 
dagE40.txt 1_4x3.txt True 0.7488372093023256 0.8 378.0 [4, 0, 0, 5, 5, 0, 4, 2, 0, 1, 0, 0, 2, 1, 1, 5, 5, 4, 5, 4, 4, 1, 2, 4, 5, 3, 2, 1, 0, 3, 2, 4, 0, 3, 1, 5, 2, 4, 1, 3, 0, 5, 0, 2, 4, 0, 2, 1, 5, 3, 1, 5, 1, 2, 2, 5, 3, 1, 2, 3, 4, 4, 2, 3, 5, 1, 3, 3, 3, 4] 
dagE40.txt 1_4x3.txt True 0.7488372093023256 0.85 378.0 [4, 0, 0, 5, 5, 0, 4, 2, 0, 1, 0, 0, 2, 1, 1, 5, 5, 4, 5, 4, 4, 1, 2, 4, 5, 3, 2, 1, 0, 3, 2, 4, 0, 3, 1, 5, 2, 4, 1, 3, 0, 5, 0, 2, 4, 0, 2, 1, 5, 3, 1, 5, 1, 2, 2, 5, 3, 1, 2, 3, 4, 4, 2, 3, 5, 1, 3, 3, 3, 4] 
dagE40.txt 1_4x3.txt True 0.7488372093023256 0.9 378.0 [4, 0, 0, 5, 5, 0, 4, 2, 0, 1, 0, 0, 2, 1, 1, 5, 5, 4, 5, 4, 4, 1, 2, 4, 5, 3, 2, 1, 0, 3, 2, 4, 0, 3, 1, 5, 2, 4, 1, 3, 0, 5, 0, 2, 4, 0, 2, 1, 5, 3, 1, 5, 1, 2, 2, 5, 3, 1, 2, 3, 4, 4, 2, 3, 5, 1, 3, 3, 3, 4] 
dagE40.txt 1_4x3.txt True 0.7488372093023256 0.95 378.0 [4, 0, 0, 5, 5, 0, 4, 2, 0, 1, 0, 0, 2, 1, 1, 5, 5, 4, 5, 4, 4, 1, 2, 4, 5, 3, 2, 1, 0, 3, 2, 4, 0, 3, 1, 5, 2, 4, 1, 3, 0, 5, 0, 2, 4, 0, 2, 1, 5, 3, 1, 5, 1, 2, 2, 5, 3, 1, 2, 3, 4, 4, 2, 3, 5, 1, 3, 3, 3, 4] 
dagE40.txt 1_4x3.txt True 0.7488372093023256 1 378.0 [4, 0, 0, 5, 5, 0, 4, 2, 0, 1, 0, 0, 2, 1, 1, 5, 5, 4, 5, 4, 4, 1, 2, 4, 5, 3, 2, 1, 0, 3, 2, 4, 0, 3, 1, 5, 2, 4, 1, 3, 0, 5, 0, 2, 4, 0, 2, 1, 5, 3, 1, 5, 1, 2, 2, 5, 3, 1, 2, 3, 4, 4, 2, 3, 5, 1, 3, 3, 3, 4] 
dagE40.txt 3_2x1.txt True 0.03255813953488372 0.07 1002.0 [1, 1, 1, 1, 1, 1, 1, 1, 1, 1, 1, 1, 1, 1, 1, 1, 1, 1, 1, 1, 1, 1, 1, 1, 1, 1, 1, 1, 1, 1, 1, 0, 1, 1, 1, 1, 1, 1, 1, 1, 1, 1, 1, 1, 1, 0, 1, 0, 1, 1, 1, 1, 1, 1, 1, 1, 1, 1, 1, 1, 1, 1, 1, 1, 1, 1, 1, 1, 1, 1] 
dagE40.txt 3_2x1.txt True 0.03255813953488372 0.08 1002.0 [1, 1, 1, 1, 1, 1, 1, 1, 1, 1, 1, 1, 1, 1, 1, 1, 1, 1, 1, 1, 1, 1, 1, 1, 1, 1, 1, 1, 1, 1, 1, 0, 1, 1, 1, 1, 1, 1, 1, 1, 1, 1, 1, 1, 1, 0, 1, 0, 1, 1, 1, 1, 1, 1, 1, 1, 1, 1, 1, 1, 1, 1, 1, 1, 1, 1, 1, 1, 1, 1] 
dagE40.txt 3_2x1.txt True 0.03255813953488372 0.09 1002.0 [1, 1, 1, 1, 1, 1, 1, 1, 1, 1, 1, 1, 1, 1, 1, 1, 1, 1, 1, 1, 1, 1, 1, 1, 1, 1, 1, 1, 1, 1, 1, 0, 1, 1, 1, 1, 1, 1, 1, 1, 1, 1, 1, 1, 1, 0, 1, 0, 1, 1, 1, 1, 1, 1, 1, 1, 1, 1, 1, 1, 1, 1, 1, 1, 1, 1, 1, 1, 1, 1] 
dagE40.txt 3_2x1.txt True 0.03255813953488372 0.1 1002.0 [1, 1, 1, 1, 1, 1, 1, 1, 1, 1, 1, 1, 1, 1, 1, 1, 1, 1, 1, 1, 1, 1, 1, 1, 1, 1, 1, 1, 1, 1, 1, 0, 1, 1, 1, 1, 1, 1, 1, 1, 1, 1, 1, 1, 1, 0, 1, 0, 1, 1, 1, 1, 1, 1, 1, 1, 1, 1, 1, 1, 1, 1, 1, 1, 1, 1, 1, 1, 1, 1] 
dagE40.txt 3_2x1.txt True 0.03255813953488372 0.11 1002.0 [1, 1, 1, 1, 1, 1, 1, 1, 1, 1, 1, 1, 1, 1, 1, 1, 1, 1, 1, 1, 1, 1, 1, 1, 1, 1, 1, 1, 1, 1, 1, 0, 1, 1, 1, 1, 1, 1, 1, 1, 1, 1, 1, 1, 1, 0, 1, 0, 1, 1, 1, 1, 1, 1, 1, 1, 1, 1, 1, 1, 1, 1, 1, 1, 1, 1, 1, 1, 1, 1] 
dagE40.txt 3_2x1.txt True 0.03255813953488372 0.12 1002.0 [1, 1, 1, 1, 1, 1, 1, 1, 1, 1, 1, 1, 1, 1, 1, 1, 1, 1, 1, 1, 1, 1, 1, 1, 1, 1, 1, 1, 1, 1, 1, 0, 1, 1, 1, 1, 1, 1, 1, 1, 1, 1, 1, 1, 1, 0, 1, 0, 1, 1, 1, 1, 1, 1, 1, 1, 1, 1, 1, 1, 1, 1, 1, 1, 1, 1, 1, 1, 1, 1] 
dagE40.txt 3_2x1.txt True 0.03255813953488372 0.13 1002.0 [1, 1, 1, 1, 1, 1, 1, 1, 1, 1, 1, 1, 1, 1, 1, 1, 1, 1, 1, 1, 1, 1, 1, 1, 1, 1, 1, 1, 1, 1, 1, 0, 1, 1, 1, 1, 1, 1, 1, 1, 1, 1, 1, 1, 1, 0, 1, 0, 1, 1, 1, 1, 1, 1, 1, 1, 1, 1, 1, 1, 1, 1, 1, 1, 1, 1, 1, 1, 1, 1] 
dagE40.txt 3_2x1.txt True 0.03255813953488372 0.14 1002.0 [1, 1, 1, 1, 1, 1, 1, 1, 1, 1, 1, 1, 1, 1, 1, 1, 1, 1, 1, 1, 1, 1, 1, 1, 1, 1, 1, 1, 1, 1, 1, 0, 1, 1, 1, 1, 1, 1, 1, 1, 1, 1, 1, 1, 1, 0, 1, 0, 1, 1, 1, 1, 1, 1, 1, 1, 1, 1, 1, 1, 1, 1, 1, 1, 1, 1, 1, 1, 1, 1] 
dagE40.txt 3_2x1.txt True 0.03255813953488372 0.15 1002.0 [1, 1, 1, 1, 1, 1, 1, 1, 1, 1, 1, 1, 1, 1, 1, 1, 1, 1, 1, 1, 1, 1, 1, 1, 1, 1, 1, 1, 1, 1, 1, 0, 1, 1, 1, 1, 1, 1, 1, 1, 1, 1, 1, 1, 1, 0, 1, 0, 1, 1, 1, 1, 1, 1, 1, 1, 1, 1, 1, 1, 1, 1, 1, 1, 1, 1, 1, 1, 1, 1] 
dagE40.txt 3_2x1.txt True 0.03255813953488372 0.16 1002.0 [1, 1, 1, 1, 1, 1, 1, 1, 1, 1, 1, 1, 1, 1, 1, 1, 1, 1, 1, 1, 1, 1, 1, 1, 1, 1, 1, 1, 1, 1, 1, 0, 1, 1, 1, 1, 1, 1, 1, 1, 1, 1, 1, 1, 1, 0, 1, 0, 1, 1, 1, 1, 1, 1, 1, 1, 1, 1, 1, 1, 1, 1, 1, 1, 1, 1, 1, 1, 1, 1] 
dagE40.txt 3_2x1.txt True 0.03255813953488372 0.17 1002.0 [1, 1, 1, 1, 1, 1, 1, 1, 1, 1, 1, 1, 1, 1, 1, 1, 1, 1, 1, 1, 1, 1, 1, 1, 1, 1, 1, 1, 1, 1, 1, 0, 1, 1, 1, 1, 1, 1, 1, 1, 1, 1, 1, 1, 1, 0, 1, 0, 1, 1, 1, 1, 1, 1, 1, 1, 1, 1, 1, 1, 1, 1, 1, 1, 1, 1, 1, 1, 1, 1] 
dagE40.txt 3_2x1.txt True 0.17674418604651163 0.18 716.0 [1, 1, 1, 1, 1, 1, 1, 1, 1, 1, 1, 1, 1, 1, 1, 1, 1, 1, 1, 1, 1, 1, 1, 1, 1, 1, 1, 1, 1, 0, 1, 1, 1, 1, 0, 1, 1, 1, 1, 0, 1, 1, 1, 0, 0, 1, 0, 0, 1, 0, 1, 1, 0, 0, 0, 1, 0, 0, 1, 0, 0, 0, 0, 0, 0, 0, 1, 0, 0, 0] 
dagE40.txt 3_2x1.txt True 0.17674418604651163 0.19 716.0 [1, 1, 1, 1, 1, 1, 1, 1, 1, 1, 1, 1, 1, 1, 1, 1, 1, 1, 1, 1, 1, 1, 1, 1, 1, 1, 1, 1, 1, 0, 1, 1, 1, 1, 0, 1, 1, 1, 1, 0, 1, 1, 1, 0, 0, 1, 0, 0, 1, 0, 1, 1, 0, 0, 0, 1, 0, 0, 1, 0, 0, 0, 0, 0, 0, 0, 1, 0, 0, 0] 
dagE40.txt 3_2x1.txt True 0.2 0.2 520.0 [0, 0, 0, 0, 0, 0, 0, 0, 0, 0, 0, 0, 0, 0, 0, 0, 0, 0, 0, 0, 0, 1, 1, 0, 0, 0, 0, 0, 0, 1, 0, 1, 0, 0, 1, 1, 1, 1, 1, 1, 0, 1, 1, 1, 1, 1, 1, 0, 1, 1, 1, 1, 1, 1, 1, 0, 1, 0, 1, 1, 1, 1, 1, 1, 1, 1, 1, 1, 1, 1] 
dagE40.txt 3_2x1.txt True 0.20465116279069767 0.25 511.0 [0, 0, 0, 0, 0, 0, 0, 0, 0, 0, 0, 0, 0, 0, 0, 0, 0, 0, 0, 0, 0, 1, 1, 0, 0, 0, 0, 0, 0, 1, 0, 1, 0, 0, 1, 1, 1, 0, 1, 1, 0, 1, 1, 1, 1, 1, 1, 0, 1, 1, 1, 1, 1, 1, 1, 0, 1, 0, 1, 1, 1, 1, 1, 1, 1, 1, 1, 1, 1, 1] 
dagE40.txt 3_2x1.txt True 0.20465116279069767 0.3 511.0 [0, 0, 0, 0, 0, 0, 0, 0, 0, 0, 0, 0, 0, 0, 0, 0, 0, 0, 0, 0, 0, 1, 1, 0, 0, 0, 0, 0, 0, 1, 0, 1, 0, 0, 1, 1, 1, 0, 1, 1, 0, 1, 1, 1, 1, 1, 1, 0, 1, 1, 1, 1, 1, 1, 1, 0, 1, 0, 1, 1, 1, 1, 1, 1, 1, 1, 1, 1, 1, 1] 
dagE40.txt 3_2x1.txt True 0.20465116279069767 0.35 511.0 [0, 0, 0, 0, 0, 0, 0, 0, 0, 0, 0, 0, 0, 0, 0, 0, 0, 0, 0, 0, 0, 1, 1, 0, 0, 0, 0, 0, 0, 1, 0, 1, 0, 0, 1, 1, 1, 0, 1, 1, 0, 1, 1, 1, 1, 1, 1, 0, 1, 1, 1, 1, 1, 1, 1, 0, 1, 0, 1, 1, 1, 1, 1, 1, 1, 1, 1, 1, 1, 1] 
dagE40.txt 3_2x1.txt True 0.20465116279069767 0.4 511.0 [0, 0, 0, 0, 0, 0, 0, 0, 0, 0, 0, 0, 0, 0, 0, 0, 0, 0, 0, 0, 0, 1, 1, 0, 0, 0, 0, 0, 0, 1, 0, 1, 0, 0, 1, 1, 1, 0, 1, 1, 0, 1, 1, 1, 1, 1, 1, 0, 1, 1, 1, 1, 1, 1, 1, 0, 1, 0, 1, 1, 1, 1, 1, 1, 1, 1, 1, 1, 1, 1] 
dagE40.txt 3_2x1.txt True 0.20465116279069767 0.45 511.0 [0, 0, 0, 0, 0, 0, 0, 0, 0, 0, 0, 0, 0, 0, 0, 0, 0, 0, 0, 0, 0, 1, 1, 0, 0, 0, 0, 0, 0, 1, 0, 1, 0, 0, 1, 1, 1, 0, 1, 1, 0, 1, 1, 1, 1, 1, 1, 0, 1, 1, 1, 1, 1, 1, 1, 0, 1, 0, 1, 1, 1, 1, 1, 1, 1, 1, 1, 1, 1, 1] 
dagE40.txt 3_2x1.txt True 0.20465116279069767 0.5 511.0 [0, 0, 0, 0, 0, 0, 0, 0, 0, 0, 0, 0, 0, 0, 0, 0, 0, 0, 0, 0, 0, 1, 1, 0, 0, 0, 0, 0, 0, 1, 0, 1, 0, 0, 1, 1, 1, 0, 1, 1, 0, 1, 1, 1, 1, 1, 1, 0, 1, 1, 1, 1, 1, 1, 1, 0, 1, 0, 1, 1, 1, 1, 1, 1, 1, 1, 1, 1, 1, 1] 
dagE40.txt 3_2x1.txt True 0.20465116279069767 0.55 511.0 [0, 0, 0, 0, 0, 0, 0, 0, 0, 0, 0, 0, 0, 0, 0, 0, 0, 0, 0, 0, 0, 1, 1, 0, 0, 0, 0, 0, 0, 1, 0, 1, 0, 0, 1, 1, 1, 0, 1, 1, 0, 1, 1, 1, 1, 1, 1, 0, 1, 1, 1, 1, 1, 1, 1, 0, 1, 0, 1, 1, 1, 1, 1, 1, 1, 1, 1, 1, 1, 1] 
dagE40.txt 3_2x1.txt True 0.20465116279069767 0.6 511.0 [0, 0, 0, 0, 0, 0, 0, 0, 0, 0, 0, 0, 0, 0, 0, 0, 0, 0, 0, 0, 0, 1, 1, 0, 0, 0, 0, 0, 0, 1, 0, 1, 0, 0, 1, 1, 1, 0, 1, 1, 0, 1, 1, 1, 1, 1, 1, 0, 1, 1, 1, 1, 1, 1, 1, 0, 1, 0, 1, 1, 1, 1, 1, 1, 1, 1, 1, 1, 1, 1] 
dagE40.txt 3_2x1.txt True 0.20465116279069767 0.65 511.0 [0, 0, 0, 0, 0, 0, 0, 0, 0, 0, 0, 0, 0, 0, 0, 0, 0, 0, 0, 0, 0, 1, 1, 0, 0, 0, 0, 0, 0, 1, 0, 1, 0, 0, 1, 1, 1, 0, 1, 1, 0, 1, 1, 1, 1, 1, 1, 0, 1, 1, 1, 1, 1, 1, 1, 0, 1, 0, 1, 1, 1, 1, 1, 1, 1, 1, 1, 1, 1, 1] 
dagE40.txt 3_2x1.txt True 0.20465116279069767 0.7 511.0 [0, 0, 0, 0, 0, 0, 0, 0, 0, 0, 0, 0, 0, 0, 0, 0, 0, 0, 0, 0, 0, 1, 1, 0, 0, 0, 0, 0, 0, 1, 0, 1, 0, 0, 1, 1, 1, 0, 1, 1, 0, 1, 1, 1, 1, 1, 1, 0, 1, 1, 1, 1, 1, 1, 1, 0, 1, 0, 1, 1, 1, 1, 1, 1, 1, 1, 1, 1, 1, 1] 
dagE40.txt 3_2x1.txt True 0.20465116279069767 0.75 511.0 [0, 0, 0, 0, 0, 0, 0, 0, 0, 0, 0, 0, 0, 0, 0, 0, 0, 0, 0, 0, 0, 1, 1, 0, 0, 0, 0, 0, 0, 1, 0, 1, 0, 0, 1, 1, 1, 0, 1, 1, 0, 1, 1, 1, 1, 1, 1, 0, 1, 1, 1, 1, 1, 1, 1, 0, 1, 0, 1, 1, 1, 1, 1, 1, 1, 1, 1, 1, 1, 1] 
dagE40.txt 3_2x1.txt True 0.20465116279069767 0.8 511.0 [0, 0, 0, 0, 0, 0, 0, 0, 0, 0, 0, 0, 0, 0, 0, 0, 0, 0, 0, 0, 0, 1, 1, 0, 0, 0, 0, 0, 0, 1, 0, 1, 0, 0, 1, 1, 1, 0, 1, 1, 0, 1, 1, 1, 1, 1, 1, 0, 1, 1, 1, 1, 1, 1, 1, 0, 1, 0, 1, 1, 1, 1, 1, 1, 1, 1, 1, 1, 1, 1] 
dagE40.txt 3_2x1.txt True 0.20465116279069767 0.85 511.0 [0, 0, 0, 0, 0, 0, 0, 0, 0, 0, 0, 0, 0, 0, 0, 0, 0, 0, 0, 0, 0, 1, 1, 0, 0, 0, 0, 0, 0, 1, 0, 1, 0, 0, 1, 1, 1, 0, 1, 1, 0, 1, 1, 1, 1, 1, 1, 0, 1, 1, 1, 1, 1, 1, 1, 0, 1, 0, 1, 1, 1, 1, 1, 1, 1, 1, 1, 1, 1, 1] 
dagE40.txt 3_2x1.txt True 0.20465116279069767 0.9 511.0 [0, 0, 0, 0, 0, 0, 0, 0, 0, 0, 0, 0, 0, 0, 0, 0, 0, 0, 0, 0, 0, 1, 1, 0, 0, 0, 0, 0, 0, 1, 0, 1, 0, 0, 1, 1, 1, 0, 1, 1, 0, 1, 1, 1, 1, 1, 1, 0, 1, 1, 1, 1, 1, 1, 1, 0, 1, 0, 1, 1, 1, 1, 1, 1, 1, 1, 1, 1, 1, 1] 
dagE40.txt 3_2x1.txt True 0.20465116279069767 0.95 511.0 [0, 0, 0, 0, 0, 0, 0, 0, 0, 0, 0, 0, 0, 0, 0, 0, 0, 0, 0, 0, 0, 1, 1, 0, 0, 0, 0, 0, 0, 1, 0, 1, 0, 0, 1, 1, 1, 0, 1, 1, 0, 1, 1, 1, 1, 1, 1, 0, 1, 1, 1, 1, 1, 1, 1, 0, 1, 0, 1, 1, 1, 1, 1, 1, 1, 1, 1, 1, 1, 1] 
dagE40.txt 3_2x1.txt True 0.20465116279069767 1 511.0 [0, 0, 0, 0, 0, 0, 0, 0, 0, 0, 0, 0, 0, 0, 0, 0, 0, 0, 0, 0, 0, 1, 1, 0, 0, 0, 0, 0, 0, 1, 0, 1, 0, 0, 1, 1, 1, 0, 1, 1, 0, 1, 1, 1, 1, 1, 1, 0, 1, 1, 1, 1, 1, 1, 1, 0, 1, 0, 1, 1, 1, 1, 1, 1, 1, 1, 1, 1, 1, 1] 
