dagF44.txt 1234x1.txt True 0.2727272727272727 0.5 415.0 [3, 3, 3, 3, 3, 3, 3, 3, 3, 3, 3, 3, 3, 3, 3, 3, 3, 3, 3, 3, 3, 3, 3, 3, 3, 3, 3, 3, 3, 3, 3, 3, 3, 3, 3, 3, 3, 3, 3, 3, 3, 3, 3, 1, 3, 0, 3, 3, 3, 3, 2, 3, 1, 1, 3, 1, 3, 3, 2, 3, 2, 0, 0, 0, 2, 3, 3, 2, 3, 1, 0, 0, 3, 2, 1] 
dagF44.txt 1234x1.txt True 0.5411255411255411 0.6 492.0 [1, 1, 1, 1, 0, 1, 0, 1, 1, 1, 0, 0, 1, 0, 1, 1, 1, 0, 1, 1, 0, 1, 1, 1, 1, 1, 1, 1, 1, 1, 1, 1, 1, 0, 1, 1, 0, 1, 1, 2, 3, 3, 3, 3, 2, 3, 3, 1, 3, 1, 2, 3, 3, 3, 3, 3, 2, 3, 2, 3, 2, 3, 3, 3, 2, 3, 3, 2, 3, 3, 3, 3, 3, 2, 3] 
dagF44.txt 1234x1.txt True 0.670995670995671 0.7 650.0 [0, 1, 0, 0, 0, 1, 0, 1, 1, 1, 1, 0, 0, 0, 1, 1, 0, 0, 0, 0, 0, 1, 0, 1, 0, 3, 1, 0, 3, 1, 1, 1, 1, 0, 3, 3, 0, 3, 1, 1, 2, 2, 2, 2, 0, 3, 2, 1, 3, 1, 2, 2, 2, 2, 3, 2, 3, 3, 2, 2, 2, 3, 3, 3, 2, 2, 3, 2, 2, 3, 3, 3, 3, 2, 2] 
dagF44.txt 1234x1.txt True 0.670995670995671 0.8 650.0 [0, 1, 0, 0, 0, 1, 0, 1, 1, 1, 1, 0, 0, 0, 1, 1, 0, 0, 0, 0, 0, 1, 0, 1, 0, 3, 1, 0, 3, 1, 1, 1, 1, 0, 3, 3, 0, 3, 1, 1, 2, 2, 2, 2, 0, 3, 2, 1, 3, 1, 2, 2, 2, 2, 3, 2, 3, 3, 2, 2, 2, 3, 3, 3, 2, 2, 3, 2, 2, 3, 3, 3, 3, 2, 2] 
dagF44.txt 1234x1.txt True 0.8008658008658008 0.9 624.0 [3, 1, 3, 3, 2, 2, 2, 0, 1, 1, 1, 0, 1, 1, 0, 0, 3, 2, 2, 2, 0, 0, 0, 0, 3, 3, 1, 2, 2, 3, 1, 0, 2, 3, 1, 3, 2, 0, 1, 0, 1, 0, 0, 1, 0, 2, 3, 0, 2, 3, 3, 2, 1, 3, 2, 0, 2, 1, 3, 3, 3, 2, 1, 0, 0, 1, 1, 2, 0, 3, 2, 2, 1, 3, 3] 
dagF44.txt 1234x1.txt True 0.8008658008658008 1 624.0 [3, 1, 3, 3, 2, 2, 2, 0, 1, 1, 1, 0, 1, 1, 0, 0, 3, 2, 2, 2, 0, 0, 0, 0, 3, 3, 1, 2, 2, 3, 1, 0, 2, 3, 1, 3, 2, 0, 1, 0, 1, 0, 0, 1, 0, 2, 3, 0, 2, 3, 3, 2, 1, 3, 2, 0, 2, 1, 3, 3, 3, 2, 1, 0, 0, 1, 1, 2, 0, 3, 2, 2, 1, 3, 3] 
dagF44.txt 1234x1.txt True 0.2727272727272727 0.5 415.0 [3, 3, 3, 3, 3, 3, 3, 3, 3, 3, 3, 3, 3, 3, 3, 3, 3, 3, 3, 3, 3, 3, 3, 3, 3, 3, 3, 3, 3, 3, 3, 3, 3, 3, 3, 3, 3, 3, 3, 3, 3, 3, 3, 1, 3, 0, 3, 3, 3, 3, 2, 3, 1, 1, 3, 1, 3, 3, 2, 3, 2, 0, 0, 0, 2, 3, 3, 2, 3, 1, 0, 0, 3, 2, 1] 
dagF44.txt 1234x1.txt True 0.5411255411255411 0.6 492.0 [1, 1, 1, 1, 0, 1, 0, 1, 1, 1, 0, 0, 1, 0, 1, 1, 1, 0, 1, 1, 0, 1, 1, 1, 1, 1, 1, 1, 1, 1, 1, 1, 1, 0, 1, 1, 0, 1, 1, 2, 3, 3, 3, 3, 2, 3, 3, 1, 3, 1, 2, 3, 3, 3, 3, 3, 2, 3, 2, 3, 2, 3, 3, 3, 2, 3, 3, 2, 3, 3, 3, 3, 3, 2, 3] 
dagF44.txt 1234x1.txt True 0.670995670995671 0.7 650.0 [0, 1, 0, 0, 0, 1, 0, 1, 1, 1, 1, 0, 0, 0, 1, 1, 0, 0, 0, 0, 0, 1, 0, 1, 0, 3, 1, 0, 3, 1, 1, 1, 1, 0, 3, 3, 0, 3, 1, 1, 2, 2, 2, 2, 0, 3, 2, 1, 3, 1, 2, 2, 2, 2, 3, 2, 3, 3, 2, 2, 2, 3, 3, 3, 2, 2, 3, 2, 2, 3, 3, 3, 3, 2, 2] 
dagF44.txt 1234x1.txt True 0.670995670995671 0.8 650.0 [0, 1, 0, 0, 0, 1, 0, 1, 1, 1, 1, 0, 0, 0, 1, 1, 0, 0, 0, 0, 0, 1, 0, 1, 0, 3, 1, 0, 3, 1, 1, 1, 1, 0, 3, 3, 0, 3, 1, 1, 2, 2, 2, 2, 0, 3, 2, 1, 3, 1, 2, 2, 2, 2, 3, 2, 3, 3, 2, 2, 2, 3, 3, 3, 2, 2, 3, 2, 2, 3, 3, 3, 3, 2, 2] 
dagF44.txt 1234x1.txt True 0.8008658008658008 0.9 624.0 [3, 1, 3, 3, 2, 2, 2, 0, 1, 1, 1, 0, 1, 1, 0, 0, 3, 2, 2, 2, 0, 0, 0, 0, 3, 3, 1, 2, 2, 3, 1, 0, 2, 3, 1, 3, 2, 0, 1, 0, 1, 0, 0, 1, 0, 2, 3, 0, 2, 3, 3, 2, 1, 3, 2, 0, 2, 1, 3, 3, 3, 2, 1, 0, 0, 1, 1, 2, 0, 3, 2, 2, 1, 3, 3] 
dagF44.txt 1234x1.txt True 0.8008658008658008 1 624.0 [3, 1, 3, 3, 2, 2, 2, 0, 1, 1, 1, 0, 1, 1, 0, 0, 3, 2, 2, 2, 0, 0, 0, 0, 3, 3, 1, 2, 2, 3, 1, 0, 2, 3, 1, 3, 2, 0, 1, 0, 1, 0, 0, 1, 0, 2, 3, 0, 2, 3, 3, 2, 1, 3, 2, 0, 2, 1, 3, 3, 3, 2, 1, 0, 0, 1, 1, 2, 0, 3, 2, 2, 1, 3, 3] 
dagF44.txt 1234x1.txt True 0.2727272727272727 0.5 415.0 [3, 3, 3, 3, 3, 3, 3, 3, 3, 3, 3, 3, 3, 3, 3, 3, 3, 3, 3, 3, 3, 3, 3, 3, 3, 3, 3, 3, 3, 3, 3, 3, 3, 3, 3, 3, 3, 3, 3, 3, 3, 3, 3, 1, 3, 0, 3, 3, 3, 3, 2, 3, 1, 1, 3, 1, 3, 3, 2, 3, 2, 0, 0, 0, 2, 3, 3, 2, 3, 1, 0, 0, 3, 2, 1] 
dagF44.txt 1234x1.txt True 0.5411255411255411 0.6 492.0 [1, 1, 1, 1, 0, 1, 0, 1, 1, 1, 0, 0, 1, 0, 1, 1, 1, 0, 1, 1, 0, 1, 1, 1, 1, 1, 1, 1, 1, 1, 1, 1, 1, 0, 1, 1, 0, 1, 1, 2, 3, 3, 3, 3, 2, 3, 3, 1, 3, 1, 2, 3, 3, 3, 3, 3, 2, 3, 2, 3, 2, 3, 3, 3, 2, 3, 3, 2, 3, 3, 3, 3, 3, 2, 3] 
dagF44.txt 1234x1.txt True 0.670995670995671 0.7 650.0 [0, 1, 0, 0, 0, 1, 0, 1, 1, 1, 1, 0, 0, 0, 1, 1, 0, 0, 0, 0, 0, 1, 0, 1, 0, 3, 1, 0, 3, 1, 1, 1, 1, 0, 3, 3, 0, 3, 1, 1, 2, 2, 2, 2, 0, 3, 2, 1, 3, 1, 2, 2, 2, 2, 3, 2, 3, 3, 2, 2, 2, 3, 3, 3, 2, 2, 3, 2, 2, 3, 3, 3, 3, 2, 2] 
dagF44.txt 1234x1.txt True 0.670995670995671 0.8 650.0 [0, 1, 0, 0, 0, 1, 0, 1, 1, 1, 1, 0, 0, 0, 1, 1, 0, 0, 0, 0, 0, 1, 0, 1, 0, 3, 1, 0, 3, 1, 1, 1, 1, 0, 3, 3, 0, 3, 1, 1, 2, 2, 2, 2, 0, 3, 2, 1, 3, 1, 2, 2, 2, 2, 3, 2, 3, 3, 2, 2, 2, 3, 3, 3, 2, 2, 3, 2, 2, 3, 3, 3, 3, 2, 2] 
dagF44.txt 1234x1.txt True 0.8008658008658008 0.9 624.0 [3, 1, 3, 3, 2, 2, 2, 0, 1, 1, 1, 0, 1, 1, 0, 0, 3, 2, 2, 2, 0, 0, 0, 0, 3, 3, 1, 2, 2, 3, 1, 0, 2, 3, 1, 3, 2, 0, 1, 0, 1, 0, 0, 1, 0, 2, 3, 0, 2, 3, 3, 2, 1, 3, 2, 0, 2, 1, 3, 3, 3, 2, 1, 0, 0, 1, 1, 2, 0, 3, 2, 2, 1, 3, 3] 
dagF44.txt 1234x1.txt True 0.8008658008658008 1 624.0 [3, 1, 3, 3, 2, 2, 2, 0, 1, 1, 1, 0, 1, 1, 0, 0, 3, 2, 2, 2, 0, 0, 0, 0, 3, 3, 1, 2, 2, 3, 1, 0, 2, 3, 1, 3, 2, 0, 1, 0, 1, 0, 0, 1, 0, 2, 3, 0, 2, 3, 3, 2, 1, 3, 2, 0, 2, 1, 3, 3, 3, 2, 1, 0, 0, 1, 1, 2, 0, 3, 2, 2, 1, 3, 3] 
dagF44.txt 1234x1.txt True 0.2727272727272727 0.5 415.0 [3, 3, 3, 3, 3, 3, 3, 3, 3, 3, 3, 3, 3, 3, 3, 3, 3, 3, 3, 3, 3, 3, 3, 3, 3, 3, 3, 3, 3, 3, 3, 3, 3, 3, 3, 3, 3, 3, 3, 3, 3, 3, 3, 1, 3, 0, 3, 3, 3, 3, 2, 3, 1, 1, 3, 1, 3, 3, 2, 3, 2, 0, 0, 0, 2, 3, 3, 2, 3, 1, 0, 0, 3, 2, 1] 
dagF44.txt 1234x1.txt True 0.5411255411255411 0.6 492.0 [1, 1, 1, 1, 0, 1, 0, 1, 1, 1, 0, 0, 1, 0, 1, 1, 1, 0, 1, 1, 0, 1, 1, 1, 1, 1, 1, 1, 1, 1, 1, 1, 1, 0, 1, 1, 0, 1, 1, 2, 3, 3, 3, 3, 2, 3, 3, 1, 3, 1, 2, 3, 3, 3, 3, 3, 2, 3, 2, 3, 2, 3, 3, 3, 2, 3, 3, 2, 3, 3, 3, 3, 3, 2, 3] 
dagF44.txt 1234x1.txt True 0.670995670995671 0.7 650.0 [0, 1, 0, 0, 0, 1, 0, 1, 1, 1, 1, 0, 0, 0, 1, 1, 0, 0, 0, 0, 0, 1, 0, 1, 0, 3, 1, 0, 3, 1, 1, 1, 1, 0, 3, 3, 0, 3, 1, 1, 2, 2, 2, 2, 0, 3, 2, 1, 3, 1, 2, 2, 2, 2, 3, 2, 3, 3, 2, 2, 2, 3, 3, 3, 2, 2, 3, 2, 2, 3, 3, 3, 3, 2, 2] 
dagF44.txt 1234x1.txt True 0.670995670995671 0.8 650.0 [0, 1, 0, 0, 0, 1, 0, 1, 1, 1, 1, 0, 0, 0, 1, 1, 0, 0, 0, 0, 0, 1, 0, 1, 0, 3, 1, 0, 3, 1, 1, 1, 1, 0, 3, 3, 0, 3, 1, 1, 2, 2, 2, 2, 0, 3, 2, 1, 3, 1, 2, 2, 2, 2, 3, 2, 3, 3, 2, 2, 2, 3, 3, 3, 2, 2, 3, 2, 2, 3, 3, 3, 3, 2, 2] 
dagF44.txt 1234x1.txt True 0.8008658008658008 0.9 624.0 [3, 1, 3, 3, 2, 2, 2, 0, 1, 1, 1, 0, 1, 1, 0, 0, 3, 2, 2, 2, 0, 0, 0, 0, 3, 3, 1, 2, 2, 3, 1, 0, 2, 3, 1, 3, 2, 0, 1, 0, 1, 0, 0, 1, 0, 2, 3, 0, 2, 3, 3, 2, 1, 3, 2, 0, 2, 1, 3, 3, 3, 2, 1, 0, 0, 1, 1, 2, 0, 3, 2, 2, 1, 3, 3] 
dagF44.txt 1234x1.txt True 0.8008658008658008 1 624.0 [3, 1, 3, 3, 2, 2, 2, 0, 1, 1, 1, 0, 1, 1, 0, 0, 3, 2, 2, 2, 0, 0, 0, 0, 3, 3, 1, 2, 2, 3, 1, 0, 2, 3, 1, 3, 2, 0, 1, 0, 1, 0, 0, 1, 0, 2, 3, 0, 2, 3, 3, 2, 1, 3, 2, 0, 2, 1, 3, 3, 3, 2, 1, 0, 0, 1, 1, 2, 0, 3, 2, 2, 1, 3, 3] 
dagF44.txt 1234x1.txt True 0.2727272727272727 0.5 415.0 [3, 3, 3, 3, 3, 3, 3, 3, 3, 3, 3, 3, 3, 3, 3, 3, 3, 3, 3, 3, 3, 3, 3, 3, 3, 3, 3, 3, 3, 3, 3, 3, 3, 3, 3, 3, 3, 3, 3, 3, 3, 3, 3, 1, 3, 0, 3, 3, 3, 3, 2, 3, 1, 1, 3, 1, 3, 3, 2, 3, 2, 0, 0, 0, 2, 3, 3, 2, 3, 1, 0, 0, 3, 2, 1] 
dagF44.txt 1234x1.txt True 0.5411255411255411 0.6 492.0 [1, 1, 1, 1, 0, 1, 0, 1, 1, 1, 0, 0, 1, 0, 1, 1, 1, 0, 1, 1, 0, 1, 1, 1, 1, 1, 1, 1, 1, 1, 1, 1, 1, 0, 1, 1, 0, 1, 1, 2, 3, 3, 3, 3, 2, 3, 3, 1, 3, 1, 2, 3, 3, 3, 3, 3, 2, 3, 2, 3, 2, 3, 3, 3, 2, 3, 3, 2, 3, 3, 3, 3, 3, 2, 3] 
dagF44.txt 1234x1.txt True 0.670995670995671 0.7 650.0 [0, 1, 0, 0, 0, 1, 0, 1, 1, 1, 1, 0, 0, 0, 1, 1, 0, 0, 0, 0, 0, 1, 0, 1, 0, 3, 1, 0, 3, 1, 1, 1, 1, 0, 3, 3, 0, 3, 1, 1, 2, 2, 2, 2, 0, 3, 2, 1, 3, 1, 2, 2, 2, 2, 3, 2, 3, 3, 2, 2, 2, 3, 3, 3, 2, 2, 3, 2, 2, 3, 3, 3, 3, 2, 2] 
dagF44.txt 1234x1.txt True 0.670995670995671 0.8 650.0 [0, 1, 0, 0, 0, 1, 0, 1, 1, 1, 1, 0, 0, 0, 1, 1, 0, 0, 0, 0, 0, 1, 0, 1, 0, 3, 1, 0, 3, 1, 1, 1, 1, 0, 3, 3, 0, 3, 1, 1, 2, 2, 2, 2, 0, 3, 2, 1, 3, 1, 2, 2, 2, 2, 3, 2, 3, 3, 2, 2, 2, 3, 3, 3, 2, 2, 3, 2, 2, 3, 3, 3, 3, 2, 2] 
dagF44.txt 1234x1.txt True 0.8008658008658008 0.9 624.0 [3, 1, 3, 3, 2, 2, 2, 0, 1, 1, 1, 0, 1, 1, 0, 0, 3, 2, 2, 2, 0, 0, 0, 0, 3, 3, 1, 2, 2, 3, 1, 0, 2, 3, 1, 3, 2, 0, 1, 0, 1, 0, 0, 1, 0, 2, 3, 0, 2, 3, 3, 2, 1, 3, 2, 0, 2, 1, 3, 3, 3, 2, 1, 0, 0, 1, 1, 2, 0, 3, 2, 2, 1, 3, 3] 
dagF44.txt 1234x1.txt True 0.8008658008658008 1 624.0 [3, 1, 3, 3, 2, 2, 2, 0, 1, 1, 1, 0, 1, 1, 0, 0, 3, 2, 2, 2, 0, 0, 0, 0, 3, 3, 1, 2, 2, 3, 1, 0, 2, 3, 1, 3, 2, 0, 1, 0, 1, 0, 0, 1, 0, 2, 3, 0, 2, 3, 3, 2, 1, 3, 2, 0, 2, 1, 3, 3, 3, 2, 1, 0, 0, 1, 1, 2, 0, 3, 2, 2, 1, 3, 3] 
dagF44.txt 1234x3.txt True 0.47619047619047616 0.5 427.0 [11, 11, 11, 11, 11, 11, 11, 11, 11, 11, 11, 11, 11, 10, 11, 11, 10, 11, 11, 11, 11, 11, 10, 1, 11, 11, 11, 10, 11, 11, 11, 11, 8, 8, 1, 11, 8, 11, 11, 11, 1, 1, 1, 1, 8, 1, 1, 1, 1, 1, 8, 1, 1, 1, 1, 1, 1, 1, 8, 1, 1, 1, 1, 1, 8, 1, 1, 8, 1, 1, 1, 1, 1, 8, 1] 
dagF44.txt 1234x3.txt True 0.47619047619047616 0.6 427.0 [11, 11, 11, 11, 11, 11, 11, 11, 11, 11, 11, 11, 11, 10, 11, 11, 10, 11, 11, 11, 11, 11, 10, 1, 11, 11, 11, 10, 11, 11, 11, 11, 8, 8, 1, 11, 8, 11, 11, 11, 1, 1, 1, 1, 8, 1, 1, 1, 1, 1, 8, 1, 1, 1, 1, 1, 1, 1, 8, 1, 1, 1, 1, 1, 8, 1, 1, 8, 1, 1, 1, 1, 1, 8, 1] 
dagF44.txt 1234x3.txt True 0.6536796536796536 0.7 288.0 [5, 2, 4, 5, 2, 5, 2, 5, 2, 5, 2, 2, 5, 2, 5, 5, 2, 5, 1, 5, 2, 4, 2, 2, 5, 5, 5, 2, 5, 5, 2, 5, 2, 5, 2, 5, 2, 1, 2, 5, 11, 11, 11, 11, 11, 1, 11, 2, 11, 11, 6, 11, 11, 7, 11, 2, 11, 11, 8, 11, 11, 11, 10, 10, 8, 11, 11, 8, 7, 7, 10, 10, 11, 6, 7] 
dagF44.txt 1234x3.txt True 0.6536796536796536 0.8 288.0 [5, 2, 4, 5, 2, 5, 2, 5, 2, 5, 2, 2, 5, 2, 5, 5, 2, 5, 1, 5, 2, 4, 2, 2, 5, 5, 5, 2, 5, 5, 2, 5, 2, 5, 2, 5, 2, 1, 2, 5, 11, 11, 11, 11, 11, 1, 11, 2, 11, 11, 6, 11, 11, 7, 11, 2, 11, 11, 8, 11, 11, 11, 10, 10, 8, 11, 11, 8, 7, 7, 10, 10, 11, 6, 7] 
dagF44.txt 1234x3.txt True 0.8614718614718615 0.9 296.0 [1, 1, 1, 4, 2, 4, 4, 4, 3, 1, 0, 0, 5, 0, 4, 4, 0, 0, 0, 4, 0, 1, 5, 5, 5, 1, 4, 0, 0, 1, 10, 3, 3, 2, 5, 9, 2, 5, 4, 9, 10, 7, 9, 10, 2, 5, 9, 3, 9, 7, 2, 8, 10, 10, 10, 8, 3, 9, 9, 11, 11, 10, 6, 6, 7, 9, 9, 7, 8, 10, 6, 6, 11, 11, 10] 
dagF44.txt 1234x3.txt True 0.9264069264069265 1 170.0 [1, 5, 4, 8, 2, 0, 1, 2, 6, 4, 1, 1, 5, 7, 7, 3, 2, 1, 0, 4, 1, 4, 2, 4, 2, 2, 0, 3, 5, 4, 8, 6, 6, 0, 10, 10, 0, 6, 3, 7, 5, 11, 7, 10, 0, 10, 3, 5, 10, 11, 6, 7, 5, 9, 8, 7, 8, 8, 11, 8, 3, 7, 9, 10, 11, 3, 11, 11, 9, 5, 9, 9, 8, 6, 9] 
dagF44.txt 1234x3.txt True 0.47619047619047616 0.5 427.0 [11, 11, 11, 11, 11, 11, 11, 11, 11, 11, 11, 11, 11, 10, 11, 11, 10, 11, 11, 11, 11, 11, 10, 1, 11, 11, 11, 10, 11, 11, 11, 11, 8, 8, 1, 11, 8, 11, 11, 11, 1, 1, 1, 1, 8, 1, 1, 1, 1, 1, 8, 1, 1, 1, 1, 1, 1, 1, 8, 1, 1, 1, 1, 1, 8, 1, 1, 8, 1, 1, 1, 1, 1, 8, 1] 
dagF44.txt 1234x3.txt True 0.47619047619047616 0.6 427.0 [11, 11, 11, 11, 11, 11, 11, 11, 11, 11, 11, 11, 11, 10, 11, 11, 10, 11, 11, 11, 11, 11, 10, 1, 11, 11, 11, 10, 11, 11, 11, 11, 8, 8, 1, 11, 8, 11, 11, 11, 1, 1, 1, 1, 8, 1, 1, 1, 1, 1, 8, 1, 1, 1, 1, 1, 1, 1, 8, 1, 1, 1, 1, 1, 8, 1, 1, 8, 1, 1, 1, 1, 1, 8, 1] 
dagF44.txt 1234x3.txt True 0.6536796536796536 0.7 288.0 [5, 2, 4, 5, 2, 5, 2, 5, 2, 5, 2, 2, 5, 2, 5, 5, 2, 5, 1, 5, 2, 4, 2, 2, 5, 5, 5, 2, 5, 5, 2, 5, 2, 5, 2, 5, 2, 1, 2, 5, 11, 11, 11, 11, 11, 1, 11, 2, 11, 11, 6, 11, 11, 7, 11, 2, 11, 11, 8, 11, 11, 11, 10, 10, 8, 11, 11, 8, 7, 7, 10, 10, 11, 6, 7] 
dagF44.txt 1234x3.txt True 0.6536796536796536 0.8 288.0 [5, 2, 4, 5, 2, 5, 2, 5, 2, 5, 2, 2, 5, 2, 5, 5, 2, 5, 1, 5, 2, 4, 2, 2, 5, 5, 5, 2, 5, 5, 2, 5, 2, 5, 2, 5, 2, 1, 2, 5, 11, 11, 11, 11, 11, 1, 11, 2, 11, 11, 6, 11, 11, 7, 11, 2, 11, 11, 8, 11, 11, 11, 10, 10, 8, 11, 11, 8, 7, 7, 10, 10, 11, 6, 7] 
dagF44.txt 1234x3.txt True 0.8614718614718615 0.9 296.0 [1, 1, 1, 4, 2, 4, 4, 4, 3, 1, 0, 0, 5, 0, 4, 4, 0, 0, 0, 4, 0, 1, 5, 5, 5, 1, 4, 0, 0, 1, 10, 3, 3, 2, 5, 9, 2, 5, 4, 9, 10, 7, 9, 10, 2, 5, 9, 3, 9, 7, 2, 8, 10, 10, 10, 8, 3, 9, 9, 11, 11, 10, 6, 6, 7, 9, 9, 7, 8, 10, 6, 6, 11, 11, 10] 
dagF44.txt 1234x3.txt True 0.9264069264069265 1 170.0 [1, 5, 4, 8, 2, 0, 1, 2, 6, 4, 1, 1, 5, 7, 7, 3, 2, 1, 0, 4, 1, 4, 2, 4, 2, 2, 0, 3, 5, 4, 8, 6, 6, 0, 10, 10, 0, 6, 3, 7, 5, 11, 7, 10, 0, 10, 3, 5, 10, 11, 6, 7, 5, 9, 8, 7, 8, 8, 11, 8, 3, 7, 9, 10, 11, 3, 11, 11, 9, 5, 9, 9, 8, 6, 9] 
dagF44.txt 1234x3.txt True 0.47619047619047616 0.5 427.0 [11, 11, 11, 11, 11, 11, 11, 11, 11, 11, 11, 11, 11, 10, 11, 11, 10, 11, 11, 11, 11, 11, 10, 1, 11, 11, 11, 10, 11, 11, 11, 11, 8, 8, 1, 11, 8, 11, 11, 11, 1, 1, 1, 1, 8, 1, 1, 1, 1, 1, 8, 1, 1, 1, 1, 1, 1, 1, 8, 1, 1, 1, 1, 1, 8, 1, 1, 8, 1, 1, 1, 1, 1, 8, 1] 
dagF44.txt 1234x3.txt True 0.47619047619047616 0.6 427.0 [11, 11, 11, 11, 11, 11, 11, 11, 11, 11, 11, 11, 11, 10, 11, 11, 10, 11, 11, 11, 11, 11, 10, 1, 11, 11, 11, 10, 11, 11, 11, 11, 8, 8, 1, 11, 8, 11, 11, 11, 1, 1, 1, 1, 8, 1, 1, 1, 1, 1, 8, 1, 1, 1, 1, 1, 1, 1, 8, 1, 1, 1, 1, 1, 8, 1, 1, 8, 1, 1, 1, 1, 1, 8, 1] 
dagF44.txt 1234x3.txt True 0.6536796536796536 0.7 288.0 [5, 2, 4, 5, 2, 5, 2, 5, 2, 5, 2, 2, 5, 2, 5, 5, 2, 5, 1, 5, 2, 4, 2, 2, 5, 5, 5, 2, 5, 5, 2, 5, 2, 5, 2, 5, 2, 1, 2, 5, 11, 11, 11, 11, 11, 1, 11, 2, 11, 11, 6, 11, 11, 7, 11, 2, 11, 11, 8, 11, 11, 11, 10, 10, 8, 11, 11, 8, 7, 7, 10, 10, 11, 6, 7] 
dagF44.txt 1234x3.txt True 0.6536796536796536 0.8 288.0 [5, 2, 4, 5, 2, 5, 2, 5, 2, 5, 2, 2, 5, 2, 5, 5, 2, 5, 1, 5, 2, 4, 2, 2, 5, 5, 5, 2, 5, 5, 2, 5, 2, 5, 2, 5, 2, 1, 2, 5, 11, 11, 11, 11, 11, 1, 11, 2, 11, 11, 6, 11, 11, 7, 11, 2, 11, 11, 8, 11, 11, 11, 10, 10, 8, 11, 11, 8, 7, 7, 10, 10, 11, 6, 7] 
dagF44.txt 1234x3.txt True 0.8614718614718615 0.9 296.0 [1, 1, 1, 4, 2, 4, 4, 4, 3, 1, 0, 0, 5, 0, 4, 4, 0, 0, 0, 4, 0, 1, 5, 5, 5, 1, 4, 0, 0, 1, 10, 3, 3, 2, 5, 9, 2, 5, 4, 9, 10, 7, 9, 10, 2, 5, 9, 3, 9, 7, 2, 8, 10, 10, 10, 8, 3, 9, 9, 11, 11, 10, 6, 6, 7, 9, 9, 7, 8, 10, 6, 6, 11, 11, 10] 
dagF44.txt 1234x3.txt True 0.9264069264069265 1 170.0 [1, 5, 4, 8, 2, 0, 1, 2, 6, 4, 1, 1, 5, 7, 7, 3, 2, 1, 0, 4, 1, 4, 2, 4, 2, 2, 0, 3, 5, 4, 8, 6, 6, 0, 10, 10, 0, 6, 3, 7, 5, 11, 7, 10, 0, 10, 3, 5, 10, 11, 6, 7, 5, 9, 8, 7, 8, 8, 11, 8, 3, 7, 9, 10, 11, 3, 11, 11, 9, 5, 9, 9, 8, 6, 9] 
dagF44.txt 1234x3.txt True 0.47619047619047616 0.5 427.0 [11, 11, 11, 11, 11, 11, 11, 11, 11, 11, 11, 11, 11, 10, 11, 11, 10, 11, 11, 11, 11, 11, 10, 1, 11, 11, 11, 10, 11, 11, 11, 11, 8, 8, 1, 11, 8, 11, 11, 11, 1, 1, 1, 1, 8, 1, 1, 1, 1, 1, 8, 1, 1, 1, 1, 1, 1, 1, 8, 1, 1, 1, 1, 1, 8, 1, 1, 8, 1, 1, 1, 1, 1, 8, 1] 
dagF44.txt 1234x3.txt True 0.47619047619047616 0.6 427.0 [11, 11, 11, 11, 11, 11, 11, 11, 11, 11, 11, 11, 11, 10, 11, 11, 10, 11, 11, 11, 11, 11, 10, 1, 11, 11, 11, 10, 11, 11, 11, 11, 8, 8, 1, 11, 8, 11, 11, 11, 1, 1, 1, 1, 8, 1, 1, 1, 1, 1, 8, 1, 1, 1, 1, 1, 1, 1, 8, 1, 1, 1, 1, 1, 8, 1, 1, 8, 1, 1, 1, 1, 1, 8, 1] 
dagF44.txt 1234x3.txt True 0.6536796536796536 0.7 288.0 [5, 2, 4, 5, 2, 5, 2, 5, 2, 5, 2, 2, 5, 2, 5, 5, 2, 5, 1, 5, 2, 4, 2, 2, 5, 5, 5, 2, 5, 5, 2, 5, 2, 5, 2, 5, 2, 1, 2, 5, 11, 11, 11, 11, 11, 1, 11, 2, 11, 11, 6, 11, 11, 7, 11, 2, 11, 11, 8, 11, 11, 11, 10, 10, 8, 11, 11, 8, 7, 7, 10, 10, 11, 6, 7] 
dagF44.txt 1234x3.txt True 0.6536796536796536 0.8 288.0 [5, 2, 4, 5, 2, 5, 2, 5, 2, 5, 2, 2, 5, 2, 5, 5, 2, 5, 1, 5, 2, 4, 2, 2, 5, 5, 5, 2, 5, 5, 2, 5, 2, 5, 2, 5, 2, 1, 2, 5, 11, 11, 11, 11, 11, 1, 11, 2, 11, 11, 6, 11, 11, 7, 11, 2, 11, 11, 8, 11, 11, 11, 10, 10, 8, 11, 11, 8, 7, 7, 10, 10, 11, 6, 7] 
dagF44.txt 1234x3.txt True 0.8614718614718615 0.9 296.0 [1, 1, 1, 4, 2, 4, 4, 4, 3, 1, 0, 0, 5, 0, 4, 4, 0, 0, 0, 4, 0, 1, 5, 5, 5, 1, 4, 0, 0, 1, 10, 3, 3, 2, 5, 9, 2, 5, 4, 9, 10, 7, 9, 10, 2, 5, 9, 3, 9, 7, 2, 8, 10, 10, 10, 8, 3, 9, 9, 11, 11, 10, 6, 6, 7, 9, 9, 7, 8, 10, 6, 6, 11, 11, 10] 
dagF44.txt 1234x3.txt True 0.9264069264069265 1 170.0 [1, 5, 4, 8, 2, 0, 1, 2, 6, 4, 1, 1, 5, 7, 7, 3, 2, 1, 0, 4, 1, 4, 2, 4, 2, 2, 0, 3, 5, 4, 8, 6, 6, 0, 10, 10, 0, 6, 3, 7, 5, 11, 7, 10, 0, 10, 3, 5, 10, 11, 6, 7, 5, 9, 8, 7, 8, 8, 11, 8, 3, 7, 9, 10, 11, 3, 11, 11, 9, 5, 9, 9, 8, 6, 9] 
dagF44.txt 1234x3.txt True 0.47619047619047616 0.5 427.0 [11, 11, 11, 11, 11, 11, 11, 11, 11, 11, 11, 11, 11, 10, 11, 11, 10, 11, 11, 11, 11, 11, 10, 1, 11, 11, 11, 10, 11, 11, 11, 11, 8, 8, 1, 11, 8, 11, 11, 11, 1, 1, 1, 1, 8, 1, 1, 1, 1, 1, 8, 1, 1, 1, 1, 1, 1, 1, 8, 1, 1, 1, 1, 1, 8, 1, 1, 8, 1, 1, 1, 1, 1, 8, 1] 
dagF44.txt 1234x3.txt True 0.47619047619047616 0.6 427.0 [11, 11, 11, 11, 11, 11, 11, 11, 11, 11, 11, 11, 11, 10, 11, 11, 10, 11, 11, 11, 11, 11, 10, 1, 11, 11, 11, 10, 11, 11, 11, 11, 8, 8, 1, 11, 8, 11, 11, 11, 1, 1, 1, 1, 8, 1, 1, 1, 1, 1, 8, 1, 1, 1, 1, 1, 1, 1, 8, 1, 1, 1, 1, 1, 8, 1, 1, 8, 1, 1, 1, 1, 1, 8, 1] 
dagF44.txt 1234x3.txt True 0.6536796536796536 0.7 288.0 [5, 2, 4, 5, 2, 5, 2, 5, 2, 5, 2, 2, 5, 2, 5, 5, 2, 5, 1, 5, 2, 4, 2, 2, 5, 5, 5, 2, 5, 5, 2, 5, 2, 5, 2, 5, 2, 1, 2, 5, 11, 11, 11, 11, 11, 1, 11, 2, 11, 11, 6, 11, 11, 7, 11, 2, 11, 11, 8, 11, 11, 11, 10, 10, 8, 11, 11, 8, 7, 7, 10, 10, 11, 6, 7] 
dagF44.txt 1234x3.txt True 0.6536796536796536 0.8 288.0 [5, 2, 4, 5, 2, 5, 2, 5, 2, 5, 2, 2, 5, 2, 5, 5, 2, 5, 1, 5, 2, 4, 2, 2, 5, 5, 5, 2, 5, 5, 2, 5, 2, 5, 2, 5, 2, 1, 2, 5, 11, 11, 11, 11, 11, 1, 11, 2, 11, 11, 6, 11, 11, 7, 11, 2, 11, 11, 8, 11, 11, 11, 10, 10, 8, 11, 11, 8, 7, 7, 10, 10, 11, 6, 7] 
dagF44.txt 1234x3.txt True 0.8614718614718615 0.9 296.0 [1, 1, 1, 4, 2, 4, 4, 4, 3, 1, 0, 0, 5, 0, 4, 4, 0, 0, 0, 4, 0, 1, 5, 5, 5, 1, 4, 0, 0, 1, 10, 3, 3, 2, 5, 9, 2, 5, 4, 9, 10, 7, 9, 10, 2, 5, 9, 3, 9, 7, 2, 8, 10, 10, 10, 8, 3, 9, 9, 11, 11, 10, 6, 6, 7, 9, 9, 7, 8, 10, 6, 6, 11, 11, 10] 
dagF44.txt 1234x3.txt True 0.9264069264069265 1 170.0 [1, 5, 4, 8, 2, 0, 1, 2, 6, 4, 1, 1, 5, 7, 7, 3, 2, 1, 0, 4, 1, 4, 2, 4, 2, 2, 0, 3, 5, 4, 8, 6, 6, 0, 10, 10, 0, 6, 3, 7, 5, 11, 7, 10, 0, 10, 3, 5, 10, 11, 6, 7, 5, 9, 8, 7, 8, 8, 11, 8, 3, 7, 9, 10, 11, 3, 11, 11, 9, 5, 9, 9, 8, 6, 9] 
