dagK24.txt 3_2x4.txt True 0.0 0.07 966.25 [7, 7, 7, 7, 7, 7, 7, 7, 7, 7, 7, 7, 7, 7, 7, 7, 7, 7, 7, 7, 7, 7, 7, 7, 7, 7, 7, 7, 7, 7, 7, 7, 7, 7, 7, 7, 7, 7, 7, 7, 7, 7, 7, 7, 7, 7, 7, 7, 7, 7, 7, 7, 7, 7, 7, 7, 7, 7, 7, 7, 7, 7, 7, 7, 7, 7, 7, 7, 7, 7, 7, 7, 7, 7, 7, 7, 7, 7, 7, 7, 7, 7, 7, 7, 7, 7, 7, 7, 7, 7, 7, 7, 7, 7, 7, 7, 7, 7, 7, 7, 7, 7, 7, 7, 7, 7, 7, 7, 7, 7, 7, 7, 7, 7, 7, 7, 7, 7, 7, 7, 7, 7, 7, 7, 7, 7, 7, 7, 7, 7] 
dagK24.txt 3_2x4.txt True 0.08629441624365482 0.1 863.25 [7, 7, 7, 7, 7, 7, 7, 7, 7, 7, 7, 7, 7, 7, 7, 7, 7, 7, 7, 7, 7, 7, 7, 7, 7, 7, 7, 7, 7, 7, 7, 7, 7, 7, 7, 7, 7, 7, 7, 7, 7, 7, 7, 7, 7, 7, 7, 7, 7, 7, 7, 7, 7, 7, 7, 7, 7, 7, 7, 7, 7, 7, 7, 7, 7, 7, 7, 7, 7, 7, 7, 7, 7, 7, 7, 7, 7, 7, 7, 7, 7, 7, 7, 7, 7, 7, 7, 7, 7, 7, 7, 7, 7, 7, 7, 7, 7, 7, 7, 7, 7, 7, 7, 7, 7, 5, 7, 5, 7, 7, 7, 7, 7, 7, 7, 5, 5, 7, 5, 7, 5, 7, 5, 5, 5, 5, 5, 5, 5, 5] 
dagK24.txt 3_2x4.txt True 0.1116751269035533 0.15 1234.0 [7, 7, 7, 7, 7, 7, 7, 7, 7, 7, 7, 7, 7, 7, 7, 7, 7, 7, 7, 7, 7, 7, 7, 7, 7, 7, 7, 7, 7, 7, 7, 7, 7, 7, 7, 7, 7, 7, 7, 7, 7, 7, 7, 7, 7, 7, 7, 7, 7, 7, 7, 7, 7, 7, 7, 7, 7, 7, 7, 7, 7, 7, 7, 7, 7, 7, 7, 7, 7, 7, 7, 7, 7, 7, 6, 2, 7, 7, 7, 6, 7, 6, 6, 2, 7, 7, 7, 6, 6, 6, 6, 7, 6, 6, 6, 6, 1, 2, 6, 6, 6, 6, 6, 6, 6, 6, 6, 6, 6, 6, 6, 6, 6, 1, 6, 6, 6, 6, 1, 6, 6, 6, 6, 6, 6, 6, 6, 6, 6, 6] 
dagK24.txt 3_2x4.txt True 0.1116751269035533 0.2 1234.0 [7, 7, 7, 7, 7, 7, 7, 7, 7, 7, 7, 7, 7, 7, 7, 7, 7, 7, 7, 7, 7, 7, 7, 7, 7, 7, 7, 7, 7, 7, 7, 7, 7, 7, 7, 7, 7, 7, 7, 7, 7, 7, 7, 7, 7, 7, 7, 7, 7, 7, 7, 7, 7, 7, 7, 7, 7, 7, 7, 7, 7, 7, 7, 7, 7, 7, 7, 7, 7, 7, 7, 7, 7, 7, 6, 2, 7, 7, 7, 6, 7, 6, 6, 2, 7, 7, 7, 6, 6, 6, 6, 7, 6, 6, 6, 6, 1, 2, 6, 6, 6, 6, 6, 6, 6, 6, 6, 6, 6, 6, 6, 6, 6, 1, 6, 6, 6, 6, 1, 6, 6, 6, 6, 6, 6, 6, 6, 6, 6, 6] 
dagK24.txt 3_2x4.txt True 0.2436548223350254 0.3 370.75 [3, 3, 3, 0, 3, 3, 3, 3, 0, 0, 3, 3, 3, 3, 3, 3, 3, 3, 3, 3, 3, 3, 3, 3, 3, 1, 3, 3, 0, 1, 3, 3, 3, 3, 3, 3, 3, 3, 3, 3, 3, 1, 3, 3, 3, 2, 6, 6, 2, 1, 1, 3, 0, 3, 3, 3, 6, 3, 4, 3, 4, 2, 3, 3, 5, 4, 6, 3, 4, 2, 2, 6, 7, 7, 7, 5, 3, 4, 7, 7, 6, 7, 7, 5, 4, 5, 7, 7, 7, 7, 7, 4, 7, 7, 7, 7, 7, 5, 7, 7, 7, 7, 7, 7, 7, 7, 7, 7, 7, 7, 7, 7, 7, 7, 7, 7, 7, 7, 7, 7, 7, 7, 7, 7, 7, 7, 7, 7, 7, 7] 
dagK24.txt 3_2x4.txt True 0.39086294416243655 0.4 464.0 [0, 0, 1, 1, 1, 1, 1, 1, 1, 1, 1, 0, 1, 1, 1, 1, 1, 0, 0, 0, 3, 0, 0, 1, 1, 2, 3, 0, 3, 2, 0, 0, 0, 3, 1, 1, 3, 3, 3, 3, 3, 2, 0, 3, 0, 2, 2, 5, 2, 3, 2, 3, 3, 3, 2, 3, 5, 3, 5, 3, 5, 2, 3, 3, 5, 5, 5, 2, 5, 2, 2, 5, 4, 4, 4, 5, 3, 5, 4, 4, 5, 5, 4, 5, 5, 5, 5, 4, 5, 6, 4, 5, 4, 4, 7, 6, 4, 5, 4, 7, 6, 4, 7, 7, 6, 7, 7, 7, 6, 6, 7, 7, 7, 4, 7, 7, 6, 6, 6, 6, 7, 7, 7, 6, 7, 6, 7, 7, 7, 7] 
dagK24.txt 3_2x4.txt True 0.4035532994923858 0.5 523.0 [6, 6, 7, 7, 7, 7, 7, 6, 7, 7, 7, 6, 7, 6, 7, 6, 7, 6, 6, 6, 6, 6, 6, 7, 7, 4, 5, 5, 7, 4, 6, 6, 6, 6, 7, 5, 5, 5, 5, 5, 5, 4, 6, 7, 5, 4, 4, 0, 4, 5, 4, 4, 7, 4, 5, 4, 0, 5, 0, 5, 0, 4, 5, 5, 0, 0, 0, 4, 0, 4, 4, 0, 1, 1, 1, 1, 4, 0, 1, 1, 0, 0, 1, 1, 0, 0, 1, 1, 1, 3, 2, 0, 1, 2, 0, 3, 1, 3, 1, 3, 3, 2, 1, 2, 3, 2, 2, 2, 1, 3, 2, 2, 2, 1, 3, 2, 3, 3, 3, 3, 2, 3, 2, 3, 2, 3, 3, 2, 2, 2] 
dagK24.txt 3_2x4.txt True 0.4035532994923858 0.6 523.0 [6, 6, 7, 7, 7, 7, 7, 6, 7, 7, 7, 6, 7, 6, 7, 6, 7, 6, 6, 6, 6, 6, 6, 7, 7, 4, 5, 5, 7, 4, 6, 6, 6, 6, 7, 5, 5, 5, 5, 5, 5, 4, 6, 7, 5, 4, 4, 0, 4, 5, 4, 4, 7, 4, 5, 4, 0, 5, 0, 5, 0, 4, 5, 5, 0, 0, 0, 4, 0, 4, 4, 0, 1, 1, 1, 1, 4, 0, 1, 1, 0, 0, 1, 1, 0, 0, 1, 1, 1, 3, 2, 0, 1, 2, 0, 3, 1, 3, 1, 3, 3, 2, 1, 2, 3, 2, 2, 2, 1, 3, 2, 2, 2, 1, 3, 2, 3, 3, 3, 3, 2, 3, 2, 3, 2, 3, 3, 2, 2, 2] 
dagK24.txt 3_2x4.txt True 0.6852791878172588 0.7 526.0 [1, 0, 3, 0, 0, 0, 0, 1, 2, 0, 0, 1, 0, 0, 0, 0, 0, 1, 5, 0, 5, 1, 1, 0, 0, 6, 3, 5, 1, 2, 1, 3, 3, 3, 0, 3, 1, 5, 6, 5, 5, 2, 1, 1, 5, 6, 3, 7, 3, 2, 2, 1, 1, 3, 1, 2, 7, 5, 1, 3, 7, 3, 1, 5, 4, 6, 2, 2, 2, 4, 2, 3, 2, 3, 7, 7, 6, 6, 2, 4, 3, 6, 5, 7, 4, 4, 6, 5, 6, 4, 2, 4, 7, 7, 7, 7, 2, 2, 5, 6, 6, 7, 4, 5, 4, 6, 2, 7, 6, 6, 7, 3, 5, 5, 7, 7, 4, 4, 5, 6, 4, 7, 4, 6, 3, 7, 6, 4, 4, 4] 
dagK24.txt 3_2x4.txt True 0.6852791878172588 1 526.0 [1, 0, 3, 0, 0, 0, 0, 1, 2, 0, 0, 1, 0, 0, 0, 0, 0, 1, 5, 0, 5, 1, 1, 0, 0, 6, 3, 5, 1, 2, 1, 3, 3, 3, 0, 3, 1, 5, 6, 5, 5, 2, 1, 1, 5, 6, 3, 7, 3, 2, 2, 1, 1, 3, 1, 2, 7, 5, 1, 3, 7, 3, 1, 5, 4, 6, 2, 2, 2, 4, 2, 3, 2, 3, 7, 7, 6, 6, 2, 4, 3, 6, 5, 7, 4, 4, 6, 5, 6, 4, 2, 4, 7, 7, 7, 7, 2, 2, 5, 6, 6, 7, 4, 5, 4, 6, 2, 7, 6, 6, 7, 3, 5, 5, 7, 7, 4, 4, 5, 6, 4, 7, 4, 6, 3, 7, 6, 4, 4, 4] 
dagK24.txt 3_2x2.txt True 0.06598984771573604 0.07 1800.0 [3, 3, 3, 3, 3, 3, 3, 3, 3, 3, 3, 3, 3, 3, 3, 3, 3, 3, 3, 3, 3, 3, 3, 3, 3, 3, 3, 3, 3, 3, 3, 3, 3, 3, 3, 3, 3, 3, 3, 3, 3, 3, 3, 3, 3, 3, 3, 1, 3, 3, 0, 3, 3, 3, 3, 3, 3, 3, 3, 3, 3, 3, 3, 3, 3, 3, 1, 0, 3, 3, 3, 3, 3, 3, 3, 3, 3, 3, 3, 3, 3, 3, 3, 3, 3, 3, 3, 3, 3, 3, 3, 3, 3, 3, 3, 3, 3, 3, 3, 3, 3, 3, 3, 3, 3, 3, 3, 3, 3, 3, 3, 3, 3, 3, 3, 3, 2, 3, 3, 3, 3, 3, 3, 2, 3, 2, 3, 3, 3, 3] 
dagK24.txt 3_2x2.txt True 0.07106598984771574 0.1 1784.5 [3, 3, 3, 3, 3, 3, 3, 3, 3, 3, 3, 3, 3, 3, 3, 3, 3, 3, 3, 3, 3, 3, 3, 3, 3, 3, 3, 3, 3, 3, 3, 3, 3, 3, 3, 3, 3, 3, 3, 3, 3, 3, 3, 3, 3, 3, 3, 1, 3, 3, 0, 3, 3, 3, 3, 3, 3, 3, 3, 3, 3, 3, 3, 3, 3, 3, 1, 0, 3, 3, 3, 3, 3, 3, 3, 3, 3, 3, 3, 3, 3, 3, 3, 3, 3, 3, 3, 3, 3, 3, 3, 3, 3, 3, 3, 3, 3, 3, 3, 3, 3, 3, 3, 3, 3, 3, 3, 3, 3, 3, 3, 3, 3, 3, 3, 3, 2, 3, 3, 2, 3, 3, 3, 2, 3, 2, 3, 3, 3, 3] 
dagK24.txt 3_2x2.txt True 0.07106598984771574 0.15 1784.5 [3, 3, 3, 3, 3, 3, 3, 3, 3, 3, 3, 3, 3, 3, 3, 3, 3, 3, 3, 3, 3, 3, 3, 3, 3, 3, 3, 3, 3, 3, 3, 3, 3, 3, 3, 3, 3, 3, 3, 3, 3, 3, 3, 3, 3, 3, 3, 1, 3, 3, 0, 3, 3, 3, 3, 3, 3, 3, 3, 3, 3, 3, 3, 3, 3, 3, 1, 0, 3, 3, 3, 3, 3, 3, 3, 3, 3, 3, 3, 3, 3, 3, 3, 3, 3, 3, 3, 3, 3, 3, 3, 3, 3, 3, 3, 3, 3, 3, 3, 3, 3, 3, 3, 3, 3, 3, 3, 3, 3, 3, 3, 3, 3, 3, 3, 3, 2, 3, 3, 2, 3, 3, 3, 2, 3, 2, 3, 3, 3, 3] 
dagK24.txt 3_2x2.txt True 0.18274111675126903 0.2 911.5 [0, 0, 0, 0, 0, 0, 0, 0, 0, 0, 0, 0, 0, 0, 0, 0, 0, 0, 0, 0, 0, 0, 0, 0, 0, 1, 0, 0, 0, 1, 0, 0, 0, 0, 0, 0, 0, 1, 1, 1, 0, 1, 0, 0, 0, 3, 3, 3, 3, 1, 1, 1, 0, 1, 0, 1, 3, 1, 3, 1, 3, 3, 1, 1, 3, 3, 3, 3, 3, 3, 3, 3, 3, 3, 3, 3, 1, 3, 3, 3, 3, 3, 3, 3, 3, 3, 3, 3, 3, 3, 3, 3, 3, 3, 3, 3, 3, 3, 3, 2, 3, 3, 3, 3, 3, 3, 2, 3, 3, 2, 3, 3, 3, 3, 2, 3, 2, 3, 3, 2, 2, 2, 3, 2, 3, 2, 2, 3, 2, 3] 
dagK24.txt 3_2x2.txt True 0.23604060913705585 0.3 519.0 [0, 0, 0, 0, 0, 0, 0, 0, 0, 0, 0, 0, 0, 0, 0, 0, 0, 0, 0, 0, 0, 0, 0, 0, 0, 1, 1, 0, 1, 1, 0, 0, 0, 0, 0, 1, 1, 1, 1, 1, 1, 1, 0, 1, 1, 1, 1, 3, 1, 1, 1, 1, 1, 1, 1, 1, 3, 1, 3, 1, 3, 1, 1, 1, 3, 3, 3, 1, 3, 1, 1, 3, 3, 3, 3, 3, 1, 3, 3, 3, 3, 3, 3, 3, 3, 3, 3, 3, 3, 2, 3, 3, 3, 3, 2, 2, 3, 2, 3, 2, 2, 3, 2, 2, 2, 2, 2, 2, 2, 2, 2, 2, 2, 3, 2, 2, 2, 2, 2, 2, 2, 2, 2, 2, 2, 2, 2, 2, 2, 2] 
dagK24.txt 3_2x2.txt True 0.23604060913705585 0.4 519.0 [0, 0, 0, 0, 0, 0, 0, 0, 0, 0, 0, 0, 0, 0, 0, 0, 0, 0, 0, 0, 0, 0, 0, 0, 0, 1, 1, 0, 1, 1, 0, 0, 0, 0, 0, 1, 1, 1, 1, 1, 1, 1, 0, 1, 1, 1, 1, 3, 1, 1, 1, 1, 1, 1, 1, 1, 3, 1, 3, 1, 3, 1, 1, 1, 3, 3, 3, 1, 3, 1, 1, 3, 3, 3, 3, 3, 1, 3, 3, 3, 3, 3, 3, 3, 3, 3, 3, 3, 3, 2, 3, 3, 3, 3, 2, 2, 3, 2, 3, 2, 2, 3, 2, 2, 2, 2, 2, 2, 2, 2, 2, 2, 2, 3, 2, 2, 2, 2, 2, 2, 2, 2, 2, 2, 2, 2, 2, 2, 2, 2] 
dagK24.txt 3_2x2.txt True 0.23604060913705585 0.5 519.0 [0, 0, 0, 0, 0, 0, 0, 0, 0, 0, 0, 0, 0, 0, 0, 0, 0, 0, 0, 0, 0, 0, 0, 0, 0, 1, 1, 0, 1, 1, 0, 0, 0, 0, 0, 1, 1, 1, 1, 1, 1, 1, 0, 1, 1, 1, 1, 3, 1, 1, 1, 1, 1, 1, 1, 1, 3, 1, 3, 1, 3, 1, 1, 1, 3, 3, 3, 1, 3, 1, 1, 3, 3, 3, 3, 3, 1, 3, 3, 3, 3, 3, 3, 3, 3, 3, 3, 3, 3, 2, 3, 3, 3, 3, 2, 2, 3, 2, 3, 2, 2, 3, 2, 2, 2, 2, 2, 2, 2, 2, 2, 2, 2, 3, 2, 2, 2, 2, 2, 2, 2, 2, 2, 2, 2, 2, 2, 2, 2, 2] 
dagK24.txt 3_2x2.txt True 0.23604060913705585 0.6 519.0 [0, 0, 0, 0, 0, 0, 0, 0, 0, 0, 0, 0, 0, 0, 0, 0, 0, 0, 0, 0, 0, 0, 0, 0, 0, 1, 1, 0, 1, 1, 0, 0, 0, 0, 0, 1, 1, 1, 1, 1, 1, 1, 0, 1, 1, 1, 1, 3, 1, 1, 1, 1, 1, 1, 1, 1, 3, 1, 3, 1, 3, 1, 1, 1, 3, 3, 3, 1, 3, 1, 1, 3, 3, 3, 3, 3, 1, 3, 3, 3, 3, 3, 3, 3, 3, 3, 3, 3, 3, 2, 3, 3, 3, 3, 2, 2, 3, 2, 3, 2, 2, 3, 2, 2, 2, 2, 2, 2, 2, 2, 2, 2, 2, 3, 2, 2, 2, 2, 2, 2, 2, 2, 2, 2, 2, 2, 2, 2, 2, 2] 
dagK24.txt 3_2x2.txt True 0.23604060913705585 0.7 519.0 [0, 0, 0, 0, 0, 0, 0, 0, 0, 0, 0, 0, 0, 0, 0, 0, 0, 0, 0, 0, 0, 0, 0, 0, 0, 1, 1, 0, 1, 1, 0, 0, 0, 0, 0, 1, 1, 1, 1, 1, 1, 1, 0, 1, 1, 1, 1, 3, 1, 1, 1, 1, 1, 1, 1, 1, 3, 1, 3, 1, 3, 1, 1, 1, 3, 3, 3, 1, 3, 1, 1, 3, 3, 3, 3, 3, 1, 3, 3, 3, 3, 3, 3, 3, 3, 3, 3, 3, 3, 2, 3, 3, 3, 3, 2, 2, 3, 2, 3, 2, 2, 3, 2, 2, 2, 2, 2, 2, 2, 2, 2, 2, 2, 3, 2, 2, 2, 2, 2, 2, 2, 2, 2, 2, 2, 2, 2, 2, 2, 2] 
dagK24.txt 3_2x2.txt True 0.7208121827411168 1 498.0 [2, 1, 1, 2, 3, 0, 2, 3, 3, 1, 0, 0, 0, 0, 2, 1, 3, 1, 3, 0, 2, 2, 0, 3, 1, 0, 2, 2, 2, 2, 3, 3, 2, 1, 3, 1, 2, 3, 3, 0, 3, 2, 1, 3, 3, 1, 2, 0, 0, 2, 3, 1, 0, 0, 3, 0, 2, 1, 3, 0, 3, 1, 1, 0, 0, 0, 2, 1, 2, 1, 0, 3, 3, 3, 1, 1, 2, 0, 3, 1, 2, 1, 2, 3, 1, 1, 2, 0, 3, 1, 2, 0, 0, 3, 1, 2, 1, 3, 3, 3, 1, 2, 0, 2, 0, 3, 0, 2, 1, 0, 2, 2, 0, 1, 2, 0, 3, 1, 1, 0, 1, 2, 2, 0, 3, 0, 2, 1, 3, 1] 
dagK24.txt 3_2x1.txt True 0.06598984771573604 0.07 1174.5 [0, 0, 0, 0, 0, 0, 0, 0, 0, 0, 0, 0, 0, 0, 0, 0, 0, 0, 0, 0, 0, 0, 0, 0, 0, 0, 0, 0, 0, 0, 0, 0, 0, 0, 0, 0, 0, 0, 0, 0, 0, 0, 0, 0, 0, 0, 1, 1, 1, 0, 0, 1, 0, 1, 1, 1, 1, 0, 1, 0, 1, 1, 0, 0, 1, 1, 1, 1, 1, 1, 1, 1, 1, 1, 1, 1, 1, 1, 1, 1, 1, 1, 1, 1, 1, 1, 1, 1, 1, 1, 1, 1, 1, 1, 1, 1, 1, 1, 1, 1, 1, 1, 1, 1, 1, 1, 1, 1, 1, 1, 1, 1, 1, 1, 1, 1, 1, 1, 1, 1, 1, 1, 1, 1, 1, 1, 1, 1, 1, 1] 
dagK24.txt 3_2x1.txt True 0.07614213197969544 0.1 957.5 [0, 0, 0, 0, 0, 0, 0, 0, 0, 0, 0, 0, 0, 0, 0, 0, 0, 0, 0, 0, 0, 0, 0, 0, 0, 0, 0, 0, 0, 0, 0, 0, 0, 0, 0, 0, 0, 0, 0, 0, 0, 0, 0, 0, 0, 0, 0, 0, 0, 0, 0, 0, 0, 0, 0, 0, 1, 0, 1, 0, 1, 0, 0, 0, 1, 1, 1, 0, 1, 0, 0, 1, 1, 1, 1, 1, 0, 1, 1, 1, 1, 1, 1, 1, 1, 1, 1, 1, 1, 1, 1, 1, 1, 1, 1, 1, 1, 1, 1, 1, 1, 1, 1, 1, 1, 1, 1, 1, 1, 1, 1, 1, 1, 1, 1, 1, 1, 1, 1, 1, 1, 1, 1, 1, 1, 1, 1, 1, 1, 1] 
dagK24.txt 3_2x1.txt True 0.07614213197969544 0.15 957.5 [0, 0, 0, 0, 0, 0, 0, 0, 0, 0, 0, 0, 0, 0, 0, 0, 0, 0, 0, 0, 0, 0, 0, 0, 0, 0, 0, 0, 0, 0, 0, 0, 0, 0, 0, 0, 0, 0, 0, 0, 0, 0, 0, 0, 0, 0, 0, 0, 0, 0, 0, 0, 0, 0, 0, 0, 1, 0, 1, 0, 1, 0, 0, 0, 1, 1, 1, 0, 1, 0, 0, 1, 1, 1, 1, 1, 0, 1, 1, 1, 1, 1, 1, 1, 1, 1, 1, 1, 1, 1, 1, 1, 1, 1, 1, 1, 1, 1, 1, 1, 1, 1, 1, 1, 1, 1, 1, 1, 1, 1, 1, 1, 1, 1, 1, 1, 1, 1, 1, 1, 1, 1, 1, 1, 1, 1, 1, 1, 1, 1] 
dagK24.txt 3_2x1.txt True 0.07614213197969544 0.2 957.5 [0, 0, 0, 0, 0, 0, 0, 0, 0, 0, 0, 0, 0, 0, 0, 0, 0, 0, 0, 0, 0, 0, 0, 0, 0, 0, 0, 0, 0, 0, 0, 0, 0, 0, 0, 0, 0, 0, 0, 0, 0, 0, 0, 0, 0, 0, 0, 0, 0, 0, 0, 0, 0, 0, 0, 0, 1, 0, 1, 0, 1, 0, 0, 0, 1, 1, 1, 0, 1, 0, 0, 1, 1, 1, 1, 1, 0, 1, 1, 1, 1, 1, 1, 1, 1, 1, 1, 1, 1, 1, 1, 1, 1, 1, 1, 1, 1, 1, 1, 1, 1, 1, 1, 1, 1, 1, 1, 1, 1, 1, 1, 1, 1, 1, 1, 1, 1, 1, 1, 1, 1, 1, 1, 1, 1, 1, 1, 1, 1, 1] 
dagK24.txt 3_2x1.txt True 0.07614213197969544 0.3 957.5 [0, 0, 0, 0, 0, 0, 0, 0, 0, 0, 0, 0, 0, 0, 0, 0, 0, 0, 0, 0, 0, 0, 0, 0, 0, 0, 0, 0, 0, 0, 0, 0, 0, 0, 0, 0, 0, 0, 0, 0, 0, 0, 0, 0, 0, 0, 0, 0, 0, 0, 0, 0, 0, 0, 0, 0, 1, 0, 1, 0, 1, 0, 0, 0, 1, 1, 1, 0, 1, 0, 0, 1, 1, 1, 1, 1, 0, 1, 1, 1, 1, 1, 1, 1, 1, 1, 1, 1, 1, 1, 1, 1, 1, 1, 1, 1, 1, 1, 1, 1, 1, 1, 1, 1, 1, 1, 1, 1, 1, 1, 1, 1, 1, 1, 1, 1, 1, 1, 1, 1, 1, 1, 1, 1, 1, 1, 1, 1, 1, 1] 
dagK24.txt 3_2x1.txt True 0.07614213197969544 0.4 957.5 [0, 0, 0, 0, 0, 0, 0, 0, 0, 0, 0, 0, 0, 0, 0, 0, 0, 0, 0, 0, 0, 0, 0, 0, 0, 0, 0, 0, 0, 0, 0, 0, 0, 0, 0, 0, 0, 0, 0, 0, 0, 0, 0, 0, 0, 0, 0, 0, 0, 0, 0, 0, 0, 0, 0, 0, 1, 0, 1, 0, 1, 0, 0, 0, 1, 1, 1, 0, 1, 0, 0, 1, 1, 1, 1, 1, 0, 1, 1, 1, 1, 1, 1, 1, 1, 1, 1, 1, 1, 1, 1, 1, 1, 1, 1, 1, 1, 1, 1, 1, 1, 1, 1, 1, 1, 1, 1, 1, 1, 1, 1, 1, 1, 1, 1, 1, 1, 1, 1, 1, 1, 1, 1, 1, 1, 1, 1, 1, 1, 1] 
dagK24.txt 3_2x1.txt True 0.07614213197969544 0.5 957.5 [0, 0, 0, 0, 0, 0, 0, 0, 0, 0, 0, 0, 0, 0, 0, 0, 0, 0, 0, 0, 0, 0, 0, 0, 0, 0, 0, 0, 0, 0, 0, 0, 0, 0, 0, 0, 0, 0, 0, 0, 0, 0, 0, 0, 0, 0, 0, 0, 0, 0, 0, 0, 0, 0, 0, 0, 1, 0, 1, 0, 1, 0, 0, 0, 1, 1, 1, 0, 1, 0, 0, 1, 1, 1, 1, 1, 0, 1, 1, 1, 1, 1, 1, 1, 1, 1, 1, 1, 1, 1, 1, 1, 1, 1, 1, 1, 1, 1, 1, 1, 1, 1, 1, 1, 1, 1, 1, 1, 1, 1, 1, 1, 1, 1, 1, 1, 1, 1, 1, 1, 1, 1, 1, 1, 1, 1, 1, 1, 1, 1] 
dagK24.txt 3_2x1.txt True 0.07614213197969544 0.6 957.5 [0, 0, 0, 0, 0, 0, 0, 0, 0, 0, 0, 0, 0, 0, 0, 0, 0, 0, 0, 0, 0, 0, 0, 0, 0, 0, 0, 0, 0, 0, 0, 0, 0, 0, 0, 0, 0, 0, 0, 0, 0, 0, 0, 0, 0, 0, 0, 0, 0, 0, 0, 0, 0, 0, 0, 0, 1, 0, 1, 0, 1, 0, 0, 0, 1, 1, 1, 0, 1, 0, 0, 1, 1, 1, 1, 1, 0, 1, 1, 1, 1, 1, 1, 1, 1, 1, 1, 1, 1, 1, 1, 1, 1, 1, 1, 1, 1, 1, 1, 1, 1, 1, 1, 1, 1, 1, 1, 1, 1, 1, 1, 1, 1, 1, 1, 1, 1, 1, 1, 1, 1, 1, 1, 1, 1, 1, 1, 1, 1, 1] 
dagK24.txt 3_2x1.txt True 0.07614213197969544 0.7 957.5 [0, 0, 0, 0, 0, 0, 0, 0, 0, 0, 0, 0, 0, 0, 0, 0, 0, 0, 0, 0, 0, 0, 0, 0, 0, 0, 0, 0, 0, 0, 0, 0, 0, 0, 0, 0, 0, 0, 0, 0, 0, 0, 0, 0, 0, 0, 0, 0, 0, 0, 0, 0, 0, 0, 0, 0, 1, 0, 1, 0, 1, 0, 0, 0, 1, 1, 1, 0, 1, 0, 0, 1, 1, 1, 1, 1, 0, 1, 1, 1, 1, 1, 1, 1, 1, 1, 1, 1, 1, 1, 1, 1, 1, 1, 1, 1, 1, 1, 1, 1, 1, 1, 1, 1, 1, 1, 1, 1, 1, 1, 1, 1, 1, 1, 1, 1, 1, 1, 1, 1, 1, 1, 1, 1, 1, 1, 1, 1, 1, 1] 
dagK24.txt 3_2x1.txt True 0.07614213197969544 1 957.5 [0, 0, 0, 0, 0, 0, 0, 0, 0, 0, 0, 0, 0, 0, 0, 0, 0, 0, 0, 0, 0, 0, 0, 0, 0, 0, 0, 0, 0, 0, 0, 0, 0, 0, 0, 0, 0, 0, 0, 0, 0, 0, 0, 0, 0, 0, 0, 0, 0, 0, 0, 0, 0, 0, 0, 0, 1, 0, 1, 0, 1, 0, 0, 0, 1, 1, 1, 0, 1, 0, 0, 1, 1, 1, 1, 1, 0, 1, 1, 1, 1, 1, 1, 1, 1, 1, 1, 1, 1, 1, 1, 1, 1, 1, 1, 1, 1, 1, 1, 1, 1, 1, 1, 1, 1, 1, 1, 1, 1, 1, 1, 1, 1, 1, 1, 1, 1, 1, 1, 1, 1, 1, 1, 1, 1, 1, 1, 1, 1, 1] 
