dagL50.txt 1234x1.txt True 0.35108958837772397 0.5 973.0 [3, 3, 3, 3, 3, 3, 3, 3, 3, 3, 3, 3, 3, 3, 3, 3, 3, 3, 3, 3, 3, 3, 3, 3, 3, 2, 3, 3, 3, 2, 3, 3, 2, 3, 2, 2, 3, 2, 3, 2, 3, 3, 2, 2, 2, 2, 2, 2, 2, 1, 2, 2, 2, 2, 2, 1, 2, 2, 2, 2, 2, 2, 2, 2, 2, 2, 2, 1, 1, 2, 1, 1, 1, 1, 2, 1, 1, 2, 1, 2, 1, 2, 1, 1, 1, 1, 1, 1, 1, 1, 1, 1, 1, 1, 1, 0, 0, 1, 1, 1, 0, 1, 1, 1, 1, 0, 0, 0, 0, 0, 0, 1, 0, 1, 0, 0, 0, 0, 0, 1, 0, 0, 0, 0, 0, 0, 0, 0, 0, 0, 0, 0, 0, 0, 0, 0, 0, 0, 0, 0] 
dagL50.txt 1234x1.txt True 0.35108958837772397 0.6 973.0 [3, 3, 3, 3, 3, 3, 3, 3, 3, 3, 3, 3, 3, 3, 3, 3, 3, 3, 3, 3, 3, 3, 3, 3, 3, 2, 3, 3, 3, 2, 3, 3, 2, 3, 2, 2, 3, 2, 3, 2, 3, 3, 2, 2, 2, 2, 2, 2, 2, 1, 2, 2, 2, 2, 2, 1, 2, 2, 2, 2, 2, 2, 2, 2, 2, 2, 2, 1, 1, 2, 1, 1, 1, 1, 2, 1, 1, 2, 1, 2, 1, 2, 1, 1, 1, 1, 1, 1, 1, 1, 1, 1, 1, 1, 1, 0, 0, 1, 1, 1, 0, 1, 1, 1, 1, 0, 0, 0, 0, 0, 0, 1, 0, 1, 0, 0, 0, 0, 0, 1, 0, 0, 0, 0, 0, 0, 0, 0, 0, 0, 0, 0, 0, 0, 0, 0, 0, 0, 0, 0] 
dagL50.txt 1234x1.txt True 0.35108958837772397 0.7 973.0 [3, 3, 3, 3, 3, 3, 3, 3, 3, 3, 3, 3, 3, 3, 3, 3, 3, 3, 3, 3, 3, 3, 3, 3, 3, 2, 3, 3, 3, 2, 3, 3, 2, 3, 2, 2, 3, 2, 3, 2, 3, 3, 2, 2, 2, 2, 2, 2, 2, 1, 2, 2, 2, 2, 2, 1, 2, 2, 2, 2, 2, 2, 2, 2, 2, 2, 2, 1, 1, 2, 1, 1, 1, 1, 2, 1, 1, 2, 1, 2, 1, 2, 1, 1, 1, 1, 1, 1, 1, 1, 1, 1, 1, 1, 1, 0, 0, 1, 1, 1, 0, 1, 1, 1, 1, 0, 0, 0, 0, 0, 0, 1, 0, 1, 0, 0, 0, 0, 0, 1, 0, 0, 0, 0, 0, 0, 0, 0, 0, 0, 0, 0, 0, 0, 0, 0, 0, 0, 0, 0] 
dagL50.txt 1234x1.txt True 0.35108958837772397 0.8 973.0 [3, 3, 3, 3, 3, 3, 3, 3, 3, 3, 3, 3, 3, 3, 3, 3, 3, 3, 3, 3, 3, 3, 3, 3, 3, 2, 3, 3, 3, 2, 3, 3, 2, 3, 2, 2, 3, 2, 3, 2, 3, 3, 2, 2, 2, 2, 2, 2, 2, 1, 2, 2, 2, 2, 2, 1, 2, 2, 2, 2, 2, 2, 2, 2, 2, 2, 2, 1, 1, 2, 1, 1, 1, 1, 2, 1, 1, 2, 1, 2, 1, 2, 1, 1, 1, 1, 1, 1, 1, 1, 1, 1, 1, 1, 1, 0, 0, 1, 1, 1, 0, 1, 1, 1, 1, 0, 0, 0, 0, 0, 0, 1, 0, 1, 0, 0, 0, 0, 0, 1, 0, 0, 0, 0, 0, 0, 0, 0, 0, 0, 0, 0, 0, 0, 0, 0, 0, 0, 0, 0] 
dagL50.txt 1234x1.txt True 0.35108958837772397 0.9 973.0 [3, 3, 3, 3, 3, 3, 3, 3, 3, 3, 3, 3, 3, 3, 3, 3, 3, 3, 3, 3, 3, 3, 3, 3, 3, 2, 3, 3, 3, 2, 3, 3, 2, 3, 2, 2, 3, 2, 3, 2, 3, 3, 2, 2, 2, 2, 2, 2, 2, 1, 2, 2, 2, 2, 2, 1, 2, 2, 2, 2, 2, 2, 2, 2, 2, 2, 2, 1, 1, 2, 1, 1, 1, 1, 2, 1, 1, 2, 1, 2, 1, 2, 1, 1, 1, 1, 1, 1, 1, 1, 1, 1, 1, 1, 1, 0, 0, 1, 1, 1, 0, 1, 1, 1, 1, 0, 0, 0, 0, 0, 0, 1, 0, 1, 0, 0, 0, 0, 0, 1, 0, 0, 0, 0, 0, 0, 0, 0, 0, 0, 0, 0, 0, 0, 0, 0, 0, 0, 0, 0] 
dagL50.txt 1234x1.txt True 0.35108958837772397 1 973.0 [3, 3, 3, 3, 3, 3, 3, 3, 3, 3, 3, 3, 3, 3, 3, 3, 3, 3, 3, 3, 3, 3, 3, 3, 3, 2, 3, 3, 3, 2, 3, 3, 2, 3, 2, 2, 3, 2, 3, 2, 3, 3, 2, 2, 2, 2, 2, 2, 2, 1, 2, 2, 2, 2, 2, 1, 2, 2, 2, 2, 2, 2, 2, 2, 2, 2, 2, 1, 1, 2, 1, 1, 1, 1, 2, 1, 1, 2, 1, 2, 1, 2, 1, 1, 1, 1, 1, 1, 1, 1, 1, 1, 1, 1, 1, 0, 0, 1, 1, 1, 0, 1, 1, 1, 1, 0, 0, 0, 0, 0, 0, 1, 0, 1, 0, 0, 0, 0, 0, 1, 0, 0, 0, 0, 0, 0, 0, 0, 0, 0, 0, 0, 0, 0, 0, 0, 0, 0, 0, 0] 
dagL50.txt 1234x1.txt True 0.35108958837772397 0.5 973.0 [3, 3, 3, 3, 3, 3, 3, 3, 3, 3, 3, 3, 3, 3, 3, 3, 3, 3, 3, 3, 3, 3, 3, 3, 3, 2, 3, 3, 3, 2, 3, 3, 2, 3, 2, 2, 3, 2, 3, 2, 3, 3, 2, 2, 2, 2, 2, 2, 2, 1, 2, 2, 2, 2, 2, 1, 2, 2, 2, 2, 2, 2, 2, 2, 2, 2, 2, 1, 1, 2, 1, 1, 1, 1, 2, 1, 1, 2, 1, 2, 1, 2, 1, 1, 1, 1, 1, 1, 1, 1, 1, 1, 1, 1, 1, 0, 0, 1, 1, 1, 0, 1, 1, 1, 1, 0, 0, 0, 0, 0, 0, 1, 0, 1, 0, 0, 0, 0, 0, 1, 0, 0, 0, 0, 0, 0, 0, 0, 0, 0, 0, 0, 0, 0, 0, 0, 0, 0, 0, 0] 
dagL50.txt 1234x1.txt True 0.35108958837772397 0.6 973.0 [3, 3, 3, 3, 3, 3, 3, 3, 3, 3, 3, 3, 3, 3, 3, 3, 3, 3, 3, 3, 3, 3, 3, 3, 3, 2, 3, 3, 3, 2, 3, 3, 2, 3, 2, 2, 3, 2, 3, 2, 3, 3, 2, 2, 2, 2, 2, 2, 2, 1, 2, 2, 2, 2, 2, 1, 2, 2, 2, 2, 2, 2, 2, 2, 2, 2, 2, 1, 1, 2, 1, 1, 1, 1, 2, 1, 1, 2, 1, 2, 1, 2, 1, 1, 1, 1, 1, 1, 1, 1, 1, 1, 1, 1, 1, 0, 0, 1, 1, 1, 0, 1, 1, 1, 1, 0, 0, 0, 0, 0, 0, 1, 0, 1, 0, 0, 0, 0, 0, 1, 0, 0, 0, 0, 0, 0, 0, 0, 0, 0, 0, 0, 0, 0, 0, 0, 0, 0, 0, 0] 
dagL50.txt 1234x1.txt True 0.35108958837772397 0.7 973.0 [3, 3, 3, 3, 3, 3, 3, 3, 3, 3, 3, 3, 3, 3, 3, 3, 3, 3, 3, 3, 3, 3, 3, 3, 3, 2, 3, 3, 3, 2, 3, 3, 2, 3, 2, 2, 3, 2, 3, 2, 3, 3, 2, 2, 2, 2, 2, 2, 2, 1, 2, 2, 2, 2, 2, 1, 2, 2, 2, 2, 2, 2, 2, 2, 2, 2, 2, 1, 1, 2, 1, 1, 1, 1, 2, 1, 1, 2, 1, 2, 1, 2, 1, 1, 1, 1, 1, 1, 1, 1, 1, 1, 1, 1, 1, 0, 0, 1, 1, 1, 0, 1, 1, 1, 1, 0, 0, 0, 0, 0, 0, 1, 0, 1, 0, 0, 0, 0, 0, 1, 0, 0, 0, 0, 0, 0, 0, 0, 0, 0, 0, 0, 0, 0, 0, 0, 0, 0, 0, 0] 
dagL50.txt 1234x1.txt True 0.35108958837772397 0.8 973.0 [3, 3, 3, 3, 3, 3, 3, 3, 3, 3, 3, 3, 3, 3, 3, 3, 3, 3, 3, 3, 3, 3, 3, 3, 3, 2, 3, 3, 3, 2, 3, 3, 2, 3, 2, 2, 3, 2, 3, 2, 3, 3, 2, 2, 2, 2, 2, 2, 2, 1, 2, 2, 2, 2, 2, 1, 2, 2, 2, 2, 2, 2, 2, 2, 2, 2, 2, 1, 1, 2, 1, 1, 1, 1, 2, 1, 1, 2, 1, 2, 1, 2, 1, 1, 1, 1, 1, 1, 1, 1, 1, 1, 1, 1, 1, 0, 0, 1, 1, 1, 0, 1, 1, 1, 1, 0, 0, 0, 0, 0, 0, 1, 0, 1, 0, 0, 0, 0, 0, 1, 0, 0, 0, 0, 0, 0, 0, 0, 0, 0, 0, 0, 0, 0, 0, 0, 0, 0, 0, 0] 
dagL50.txt 1234x1.txt True 0.35108958837772397 0.9 973.0 [3, 3, 3, 3, 3, 3, 3, 3, 3, 3, 3, 3, 3, 3, 3, 3, 3, 3, 3, 3, 3, 3, 3, 3, 3, 2, 3, 3, 3, 2, 3, 3, 2, 3, 2, 2, 3, 2, 3, 2, 3, 3, 2, 2, 2, 2, 2, 2, 2, 1, 2, 2, 2, 2, 2, 1, 2, 2, 2, 2, 2, 2, 2, 2, 2, 2, 2, 1, 1, 2, 1, 1, 1, 1, 2, 1, 1, 2, 1, 2, 1, 2, 1, 1, 1, 1, 1, 1, 1, 1, 1, 1, 1, 1, 1, 0, 0, 1, 1, 1, 0, 1, 1, 1, 1, 0, 0, 0, 0, 0, 0, 1, 0, 1, 0, 0, 0, 0, 0, 1, 0, 0, 0, 0, 0, 0, 0, 0, 0, 0, 0, 0, 0, 0, 0, 0, 0, 0, 0, 0] 
dagL50.txt 1234x1.txt True 0.35108958837772397 1 973.0 [3, 3, 3, 3, 3, 3, 3, 3, 3, 3, 3, 3, 3, 3, 3, 3, 3, 3, 3, 3, 3, 3, 3, 3, 3, 2, 3, 3, 3, 2, 3, 3, 2, 3, 2, 2, 3, 2, 3, 2, 3, 3, 2, 2, 2, 2, 2, 2, 2, 1, 2, 2, 2, 2, 2, 1, 2, 2, 2, 2, 2, 2, 2, 2, 2, 2, 2, 1, 1, 2, 1, 1, 1, 1, 2, 1, 1, 2, 1, 2, 1, 2, 1, 1, 1, 1, 1, 1, 1, 1, 1, 1, 1, 1, 1, 0, 0, 1, 1, 1, 0, 1, 1, 1, 1, 0, 0, 0, 0, 0, 0, 1, 0, 1, 0, 0, 0, 0, 0, 1, 0, 0, 0, 0, 0, 0, 0, 0, 0, 0, 0, 0, 0, 0, 0, 0, 0, 0, 0, 0] 
dagL50.txt 1234x1.txt True 0.35108958837772397 0.5 973.0 [3, 3, 3, 3, 3, 3, 3, 3, 3, 3, 3, 3, 3, 3, 3, 3, 3, 3, 3, 3, 3, 3, 3, 3, 3, 2, 3, 3, 3, 2, 3, 3, 2, 3, 2, 2, 3, 2, 3, 2, 3, 3, 2, 2, 2, 2, 2, 2, 2, 1, 2, 2, 2, 2, 2, 1, 2, 2, 2, 2, 2, 2, 2, 2, 2, 2, 2, 1, 1, 2, 1, 1, 1, 1, 2, 1, 1, 2, 1, 2, 1, 2, 1, 1, 1, 1, 1, 1, 1, 1, 1, 1, 1, 1, 1, 0, 0, 1, 1, 1, 0, 1, 1, 1, 1, 0, 0, 0, 0, 0, 0, 1, 0, 1, 0, 0, 0, 0, 0, 1, 0, 0, 0, 0, 0, 0, 0, 0, 0, 0, 0, 0, 0, 0, 0, 0, 0, 0, 0, 0] 
dagL50.txt 1234x1.txt True 0.35108958837772397 0.6 973.0 [3, 3, 3, 3, 3, 3, 3, 3, 3, 3, 3, 3, 3, 3, 3, 3, 3, 3, 3, 3, 3, 3, 3, 3, 3, 2, 3, 3, 3, 2, 3, 3, 2, 3, 2, 2, 3, 2, 3, 2, 3, 3, 2, 2, 2, 2, 2, 2, 2, 1, 2, 2, 2, 2, 2, 1, 2, 2, 2, 2, 2, 2, 2, 2, 2, 2, 2, 1, 1, 2, 1, 1, 1, 1, 2, 1, 1, 2, 1, 2, 1, 2, 1, 1, 1, 1, 1, 1, 1, 1, 1, 1, 1, 1, 1, 0, 0, 1, 1, 1, 0, 1, 1, 1, 1, 0, 0, 0, 0, 0, 0, 1, 0, 1, 0, 0, 0, 0, 0, 1, 0, 0, 0, 0, 0, 0, 0, 0, 0, 0, 0, 0, 0, 0, 0, 0, 0, 0, 0, 0] 
dagL50.txt 1234x1.txt True 0.35108958837772397 0.7 973.0 [3, 3, 3, 3, 3, 3, 3, 3, 3, 3, 3, 3, 3, 3, 3, 3, 3, 3, 3, 3, 3, 3, 3, 3, 3, 2, 3, 3, 3, 2, 3, 3, 2, 3, 2, 2, 3, 2, 3, 2, 3, 3, 2, 2, 2, 2, 2, 2, 2, 1, 2, 2, 2, 2, 2, 1, 2, 2, 2, 2, 2, 2, 2, 2, 2, 2, 2, 1, 1, 2, 1, 1, 1, 1, 2, 1, 1, 2, 1, 2, 1, 2, 1, 1, 1, 1, 1, 1, 1, 1, 1, 1, 1, 1, 1, 0, 0, 1, 1, 1, 0, 1, 1, 1, 1, 0, 0, 0, 0, 0, 0, 1, 0, 1, 0, 0, 0, 0, 0, 1, 0, 0, 0, 0, 0, 0, 0, 0, 0, 0, 0, 0, 0, 0, 0, 0, 0, 0, 0, 0] 
dagL50.txt 1234x1.txt True 0.35108958837772397 0.8 973.0 [3, 3, 3, 3, 3, 3, 3, 3, 3, 3, 3, 3, 3, 3, 3, 3, 3, 3, 3, 3, 3, 3, 3, 3, 3, 2, 3, 3, 3, 2, 3, 3, 2, 3, 2, 2, 3, 2, 3, 2, 3, 3, 2, 2, 2, 2, 2, 2, 2, 1, 2, 2, 2, 2, 2, 1, 2, 2, 2, 2, 2, 2, 2, 2, 2, 2, 2, 1, 1, 2, 1, 1, 1, 1, 2, 1, 1, 2, 1, 2, 1, 2, 1, 1, 1, 1, 1, 1, 1, 1, 1, 1, 1, 1, 1, 0, 0, 1, 1, 1, 0, 1, 1, 1, 1, 0, 0, 0, 0, 0, 0, 1, 0, 1, 0, 0, 0, 0, 0, 1, 0, 0, 0, 0, 0, 0, 0, 0, 0, 0, 0, 0, 0, 0, 0, 0, 0, 0, 0, 0] 
dagL50.txt 1234x1.txt True 0.35108958837772397 0.9 973.0 [3, 3, 3, 3, 3, 3, 3, 3, 3, 3, 3, 3, 3, 3, 3, 3, 3, 3, 3, 3, 3, 3, 3, 3, 3, 2, 3, 3, 3, 2, 3, 3, 2, 3, 2, 2, 3, 2, 3, 2, 3, 3, 2, 2, 2, 2, 2, 2, 2, 1, 2, 2, 2, 2, 2, 1, 2, 2, 2, 2, 2, 2, 2, 2, 2, 2, 2, 1, 1, 2, 1, 1, 1, 1, 2, 1, 1, 2, 1, 2, 1, 2, 1, 1, 1, 1, 1, 1, 1, 1, 1, 1, 1, 1, 1, 0, 0, 1, 1, 1, 0, 1, 1, 1, 1, 0, 0, 0, 0, 0, 0, 1, 0, 1, 0, 0, 0, 0, 0, 1, 0, 0, 0, 0, 0, 0, 0, 0, 0, 0, 0, 0, 0, 0, 0, 0, 0, 0, 0, 0] 
dagL50.txt 1234x1.txt True 0.35108958837772397 1 973.0 [3, 3, 3, 3, 3, 3, 3, 3, 3, 3, 3, 3, 3, 3, 3, 3, 3, 3, 3, 3, 3, 3, 3, 3, 3, 2, 3, 3, 3, 2, 3, 3, 2, 3, 2, 2, 3, 2, 3, 2, 3, 3, 2, 2, 2, 2, 2, 2, 2, 1, 2, 2, 2, 2, 2, 1, 2, 2, 2, 2, 2, 2, 2, 2, 2, 2, 2, 1, 1, 2, 1, 1, 1, 1, 2, 1, 1, 2, 1, 2, 1, 2, 1, 1, 1, 1, 1, 1, 1, 1, 1, 1, 1, 1, 1, 0, 0, 1, 1, 1, 0, 1, 1, 1, 1, 0, 0, 0, 0, 0, 0, 1, 0, 1, 0, 0, 0, 0, 0, 1, 0, 0, 0, 0, 0, 0, 0, 0, 0, 0, 0, 0, 0, 0, 0, 0, 0, 0, 0, 0] 
dagL50.txt 1234x1.txt True 0.35108958837772397 0.5 973.0 [3, 3, 3, 3, 3, 3, 3, 3, 3, 3, 3, 3, 3, 3, 3, 3, 3, 3, 3, 3, 3, 3, 3, 3, 3, 2, 3, 3, 3, 2, 3, 3, 2, 3, 2, 2, 3, 2, 3, 2, 3, 3, 2, 2, 2, 2, 2, 2, 2, 1, 2, 2, 2, 2, 2, 1, 2, 2, 2, 2, 2, 2, 2, 2, 2, 2, 2, 1, 1, 2, 1, 1, 1, 1, 2, 1, 1, 2, 1, 2, 1, 2, 1, 1, 1, 1, 1, 1, 1, 1, 1, 1, 1, 1, 1, 0, 0, 1, 1, 1, 0, 1, 1, 1, 1, 0, 0, 0, 0, 0, 0, 1, 0, 1, 0, 0, 0, 0, 0, 1, 0, 0, 0, 0, 0, 0, 0, 0, 0, 0, 0, 0, 0, 0, 0, 0, 0, 0, 0, 0] 
dagL50.txt 1234x1.txt True 0.35108958837772397 0.6 973.0 [3, 3, 3, 3, 3, 3, 3, 3, 3, 3, 3, 3, 3, 3, 3, 3, 3, 3, 3, 3, 3, 3, 3, 3, 3, 2, 3, 3, 3, 2, 3, 3, 2, 3, 2, 2, 3, 2, 3, 2, 3, 3, 2, 2, 2, 2, 2, 2, 2, 1, 2, 2, 2, 2, 2, 1, 2, 2, 2, 2, 2, 2, 2, 2, 2, 2, 2, 1, 1, 2, 1, 1, 1, 1, 2, 1, 1, 2, 1, 2, 1, 2, 1, 1, 1, 1, 1, 1, 1, 1, 1, 1, 1, 1, 1, 0, 0, 1, 1, 1, 0, 1, 1, 1, 1, 0, 0, 0, 0, 0, 0, 1, 0, 1, 0, 0, 0, 0, 0, 1, 0, 0, 0, 0, 0, 0, 0, 0, 0, 0, 0, 0, 0, 0, 0, 0, 0, 0, 0, 0] 
dagL50.txt 1234x1.txt True 0.35108958837772397 0.7 973.0 [3, 3, 3, 3, 3, 3, 3, 3, 3, 3, 3, 3, 3, 3, 3, 3, 3, 3, 3, 3, 3, 3, 3, 3, 3, 2, 3, 3, 3, 2, 3, 3, 2, 3, 2, 2, 3, 2, 3, 2, 3, 3, 2, 2, 2, 2, 2, 2, 2, 1, 2, 2, 2, 2, 2, 1, 2, 2, 2, 2, 2, 2, 2, 2, 2, 2, 2, 1, 1, 2, 1, 1, 1, 1, 2, 1, 1, 2, 1, 2, 1, 2, 1, 1, 1, 1, 1, 1, 1, 1, 1, 1, 1, 1, 1, 0, 0, 1, 1, 1, 0, 1, 1, 1, 1, 0, 0, 0, 0, 0, 0, 1, 0, 1, 0, 0, 0, 0, 0, 1, 0, 0, 0, 0, 0, 0, 0, 0, 0, 0, 0, 0, 0, 0, 0, 0, 0, 0, 0, 0] 
dagL50.txt 1234x1.txt True 0.35108958837772397 0.8 973.0 [3, 3, 3, 3, 3, 3, 3, 3, 3, 3, 3, 3, 3, 3, 3, 3, 3, 3, 3, 3, 3, 3, 3, 3, 3, 2, 3, 3, 3, 2, 3, 3, 2, 3, 2, 2, 3, 2, 3, 2, 3, 3, 2, 2, 2, 2, 2, 2, 2, 1, 2, 2, 2, 2, 2, 1, 2, 2, 2, 2, 2, 2, 2, 2, 2, 2, 2, 1, 1, 2, 1, 1, 1, 1, 2, 1, 1, 2, 1, 2, 1, 2, 1, 1, 1, 1, 1, 1, 1, 1, 1, 1, 1, 1, 1, 0, 0, 1, 1, 1, 0, 1, 1, 1, 1, 0, 0, 0, 0, 0, 0, 1, 0, 1, 0, 0, 0, 0, 0, 1, 0, 0, 0, 0, 0, 0, 0, 0, 0, 0, 0, 0, 0, 0, 0, 0, 0, 0, 0, 0] 
dagL50.txt 1234x1.txt True 0.35108958837772397 0.9 973.0 [3, 3, 3, 3, 3, 3, 3, 3, 3, 3, 3, 3, 3, 3, 3, 3, 3, 3, 3, 3, 3, 3, 3, 3, 3, 2, 3, 3, 3, 2, 3, 3, 2, 3, 2, 2, 3, 2, 3, 2, 3, 3, 2, 2, 2, 2, 2, 2, 2, 1, 2, 2, 2, 2, 2, 1, 2, 2, 2, 2, 2, 2, 2, 2, 2, 2, 2, 1, 1, 2, 1, 1, 1, 1, 2, 1, 1, 2, 1, 2, 1, 2, 1, 1, 1, 1, 1, 1, 1, 1, 1, 1, 1, 1, 1, 0, 0, 1, 1, 1, 0, 1, 1, 1, 1, 0, 0, 0, 0, 0, 0, 1, 0, 1, 0, 0, 0, 0, 0, 1, 0, 0, 0, 0, 0, 0, 0, 0, 0, 0, 0, 0, 0, 0, 0, 0, 0, 0, 0, 0] 
dagL50.txt 1234x1.txt True 0.35108958837772397 1 973.0 [3, 3, 3, 3, 3, 3, 3, 3, 3, 3, 3, 3, 3, 3, 3, 3, 3, 3, 3, 3, 3, 3, 3, 3, 3, 2, 3, 3, 3, 2, 3, 3, 2, 3, 2, 2, 3, 2, 3, 2, 3, 3, 2, 2, 2, 2, 2, 2, 2, 1, 2, 2, 2, 2, 2, 1, 2, 2, 2, 2, 2, 2, 2, 2, 2, 2, 2, 1, 1, 2, 1, 1, 1, 1, 2, 1, 1, 2, 1, 2, 1, 2, 1, 1, 1, 1, 1, 1, 1, 1, 1, 1, 1, 1, 1, 0, 0, 1, 1, 1, 0, 1, 1, 1, 1, 0, 0, 0, 0, 0, 0, 1, 0, 1, 0, 0, 0, 0, 0, 1, 0, 0, 0, 0, 0, 0, 0, 0, 0, 0, 0, 0, 0, 0, 0, 0, 0, 0, 0, 0] 
dagL50.txt 1234x1.txt True 0.35108958837772397 0.5 973.0 [3, 3, 3, 3, 3, 3, 3, 3, 3, 3, 3, 3, 3, 3, 3, 3, 3, 3, 3, 3, 3, 3, 3, 3, 3, 2, 3, 3, 3, 2, 3, 3, 2, 3, 2, 2, 3, 2, 3, 2, 3, 3, 2, 2, 2, 2, 2, 2, 2, 1, 2, 2, 2, 2, 2, 1, 2, 2, 2, 2, 2, 2, 2, 2, 2, 2, 2, 1, 1, 2, 1, 1, 1, 1, 2, 1, 1, 2, 1, 2, 1, 2, 1, 1, 1, 1, 1, 1, 1, 1, 1, 1, 1, 1, 1, 0, 0, 1, 1, 1, 0, 1, 1, 1, 1, 0, 0, 0, 0, 0, 0, 1, 0, 1, 0, 0, 0, 0, 0, 1, 0, 0, 0, 0, 0, 0, 0, 0, 0, 0, 0, 0, 0, 0, 0, 0, 0, 0, 0, 0] 
dagL50.txt 1234x1.txt True 0.35108958837772397 0.6 973.0 [3, 3, 3, 3, 3, 3, 3, 3, 3, 3, 3, 3, 3, 3, 3, 3, 3, 3, 3, 3, 3, 3, 3, 3, 3, 2, 3, 3, 3, 2, 3, 3, 2, 3, 2, 2, 3, 2, 3, 2, 3, 3, 2, 2, 2, 2, 2, 2, 2, 1, 2, 2, 2, 2, 2, 1, 2, 2, 2, 2, 2, 2, 2, 2, 2, 2, 2, 1, 1, 2, 1, 1, 1, 1, 2, 1, 1, 2, 1, 2, 1, 2, 1, 1, 1, 1, 1, 1, 1, 1, 1, 1, 1, 1, 1, 0, 0, 1, 1, 1, 0, 1, 1, 1, 1, 0, 0, 0, 0, 0, 0, 1, 0, 1, 0, 0, 0, 0, 0, 1, 0, 0, 0, 0, 0, 0, 0, 0, 0, 0, 0, 0, 0, 0, 0, 0, 0, 0, 0, 0] 
dagL50.txt 1234x1.txt True 0.35108958837772397 0.7 973.0 [3, 3, 3, 3, 3, 3, 3, 3, 3, 3, 3, 3, 3, 3, 3, 3, 3, 3, 3, 3, 3, 3, 3, 3, 3, 2, 3, 3, 3, 2, 3, 3, 2, 3, 2, 2, 3, 2, 3, 2, 3, 3, 2, 2, 2, 2, 2, 2, 2, 1, 2, 2, 2, 2, 2, 1, 2, 2, 2, 2, 2, 2, 2, 2, 2, 2, 2, 1, 1, 2, 1, 1, 1, 1, 2, 1, 1, 2, 1, 2, 1, 2, 1, 1, 1, 1, 1, 1, 1, 1, 1, 1, 1, 1, 1, 0, 0, 1, 1, 1, 0, 1, 1, 1, 1, 0, 0, 0, 0, 0, 0, 1, 0, 1, 0, 0, 0, 0, 0, 1, 0, 0, 0, 0, 0, 0, 0, 0, 0, 0, 0, 0, 0, 0, 0, 0, 0, 0, 0, 0] 
dagL50.txt 1234x1.txt True 0.35108958837772397 0.8 973.0 [3, 3, 3, 3, 3, 3, 3, 3, 3, 3, 3, 3, 3, 3, 3, 3, 3, 3, 3, 3, 3, 3, 3, 3, 3, 2, 3, 3, 3, 2, 3, 3, 2, 3, 2, 2, 3, 2, 3, 2, 3, 3, 2, 2, 2, 2, 2, 2, 2, 1, 2, 2, 2, 2, 2, 1, 2, 2, 2, 2, 2, 2, 2, 2, 2, 2, 2, 1, 1, 2, 1, 1, 1, 1, 2, 1, 1, 2, 1, 2, 1, 2, 1, 1, 1, 1, 1, 1, 1, 1, 1, 1, 1, 1, 1, 0, 0, 1, 1, 1, 0, 1, 1, 1, 1, 0, 0, 0, 0, 0, 0, 1, 0, 1, 0, 0, 0, 0, 0, 1, 0, 0, 0, 0, 0, 0, 0, 0, 0, 0, 0, 0, 0, 0, 0, 0, 0, 0, 0, 0] 
dagL50.txt 1234x1.txt True 0.35108958837772397 0.9 973.0 [3, 3, 3, 3, 3, 3, 3, 3, 3, 3, 3, 3, 3, 3, 3, 3, 3, 3, 3, 3, 3, 3, 3, 3, 3, 2, 3, 3, 3, 2, 3, 3, 2, 3, 2, 2, 3, 2, 3, 2, 3, 3, 2, 2, 2, 2, 2, 2, 2, 1, 2, 2, 2, 2, 2, 1, 2, 2, 2, 2, 2, 2, 2, 2, 2, 2, 2, 1, 1, 2, 1, 1, 1, 1, 2, 1, 1, 2, 1, 2, 1, 2, 1, 1, 1, 1, 1, 1, 1, 1, 1, 1, 1, 1, 1, 0, 0, 1, 1, 1, 0, 1, 1, 1, 1, 0, 0, 0, 0, 0, 0, 1, 0, 1, 0, 0, 0, 0, 0, 1, 0, 0, 0, 0, 0, 0, 0, 0, 0, 0, 0, 0, 0, 0, 0, 0, 0, 0, 0, 0] 
dagL50.txt 1234x1.txt True 0.35108958837772397 1 973.0 [3, 3, 3, 3, 3, 3, 3, 3, 3, 3, 3, 3, 3, 3, 3, 3, 3, 3, 3, 3, 3, 3, 3, 3, 3, 2, 3, 3, 3, 2, 3, 3, 2, 3, 2, 2, 3, 2, 3, 2, 3, 3, 2, 2, 2, 2, 2, 2, 2, 1, 2, 2, 2, 2, 2, 1, 2, 2, 2, 2, 2, 2, 2, 2, 2, 2, 2, 1, 1, 2, 1, 1, 1, 1, 2, 1, 1, 2, 1, 2, 1, 2, 1, 1, 1, 1, 1, 1, 1, 1, 1, 1, 1, 1, 1, 0, 0, 1, 1, 1, 0, 1, 1, 1, 1, 0, 0, 0, 0, 0, 0, 1, 0, 1, 0, 0, 0, 0, 0, 1, 0, 0, 0, 0, 0, 0, 0, 0, 0, 0, 0, 0, 0, 0, 0, 0, 0, 0, 0, 0] 
dagL50.txt 1234x3.txt True 0.4576271186440678 0.5 487.5 [11, 11, 11, 11, 11, 11, 11, 11, 11, 11, 11, 10, 11, 11, 11, 11, 11, 11, 10, 10, 11, 11, 11, 11, 7, 11, 11, 11, 11, 11, 11, 11, 11, 8, 11, 8, 11, 11, 11, 7, 8, 11, 7, 8, 7, 7, 11, 7, 8, 2, 8, 8, 7, 7, 8, 2, 7, 7, 8, 7, 7, 7, 2, 2, 2, 8, 7, 2, 2, 8, 2, 2, 2, 2, 2, 2, 2, 2, 2, 2, 2, 2, 2, 2, 2, 2, 2, 2, 2, 2, 2, 2, 2, 2, 5, 5, 5, 2, 2, 2, 5, 2, 5, 5, 5, 1, 5, 5, 5, 5, 5, 1, 5, 1, 5, 5, 1, 5, 5, 5, 5, 5, 4, 5, 5, 5, 5, 5, 5, 5, 5, 4, 5, 5, 4, 5, 5, 5, 5, 5] 
dagL50.txt 1234x3.txt True 0.4576271186440678 0.6 487.5 [11, 11, 11, 11, 11, 11, 11, 11, 11, 11, 11, 10, 11, 11, 11, 11, 11, 11, 10, 10, 11, 11, 11, 11, 7, 11, 11, 11, 11, 11, 11, 11, 11, 8, 11, 8, 11, 11, 11, 7, 8, 11, 7, 8, 7, 7, 11, 7, 8, 2, 8, 8, 7, 7, 8, 2, 7, 7, 8, 7, 7, 7, 2, 2, 2, 8, 7, 2, 2, 8, 2, 2, 2, 2, 2, 2, 2, 2, 2, 2, 2, 2, 2, 2, 2, 2, 2, 2, 2, 2, 2, 2, 2, 2, 5, 5, 5, 2, 2, 2, 5, 2, 5, 5, 5, 1, 5, 5, 5, 5, 5, 1, 5, 1, 5, 5, 1, 5, 5, 5, 5, 5, 4, 5, 5, 5, 5, 5, 5, 5, 5, 4, 5, 5, 4, 5, 5, 5, 5, 5] 
dagL50.txt 1234x3.txt True 0.6537530266343826 0.7 594.0 [10, 10, 10, 10, 10, 10, 10, 9, 9, 9, 10, 11, 11, 9, 10, 9, 10, 11, 11, 11, 10, 10, 10, 10, 8, 10, 10, 10, 10, 8, 10, 8, 8, 10, 8, 7, 10, 10, 10, 8, 7, 8, 8, 7, 8, 8, 8, 8, 7, 6, 7, 7, 8, 8, 7, 7, 8, 8, 7, 8, 8, 8, 8, 1, 7, 6, 8, 1, 6, 6, 7, 8, 1, 1, 1, 1, 1, 8, 1, 1, 1, 1, 1, 1, 1, 1, 1, 1, 2, 1, 1, 1, 1, 2, 5, 0, 1, 2, 1, 5, 0, 2, 2, 5, 5, 0, 5, 5, 5, 5, 5, 2, 5, 0, 5, 5, 0, 3, 4, 5, 4, 4, 3, 5, 5, 5, 4, 3, 4, 5, 5, 3, 3, 5, 3, 5, 5, 5, 5, 4] 
dagL50.txt 1234x3.txt True 0.7966101694915254 0.8 284.0 [9, 10, 9, 9, 10, 9, 9, 10, 10, 10, 7, 10, 11, 10, 11, 10, 9, 10, 10, 11, 11, 11, 11, 9, 11, 11, 9, 7, 10, 9, 9, 9, 9, 7, 7, 7, 7, 8, 11, 7, 8, 11, 11, 8, 7, 8, 11, 6, 8, 8, 7, 6, 6, 6, 7, 8, 8, 6, 8, 6, 3, 6, 8, 6, 8, 7, 6, 3, 4, 7, 3, 6, 6, 3, 8, 4, 4, 6, 3, 4, 3, 3, 4, 4, 4, 4, 3, 3, 3, 4, 4, 4, 5, 4, 0, 0, 5, 5, 3, 5, 0, 5, 3, 2, 2, 5, 0, 5, 1, 0, 2, 5, 5, 5, 0, 0, 5, 2, 1, 0, 1, 1, 1, 2, 2, 0, 1, 1, 1, 2, 2, 2, 1, 2, 1, 0, 2, 2, 0, 1] 
dagL50.txt 1234x3.txt True 0.8765133171912833 0.9 302.0 [4, 4, 4, 11, 11, 4, 4, 10, 6, 11, 10, 11, 6, 6, 6, 6, 7, 10, 4, 4, 6, 1, 7, 1, 10, 6, 11, 1, 10, 0, 11, 7, 9, 9, 6, 6, 0, 7, 9, 3, 6, 4, 1, 1, 1, 3, 9, 0, 0, 10, 10, 7, 10, 0, 6, 6, 3, 0, 10, 10, 3, 10, 0, 9, 7, 10, 9, 5, 7, 7, 3, 11, 5, 1, 9, 9, 5, 3, 3, 7, 11, 11, 11, 7, 9, 5, 5, 2, 3, 7, 3, 5, 3, 9, 8, 2, 2, 11, 2, 5, 3, 11, 9, 2, 4, 9, 8, 0, 4, 2, 8, 5, 5, 2, 8, 1, 2, 0, 5, 8, 4, 4, 8, 0, 1, 2, 8, 5, 2, 0, 2, 8, 8, 1, 8, 1, 1, 0, 5, 8] 
dagL50.txt 1234x3.txt True 0.8765133171912833 1 302.0 [4, 4, 4, 11, 11, 4, 4, 10, 6, 11, 10, 11, 6, 6, 6, 6, 7, 10, 4, 4, 6, 1, 7, 1, 10, 6, 11, 1, 10, 0, 11, 7, 9, 9, 6, 6, 0, 7, 9, 3, 6, 4, 1, 1, 1, 3, 9, 0, 0, 10, 10, 7, 10, 0, 6, 6, 3, 0, 10, 10, 3, 10, 0, 9, 7, 10, 9, 5, 7, 7, 3, 11, 5, 1, 9, 9, 5, 3, 3, 7, 11, 11, 11, 7, 9, 5, 5, 2, 3, 7, 3, 5, 3, 9, 8, 2, 2, 11, 2, 5, 3, 11, 9, 2, 4, 9, 8, 0, 4, 2, 8, 5, 5, 2, 8, 1, 2, 0, 5, 8, 4, 4, 8, 0, 1, 2, 8, 5, 2, 0, 2, 8, 8, 1, 8, 1, 1, 0, 5, 8] 
dagL50.txt 1234x3.txt True 0.4576271186440678 0.5 487.5 [11, 11, 11, 11, 11, 11, 11, 11, 11, 11, 11, 10, 11, 11, 11, 11, 11, 11, 10, 10, 11, 11, 11, 11, 7, 11, 11, 11, 11, 11, 11, 11, 11, 8, 11, 8, 11, 11, 11, 7, 8, 11, 7, 8, 7, 7, 11, 7, 8, 2, 8, 8, 7, 7, 8, 2, 7, 7, 8, 7, 7, 7, 2, 2, 2, 8, 7, 2, 2, 8, 2, 2, 2, 2, 2, 2, 2, 2, 2, 2, 2, 2, 2, 2, 2, 2, 2, 2, 2, 2, 2, 2, 2, 2, 5, 5, 5, 2, 2, 2, 5, 2, 5, 5, 5, 1, 5, 5, 5, 5, 5, 1, 5, 1, 5, 5, 1, 5, 5, 5, 5, 5, 4, 5, 5, 5, 5, 5, 5, 5, 5, 4, 5, 5, 4, 5, 5, 5, 5, 5] 
dagL50.txt 1234x3.txt True 0.4576271186440678 0.6 487.5 [11, 11, 11, 11, 11, 11, 11, 11, 11, 11, 11, 10, 11, 11, 11, 11, 11, 11, 10, 10, 11, 11, 11, 11, 7, 11, 11, 11, 11, 11, 11, 11, 11, 8, 11, 8, 11, 11, 11, 7, 8, 11, 7, 8, 7, 7, 11, 7, 8, 2, 8, 8, 7, 7, 8, 2, 7, 7, 8, 7, 7, 7, 2, 2, 2, 8, 7, 2, 2, 8, 2, 2, 2, 2, 2, 2, 2, 2, 2, 2, 2, 2, 2, 2, 2, 2, 2, 2, 2, 2, 2, 2, 2, 2, 5, 5, 5, 2, 2, 2, 5, 2, 5, 5, 5, 1, 5, 5, 5, 5, 5, 1, 5, 1, 5, 5, 1, 5, 5, 5, 5, 5, 4, 5, 5, 5, 5, 5, 5, 5, 5, 4, 5, 5, 4, 5, 5, 5, 5, 5] 
dagL50.txt 1234x3.txt True 0.6537530266343826 0.7 594.0 [10, 10, 10, 10, 10, 10, 10, 9, 9, 9, 10, 11, 11, 9, 10, 9, 10, 11, 11, 11, 10, 10, 10, 10, 8, 10, 10, 10, 10, 8, 10, 8, 8, 10, 8, 7, 10, 10, 10, 8, 7, 8, 8, 7, 8, 8, 8, 8, 7, 6, 7, 7, 8, 8, 7, 7, 8, 8, 7, 8, 8, 8, 8, 1, 7, 6, 8, 1, 6, 6, 7, 8, 1, 1, 1, 1, 1, 8, 1, 1, 1, 1, 1, 1, 1, 1, 1, 1, 2, 1, 1, 1, 1, 2, 5, 0, 1, 2, 1, 5, 0, 2, 2, 5, 5, 0, 5, 5, 5, 5, 5, 2, 5, 0, 5, 5, 0, 3, 4, 5, 4, 4, 3, 5, 5, 5, 4, 3, 4, 5, 5, 3, 3, 5, 3, 5, 5, 5, 5, 4] 
dagL50.txt 1234x3.txt True 0.7966101694915254 0.8 284.0 [9, 10, 9, 9, 10, 9, 9, 10, 10, 10, 7, 10, 11, 10, 11, 10, 9, 10, 10, 11, 11, 11, 11, 9, 11, 11, 9, 7, 10, 9, 9, 9, 9, 7, 7, 7, 7, 8, 11, 7, 8, 11, 11, 8, 7, 8, 11, 6, 8, 8, 7, 6, 6, 6, 7, 8, 8, 6, 8, 6, 3, 6, 8, 6, 8, 7, 6, 3, 4, 7, 3, 6, 6, 3, 8, 4, 4, 6, 3, 4, 3, 3, 4, 4, 4, 4, 3, 3, 3, 4, 4, 4, 5, 4, 0, 0, 5, 5, 3, 5, 0, 5, 3, 2, 2, 5, 0, 5, 1, 0, 2, 5, 5, 5, 0, 0, 5, 2, 1, 0, 1, 1, 1, 2, 2, 0, 1, 1, 1, 2, 2, 2, 1, 2, 1, 0, 2, 2, 0, 1] 
dagL50.txt 1234x3.txt True 0.8765133171912833 0.9 302.0 [4, 4, 4, 11, 11, 4, 4, 10, 6, 11, 10, 11, 6, 6, 6, 6, 7, 10, 4, 4, 6, 1, 7, 1, 10, 6, 11, 1, 10, 0, 11, 7, 9, 9, 6, 6, 0, 7, 9, 3, 6, 4, 1, 1, 1, 3, 9, 0, 0, 10, 10, 7, 10, 0, 6, 6, 3, 0, 10, 10, 3, 10, 0, 9, 7, 10, 9, 5, 7, 7, 3, 11, 5, 1, 9, 9, 5, 3, 3, 7, 11, 11, 11, 7, 9, 5, 5, 2, 3, 7, 3, 5, 3, 9, 8, 2, 2, 11, 2, 5, 3, 11, 9, 2, 4, 9, 8, 0, 4, 2, 8, 5, 5, 2, 8, 1, 2, 0, 5, 8, 4, 4, 8, 0, 1, 2, 8, 5, 2, 0, 2, 8, 8, 1, 8, 1, 1, 0, 5, 8] 
dagL50.txt 1234x3.txt True 0.8765133171912833 1 302.0 [4, 4, 4, 11, 11, 4, 4, 10, 6, 11, 10, 11, 6, 6, 6, 6, 7, 10, 4, 4, 6, 1, 7, 1, 10, 6, 11, 1, 10, 0, 11, 7, 9, 9, 6, 6, 0, 7, 9, 3, 6, 4, 1, 1, 1, 3, 9, 0, 0, 10, 10, 7, 10, 0, 6, 6, 3, 0, 10, 10, 3, 10, 0, 9, 7, 10, 9, 5, 7, 7, 3, 11, 5, 1, 9, 9, 5, 3, 3, 7, 11, 11, 11, 7, 9, 5, 5, 2, 3, 7, 3, 5, 3, 9, 8, 2, 2, 11, 2, 5, 3, 11, 9, 2, 4, 9, 8, 0, 4, 2, 8, 5, 5, 2, 8, 1, 2, 0, 5, 8, 4, 4, 8, 0, 1, 2, 8, 5, 2, 0, 2, 8, 8, 1, 8, 1, 1, 0, 5, 8] 
dagL50.txt 1234x3.txt True 0.4576271186440678 0.5 487.5 [11, 11, 11, 11, 11, 11, 11, 11, 11, 11, 11, 10, 11, 11, 11, 11, 11, 11, 10, 10, 11, 11, 11, 11, 7, 11, 11, 11, 11, 11, 11, 11, 11, 8, 11, 8, 11, 11, 11, 7, 8, 11, 7, 8, 7, 7, 11, 7, 8, 2, 8, 8, 7, 7, 8, 2, 7, 7, 8, 7, 7, 7, 2, 2, 2, 8, 7, 2, 2, 8, 2, 2, 2, 2, 2, 2, 2, 2, 2, 2, 2, 2, 2, 2, 2, 2, 2, 2, 2, 2, 2, 2, 2, 2, 5, 5, 5, 2, 2, 2, 5, 2, 5, 5, 5, 1, 5, 5, 5, 5, 5, 1, 5, 1, 5, 5, 1, 5, 5, 5, 5, 5, 4, 5, 5, 5, 5, 5, 5, 5, 5, 4, 5, 5, 4, 5, 5, 5, 5, 5] 
dagL50.txt 1234x3.txt True 0.4576271186440678 0.6 487.5 [11, 11, 11, 11, 11, 11, 11, 11, 11, 11, 11, 10, 11, 11, 11, 11, 11, 11, 10, 10, 11, 11, 11, 11, 7, 11, 11, 11, 11, 11, 11, 11, 11, 8, 11, 8, 11, 11, 11, 7, 8, 11, 7, 8, 7, 7, 11, 7, 8, 2, 8, 8, 7, 7, 8, 2, 7, 7, 8, 7, 7, 7, 2, 2, 2, 8, 7, 2, 2, 8, 2, 2, 2, 2, 2, 2, 2, 2, 2, 2, 2, 2, 2, 2, 2, 2, 2, 2, 2, 2, 2, 2, 2, 2, 5, 5, 5, 2, 2, 2, 5, 2, 5, 5, 5, 1, 5, 5, 5, 5, 5, 1, 5, 1, 5, 5, 1, 5, 5, 5, 5, 5, 4, 5, 5, 5, 5, 5, 5, 5, 5, 4, 5, 5, 4, 5, 5, 5, 5, 5] 
dagL50.txt 1234x3.txt True 0.6537530266343826 0.7 594.0 [10, 10, 10, 10, 10, 10, 10, 9, 9, 9, 10, 11, 11, 9, 10, 9, 10, 11, 11, 11, 10, 10, 10, 10, 8, 10, 10, 10, 10, 8, 10, 8, 8, 10, 8, 7, 10, 10, 10, 8, 7, 8, 8, 7, 8, 8, 8, 8, 7, 6, 7, 7, 8, 8, 7, 7, 8, 8, 7, 8, 8, 8, 8, 1, 7, 6, 8, 1, 6, 6, 7, 8, 1, 1, 1, 1, 1, 8, 1, 1, 1, 1, 1, 1, 1, 1, 1, 1, 2, 1, 1, 1, 1, 2, 5, 0, 1, 2, 1, 5, 0, 2, 2, 5, 5, 0, 5, 5, 5, 5, 5, 2, 5, 0, 5, 5, 0, 3, 4, 5, 4, 4, 3, 5, 5, 5, 4, 3, 4, 5, 5, 3, 3, 5, 3, 5, 5, 5, 5, 4] 
dagL50.txt 1234x3.txt True 0.7966101694915254 0.8 284.0 [9, 10, 9, 9, 10, 9, 9, 10, 10, 10, 7, 10, 11, 10, 11, 10, 9, 10, 10, 11, 11, 11, 11, 9, 11, 11, 9, 7, 10, 9, 9, 9, 9, 7, 7, 7, 7, 8, 11, 7, 8, 11, 11, 8, 7, 8, 11, 6, 8, 8, 7, 6, 6, 6, 7, 8, 8, 6, 8, 6, 3, 6, 8, 6, 8, 7, 6, 3, 4, 7, 3, 6, 6, 3, 8, 4, 4, 6, 3, 4, 3, 3, 4, 4, 4, 4, 3, 3, 3, 4, 4, 4, 5, 4, 0, 0, 5, 5, 3, 5, 0, 5, 3, 2, 2, 5, 0, 5, 1, 0, 2, 5, 5, 5, 0, 0, 5, 2, 1, 0, 1, 1, 1, 2, 2, 0, 1, 1, 1, 2, 2, 2, 1, 2, 1, 0, 2, 2, 0, 1] 
dagL50.txt 1234x3.txt True 0.8765133171912833 0.9 302.0 [4, 4, 4, 11, 11, 4, 4, 10, 6, 11, 10, 11, 6, 6, 6, 6, 7, 10, 4, 4, 6, 1, 7, 1, 10, 6, 11, 1, 10, 0, 11, 7, 9, 9, 6, 6, 0, 7, 9, 3, 6, 4, 1, 1, 1, 3, 9, 0, 0, 10, 10, 7, 10, 0, 6, 6, 3, 0, 10, 10, 3, 10, 0, 9, 7, 10, 9, 5, 7, 7, 3, 11, 5, 1, 9, 9, 5, 3, 3, 7, 11, 11, 11, 7, 9, 5, 5, 2, 3, 7, 3, 5, 3, 9, 8, 2, 2, 11, 2, 5, 3, 11, 9, 2, 4, 9, 8, 0, 4, 2, 8, 5, 5, 2, 8, 1, 2, 0, 5, 8, 4, 4, 8, 0, 1, 2, 8, 5, 2, 0, 2, 8, 8, 1, 8, 1, 1, 0, 5, 8] 
dagL50.txt 1234x3.txt True 0.8765133171912833 1 302.0 [4, 4, 4, 11, 11, 4, 4, 10, 6, 11, 10, 11, 6, 6, 6, 6, 7, 10, 4, 4, 6, 1, 7, 1, 10, 6, 11, 1, 10, 0, 11, 7, 9, 9, 6, 6, 0, 7, 9, 3, 6, 4, 1, 1, 1, 3, 9, 0, 0, 10, 10, 7, 10, 0, 6, 6, 3, 0, 10, 10, 3, 10, 0, 9, 7, 10, 9, 5, 7, 7, 3, 11, 5, 1, 9, 9, 5, 3, 3, 7, 11, 11, 11, 7, 9, 5, 5, 2, 3, 7, 3, 5, 3, 9, 8, 2, 2, 11, 2, 5, 3, 11, 9, 2, 4, 9, 8, 0, 4, 2, 8, 5, 5, 2, 8, 1, 2, 0, 5, 8, 4, 4, 8, 0, 1, 2, 8, 5, 2, 0, 2, 8, 8, 1, 8, 1, 1, 0, 5, 8] 
dagL50.txt 1234x3.txt True 0.4576271186440678 0.5 487.5 [11, 11, 11, 11, 11, 11, 11, 11, 11, 11, 11, 10, 11, 11, 11, 11, 11, 11, 10, 10, 11, 11, 11, 11, 7, 11, 11, 11, 11, 11, 11, 11, 11, 8, 11, 8, 11, 11, 11, 7, 8, 11, 7, 8, 7, 7, 11, 7, 8, 2, 8, 8, 7, 7, 8, 2, 7, 7, 8, 7, 7, 7, 2, 2, 2, 8, 7, 2, 2, 8, 2, 2, 2, 2, 2, 2, 2, 2, 2, 2, 2, 2, 2, 2, 2, 2, 2, 2, 2, 2, 2, 2, 2, 2, 5, 5, 5, 2, 2, 2, 5, 2, 5, 5, 5, 1, 5, 5, 5, 5, 5, 1, 5, 1, 5, 5, 1, 5, 5, 5, 5, 5, 4, 5, 5, 5, 5, 5, 5, 5, 5, 4, 5, 5, 4, 5, 5, 5, 5, 5] 
dagL50.txt 1234x3.txt True 0.4576271186440678 0.6 487.5 [11, 11, 11, 11, 11, 11, 11, 11, 11, 11, 11, 10, 11, 11, 11, 11, 11, 11, 10, 10, 11, 11, 11, 11, 7, 11, 11, 11, 11, 11, 11, 11, 11, 8, 11, 8, 11, 11, 11, 7, 8, 11, 7, 8, 7, 7, 11, 7, 8, 2, 8, 8, 7, 7, 8, 2, 7, 7, 8, 7, 7, 7, 2, 2, 2, 8, 7, 2, 2, 8, 2, 2, 2, 2, 2, 2, 2, 2, 2, 2, 2, 2, 2, 2, 2, 2, 2, 2, 2, 2, 2, 2, 2, 2, 5, 5, 5, 2, 2, 2, 5, 2, 5, 5, 5, 1, 5, 5, 5, 5, 5, 1, 5, 1, 5, 5, 1, 5, 5, 5, 5, 5, 4, 5, 5, 5, 5, 5, 5, 5, 5, 4, 5, 5, 4, 5, 5, 5, 5, 5] 
dagL50.txt 1234x3.txt True 0.6537530266343826 0.7 594.0 [10, 10, 10, 10, 10, 10, 10, 9, 9, 9, 10, 11, 11, 9, 10, 9, 10, 11, 11, 11, 10, 10, 10, 10, 8, 10, 10, 10, 10, 8, 10, 8, 8, 10, 8, 7, 10, 10, 10, 8, 7, 8, 8, 7, 8, 8, 8, 8, 7, 6, 7, 7, 8, 8, 7, 7, 8, 8, 7, 8, 8, 8, 8, 1, 7, 6, 8, 1, 6, 6, 7, 8, 1, 1, 1, 1, 1, 8, 1, 1, 1, 1, 1, 1, 1, 1, 1, 1, 2, 1, 1, 1, 1, 2, 5, 0, 1, 2, 1, 5, 0, 2, 2, 5, 5, 0, 5, 5, 5, 5, 5, 2, 5, 0, 5, 5, 0, 3, 4, 5, 4, 4, 3, 5, 5, 5, 4, 3, 4, 5, 5, 3, 3, 5, 3, 5, 5, 5, 5, 4] 
dagL50.txt 1234x3.txt True 0.7966101694915254 0.8 284.0 [9, 10, 9, 9, 10, 9, 9, 10, 10, 10, 7, 10, 11, 10, 11, 10, 9, 10, 10, 11, 11, 11, 11, 9, 11, 11, 9, 7, 10, 9, 9, 9, 9, 7, 7, 7, 7, 8, 11, 7, 8, 11, 11, 8, 7, 8, 11, 6, 8, 8, 7, 6, 6, 6, 7, 8, 8, 6, 8, 6, 3, 6, 8, 6, 8, 7, 6, 3, 4, 7, 3, 6, 6, 3, 8, 4, 4, 6, 3, 4, 3, 3, 4, 4, 4, 4, 3, 3, 3, 4, 4, 4, 5, 4, 0, 0, 5, 5, 3, 5, 0, 5, 3, 2, 2, 5, 0, 5, 1, 0, 2, 5, 5, 5, 0, 0, 5, 2, 1, 0, 1, 1, 1, 2, 2, 0, 1, 1, 1, 2, 2, 2, 1, 2, 1, 0, 2, 2, 0, 1] 
dagL50.txt 1234x3.txt True 0.8765133171912833 0.9 302.0 [4, 4, 4, 11, 11, 4, 4, 10, 6, 11, 10, 11, 6, 6, 6, 6, 7, 10, 4, 4, 6, 1, 7, 1, 10, 6, 11, 1, 10, 0, 11, 7, 9, 9, 6, 6, 0, 7, 9, 3, 6, 4, 1, 1, 1, 3, 9, 0, 0, 10, 10, 7, 10, 0, 6, 6, 3, 0, 10, 10, 3, 10, 0, 9, 7, 10, 9, 5, 7, 7, 3, 11, 5, 1, 9, 9, 5, 3, 3, 7, 11, 11, 11, 7, 9, 5, 5, 2, 3, 7, 3, 5, 3, 9, 8, 2, 2, 11, 2, 5, 3, 11, 9, 2, 4, 9, 8, 0, 4, 2, 8, 5, 5, 2, 8, 1, 2, 0, 5, 8, 4, 4, 8, 0, 1, 2, 8, 5, 2, 0, 2, 8, 8, 1, 8, 1, 1, 0, 5, 8] 
dagL50.txt 1234x3.txt True 0.8765133171912833 1 302.0 [4, 4, 4, 11, 11, 4, 4, 10, 6, 11, 10, 11, 6, 6, 6, 6, 7, 10, 4, 4, 6, 1, 7, 1, 10, 6, 11, 1, 10, 0, 11, 7, 9, 9, 6, 6, 0, 7, 9, 3, 6, 4, 1, 1, 1, 3, 9, 0, 0, 10, 10, 7, 10, 0, 6, 6, 3, 0, 10, 10, 3, 10, 0, 9, 7, 10, 9, 5, 7, 7, 3, 11, 5, 1, 9, 9, 5, 3, 3, 7, 11, 11, 11, 7, 9, 5, 5, 2, 3, 7, 3, 5, 3, 9, 8, 2, 2, 11, 2, 5, 3, 11, 9, 2, 4, 9, 8, 0, 4, 2, 8, 5, 5, 2, 8, 1, 2, 0, 5, 8, 4, 4, 8, 0, 1, 2, 8, 5, 2, 0, 2, 8, 8, 1, 8, 1, 1, 0, 5, 8] 
dagL50.txt 1234x3.txt True 0.4576271186440678 0.5 487.5 [11, 11, 11, 11, 11, 11, 11, 11, 11, 11, 11, 10, 11, 11, 11, 11, 11, 11, 10, 10, 11, 11, 11, 11, 7, 11, 11, 11, 11, 11, 11, 11, 11, 8, 11, 8, 11, 11, 11, 7, 8, 11, 7, 8, 7, 7, 11, 7, 8, 2, 8, 8, 7, 7, 8, 2, 7, 7, 8, 7, 7, 7, 2, 2, 2, 8, 7, 2, 2, 8, 2, 2, 2, 2, 2, 2, 2, 2, 2, 2, 2, 2, 2, 2, 2, 2, 2, 2, 2, 2, 2, 2, 2, 2, 5, 5, 5, 2, 2, 2, 5, 2, 5, 5, 5, 1, 5, 5, 5, 5, 5, 1, 5, 1, 5, 5, 1, 5, 5, 5, 5, 5, 4, 5, 5, 5, 5, 5, 5, 5, 5, 4, 5, 5, 4, 5, 5, 5, 5, 5] 
dagL50.txt 1234x3.txt True 0.4576271186440678 0.6 487.5 [11, 11, 11, 11, 11, 11, 11, 11, 11, 11, 11, 10, 11, 11, 11, 11, 11, 11, 10, 10, 11, 11, 11, 11, 7, 11, 11, 11, 11, 11, 11, 11, 11, 8, 11, 8, 11, 11, 11, 7, 8, 11, 7, 8, 7, 7, 11, 7, 8, 2, 8, 8, 7, 7, 8, 2, 7, 7, 8, 7, 7, 7, 2, 2, 2, 8, 7, 2, 2, 8, 2, 2, 2, 2, 2, 2, 2, 2, 2, 2, 2, 2, 2, 2, 2, 2, 2, 2, 2, 2, 2, 2, 2, 2, 5, 5, 5, 2, 2, 2, 5, 2, 5, 5, 5, 1, 5, 5, 5, 5, 5, 1, 5, 1, 5, 5, 1, 5, 5, 5, 5, 5, 4, 5, 5, 5, 5, 5, 5, 5, 5, 4, 5, 5, 4, 5, 5, 5, 5, 5] 
dagL50.txt 1234x3.txt True 0.6537530266343826 0.7 594.0 [10, 10, 10, 10, 10, 10, 10, 9, 9, 9, 10, 11, 11, 9, 10, 9, 10, 11, 11, 11, 10, 10, 10, 10, 8, 10, 10, 10, 10, 8, 10, 8, 8, 10, 8, 7, 10, 10, 10, 8, 7, 8, 8, 7, 8, 8, 8, 8, 7, 6, 7, 7, 8, 8, 7, 7, 8, 8, 7, 8, 8, 8, 8, 1, 7, 6, 8, 1, 6, 6, 7, 8, 1, 1, 1, 1, 1, 8, 1, 1, 1, 1, 1, 1, 1, 1, 1, 1, 2, 1, 1, 1, 1, 2, 5, 0, 1, 2, 1, 5, 0, 2, 2, 5, 5, 0, 5, 5, 5, 5, 5, 2, 5, 0, 5, 5, 0, 3, 4, 5, 4, 4, 3, 5, 5, 5, 4, 3, 4, 5, 5, 3, 3, 5, 3, 5, 5, 5, 5, 4] 
dagL50.txt 1234x3.txt True 0.7966101694915254 0.8 284.0 [9, 10, 9, 9, 10, 9, 9, 10, 10, 10, 7, 10, 11, 10, 11, 10, 9, 10, 10, 11, 11, 11, 11, 9, 11, 11, 9, 7, 10, 9, 9, 9, 9, 7, 7, 7, 7, 8, 11, 7, 8, 11, 11, 8, 7, 8, 11, 6, 8, 8, 7, 6, 6, 6, 7, 8, 8, 6, 8, 6, 3, 6, 8, 6, 8, 7, 6, 3, 4, 7, 3, 6, 6, 3, 8, 4, 4, 6, 3, 4, 3, 3, 4, 4, 4, 4, 3, 3, 3, 4, 4, 4, 5, 4, 0, 0, 5, 5, 3, 5, 0, 5, 3, 2, 2, 5, 0, 5, 1, 0, 2, 5, 5, 5, 0, 0, 5, 2, 1, 0, 1, 1, 1, 2, 2, 0, 1, 1, 1, 2, 2, 2, 1, 2, 1, 0, 2, 2, 0, 1] 
dagL50.txt 1234x3.txt True 0.8765133171912833 0.9 302.0 [4, 4, 4, 11, 11, 4, 4, 10, 6, 11, 10, 11, 6, 6, 6, 6, 7, 10, 4, 4, 6, 1, 7, 1, 10, 6, 11, 1, 10, 0, 11, 7, 9, 9, 6, 6, 0, 7, 9, 3, 6, 4, 1, 1, 1, 3, 9, 0, 0, 10, 10, 7, 10, 0, 6, 6, 3, 0, 10, 10, 3, 10, 0, 9, 7, 10, 9, 5, 7, 7, 3, 11, 5, 1, 9, 9, 5, 3, 3, 7, 11, 11, 11, 7, 9, 5, 5, 2, 3, 7, 3, 5, 3, 9, 8, 2, 2, 11, 2, 5, 3, 11, 9, 2, 4, 9, 8, 0, 4, 2, 8, 5, 5, 2, 8, 1, 2, 0, 5, 8, 4, 4, 8, 0, 1, 2, 8, 5, 2, 0, 2, 8, 8, 1, 8, 1, 1, 0, 5, 8] 
dagL50.txt 1234x3.txt True 0.8765133171912833 1 302.0 [4, 4, 4, 11, 11, 4, 4, 10, 6, 11, 10, 11, 6, 6, 6, 6, 7, 10, 4, 4, 6, 1, 7, 1, 10, 6, 11, 1, 10, 0, 11, 7, 9, 9, 6, 6, 0, 7, 9, 3, 6, 4, 1, 1, 1, 3, 9, 0, 0, 10, 10, 7, 10, 0, 6, 6, 3, 0, 10, 10, 3, 10, 0, 9, 7, 10, 9, 5, 7, 7, 3, 11, 5, 1, 9, 9, 5, 3, 3, 7, 11, 11, 11, 7, 9, 5, 5, 2, 3, 7, 3, 5, 3, 9, 8, 2, 2, 11, 2, 5, 3, 11, 9, 2, 4, 9, 8, 0, 4, 2, 8, 5, 5, 2, 8, 1, 2, 0, 5, 8, 4, 4, 8, 0, 1, 2, 8, 5, 2, 0, 2, 8, 8, 1, 8, 1, 1, 0, 5, 8] 
