dagN10.txt 1234x1.txt True 0.2650103519668737 0.5 1095.0 [2, 2, 2, 2, 2, 2, 2, 2, 2, 2, 2, 2, 2, 2, 2, 2, 2, 2, 2, 2, 2, 2, 2, 2, 2, 2, 2, 2, 2, 2, 2, 2, 2, 2, 2, 3, 3, 2, 3, 2, 2, 3, 3, 3, 2, 2, 3, 3, 3, 3, 3, 3, 3, 3, 3, 3, 3, 3, 3, 3, 3, 3, 3, 3, 3, 3, 3, 3, 3, 3, 3, 3, 3, 3, 3, 3, 3, 3, 1, 3, 1, 1, 3, 1, 1, 1, 1, 1, 1, 1, 1, 1, 1, 1, 1, 1, 1, 1, 1, 1, 1, 1, 1, 1, 1, 1, 1, 1, 1, 1, 1, 1, 1, 1, 0, 1, 1, 1, 0, 1, 0, 1, 0, 0, 0, 0, 0, 0, 0, 0, 1, 0, 0, 0, 0, 0, 0, 0, 0, 0, 0, 0, 0, 0, 0, 0, 0, 0, 0, 0, 0, 0, 0, 0, 0, 0, 0, 0, 0, 0] 
dagN10.txt 1234x1.txt True 0.2650103519668737 0.6 1095.0 [2, 2, 2, 2, 2, 2, 2, 2, 2, 2, 2, 2, 2, 2, 2, 2, 2, 2, 2, 2, 2, 2, 2, 2, 2, 2, 2, 2, 2, 2, 2, 2, 2, 2, 2, 3, 3, 2, 3, 2, 2, 3, 3, 3, 2, 2, 3, 3, 3, 3, 3, 3, 3, 3, 3, 3, 3, 3, 3, 3, 3, 3, 3, 3, 3, 3, 3, 3, 3, 3, 3, 3, 3, 3, 3, 3, 3, 3, 1, 3, 1, 1, 3, 1, 1, 1, 1, 1, 1, 1, 1, 1, 1, 1, 1, 1, 1, 1, 1, 1, 1, 1, 1, 1, 1, 1, 1, 1, 1, 1, 1, 1, 1, 1, 0, 1, 1, 1, 0, 1, 0, 1, 0, 0, 0, 0, 0, 0, 0, 0, 1, 0, 0, 0, 0, 0, 0, 0, 0, 0, 0, 0, 0, 0, 0, 0, 0, 0, 0, 0, 0, 0, 0, 0, 0, 0, 0, 0, 0, 0] 
dagN10.txt 1234x1.txt True 0.2650103519668737 0.7 1095.0 [2, 2, 2, 2, 2, 2, 2, 2, 2, 2, 2, 2, 2, 2, 2, 2, 2, 2, 2, 2, 2, 2, 2, 2, 2, 2, 2, 2, 2, 2, 2, 2, 2, 2, 2, 3, 3, 2, 3, 2, 2, 3, 3, 3, 2, 2, 3, 3, 3, 3, 3, 3, 3, 3, 3, 3, 3, 3, 3, 3, 3, 3, 3, 3, 3, 3, 3, 3, 3, 3, 3, 3, 3, 3, 3, 3, 3, 3, 1, 3, 1, 1, 3, 1, 1, 1, 1, 1, 1, 1, 1, 1, 1, 1, 1, 1, 1, 1, 1, 1, 1, 1, 1, 1, 1, 1, 1, 1, 1, 1, 1, 1, 1, 1, 0, 1, 1, 1, 0, 1, 0, 1, 0, 0, 0, 0, 0, 0, 0, 0, 1, 0, 0, 0, 0, 0, 0, 0, 0, 0, 0, 0, 0, 0, 0, 0, 0, 0, 0, 0, 0, 0, 0, 0, 0, 0, 0, 0, 0, 0] 
dagN10.txt 1234x1.txt True 0.2650103519668737 0.8 1095.0 [2, 2, 2, 2, 2, 2, 2, 2, 2, 2, 2, 2, 2, 2, 2, 2, 2, 2, 2, 2, 2, 2, 2, 2, 2, 2, 2, 2, 2, 2, 2, 2, 2, 2, 2, 3, 3, 2, 3, 2, 2, 3, 3, 3, 2, 2, 3, 3, 3, 3, 3, 3, 3, 3, 3, 3, 3, 3, 3, 3, 3, 3, 3, 3, 3, 3, 3, 3, 3, 3, 3, 3, 3, 3, 3, 3, 3, 3, 1, 3, 1, 1, 3, 1, 1, 1, 1, 1, 1, 1, 1, 1, 1, 1, 1, 1, 1, 1, 1, 1, 1, 1, 1, 1, 1, 1, 1, 1, 1, 1, 1, 1, 1, 1, 0, 1, 1, 1, 0, 1, 0, 1, 0, 0, 0, 0, 0, 0, 0, 0, 1, 0, 0, 0, 0, 0, 0, 0, 0, 0, 0, 0, 0, 0, 0, 0, 0, 0, 0, 0, 0, 0, 0, 0, 0, 0, 0, 0, 0, 0] 
dagN10.txt 1234x1.txt True 0.2650103519668737 0.9 1095.0 [2, 2, 2, 2, 2, 2, 2, 2, 2, 2, 2, 2, 2, 2, 2, 2, 2, 2, 2, 2, 2, 2, 2, 2, 2, 2, 2, 2, 2, 2, 2, 2, 2, 2, 2, 3, 3, 2, 3, 2, 2, 3, 3, 3, 2, 2, 3, 3, 3, 3, 3, 3, 3, 3, 3, 3, 3, 3, 3, 3, 3, 3, 3, 3, 3, 3, 3, 3, 3, 3, 3, 3, 3, 3, 3, 3, 3, 3, 1, 3, 1, 1, 3, 1, 1, 1, 1, 1, 1, 1, 1, 1, 1, 1, 1, 1, 1, 1, 1, 1, 1, 1, 1, 1, 1, 1, 1, 1, 1, 1, 1, 1, 1, 1, 0, 1, 1, 1, 0, 1, 0, 1, 0, 0, 0, 0, 0, 0, 0, 0, 1, 0, 0, 0, 0, 0, 0, 0, 0, 0, 0, 0, 0, 0, 0, 0, 0, 0, 0, 0, 0, 0, 0, 0, 0, 0, 0, 0, 0, 0] 
dagN10.txt 1234x1.txt True 0.2650103519668737 1 1095.0 [2, 2, 2, 2, 2, 2, 2, 2, 2, 2, 2, 2, 2, 2, 2, 2, 2, 2, 2, 2, 2, 2, 2, 2, 2, 2, 2, 2, 2, 2, 2, 2, 2, 2, 2, 3, 3, 2, 3, 2, 2, 3, 3, 3, 2, 2, 3, 3, 3, 3, 3, 3, 3, 3, 3, 3, 3, 3, 3, 3, 3, 3, 3, 3, 3, 3, 3, 3, 3, 3, 3, 3, 3, 3, 3, 3, 3, 3, 1, 3, 1, 1, 3, 1, 1, 1, 1, 1, 1, 1, 1, 1, 1, 1, 1, 1, 1, 1, 1, 1, 1, 1, 1, 1, 1, 1, 1, 1, 1, 1, 1, 1, 1, 1, 0, 1, 1, 1, 0, 1, 0, 1, 0, 0, 0, 0, 0, 0, 0, 0, 1, 0, 0, 0, 0, 0, 0, 0, 0, 0, 0, 0, 0, 0, 0, 0, 0, 0, 0, 0, 0, 0, 0, 0, 0, 0, 0, 0, 0, 0] 
dagN10.txt 1234x1.txt True 0.2650103519668737 0.5 1095.0 [2, 2, 2, 2, 2, 2, 2, 2, 2, 2, 2, 2, 2, 2, 2, 2, 2, 2, 2, 2, 2, 2, 2, 2, 2, 2, 2, 2, 2, 2, 2, 2, 2, 2, 2, 3, 3, 2, 3, 2, 2, 3, 3, 3, 2, 2, 3, 3, 3, 3, 3, 3, 3, 3, 3, 3, 3, 3, 3, 3, 3, 3, 3, 3, 3, 3, 3, 3, 3, 3, 3, 3, 3, 3, 3, 3, 3, 3, 1, 3, 1, 1, 3, 1, 1, 1, 1, 1, 1, 1, 1, 1, 1, 1, 1, 1, 1, 1, 1, 1, 1, 1, 1, 1, 1, 1, 1, 1, 1, 1, 1, 1, 1, 1, 0, 1, 1, 1, 0, 1, 0, 1, 0, 0, 0, 0, 0, 0, 0, 0, 1, 0, 0, 0, 0, 0, 0, 0, 0, 0, 0, 0, 0, 0, 0, 0, 0, 0, 0, 0, 0, 0, 0, 0, 0, 0, 0, 0, 0, 0] 
dagN10.txt 1234x1.txt True 0.2650103519668737 0.6 1095.0 [2, 2, 2, 2, 2, 2, 2, 2, 2, 2, 2, 2, 2, 2, 2, 2, 2, 2, 2, 2, 2, 2, 2, 2, 2, 2, 2, 2, 2, 2, 2, 2, 2, 2, 2, 3, 3, 2, 3, 2, 2, 3, 3, 3, 2, 2, 3, 3, 3, 3, 3, 3, 3, 3, 3, 3, 3, 3, 3, 3, 3, 3, 3, 3, 3, 3, 3, 3, 3, 3, 3, 3, 3, 3, 3, 3, 3, 3, 1, 3, 1, 1, 3, 1, 1, 1, 1, 1, 1, 1, 1, 1, 1, 1, 1, 1, 1, 1, 1, 1, 1, 1, 1, 1, 1, 1, 1, 1, 1, 1, 1, 1, 1, 1, 0, 1, 1, 1, 0, 1, 0, 1, 0, 0, 0, 0, 0, 0, 0, 0, 1, 0, 0, 0, 0, 0, 0, 0, 0, 0, 0, 0, 0, 0, 0, 0, 0, 0, 0, 0, 0, 0, 0, 0, 0, 0, 0, 0, 0, 0] 
dagN10.txt 1234x1.txt True 0.2650103519668737 0.7 1095.0 [2, 2, 2, 2, 2, 2, 2, 2, 2, 2, 2, 2, 2, 2, 2, 2, 2, 2, 2, 2, 2, 2, 2, 2, 2, 2, 2, 2, 2, 2, 2, 2, 2, 2, 2, 3, 3, 2, 3, 2, 2, 3, 3, 3, 2, 2, 3, 3, 3, 3, 3, 3, 3, 3, 3, 3, 3, 3, 3, 3, 3, 3, 3, 3, 3, 3, 3, 3, 3, 3, 3, 3, 3, 3, 3, 3, 3, 3, 1, 3, 1, 1, 3, 1, 1, 1, 1, 1, 1, 1, 1, 1, 1, 1, 1, 1, 1, 1, 1, 1, 1, 1, 1, 1, 1, 1, 1, 1, 1, 1, 1, 1, 1, 1, 0, 1, 1, 1, 0, 1, 0, 1, 0, 0, 0, 0, 0, 0, 0, 0, 1, 0, 0, 0, 0, 0, 0, 0, 0, 0, 0, 0, 0, 0, 0, 0, 0, 0, 0, 0, 0, 0, 0, 0, 0, 0, 0, 0, 0, 0] 
dagN10.txt 1234x1.txt True 0.2650103519668737 0.8 1095.0 [2, 2, 2, 2, 2, 2, 2, 2, 2, 2, 2, 2, 2, 2, 2, 2, 2, 2, 2, 2, 2, 2, 2, 2, 2, 2, 2, 2, 2, 2, 2, 2, 2, 2, 2, 3, 3, 2, 3, 2, 2, 3, 3, 3, 2, 2, 3, 3, 3, 3, 3, 3, 3, 3, 3, 3, 3, 3, 3, 3, 3, 3, 3, 3, 3, 3, 3, 3, 3, 3, 3, 3, 3, 3, 3, 3, 3, 3, 1, 3, 1, 1, 3, 1, 1, 1, 1, 1, 1, 1, 1, 1, 1, 1, 1, 1, 1, 1, 1, 1, 1, 1, 1, 1, 1, 1, 1, 1, 1, 1, 1, 1, 1, 1, 0, 1, 1, 1, 0, 1, 0, 1, 0, 0, 0, 0, 0, 0, 0, 0, 1, 0, 0, 0, 0, 0, 0, 0, 0, 0, 0, 0, 0, 0, 0, 0, 0, 0, 0, 0, 0, 0, 0, 0, 0, 0, 0, 0, 0, 0] 
dagN10.txt 1234x1.txt True 0.2650103519668737 0.9 1095.0 [2, 2, 2, 2, 2, 2, 2, 2, 2, 2, 2, 2, 2, 2, 2, 2, 2, 2, 2, 2, 2, 2, 2, 2, 2, 2, 2, 2, 2, 2, 2, 2, 2, 2, 2, 3, 3, 2, 3, 2, 2, 3, 3, 3, 2, 2, 3, 3, 3, 3, 3, 3, 3, 3, 3, 3, 3, 3, 3, 3, 3, 3, 3, 3, 3, 3, 3, 3, 3, 3, 3, 3, 3, 3, 3, 3, 3, 3, 1, 3, 1, 1, 3, 1, 1, 1, 1, 1, 1, 1, 1, 1, 1, 1, 1, 1, 1, 1, 1, 1, 1, 1, 1, 1, 1, 1, 1, 1, 1, 1, 1, 1, 1, 1, 0, 1, 1, 1, 0, 1, 0, 1, 0, 0, 0, 0, 0, 0, 0, 0, 1, 0, 0, 0, 0, 0, 0, 0, 0, 0, 0, 0, 0, 0, 0, 0, 0, 0, 0, 0, 0, 0, 0, 0, 0, 0, 0, 0, 0, 0] 
dagN10.txt 1234x1.txt True 0.2650103519668737 1 1095.0 [2, 2, 2, 2, 2, 2, 2, 2, 2, 2, 2, 2, 2, 2, 2, 2, 2, 2, 2, 2, 2, 2, 2, 2, 2, 2, 2, 2, 2, 2, 2, 2, 2, 2, 2, 3, 3, 2, 3, 2, 2, 3, 3, 3, 2, 2, 3, 3, 3, 3, 3, 3, 3, 3, 3, 3, 3, 3, 3, 3, 3, 3, 3, 3, 3, 3, 3, 3, 3, 3, 3, 3, 3, 3, 3, 3, 3, 3, 1, 3, 1, 1, 3, 1, 1, 1, 1, 1, 1, 1, 1, 1, 1, 1, 1, 1, 1, 1, 1, 1, 1, 1, 1, 1, 1, 1, 1, 1, 1, 1, 1, 1, 1, 1, 0, 1, 1, 1, 0, 1, 0, 1, 0, 0, 0, 0, 0, 0, 0, 0, 1, 0, 0, 0, 0, 0, 0, 0, 0, 0, 0, 0, 0, 0, 0, 0, 0, 0, 0, 0, 0, 0, 0, 0, 0, 0, 0, 0, 0, 0] 
dagN10.txt 1234x1.txt True 0.2650103519668737 0.5 1095.0 [2, 2, 2, 2, 2, 2, 2, 2, 2, 2, 2, 2, 2, 2, 2, 2, 2, 2, 2, 2, 2, 2, 2, 2, 2, 2, 2, 2, 2, 2, 2, 2, 2, 2, 2, 3, 3, 2, 3, 2, 2, 3, 3, 3, 2, 2, 3, 3, 3, 3, 3, 3, 3, 3, 3, 3, 3, 3, 3, 3, 3, 3, 3, 3, 3, 3, 3, 3, 3, 3, 3, 3, 3, 3, 3, 3, 3, 3, 1, 3, 1, 1, 3, 1, 1, 1, 1, 1, 1, 1, 1, 1, 1, 1, 1, 1, 1, 1, 1, 1, 1, 1, 1, 1, 1, 1, 1, 1, 1, 1, 1, 1, 1, 1, 0, 1, 1, 1, 0, 1, 0, 1, 0, 0, 0, 0, 0, 0, 0, 0, 1, 0, 0, 0, 0, 0, 0, 0, 0, 0, 0, 0, 0, 0, 0, 0, 0, 0, 0, 0, 0, 0, 0, 0, 0, 0, 0, 0, 0, 0] 
dagN10.txt 1234x1.txt True 0.2650103519668737 0.6 1095.0 [2, 2, 2, 2, 2, 2, 2, 2, 2, 2, 2, 2, 2, 2, 2, 2, 2, 2, 2, 2, 2, 2, 2, 2, 2, 2, 2, 2, 2, 2, 2, 2, 2, 2, 2, 3, 3, 2, 3, 2, 2, 3, 3, 3, 2, 2, 3, 3, 3, 3, 3, 3, 3, 3, 3, 3, 3, 3, 3, 3, 3, 3, 3, 3, 3, 3, 3, 3, 3, 3, 3, 3, 3, 3, 3, 3, 3, 3, 1, 3, 1, 1, 3, 1, 1, 1, 1, 1, 1, 1, 1, 1, 1, 1, 1, 1, 1, 1, 1, 1, 1, 1, 1, 1, 1, 1, 1, 1, 1, 1, 1, 1, 1, 1, 0, 1, 1, 1, 0, 1, 0, 1, 0, 0, 0, 0, 0, 0, 0, 0, 1, 0, 0, 0, 0, 0, 0, 0, 0, 0, 0, 0, 0, 0, 0, 0, 0, 0, 0, 0, 0, 0, 0, 0, 0, 0, 0, 0, 0, 0] 
dagN10.txt 1234x1.txt True 0.2650103519668737 0.7 1095.0 [2, 2, 2, 2, 2, 2, 2, 2, 2, 2, 2, 2, 2, 2, 2, 2, 2, 2, 2, 2, 2, 2, 2, 2, 2, 2, 2, 2, 2, 2, 2, 2, 2, 2, 2, 3, 3, 2, 3, 2, 2, 3, 3, 3, 2, 2, 3, 3, 3, 3, 3, 3, 3, 3, 3, 3, 3, 3, 3, 3, 3, 3, 3, 3, 3, 3, 3, 3, 3, 3, 3, 3, 3, 3, 3, 3, 3, 3, 1, 3, 1, 1, 3, 1, 1, 1, 1, 1, 1, 1, 1, 1, 1, 1, 1, 1, 1, 1, 1, 1, 1, 1, 1, 1, 1, 1, 1, 1, 1, 1, 1, 1, 1, 1, 0, 1, 1, 1, 0, 1, 0, 1, 0, 0, 0, 0, 0, 0, 0, 0, 1, 0, 0, 0, 0, 0, 0, 0, 0, 0, 0, 0, 0, 0, 0, 0, 0, 0, 0, 0, 0, 0, 0, 0, 0, 0, 0, 0, 0, 0] 
dagN10.txt 1234x1.txt True 0.2650103519668737 0.8 1095.0 [2, 2, 2, 2, 2, 2, 2, 2, 2, 2, 2, 2, 2, 2, 2, 2, 2, 2, 2, 2, 2, 2, 2, 2, 2, 2, 2, 2, 2, 2, 2, 2, 2, 2, 2, 3, 3, 2, 3, 2, 2, 3, 3, 3, 2, 2, 3, 3, 3, 3, 3, 3, 3, 3, 3, 3, 3, 3, 3, 3, 3, 3, 3, 3, 3, 3, 3, 3, 3, 3, 3, 3, 3, 3, 3, 3, 3, 3, 1, 3, 1, 1, 3, 1, 1, 1, 1, 1, 1, 1, 1, 1, 1, 1, 1, 1, 1, 1, 1, 1, 1, 1, 1, 1, 1, 1, 1, 1, 1, 1, 1, 1, 1, 1, 0, 1, 1, 1, 0, 1, 0, 1, 0, 0, 0, 0, 0, 0, 0, 0, 1, 0, 0, 0, 0, 0, 0, 0, 0, 0, 0, 0, 0, 0, 0, 0, 0, 0, 0, 0, 0, 0, 0, 0, 0, 0, 0, 0, 0, 0] 
dagN10.txt 1234x1.txt True 0.2650103519668737 0.9 1095.0 [2, 2, 2, 2, 2, 2, 2, 2, 2, 2, 2, 2, 2, 2, 2, 2, 2, 2, 2, 2, 2, 2, 2, 2, 2, 2, 2, 2, 2, 2, 2, 2, 2, 2, 2, 3, 3, 2, 3, 2, 2, 3, 3, 3, 2, 2, 3, 3, 3, 3, 3, 3, 3, 3, 3, 3, 3, 3, 3, 3, 3, 3, 3, 3, 3, 3, 3, 3, 3, 3, 3, 3, 3, 3, 3, 3, 3, 3, 1, 3, 1, 1, 3, 1, 1, 1, 1, 1, 1, 1, 1, 1, 1, 1, 1, 1, 1, 1, 1, 1, 1, 1, 1, 1, 1, 1, 1, 1, 1, 1, 1, 1, 1, 1, 0, 1, 1, 1, 0, 1, 0, 1, 0, 0, 0, 0, 0, 0, 0, 0, 1, 0, 0, 0, 0, 0, 0, 0, 0, 0, 0, 0, 0, 0, 0, 0, 0, 0, 0, 0, 0, 0, 0, 0, 0, 0, 0, 0, 0, 0] 
dagN10.txt 1234x1.txt True 0.2650103519668737 1 1095.0 [2, 2, 2, 2, 2, 2, 2, 2, 2, 2, 2, 2, 2, 2, 2, 2, 2, 2, 2, 2, 2, 2, 2, 2, 2, 2, 2, 2, 2, 2, 2, 2, 2, 2, 2, 3, 3, 2, 3, 2, 2, 3, 3, 3, 2, 2, 3, 3, 3, 3, 3, 3, 3, 3, 3, 3, 3, 3, 3, 3, 3, 3, 3, 3, 3, 3, 3, 3, 3, 3, 3, 3, 3, 3, 3, 3, 3, 3, 1, 3, 1, 1, 3, 1, 1, 1, 1, 1, 1, 1, 1, 1, 1, 1, 1, 1, 1, 1, 1, 1, 1, 1, 1, 1, 1, 1, 1, 1, 1, 1, 1, 1, 1, 1, 0, 1, 1, 1, 0, 1, 0, 1, 0, 0, 0, 0, 0, 0, 0, 0, 1, 0, 0, 0, 0, 0, 0, 0, 0, 0, 0, 0, 0, 0, 0, 0, 0, 0, 0, 0, 0, 0, 0, 0, 0, 0, 0, 0, 0, 0] 
dagN10.txt 1234x1.txt True 0.2650103519668737 0.5 1095.0 [2, 2, 2, 2, 2, 2, 2, 2, 2, 2, 2, 2, 2, 2, 2, 2, 2, 2, 2, 2, 2, 2, 2, 2, 2, 2, 2, 2, 2, 2, 2, 2, 2, 2, 2, 3, 3, 2, 3, 2, 2, 3, 3, 3, 2, 2, 3, 3, 3, 3, 3, 3, 3, 3, 3, 3, 3, 3, 3, 3, 3, 3, 3, 3, 3, 3, 3, 3, 3, 3, 3, 3, 3, 3, 3, 3, 3, 3, 1, 3, 1, 1, 3, 1, 1, 1, 1, 1, 1, 1, 1, 1, 1, 1, 1, 1, 1, 1, 1, 1, 1, 1, 1, 1, 1, 1, 1, 1, 1, 1, 1, 1, 1, 1, 0, 1, 1, 1, 0, 1, 0, 1, 0, 0, 0, 0, 0, 0, 0, 0, 1, 0, 0, 0, 0, 0, 0, 0, 0, 0, 0, 0, 0, 0, 0, 0, 0, 0, 0, 0, 0, 0, 0, 0, 0, 0, 0, 0, 0, 0] 
dagN10.txt 1234x1.txt True 0.2650103519668737 0.6 1095.0 [2, 2, 2, 2, 2, 2, 2, 2, 2, 2, 2, 2, 2, 2, 2, 2, 2, 2, 2, 2, 2, 2, 2, 2, 2, 2, 2, 2, 2, 2, 2, 2, 2, 2, 2, 3, 3, 2, 3, 2, 2, 3, 3, 3, 2, 2, 3, 3, 3, 3, 3, 3, 3, 3, 3, 3, 3, 3, 3, 3, 3, 3, 3, 3, 3, 3, 3, 3, 3, 3, 3, 3, 3, 3, 3, 3, 3, 3, 1, 3, 1, 1, 3, 1, 1, 1, 1, 1, 1, 1, 1, 1, 1, 1, 1, 1, 1, 1, 1, 1, 1, 1, 1, 1, 1, 1, 1, 1, 1, 1, 1, 1, 1, 1, 0, 1, 1, 1, 0, 1, 0, 1, 0, 0, 0, 0, 0, 0, 0, 0, 1, 0, 0, 0, 0, 0, 0, 0, 0, 0, 0, 0, 0, 0, 0, 0, 0, 0, 0, 0, 0, 0, 0, 0, 0, 0, 0, 0, 0, 0] 
dagN10.txt 1234x1.txt True 0.2650103519668737 0.7 1095.0 [2, 2, 2, 2, 2, 2, 2, 2, 2, 2, 2, 2, 2, 2, 2, 2, 2, 2, 2, 2, 2, 2, 2, 2, 2, 2, 2, 2, 2, 2, 2, 2, 2, 2, 2, 3, 3, 2, 3, 2, 2, 3, 3, 3, 2, 2, 3, 3, 3, 3, 3, 3, 3, 3, 3, 3, 3, 3, 3, 3, 3, 3, 3, 3, 3, 3, 3, 3, 3, 3, 3, 3, 3, 3, 3, 3, 3, 3, 1, 3, 1, 1, 3, 1, 1, 1, 1, 1, 1, 1, 1, 1, 1, 1, 1, 1, 1, 1, 1, 1, 1, 1, 1, 1, 1, 1, 1, 1, 1, 1, 1, 1, 1, 1, 0, 1, 1, 1, 0, 1, 0, 1, 0, 0, 0, 0, 0, 0, 0, 0, 1, 0, 0, 0, 0, 0, 0, 0, 0, 0, 0, 0, 0, 0, 0, 0, 0, 0, 0, 0, 0, 0, 0, 0, 0, 0, 0, 0, 0, 0] 
dagN10.txt 1234x1.txt True 0.2650103519668737 0.8 1095.0 [2, 2, 2, 2, 2, 2, 2, 2, 2, 2, 2, 2, 2, 2, 2, 2, 2, 2, 2, 2, 2, 2, 2, 2, 2, 2, 2, 2, 2, 2, 2, 2, 2, 2, 2, 3, 3, 2, 3, 2, 2, 3, 3, 3, 2, 2, 3, 3, 3, 3, 3, 3, 3, 3, 3, 3, 3, 3, 3, 3, 3, 3, 3, 3, 3, 3, 3, 3, 3, 3, 3, 3, 3, 3, 3, 3, 3, 3, 1, 3, 1, 1, 3, 1, 1, 1, 1, 1, 1, 1, 1, 1, 1, 1, 1, 1, 1, 1, 1, 1, 1, 1, 1, 1, 1, 1, 1, 1, 1, 1, 1, 1, 1, 1, 0, 1, 1, 1, 0, 1, 0, 1, 0, 0, 0, 0, 0, 0, 0, 0, 1, 0, 0, 0, 0, 0, 0, 0, 0, 0, 0, 0, 0, 0, 0, 0, 0, 0, 0, 0, 0, 0, 0, 0, 0, 0, 0, 0, 0, 0] 
dagN10.txt 1234x1.txt True 0.2650103519668737 0.9 1095.0 [2, 2, 2, 2, 2, 2, 2, 2, 2, 2, 2, 2, 2, 2, 2, 2, 2, 2, 2, 2, 2, 2, 2, 2, 2, 2, 2, 2, 2, 2, 2, 2, 2, 2, 2, 3, 3, 2, 3, 2, 2, 3, 3, 3, 2, 2, 3, 3, 3, 3, 3, 3, 3, 3, 3, 3, 3, 3, 3, 3, 3, 3, 3, 3, 3, 3, 3, 3, 3, 3, 3, 3, 3, 3, 3, 3, 3, 3, 1, 3, 1, 1, 3, 1, 1, 1, 1, 1, 1, 1, 1, 1, 1, 1, 1, 1, 1, 1, 1, 1, 1, 1, 1, 1, 1, 1, 1, 1, 1, 1, 1, 1, 1, 1, 0, 1, 1, 1, 0, 1, 0, 1, 0, 0, 0, 0, 0, 0, 0, 0, 1, 0, 0, 0, 0, 0, 0, 0, 0, 0, 0, 0, 0, 0, 0, 0, 0, 0, 0, 0, 0, 0, 0, 0, 0, 0, 0, 0, 0, 0] 
dagN10.txt 1234x1.txt True 0.2650103519668737 1 1095.0 [2, 2, 2, 2, 2, 2, 2, 2, 2, 2, 2, 2, 2, 2, 2, 2, 2, 2, 2, 2, 2, 2, 2, 2, 2, 2, 2, 2, 2, 2, 2, 2, 2, 2, 2, 3, 3, 2, 3, 2, 2, 3, 3, 3, 2, 2, 3, 3, 3, 3, 3, 3, 3, 3, 3, 3, 3, 3, 3, 3, 3, 3, 3, 3, 3, 3, 3, 3, 3, 3, 3, 3, 3, 3, 3, 3, 3, 3, 1, 3, 1, 1, 3, 1, 1, 1, 1, 1, 1, 1, 1, 1, 1, 1, 1, 1, 1, 1, 1, 1, 1, 1, 1, 1, 1, 1, 1, 1, 1, 1, 1, 1, 1, 1, 0, 1, 1, 1, 0, 1, 0, 1, 0, 0, 0, 0, 0, 0, 0, 0, 1, 0, 0, 0, 0, 0, 0, 0, 0, 0, 0, 0, 0, 0, 0, 0, 0, 0, 0, 0, 0, 0, 0, 0, 0, 0, 0, 0, 0, 0] 
dagN10.txt 1234x1.txt True 0.2650103519668737 0.5 1095.0 [2, 2, 2, 2, 2, 2, 2, 2, 2, 2, 2, 2, 2, 2, 2, 2, 2, 2, 2, 2, 2, 2, 2, 2, 2, 2, 2, 2, 2, 2, 2, 2, 2, 2, 2, 3, 3, 2, 3, 2, 2, 3, 3, 3, 2, 2, 3, 3, 3, 3, 3, 3, 3, 3, 3, 3, 3, 3, 3, 3, 3, 3, 3, 3, 3, 3, 3, 3, 3, 3, 3, 3, 3, 3, 3, 3, 3, 3, 1, 3, 1, 1, 3, 1, 1, 1, 1, 1, 1, 1, 1, 1, 1, 1, 1, 1, 1, 1, 1, 1, 1, 1, 1, 1, 1, 1, 1, 1, 1, 1, 1, 1, 1, 1, 0, 1, 1, 1, 0, 1, 0, 1, 0, 0, 0, 0, 0, 0, 0, 0, 1, 0, 0, 0, 0, 0, 0, 0, 0, 0, 0, 0, 0, 0, 0, 0, 0, 0, 0, 0, 0, 0, 0, 0, 0, 0, 0, 0, 0, 0] 
dagN10.txt 1234x1.txt True 0.2650103519668737 0.6 1095.0 [2, 2, 2, 2, 2, 2, 2, 2, 2, 2, 2, 2, 2, 2, 2, 2, 2, 2, 2, 2, 2, 2, 2, 2, 2, 2, 2, 2, 2, 2, 2, 2, 2, 2, 2, 3, 3, 2, 3, 2, 2, 3, 3, 3, 2, 2, 3, 3, 3, 3, 3, 3, 3, 3, 3, 3, 3, 3, 3, 3, 3, 3, 3, 3, 3, 3, 3, 3, 3, 3, 3, 3, 3, 3, 3, 3, 3, 3, 1, 3, 1, 1, 3, 1, 1, 1, 1, 1, 1, 1, 1, 1, 1, 1, 1, 1, 1, 1, 1, 1, 1, 1, 1, 1, 1, 1, 1, 1, 1, 1, 1, 1, 1, 1, 0, 1, 1, 1, 0, 1, 0, 1, 0, 0, 0, 0, 0, 0, 0, 0, 1, 0, 0, 0, 0, 0, 0, 0, 0, 0, 0, 0, 0, 0, 0, 0, 0, 0, 0, 0, 0, 0, 0, 0, 0, 0, 0, 0, 0, 0] 
dagN10.txt 1234x1.txt True 0.2650103519668737 0.7 1095.0 [2, 2, 2, 2, 2, 2, 2, 2, 2, 2, 2, 2, 2, 2, 2, 2, 2, 2, 2, 2, 2, 2, 2, 2, 2, 2, 2, 2, 2, 2, 2, 2, 2, 2, 2, 3, 3, 2, 3, 2, 2, 3, 3, 3, 2, 2, 3, 3, 3, 3, 3, 3, 3, 3, 3, 3, 3, 3, 3, 3, 3, 3, 3, 3, 3, 3, 3, 3, 3, 3, 3, 3, 3, 3, 3, 3, 3, 3, 1, 3, 1, 1, 3, 1, 1, 1, 1, 1, 1, 1, 1, 1, 1, 1, 1, 1, 1, 1, 1, 1, 1, 1, 1, 1, 1, 1, 1, 1, 1, 1, 1, 1, 1, 1, 0, 1, 1, 1, 0, 1, 0, 1, 0, 0, 0, 0, 0, 0, 0, 0, 1, 0, 0, 0, 0, 0, 0, 0, 0, 0, 0, 0, 0, 0, 0, 0, 0, 0, 0, 0, 0, 0, 0, 0, 0, 0, 0, 0, 0, 0] 
dagN10.txt 1234x1.txt True 0.2650103519668737 0.8 1095.0 [2, 2, 2, 2, 2, 2, 2, 2, 2, 2, 2, 2, 2, 2, 2, 2, 2, 2, 2, 2, 2, 2, 2, 2, 2, 2, 2, 2, 2, 2, 2, 2, 2, 2, 2, 3, 3, 2, 3, 2, 2, 3, 3, 3, 2, 2, 3, 3, 3, 3, 3, 3, 3, 3, 3, 3, 3, 3, 3, 3, 3, 3, 3, 3, 3, 3, 3, 3, 3, 3, 3, 3, 3, 3, 3, 3, 3, 3, 1, 3, 1, 1, 3, 1, 1, 1, 1, 1, 1, 1, 1, 1, 1, 1, 1, 1, 1, 1, 1, 1, 1, 1, 1, 1, 1, 1, 1, 1, 1, 1, 1, 1, 1, 1, 0, 1, 1, 1, 0, 1, 0, 1, 0, 0, 0, 0, 0, 0, 0, 0, 1, 0, 0, 0, 0, 0, 0, 0, 0, 0, 0, 0, 0, 0, 0, 0, 0, 0, 0, 0, 0, 0, 0, 0, 0, 0, 0, 0, 0, 0] 
dagN10.txt 1234x1.txt True 0.2650103519668737 0.9 1095.0 [2, 2, 2, 2, 2, 2, 2, 2, 2, 2, 2, 2, 2, 2, 2, 2, 2, 2, 2, 2, 2, 2, 2, 2, 2, 2, 2, 2, 2, 2, 2, 2, 2, 2, 2, 3, 3, 2, 3, 2, 2, 3, 3, 3, 2, 2, 3, 3, 3, 3, 3, 3, 3, 3, 3, 3, 3, 3, 3, 3, 3, 3, 3, 3, 3, 3, 3, 3, 3, 3, 3, 3, 3, 3, 3, 3, 3, 3, 1, 3, 1, 1, 3, 1, 1, 1, 1, 1, 1, 1, 1, 1, 1, 1, 1, 1, 1, 1, 1, 1, 1, 1, 1, 1, 1, 1, 1, 1, 1, 1, 1, 1, 1, 1, 0, 1, 1, 1, 0, 1, 0, 1, 0, 0, 0, 0, 0, 0, 0, 0, 1, 0, 0, 0, 0, 0, 0, 0, 0, 0, 0, 0, 0, 0, 0, 0, 0, 0, 0, 0, 0, 0, 0, 0, 0, 0, 0, 0, 0, 0] 
dagN10.txt 1234x1.txt True 0.2650103519668737 1 1095.0 [2, 2, 2, 2, 2, 2, 2, 2, 2, 2, 2, 2, 2, 2, 2, 2, 2, 2, 2, 2, 2, 2, 2, 2, 2, 2, 2, 2, 2, 2, 2, 2, 2, 2, 2, 3, 3, 2, 3, 2, 2, 3, 3, 3, 2, 2, 3, 3, 3, 3, 3, 3, 3, 3, 3, 3, 3, 3, 3, 3, 3, 3, 3, 3, 3, 3, 3, 3, 3, 3, 3, 3, 3, 3, 3, 3, 3, 3, 1, 3, 1, 1, 3, 1, 1, 1, 1, 1, 1, 1, 1, 1, 1, 1, 1, 1, 1, 1, 1, 1, 1, 1, 1, 1, 1, 1, 1, 1, 1, 1, 1, 1, 1, 1, 0, 1, 1, 1, 0, 1, 0, 1, 0, 0, 0, 0, 0, 0, 0, 0, 1, 0, 0, 0, 0, 0, 0, 0, 0, 0, 0, 0, 0, 0, 0, 0, 0, 0, 0, 0, 0, 0, 0, 0, 0, 0, 0, 0, 0, 0] 
dagN10.txt 1234x3.txt True 0.4409937888198758 0.5 1154.0 [6, 6, 8, 8, 8, 8, 8, 8, 8, 8, 8, 8, 8, 8, 8, 7, 7, 8, 8, 7, 8, 8, 8, 9, 8, 8, 8, 8, 8, 8, 8, 8, 8, 8, 8, 8, 8, 8, 10, 8, 8, 8, 9, 8, 8, 8, 10, 8, 11, 8, 11, 11, 11, 11, 10, 11, 11, 11, 11, 11, 11, 11, 10, 11, 11, 11, 11, 11, 11, 11, 11, 11, 11, 11, 11, 11, 11, 11, 11, 11, 11, 2, 11, 11, 11, 11, 11, 2, 2, 2, 2, 1, 1, 0, 1, 11, 2, 2, 2, 2, 1, 2, 2, 2, 2, 2, 2, 2, 2, 2, 2, 2, 2, 2, 2, 2, 0, 2, 2, 2, 2, 2, 5, 5, 5, 5, 5, 5, 5, 5, 5, 5, 5, 5, 5, 5, 5, 5, 5, 5, 5, 5, 5, 5, 5, 5, 5, 5, 5, 5, 5, 4, 4, 5, 5, 5, 5, 5, 5, 4] 
dagN10.txt 1234x3.txt True 0.4409937888198758 0.6 1154.0 [6, 6, 8, 8, 8, 8, 8, 8, 8, 8, 8, 8, 8, 8, 8, 7, 7, 8, 8, 7, 8, 8, 8, 9, 8, 8, 8, 8, 8, 8, 8, 8, 8, 8, 8, 8, 8, 8, 10, 8, 8, 8, 9, 8, 8, 8, 10, 8, 11, 8, 11, 11, 11, 11, 10, 11, 11, 11, 11, 11, 11, 11, 10, 11, 11, 11, 11, 11, 11, 11, 11, 11, 11, 11, 11, 11, 11, 11, 11, 11, 11, 2, 11, 11, 11, 11, 11, 2, 2, 2, 2, 1, 1, 0, 1, 11, 2, 2, 2, 2, 1, 2, 2, 2, 2, 2, 2, 2, 2, 2, 2, 2, 2, 2, 2, 2, 0, 2, 2, 2, 2, 2, 5, 5, 5, 5, 5, 5, 5, 5, 5, 5, 5, 5, 5, 5, 5, 5, 5, 5, 5, 5, 5, 5, 5, 5, 5, 5, 5, 5, 5, 4, 4, 5, 5, 5, 5, 5, 5, 4] 
dagN10.txt 1234x3.txt True 0.6231884057971014 0.7 508.0 [1, 1, 1, 1, 1, 0, 1, 1, 1, 1, 1, 1, 1, 1, 0, 0, 0, 2, 2, 0, 1, 1, 2, 2, 2, 2, 2, 2, 0, 2, 2, 2, 2, 2, 2, 2, 2, 2, 2, 2, 2, 2, 2, 2, 2, 2, 5, 2, 3, 3, 4, 4, 5, 5, 5, 5, 4, 5, 4, 3, 4, 4, 5, 5, 3, 5, 3, 8, 4, 5, 4, 4, 5, 3, 8, 8, 5, 5, 8, 6, 7, 7, 8, 8, 8, 8, 8, 8, 8, 7, 7, 8, 8, 6, 8, 8, 7, 7, 7, 8, 8, 7, 7, 7, 7, 7, 7, 7, 7, 7, 7, 7, 7, 6, 7, 7, 6, 7, 7, 7, 7, 7, 10, 10, 6, 10, 10, 10, 10, 10, 10, 10, 10, 10, 10, 10, 9, 10, 10, 9, 10, 10, 10, 11, 10, 10, 9, 10, 10, 11, 9, 9, 9, 10, 11, 10, 10, 11, 10, 11] 
dagN10.txt 1234x3.txt True 0.7515527950310559 0.8 445.0 [4, 4, 4, 4, 5, 5, 5, 5, 4, 5, 5, 5, 5, 5, 4, 4, 4, 3, 3, 4, 4, 4, 5, 3, 5, 0, 0, 3, 4, 3, 0, 0, 0, 5, 0, 3, 3, 3, 3, 0, 3, 3, 0, 0, 0, 0, 3, 3, 0, 0, 2, 2, 1, 1, 3, 2, 0, 1, 6, 2, 2, 2, 1, 1, 1, 1, 2, 6, 2, 2, 1, 1, 2, 2, 1, 2, 1, 1, 6, 2, 8, 8, 6, 6, 2, 6, 6, 6, 6, 8, 8, 6, 6, 9, 6, 8, 8, 8, 8, 8, 6, 6, 8, 8, 7, 7, 7, 7, 8, 7, 7, 7, 11, 7, 10, 7, 9, 7, 7, 7, 10, 11, 10, 11, 7, 9, 9, 11, 10, 11, 7, 11, 11, 11, 9, 9, 10, 10, 9, 10, 9, 11, 10, 9, 10, 10, 9, 10, 10, 9, 10, 11, 11, 9, 9, 9, 10, 11, 11, 11] 
dagN10.txt 1234x3.txt True 0.855072463768116 0.9 399.0 [2, 3, 2, 1, 5, 9, 5, 0, 5, 9, 2, 5, 0, 5, 3, 3, 1, 9, 3, 1, 9, 0, 1, 1, 9, 1, 1, 0, 2, 3, 1, 0, 0, 2, 5, 1, 1, 5, 2, 5, 2, 3, 0, 9, 5, 0, 3, 1, 2, 2, 11, 3, 1, 11, 2, 2, 2, 9, 0, 0, 9, 11, 4, 3, 3, 2, 1, 0, 3, 5, 5, 4, 1, 9, 9, 9, 3, 2, 9, 8, 3, 11, 0, 5, 4, 8, 5, 8, 4, 8, 10, 0, 9, 8, 4, 8, 4, 7, 8, 11, 9, 10, 7, 11, 11, 10, 11, 11, 7, 10, 7, 8, 11, 8, 6, 4, 6, 10, 10, 4, 7, 8, 10, 7, 10, 8, 4, 11, 7, 7, 4, 7, 4, 7, 6, 8, 10, 10, 10, 11, 6, 7, 7, 4, 10, 6, 11, 6, 6, 6, 6, 6, 6, 10, 11, 8, 4, 6, 6, 7] 
dagN10.txt 1234x3.txt True 0.855072463768116 1 399.0 [2, 3, 2, 1, 5, 9, 5, 0, 5, 9, 2, 5, 0, 5, 3, 3, 1, 9, 3, 1, 9, 0, 1, 1, 9, 1, 1, 0, 2, 3, 1, 0, 0, 2, 5, 1, 1, 5, 2, 5, 2, 3, 0, 9, 5, 0, 3, 1, 2, 2, 11, 3, 1, 11, 2, 2, 2, 9, 0, 0, 9, 11, 4, 3, 3, 2, 1, 0, 3, 5, 5, 4, 1, 9, 9, 9, 3, 2, 9, 8, 3, 11, 0, 5, 4, 8, 5, 8, 4, 8, 10, 0, 9, 8, 4, 8, 4, 7, 8, 11, 9, 10, 7, 11, 11, 10, 11, 11, 7, 10, 7, 8, 11, 8, 6, 4, 6, 10, 10, 4, 7, 8, 10, 7, 10, 8, 4, 11, 7, 7, 4, 7, 4, 7, 6, 8, 10, 10, 10, 11, 6, 7, 7, 4, 10, 6, 11, 6, 6, 6, 6, 6, 6, 10, 11, 8, 4, 6, 6, 7] 
dagN10.txt 1234x3.txt True 0.4409937888198758 0.5 1154.0 [6, 6, 8, 8, 8, 8, 8, 8, 8, 8, 8, 8, 8, 8, 8, 7, 7, 8, 8, 7, 8, 8, 8, 9, 8, 8, 8, 8, 8, 8, 8, 8, 8, 8, 8, 8, 8, 8, 10, 8, 8, 8, 9, 8, 8, 8, 10, 8, 11, 8, 11, 11, 11, 11, 10, 11, 11, 11, 11, 11, 11, 11, 10, 11, 11, 11, 11, 11, 11, 11, 11, 11, 11, 11, 11, 11, 11, 11, 11, 11, 11, 2, 11, 11, 11, 11, 11, 2, 2, 2, 2, 1, 1, 0, 1, 11, 2, 2, 2, 2, 1, 2, 2, 2, 2, 2, 2, 2, 2, 2, 2, 2, 2, 2, 2, 2, 0, 2, 2, 2, 2, 2, 5, 5, 5, 5, 5, 5, 5, 5, 5, 5, 5, 5, 5, 5, 5, 5, 5, 5, 5, 5, 5, 5, 5, 5, 5, 5, 5, 5, 5, 4, 4, 5, 5, 5, 5, 5, 5, 4] 
dagN10.txt 1234x3.txt True 0.4409937888198758 0.6 1154.0 [6, 6, 8, 8, 8, 8, 8, 8, 8, 8, 8, 8, 8, 8, 8, 7, 7, 8, 8, 7, 8, 8, 8, 9, 8, 8, 8, 8, 8, 8, 8, 8, 8, 8, 8, 8, 8, 8, 10, 8, 8, 8, 9, 8, 8, 8, 10, 8, 11, 8, 11, 11, 11, 11, 10, 11, 11, 11, 11, 11, 11, 11, 10, 11, 11, 11, 11, 11, 11, 11, 11, 11, 11, 11, 11, 11, 11, 11, 11, 11, 11, 2, 11, 11, 11, 11, 11, 2, 2, 2, 2, 1, 1, 0, 1, 11, 2, 2, 2, 2, 1, 2, 2, 2, 2, 2, 2, 2, 2, 2, 2, 2, 2, 2, 2, 2, 0, 2, 2, 2, 2, 2, 5, 5, 5, 5, 5, 5, 5, 5, 5, 5, 5, 5, 5, 5, 5, 5, 5, 5, 5, 5, 5, 5, 5, 5, 5, 5, 5, 5, 5, 4, 4, 5, 5, 5, 5, 5, 5, 4] 
dagN10.txt 1234x3.txt True 0.6231884057971014 0.7 508.0 [1, 1, 1, 1, 1, 0, 1, 1, 1, 1, 1, 1, 1, 1, 0, 0, 0, 2, 2, 0, 1, 1, 2, 2, 2, 2, 2, 2, 0, 2, 2, 2, 2, 2, 2, 2, 2, 2, 2, 2, 2, 2, 2, 2, 2, 2, 5, 2, 3, 3, 4, 4, 5, 5, 5, 5, 4, 5, 4, 3, 4, 4, 5, 5, 3, 5, 3, 8, 4, 5, 4, 4, 5, 3, 8, 8, 5, 5, 8, 6, 7, 7, 8, 8, 8, 8, 8, 8, 8, 7, 7, 8, 8, 6, 8, 8, 7, 7, 7, 8, 8, 7, 7, 7, 7, 7, 7, 7, 7, 7, 7, 7, 7, 6, 7, 7, 6, 7, 7, 7, 7, 7, 10, 10, 6, 10, 10, 10, 10, 10, 10, 10, 10, 10, 10, 10, 9, 10, 10, 9, 10, 10, 10, 11, 10, 10, 9, 10, 10, 11, 9, 9, 9, 10, 11, 10, 10, 11, 10, 11] 
dagN10.txt 1234x3.txt True 0.7515527950310559 0.8 445.0 [4, 4, 4, 4, 5, 5, 5, 5, 4, 5, 5, 5, 5, 5, 4, 4, 4, 3, 3, 4, 4, 4, 5, 3, 5, 0, 0, 3, 4, 3, 0, 0, 0, 5, 0, 3, 3, 3, 3, 0, 3, 3, 0, 0, 0, 0, 3, 3, 0, 0, 2, 2, 1, 1, 3, 2, 0, 1, 6, 2, 2, 2, 1, 1, 1, 1, 2, 6, 2, 2, 1, 1, 2, 2, 1, 2, 1, 1, 6, 2, 8, 8, 6, 6, 2, 6, 6, 6, 6, 8, 8, 6, 6, 9, 6, 8, 8, 8, 8, 8, 6, 6, 8, 8, 7, 7, 7, 7, 8, 7, 7, 7, 11, 7, 10, 7, 9, 7, 7, 7, 10, 11, 10, 11, 7, 9, 9, 11, 10, 11, 7, 11, 11, 11, 9, 9, 10, 10, 9, 10, 9, 11, 10, 9, 10, 10, 9, 10, 10, 9, 10, 11, 11, 9, 9, 9, 10, 11, 11, 11] 
dagN10.txt 1234x3.txt True 0.855072463768116 0.9 399.0 [2, 3, 2, 1, 5, 9, 5, 0, 5, 9, 2, 5, 0, 5, 3, 3, 1, 9, 3, 1, 9, 0, 1, 1, 9, 1, 1, 0, 2, 3, 1, 0, 0, 2, 5, 1, 1, 5, 2, 5, 2, 3, 0, 9, 5, 0, 3, 1, 2, 2, 11, 3, 1, 11, 2, 2, 2, 9, 0, 0, 9, 11, 4, 3, 3, 2, 1, 0, 3, 5, 5, 4, 1, 9, 9, 9, 3, 2, 9, 8, 3, 11, 0, 5, 4, 8, 5, 8, 4, 8, 10, 0, 9, 8, 4, 8, 4, 7, 8, 11, 9, 10, 7, 11, 11, 10, 11, 11, 7, 10, 7, 8, 11, 8, 6, 4, 6, 10, 10, 4, 7, 8, 10, 7, 10, 8, 4, 11, 7, 7, 4, 7, 4, 7, 6, 8, 10, 10, 10, 11, 6, 7, 7, 4, 10, 6, 11, 6, 6, 6, 6, 6, 6, 10, 11, 8, 4, 6, 6, 7] 
dagN10.txt 1234x3.txt True 0.855072463768116 1 399.0 [2, 3, 2, 1, 5, 9, 5, 0, 5, 9, 2, 5, 0, 5, 3, 3, 1, 9, 3, 1, 9, 0, 1, 1, 9, 1, 1, 0, 2, 3, 1, 0, 0, 2, 5, 1, 1, 5, 2, 5, 2, 3, 0, 9, 5, 0, 3, 1, 2, 2, 11, 3, 1, 11, 2, 2, 2, 9, 0, 0, 9, 11, 4, 3, 3, 2, 1, 0, 3, 5, 5, 4, 1, 9, 9, 9, 3, 2, 9, 8, 3, 11, 0, 5, 4, 8, 5, 8, 4, 8, 10, 0, 9, 8, 4, 8, 4, 7, 8, 11, 9, 10, 7, 11, 11, 10, 11, 11, 7, 10, 7, 8, 11, 8, 6, 4, 6, 10, 10, 4, 7, 8, 10, 7, 10, 8, 4, 11, 7, 7, 4, 7, 4, 7, 6, 8, 10, 10, 10, 11, 6, 7, 7, 4, 10, 6, 11, 6, 6, 6, 6, 6, 6, 10, 11, 8, 4, 6, 6, 7] 
dagN10.txt 1234x3.txt True 0.4409937888198758 0.5 1154.0 [6, 6, 8, 8, 8, 8, 8, 8, 8, 8, 8, 8, 8, 8, 8, 7, 7, 8, 8, 7, 8, 8, 8, 9, 8, 8, 8, 8, 8, 8, 8, 8, 8, 8, 8, 8, 8, 8, 10, 8, 8, 8, 9, 8, 8, 8, 10, 8, 11, 8, 11, 11, 11, 11, 10, 11, 11, 11, 11, 11, 11, 11, 10, 11, 11, 11, 11, 11, 11, 11, 11, 11, 11, 11, 11, 11, 11, 11, 11, 11, 11, 2, 11, 11, 11, 11, 11, 2, 2, 2, 2, 1, 1, 0, 1, 11, 2, 2, 2, 2, 1, 2, 2, 2, 2, 2, 2, 2, 2, 2, 2, 2, 2, 2, 2, 2, 0, 2, 2, 2, 2, 2, 5, 5, 5, 5, 5, 5, 5, 5, 5, 5, 5, 5, 5, 5, 5, 5, 5, 5, 5, 5, 5, 5, 5, 5, 5, 5, 5, 5, 5, 4, 4, 5, 5, 5, 5, 5, 5, 4] 
dagN10.txt 1234x3.txt True 0.4409937888198758 0.6 1154.0 [6, 6, 8, 8, 8, 8, 8, 8, 8, 8, 8, 8, 8, 8, 8, 7, 7, 8, 8, 7, 8, 8, 8, 9, 8, 8, 8, 8, 8, 8, 8, 8, 8, 8, 8, 8, 8, 8, 10, 8, 8, 8, 9, 8, 8, 8, 10, 8, 11, 8, 11, 11, 11, 11, 10, 11, 11, 11, 11, 11, 11, 11, 10, 11, 11, 11, 11, 11, 11, 11, 11, 11, 11, 11, 11, 11, 11, 11, 11, 11, 11, 2, 11, 11, 11, 11, 11, 2, 2, 2, 2, 1, 1, 0, 1, 11, 2, 2, 2, 2, 1, 2, 2, 2, 2, 2, 2, 2, 2, 2, 2, 2, 2, 2, 2, 2, 0, 2, 2, 2, 2, 2, 5, 5, 5, 5, 5, 5, 5, 5, 5, 5, 5, 5, 5, 5, 5, 5, 5, 5, 5, 5, 5, 5, 5, 5, 5, 5, 5, 5, 5, 4, 4, 5, 5, 5, 5, 5, 5, 4] 
dagN10.txt 1234x3.txt True 0.6231884057971014 0.7 508.0 [1, 1, 1, 1, 1, 0, 1, 1, 1, 1, 1, 1, 1, 1, 0, 0, 0, 2, 2, 0, 1, 1, 2, 2, 2, 2, 2, 2, 0, 2, 2, 2, 2, 2, 2, 2, 2, 2, 2, 2, 2, 2, 2, 2, 2, 2, 5, 2, 3, 3, 4, 4, 5, 5, 5, 5, 4, 5, 4, 3, 4, 4, 5, 5, 3, 5, 3, 8, 4, 5, 4, 4, 5, 3, 8, 8, 5, 5, 8, 6, 7, 7, 8, 8, 8, 8, 8, 8, 8, 7, 7, 8, 8, 6, 8, 8, 7, 7, 7, 8, 8, 7, 7, 7, 7, 7, 7, 7, 7, 7, 7, 7, 7, 6, 7, 7, 6, 7, 7, 7, 7, 7, 10, 10, 6, 10, 10, 10, 10, 10, 10, 10, 10, 10, 10, 10, 9, 10, 10, 9, 10, 10, 10, 11, 10, 10, 9, 10, 10, 11, 9, 9, 9, 10, 11, 10, 10, 11, 10, 11] 
dagN10.txt 1234x3.txt True 0.7515527950310559 0.8 445.0 [4, 4, 4, 4, 5, 5, 5, 5, 4, 5, 5, 5, 5, 5, 4, 4, 4, 3, 3, 4, 4, 4, 5, 3, 5, 0, 0, 3, 4, 3, 0, 0, 0, 5, 0, 3, 3, 3, 3, 0, 3, 3, 0, 0, 0, 0, 3, 3, 0, 0, 2, 2, 1, 1, 3, 2, 0, 1, 6, 2, 2, 2, 1, 1, 1, 1, 2, 6, 2, 2, 1, 1, 2, 2, 1, 2, 1, 1, 6, 2, 8, 8, 6, 6, 2, 6, 6, 6, 6, 8, 8, 6, 6, 9, 6, 8, 8, 8, 8, 8, 6, 6, 8, 8, 7, 7, 7, 7, 8, 7, 7, 7, 11, 7, 10, 7, 9, 7, 7, 7, 10, 11, 10, 11, 7, 9, 9, 11, 10, 11, 7, 11, 11, 11, 9, 9, 10, 10, 9, 10, 9, 11, 10, 9, 10, 10, 9, 10, 10, 9, 10, 11, 11, 9, 9, 9, 10, 11, 11, 11] 
dagN10.txt 1234x3.txt True 0.855072463768116 0.9 399.0 [2, 3, 2, 1, 5, 9, 5, 0, 5, 9, 2, 5, 0, 5, 3, 3, 1, 9, 3, 1, 9, 0, 1, 1, 9, 1, 1, 0, 2, 3, 1, 0, 0, 2, 5, 1, 1, 5, 2, 5, 2, 3, 0, 9, 5, 0, 3, 1, 2, 2, 11, 3, 1, 11, 2, 2, 2, 9, 0, 0, 9, 11, 4, 3, 3, 2, 1, 0, 3, 5, 5, 4, 1, 9, 9, 9, 3, 2, 9, 8, 3, 11, 0, 5, 4, 8, 5, 8, 4, 8, 10, 0, 9, 8, 4, 8, 4, 7, 8, 11, 9, 10, 7, 11, 11, 10, 11, 11, 7, 10, 7, 8, 11, 8, 6, 4, 6, 10, 10, 4, 7, 8, 10, 7, 10, 8, 4, 11, 7, 7, 4, 7, 4, 7, 6, 8, 10, 10, 10, 11, 6, 7, 7, 4, 10, 6, 11, 6, 6, 6, 6, 6, 6, 10, 11, 8, 4, 6, 6, 7] 
dagN10.txt 1234x3.txt True 0.855072463768116 1 399.0 [2, 3, 2, 1, 5, 9, 5, 0, 5, 9, 2, 5, 0, 5, 3, 3, 1, 9, 3, 1, 9, 0, 1, 1, 9, 1, 1, 0, 2, 3, 1, 0, 0, 2, 5, 1, 1, 5, 2, 5, 2, 3, 0, 9, 5, 0, 3, 1, 2, 2, 11, 3, 1, 11, 2, 2, 2, 9, 0, 0, 9, 11, 4, 3, 3, 2, 1, 0, 3, 5, 5, 4, 1, 9, 9, 9, 3, 2, 9, 8, 3, 11, 0, 5, 4, 8, 5, 8, 4, 8, 10, 0, 9, 8, 4, 8, 4, 7, 8, 11, 9, 10, 7, 11, 11, 10, 11, 11, 7, 10, 7, 8, 11, 8, 6, 4, 6, 10, 10, 4, 7, 8, 10, 7, 10, 8, 4, 11, 7, 7, 4, 7, 4, 7, 6, 8, 10, 10, 10, 11, 6, 7, 7, 4, 10, 6, 11, 6, 6, 6, 6, 6, 6, 10, 11, 8, 4, 6, 6, 7] 
dagN10.txt 1234x3.txt True 0.4409937888198758 0.5 1154.0 [6, 6, 8, 8, 8, 8, 8, 8, 8, 8, 8, 8, 8, 8, 8, 7, 7, 8, 8, 7, 8, 8, 8, 9, 8, 8, 8, 8, 8, 8, 8, 8, 8, 8, 8, 8, 8, 8, 10, 8, 8, 8, 9, 8, 8, 8, 10, 8, 11, 8, 11, 11, 11, 11, 10, 11, 11, 11, 11, 11, 11, 11, 10, 11, 11, 11, 11, 11, 11, 11, 11, 11, 11, 11, 11, 11, 11, 11, 11, 11, 11, 2, 11, 11, 11, 11, 11, 2, 2, 2, 2, 1, 1, 0, 1, 11, 2, 2, 2, 2, 1, 2, 2, 2, 2, 2, 2, 2, 2, 2, 2, 2, 2, 2, 2, 2, 0, 2, 2, 2, 2, 2, 5, 5, 5, 5, 5, 5, 5, 5, 5, 5, 5, 5, 5, 5, 5, 5, 5, 5, 5, 5, 5, 5, 5, 5, 5, 5, 5, 5, 5, 4, 4, 5, 5, 5, 5, 5, 5, 4] 
dagN10.txt 1234x3.txt True 0.4409937888198758 0.6 1154.0 [6, 6, 8, 8, 8, 8, 8, 8, 8, 8, 8, 8, 8, 8, 8, 7, 7, 8, 8, 7, 8, 8, 8, 9, 8, 8, 8, 8, 8, 8, 8, 8, 8, 8, 8, 8, 8, 8, 10, 8, 8, 8, 9, 8, 8, 8, 10, 8, 11, 8, 11, 11, 11, 11, 10, 11, 11, 11, 11, 11, 11, 11, 10, 11, 11, 11, 11, 11, 11, 11, 11, 11, 11, 11, 11, 11, 11, 11, 11, 11, 11, 2, 11, 11, 11, 11, 11, 2, 2, 2, 2, 1, 1, 0, 1, 11, 2, 2, 2, 2, 1, 2, 2, 2, 2, 2, 2, 2, 2, 2, 2, 2, 2, 2, 2, 2, 0, 2, 2, 2, 2, 2, 5, 5, 5, 5, 5, 5, 5, 5, 5, 5, 5, 5, 5, 5, 5, 5, 5, 5, 5, 5, 5, 5, 5, 5, 5, 5, 5, 5, 5, 4, 4, 5, 5, 5, 5, 5, 5, 4] 
dagN10.txt 1234x3.txt True 0.6231884057971014 0.7 508.0 [1, 1, 1, 1, 1, 0, 1, 1, 1, 1, 1, 1, 1, 1, 0, 0, 0, 2, 2, 0, 1, 1, 2, 2, 2, 2, 2, 2, 0, 2, 2, 2, 2, 2, 2, 2, 2, 2, 2, 2, 2, 2, 2, 2, 2, 2, 5, 2, 3, 3, 4, 4, 5, 5, 5, 5, 4, 5, 4, 3, 4, 4, 5, 5, 3, 5, 3, 8, 4, 5, 4, 4, 5, 3, 8, 8, 5, 5, 8, 6, 7, 7, 8, 8, 8, 8, 8, 8, 8, 7, 7, 8, 8, 6, 8, 8, 7, 7, 7, 8, 8, 7, 7, 7, 7, 7, 7, 7, 7, 7, 7, 7, 7, 6, 7, 7, 6, 7, 7, 7, 7, 7, 10, 10, 6, 10, 10, 10, 10, 10, 10, 10, 10, 10, 10, 10, 9, 10, 10, 9, 10, 10, 10, 11, 10, 10, 9, 10, 10, 11, 9, 9, 9, 10, 11, 10, 10, 11, 10, 11] 
dagN10.txt 1234x3.txt True 0.7515527950310559 0.8 445.0 [4, 4, 4, 4, 5, 5, 5, 5, 4, 5, 5, 5, 5, 5, 4, 4, 4, 3, 3, 4, 4, 4, 5, 3, 5, 0, 0, 3, 4, 3, 0, 0, 0, 5, 0, 3, 3, 3, 3, 0, 3, 3, 0, 0, 0, 0, 3, 3, 0, 0, 2, 2, 1, 1, 3, 2, 0, 1, 6, 2, 2, 2, 1, 1, 1, 1, 2, 6, 2, 2, 1, 1, 2, 2, 1, 2, 1, 1, 6, 2, 8, 8, 6, 6, 2, 6, 6, 6, 6, 8, 8, 6, 6, 9, 6, 8, 8, 8, 8, 8, 6, 6, 8, 8, 7, 7, 7, 7, 8, 7, 7, 7, 11, 7, 10, 7, 9, 7, 7, 7, 10, 11, 10, 11, 7, 9, 9, 11, 10, 11, 7, 11, 11, 11, 9, 9, 10, 10, 9, 10, 9, 11, 10, 9, 10, 10, 9, 10, 10, 9, 10, 11, 11, 9, 9, 9, 10, 11, 11, 11] 
dagN10.txt 1234x3.txt True 0.855072463768116 0.9 399.0 [2, 3, 2, 1, 5, 9, 5, 0, 5, 9, 2, 5, 0, 5, 3, 3, 1, 9, 3, 1, 9, 0, 1, 1, 9, 1, 1, 0, 2, 3, 1, 0, 0, 2, 5, 1, 1, 5, 2, 5, 2, 3, 0, 9, 5, 0, 3, 1, 2, 2, 11, 3, 1, 11, 2, 2, 2, 9, 0, 0, 9, 11, 4, 3, 3, 2, 1, 0, 3, 5, 5, 4, 1, 9, 9, 9, 3, 2, 9, 8, 3, 11, 0, 5, 4, 8, 5, 8, 4, 8, 10, 0, 9, 8, 4, 8, 4, 7, 8, 11, 9, 10, 7, 11, 11, 10, 11, 11, 7, 10, 7, 8, 11, 8, 6, 4, 6, 10, 10, 4, 7, 8, 10, 7, 10, 8, 4, 11, 7, 7, 4, 7, 4, 7, 6, 8, 10, 10, 10, 11, 6, 7, 7, 4, 10, 6, 11, 6, 6, 6, 6, 6, 6, 10, 11, 8, 4, 6, 6, 7] 
dagN10.txt 1234x3.txt True 0.855072463768116 1 399.0 [2, 3, 2, 1, 5, 9, 5, 0, 5, 9, 2, 5, 0, 5, 3, 3, 1, 9, 3, 1, 9, 0, 1, 1, 9, 1, 1, 0, 2, 3, 1, 0, 0, 2, 5, 1, 1, 5, 2, 5, 2, 3, 0, 9, 5, 0, 3, 1, 2, 2, 11, 3, 1, 11, 2, 2, 2, 9, 0, 0, 9, 11, 4, 3, 3, 2, 1, 0, 3, 5, 5, 4, 1, 9, 9, 9, 3, 2, 9, 8, 3, 11, 0, 5, 4, 8, 5, 8, 4, 8, 10, 0, 9, 8, 4, 8, 4, 7, 8, 11, 9, 10, 7, 11, 11, 10, 11, 11, 7, 10, 7, 8, 11, 8, 6, 4, 6, 10, 10, 4, 7, 8, 10, 7, 10, 8, 4, 11, 7, 7, 4, 7, 4, 7, 6, 8, 10, 10, 10, 11, 6, 7, 7, 4, 10, 6, 11, 6, 6, 6, 6, 6, 6, 10, 11, 8, 4, 6, 6, 7] 
dagN10.txt 1234x3.txt True 0.4409937888198758 0.5 1154.0 [6, 6, 8, 8, 8, 8, 8, 8, 8, 8, 8, 8, 8, 8, 8, 7, 7, 8, 8, 7, 8, 8, 8, 9, 8, 8, 8, 8, 8, 8, 8, 8, 8, 8, 8, 8, 8, 8, 10, 8, 8, 8, 9, 8, 8, 8, 10, 8, 11, 8, 11, 11, 11, 11, 10, 11, 11, 11, 11, 11, 11, 11, 10, 11, 11, 11, 11, 11, 11, 11, 11, 11, 11, 11, 11, 11, 11, 11, 11, 11, 11, 2, 11, 11, 11, 11, 11, 2, 2, 2, 2, 1, 1, 0, 1, 11, 2, 2, 2, 2, 1, 2, 2, 2, 2, 2, 2, 2, 2, 2, 2, 2, 2, 2, 2, 2, 0, 2, 2, 2, 2, 2, 5, 5, 5, 5, 5, 5, 5, 5, 5, 5, 5, 5, 5, 5, 5, 5, 5, 5, 5, 5, 5, 5, 5, 5, 5, 5, 5, 5, 5, 4, 4, 5, 5, 5, 5, 5, 5, 4] 
dagN10.txt 1234x3.txt True 0.4409937888198758 0.6 1154.0 [6, 6, 8, 8, 8, 8, 8, 8, 8, 8, 8, 8, 8, 8, 8, 7, 7, 8, 8, 7, 8, 8, 8, 9, 8, 8, 8, 8, 8, 8, 8, 8, 8, 8, 8, 8, 8, 8, 10, 8, 8, 8, 9, 8, 8, 8, 10, 8, 11, 8, 11, 11, 11, 11, 10, 11, 11, 11, 11, 11, 11, 11, 10, 11, 11, 11, 11, 11, 11, 11, 11, 11, 11, 11, 11, 11, 11, 11, 11, 11, 11, 2, 11, 11, 11, 11, 11, 2, 2, 2, 2, 1, 1, 0, 1, 11, 2, 2, 2, 2, 1, 2, 2, 2, 2, 2, 2, 2, 2, 2, 2, 2, 2, 2, 2, 2, 0, 2, 2, 2, 2, 2, 5, 5, 5, 5, 5, 5, 5, 5, 5, 5, 5, 5, 5, 5, 5, 5, 5, 5, 5, 5, 5, 5, 5, 5, 5, 5, 5, 5, 5, 4, 4, 5, 5, 5, 5, 5, 5, 4] 
dagN10.txt 1234x3.txt True 0.6231884057971014 0.7 508.0 [1, 1, 1, 1, 1, 0, 1, 1, 1, 1, 1, 1, 1, 1, 0, 0, 0, 2, 2, 0, 1, 1, 2, 2, 2, 2, 2, 2, 0, 2, 2, 2, 2, 2, 2, 2, 2, 2, 2, 2, 2, 2, 2, 2, 2, 2, 5, 2, 3, 3, 4, 4, 5, 5, 5, 5, 4, 5, 4, 3, 4, 4, 5, 5, 3, 5, 3, 8, 4, 5, 4, 4, 5, 3, 8, 8, 5, 5, 8, 6, 7, 7, 8, 8, 8, 8, 8, 8, 8, 7, 7, 8, 8, 6, 8, 8, 7, 7, 7, 8, 8, 7, 7, 7, 7, 7, 7, 7, 7, 7, 7, 7, 7, 6, 7, 7, 6, 7, 7, 7, 7, 7, 10, 10, 6, 10, 10, 10, 10, 10, 10, 10, 10, 10, 10, 10, 9, 10, 10, 9, 10, 10, 10, 11, 10, 10, 9, 10, 10, 11, 9, 9, 9, 10, 11, 10, 10, 11, 10, 11] 
dagN10.txt 1234x3.txt True 0.7515527950310559 0.8 445.0 [4, 4, 4, 4, 5, 5, 5, 5, 4, 5, 5, 5, 5, 5, 4, 4, 4, 3, 3, 4, 4, 4, 5, 3, 5, 0, 0, 3, 4, 3, 0, 0, 0, 5, 0, 3, 3, 3, 3, 0, 3, 3, 0, 0, 0, 0, 3, 3, 0, 0, 2, 2, 1, 1, 3, 2, 0, 1, 6, 2, 2, 2, 1, 1, 1, 1, 2, 6, 2, 2, 1, 1, 2, 2, 1, 2, 1, 1, 6, 2, 8, 8, 6, 6, 2, 6, 6, 6, 6, 8, 8, 6, 6, 9, 6, 8, 8, 8, 8, 8, 6, 6, 8, 8, 7, 7, 7, 7, 8, 7, 7, 7, 11, 7, 10, 7, 9, 7, 7, 7, 10, 11, 10, 11, 7, 9, 9, 11, 10, 11, 7, 11, 11, 11, 9, 9, 10, 10, 9, 10, 9, 11, 10, 9, 10, 10, 9, 10, 10, 9, 10, 11, 11, 9, 9, 9, 10, 11, 11, 11] 
dagN10.txt 1234x3.txt True 0.855072463768116 0.9 399.0 [2, 3, 2, 1, 5, 9, 5, 0, 5, 9, 2, 5, 0, 5, 3, 3, 1, 9, 3, 1, 9, 0, 1, 1, 9, 1, 1, 0, 2, 3, 1, 0, 0, 2, 5, 1, 1, 5, 2, 5, 2, 3, 0, 9, 5, 0, 3, 1, 2, 2, 11, 3, 1, 11, 2, 2, 2, 9, 0, 0, 9, 11, 4, 3, 3, 2, 1, 0, 3, 5, 5, 4, 1, 9, 9, 9, 3, 2, 9, 8, 3, 11, 0, 5, 4, 8, 5, 8, 4, 8, 10, 0, 9, 8, 4, 8, 4, 7, 8, 11, 9, 10, 7, 11, 11, 10, 11, 11, 7, 10, 7, 8, 11, 8, 6, 4, 6, 10, 10, 4, 7, 8, 10, 7, 10, 8, 4, 11, 7, 7, 4, 7, 4, 7, 6, 8, 10, 10, 10, 11, 6, 7, 7, 4, 10, 6, 11, 6, 6, 6, 6, 6, 6, 10, 11, 8, 4, 6, 6, 7] 
dagN10.txt 1234x3.txt True 0.855072463768116 1 399.0 [2, 3, 2, 1, 5, 9, 5, 0, 5, 9, 2, 5, 0, 5, 3, 3, 1, 9, 3, 1, 9, 0, 1, 1, 9, 1, 1, 0, 2, 3, 1, 0, 0, 2, 5, 1, 1, 5, 2, 5, 2, 3, 0, 9, 5, 0, 3, 1, 2, 2, 11, 3, 1, 11, 2, 2, 2, 9, 0, 0, 9, 11, 4, 3, 3, 2, 1, 0, 3, 5, 5, 4, 1, 9, 9, 9, 3, 2, 9, 8, 3, 11, 0, 5, 4, 8, 5, 8, 4, 8, 10, 0, 9, 8, 4, 8, 4, 7, 8, 11, 9, 10, 7, 11, 11, 10, 11, 11, 7, 10, 7, 8, 11, 8, 6, 4, 6, 10, 10, 4, 7, 8, 10, 7, 10, 8, 4, 11, 7, 7, 4, 7, 4, 7, 6, 8, 10, 10, 10, 11, 6, 7, 7, 4, 10, 6, 11, 6, 6, 6, 6, 6, 6, 10, 11, 8, 4, 6, 6, 7] 
