dagN27.txt 1234x1.txt True 0.2748414376321353 0.5 1175.0 [1, 1, 1, 1, 1, 1, 1, 1, 1, 1, 1, 1, 1, 1, 1, 1, 1, 1, 1, 1, 1, 1, 1, 1, 1, 1, 1, 1, 1, 1, 1, 1, 1, 1, 1, 1, 1, 1, 0, 0, 0, 0, 0, 1, 0, 0, 0, 1, 0, 0, 0, 0, 0, 0, 0, 0, 0, 0, 0, 0, 0, 0, 0, 0, 0, 0, 0, 0, 0, 0, 0, 2, 0, 0, 0, 0, 0, 0, 0, 2, 0, 2, 2, 2, 0, 2, 2, 2, 2, 2, 2, 2, 2, 2, 2, 2, 2, 2, 2, 2, 2, 2, 2, 2, 2, 2, 2, 2, 2, 2, 2, 2, 2, 2, 2, 2, 2, 2, 2, 2, 3, 3, 3, 3, 3, 3, 3, 3, 3, 3, 3, 3, 3, 3, 3, 3, 3, 3, 3, 3, 3, 3, 3, 3, 3, 3, 3, 3, 3, 3, 3, 3, 3, 3, 3, 3, 3, 3, 3, 3] 
dagN27.txt 1234x1.txt True 0.2748414376321353 0.6 1175.0 [1, 1, 1, 1, 1, 1, 1, 1, 1, 1, 1, 1, 1, 1, 1, 1, 1, 1, 1, 1, 1, 1, 1, 1, 1, 1, 1, 1, 1, 1, 1, 1, 1, 1, 1, 1, 1, 1, 0, 0, 0, 0, 0, 1, 0, 0, 0, 1, 0, 0, 0, 0, 0, 0, 0, 0, 0, 0, 0, 0, 0, 0, 0, 0, 0, 0, 0, 0, 0, 0, 0, 2, 0, 0, 0, 0, 0, 0, 0, 2, 0, 2, 2, 2, 0, 2, 2, 2, 2, 2, 2, 2, 2, 2, 2, 2, 2, 2, 2, 2, 2, 2, 2, 2, 2, 2, 2, 2, 2, 2, 2, 2, 2, 2, 2, 2, 2, 2, 2, 2, 3, 3, 3, 3, 3, 3, 3, 3, 3, 3, 3, 3, 3, 3, 3, 3, 3, 3, 3, 3, 3, 3, 3, 3, 3, 3, 3, 3, 3, 3, 3, 3, 3, 3, 3, 3, 3, 3, 3, 3] 
dagN27.txt 1234x1.txt True 0.2748414376321353 0.7 1175.0 [1, 1, 1, 1, 1, 1, 1, 1, 1, 1, 1, 1, 1, 1, 1, 1, 1, 1, 1, 1, 1, 1, 1, 1, 1, 1, 1, 1, 1, 1, 1, 1, 1, 1, 1, 1, 1, 1, 0, 0, 0, 0, 0, 1, 0, 0, 0, 1, 0, 0, 0, 0, 0, 0, 0, 0, 0, 0, 0, 0, 0, 0, 0, 0, 0, 0, 0, 0, 0, 0, 0, 2, 0, 0, 0, 0, 0, 0, 0, 2, 0, 2, 2, 2, 0, 2, 2, 2, 2, 2, 2, 2, 2, 2, 2, 2, 2, 2, 2, 2, 2, 2, 2, 2, 2, 2, 2, 2, 2, 2, 2, 2, 2, 2, 2, 2, 2, 2, 2, 2, 3, 3, 3, 3, 3, 3, 3, 3, 3, 3, 3, 3, 3, 3, 3, 3, 3, 3, 3, 3, 3, 3, 3, 3, 3, 3, 3, 3, 3, 3, 3, 3, 3, 3, 3, 3, 3, 3, 3, 3] 
dagN27.txt 1234x1.txt True 0.2748414376321353 0.8 1175.0 [1, 1, 1, 1, 1, 1, 1, 1, 1, 1, 1, 1, 1, 1, 1, 1, 1, 1, 1, 1, 1, 1, 1, 1, 1, 1, 1, 1, 1, 1, 1, 1, 1, 1, 1, 1, 1, 1, 0, 0, 0, 0, 0, 1, 0, 0, 0, 1, 0, 0, 0, 0, 0, 0, 0, 0, 0, 0, 0, 0, 0, 0, 0, 0, 0, 0, 0, 0, 0, 0, 0, 2, 0, 0, 0, 0, 0, 0, 0, 2, 0, 2, 2, 2, 0, 2, 2, 2, 2, 2, 2, 2, 2, 2, 2, 2, 2, 2, 2, 2, 2, 2, 2, 2, 2, 2, 2, 2, 2, 2, 2, 2, 2, 2, 2, 2, 2, 2, 2, 2, 3, 3, 3, 3, 3, 3, 3, 3, 3, 3, 3, 3, 3, 3, 3, 3, 3, 3, 3, 3, 3, 3, 3, 3, 3, 3, 3, 3, 3, 3, 3, 3, 3, 3, 3, 3, 3, 3, 3, 3] 
dagN27.txt 1234x1.txt True 0.2748414376321353 0.9 1175.0 [1, 1, 1, 1, 1, 1, 1, 1, 1, 1, 1, 1, 1, 1, 1, 1, 1, 1, 1, 1, 1, 1, 1, 1, 1, 1, 1, 1, 1, 1, 1, 1, 1, 1, 1, 1, 1, 1, 0, 0, 0, 0, 0, 1, 0, 0, 0, 1, 0, 0, 0, 0, 0, 0, 0, 0, 0, 0, 0, 0, 0, 0, 0, 0, 0, 0, 0, 0, 0, 0, 0, 2, 0, 0, 0, 0, 0, 0, 0, 2, 0, 2, 2, 2, 0, 2, 2, 2, 2, 2, 2, 2, 2, 2, 2, 2, 2, 2, 2, 2, 2, 2, 2, 2, 2, 2, 2, 2, 2, 2, 2, 2, 2, 2, 2, 2, 2, 2, 2, 2, 3, 3, 3, 3, 3, 3, 3, 3, 3, 3, 3, 3, 3, 3, 3, 3, 3, 3, 3, 3, 3, 3, 3, 3, 3, 3, 3, 3, 3, 3, 3, 3, 3, 3, 3, 3, 3, 3, 3, 3] 
dagN27.txt 1234x1.txt True 0.2748414376321353 1 1175.0 [1, 1, 1, 1, 1, 1, 1, 1, 1, 1, 1, 1, 1, 1, 1, 1, 1, 1, 1, 1, 1, 1, 1, 1, 1, 1, 1, 1, 1, 1, 1, 1, 1, 1, 1, 1, 1, 1, 0, 0, 0, 0, 0, 1, 0, 0, 0, 1, 0, 0, 0, 0, 0, 0, 0, 0, 0, 0, 0, 0, 0, 0, 0, 0, 0, 0, 0, 0, 0, 0, 0, 2, 0, 0, 0, 0, 0, 0, 0, 2, 0, 2, 2, 2, 0, 2, 2, 2, 2, 2, 2, 2, 2, 2, 2, 2, 2, 2, 2, 2, 2, 2, 2, 2, 2, 2, 2, 2, 2, 2, 2, 2, 2, 2, 2, 2, 2, 2, 2, 2, 3, 3, 3, 3, 3, 3, 3, 3, 3, 3, 3, 3, 3, 3, 3, 3, 3, 3, 3, 3, 3, 3, 3, 3, 3, 3, 3, 3, 3, 3, 3, 3, 3, 3, 3, 3, 3, 3, 3, 3] 
dagN27.txt 1234x1.txt True 0.2748414376321353 0.5 1175.0 [1, 1, 1, 1, 1, 1, 1, 1, 1, 1, 1, 1, 1, 1, 1, 1, 1, 1, 1, 1, 1, 1, 1, 1, 1, 1, 1, 1, 1, 1, 1, 1, 1, 1, 1, 1, 1, 1, 0, 0, 0, 0, 0, 1, 0, 0, 0, 1, 0, 0, 0, 0, 0, 0, 0, 0, 0, 0, 0, 0, 0, 0, 0, 0, 0, 0, 0, 0, 0, 0, 0, 2, 0, 0, 0, 0, 0, 0, 0, 2, 0, 2, 2, 2, 0, 2, 2, 2, 2, 2, 2, 2, 2, 2, 2, 2, 2, 2, 2, 2, 2, 2, 2, 2, 2, 2, 2, 2, 2, 2, 2, 2, 2, 2, 2, 2, 2, 2, 2, 2, 3, 3, 3, 3, 3, 3, 3, 3, 3, 3, 3, 3, 3, 3, 3, 3, 3, 3, 3, 3, 3, 3, 3, 3, 3, 3, 3, 3, 3, 3, 3, 3, 3, 3, 3, 3, 3, 3, 3, 3] 
dagN27.txt 1234x1.txt True 0.2748414376321353 0.6 1175.0 [1, 1, 1, 1, 1, 1, 1, 1, 1, 1, 1, 1, 1, 1, 1, 1, 1, 1, 1, 1, 1, 1, 1, 1, 1, 1, 1, 1, 1, 1, 1, 1, 1, 1, 1, 1, 1, 1, 0, 0, 0, 0, 0, 1, 0, 0, 0, 1, 0, 0, 0, 0, 0, 0, 0, 0, 0, 0, 0, 0, 0, 0, 0, 0, 0, 0, 0, 0, 0, 0, 0, 2, 0, 0, 0, 0, 0, 0, 0, 2, 0, 2, 2, 2, 0, 2, 2, 2, 2, 2, 2, 2, 2, 2, 2, 2, 2, 2, 2, 2, 2, 2, 2, 2, 2, 2, 2, 2, 2, 2, 2, 2, 2, 2, 2, 2, 2, 2, 2, 2, 3, 3, 3, 3, 3, 3, 3, 3, 3, 3, 3, 3, 3, 3, 3, 3, 3, 3, 3, 3, 3, 3, 3, 3, 3, 3, 3, 3, 3, 3, 3, 3, 3, 3, 3, 3, 3, 3, 3, 3] 
dagN27.txt 1234x1.txt True 0.2748414376321353 0.7 1175.0 [1, 1, 1, 1, 1, 1, 1, 1, 1, 1, 1, 1, 1, 1, 1, 1, 1, 1, 1, 1, 1, 1, 1, 1, 1, 1, 1, 1, 1, 1, 1, 1, 1, 1, 1, 1, 1, 1, 0, 0, 0, 0, 0, 1, 0, 0, 0, 1, 0, 0, 0, 0, 0, 0, 0, 0, 0, 0, 0, 0, 0, 0, 0, 0, 0, 0, 0, 0, 0, 0, 0, 2, 0, 0, 0, 0, 0, 0, 0, 2, 0, 2, 2, 2, 0, 2, 2, 2, 2, 2, 2, 2, 2, 2, 2, 2, 2, 2, 2, 2, 2, 2, 2, 2, 2, 2, 2, 2, 2, 2, 2, 2, 2, 2, 2, 2, 2, 2, 2, 2, 3, 3, 3, 3, 3, 3, 3, 3, 3, 3, 3, 3, 3, 3, 3, 3, 3, 3, 3, 3, 3, 3, 3, 3, 3, 3, 3, 3, 3, 3, 3, 3, 3, 3, 3, 3, 3, 3, 3, 3] 
dagN27.txt 1234x1.txt True 0.2748414376321353 0.8 1175.0 [1, 1, 1, 1, 1, 1, 1, 1, 1, 1, 1, 1, 1, 1, 1, 1, 1, 1, 1, 1, 1, 1, 1, 1, 1, 1, 1, 1, 1, 1, 1, 1, 1, 1, 1, 1, 1, 1, 0, 0, 0, 0, 0, 1, 0, 0, 0, 1, 0, 0, 0, 0, 0, 0, 0, 0, 0, 0, 0, 0, 0, 0, 0, 0, 0, 0, 0, 0, 0, 0, 0, 2, 0, 0, 0, 0, 0, 0, 0, 2, 0, 2, 2, 2, 0, 2, 2, 2, 2, 2, 2, 2, 2, 2, 2, 2, 2, 2, 2, 2, 2, 2, 2, 2, 2, 2, 2, 2, 2, 2, 2, 2, 2, 2, 2, 2, 2, 2, 2, 2, 3, 3, 3, 3, 3, 3, 3, 3, 3, 3, 3, 3, 3, 3, 3, 3, 3, 3, 3, 3, 3, 3, 3, 3, 3, 3, 3, 3, 3, 3, 3, 3, 3, 3, 3, 3, 3, 3, 3, 3] 
dagN27.txt 1234x1.txt True 0.2748414376321353 0.9 1175.0 [1, 1, 1, 1, 1, 1, 1, 1, 1, 1, 1, 1, 1, 1, 1, 1, 1, 1, 1, 1, 1, 1, 1, 1, 1, 1, 1, 1, 1, 1, 1, 1, 1, 1, 1, 1, 1, 1, 0, 0, 0, 0, 0, 1, 0, 0, 0, 1, 0, 0, 0, 0, 0, 0, 0, 0, 0, 0, 0, 0, 0, 0, 0, 0, 0, 0, 0, 0, 0, 0, 0, 2, 0, 0, 0, 0, 0, 0, 0, 2, 0, 2, 2, 2, 0, 2, 2, 2, 2, 2, 2, 2, 2, 2, 2, 2, 2, 2, 2, 2, 2, 2, 2, 2, 2, 2, 2, 2, 2, 2, 2, 2, 2, 2, 2, 2, 2, 2, 2, 2, 3, 3, 3, 3, 3, 3, 3, 3, 3, 3, 3, 3, 3, 3, 3, 3, 3, 3, 3, 3, 3, 3, 3, 3, 3, 3, 3, 3, 3, 3, 3, 3, 3, 3, 3, 3, 3, 3, 3, 3] 
dagN27.txt 1234x1.txt True 0.2748414376321353 1 1175.0 [1, 1, 1, 1, 1, 1, 1, 1, 1, 1, 1, 1, 1, 1, 1, 1, 1, 1, 1, 1, 1, 1, 1, 1, 1, 1, 1, 1, 1, 1, 1, 1, 1, 1, 1, 1, 1, 1, 0, 0, 0, 0, 0, 1, 0, 0, 0, 1, 0, 0, 0, 0, 0, 0, 0, 0, 0, 0, 0, 0, 0, 0, 0, 0, 0, 0, 0, 0, 0, 0, 0, 2, 0, 0, 0, 0, 0, 0, 0, 2, 0, 2, 2, 2, 0, 2, 2, 2, 2, 2, 2, 2, 2, 2, 2, 2, 2, 2, 2, 2, 2, 2, 2, 2, 2, 2, 2, 2, 2, 2, 2, 2, 2, 2, 2, 2, 2, 2, 2, 2, 3, 3, 3, 3, 3, 3, 3, 3, 3, 3, 3, 3, 3, 3, 3, 3, 3, 3, 3, 3, 3, 3, 3, 3, 3, 3, 3, 3, 3, 3, 3, 3, 3, 3, 3, 3, 3, 3, 3, 3] 
dagN27.txt 1234x1.txt True 0.2748414376321353 0.5 1175.0 [1, 1, 1, 1, 1, 1, 1, 1, 1, 1, 1, 1, 1, 1, 1, 1, 1, 1, 1, 1, 1, 1, 1, 1, 1, 1, 1, 1, 1, 1, 1, 1, 1, 1, 1, 1, 1, 1, 0, 0, 0, 0, 0, 1, 0, 0, 0, 1, 0, 0, 0, 0, 0, 0, 0, 0, 0, 0, 0, 0, 0, 0, 0, 0, 0, 0, 0, 0, 0, 0, 0, 2, 0, 0, 0, 0, 0, 0, 0, 2, 0, 2, 2, 2, 0, 2, 2, 2, 2, 2, 2, 2, 2, 2, 2, 2, 2, 2, 2, 2, 2, 2, 2, 2, 2, 2, 2, 2, 2, 2, 2, 2, 2, 2, 2, 2, 2, 2, 2, 2, 3, 3, 3, 3, 3, 3, 3, 3, 3, 3, 3, 3, 3, 3, 3, 3, 3, 3, 3, 3, 3, 3, 3, 3, 3, 3, 3, 3, 3, 3, 3, 3, 3, 3, 3, 3, 3, 3, 3, 3] 
dagN27.txt 1234x1.txt True 0.2748414376321353 0.6 1175.0 [1, 1, 1, 1, 1, 1, 1, 1, 1, 1, 1, 1, 1, 1, 1, 1, 1, 1, 1, 1, 1, 1, 1, 1, 1, 1, 1, 1, 1, 1, 1, 1, 1, 1, 1, 1, 1, 1, 0, 0, 0, 0, 0, 1, 0, 0, 0, 1, 0, 0, 0, 0, 0, 0, 0, 0, 0, 0, 0, 0, 0, 0, 0, 0, 0, 0, 0, 0, 0, 0, 0, 2, 0, 0, 0, 0, 0, 0, 0, 2, 0, 2, 2, 2, 0, 2, 2, 2, 2, 2, 2, 2, 2, 2, 2, 2, 2, 2, 2, 2, 2, 2, 2, 2, 2, 2, 2, 2, 2, 2, 2, 2, 2, 2, 2, 2, 2, 2, 2, 2, 3, 3, 3, 3, 3, 3, 3, 3, 3, 3, 3, 3, 3, 3, 3, 3, 3, 3, 3, 3, 3, 3, 3, 3, 3, 3, 3, 3, 3, 3, 3, 3, 3, 3, 3, 3, 3, 3, 3, 3] 
dagN27.txt 1234x1.txt True 0.2748414376321353 0.7 1175.0 [1, 1, 1, 1, 1, 1, 1, 1, 1, 1, 1, 1, 1, 1, 1, 1, 1, 1, 1, 1, 1, 1, 1, 1, 1, 1, 1, 1, 1, 1, 1, 1, 1, 1, 1, 1, 1, 1, 0, 0, 0, 0, 0, 1, 0, 0, 0, 1, 0, 0, 0, 0, 0, 0, 0, 0, 0, 0, 0, 0, 0, 0, 0, 0, 0, 0, 0, 0, 0, 0, 0, 2, 0, 0, 0, 0, 0, 0, 0, 2, 0, 2, 2, 2, 0, 2, 2, 2, 2, 2, 2, 2, 2, 2, 2, 2, 2, 2, 2, 2, 2, 2, 2, 2, 2, 2, 2, 2, 2, 2, 2, 2, 2, 2, 2, 2, 2, 2, 2, 2, 3, 3, 3, 3, 3, 3, 3, 3, 3, 3, 3, 3, 3, 3, 3, 3, 3, 3, 3, 3, 3, 3, 3, 3, 3, 3, 3, 3, 3, 3, 3, 3, 3, 3, 3, 3, 3, 3, 3, 3] 
dagN27.txt 1234x1.txt True 0.2748414376321353 0.8 1175.0 [1, 1, 1, 1, 1, 1, 1, 1, 1, 1, 1, 1, 1, 1, 1, 1, 1, 1, 1, 1, 1, 1, 1, 1, 1, 1, 1, 1, 1, 1, 1, 1, 1, 1, 1, 1, 1, 1, 0, 0, 0, 0, 0, 1, 0, 0, 0, 1, 0, 0, 0, 0, 0, 0, 0, 0, 0, 0, 0, 0, 0, 0, 0, 0, 0, 0, 0, 0, 0, 0, 0, 2, 0, 0, 0, 0, 0, 0, 0, 2, 0, 2, 2, 2, 0, 2, 2, 2, 2, 2, 2, 2, 2, 2, 2, 2, 2, 2, 2, 2, 2, 2, 2, 2, 2, 2, 2, 2, 2, 2, 2, 2, 2, 2, 2, 2, 2, 2, 2, 2, 3, 3, 3, 3, 3, 3, 3, 3, 3, 3, 3, 3, 3, 3, 3, 3, 3, 3, 3, 3, 3, 3, 3, 3, 3, 3, 3, 3, 3, 3, 3, 3, 3, 3, 3, 3, 3, 3, 3, 3] 
dagN27.txt 1234x1.txt True 0.2748414376321353 0.9 1175.0 [1, 1, 1, 1, 1, 1, 1, 1, 1, 1, 1, 1, 1, 1, 1, 1, 1, 1, 1, 1, 1, 1, 1, 1, 1, 1, 1, 1, 1, 1, 1, 1, 1, 1, 1, 1, 1, 1, 0, 0, 0, 0, 0, 1, 0, 0, 0, 1, 0, 0, 0, 0, 0, 0, 0, 0, 0, 0, 0, 0, 0, 0, 0, 0, 0, 0, 0, 0, 0, 0, 0, 2, 0, 0, 0, 0, 0, 0, 0, 2, 0, 2, 2, 2, 0, 2, 2, 2, 2, 2, 2, 2, 2, 2, 2, 2, 2, 2, 2, 2, 2, 2, 2, 2, 2, 2, 2, 2, 2, 2, 2, 2, 2, 2, 2, 2, 2, 2, 2, 2, 3, 3, 3, 3, 3, 3, 3, 3, 3, 3, 3, 3, 3, 3, 3, 3, 3, 3, 3, 3, 3, 3, 3, 3, 3, 3, 3, 3, 3, 3, 3, 3, 3, 3, 3, 3, 3, 3, 3, 3] 
dagN27.txt 1234x1.txt True 0.2748414376321353 1 1175.0 [1, 1, 1, 1, 1, 1, 1, 1, 1, 1, 1, 1, 1, 1, 1, 1, 1, 1, 1, 1, 1, 1, 1, 1, 1, 1, 1, 1, 1, 1, 1, 1, 1, 1, 1, 1, 1, 1, 0, 0, 0, 0, 0, 1, 0, 0, 0, 1, 0, 0, 0, 0, 0, 0, 0, 0, 0, 0, 0, 0, 0, 0, 0, 0, 0, 0, 0, 0, 0, 0, 0, 2, 0, 0, 0, 0, 0, 0, 0, 2, 0, 2, 2, 2, 0, 2, 2, 2, 2, 2, 2, 2, 2, 2, 2, 2, 2, 2, 2, 2, 2, 2, 2, 2, 2, 2, 2, 2, 2, 2, 2, 2, 2, 2, 2, 2, 2, 2, 2, 2, 3, 3, 3, 3, 3, 3, 3, 3, 3, 3, 3, 3, 3, 3, 3, 3, 3, 3, 3, 3, 3, 3, 3, 3, 3, 3, 3, 3, 3, 3, 3, 3, 3, 3, 3, 3, 3, 3, 3, 3] 
dagN27.txt 1234x1.txt True 0.2748414376321353 0.5 1175.0 [1, 1, 1, 1, 1, 1, 1, 1, 1, 1, 1, 1, 1, 1, 1, 1, 1, 1, 1, 1, 1, 1, 1, 1, 1, 1, 1, 1, 1, 1, 1, 1, 1, 1, 1, 1, 1, 1, 0, 0, 0, 0, 0, 1, 0, 0, 0, 1, 0, 0, 0, 0, 0, 0, 0, 0, 0, 0, 0, 0, 0, 0, 0, 0, 0, 0, 0, 0, 0, 0, 0, 2, 0, 0, 0, 0, 0, 0, 0, 2, 0, 2, 2, 2, 0, 2, 2, 2, 2, 2, 2, 2, 2, 2, 2, 2, 2, 2, 2, 2, 2, 2, 2, 2, 2, 2, 2, 2, 2, 2, 2, 2, 2, 2, 2, 2, 2, 2, 2, 2, 3, 3, 3, 3, 3, 3, 3, 3, 3, 3, 3, 3, 3, 3, 3, 3, 3, 3, 3, 3, 3, 3, 3, 3, 3, 3, 3, 3, 3, 3, 3, 3, 3, 3, 3, 3, 3, 3, 3, 3] 
dagN27.txt 1234x1.txt True 0.2748414376321353 0.6 1175.0 [1, 1, 1, 1, 1, 1, 1, 1, 1, 1, 1, 1, 1, 1, 1, 1, 1, 1, 1, 1, 1, 1, 1, 1, 1, 1, 1, 1, 1, 1, 1, 1, 1, 1, 1, 1, 1, 1, 0, 0, 0, 0, 0, 1, 0, 0, 0, 1, 0, 0, 0, 0, 0, 0, 0, 0, 0, 0, 0, 0, 0, 0, 0, 0, 0, 0, 0, 0, 0, 0, 0, 2, 0, 0, 0, 0, 0, 0, 0, 2, 0, 2, 2, 2, 0, 2, 2, 2, 2, 2, 2, 2, 2, 2, 2, 2, 2, 2, 2, 2, 2, 2, 2, 2, 2, 2, 2, 2, 2, 2, 2, 2, 2, 2, 2, 2, 2, 2, 2, 2, 3, 3, 3, 3, 3, 3, 3, 3, 3, 3, 3, 3, 3, 3, 3, 3, 3, 3, 3, 3, 3, 3, 3, 3, 3, 3, 3, 3, 3, 3, 3, 3, 3, 3, 3, 3, 3, 3, 3, 3] 
dagN27.txt 1234x1.txt True 0.2748414376321353 0.7 1175.0 [1, 1, 1, 1, 1, 1, 1, 1, 1, 1, 1, 1, 1, 1, 1, 1, 1, 1, 1, 1, 1, 1, 1, 1, 1, 1, 1, 1, 1, 1, 1, 1, 1, 1, 1, 1, 1, 1, 0, 0, 0, 0, 0, 1, 0, 0, 0, 1, 0, 0, 0, 0, 0, 0, 0, 0, 0, 0, 0, 0, 0, 0, 0, 0, 0, 0, 0, 0, 0, 0, 0, 2, 0, 0, 0, 0, 0, 0, 0, 2, 0, 2, 2, 2, 0, 2, 2, 2, 2, 2, 2, 2, 2, 2, 2, 2, 2, 2, 2, 2, 2, 2, 2, 2, 2, 2, 2, 2, 2, 2, 2, 2, 2, 2, 2, 2, 2, 2, 2, 2, 3, 3, 3, 3, 3, 3, 3, 3, 3, 3, 3, 3, 3, 3, 3, 3, 3, 3, 3, 3, 3, 3, 3, 3, 3, 3, 3, 3, 3, 3, 3, 3, 3, 3, 3, 3, 3, 3, 3, 3] 
dagN27.txt 1234x1.txt True 0.2748414376321353 0.8 1175.0 [1, 1, 1, 1, 1, 1, 1, 1, 1, 1, 1, 1, 1, 1, 1, 1, 1, 1, 1, 1, 1, 1, 1, 1, 1, 1, 1, 1, 1, 1, 1, 1, 1, 1, 1, 1, 1, 1, 0, 0, 0, 0, 0, 1, 0, 0, 0, 1, 0, 0, 0, 0, 0, 0, 0, 0, 0, 0, 0, 0, 0, 0, 0, 0, 0, 0, 0, 0, 0, 0, 0, 2, 0, 0, 0, 0, 0, 0, 0, 2, 0, 2, 2, 2, 0, 2, 2, 2, 2, 2, 2, 2, 2, 2, 2, 2, 2, 2, 2, 2, 2, 2, 2, 2, 2, 2, 2, 2, 2, 2, 2, 2, 2, 2, 2, 2, 2, 2, 2, 2, 3, 3, 3, 3, 3, 3, 3, 3, 3, 3, 3, 3, 3, 3, 3, 3, 3, 3, 3, 3, 3, 3, 3, 3, 3, 3, 3, 3, 3, 3, 3, 3, 3, 3, 3, 3, 3, 3, 3, 3] 
dagN27.txt 1234x1.txt True 0.2748414376321353 0.9 1175.0 [1, 1, 1, 1, 1, 1, 1, 1, 1, 1, 1, 1, 1, 1, 1, 1, 1, 1, 1, 1, 1, 1, 1, 1, 1, 1, 1, 1, 1, 1, 1, 1, 1, 1, 1, 1, 1, 1, 0, 0, 0, 0, 0, 1, 0, 0, 0, 1, 0, 0, 0, 0, 0, 0, 0, 0, 0, 0, 0, 0, 0, 0, 0, 0, 0, 0, 0, 0, 0, 0, 0, 2, 0, 0, 0, 0, 0, 0, 0, 2, 0, 2, 2, 2, 0, 2, 2, 2, 2, 2, 2, 2, 2, 2, 2, 2, 2, 2, 2, 2, 2, 2, 2, 2, 2, 2, 2, 2, 2, 2, 2, 2, 2, 2, 2, 2, 2, 2, 2, 2, 3, 3, 3, 3, 3, 3, 3, 3, 3, 3, 3, 3, 3, 3, 3, 3, 3, 3, 3, 3, 3, 3, 3, 3, 3, 3, 3, 3, 3, 3, 3, 3, 3, 3, 3, 3, 3, 3, 3, 3] 
dagN27.txt 1234x1.txt True 0.2748414376321353 1 1175.0 [1, 1, 1, 1, 1, 1, 1, 1, 1, 1, 1, 1, 1, 1, 1, 1, 1, 1, 1, 1, 1, 1, 1, 1, 1, 1, 1, 1, 1, 1, 1, 1, 1, 1, 1, 1, 1, 1, 0, 0, 0, 0, 0, 1, 0, 0, 0, 1, 0, 0, 0, 0, 0, 0, 0, 0, 0, 0, 0, 0, 0, 0, 0, 0, 0, 0, 0, 0, 0, 0, 0, 2, 0, 0, 0, 0, 0, 0, 0, 2, 0, 2, 2, 2, 0, 2, 2, 2, 2, 2, 2, 2, 2, 2, 2, 2, 2, 2, 2, 2, 2, 2, 2, 2, 2, 2, 2, 2, 2, 2, 2, 2, 2, 2, 2, 2, 2, 2, 2, 2, 3, 3, 3, 3, 3, 3, 3, 3, 3, 3, 3, 3, 3, 3, 3, 3, 3, 3, 3, 3, 3, 3, 3, 3, 3, 3, 3, 3, 3, 3, 3, 3, 3, 3, 3, 3, 3, 3, 3, 3] 
dagN27.txt 1234x1.txt True 0.2748414376321353 0.5 1175.0 [1, 1, 1, 1, 1, 1, 1, 1, 1, 1, 1, 1, 1, 1, 1, 1, 1, 1, 1, 1, 1, 1, 1, 1, 1, 1, 1, 1, 1, 1, 1, 1, 1, 1, 1, 1, 1, 1, 0, 0, 0, 0, 0, 1, 0, 0, 0, 1, 0, 0, 0, 0, 0, 0, 0, 0, 0, 0, 0, 0, 0, 0, 0, 0, 0, 0, 0, 0, 0, 0, 0, 2, 0, 0, 0, 0, 0, 0, 0, 2, 0, 2, 2, 2, 0, 2, 2, 2, 2, 2, 2, 2, 2, 2, 2, 2, 2, 2, 2, 2, 2, 2, 2, 2, 2, 2, 2, 2, 2, 2, 2, 2, 2, 2, 2, 2, 2, 2, 2, 2, 3, 3, 3, 3, 3, 3, 3, 3, 3, 3, 3, 3, 3, 3, 3, 3, 3, 3, 3, 3, 3, 3, 3, 3, 3, 3, 3, 3, 3, 3, 3, 3, 3, 3, 3, 3, 3, 3, 3, 3] 
dagN27.txt 1234x1.txt True 0.2748414376321353 0.6 1175.0 [1, 1, 1, 1, 1, 1, 1, 1, 1, 1, 1, 1, 1, 1, 1, 1, 1, 1, 1, 1, 1, 1, 1, 1, 1, 1, 1, 1, 1, 1, 1, 1, 1, 1, 1, 1, 1, 1, 0, 0, 0, 0, 0, 1, 0, 0, 0, 1, 0, 0, 0, 0, 0, 0, 0, 0, 0, 0, 0, 0, 0, 0, 0, 0, 0, 0, 0, 0, 0, 0, 0, 2, 0, 0, 0, 0, 0, 0, 0, 2, 0, 2, 2, 2, 0, 2, 2, 2, 2, 2, 2, 2, 2, 2, 2, 2, 2, 2, 2, 2, 2, 2, 2, 2, 2, 2, 2, 2, 2, 2, 2, 2, 2, 2, 2, 2, 2, 2, 2, 2, 3, 3, 3, 3, 3, 3, 3, 3, 3, 3, 3, 3, 3, 3, 3, 3, 3, 3, 3, 3, 3, 3, 3, 3, 3, 3, 3, 3, 3, 3, 3, 3, 3, 3, 3, 3, 3, 3, 3, 3] 
dagN27.txt 1234x1.txt True 0.2748414376321353 0.7 1175.0 [1, 1, 1, 1, 1, 1, 1, 1, 1, 1, 1, 1, 1, 1, 1, 1, 1, 1, 1, 1, 1, 1, 1, 1, 1, 1, 1, 1, 1, 1, 1, 1, 1, 1, 1, 1, 1, 1, 0, 0, 0, 0, 0, 1, 0, 0, 0, 1, 0, 0, 0, 0, 0, 0, 0, 0, 0, 0, 0, 0, 0, 0, 0, 0, 0, 0, 0, 0, 0, 0, 0, 2, 0, 0, 0, 0, 0, 0, 0, 2, 0, 2, 2, 2, 0, 2, 2, 2, 2, 2, 2, 2, 2, 2, 2, 2, 2, 2, 2, 2, 2, 2, 2, 2, 2, 2, 2, 2, 2, 2, 2, 2, 2, 2, 2, 2, 2, 2, 2, 2, 3, 3, 3, 3, 3, 3, 3, 3, 3, 3, 3, 3, 3, 3, 3, 3, 3, 3, 3, 3, 3, 3, 3, 3, 3, 3, 3, 3, 3, 3, 3, 3, 3, 3, 3, 3, 3, 3, 3, 3] 
dagN27.txt 1234x1.txt True 0.2748414376321353 0.8 1175.0 [1, 1, 1, 1, 1, 1, 1, 1, 1, 1, 1, 1, 1, 1, 1, 1, 1, 1, 1, 1, 1, 1, 1, 1, 1, 1, 1, 1, 1, 1, 1, 1, 1, 1, 1, 1, 1, 1, 0, 0, 0, 0, 0, 1, 0, 0, 0, 1, 0, 0, 0, 0, 0, 0, 0, 0, 0, 0, 0, 0, 0, 0, 0, 0, 0, 0, 0, 0, 0, 0, 0, 2, 0, 0, 0, 0, 0, 0, 0, 2, 0, 2, 2, 2, 0, 2, 2, 2, 2, 2, 2, 2, 2, 2, 2, 2, 2, 2, 2, 2, 2, 2, 2, 2, 2, 2, 2, 2, 2, 2, 2, 2, 2, 2, 2, 2, 2, 2, 2, 2, 3, 3, 3, 3, 3, 3, 3, 3, 3, 3, 3, 3, 3, 3, 3, 3, 3, 3, 3, 3, 3, 3, 3, 3, 3, 3, 3, 3, 3, 3, 3, 3, 3, 3, 3, 3, 3, 3, 3, 3] 
dagN27.txt 1234x1.txt True 0.2748414376321353 0.9 1175.0 [1, 1, 1, 1, 1, 1, 1, 1, 1, 1, 1, 1, 1, 1, 1, 1, 1, 1, 1, 1, 1, 1, 1, 1, 1, 1, 1, 1, 1, 1, 1, 1, 1, 1, 1, 1, 1, 1, 0, 0, 0, 0, 0, 1, 0, 0, 0, 1, 0, 0, 0, 0, 0, 0, 0, 0, 0, 0, 0, 0, 0, 0, 0, 0, 0, 0, 0, 0, 0, 0, 0, 2, 0, 0, 0, 0, 0, 0, 0, 2, 0, 2, 2, 2, 0, 2, 2, 2, 2, 2, 2, 2, 2, 2, 2, 2, 2, 2, 2, 2, 2, 2, 2, 2, 2, 2, 2, 2, 2, 2, 2, 2, 2, 2, 2, 2, 2, 2, 2, 2, 3, 3, 3, 3, 3, 3, 3, 3, 3, 3, 3, 3, 3, 3, 3, 3, 3, 3, 3, 3, 3, 3, 3, 3, 3, 3, 3, 3, 3, 3, 3, 3, 3, 3, 3, 3, 3, 3, 3, 3] 
dagN27.txt 1234x1.txt True 0.2748414376321353 1 1175.0 [1, 1, 1, 1, 1, 1, 1, 1, 1, 1, 1, 1, 1, 1, 1, 1, 1, 1, 1, 1, 1, 1, 1, 1, 1, 1, 1, 1, 1, 1, 1, 1, 1, 1, 1, 1, 1, 1, 0, 0, 0, 0, 0, 1, 0, 0, 0, 1, 0, 0, 0, 0, 0, 0, 0, 0, 0, 0, 0, 0, 0, 0, 0, 0, 0, 0, 0, 0, 0, 0, 0, 2, 0, 0, 0, 0, 0, 0, 0, 2, 0, 2, 2, 2, 0, 2, 2, 2, 2, 2, 2, 2, 2, 2, 2, 2, 2, 2, 2, 2, 2, 2, 2, 2, 2, 2, 2, 2, 2, 2, 2, 2, 2, 2, 2, 2, 2, 2, 2, 2, 3, 3, 3, 3, 3, 3, 3, 3, 3, 3, 3, 3, 3, 3, 3, 3, 3, 3, 3, 3, 3, 3, 3, 3, 3, 3, 3, 3, 3, 3, 3, 3, 3, 3, 3, 3, 3, 3, 3, 3] 
dagN27.txt 1234x3.txt True 0.4164904862579281 0.5 1021.0 [8, 8, 8, 8, 8, 8, 8, 8, 8, 8, 8, 8, 8, 8, 8, 8, 8, 8, 8, 8, 8, 8, 9, 8, 8, 8, 8, 9, 7, 8, 8, 8, 8, 8, 9, 8, 9, 8, 10, 11, 10, 10, 11, 8, 11, 7, 11, 8, 11, 11, 11, 11, 11, 11, 11, 11, 11, 11, 11, 11, 11, 11, 11, 11, 11, 11, 11, 11, 11, 11, 11, 2, 11, 11, 11, 11, 11, 11, 11, 11, 11, 11, 11, 2, 11, 2, 2, 2, 2, 2, 2, 2, 2, 2, 2, 1, 2, 2, 5, 2, 2, 2, 2, 2, 2, 1, 2, 2, 2, 1, 2, 5, 2, 5, 5, 5, 5, 5, 5, 5, 5, 5, 5, 5, 1, 5, 5, 5, 5, 5, 5, 5, 5, 5, 5, 5, 5, 5, 5, 5, 5, 5, 5, 5, 3, 5, 5, 3, 4, 5, 4, 4, 5, 5, 3, 5, 3, 5, 5, 4] 
dagN27.txt 1234x3.txt True 0.4164904862579281 0.6 1021.0 [8, 8, 8, 8, 8, 8, 8, 8, 8, 8, 8, 8, 8, 8, 8, 8, 8, 8, 8, 8, 8, 8, 9, 8, 8, 8, 8, 9, 7, 8, 8, 8, 8, 8, 9, 8, 9, 8, 10, 11, 10, 10, 11, 8, 11, 7, 11, 8, 11, 11, 11, 11, 11, 11, 11, 11, 11, 11, 11, 11, 11, 11, 11, 11, 11, 11, 11, 11, 11, 11, 11, 2, 11, 11, 11, 11, 11, 11, 11, 11, 11, 11, 11, 2, 11, 2, 2, 2, 2, 2, 2, 2, 2, 2, 2, 1, 2, 2, 5, 2, 2, 2, 2, 2, 2, 1, 2, 2, 2, 1, 2, 5, 2, 5, 5, 5, 5, 5, 5, 5, 5, 5, 5, 5, 1, 5, 5, 5, 5, 5, 5, 5, 5, 5, 5, 5, 5, 5, 5, 5, 5, 5, 5, 5, 3, 5, 5, 3, 4, 5, 4, 4, 5, 5, 3, 5, 3, 5, 5, 4] 
dagN27.txt 1234x3.txt True 0.6955602536997886 0.7 617.0 [8, 8, 8, 7, 8, 7, 6, 8, 8, 7, 7, 7, 8, 6, 6, 7, 7, 7, 8, 8, 6, 8, 6, 8, 8, 6, 8, 6, 6, 8, 8, 6, 8, 8, 8, 6, 6, 8, 6, 9, 6, 6, 6, 8, 10, 9, 10, 10, 9, 9, 9, 6, 10, 11, 10, 10, 11, 6, 11, 9, 11, 10, 11, 11, 9, 9, 11, 11, 10, 11, 11, 11, 11, 11, 2, 11, 2, 11, 11, 11, 11, 2, 11, 0, 11, 0, 2, 2, 2, 2, 2, 0, 2, 2, 0, 1, 0, 0, 1, 2, 1, 2, 2, 2, 2, 1, 1, 4, 2, 1, 1, 1, 2, 1, 4, 4, 4, 4, 4, 0, 4, 4, 0, 4, 1, 2, 1, 4, 4, 4, 4, 4, 4, 4, 5, 4, 3, 5, 3, 5, 4, 3, 4, 5, 3, 3, 4, 3, 5, 5, 5, 5, 5, 5, 3, 5, 3, 5, 5, 5] 
dagN27.txt 1234x3.txt True 0.7463002114164905 0.8 396.0 [10, 11, 10, 11, 10, 11, 11, 11, 11, 11, 10, 10, 10, 10, 11, 10, 10, 10, 10, 10, 9, 10, 6, 11, 9, 9, 11, 6, 9, 9, 10, 9, 11, 9, 6, 9, 6, 11, 9, 9, 9, 9, 6, 9, 6, 9, 6, 6, 7, 7, 7, 7, 6, 8, 6, 6, 6, 8, 7, 7, 7, 6, 8, 7, 8, 7, 7, 8, 6, 7, 7, 3, 8, 8, 3, 7, 8, 8, 7, 4, 8, 8, 3, 3, 8, 3, 3, 8, 4, 3, 3, 3, 8, 3, 3, 4, 3, 3, 4, 5, 4, 5, 5, 5, 5, 4, 4, 5, 5, 4, 1, 4, 5, 5, 5, 5, 5, 5, 5, 1, 4, 2, 1, 1, 4, 1, 1, 1, 1, 2, 2, 2, 0, 1, 0, 2, 0, 2, 2, 2, 1, 0, 1, 1, 2, 0, 2, 2, 0, 0, 0, 0, 0, 0, 2, 0, 2, 2, 0, 0] 
dagN27.txt 1234x3.txt True 0.8372093023255814 0.9 402.0 [8, 11, 7, 8, 11, 9, 9, 7, 9, 11, 11, 7, 7, 11, 7, 9, 9, 7, 11, 10, 11, 7, 9, 8, 11, 11, 8, 9, 8, 7, 9, 9, 8, 9, 11, 8, 9, 11, 11, 4, 11, 9, 8, 7, 3, 4, 8, 7, 7, 3, 4, 10, 8, 8, 8, 6, 8, 6, 4, 4, 3, 6, 4, 3, 6, 7, 10, 7, 6, 3, 4, 1, 4, 4, 9, 7, 3, 4, 3, 10, 3, 10, 3, 4, 10, 4, 3, 10, 10, 5, 5, 1, 6, 2, 4, 3, 2, 10, 10, 5, 6, 5, 5, 5, 6, 1, 5, 2, 5, 1, 0, 5, 10, 10, 2, 0, 5, 6, 0, 10, 5, 6, 5, 2, 2, 3, 10, 2, 1, 1, 1, 6, 2, 2, 5, 2, 0, 2, 0, 1, 0, 1, 6, 6, 0, 0, 6, 1, 0, 0, 0, 0, 3, 0, 1, 2, 1, 2, 1, 0] 
dagN27.txt 1234x3.txt True 0.8372093023255814 1 402.0 [8, 11, 7, 8, 11, 9, 9, 7, 9, 11, 11, 7, 7, 11, 7, 9, 9, 7, 11, 10, 11, 7, 9, 8, 11, 11, 8, 9, 8, 7, 9, 9, 8, 9, 11, 8, 9, 11, 11, 4, 11, 9, 8, 7, 3, 4, 8, 7, 7, 3, 4, 10, 8, 8, 8, 6, 8, 6, 4, 4, 3, 6, 4, 3, 6, 7, 10, 7, 6, 3, 4, 1, 4, 4, 9, 7, 3, 4, 3, 10, 3, 10, 3, 4, 10, 4, 3, 10, 10, 5, 5, 1, 6, 2, 4, 3, 2, 10, 10, 5, 6, 5, 5, 5, 6, 1, 5, 2, 5, 1, 0, 5, 10, 10, 2, 0, 5, 6, 0, 10, 5, 6, 5, 2, 2, 3, 10, 2, 1, 1, 1, 6, 2, 2, 5, 2, 0, 2, 0, 1, 0, 1, 6, 6, 0, 0, 6, 1, 0, 0, 0, 0, 3, 0, 1, 2, 1, 2, 1, 0] 
dagN27.txt 1234x3.txt True 0.4164904862579281 0.5 1021.0 [8, 8, 8, 8, 8, 8, 8, 8, 8, 8, 8, 8, 8, 8, 8, 8, 8, 8, 8, 8, 8, 8, 9, 8, 8, 8, 8, 9, 7, 8, 8, 8, 8, 8, 9, 8, 9, 8, 10, 11, 10, 10, 11, 8, 11, 7, 11, 8, 11, 11, 11, 11, 11, 11, 11, 11, 11, 11, 11, 11, 11, 11, 11, 11, 11, 11, 11, 11, 11, 11, 11, 2, 11, 11, 11, 11, 11, 11, 11, 11, 11, 11, 11, 2, 11, 2, 2, 2, 2, 2, 2, 2, 2, 2, 2, 1, 2, 2, 5, 2, 2, 2, 2, 2, 2, 1, 2, 2, 2, 1, 2, 5, 2, 5, 5, 5, 5, 5, 5, 5, 5, 5, 5, 5, 1, 5, 5, 5, 5, 5, 5, 5, 5, 5, 5, 5, 5, 5, 5, 5, 5, 5, 5, 5, 3, 5, 5, 3, 4, 5, 4, 4, 5, 5, 3, 5, 3, 5, 5, 4] 
dagN27.txt 1234x3.txt True 0.4164904862579281 0.6 1021.0 [8, 8, 8, 8, 8, 8, 8, 8, 8, 8, 8, 8, 8, 8, 8, 8, 8, 8, 8, 8, 8, 8, 9, 8, 8, 8, 8, 9, 7, 8, 8, 8, 8, 8, 9, 8, 9, 8, 10, 11, 10, 10, 11, 8, 11, 7, 11, 8, 11, 11, 11, 11, 11, 11, 11, 11, 11, 11, 11, 11, 11, 11, 11, 11, 11, 11, 11, 11, 11, 11, 11, 2, 11, 11, 11, 11, 11, 11, 11, 11, 11, 11, 11, 2, 11, 2, 2, 2, 2, 2, 2, 2, 2, 2, 2, 1, 2, 2, 5, 2, 2, 2, 2, 2, 2, 1, 2, 2, 2, 1, 2, 5, 2, 5, 5, 5, 5, 5, 5, 5, 5, 5, 5, 5, 1, 5, 5, 5, 5, 5, 5, 5, 5, 5, 5, 5, 5, 5, 5, 5, 5, 5, 5, 5, 3, 5, 5, 3, 4, 5, 4, 4, 5, 5, 3, 5, 3, 5, 5, 4] 
dagN27.txt 1234x3.txt True 0.6955602536997886 0.7 617.0 [8, 8, 8, 7, 8, 7, 6, 8, 8, 7, 7, 7, 8, 6, 6, 7, 7, 7, 8, 8, 6, 8, 6, 8, 8, 6, 8, 6, 6, 8, 8, 6, 8, 8, 8, 6, 6, 8, 6, 9, 6, 6, 6, 8, 10, 9, 10, 10, 9, 9, 9, 6, 10, 11, 10, 10, 11, 6, 11, 9, 11, 10, 11, 11, 9, 9, 11, 11, 10, 11, 11, 11, 11, 11, 2, 11, 2, 11, 11, 11, 11, 2, 11, 0, 11, 0, 2, 2, 2, 2, 2, 0, 2, 2, 0, 1, 0, 0, 1, 2, 1, 2, 2, 2, 2, 1, 1, 4, 2, 1, 1, 1, 2, 1, 4, 4, 4, 4, 4, 0, 4, 4, 0, 4, 1, 2, 1, 4, 4, 4, 4, 4, 4, 4, 5, 4, 3, 5, 3, 5, 4, 3, 4, 5, 3, 3, 4, 3, 5, 5, 5, 5, 5, 5, 3, 5, 3, 5, 5, 5] 
dagN27.txt 1234x3.txt True 0.7463002114164905 0.8 396.0 [10, 11, 10, 11, 10, 11, 11, 11, 11, 11, 10, 10, 10, 10, 11, 10, 10, 10, 10, 10, 9, 10, 6, 11, 9, 9, 11, 6, 9, 9, 10, 9, 11, 9, 6, 9, 6, 11, 9, 9, 9, 9, 6, 9, 6, 9, 6, 6, 7, 7, 7, 7, 6, 8, 6, 6, 6, 8, 7, 7, 7, 6, 8, 7, 8, 7, 7, 8, 6, 7, 7, 3, 8, 8, 3, 7, 8, 8, 7, 4, 8, 8, 3, 3, 8, 3, 3, 8, 4, 3, 3, 3, 8, 3, 3, 4, 3, 3, 4, 5, 4, 5, 5, 5, 5, 4, 4, 5, 5, 4, 1, 4, 5, 5, 5, 5, 5, 5, 5, 1, 4, 2, 1, 1, 4, 1, 1, 1, 1, 2, 2, 2, 0, 1, 0, 2, 0, 2, 2, 2, 1, 0, 1, 1, 2, 0, 2, 2, 0, 0, 0, 0, 0, 0, 2, 0, 2, 2, 0, 0] 
dagN27.txt 1234x3.txt True 0.8372093023255814 0.9 402.0 [8, 11, 7, 8, 11, 9, 9, 7, 9, 11, 11, 7, 7, 11, 7, 9, 9, 7, 11, 10, 11, 7, 9, 8, 11, 11, 8, 9, 8, 7, 9, 9, 8, 9, 11, 8, 9, 11, 11, 4, 11, 9, 8, 7, 3, 4, 8, 7, 7, 3, 4, 10, 8, 8, 8, 6, 8, 6, 4, 4, 3, 6, 4, 3, 6, 7, 10, 7, 6, 3, 4, 1, 4, 4, 9, 7, 3, 4, 3, 10, 3, 10, 3, 4, 10, 4, 3, 10, 10, 5, 5, 1, 6, 2, 4, 3, 2, 10, 10, 5, 6, 5, 5, 5, 6, 1, 5, 2, 5, 1, 0, 5, 10, 10, 2, 0, 5, 6, 0, 10, 5, 6, 5, 2, 2, 3, 10, 2, 1, 1, 1, 6, 2, 2, 5, 2, 0, 2, 0, 1, 0, 1, 6, 6, 0, 0, 6, 1, 0, 0, 0, 0, 3, 0, 1, 2, 1, 2, 1, 0] 
dagN27.txt 1234x3.txt True 0.8372093023255814 1 402.0 [8, 11, 7, 8, 11, 9, 9, 7, 9, 11, 11, 7, 7, 11, 7, 9, 9, 7, 11, 10, 11, 7, 9, 8, 11, 11, 8, 9, 8, 7, 9, 9, 8, 9, 11, 8, 9, 11, 11, 4, 11, 9, 8, 7, 3, 4, 8, 7, 7, 3, 4, 10, 8, 8, 8, 6, 8, 6, 4, 4, 3, 6, 4, 3, 6, 7, 10, 7, 6, 3, 4, 1, 4, 4, 9, 7, 3, 4, 3, 10, 3, 10, 3, 4, 10, 4, 3, 10, 10, 5, 5, 1, 6, 2, 4, 3, 2, 10, 10, 5, 6, 5, 5, 5, 6, 1, 5, 2, 5, 1, 0, 5, 10, 10, 2, 0, 5, 6, 0, 10, 5, 6, 5, 2, 2, 3, 10, 2, 1, 1, 1, 6, 2, 2, 5, 2, 0, 2, 0, 1, 0, 1, 6, 6, 0, 0, 6, 1, 0, 0, 0, 0, 3, 0, 1, 2, 1, 2, 1, 0] 
dagN27.txt 1234x3.txt True 0.4164904862579281 0.5 1021.0 [8, 8, 8, 8, 8, 8, 8, 8, 8, 8, 8, 8, 8, 8, 8, 8, 8, 8, 8, 8, 8, 8, 9, 8, 8, 8, 8, 9, 7, 8, 8, 8, 8, 8, 9, 8, 9, 8, 10, 11, 10, 10, 11, 8, 11, 7, 11, 8, 11, 11, 11, 11, 11, 11, 11, 11, 11, 11, 11, 11, 11, 11, 11, 11, 11, 11, 11, 11, 11, 11, 11, 2, 11, 11, 11, 11, 11, 11, 11, 11, 11, 11, 11, 2, 11, 2, 2, 2, 2, 2, 2, 2, 2, 2, 2, 1, 2, 2, 5, 2, 2, 2, 2, 2, 2, 1, 2, 2, 2, 1, 2, 5, 2, 5, 5, 5, 5, 5, 5, 5, 5, 5, 5, 5, 1, 5, 5, 5, 5, 5, 5, 5, 5, 5, 5, 5, 5, 5, 5, 5, 5, 5, 5, 5, 3, 5, 5, 3, 4, 5, 4, 4, 5, 5, 3, 5, 3, 5, 5, 4] 
dagN27.txt 1234x3.txt True 0.4164904862579281 0.6 1021.0 [8, 8, 8, 8, 8, 8, 8, 8, 8, 8, 8, 8, 8, 8, 8, 8, 8, 8, 8, 8, 8, 8, 9, 8, 8, 8, 8, 9, 7, 8, 8, 8, 8, 8, 9, 8, 9, 8, 10, 11, 10, 10, 11, 8, 11, 7, 11, 8, 11, 11, 11, 11, 11, 11, 11, 11, 11, 11, 11, 11, 11, 11, 11, 11, 11, 11, 11, 11, 11, 11, 11, 2, 11, 11, 11, 11, 11, 11, 11, 11, 11, 11, 11, 2, 11, 2, 2, 2, 2, 2, 2, 2, 2, 2, 2, 1, 2, 2, 5, 2, 2, 2, 2, 2, 2, 1, 2, 2, 2, 1, 2, 5, 2, 5, 5, 5, 5, 5, 5, 5, 5, 5, 5, 5, 1, 5, 5, 5, 5, 5, 5, 5, 5, 5, 5, 5, 5, 5, 5, 5, 5, 5, 5, 5, 3, 5, 5, 3, 4, 5, 4, 4, 5, 5, 3, 5, 3, 5, 5, 4] 
dagN27.txt 1234x3.txt True 0.6955602536997886 0.7 617.0 [8, 8, 8, 7, 8, 7, 6, 8, 8, 7, 7, 7, 8, 6, 6, 7, 7, 7, 8, 8, 6, 8, 6, 8, 8, 6, 8, 6, 6, 8, 8, 6, 8, 8, 8, 6, 6, 8, 6, 9, 6, 6, 6, 8, 10, 9, 10, 10, 9, 9, 9, 6, 10, 11, 10, 10, 11, 6, 11, 9, 11, 10, 11, 11, 9, 9, 11, 11, 10, 11, 11, 11, 11, 11, 2, 11, 2, 11, 11, 11, 11, 2, 11, 0, 11, 0, 2, 2, 2, 2, 2, 0, 2, 2, 0, 1, 0, 0, 1, 2, 1, 2, 2, 2, 2, 1, 1, 4, 2, 1, 1, 1, 2, 1, 4, 4, 4, 4, 4, 0, 4, 4, 0, 4, 1, 2, 1, 4, 4, 4, 4, 4, 4, 4, 5, 4, 3, 5, 3, 5, 4, 3, 4, 5, 3, 3, 4, 3, 5, 5, 5, 5, 5, 5, 3, 5, 3, 5, 5, 5] 
dagN27.txt 1234x3.txt True 0.7463002114164905 0.8 396.0 [10, 11, 10, 11, 10, 11, 11, 11, 11, 11, 10, 10, 10, 10, 11, 10, 10, 10, 10, 10, 9, 10, 6, 11, 9, 9, 11, 6, 9, 9, 10, 9, 11, 9, 6, 9, 6, 11, 9, 9, 9, 9, 6, 9, 6, 9, 6, 6, 7, 7, 7, 7, 6, 8, 6, 6, 6, 8, 7, 7, 7, 6, 8, 7, 8, 7, 7, 8, 6, 7, 7, 3, 8, 8, 3, 7, 8, 8, 7, 4, 8, 8, 3, 3, 8, 3, 3, 8, 4, 3, 3, 3, 8, 3, 3, 4, 3, 3, 4, 5, 4, 5, 5, 5, 5, 4, 4, 5, 5, 4, 1, 4, 5, 5, 5, 5, 5, 5, 5, 1, 4, 2, 1, 1, 4, 1, 1, 1, 1, 2, 2, 2, 0, 1, 0, 2, 0, 2, 2, 2, 1, 0, 1, 1, 2, 0, 2, 2, 0, 0, 0, 0, 0, 0, 2, 0, 2, 2, 0, 0] 
dagN27.txt 1234x3.txt True 0.8372093023255814 0.9 402.0 [8, 11, 7, 8, 11, 9, 9, 7, 9, 11, 11, 7, 7, 11, 7, 9, 9, 7, 11, 10, 11, 7, 9, 8, 11, 11, 8, 9, 8, 7, 9, 9, 8, 9, 11, 8, 9, 11, 11, 4, 11, 9, 8, 7, 3, 4, 8, 7, 7, 3, 4, 10, 8, 8, 8, 6, 8, 6, 4, 4, 3, 6, 4, 3, 6, 7, 10, 7, 6, 3, 4, 1, 4, 4, 9, 7, 3, 4, 3, 10, 3, 10, 3, 4, 10, 4, 3, 10, 10, 5, 5, 1, 6, 2, 4, 3, 2, 10, 10, 5, 6, 5, 5, 5, 6, 1, 5, 2, 5, 1, 0, 5, 10, 10, 2, 0, 5, 6, 0, 10, 5, 6, 5, 2, 2, 3, 10, 2, 1, 1, 1, 6, 2, 2, 5, 2, 0, 2, 0, 1, 0, 1, 6, 6, 0, 0, 6, 1, 0, 0, 0, 0, 3, 0, 1, 2, 1, 2, 1, 0] 
dagN27.txt 1234x3.txt True 0.8372093023255814 1 402.0 [8, 11, 7, 8, 11, 9, 9, 7, 9, 11, 11, 7, 7, 11, 7, 9, 9, 7, 11, 10, 11, 7, 9, 8, 11, 11, 8, 9, 8, 7, 9, 9, 8, 9, 11, 8, 9, 11, 11, 4, 11, 9, 8, 7, 3, 4, 8, 7, 7, 3, 4, 10, 8, 8, 8, 6, 8, 6, 4, 4, 3, 6, 4, 3, 6, 7, 10, 7, 6, 3, 4, 1, 4, 4, 9, 7, 3, 4, 3, 10, 3, 10, 3, 4, 10, 4, 3, 10, 10, 5, 5, 1, 6, 2, 4, 3, 2, 10, 10, 5, 6, 5, 5, 5, 6, 1, 5, 2, 5, 1, 0, 5, 10, 10, 2, 0, 5, 6, 0, 10, 5, 6, 5, 2, 2, 3, 10, 2, 1, 1, 1, 6, 2, 2, 5, 2, 0, 2, 0, 1, 0, 1, 6, 6, 0, 0, 6, 1, 0, 0, 0, 0, 3, 0, 1, 2, 1, 2, 1, 0] 
dagN27.txt 1234x3.txt True 0.4164904862579281 0.5 1021.0 [8, 8, 8, 8, 8, 8, 8, 8, 8, 8, 8, 8, 8, 8, 8, 8, 8, 8, 8, 8, 8, 8, 9, 8, 8, 8, 8, 9, 7, 8, 8, 8, 8, 8, 9, 8, 9, 8, 10, 11, 10, 10, 11, 8, 11, 7, 11, 8, 11, 11, 11, 11, 11, 11, 11, 11, 11, 11, 11, 11, 11, 11, 11, 11, 11, 11, 11, 11, 11, 11, 11, 2, 11, 11, 11, 11, 11, 11, 11, 11, 11, 11, 11, 2, 11, 2, 2, 2, 2, 2, 2, 2, 2, 2, 2, 1, 2, 2, 5, 2, 2, 2, 2, 2, 2, 1, 2, 2, 2, 1, 2, 5, 2, 5, 5, 5, 5, 5, 5, 5, 5, 5, 5, 5, 1, 5, 5, 5, 5, 5, 5, 5, 5, 5, 5, 5, 5, 5, 5, 5, 5, 5, 5, 5, 3, 5, 5, 3, 4, 5, 4, 4, 5, 5, 3, 5, 3, 5, 5, 4] 
dagN27.txt 1234x3.txt True 0.4164904862579281 0.6 1021.0 [8, 8, 8, 8, 8, 8, 8, 8, 8, 8, 8, 8, 8, 8, 8, 8, 8, 8, 8, 8, 8, 8, 9, 8, 8, 8, 8, 9, 7, 8, 8, 8, 8, 8, 9, 8, 9, 8, 10, 11, 10, 10, 11, 8, 11, 7, 11, 8, 11, 11, 11, 11, 11, 11, 11, 11, 11, 11, 11, 11, 11, 11, 11, 11, 11, 11, 11, 11, 11, 11, 11, 2, 11, 11, 11, 11, 11, 11, 11, 11, 11, 11, 11, 2, 11, 2, 2, 2, 2, 2, 2, 2, 2, 2, 2, 1, 2, 2, 5, 2, 2, 2, 2, 2, 2, 1, 2, 2, 2, 1, 2, 5, 2, 5, 5, 5, 5, 5, 5, 5, 5, 5, 5, 5, 1, 5, 5, 5, 5, 5, 5, 5, 5, 5, 5, 5, 5, 5, 5, 5, 5, 5, 5, 5, 3, 5, 5, 3, 4, 5, 4, 4, 5, 5, 3, 5, 3, 5, 5, 4] 
dagN27.txt 1234x3.txt True 0.6955602536997886 0.7 617.0 [8, 8, 8, 7, 8, 7, 6, 8, 8, 7, 7, 7, 8, 6, 6, 7, 7, 7, 8, 8, 6, 8, 6, 8, 8, 6, 8, 6, 6, 8, 8, 6, 8, 8, 8, 6, 6, 8, 6, 9, 6, 6, 6, 8, 10, 9, 10, 10, 9, 9, 9, 6, 10, 11, 10, 10, 11, 6, 11, 9, 11, 10, 11, 11, 9, 9, 11, 11, 10, 11, 11, 11, 11, 11, 2, 11, 2, 11, 11, 11, 11, 2, 11, 0, 11, 0, 2, 2, 2, 2, 2, 0, 2, 2, 0, 1, 0, 0, 1, 2, 1, 2, 2, 2, 2, 1, 1, 4, 2, 1, 1, 1, 2, 1, 4, 4, 4, 4, 4, 0, 4, 4, 0, 4, 1, 2, 1, 4, 4, 4, 4, 4, 4, 4, 5, 4, 3, 5, 3, 5, 4, 3, 4, 5, 3, 3, 4, 3, 5, 5, 5, 5, 5, 5, 3, 5, 3, 5, 5, 5] 
dagN27.txt 1234x3.txt True 0.7463002114164905 0.8 396.0 [10, 11, 10, 11, 10, 11, 11, 11, 11, 11, 10, 10, 10, 10, 11, 10, 10, 10, 10, 10, 9, 10, 6, 11, 9, 9, 11, 6, 9, 9, 10, 9, 11, 9, 6, 9, 6, 11, 9, 9, 9, 9, 6, 9, 6, 9, 6, 6, 7, 7, 7, 7, 6, 8, 6, 6, 6, 8, 7, 7, 7, 6, 8, 7, 8, 7, 7, 8, 6, 7, 7, 3, 8, 8, 3, 7, 8, 8, 7, 4, 8, 8, 3, 3, 8, 3, 3, 8, 4, 3, 3, 3, 8, 3, 3, 4, 3, 3, 4, 5, 4, 5, 5, 5, 5, 4, 4, 5, 5, 4, 1, 4, 5, 5, 5, 5, 5, 5, 5, 1, 4, 2, 1, 1, 4, 1, 1, 1, 1, 2, 2, 2, 0, 1, 0, 2, 0, 2, 2, 2, 1, 0, 1, 1, 2, 0, 2, 2, 0, 0, 0, 0, 0, 0, 2, 0, 2, 2, 0, 0] 
dagN27.txt 1234x3.txt True 0.8372093023255814 0.9 402.0 [8, 11, 7, 8, 11, 9, 9, 7, 9, 11, 11, 7, 7, 11, 7, 9, 9, 7, 11, 10, 11, 7, 9, 8, 11, 11, 8, 9, 8, 7, 9, 9, 8, 9, 11, 8, 9, 11, 11, 4, 11, 9, 8, 7, 3, 4, 8, 7, 7, 3, 4, 10, 8, 8, 8, 6, 8, 6, 4, 4, 3, 6, 4, 3, 6, 7, 10, 7, 6, 3, 4, 1, 4, 4, 9, 7, 3, 4, 3, 10, 3, 10, 3, 4, 10, 4, 3, 10, 10, 5, 5, 1, 6, 2, 4, 3, 2, 10, 10, 5, 6, 5, 5, 5, 6, 1, 5, 2, 5, 1, 0, 5, 10, 10, 2, 0, 5, 6, 0, 10, 5, 6, 5, 2, 2, 3, 10, 2, 1, 1, 1, 6, 2, 2, 5, 2, 0, 2, 0, 1, 0, 1, 6, 6, 0, 0, 6, 1, 0, 0, 0, 0, 3, 0, 1, 2, 1, 2, 1, 0] 
dagN27.txt 1234x3.txt True 0.8372093023255814 1 402.0 [8, 11, 7, 8, 11, 9, 9, 7, 9, 11, 11, 7, 7, 11, 7, 9, 9, 7, 11, 10, 11, 7, 9, 8, 11, 11, 8, 9, 8, 7, 9, 9, 8, 9, 11, 8, 9, 11, 11, 4, 11, 9, 8, 7, 3, 4, 8, 7, 7, 3, 4, 10, 8, 8, 8, 6, 8, 6, 4, 4, 3, 6, 4, 3, 6, 7, 10, 7, 6, 3, 4, 1, 4, 4, 9, 7, 3, 4, 3, 10, 3, 10, 3, 4, 10, 4, 3, 10, 10, 5, 5, 1, 6, 2, 4, 3, 2, 10, 10, 5, 6, 5, 5, 5, 6, 1, 5, 2, 5, 1, 0, 5, 10, 10, 2, 0, 5, 6, 0, 10, 5, 6, 5, 2, 2, 3, 10, 2, 1, 1, 1, 6, 2, 2, 5, 2, 0, 2, 0, 1, 0, 1, 6, 6, 0, 0, 6, 1, 0, 0, 0, 0, 3, 0, 1, 2, 1, 2, 1, 0] 
dagN27.txt 1234x3.txt True 0.4164904862579281 0.5 1021.0 [8, 8, 8, 8, 8, 8, 8, 8, 8, 8, 8, 8, 8, 8, 8, 8, 8, 8, 8, 8, 8, 8, 9, 8, 8, 8, 8, 9, 7, 8, 8, 8, 8, 8, 9, 8, 9, 8, 10, 11, 10, 10, 11, 8, 11, 7, 11, 8, 11, 11, 11, 11, 11, 11, 11, 11, 11, 11, 11, 11, 11, 11, 11, 11, 11, 11, 11, 11, 11, 11, 11, 2, 11, 11, 11, 11, 11, 11, 11, 11, 11, 11, 11, 2, 11, 2, 2, 2, 2, 2, 2, 2, 2, 2, 2, 1, 2, 2, 5, 2, 2, 2, 2, 2, 2, 1, 2, 2, 2, 1, 2, 5, 2, 5, 5, 5, 5, 5, 5, 5, 5, 5, 5, 5, 1, 5, 5, 5, 5, 5, 5, 5, 5, 5, 5, 5, 5, 5, 5, 5, 5, 5, 5, 5, 3, 5, 5, 3, 4, 5, 4, 4, 5, 5, 3, 5, 3, 5, 5, 4] 
dagN27.txt 1234x3.txt True 0.4164904862579281 0.6 1021.0 [8, 8, 8, 8, 8, 8, 8, 8, 8, 8, 8, 8, 8, 8, 8, 8, 8, 8, 8, 8, 8, 8, 9, 8, 8, 8, 8, 9, 7, 8, 8, 8, 8, 8, 9, 8, 9, 8, 10, 11, 10, 10, 11, 8, 11, 7, 11, 8, 11, 11, 11, 11, 11, 11, 11, 11, 11, 11, 11, 11, 11, 11, 11, 11, 11, 11, 11, 11, 11, 11, 11, 2, 11, 11, 11, 11, 11, 11, 11, 11, 11, 11, 11, 2, 11, 2, 2, 2, 2, 2, 2, 2, 2, 2, 2, 1, 2, 2, 5, 2, 2, 2, 2, 2, 2, 1, 2, 2, 2, 1, 2, 5, 2, 5, 5, 5, 5, 5, 5, 5, 5, 5, 5, 5, 1, 5, 5, 5, 5, 5, 5, 5, 5, 5, 5, 5, 5, 5, 5, 5, 5, 5, 5, 5, 3, 5, 5, 3, 4, 5, 4, 4, 5, 5, 3, 5, 3, 5, 5, 4] 
dagN27.txt 1234x3.txt True 0.6955602536997886 0.7 617.0 [8, 8, 8, 7, 8, 7, 6, 8, 8, 7, 7, 7, 8, 6, 6, 7, 7, 7, 8, 8, 6, 8, 6, 8, 8, 6, 8, 6, 6, 8, 8, 6, 8, 8, 8, 6, 6, 8, 6, 9, 6, 6, 6, 8, 10, 9, 10, 10, 9, 9, 9, 6, 10, 11, 10, 10, 11, 6, 11, 9, 11, 10, 11, 11, 9, 9, 11, 11, 10, 11, 11, 11, 11, 11, 2, 11, 2, 11, 11, 11, 11, 2, 11, 0, 11, 0, 2, 2, 2, 2, 2, 0, 2, 2, 0, 1, 0, 0, 1, 2, 1, 2, 2, 2, 2, 1, 1, 4, 2, 1, 1, 1, 2, 1, 4, 4, 4, 4, 4, 0, 4, 4, 0, 4, 1, 2, 1, 4, 4, 4, 4, 4, 4, 4, 5, 4, 3, 5, 3, 5, 4, 3, 4, 5, 3, 3, 4, 3, 5, 5, 5, 5, 5, 5, 3, 5, 3, 5, 5, 5] 
dagN27.txt 1234x3.txt True 0.7463002114164905 0.8 396.0 [10, 11, 10, 11, 10, 11, 11, 11, 11, 11, 10, 10, 10, 10, 11, 10, 10, 10, 10, 10, 9, 10, 6, 11, 9, 9, 11, 6, 9, 9, 10, 9, 11, 9, 6, 9, 6, 11, 9, 9, 9, 9, 6, 9, 6, 9, 6, 6, 7, 7, 7, 7, 6, 8, 6, 6, 6, 8, 7, 7, 7, 6, 8, 7, 8, 7, 7, 8, 6, 7, 7, 3, 8, 8, 3, 7, 8, 8, 7, 4, 8, 8, 3, 3, 8, 3, 3, 8, 4, 3, 3, 3, 8, 3, 3, 4, 3, 3, 4, 5, 4, 5, 5, 5, 5, 4, 4, 5, 5, 4, 1, 4, 5, 5, 5, 5, 5, 5, 5, 1, 4, 2, 1, 1, 4, 1, 1, 1, 1, 2, 2, 2, 0, 1, 0, 2, 0, 2, 2, 2, 1, 0, 1, 1, 2, 0, 2, 2, 0, 0, 0, 0, 0, 0, 2, 0, 2, 2, 0, 0] 
dagN27.txt 1234x3.txt True 0.8372093023255814 0.9 402.0 [8, 11, 7, 8, 11, 9, 9, 7, 9, 11, 11, 7, 7, 11, 7, 9, 9, 7, 11, 10, 11, 7, 9, 8, 11, 11, 8, 9, 8, 7, 9, 9, 8, 9, 11, 8, 9, 11, 11, 4, 11, 9, 8, 7, 3, 4, 8, 7, 7, 3, 4, 10, 8, 8, 8, 6, 8, 6, 4, 4, 3, 6, 4, 3, 6, 7, 10, 7, 6, 3, 4, 1, 4, 4, 9, 7, 3, 4, 3, 10, 3, 10, 3, 4, 10, 4, 3, 10, 10, 5, 5, 1, 6, 2, 4, 3, 2, 10, 10, 5, 6, 5, 5, 5, 6, 1, 5, 2, 5, 1, 0, 5, 10, 10, 2, 0, 5, 6, 0, 10, 5, 6, 5, 2, 2, 3, 10, 2, 1, 1, 1, 6, 2, 2, 5, 2, 0, 2, 0, 1, 0, 1, 6, 6, 0, 0, 6, 1, 0, 0, 0, 0, 3, 0, 1, 2, 1, 2, 1, 0] 
dagN27.txt 1234x3.txt True 0.8372093023255814 1 402.0 [8, 11, 7, 8, 11, 9, 9, 7, 9, 11, 11, 7, 7, 11, 7, 9, 9, 7, 11, 10, 11, 7, 9, 8, 11, 11, 8, 9, 8, 7, 9, 9, 8, 9, 11, 8, 9, 11, 11, 4, 11, 9, 8, 7, 3, 4, 8, 7, 7, 3, 4, 10, 8, 8, 8, 6, 8, 6, 4, 4, 3, 6, 4, 3, 6, 7, 10, 7, 6, 3, 4, 1, 4, 4, 9, 7, 3, 4, 3, 10, 3, 10, 3, 4, 10, 4, 3, 10, 10, 5, 5, 1, 6, 2, 4, 3, 2, 10, 10, 5, 6, 5, 5, 5, 6, 1, 5, 2, 5, 1, 0, 5, 10, 10, 2, 0, 5, 6, 0, 10, 5, 6, 5, 2, 2, 3, 10, 2, 1, 1, 1, 6, 2, 2, 5, 2, 0, 2, 0, 1, 0, 1, 6, 6, 0, 0, 6, 1, 0, 0, 0, 0, 3, 0, 1, 2, 1, 2, 1, 0] 
