name weight children
0 44 28 29 2 7 23 27 11 20 9 4 8 
1 50 2 8 23 13 22 4 
2 63 27 24 29 7 4 11 19 
3 31 13 4 
4 51 12 9 26 6 
5 49 28 14 6 
6 35 24 16 12 26 
7 46 25 24 8 29 10 17 9 13 28 12 14 
8 54 12 29 23 
9 45 12 16 22 
10 38 12 25 27 
11 40 12 13 16 26 
12 55 29 13 26 22 14 23 
13 42 25 27 29 26 22 14 23 18 
14 49 25 22 
15 16 17 23 
16 54 25 27 24 29 28 22 20 17 
17 60 28 
18 32 21 28 26 
19 43 24 21 28 
20 56 21 
21 34 29 23 
22 42 25 27 28 29 23 
23 53 25 24 29 
24 33 25 27 
25 63 29 28 26 27 
26 49 27 28 
27 60 29 28 
28 43 29 
29 62 
