name weight children
0 27 7 1 
1 41 15 16 5 7 33 10 2 3 28 
2 39 3 16 6 15 33 8 
3 54 15 16 5 25 20 6 23 
4 58 15 16 5 7 12 25 17 33 
5 44 6 15 17 33 
6 47 7 25 10 33 
7 64 14 16 28 22 9 
8 48 15 23 9 
9 30 14 10 11 33 27 
10 66 16 12 21 25 15 11 13 
11 32 12 30 14 17 
12 43 15 14 16 19 13 23 
13 33 15 33 
14 33 15 16 
15 71 16 29 32 33 23 
16 76 32 23 30 21 17 29 22 
17 46 18 19 23 
18 47 
19 28 32 31 20 22 
20 44 30 
21 32 32 22 23 
22 45 33 
23 47 32 29 24 
24 35 28 
25 68 32 28 31 26 
26 47 32 
27 41 28 
28 38 32 33 
29 38 30 32 33 31 
30 49 32 
31 37 32 
32 51 33 
33 67 
