name weight children
0 36 12 1 20 
1 42 14 5 18 12 22 13 2 3 7 23 
2 68 17 28 12 22 13 
3 61 14 9 4 6 8 
4 42 15 
5 36 26 13 9 6 
6 39 9 12 23 19 
7 44 22 18 10 8 
8 48 9 12 13 15 28 
9 60 11 10 14 16 18 12 23 13 
10 45 15 
11 46 25 12 22 20 
12 50 14 17 13 16 23 22 18 21 
13 55 17 26 18 28 29 21 19 14 16 
14 44 26 22 20 
15 22 16 27 24 19 
16 56 17 26 22 18 28 
17 58 27 28 26 20 
18 67 28 25 20 23 21 19 29 
19 43 
20 33 22 25 21 
21 59 22 
22 66 26 28 23 27 
23 42 26 25 24 28 
24 44 
25 38 26 
26 49 28 27 29 
27 32 
28 74 29 
29 38 
