name weight children
0 1 17 
1 1 2 
2 1 20 4 27 23 
3 1 4 
4 1 41 19 
5 1 6 29 19 
6 1 34 9 7 
7 1 
8 1 22 20 10 
9 1 17 15 41 16 21 20 10 
10 2 20 37 31 
11 1 30 21 20 13 12 
12 1 20 16 
13 1 17 15 16 
14 1 35 15 20 16 24 
15 1 36 
16 1 22 34 20 40 17 19 27 28 41 
17 2 20 37 19 29 38 41 
18 1 20 19 
19 1 20 41 
20 3 35 29 26 30 40 38 32 41 
21 1 35 23 25 
22 1 38 31 23 
23 1 26 30 24 25 
24 1 38 32 28 25 
25 1 29 26 40 
26 1 34 28 31 27 
27 1 29 41 31 28 
28 2 29 38 36 
29 1 34 30 40 31 
30 1 41 38 31 
31 2 34 37 
32 1 38 40 
33 1 36 
34 1 35 38 36 
35 1 40 36 38 
36 1 41 
37 1 41 38 
38 2 41 40 
39 1 41 40 
40 1 41 
41 2 
