name weight children
0 46 9 4 23 1 3 26 
1 12 13 6 33 22 17 
2 48 3 17 33 8 
3 23 23 34 12 21 17 
4 37 13 6 26 5 8 19 12 11 
5 41 13 23 
6 29 36 28 34 8 
7 37 37 24 13 16 29 8 
8 46 13 37 19 31 
9 37 13 16 10 28 26 14 
10 34 13 11 12 
11 36 24 13 29 18 
12 29 13 19 
13 43 16 29 22 27 37 15 24 36 34 
14 47 15 16 33 27 
15 19 17 34 
16 30 28 25 18 17 
17 52 37 24 18 31 27 
18 23 
19 33 36 28 20 25 23 22 21 
20 31 24 32 33 
21 41 25 31 34 
22 16 28 37 27 
23 15 37 24 29 27 
24 47 34 25 27 
25 36 34 37 26 27 
26 18 28 34 27 
27 47 32 33 
28 45 37 29 32 31 
29 31 36 37 31 
30 48 37 
31 47 37 32 34 
32 20 34 35 
33 34 37 34 
34 45 36 37 
35 10 36 
36 48 37 
37 55 
