name weight children
0 1 12 4 2 5 1 
1 1 15 
2 1 3 
3 2 13 30 5 11 29 
4 1 25 18 13 5 7 
5 2 13 15 33 12 34 6 21 11 20 25 
6 1 18 20 7 
7 2 
8 1 16 11 9 15 
9 1 18 13 26 11 15 
10 1 11 
11 2 24 33 13 31 
12 1 13 15 33 30 29 20 23 24 
13 2 28 24 18 31 16 33 
14 1 15 23 
15 2 34 17 16 33 
16 2 28 34 22 17 
17 1 18 20 19 
18 2 24 20 33 23 28 19 
19 1 29 20 21 
20 2 33 28 34 22 31 21 29 
21 1 25 24 34 22 
22 2 24 33 34 23 
23 1 28 34 25 24 
24 2 25 33 26 32 
25 2 26 
26 1 28 27 32 
27 1 33 29 
28 1 33 30 29 
29 2 33 31 
30 1 34 31 32 
31 1 
32 1 33 
33 2 34 
34 2 
