name weight children
0 30 1 9 8 2 26 14 12 
1 44 32 6 16 4 19 15 2 37 
2 45 20 30 3 
3 43 4 
4 20 32 15 19 30 23 6 8 24 
5 47 6 38 
6 33 16 7 14 
7 43 8 24 
8 47 31 9 20 
9 29 10 16 11 
10 45 38 11 
11 42 16 19 15 12 
12 39 23 25 
13 41 32 14 
14 32 19 17 22 
15 37 16 37 27 17 19 
16 49 32 20 19 34 28 38 17 
17 36 37 
18 24 19 
19 49 27 35 25 37 21 26 23 20 22 33 
20 42 25 27 31 37 26 24 22 
21 30 22 
22 34 37 29 28 
23 49 25 27 36 26 24 38 
24 12 27 38 
25 34 27 30 29 37 34 26 38 
26 33 32 27 
27 45 33 
28 29 32 30 29 37 
29 33 32 33 
30 19 37 
31 43 32 38 
32 32 37 38 
33 41 35 37 38 
34 29 35 
35 42 37 38 
36 31 37 
37 43 38 
38 49 
