name weight children
0 39 14 9 1 2 10 29 3 4 30 8 6 
1 40 5 2 30 6 29 4 8 11 19 23 26 25 16 
2 53 28 6 30 7 12 17 21 27 
3 33 4 6 9 
4 46 14 6 30 5 25 
5 44 28 6 12 20 14 30 
6 57 30 10 18 7 9 
7 41 14 24 22 9 18 11 8 
8 42 28 30 11 10 9 21 
9 30 12 20 11 10 15 
10 49 
11 61 28 12 20 14 15 17 25 
12 49 23 13 14 24 
13 29 14 
14 65 28 24 
15 42 30 18 17 16 
16 44 24 
17 42 20 18 29 30 
18 56 28 30 20 22 
19 47 20 
20 40 22 30 
21 33 22 
22 65 28 26 
23 37 30 24 
24 28 28 30 25 
25 61 26 
26 37 30 27 
27 33 28 30 
28 47 30 
29 39 30 
30 72 
