name weight children
0 35 30 27 7 2 3 1 
1 46 
2 50 22 8 34 3 
3 49 26 7 4 
4 55 31 27 5 8 29 17 
5 15 30 8 17 
6 41 8 7 23 
7 55 31 32 24 8 9 28 16 
8 60 30 35 31 24 16 26 22 29 15 13 
9 28 10 
10 30 35 22 12 11 
11 16 
12 35 13 
13 58 22 34 16 20 14 
14 47 16 
15 38 16 
16 31 30 31 24 17 25 
17 48 35 34 22 
18 47 26 24 25 35 20 
19 11 20 
20 39 31 21 
21 31 22 
22 57 30 26 24 29 35 28 23 
23 42 26 35 25 34 
24 46 30 33 32 25 26 34 
25 79 26 27 35 30 
26 71 33 35 34 
27 46 35 30 34 
28 34 30 31 35 
29 38 30 31 34 
30 61 34 35 32 
31 45 32 35 
32 45 33 35 34 
33 42 35 34 
34 62 35 
35 71 
