name weight children
0 33 2 12 11 1 3 
1 44 5 16 13 
2 50 5 16 8 3 22 33 25 30 20 
3 40 5 12 10 18 35 25 
4 36 7 5 
5 50 7 12 16 6 26 13 25 
6 37 7 12 10 8 28 
7 43 11 17 8 14 22 
8 40 34 10 37 
9 34 16 12 10 36 
10 45 13 12 36 22 30 18 11 23 33 
11 46 26 16 13 12 17 28 
12 52 13 21 17 22 15 19 
13 28 23 17 36 22 38 
14 43 17 15 
15 26 34 32 18 25 
16 39 21 17 28 27 18 
17 38 23 18 38 33 
18 61 36 
19 29 30 20 
20 46 32 22 28 37 
21 38 22 25 
22 59 23 28 38 30 
23 33 36 24 
24 29 30 27 25 
25 58 28 38 
26 28 32 27 
27 43 28 38 
28 49 35 
29 40 30 
30 45 32 35 38 
31 28 37 33 
32 40 33 
33 49 38 
34 43 36 38 35 
35 38 
36 41 37 38 
37 12 38 
38 70 
