name weight children
0 26 1 30 3 
1 34 6 31 5 14 11 3 33 17 24 
2 26 3 
3 44 8 25 14 12 
4 38 19 5 36 
5 52 36 25 10 8 6 31 27 17 
6 50 10 19 30 7 8 
7 38 8 25 33 12 
8 63 31 14 18 36 
9 44 25 10 29 19 17 11 
10 27 25 16 18 
11 19 25 17 18 12 
12 52 31 17 
13 38 14 
14 36 25 30 16 17 
15 46 16 26 31 
16 33 31 17 36 28 
17 44 25 
18 35 25 19 32 24 
19 26 25 22 20 32 36 
20 48 25 26 21 
21 21 
22 38 25 31 24 23 
23 36 25 
24 42 25 36 26 
25 65 36 35 26 31 30 27 33 28 
26 69 36 29 31 
27 37 30 28 
28 30 31 
29 39 31 30 32 36 33 
30 45 31 34 35 
31 41 36 34 32 
32 54 34 33 36 
33 40 
34 24 36 
35 33 36 
36 48 
