name weight children
0 1 6 4 14 10 1 41 
1 1 
2 1 17 3 27 
3 1 21 45 6 4 13 5 42 40 25 
4 2 45 20 5 44 21 19 7 9 
5 1 45 20 6 27 7 10 9 
6 1 29 8 16 33 10 17 24 7 35 
7 1 21 45 12 20 36 10 32 25 
8 1 12 33 9 
9 1 10 17 
10 2 21 12 20 24 18 34 
11 1 19 
12 1 13 19 36 22 16 17 33 14 42 31 18 
13 1 21 33 15 
14 1 45 20 15 37 
15 1 16 24 
16 1 21 20 38 
17 1 21 45 20 33 18 41 
18 2 20 21 37 39 27 43 
19 1 21 20 
20 1 21 33 
21 3 44 26 28 22 
22 1 24 26 42 
23 1 24 
24 1 45 33 26 39 25 27 
25 1 27 26 31 28 
26 1 27 
27 2 45 33 30 35 28 40 
28 1 30 32 37 
29 1 30 
30 1 33 
31 1 45 33 
32 1 36 33 
33 3 45 39 
34 1 36 41 39 
35 1 44 36 39 
36 1 
37 1 38 42 
38 1 45 39 
39 1 
40 1 42 
41 1 42 
42 1 45 44 
43 1 45 
44 1 45 
45 2 
