name weight children
0 1 29 13 15 1 23 4 14 
1 2 8 29 15 13 5 6 3 9 2 31 23 
2 1 12 22 
3 2 8 9 13 
4 1 5 6 15 25 7 
5 2 15 11 24 
6 1 8 13 7 17 
7 2 8 13 21 12 30 
8 1 9 29 10 15 12 22 
9 2 27 21 14 10 15 12 18 11 29 
10 1 13 15 28 11 
11 2 29 13 20 28 
12 2 29 13 15 20 24 14 28 26 22 
13 2 29 19 15 14 
14 2 15 20 
15 3 29 16 19 18 20 27 23 
16 1 17 
17 2 23 18 19 28 22 
18 2 29 20 19 26 23 
19 2 29 20 27 
20 2 29 23 21 22 26 
21 2 22 29 
22 2 23 27 31 
23 2 29 
24 1 29 25 
25 1 27 26 
26 1 28 27 
27 2 29 
28 2 29 
29 3 30 31 
30 2 
31 1 
