name weight children
0 59 27 15 3 2 13 
1 30 15 2 
2 56 27 19 8 3 20 6 13 
3 31 4 
4 59 5 14 29 10 13 6 16 28 
5 45 6 16 7 
6 69 25 19 12 30 20 10 7 15 
7 68 25 9 15 29 12 17 8 
8 48 15 14 
9 41 14 12 17 10 
10 46 27 24 12 15 13 
11 44 12 
12 76 27 15 28 17 16 13 29 14 30 25 
13 59 15 14 30 18 
14 66 25 27 28 20 16 18 
15 46 20 16 30 25 17 29 21 
16 49 24 17 27 20 
17 51 27 24 29 18 20 
18 61 29 
19 44 20 30 21 25 
20 73 25 27 30 
21 46 29 22 
22 47 
23 47 24 
24 44 25 27 26 28 30 
25 58 29 26 28 
26 48 27 
27 56 29 28 30 
28 59 30 29 
29 45 30 
30 68 
