name weight children
0 46 3 1 19 34 12 31 9 
1 39 3 29 31 11 9 38 2 
2 44 11 3 7 38 18 
3 39 30 34 12 9 32 15 4 29 28 8 36 39 5 
4 40 25 36 18 
5 38 29 16 9 22 6 37 39 
6 45 36 11 9 8 18 
7 38 14 9 10 8 20 
8 21 14 12 9 35 
9 66 11 19 34 35 10 24 21 
10 46 29 31 16 11 12 36 
11 20 19 39 12 13 35 18 
12 37 25 14 13 15 24 
13 32 14 19 34 36 
14 45 35 15 
15 47 16 36 18 39 19 
16 41 19 39 
17 44 19 18 
18 25 19 
19 52 29 36 22 
20 58 29 24 36 21 
21 32 
22 48 36 24 
23 30 36 24 
24 56 29 25 34 
25 44 34 31 28 26 
26 41 34 38 
27 47 28 
28 46 36 
29 22 30 39 34 31 32 38 
30 48 31 
31 51 35 32 39 36 
32 15 33 
33 47 
34 32 36 39 
35 37 36 39 
36 46 39 38 
37 37 39 
38 46 39 
39 51 
