name weight children
0 1 9 37 1 32 
1 1 7 26 2 3 12 31 33 
2 1 29 4 
3 1 5 9 29 4 36 
4 2 41 30 6 14 10 23 22 
5 1 10 6 11 7 19 27 9 24 
6 1 7 41 30 21 16 
7 2 10 9 24 
8 1 10 9 32 
9 2 26 19 25 16 39 10 
10 2 29 38 26 13 16 12 25 39 18 
11 1 27 41 12 14 
12 1 30 38 13 15 
13 1 26 19 14 
14 1 40 
15 1 19 16 22 21 18 
16 2 
17 1 19 
18 1 19 33 
19 3 29 26 37 30 39 
20 1 27 30 22 32 21 
21 1 30 25 36 24 
22 1 26 34 23 
23 1 24 
24 2 27 28 29 31 
25 1 26 27 41 30 
26 1 28 29 27 40 37 34 
27 2 29 28 
28 1 29 38 30 32 33 
29 2 30 38 41 
30 2 35 37 39 
31 1 35 32 
32 1 36 
33 1 35 
34 1 35 38 
35 1 39 36 
36 1 38 37 
37 1 38 41 
38 3 39 
39 1 40 
40 1 41 
41 1 
