name weight children
0 40 15 1 7 
1 44 5 2 4 15 14 13 7 17 
2 33 30 9 23 6 16 3 11 
3 29 5 4 27 24 8 17 
4 62 29 12 13 5 6 16 21 31 20 7 
5 51 12 9 6 16 21 28 27 8 13 
6 33 27 8 7 30 
7 38 8 13 9 18 30 17 26 
8 41 9 23 27 28 18 13 19 
9 48 27 24 29 28 34 37 25 
10 42 12 25 14 11 
11 49 32 14 17 
12 43 14 13 
13 34 15 14 35 30 27 16 33 21 25 28 
14 39 30 23 16 21 18 22 
15 44 35 16 21 
16 44 27 28 17 
17 52 26 28 
18 38 19 30 25 
19 27 
20 40 23 21 25 
21 41 27 24 30 34 25 
22 16 23 
23 44 27 24 34 
24 48 29 30 37 28 
25 49 27 29 26 31 
26 41 37 28 
27 39 35 30 33 28 31 32 
28 59 29 39 
29 35 30 
30 55 31 33 
31 25 37 36 32 
32 39 34 
33 39 34 
34 48 37 
35 47 36 
36 39 
37 38 39 
38 44 39 
39 41 
