name weight children
0 1 4 8 31 19 1 
1 2 21 8 7 14 6 23 36 
2 1 3 
3 1 4 8 7 16 
4 1 20 15 6 5 10 8 19 25 
5 2 21 8 7 30 16 17 12 23 13 28 25 
6 1 8 7 30 34 
7 1 17 15 30 10 8 
8 3 21 12 22 29 31 18 30 24 11 17 36 27 9 26 
9 1 10 33 13 
10 1 15 22 
11 1 14 18 12 
12 2 27 28 13 
13 1 17 14 15 
14 2 30 16 
15 1 16 36 
16 1 17 20 19 
17 3 21 30 26 19 29 
18 1 21 20 22 19 36 
19 2 21 30 24 25 26 
20 1 21 27 
21 2 30 26 31 23 34 32 25 
22 1 23 25 
23 2 30 31 25 27 26 
24 1 26 
25 2 26 36 
26 2 31 35 27 36 
27 2 30 31 34 
28 1 30 31 36 
29 1 30 31 
30 2 35 31 
31 2 35 
32 1 33 
33 1 
34 1 36 
35 2 36 
36 2 
