name weight children
0 2 25 13 18 12 1 23 31 7 32 15 16 5 6 3 
1 3 23 5 3 31 27 28 10 
2 1 14 3 
3 2 13 17 11 
4 1 5 
5 2 16 19 9 26 7 15 6 12 
6 2 29 
7 1 15 29 
8 1 9 
9 2 26 13 11 
10 2 16 32 11 
11 2 17 23 26 14 19 15 16 12 
12 2 16 28 26 13 32 14 
13 2 25 32 15 24 28 
14 2 26 32 15 27 
15 2 26 25 31 
16 2 17 32 18 25 23 31 
17 2 25 23 26 31 19 18 21 
18 2 19 23 27 
19 2 25 23 28 
20 1 23 21 
21 2 28 32 24 29 
22 1 23 
23 2 25 30 24 31 32 
24 1 25 32 
25 2 26 31 27 30 28 
26 2 28 32 31 27 
27 2 28 29 
28 2 32 31 29 
29 2 32 30 
30 1 32 31 
31 2 32 
32 3 
