name weight children
0 2 31 1 8 27 24 
1 1 22 3 5 28 25 
2 1 31 16 22 27 8 3 
3 2 29 30 31 27 28 24 
4 1 8 29 31 25 6 
5 1 28 9 31 6 
6 1 13 15 7 
7 1 31 21 27 12 
8 2 31 16 26 9 24 10 25 
9 1 11 16 19 13 28 
10 1 30 11 28 
11 1 19 29 31 
12 1 22 16 13 
13 1 29 30 31 21 
14 1 15 
15 1 19 16 18 22 25 
16 2 19 24 28 25 31 22 
17 1 18 21 
18 2 19 31 25 24 26 
19 2 31 22 21 30 24 
20 1 22 26 
21 3 28 31 25 22 27 
22 4 29 28 30 31 25 24 26 
23 1 24 
24 2 30 28 27 25 
25 5 30 28 31 
26 1 30 28 31 
27 2 31 28 
28 4 30 31 
29 1 31 
30 4 31 
31 6 
