name weight children
0 63 21 4 1 6 12 27 
1 38 13 24 17 2 10 
2 71 25 4 10 3 
3 68 13 23 4 17 27 7 12 20 5 
4 60 11 26 13 27 7 22 29 25 18 5 6 
5 47 11 23 13 7 6 
6 55 24 8 13 
7 53 21 26 29 25 10 12 8 
8 53 17 10 13 18 
9 36 10 
10 76 12 11 28 13 16 27 
11 55 23 13 21 12 14 
12 64 21 26 28 14 22 13 
13 82 21 29 25 14 22 24 23 28 
14 37 
15 52 17 
16 63 28 27 17 21 22 
17 65 27 25 20 
18 66 23 26 24 28 19 20 
19 43 27 
20 46 21 22 
21 68 29 25 
22 54 23 29 25 27 
23 52 27 24 25 28 
24 61 27 29 25 
25 76 28 
26 48 28 27 29 
27 81 29 28 
28 59 
29 59 
