name weight children
0 1 32 1 2 34 13 3 7 12 
1 1 12 37 16 18 
2 1 18 7 37 10 9 25 
3 1 33 6 28 17 15 
4 1 8 5 
5 1 
6 1 12 8 9 17 21 
7 2 15 11 37 12 8 28 
8 2 23 37 13 
9 1 32 33 10 13 12 
10 2 32 12 16 13 22 15 23 
11 1 34 13 32 12 15 
12 2 13 15 17 32 27 
13 3 29 32 17 14 15 26 35 18 19 
14 2 15 18 
15 2 37 16 18 34 
16 1 32 33 18 
17 2 32 37 18 34 27 
18 3 29 30 25 20 26 32 22 27 
19 1 20 34 
20 1 33 23 22 
21 1 36 37 22 
22 2 26 32 
23 2 32 25 37 
24 1 37 
25 1 27 
26 2 29 32 37 27 
27 2 37 35 
28 1 29 32 33 
29 1 31 32 
30 1 34 31 32 
31 2 32 34 37 35 
32 3 34 37 35 
33 1 37 34 
34 2 36 37 
35 1 37 36 
36 2 37 
37 3 
