name weight children
0 21 2 8 
1 39 10 16 2 41 9 5 25 
2 51 48 19 26 34 46 39 11 4 3 33 9 
3 43 10 24 5 18 
4 38 32 5 35 17 
5 30 44 14 
6 19 27 25 21 8 
7 45 10 46 24 20 8 
8 49 34 9 40 21 35 11 
9 39 16 45 11 
10 43 28 34 29 14 11 
11 36 
12 31 16 24 14 40 21 
13 29 34 14 25 
14 36 37 26 16 32 45 
15 18 16 27 41 32 23 17 
16 38 19 26 34 17 22 
17 60 
18 46 48 19 
19 14 46 27 20 22 
20 44 
21 45 34 22 45 
22 60 26 41 23 47 
23 30 34 
24 47 26 34 31 28 29 41 25 35 36 33 
25 16 26 41 34 44 
26 41 33 35 27 32 
27 44 34 31 28 47 
28 49 37 31 46 41 29 33 
29 42 48 34 35 36 
30 27 31 35 39 33 
31 40 33 41 32 34 
32 46 46 35 45 
33 44 48 34 46 45 39 35 
34 45 35 45 
35 49 40 41 
36 37 41 47 38 
37 39 46 41 38 39 
38 33 
39 20 40 
40 38 46 41 45 
41 66 48 
42 48 44 47 
43 34 44 
44 21 48 45 
45 34 46 
46 34 48 47 
47 36 48 
48 45 
