name weight children
0 36 23 6 20 13 27 1 
1 47 20 3 8 40 
2 30 9 
3 26 4 9 41 32 30 
4 47 20 5 9 35 23 29 
5 45 23 6 9 16 17 8 19 
6 48 38 31 9 21 14 8 
7 37 9 21 20 
8 46 9 16 19 22 13 40 24 32 12 36 27 
9 51 18 21 20 15 19 38 
10 25 11 
11 46 19 
12 45 16 41 17 13 28 
13 57 19 20 17 40 34 14 
14 45 17 37 
15 34 20 38 22 24 17 19 
16 27 20 38 17 35 18 33 
17 45 23 19 22 20 41 24 
18 29 20 19 
19 51 35 20 38 23 
20 81 35 23 38 34 40 32 
21 39 23 22 33 25 27 
22 37 35 24 25 32 40 
23 49 38 24 29 26 39 28 25 
24 72 35 32 25 
25 47 38 34 
26 32 41 27 
27 38 38 
28 47 
29 40 35 30 
30 30 
31 46 34 32 
32 15 34 
33 46 35 34 
34 54 35 38 40 41 
35 57 38 40 39 41 
36 42 38 
37 25 38 41 
38 54 40 41 
39 30 41 
40 58 41 
41 52 
