name weight children
0 1 14 40 1 3 36 20 4 
1 1 5 
2 1 27 5 14 24 3 36 4 
3 1 12 20 38 4 
4 2 30 11 16 17 36 9 20 7 38 
5 1 14 25 7 6 9 
6 1 31 
7 1 40 39 9 22 
8 1 9 
9 3 14 11 12 42 21 17 20 37 
10 1 11 20 
11 1 14 39 25 40 27 20 13 
12 1 14 29 34 17 26 20 
13 1 14 26 20 
14 3 30 41 19 17 42 29 18 39 22 
15 1 30 31 16 19 17 20 
16 1 17 28 23 41 
17 2 30 28 19 39 21 20 31 36 
18 1 19 26 21 20 
19 1 24 20 23 
20 3 34 24 26 
21 1 39 25 30 24 22 
22 1 37 31 
23 1 40 30 24 31 
24 2 39 25 40 28 
25 2 31 26 27 42 37 
26 1 40 27 31 42 28 41 
27 1 28 33 
28 2 29 39 40 31 36 
29 1 30 31 36 
30 1 34 40 31 
31 3 40 36 33 
32 1 33 36 
33 1 40 36 
34 1 36 38 
35 1 36 
36 2 42 41 
37 1 39 38 
38 1 39 40 
39 2 41 40 42 
40 1 41 42 
41 2 42 
42 2 
