name weight children
0 1 6 1 29 10 2 
1 2 6 29 12 24 2 17 9 10 3 
2 3 6 23 28 12 7 27 4 9 25 3 14 
3 2 21 28 4 6 20 5 8 27 17 11 14 
4 2 6 13 25 18 21 9 29 
5 2 6 25 11 9 22 
6 3 28 19 8 26 18 10 17 
7 1 8 26 25 12 
8 2 23 12 25 9 13 11 
9 2 19 12 10 11 
10 2 14 
11 2 18 13 12 14 24 
12 2 13 25 28 20 21 26 27 
13 2 27 19 23 14 18 
14 2 28 18 21 
15 1 17 
16 2 18 21 17 24 
17 2 23 28 22 19 20 
18 2 28 27 19 21 22 25 26 
19 2 20 21 25 
20 2 29 21 26 25 
21 3 25 23 27 
22 1 23 24 26 
23 2 28 27 25 
24 2 29 25 28 
25 3 27 29 
26 2 29 28 27 
27 2 29 
28 2 29 
29 2 
