name weight children
0 1 24 4 7 2 1 18 
1 1 4 
2 1 4 3 
3 2 15 39 38 23 35 8 16 33 4 32 18 19 
4 2 39 16 31 12 20 6 19 14 9 
5 1 19 6 
6 1 10 9 
7 1 
8 2 40 35 19 9 
9 2 33 26 27 
10 1 35 25 37 14 11 34 17 18 
11 1 33 20 14 
12 1 28 14 21 
13 1 23 14 19 
14 3 15 38 29 22 35 37 16 19 20 17 
15 1 28 37 16 23 19 
16 2 38 22 28 19 20 
17 1 33 19 
18 1 29 19 33 
19 3 31 
20 1 23 22 37 26 21 
21 1 37 27 
22 1 25 37 24 
23 2 30 28 25 24 31 29 33 
24 2 39 38 25 31 29 28 
25 1 29 26 
26 1 36 38 29 37 
27 1 29 28 35 34 
28 2 39 29 37 33 
29 2 39 31 32 
30 1 39 37 31 
31 1 40 37 34 32 
32 1 33 
33 2 39 36 40 34 
34 2 
35 1 37 40 
36 1 37 39 
37 3 39 40 
38 1 40 39 
39 2 40 
40 2 
