name weight children
0 1 25 8 5 22 2 
1 2 8 7 5 28 2 
2 2 13 28 6 
3 1 4 11 9 24 6 28 5 
4 2 7 15 18 8 10 
5 2 13 19 6 
6 2 10 28 26 23 
7 1 24 22 17 11 28 12 9 20 16 8 
8 2 11 9 20 13 28 22 
9 3 10 17 11 13 20 27 28 19 
10 2 11 14 12 19 25 13 
11 2 13 25 20 28 
12 2 27 21 13 
13 3 24 26 17 20 28 
14 1 18 28 19 20 15 
15 1 20 28 24 26 16 22 
16 2 
17 2 27 22 24 19 18 25 20 28 
18 2 28 20 22 
19 2 25 20 21 28 
20 4 25 24 22 26 21 
21 2 24 27 28 25 22 
22 2 24 28 23 
23 2 25 24 28 
24 3 26 27 28 25 
25 2 27 28 26 
26 2 27 28 
27 2 28 
28 4 
