name weight children
0 68 7 6 1 12 2 22 3 15 34 23 11 18 
1 33 7 8 4 33 13 
2 72 13 10 22 
3 30 6 10 33 31 29 
4 48 19 14 6 35 5 22 
5 60 19 7 6 16 35 12 13 15 24 10 
6 53 8 9 17 15 31 
7 47 12 8 15 34 28 35 
8 73 14 15 19 24 34 17 9 
9 37 12 17 15 24 11 13 10 
10 60 12 35 26 15 
11 57 12 17 24 18 13 34 
12 58 19 15 26 
13 42 14 17 15 28 19 
14 41 15 
15 66 19 17 34 16 25 23 26 31 
16 46 17 19 24 
17 74 27 22 
18 35 27 34 20 22 19 
19 78 24 34 33 21 20 22 
20 66 24 21 29 28 34 25 22 
21 43 28 
22 58 35 24 29 23 26 
23 48 24 
24 54 35 26 25 
25 34 
26 70 31 28 
27 46 28 30 32 
28 64 34 29 31 
29 59 
30 41 
31 64 34 32 
32 49 
33 52 35 34 
34 67 35 
35 33 
