name weight children
0 43 1 35 9 3 
1 35 8 18 9 36 
2 48 9 20 22 
3 15 8 37 4 
4 44 30 14 
5 35 8 6 18 39 9 
6 48 28 14 9 13 10 39 40 
7 34 8 18 12 9 
8 45 16 15 19 10 9 
9 51 20 19 18 22 38 17 27 24 
10 45 18 14 17 11 41 
11 34 14 13 34 29 
12 38 17 14 13 
13 60 15 14 17 29 27 20 41 33 25 
14 50 17 20 16 15 19 35 25 31 30 41 33 
15 49 18 17 
16 46 17 
17 70 18 28 20 41 33 24 34 29 
18 43 20 19 40 
19 61 20 39 41 
20 53 41 33 29 27 
21 47 22 
22 31 28 30 24 34 23 37 25 
23 37 39 29 25 41 
24 45 39 30 27 25 
25 58 36 27 37 40 26 
26 32 30 27 40 
27 57 31 30 29 
28 43 30 29 
29 50 30 35 32 
30 53 40 34 33 
31 34 33 32 
32 46 41 
33 44 34 41 35 
34 33 41 40 35 
35 48 
36 41 37 
37 44 41 38 
38 55 39 41 40 
39 36 40 
40 53 41 
41 56 
