name weight children
0 1 1 3 21 27 5 8 13 
1 1 4 2 22 
2 1 3 27 5 12 20 
3 1 4 6 
4 1 14 27 5 23 8 
5 1 10 6 9 26 
6 1 27 12 
7 1 12 16 8 13 55 45 48 
8 1 12 9 11 52 43 13 53 55 44 
9 1 55 
10 1 14 11 24 
11 1 12 13 38 54 
12 1 25 13 17 50 
13 2 20 23 15 54 36 
14 1 16 25 22 55 
15 1 16 19 55 53 
16 1 55 20 42 24 50 
17 1 19 20 28 18 51 
18 1 20 38 36 
19 1 27 20 26 44 
20 2 21 22 55 44 
21 1 26 22 
22 1 23 36 
23 1 27 55 52 
24 1 26 25 55 
25 1 27 40 
26 1 27 42 50 
27 2 42 
28 1 52 34 29 31 51 
29 1 38 40 30 
30 1 53 44 47 34 
31 1 36 32 34 
32 1 40 
33 1 34 
34 2 40 55 45 47 51 
35 1 37 39 
36 1 55 37 
37 1 54 39 41 
38 1 39 
39 1 40 41 
40 1 46 41 
41 2 53 48 46 
42 1 55 54 44 
43 1 55 44 
44 2 52 47 
45 1 55 47 
46 1 55 54 47 
47 2 55 
48 1 55 50 49 
49 1 54 
50 1 55 51 
51 1 55 
52 1 55 53 54 
53 1 55 
54 1 55 
55 3 
