name weight children
0 1 44 4 25 46 12 18 16 
1 1 4 12 41 17 
2 1 4 
3 1 4 20 5 
4 1 28 5 11 25 6 15 
5 2 45 14 21 17 
6 1 8 19 12 18 11 
7 1 8 25 9 
8 1 38 11 
9 1 12 10 
10 1 48 16 11 
11 1 12 25 24 
12 3 28 31 47 51 45 40 42 20 18 25 15 21 22 
13 1 14 18 
14 1 25 15 
15 1 46 18 
16 1 25 18 
17 1 46 51 18 41 21 
18 2 34 42 24 21 23 20 
19 1 20 41 
20 2 29 25 21 23 
21 2 48 25 
22 1 23 
23 1 25 
24 1 25 41 
25 2 49 39 30 
26 1 35 31 27 28 38 
27 1 31 28 44 
28 1 31 29 34 30 
29 1 31 51 
30 1 35 31 
31 3 50 37 35 32 49 44 39 45 
32 1 36 50 37 33 38 34 51 39 
33 1 43 34 
34 1 38 51 
35 1 36 37 38 
36 1 39 
37 1 38 
38 3 44 51 
39 1 44 40 
40 1 41 
41 1 42 46 
42 1 43 49 44 
43 1 50 44 45 
44 2 47 45 
45 1 46 51 
46 1 47 51 
47 1 
48 1 49 51 
49 1 51 
50 1 51 
51 2 
