name weight children
0 1 11 5 1 2 4 24 44 42 16 43 17 
1 1 2 13 8 11 5 
2 1 14 11 5 6 22 41 42 
3 1 11 10 5 38 22 8 
4 1 5 6 7 19 43 
5 2 11 10 7 23 12 39 
6 1 7 8 11 9 14 20 19 
7 1 11 10 23 39 8 44 
8 2 14 11 10 22 19 15 17 
9 1 11 10 21 38 44 
10 1 11 12 39 
11 3 20 13 40 24 18 36 
12 1 14 15 
13 1 14 21 39 22 44 
14 2 23 46 22 19 15 16 
15 1 19 28 16 
16 1 42 17 37 31 
17 2 
18 1 20 19 42 29 
19 1 23 20 36 27 
20 2 23 47 37 
21 1 
22 1 23 36 27 32 26 
23 2 38 24 26 
24 1 28 32 26 
25 1 36 26 
26 1 46 42 28 34 47 31 
27 1 44 29 37 
28 1 43 29 
29 2 38 34 37 
30 1 41 31 
31 2 40 34 
32 1 34 33 
33 1 34 
34 3 47 
35 1 43 37 
36 1 39 38 37 
37 2 40 47 
38 1 41 40 47 
39 1 40 47 43 
40 2 47 45 
41 1 47 43 
42 1 46 43 45 
43 2 47 45 
44 1 47 45 
45 1 47 
46 1 47 
47 3 
