name weight children
0 68 8 26 2 
1 44 11 4 2 10 20 
2 74 7 8 14 26 17 6 16 24 
3 47 4 8 10 9 6 20 
4 72 12 8 27 9 
5 45 8 9 6 13 18 16 
6 78 12 11 14 16 
7 32 13 8 10 
8 66 11 12 10 26 9 13 24 20 27 18 25 
9 98 11 12 10 27 23 
10 107 11 12 13 17 20 18 21 16 24 
11 108 12 13 26 14 18 
12 69 26 13 27 
13 71 26 20 17 16 15 27 
14 63 16 15 
15 58 20 27 16 23 19 
16 70 26 17 22 25 
17 44 27 18 20 
18 69 26 27 20 19 
19 63 20 27 23 
20 82 23 22 
21 34 26 23 
22 73 26 27 25 23 
23 78 27 24 
24 75 26 27 25 
25 49 26 
26 86 27 
27 103 
