name weight children
0 49 8 17 
1 30 3 
2 40 12 11 3 23 18 
3 68 8 17 21 18 4 12 5 29 31 22 20 38 
4 41 5 7 12 22 23 25 
5 72 8 6 17 13 7 18 
6 42 8 7 26 18 
7 40 8 12 17 9 38 15 
8 57 10 13 16 17 19 24 18 
9 36 10 12 17 13 22 
10 33 17 13 
11 31 12 21 
12 67 22 17 16 13 
13 84 18 15 24 30 
14 51 17 22 19 15 
15 47 28 
16 36 19 17 18 29 
17 80 18 23 21 20 28 22 30 29 
18 93 23 38 24 27 28 
19 46 21 22 20 25 24 
20 73 21 22 23 26 35 
21 40 22 28 23 
22 89 23 30 
23 58 28 32 30 
24 55 28 30 29 25 36 
25 44 
26 28 28 
27 49 28 
28 47 
29 48 30 36 
30 41 31 
31 31 33 
32 34 33 36 34 
33 31 
34 40 35 37 
35 42 36 
36 82 37 38 
37 49 38 
38 69 
