name weight children
0 1 1 
1 1 14 2 
2 1 7 5 3 
3 1 7 
4 1 37 6 34 17 
5 1 6 
6 2 36 33 37 25 34 
7 1 37 33 36 9 35 23 13 24 10 
8 1 21 9 
9 1 36 37 34 18 24 
10 1 13 11 
11 1 34 33 24 
12 1 14 
13 1 14 36 19 
14 2 36 37 34 21 23 35 
15 1 37 18 23 
16 1 34 18 17 35 
17 1 25 37 21 18 19 
18 1 33 36 37 25 19 24 
19 1 
20 1 21 24 
21 2 36 37 23 35 
22 1 37 29 36 23 
23 2 30 31 37 36 34 24 
24 3 
25 1 26 29 33 
26 1 37 36 27 32 
27 1 37 33 
28 1 29 36 30 37 
29 1 36 37 30 34 
30 2 34 35 
31 1 33 36 
32 1 37 33 34 
33 2 37 36 35 
34 5 37 36 35 
35 3 36 
36 7 37 
37 8 
