name weight children
0 40 7 15 1 19 
1 34 11 8 2 4 
2 63 38 29 25 15 
3 26 5 11 21 8 19 
4 41 5 
5 23 26 41 20 14 11 17 
6 24 44 21 8 
7 42 27 15 8 9 11 
8 47 11 
9 44 11 14 
10 31 43 40 11 12 13 
11 52 39 31 20 29 19 22 
12 42 31 16 13 
13 45 31 21 22 14 17 15 
14 49 29 22 17 19 
15 34 45 31 33 16 17 19 23 
16 45 37 41 20 17 
17 60 21 19 
18 18 19 
19 45 20 22 
20 46 29 31 28 21 22 
21 49 28 42 25 22 
22 43 42 29 23 
23 44 
24 35 32 43 47 27 29 28 42 
25 34 34 43 26 31 29 41 45 
26 49 34 
27 40 28 41 29 31 
28 32 46 44 31 32 29 
29 50 47 40 41 
30 39 31 32 48 
31 61 34 37 33 32 40 42 
32 29 34 48 38 35 42 33 
33 49 47 35 45 42 
34 31 43 36 47 35 
35 49 44 38 
36 46 46 47 48 38 37 45 
37 21 46 38 40 
38 42 43 47 40 41 39 48 45 
39 37 47 40 
40 38 41 
41 55 46 47 
42 41 48 44 43 47 
43 41 46 47 44 
44 38 47 48 
45 41 46 47 48 
46 39 47 48 
47 36 48 
48 48 
