name weight children
0 18 2 7 25 
1 35 11 5 19 2 25 3 
2 54 17 4 8 11 26 25 52 42 28 
3 41 18 4 11 5 19 8 12 28 30 
4 38 5 19 9 29 
5 41 17 15 10 21 8 34 
6 39 8 11 19 
7 32 8 11 24 47 53 35 37 
8 45 10 23 12 42 25 27 
9 49 10 21 11 12 
10 31 11 14 19 43 
11 29 18 21 19 12 
12 49 19 13 32 
13 41 17 15 18 21 14 27 53 
14 46 17 15 18 21 23 
15 13 19 16 
16 27 17 21 19 24 26 
17 39 19 23 
18 25 19 
19 46 21 20 25 
20 37 21 24 47 
21 42 24 23 26 22 
22 31 33 
23 21 24 36 
24 38 26 34 25 
25 50 42 26 47 30 33 39 
26 28 27 44 36 
27 18 43 28 33 
28 49 29 42 30 40 38 49 
29 24 48 
30 43 42 37 44 51 31 
31 44 32 
32 13 36 53 33 38 
33 32 46 
34 31 47 35 37 
35 42 36 38 
36 45 42 40 39 
37 32 38 39 
38 44 44 39 41 40 51 
39 35 44 40 51 
40 43 53 
41 44 47 52 
42 46 44 47 51 
43 49 44 
44 41 45 49 47 52 
45 41 46 
46 34 47 48 53 
47 34 48 51 49 
48 47 52 49 
49 26 51 
50 18 51 
51 45 53 
52 42 53 
53 61 
