name weight children
0 32 37 44 31 5 1 2 22 4 
1 43 40 2 4 8 20 28 22 6 3 11 
2 44 40 38 42 39 41 4 5 32 26 7 
3 43 4 21 
4 46 17 5 28 44 9 6 19 
5 50 46 24 10 15 20 
6 39 16 27 
7 14 21 
8 41 9 
9 37 44 15 10 
10 35 47 22 11 
11 46 
12 34 18 20 
13 37 47 14 
14 33 39 16 
15 39 46 47 17 29 16 21 
16 49 33 47 35 20 
17 23 34 21 
18 38 32 23 19 
19 37 21 20 
20 49 22 21 
21 45 32 23 30 22 
22 41 35 23 29 
23 46 41 31 47 27 
24 46 38 25 39 47 26 
25 31 34 41 40 46 39 44 33 29 26 45 32 35 
26 47 31 33 29 35 28 30 27 
27 43 32 44 
28 31 41 31 29 
29 46 41 
30 48 31 33 32 
31 16 34 38 39 32 
32 47 46 42 37 33 
33 45 34 42 35 
34 38 46 42 35 
35 63 40 38 
36 40 41 40 38 45 
37 33 41 40 38 39 
38 49 46 39 47 
39 40 41 40 44 
40 40 41 44 45 47 
41 47 46 44 47 42 
42 40 43 45 44 
43 38 44 
44 47 47 
45 43 46 47 
46 37 47 
47 46 
