name weight children
0 47 2 6 7 1 38 
1 46 4 6 10 11 2 37 33 22 31 
2 51 4 3 8 11 12 10 27 
3 45 8 4 6 9 13 
4 65 8 15 5 7 12 28 
5 42 8 12 34 
6 39 11 8 7 14 
7 64 8 17 27 14 22 18 
8 106 33 12 13 36 14 11 9 10 34 38 27 26 18 
9 40 10 11 13 14 33 12 16 
10 56 35 27 15 32 13 20 
11 48 12 17 13 35 28 26 30 18 
12 41 13 14 22 
13 59 14 17 32 27 22 30 
14 57 15 33 32 38 17 
15 38 38 27 
16 43 17 28 18 
17 44 22 33 18 21 
18 28 34 24 
19 42 20 23 
20 30 
21 38 23 
22 62 26 37 34 33 27 24 23 31 
23 69 
24 50 27 31 25 
25 58 28 26 34 
26 50 38 28 27 
27 65 34 28 29 
28 43 37 
29 28 32 30 
30 48 37 33 
31 22 33 32 
32 48 33 37 
33 61 38 34 
34 60 36 35 
35 39 
36 35 38 
37 47 38 
38 68 
