name weight children
0 48 50 36 31 38 4 1 10 3 19 
1 48 25 37 4 30 5 
2 27 48 21 4 7 
3 35 46 49 21 4 
4 36 45 26 38 10 6 19 
5 39 6 17 7 9 12 
6 37 25 7 22 10 
7 37 49 38 13 22 10 39 
8 37 10 15 13 9 
9 19 33 30 
10 40 36 49 11 
11 40 29 24 
12 45 33 23 13 17 
13 16 27 16 14 
14 21 18 
15 31 31 17 
16 43 21 18 17 
17 39 
18 38 33 46 23 21 19 22 20 
19 15 29 20 
20 49 
21 43 33 47 41 39 
22 46 23 30 
23 49 29 48 37 
24 15 26 28 45 29 30 
25 24 26 28 
26 68 29 45 47 32 46 28 44 
27 32 42 28 29 49 38 30 
28 44 29 46 49 
29 27 42 32 46 48 36 33 31 49 39 
30 14 36 33 31 49 32 
31 48 32 45 50 33 
32 39 50 38 
33 43 34 39 47 
34 42 36 49 46 
35 25 36 
36 23 44 45 
37 40 50 38 40 39 
38 30 42 40 39 
39 28 41 48 49 
40 32 50 49 46 43 41 
41 19 46 44 47 43 
42 45 43 48 
43 35 
44 32 45 48 
45 25 46 48 49 
46 36 50 47 49 
47 30 48 50 49 
48 41 50 49 
49 28 50 
50 47 
