name weight children
0 17 31 20 1 21 
1 43 50 2 8 9 
2 24 44 3 13 6 
3 22 41 44 5 4 
4 35 43 5 16 22 
5 31 43 48 6 21 7 
6 38 29 14 18 46 9 12 20 
7 30 9 8 
8 32 11 10 
9 34 33 51 55 15 10 12 13 
10 39 52 46 
11 34 49 51 17 16 12 
12 48 45 50 23 
13 42 
14 36 49 44 24 55 20 16 
15 24 36 29 17 23 16 
16 32 18 
17 41 18 
18 42 36 40 47 23 
19 42 45 
20 33 25 21 23 22 
21 34 38 45 26 22 23 
22 35 23 26 
23 45 51 43 25 48 
24 39 39 25 
25 33 
26 49 50 
27 32 34 28 33 38 
28 32 35 53 29 
29 38 54 36 40 31 51 
30 45 32 31 
31 27 37 40 33 50 
32 43 33 38 52 
33 21 37 36 40 44 38 52 55 46 
34 32 35 40 37 42 41 36 43 48 
35 34 36 40 38 
36 35 39 37 48 
37 48 49 40 55 43 
38 41 39 41 40 48 55 
39 26 40 
40 34 51 53 41 52 55 
41 34 
42 29 44 
43 28 54 44 51 45 
44 58 53 47 55 48 45 
45 48 51 
46 24 47 48 
47 49 52 55 
48 40 49 51 55 50 
49 21 53 51 52 
50 36 51 55 
51 30 52 55 
52 33 53 55 
53 28 54 55 
54 33 55 
55 37 
