name weight children
0 1 1 21 37 
1 1 2 15 17 7 
2 1 19 11 18 13 21 7 4 44 34 
3 1 22 4 6 
4 3 14 12 34 35 8 9 26 44 25 
5 1 17 7 44 29 10 
6 1 18 31 22 7 10 
7 2 18 14 16 15 29 8 9 35 10 24 
8 1 34 28 15 9 10 43 
9 2 28 10 32 36 
10 3 17 18 44 15 31 29 39 32 24 43 41 42 
11 1 15 20 12 
12 1 18 14 15 
13 1 14 15 17 18 22 
14 2 18 16 15 17 30 21 34 
15 2 19 21 17 26 
16 1 19 18 20 22 28 
17 1 19 18 20 21 31 
18 3 21 20 
19 1 21 20 
20 2 21 33 28 29 
21 2 33 34 
22 1 44 29 25 
23 1 25 
24 1 28 32 29 25 36 
25 2 34 32 26 38 
26 2 28 29 37 
27 1 29 
28 1 37 29 
29 3 31 35 44 32 43 41 
30 1 34 31 
31 2 44 32 34 35 43 
32 2 43 
33 1 34 35 37 
34 1 37 35 44 
35 2 44 43 41 38 
36 1 37 40 
37 2 43 38 42 
38 2 
39 1 40 41 
40 1 41 
41 2 44 43 
42 1 43 
43 2 44 
44 3 
