name weight children
0 2 8 2 4 1 7 13 9 32 21 3 
1 2 8 14 4 16 31 
2 2 4 8 11 3 27 21 
3 2 9 27 32 30 
4 2 10 15 11 9 32 7 6 5 24 
5 2 10 16 24 31 
6 2 8 12 32 22 30 
7 2 10 8 21 31 13 
8 2 10 14 11 9 16 15 25 
9 2 10 11 13 26 31 
10 2 14 11 13 12 15 
11 3 13 19 12 32 16 
12 2 14 13 31 
13 2 15 25 20 28 
14 2 15 31 
15 2 19 
16 2 32 31 17 20 18 28 
17 2 19 31 32 18 
18 2 22 29 23 19 
19 3 22 
20 2 24 31 22 21 23 28 
21 2 32 22 27 31 30 
22 2 26 32 27 25 23 30 
23 2 32 
24 2 27 32 25 31 
25 2 32 27 
26 2 27 29 30 
27 2 31 32 28 30 
28 2 31 29 30 
29 2 32 31 
30 2 31 32 
31 3 32 
32 3 
