name weight children
0 43 4 13 38 22 
1 60 8 2 3 14 16 10 39 13 
2 51 17 7 5 10 38 12 4 8 3 6 30 
3 56 4 8 15 38 20 28 
4 57 9 10 14 8 15 19 36 35 24 20 39 
5 59 7 10 6 8 11 9 19 12 20 
6 63 9 10 14 38 8 35 
7 37 10 14 8 9 38 
8 44 9 10 38 13 
9 64 10 38 18 12 39 
10 48 17 14 15 11 19 39 34 37 29 
11 49 39 
12 49 14 13 24 
13 36 14 16 37 30 
14 49 15 16 18 30 39 
15 46 18 
16 47 17 18 38 
17 49 19 18 
18 35 19 39 35 30 24 
19 49 37 
20 56 38 22 27 28 33 23 21 32 
21 49 29 35 
22 59 24 26 33 37 
23 34 24 
24 32 30 28 
25 55 28 37 27 26 29 
26 52 30 34 
27 65 35 28 29 
28 46 37 30 29 
29 50 
30 58 38 31 34 35 33 
31 44 39 
32 14 34 
33 38 37 35 
34 62 39 38 35 36 37 
35 61 39 37 36 
36 44 39 
37 59 39 38 
38 60 39 
39 80 
