name weight children
0 66 23 37 41 7 20 36 28 1 17 
1 28 2 4 6 3 18 
2 36 36 38 40 3 9 15 6 8 
3 45 4 40 8 
4 47 24 7 40 9 20 8 
5 39 9 6 
6 61 25 21 36 8 40 9 38 13 18 
7 34 31 37 40 29 9 13 8 
8 56 30 32 40 15 9 11 
9 69 15 17 14 
10 45 40 13 11 15 
11 57 36 40 
12 29 13 20 
13 68 37 38 41 24 34 15 14 
14 42 
15 37 31 24 20 17 
16 47 17 
17 47 40 20 18 19 
18 38 20 
19 50 34 20 
20 59 31 40 29 36 39 
21 35 30 23 42 22 24 
22 47 32 31 40 25 34 
23 36 26 24 30 36 38 
24 77 31 25 37 30 35 
25 49 30 28 35 36 29 
26 39 32 35 33 28 31 
27 48 30 42 28 31 
28 52 30 35 
29 46 30 39 40 
30 49 32 35 36 31 39 
31 49 38 
32 51 35 36 40 33 
33 48 35 36 
34 40 36 
35 51 36 37 42 39 
36 47 39 42 40 
37 53 39 40 
38 38 39 42 40 
39 49 41 
40 65 41 
41 37 42 
42 41 
