name weight children
0 32 4 1 26 50 
1 21 13 19 34 2 
2 62 5 11 28 18 34 26 33 41 42 
3 48 4 19 24 23 7 37 45 50 
4 29 6 5 23 
5 49 24 21 16 19 8 9 41 45 
6 36 16 19 14 11 7 9 
7 35 24 12 8 30 
8 47 17 27 23 44 26 
9 38 10 12 19 26 31 50 30 
10 55 14 12 11 26 50 
11 22 34 41 
12 41 21 24 14 
13 38 16 19 24 14 
14 20 17 24 15 23 28 26 
15 48 16 24 17 
16 39 17 22 
17 51 19 24 27 28 26 
18 34 24 22 21 19 
19 41 24 20 26 41 
20 46 23 34 41 26 
21 48 24 22 
22 18 24 23 
23 49 24 30 
24 52 28 
25 42 28 26 46 47 
26 45 27 28 45 34 30 36 31 37 46 42 33 
27 35 34 41 
28 27 41 44 30 31 
29 39 34 30 
30 61 33 35 31 50 42 36 
31 36 33 32 35 45 36 
32 34 37 33 
33 39 37 42 36 
34 42 37 50 36 35 45 
35 43 36 39 48 
36 41 37 
37 47 43 
38 47 42 39 
39 35 42 40 
40 37 44 41 43 
41 40 42 43 45 49 
42 50 45 43 
43 32 
44 40 50 
45 37 50 46 
46 45 50 
47 15 
48 42 50 
49 29 50 
50 68 
