name weight children
0 15 2 4 6 20 
1 41 5 35 2 20 
2 67 5 35 49 7 6 46 17 11 
3 61 6 7 50 45 
4 15 43 5 30 21 6 
5 42 33 42 
6 32 42 41 30 21 9 49 7 19 11 16 13 8 24 23 
7 59 39 29 27 21 9 45 22 19 8 
8 26 
9 36 41 14 11 10 
10 34 50 11 
11 54 46 41 20 17 
12 24 14 20 16 
13 38 14 22 17 18 
14 32 41 31 15 
15 21 20 16 
16 47 17 18 
17 41 
18 13 22 20 
19 30 41 30 48 20 24 
20 60 21 24 
21 33 35 50 22 
22 25 42 30 49 24 23 
23 30 41 24 
24 47 49 44 
25 26 26 29 28 34 42 50 
26 41 28 42 29 35 27 49 
27 26 
28 43 29 37 35 49 36 32 44 
29 60 37 30 36 40 34 43 41 48 46 50 
30 23 33 37 43 50 
31 45 33 42 35 41 
32 45 33 42 35 37 43 
33 13 40 34 43 
34 40 35 37 39 
35 57 36 49 46 37 
36 31 37 39 42 41 
37 36 38 43 
38 48 39 
39 22 40 43 41 
40 48 42 43 
41 32 43 44 49 
42 24 43 49 50 
43 62 46 
44 47 45 50 
45 22 49 46 
46 42 
47 47 48 50 
48 21 
49 31 50 
50 34 
