name weight children
0 34 21 24 1 9 6 
1 21 24 12 39 2 7 15 18 5 8 
2 17 9 3 
3 48 
4 40 36 39 6 
5 81 20 39 9 6 
6 65 11 9 26 8 16 18 
7 20 39 34 9 15 
8 86 17 18 9 15 
9 124 36 25 28 18 26 15 
10 43 30 24 12 18 
11 48 39 12 34 
12 41 36 21 38 18 
13 29 18 
14 59 26 15 
15 38 27 26 18 
16 24 18 
17 54 35 38 28 18 37 
18 135 25 38 20 39 
19 32 35 21 29 25 
20 26 22 28 21 25 
21 39 36 32 22 28 26 
22 58 36 28 39 30 33 
23 49 30 24 28 
24 43 25 28 29 
25 62 36 39 35 28 38 34 
26 48 28 35 36 
27 43 31 28 32 39 
28 96 36 32 38 34 
29 16 32 31 35 30 33 36 
30 31 36 39 
31 47 32 33 39 
32 54 35 39 33 36 34 
33 36 39 38 
34 20 36 39 35 38 
35 39 36 39 
36 110 38 39 
37 35 39 
38 75 39 
39 185 
