name weight children
0 1 19 9 
1 1 22 20 16 9 
2 1 6 4 
3 2 38 27 25 8 4 20 13 9 18 
4 2 27 29 19 11 9 7 
5 1 6 30 17 9 18 
6 2 25 29 22 7 8 13 16 17 9 
7 1 30 10 8 9 
8 2 29 30 20 9 16 17 
9 3 25 20 13 14 
10 1 25 36 23 13 14 11 
11 1 13 14 16 
12 1 20 13 16 14 
13 2 39 29 20 14 19 18 15 17 
14 3 25 35 19 17 18 
15 1 20 16 17 
16 2 36 28 19 25 17 18 
17 2 22 30 28 20 19 
18 1 22 28 20 
19 2 39 27 20 
20 3 22 
21 1 40 34 22 
22 1 35 38 25 
23 1 24 38 
24 2 31 34 37 40 35 25 29 30 
25 3 32 27 29 
26 1 35 27 
27 2 33 29 28 30 
28 1 35 30 38 29 
29 1 30 
30 3 34 41 38 
31 1 34 32 40 37 35 38 
32 1 34 37 41 40 35 
33 1 41 40 35 34 
34 2 37 35 38 40 
35 3 41 38 
36 1 39 37 38 
37 2 41 40 38 
38 2 41 40 
39 1 40 
40 2 41 
41 3 
