name weight children
0 48 2 
1 34 2 13 10 
2 38 4 22 51 5 46 12 11 23 16 10 
3 49 38 4 47 
4 43 27 29 37 28 5 21 
5 34 31 9 14 
6 48 28 36 31 29 39 12 8 11 14 
7 23 8 
8 36 11 
9 26 15 12 10 16 
10 60 47 12 11 16 
11 38 53 24 12 17 23 
12 39 35 15 46 43 13 17 23 
13 47 32 42 19 14 
14 47 15 19 25 
15 19 35 28 24 
16 32 26 17 23 18 
17 33 24 19 18 
18 35 19 
19 42 33 44 23 
20 29 24 
21 43 38 22 23 
22 41 35 31 41 44 24 
23 29 24 25 
24 57 28 41 26 25 
25 49 32 26 46 
26 40 36 41 47 40 
27 39 45 36 29 28 41 
28 53 35 37 34 29 32 47 53 45 43 
29 29 32 42 47 
30 28 32 31 38 48 42 
31 39 39 49 32 37 47 
32 56 35 46 
33 40 35 46 
34 35 44 36 35 41 38 42 
35 44 50 36 41 39 44 
36 39 39 49 37 43 
37 48 49 52 38 48 39 
38 31 39 
39 42 50 49 46 
40 35 46 42 
41 31 42 44 48 51 43 
42 57 52 44 45 
43 20 50 45 49 44 47 
44 61 46 51 45 
45 39 46 48 
46 47 49 52 51 
47 37 49 53 
48 36 49 52 
49 54 52 53 
50 24 51 
51 38 52 53 
52 47 53 
53 43 
