name weight children
0 1 49 57 2 1 5 12 21 
1 1 54 6 11 4 
2 1 15 5 8 3 4 
3 1 16 6 19 17 
4 1 5 55 11 
5 2 37 9 57 12 17 11 
6 1 56 8 12 7 10 
7 1 8 49 23 11 12 
8 1 35 29 54 57 12 
9 1 44 13 53 43 14 12 23 11 
10 1 12 
11 1 56 12 
12 3 56 21 19 23 
13 1 28 46 15 16 
14 1 42 56 15 
15 1 44 54 40 26 19 
16 1 42 53 43 54 26 19 17 
17 1 24 
18 1 19 
19 2 57 21 25 
20 1 57 23 21 
21 1 38 23 26 
22 1 23 
23 2 45 49 46 37 25 27 
24 1 25 
25 2 54 52 26 
26 1 48 27 
27 1 
28 1 32 36 41 34 29 49 
29 1 42 30 52 37 
30 1 42 33 34 49 46 
31 1 32 41 33 34 44 
32 1 50 34 39 42 
33 1 50 42 34 39 35 54 37 48 
34 2 50 42 47 51 35 54 57 
35 1 42 39 36 43 52 37 
36 1 42 45 37 
37 1 41 38 
38 1 42 56 
39 1 42 40 
40 1 42 41 
41 1 50 42 43 48 56 
42 3 51 52 49 
43 1 48 55 
44 1 45 48 
45 1 57 
46 1 47 57 
47 1 49 
48 1 49 
49 2 57 
50 1 51 53 54 52 
51 1 56 57 
52 1 53 55 
53 1 56 57 
54 1 55 57 
55 1 56 57 
56 1 57 
57 3 
