name weight children
0 30 28 2 9 
1 41 2 22 10 4 21 5 13 
2 46 32 46 4 20 8 
3 41 12 17 46 4 43 11 
4 42 12 25 5 8 6 11 27 45 
5 39 17 25 
6 43 44 10 
7 38 53 23 12 16 9 44 
8 56 16 48 9 54 22 10 27 23 13 
9 36 46 15 14 13 11 
10 57 15 50 14 31 12 17 16 13 11 
11 30 44 12 21 23 
12 32 13 
13 49 15 
14 41 15 16 22 23 
15 32 30 34 33 16 22 20 23 
16 46 47 19 46 17 20 
17 41 51 53 18 
18 40 52 23 
19 29 53 27 20 
20 47 53 23 25 
21 40 23 24 
22 34 53 23 46 24 
23 41 52 51 31 25 54 26 45 24 
24 36 48 25 27 
25 54 47 54 26 43 
26 45 27 
27 51 50 46 43 
28 22 38 30 39 35 34 
29 39 30 51 33 
30 57 33 39 34 37 53 
31 31 34 33 32 48 
32 43 33 36 44 
33 41 40 34 39 41 36 50 
34 49 38 39 35 36 50 53 
35 48 36 52 39 51 37 
36 48 37 39 
37 34 40 39 44 50 
38 45 40 41 39 47 
39 48 41 40 53 
40 29 41 
41 68 
42 39 46 43 
43 20 48 44 
44 63 53 46 
45 48 46 
46 27 47 48 54 
47 49 48 
48 33 50 
49 31 51 
50 46 51 53 54 
51 39 
52 36 53 
53 59 54 
54 65 
