name weight children
0 1 1 36 8 2 14 18 3 
1 2 47 34 35 13 8 18 2 5 22 
2 2 43 48 29 38 4 13 5 32 11 8 23 
3 1 46 4 5 22 40 19 9 
4 2 27 33 44 46 8 14 12 20 5 
5 2 46 48 30 16 11 20 41 
6 1 7 8 
7 1 40 8 11 
8 2 46 32 43 48 12 38 11 21 
9 1 11 23 
10 1 14 11 
11 3 46 22 20 38 41 17 
12 1 29 13 19 16 17 
13 1 14 22 45 
14 2 26 17 29 38 46 21 20 16 
15 1 17 
16 2 40 45 17 22 19 
17 2 38 46 23 21 
18 1 29 30 22 19 21 
19 1 37 45 20 
20 2 29 38 46 37 22 23 
21 1 22 45 41 23 
22 2 29 40 23 32 45 
23 2 39 
24 1 35 26 
25 1 28 34 29 26 40 
26 2 28 48 35 
27 1 29 44 
28 1 34 33 29 
29 2 34 32 48 40 38 41 
30 1 46 32 
31 1 34 35 33 32 43 
32 2 34 35 46 43 38 
33 1 34 35 48 
34 2 35 48 
35 3 47 46 
36 1 46 48 38 41 
37 1 48 38 
38 2 48 41 45 
39 1 40 
40 2 48 46 41 
41 2 42 
42 1 44 45 
43 1 48 44 45 
44 2 46 48 
45 1 48 46 
46 2 48 
47 1 48 
48 3 
