name weight children
0 1 1 46 
1 1 2 19 4 16 3 44 47 56 50 
2 1 21 27 
3 1 24 18 10 4 6 36 
4 1 18 57 
5 1 26 21 6 
6 2 24 15 13 10 20 52 36 54 
7 1 27 8 57 44 
8 1 11 43 44 9 58 
9 1 22 12 13 
10 1 23 11 13 28 
11 1 26 24 22 13 42 
12 1 15 13 43 
13 3 26 14 21 24 50 43 51 
14 1 24 26 19 15 28 20 
15 1 24 28 16 20 
16 1 24 19 20 42 54 35 
17 1 26 18 19 
18 1 28 20 
19 1 26 21 20 28 
20 2 21 22 43 
21 1 24 27 23 22 
22 1 26 24 36 
23 1 24 
24 2 26 27 28 
25 1 26 28 58 
26 2 27 28 
27 1 28 
28 2 57 36 44 50 55 
29 1 39 30 43 47 54 32 
30 1 44 37 31 
31 1 39 54 35 50 
32 1 55 33 35 
33 1 43 35 
34 1 35 47 38 
35 2 36 45 56 
36 1 52 37 50 43 
37 2 43 38 58 56 
38 1 39 43 50 
39 1 57 46 41 
40 1 42 41 
41 1 43 
42 1 55 43 
43 3 56 44 45 58 47 
44 1 52 46 
45 1 54 47 56 46 50 
46 1 51 50 
47 1 48 53 56 
48 1 50 58 
49 1 50 
50 3 54 56 
51 1 52 54 56 
52 1 54 
53 1 58 54 
54 2 57 58 
55 1 56 
56 2 58 
57 1 58 
58 2 
