name weight children
0 14 27 15 5 1 
1 40 4 3 7 20 
2 31 28 8 54 14 3 50 5 17 
3 49 58 11 
4 35 11 20 5 
5 48 8 14 12 22 21 6 23 9 
6 49 10 
7 22 8 9 18 
8 26 46 58 37 12 11 10 
9 19 11 10 21 
10 46 28 54 14 13 22 11 29 
11 61 45 56 14 12 59 13 
12 41 60 40 14 
13 42 42 52 51 14 20 
14 44 46 42 36 32 49 28 50 19 20 30 25 
15 45 16 20 23 18 
16 22 47 54 19 20 17 
17 33 20 18 
18 36 
19 16 47 37 28 20 
20 45 22 21 29 
21 46 22 30 29 
22 30 51 54 25 
23 36 24 30 
24 37 28 26 25 
25 21 27 
26 36 
27 47 28 54 29 
28 43 46 42 36 47 37 30 
29 44 30 
30 40 37 40 
31 44 34 45 32 
32 18 33 41 38 54 
33 40 34 45 44 42 55 49 
34 45 44 35 43 42 36 49 37 
35 21 58 45 38 46 
36 49 56 37 40 
37 47 58 44 54 
38 41 41 39 45 44 60 42 40 
39 26 44 60 
40 22 45 
41 41 44 45 
42 43 44 43 60 54 49 
43 37 49 44 45 
44 55 45 58 49 47 52 51 
45 53 60 
46 29 49 60 
47 42 56 49 
48 47 49 51 59 
49 54 60 51 50 57 
50 32 51 
51 46 55 56 52 
52 21 58 
53 23 54 
54 28 55 56 60 
55 40 58 
56 18 58 60 57 
57 35 
58 60 60 59 
59 34 60 
60 61 
