name weight children
0 1 22 2 
1 1 16 23 7 6 15 3 42 2 28 26 
2 1 5 9 4 24 35 33 
3 1 11 38 4 12 37 31 
4 1 
5 1 7 14 22 23 21 16 6 
6 1 8 22 32 36 44 43 
7 1 16 8 21 17 22 23 9 
8 1 23 14 22 9 38 15 
9 1 16 22 21 10 
10 1 23 11 22 44 15 12 
11 1 23 13 31 41 12 
12 1 22 25 37 
13 1 16 23 
14 1 16 22 23 
15 1 16 31 35 
16 3 23 20 22 44 
17 1 20 23 22 18 
18 1 19 38 
19 1 23 40 
20 2 23 21 22 44 36 
21 2 22 23 38 35 
22 5 23 36 31 40 41 38 44 
23 6 42 35 
24 1 26 37 35 
25 1 26 31 30 
26 2 35 29 44 
27 1 28 44 35 30 
28 1 31 42 
29 1 31 33 30 
30 1 43 32 
31 2 38 32 42 
32 3 44 43 35 33 
33 1 38 35 37 34 
34 1 44 
35 4 36 40 42 44 38 43 
36 2 38 44 37 
37 2 41 38 
38 2 44 42 40 
39 1 40 43 
40 1 42 
41 1 44 43 42 
42 3 44 
43 2 44 
44 5 
