name weight children
0 1 6 10 2 33 
1 1 20 13 2 4 5 9 51 
2 1 8 6 44 
3 1 6 8 4 17 37 
4 2 6 20 13 14 19 5 7 33 52 28 
5 1 6 9 16 23 
6 2 15 17 
7 1 9 11 18 23 34 48 
8 1 12 9 20 11 24 
9 2 11 19 47 42 27 33 
10 1 11 12 20 16 
11 2 20 13 14 37 
12 1 20 13 
13 2 20 16 
14 1 15 
15 1 18 16 20 17 27 
16 1 20 42 27 
17 1 18 19 53 28 26 34 25 
18 1 20 19 42 
19 1 20 42 23 36 25 45 
20 3 42 27 52 34 25 28 
21 1 22 
22 1 23 51 25 41 
23 1 30 
24 1 27 
25 2 27 46 30 51 31 
26 1 27 33 
27 2 42 36 50 41 29 46 38 
28 1 33 53 30 
29 1 30 31 
30 1 33 32 55 
31 1 34 32 51 
32 1 33 36 55 39 
33 1 42 34 44 51 55 38 
34 3 42 51 36 49 41 53 48 39 54 
35 1 41 
36 1 37 
37 1 45 44 
38 1 41 39 40 
39 2 48 
40 1 
41 2 53 51 
42 1 46 53 43 48 
43 1 52 44 46 51 55 
44 1 53 
45 1 51 46 
46 2 48 
47 1 52 48 
48 2 51 53 55 49 
49 1 53 51 
50 1 52 51 55 
51 2 55 53 
52 1 53 
53 2 55 54 
54 1 55 
55 3 
