name weight children
0 36 21 2 8 1 3 42 
1 47 22 17 7 19 24 42 26 3 40 4 8 39 30 27 
2 34 22 11 
3 68 22 17 13 38 42 33 10 4 25 37 36 
4 30 22 20 15 7 31 
5 45 14 17 19 7 8 28 31 27 
6 37 7 32 
7 58 11 16 21 19 14 22 12 13 10 38 8 41 36 30 
8 56 10 28 36 
9 21 17 18 10 31 
10 66 17 20 22 40 26 33 39 31 42 
11 61 22 15 19 16 21 12 
12 14 14 22 13 
13 48 21 19 14 18 
14 47 19 22 20 15 17 18 38 
15 49 16 21 19 17 
16 46 17 18 21 
17 48 21 19 22 40 18 
18 32 19 22 
19 45 22 20 21 
20 45 21 22 38 
21 57 23 22 26 
22 62 40 
23 47 26 24 
24 43 41 26 44 31 
25 30 27 34 29 
26 56 27 32 
27 56 32 28 39 37 
28 37 42 30 33 29 32 
29 41 32 30 33 
30 51 36 34 
31 40 35 32 33 37 
32 48 33 39 45 
33 57 40 38 39 43 45 
34 48 35 45 37 
35 23 36 39 
36 69 42 37 
37 50 41 38 39 
38 63 40 39 45 
39 23 40 43 
40 41 41 42 45 
41 40 42 
42 45 45 43 
43 48 45 
44 35 45 
45 69 
