name weight children
0 89 1 3 6 5 
1 76 31 9 21 2 5 7 3 13 
2 66 28 22 3 5 
3 85 17 22 11 6 5 
4 63 13 6 5 7 14 
5 98 30 22 7 9 13 10 6 12 11 15 14 
6 57 22 7 11 12 8 14 
7 74 29 17 23 20 8 14 12 11 
8 59 25 30 9 10 13 
9 98 27 28 11 17 30 22 12 13 
10 83 22 11 20 14 12 
11 92 18 23 19 13 15 
12 75 13 14 
13 46 22 14 
14 79 17 30 22 15 
15 85 
16 80 29 18 19 21 27 20 17 22 
17 48 27 28 18 
18 57 29 25 19 31 20 24 21 
19 76 29 24 
20 81 27 21 22 23 25 
21 74 23 25 29 
22 93 25 27 23 
23 80 25 28 
24 81 27 25 26 28 29 30 
25 104 29 27 26 31 28 
26 61 29 27 28 
27 80 29 
28 59 29 30 31 
29 58 31 30 
30 69 31 
31 70 
