name weight children
0 1 3 1 20 38 
1 1 18 2 43 
2 2 3 10 14 24 37 52 38 44 21 41 
3 2 7 49 
4 1 11 7 10 5 49 
5 1 17 8 31 
6 1 12 25 
7 1 12 8 42 
8 2 12 
9 1 10 12 49 38 19 24 
10 2 11 12 20 18 
11 1 12 17 18 25 
12 3 49 16 14 
13 1 14 41 19 47 
14 1 17 18 38 41 15 24 
15 1 18 38 36 25 45 
16 1 18 25 
17 1 20 18 
18 2 49 35 38 45 24 21 42 36 40 50 
19 1 20 35 50 21 
20 1 50 24 21 
21 2 49 35 51 25 40 33 39 23 26 
22 1 45 24 34 23 
23 2 24 
24 1 25 52 36 33 48 
25 2 47 39 37 44 
26 1 46 28 
27 1 44 34 28 
28 2 37 31 50 38 48 29 
29 1 45 
30 1 31 
31 2 51 37 35 38 41 52 48 
32 1 37 34 
33 1 40 50 38 34 48 
34 2 38 36 45 
35 1 36 37 38 45 
36 2 49 38 52 50 
37 1 49 38 48 52 
38 2 49 42 50 44 41 46 52 
39 1 51 40 41 46 
40 1 41 44 
41 2 45 50 52 
42 1 49 46 45 
43 1 50 45 
44 1 46 45 52 
45 3 49 52 48 
46 1 51 47 50 48 
47 1 49 52 48 
48 2 50 52 
49 1 52 50 
50 2 51 52 
51 1 52 
52 3 
