name weight children
0 1 38 2 34 18 4 3 32 
1 1 2 9 22 
2 2 35 46 12 29 13 20 4 6 9 14 
3 1 4 9 10 
4 2 38 20 8 18 11 19 33 5 9 22 
5 2 11 20 
6 1 8 33 10 11 
7 1 29 8 9 
8 2 12 44 28 11 10 
9 1 27 10 11 14 
10 2 48 20 18 32 11 35 16 13 23 
11 3 38 20 16 23 
12 1 47 37 24 48 13 18 14 19 
13 2 46 25 38 28 36 16 21 14 17 32 23 
14 2 35 20 
15 1 16 
16 1 17 32 
17 2 20 22 
18 1 27 20 23 
19 1 44 38 20 
20 2 39 44 29 30 36 33 23 21 
21 1 23 
22 2 23 
23 2 34 
24 1 26 47 48 46 35 
25 1 26 
26 2 48 38 29 41 46 45 27 34 
27 1 29 35 44 30 
28 1 37 29 34 
29 2 45 35 40 48 
30 1 35 40 32 
31 1 32 
32 2 
33 1 41 34 
34 2 38 35 
35 3 47 37 44 38 
36 1 38 
37 1 40 43 46 38 
38 2 40 41 44 
39 1 40 46 41 
40 2 44 41 48 46 
41 2 48 
42 1 48 44 
43 1 45 44 
44 2 47 48 
45 1 47 48 46 
46 2 47 48 
47 1 48 
48 3 
