name weight children
0 1 8 16 24 19 10 14 1 
1 1 2 19 3 5 51 
2 1 13 47 
3 1 7 49 4 32 
4 1 8 19 21 5 
5 2 16 26 11 19 6 35 47 32 25 39 31 
6 1 8 19 22 24 26 10 12 31 51 46 
7 1 8 22 16 23 26 10 18 12 
8 2 11 13 26 15 17 22 19 24 31 
9 1 22 24 12 50 10 
10 2 11 19 26 50 51 
11 1 22 24 26 12 49 
12 2 19 13 15 51 41 
13 1 19 16 26 14 
14 1 19 15 
15 1 19 16 23 35 
16 1 24 26 19 17 22 
17 1 19 22 23 25 
18 1 26 19 
19 3 22 24 23 26 43 35 
20 1 23 21 47 
21 1 22 24 23 47 46 
22 2 24 26 23 25 
23 1 24 26 
24 2 26 
25 1 26 46 36 
26 3 42 47 31 32 53 
27 1 43 28 
28 1 30 51 33 29 
29 1 
30 1 49 31 32 
31 2 48 36 40 37 33 
32 1 35 47 38 33 
33 2 53 40 52 
34 1 38 
35 1 50 36 
36 2 50 38 
37 1 38 
38 2 51 50 54 39 40 
39 1 40 
40 2 46 47 52 
41 1 49 43 54 
42 1 47 43 51 
43 1 46 
44 1 46 45 
45 1 47 54 
46 1 49 47 
47 3 50 
48 1 50 
49 1 50 
50 2 54 52 
51 1 53 54 52 
52 2 54 
53 1 54 
54 2 
