name weight children
0 43 8 1 37 46 
1 47 16 2 42 
2 23 9 14 5 46 
3 40 10 37 21 36 
4 32 10 7 5 
5 29 8 6 27 13 
6 48 10 17 21 41 36 47 57 
7 42 15 10 23 16 12 8 21 
8 49 9 10 37 46 38 18 41 
9 39 15 10 23 13 17 21 
10 44 15 13 11 17 12 19 
11 36 28 
12 39 13 46 
13 50 15 16 20 45 
14 37 15 23 17 16 21 19 
15 35 16 17 27 
16 48 21 17 18 
17 61 24 19 18 28 38 52 34 
18 26 26 19 42 
19 32 26 20 
20 49 27 41 52 
21 39 26 22 25 54 30 52 
22 34 23 54 
23 42 24 
24 39 26 
25 37 26 27 28 
26 48 27 
27 43 28 41 
28 47 44 36 55 58 47 
29 45 30 52 34 31 47 
30 32 44 39 31 40 
31 49 36 32 43 55 53 33 
32 10 40 
33 71 42 57 34 
34 28 41 35 55 56 
35 49 55 40 
36 27 37 45 43 44 
37 31 42 54 
38 35 39 57 43 
39 64 42 
40 59 42 41 43 54 56 47 
41 19 45 47 43 
42 43 43 58 
43 48 46 55 54 
44 40 46 47 55 
45 40 52 46 
46 45 47 52 56 
47 43 48 49 53 50 56 
48 39 55 54 
49 36 55 
50 46 
51 31 54 52 55 
52 47 55 53 54 
53 36 54 
54 42 58 56 
55 31 56 58 
56 47 57 58 
57 45 58 
58 40 
