name weight children
0 1 30 35 5 1 2 16 6 13 
1 2 29 31 32 38 20 4 2 
2 2 4 36 30 34 8 5 22 
3 1 47 5 
4 2 44 37 11 5 
5 2 32 38 36 30 35 10 
6 1 8 10 
7 1 26 8 23 
8 2 11 23 10 
9 1 10 
10 2 20 34 11 16 19 
11 3 29 43 16 
12 1 14 21 
13 1 14 
14 2 48 38 26 23 16 15 20 
15 1 17 33 
16 1 17 
17 2 48 35 
18 1 20 26 33 21 
19 1 20 
20 2 36 26 
21 1 22 
22 1 23 
23 2 35 
24 1 48 46 28 43 26 
25 1 46 37 26 
26 2 28 29 48 39 33 35 
27 1 43 48 29 
28 1 45 29 48 
29 2 40 46 41 48 32 35 34 
30 1 45 32 37 36 33 
31 1 43 41 32 
32 2 40 43 37 35 34 
33 1 35 
34 1 39 42 41 48 35 
35 3 46 48 44 37 
36 1 41 38 42 37 
37 2 40 43 48 46 38 
38 3 43 44 46 41 48 
39 1 40 44 48 46 41 
40 1 45 48 41 
41 2 46 45 48 47 44 
42 1 43 44 48 
43 2 45 46 48 47 44 
44 2 45 46 47 48 
45 1 48 46 
46 2 48 47 
47 1 48 
48 3 
