name weight children
0 44 1 12 8 3 10 
1 34 27 26 30 29 7 3 17 
2 45 5 3 
3 63 4 25 16 12 
4 61 30 27 32 8 14 5 33 11 
5 51 24 18 7 12 8 
6 49 7 14 
7 75 34 21 27 26 30 8 11 
8 80 21 25 20 17 16 
9 34 10 
10 68 12 14 11 16 
11 67 32 12 17 
12 70 33 25 26 27 31 17 
13 47 14 17 
14 37 32 17 
15 46 17 
16 67 25 20 17 
17 79 29 20 
18 68 34 26 19 24 22 23 29 
19 49 30 26 24 25 31 29 21 
20 68 26 25 30 27 
21 77 25 26 28 
22 48 25 26 30 23 33 27 
23 55 25 26 30 32 31 35 27 
24 49 25 26 30 
25 124 30 34 35 26 31 29 28 33 32 
26 126 34 35 29 30 
27 51 29 28 30 
28 47 29 30 
29 84 34 30 35 32 
30 74 34 33 
31 62 33 32 
32 39 
33 69 34 35 
34 66 35 
35 85 
