name weight children
0 1 2 13 21 
1 1 2 12 21 8 
2 2 38 34 52 14 5 10 
3 1 51 12 23 5 8 19 
4 1 15 5 
5 2 41 36 12 7 
6 1 38 12 7 
7 1 12 8 25 23 10 
8 2 17 34 12 13 15 
9 1 27 10 
10 1 12 36 11 
11 1 28 32 12 25 23 
12 3 35 26 52 28 
13 1 37 14 17 15 21 16 19 
14 1 44 29 38 35 15 21 
15 2 28 36 51 38 18 19 25 
16 1 23 
17 1 38 34 42 18 
18 2 37 52 23 22 
19 1 21 22 
20 1 38 25 21 
21 2 38 23 25 
22 1 28 25 23 
23 2 46 36 52 25 
24 1 48 25 
25 2 46 36 38 
26 1 43 41 27 36 
27 1 31 28 37 
28 2 39 41 45 30 35 31 
29 1 45 30 34 35 52 
30 1 50 31 46 
31 2 45 51 32 38 
32 1 45 34 38 
33 1 50 34 35 40 37 
34 2 44 39 36 40 
35 1 39 41 36 38 
36 2 49 42 37 38 52 
37 1 39 41 38 42 52 48 
38 2 47 46 52 
39 1 52 45 47 41 50 40 
40 1 44 49 41 
41 2 44 45 48 47 46 51 
42 1 44 45 47 50 43 
43 1 44 
44 1 52 45 
45 3 50 48 51 
46 1 48 51 
47 1 48 52 
48 2 50 52 
49 1 52 50 
50 2 
51 1 52 
52 3 
