name weight children
0 41 1 5 
1 47 2 11 5 6 4 23 9 20 8 18 15 
2 64 7 5 4 11 9 14 44 46 
3 34 7 5 4 12 
4 67 5 10 6 23 8 13 17 19 43 16 40 32 
5 69 6 23 8 12 11 41 13 
6 39 7 8 12 
7 38 10 20 8 19 23 
8 41 11 9 43 20 44 
9 39 11 10 15 14 46 
10 21 11 23 
11 67 23 13 20 22 
12 26 20 14 22 21 16 45 13 32 
13 58 14 47 46 16 26 38 
14 44 23 18 39 46 45 37 43 
15 46 23 43 16 45 
16 18 17 35 24 
17 42 40 
18 39 23 19 20 
19 60 39 40 22 20 43 
20 31 22 23 42 
21 42 23 35 
22 45 23 45 
23 47 28 40 35 46 
24 39 45 41 25 29 33 30 
25 28 43 26 
26 47 41 28 40 
27 53 35 42 29 
28 35 29 35 30 
29 49 38 35 47 
30 43 46 32 31 
31 52 40 32 35 47 
32 30 35 34 
33 43 35 
34 36 35 
35 63 41 40 43 38 
36 41 46 
37 32 40 38 
38 53 40 46 45 
39 45 43 40 
40 47 41 
41 52 43 47 
42 42 43 44 46 45 
43 52 44 47 
44 40 47 
45 33 46 47 
46 55 47 
47 55 
