name weight children
0 1 4 11 7 37 1 
1 1 28 7 41 
2 1 18 3 13 40 7 29 25 
3 1 12 4 13 19 7 8 34 20 
4 2 12 13 19 5 10 17 8 21 37 
5 1 6 28 7 
6 1 12 13 7 
7 3 12 10 13 16 40 37 38 31 23 41 
8 1 9 13 14 34 38 35 
9 2 12 16 10 13 19 17 
10 3 12 16 11 19 13 21 
11 1 13 
12 2 13 19 15 16 18 28 
13 4 15 19 18 17 38 40 41 
14 1 15 17 
15 2 16 19 
16 3 19 34 
17 2 19 38 
18 1 19 20 
19 3 34 37 
20 1 29 35 23 25 
21 1 28 37 23 
22 1 38 23 
23 2 37 38 41 
24 1 25 
25 1 29 26 32 31 
26 1 34 40 28 35 
27 1 29 
28 2 40 31 29 41 
29 3 40 41 31 32 
30 1 35 40 38 32 31 41 
31 2 34 35 38 32 41 
32 3 37 40 35 34 38 33 
33 1 35 41 
34 2 35 38 41 
35 3 40 37 41 
36 1 38 
37 2 38 41 
38 3 40 41 39 
39 1 40 
40 2 41 
41 4 
