name weight children
0 1 3 18 
1 1 38 2 8 
2 1 20 3 5 
3 1 38 
4 1 19 6 
5 1 41 20 9 6 
6 2 20 9 
7 1 9 
8 2 16 41 19 11 9 
9 2 20 14 10 
10 1 11 13 
11 1 13 40 38 20 
12 1 21 20 13 
13 2 14 40 18 20 
14 2 39 31 41 20 19 17 
15 1 34 20 17 
16 1 27 40 17 18 19 
17 2 41 
18 2 27 20 38 
19 4 34 41 40 20 
20 6 35 28 23 41 34 38 27 
21 1 25 23 40 31 
22 1 41 29 23 40 
23 2 29 35 24 41 38 
24 1 41 25 32 35 28 31 
25 1 29 26 40 41 38 
26 1 29 40 35 
27 1 29 28 34 38 
28 1 29 41 
29 2 30 41 40 33 38 
30 1 41 31 34 37 38 40 
31 1 32 35 
32 1 39 41 34 
33 1 34 37 
34 1 35 38 
35 2 41 40 37 
36 1 37 
37 2 39 41 40 38 
38 5 40 41 
39 1 41 40 
40 5 41 
41 7 
