name weight children
0 38 22 11 52 2 3 
1 42 7 19 2 53 27 
2 43 24 35 50 
3 31 5 36 33 
4 28 11 5 39 
5 42 22 8 32 31 38 
6 42 25 7 9 26 29 
7 46 25 11 8 29 
8 69 15 26 10 18 28 
9 32 11 10 16 27 
10 49 22 15 26 11 36 
11 51 14 13 19 12 24 26 18 37 28 
12 46 52 
13 41 22 15 17 24 
14 49 22 15 17 
15 39 19 26 21 
16 34 25 17 28 
17 43 19 21 
18 41 19 20 26 34 39 
19 52 22 23 
20 46 22 24 29 37 
21 41 22 26 37 52 
22 51 25 26 24 23 29 37 52 34 54 28 
23 39 26 
24 48 26 29 37 54 53 
25 40 26 
26 57 43 49 
27 44 28 31 38 
28 55 29 37 34 51 50 53 31 32 49 44 
29 31 32 51 35 31 52 
30 47 31 32 33 
31 30 37 34 32 35 39 45 
32 56 36 47 39 53 33 50 49 
33 40 38 53 
34 46 36 35 50 
35 58 37 41 39 53 
36 13 39 53 43 
37 35 52 38 39 
38 50 54 40 53 
39 43 54 40 
40 67 45 
41 38 47 43 
42 49 43 
43 40 52 
44 52 52 47 45 
45 34 50 
46 32 47 
47 46 52 53 
48 48 52 49 50 
49 22 54 50 
50 69 52 53 
51 34 52 
52 60 54 53 
53 24 54 
54 68 
