name weight children
0 1 4 23 8 
1 1 4 16 2 11 
2 1 36 35 4 
3 1 4 7 
4 2 31 7 23 8 
5 1 19 8 
6 1 7 8 
7 2 29 41 22 9 15 
8 1 9 
9 2 19 34 21 25 15 
10 1 23 31 12 36 16 
11 1 12 20 
12 2 19 31 16 
13 1 43 36 14 16 
14 1 15 
15 1 16 23 
16 3 43 21 30 18 
17 1 23 18 
18 1 19 
19 2 40 23 31 20 
20 2 29 42 24 21 23 
21 2 42 39 41 23 36 22 
22 2 41 38 23 
23 4 28 33 41 40 36 34 35 25 
24 1 27 33 41 29 42 25 
25 2 43 40 
26 1 41 43 29 
27 1 28 38 43 42 29 37 
28 1 41 43 29 42 
29 3 43 30 42 31 36 34 
30 1 31 
31 1 43 42 32 36 
32 1 43 38 
33 1 41 36 34 
34 1 42 40 37 43 35 36 
35 1 42 41 36 
36 2 41 43 
37 1 43 42 39 
38 1 41 43 39 
39 1 41 42 43 40 
40 2 41 43 42 
41 6 43 42 
42 4 43 
43 6 
