name weight children
0 39 24 1 29 13 20 15 4 2 9 39 51 41 
1 37 21 3 5 20 25 12 
2 34 3 39 
3 42 24 6 29 
4 48 14 5 26 59 56 30 44 
5 41 24 6 17 12 8 7 
6 39 13 
7 47 16 9 8 10 35 56 42 45 31 
8 20 21 20 12 62 41 47 
9 37 13 10 
10 43 21 13 26 11 59 
11 49 12 19 59 41 
12 58 17 13 20 27 55 
13 48 
14 22 24 17 29 16 15 
15 40 54 56 
16 36 17 
17 51 24 21 28 18 27 19 
18 39 29 19 31 
19 21 21 20 26 36 
20 48 29 21 23 
21 35 24 29 
22 43 27 23 54 31 
23 47 25 55 
24 39 27 25 
25 23 26 31 
26 29 28 27 
27 49 29 54 31 62 59 
28 32 29 
29 42 
30 29 31 33 32 38 
31 40 57 34 59 33 32 37 51 52 43 
32 36 42 
33 39 42 39 
34 33 36 35 56 51 41 43 42 
35 26 
36 40 59 56 41 
37 46 
38 36 39 41 50 
39 42 54 45 40 43 41 57 58 
40 31 41 42 
41 47 42 52 
42 31 47 57 46 50 43 45 
43 47 44 47 58 45 
44 45 62 45 48 
45 40 55 
46 49 47 51 
47 28 59 49 52 48 
48 37 49 50 
49 34 55 
50 19 51 53 57 
51 46 60 52 57 58 
52 45 53 
53 30 56 59 
54 31 55 56 
55 43 57 58 60 
56 27 57 
57 48 62 59 
58 45 59 
59 29 
60 33 61 
61 31 62 
62 35 
