name weight children
0 1 19 1 3 2 54 
1 1 11 32 33 4 
2 1 7 50 34 
3 1 7 8 57 59 
4 1 14 5 17 6 57 52 
5 1 30 25 7 62 56 
6 1 7 24 45 60 
7 2 30 16 14 31 28 62 56 42 34 60 
8 1 25 15 41 10 
9 1 28 17 13 67 10 66 55 
10 1 51 65 
11 1 29 19 14 31 20 12 15 
12 1 41 
13 1 14 52 
14 1 24 15 
15 1 33 22 56 58 
16 1 24 30 32 27 17 
17 1 19 22 18 58 61 
18 1 32 
19 1 24 23 62 
20 1 22 21 23 54 
21 1 24 33 58 
22 1 30 32 28 24 51 
23 1 24 62 
24 2 25 26 
25 1 27 26 28 62 
26 1 30 32 33 56 41 
27 1 33 
28 1 30 31 56 41 57 61 
29 1 30 32 33 
30 1 33 31 
31 1 32 33 
32 1 33 
33 2 
34 1 41 35 52 
35 1 56 55 36 
36 1 52 38 
37 1 59 58 39 38 
38 1 
39 1 41 58 49 40 
40 1 
41 1 56 47 49 42 43 
42 1 62 50 45 44 
43 1 60 44 
44 1 57 59 50 
45 1 51 48 46 
46 1 
47 1 62 58 
48 1 57 49 
49 2 67 50 
50 1 58 51 67 55 65 53 
51 1 57 52 67 
52 1 56 67 58 53 
53 1 57 66 
54 1 58 66 55 
55 1 56 65 
56 1 58 57 66 
57 2 62 58 
58 2 61 59 67 60 66 63 
59 1 67 60 
60 1 61 64 
61 1 62 66 
62 1 67 66 
63 1 66 64 65 
64 1 67 
65 1 67 
66 1 67 
67 2 
