name weight children
0 1 9 24 1 
1 2 13 3 14 37 4 41 30 2 
2 1 20 19 4 15 33 40 
3 2 9 20 13 18 6 19 16 4 14 39 
4 2 13 6 11 17 39 24 41 
5 2 20 18 14 9 38 30 
6 1 11 20 18 14 9 37 7 
7 1 8 9 20 27 
8 2 11 9 13 16 39 14 
9 3 11 14 10 16 20 13 19 30 
10 1 11 20 13 16 14 15 
11 2 19 13 16 14 20 18 40 
12 1 19 13 14 
13 2 20 19 14 16 
14 3 18 16 20 27 19 38 
15 1 16 19 22 39 
16 2 20 18 19 17 
17 2 20 18 24 22 
18 1 20 19 
19 2 20 23 24 40 41 29 
20 3 40 30 22 
21 1 22 25 
22 2 37 24 27 25 35 29 33 
23 1 24 27 30 
24 2 41 25 37 
25 2 28 
26 1 27 30 
27 2 37 28 
28 2 38 29 30 34 32 
29 2 41 30 31 
30 3 41 35 32 
31 1 40 32 
32 2 37 33 
33 2 34 40 
34 2 37 35 40 
35 2 41 39 
36 1 37 39 
37 2 38 41 
38 2 39 40 
39 2 41 40 
40 2 41 
41 2 
