name weight children
0 2 8 5 14 17 3 2 1 30 
1 2 7 4 26 18 
2 2 12 3 35 21 
3 2 8 13 6 17 5 12 33 
4 1 8 13 17 7 5 
5 2 7 12 8 17 6 
6 2 8 7 12 13 16 14 17 27 
7 3 8 17 
8 3 12 14 
9 2 13 17 12 29 32 
10 1 24 
11 1 12 16 22 
12 3 17 35 
13 2 17 14 35 22 
14 3 17 16 34 35 22 
15 1 17 26 22 
16 2 17 27 19 26 31 32 
17 3 29 
18 2 30 22 19 28 21 20 
19 3 26 35 31 25 34 24 21 
20 1 26 22 31 21 35 
21 2 25 26 30 
22 2 26 30 25 23 31 24 
23 2 26 29 
24 2 33 26 35 25 
25 2 34 26 30 35 29 
26 4 27 35 31 29 30 32 
27 2 34 29 28 
28 2 34 35 30 
29 2 33 30 31 
30 2 34 35 
31 2 34 35 32 
32 2 34 35 
33 1 34 35 
34 2 35 
35 3 
