name weight children
0 1 6 11 2 20 3 23 
1 1 2 21 10 5 11 6 16 24 
2 2 11 5 12 20 34 3 19 
3 1 6 5 20 21 4 25 8 55 
4 2 13 17 5 41 23 6 27 53 
5 2 6 20 23 12 14 24 
6 2 22 33 11 34 45 
7 1 8 53 
8 1 9 23 34 35 32 
9 1 11 12 10 
10 1 11 13 12 
11 2 20 15 28 
12 1 21 17 23 
13 2 20 
14 1 16 
15 1 20 16 24 
16 1 21 17 
17 1 20 18 34 
18 1 
19 1 20 27 
20 3 21 24 33 22 23 27 
21 1 23 22 27 25 
22 1 23 25 30 45 31 
23 2 33 45 24 28 30 27 
24 1 34 27 25 54 
25 2 28 51 27 26 
26 1 43 51 27 
27 2 34 32 46 31 
28 1 41 34 32 39 50 30 
29 1 34 30 48 38 
30 2 41 31 43 48 34 32 37 
31 1 34 32 55 
32 2 33 34 46 55 44 
33 1 34 55 40 
34 3 41 49 35 39 43 51 
35 1 45 36 55 
36 1 42 37 39 
37 1 
38 1 41 54 39 
39 2 45 40 52 44 51 
40 1 41 48 52 
41 2 45 46 
42 1 45 44 
43 1 45 54 53 44 
44 2 46 51 47 
45 1 46 55 48 
46 2 51 53 48 52 47 
47 1 49 50 53 48 
48 2 55 
49 1 51 
50 1 55 51 
51 2 54 
52 1 55 53 
53 2 55 54 
54 1 55 
55 3 
