name weight children
0 49 1 10 
1 78 34 28 14 3 4 13 
2 45 10 3 
3 39 
4 58 17 11 12 5 
5 40 15 12 8 
6 71 21 13 23 7 17 
7 51 8 17 9 18 13 
8 73 23 17 18 12 
9 28 11 12 21 10 
10 76 11 13 23 14 
11 62 37 23 22 17 12 21 13 20 
12 97 23 14 13 18 15 28 16 
13 97 32 34 31 29 14 21 17 15 18 23 19 28 16 
14 55 36 32 22 17 
15 48 23 17 
16 47 17 18 
17 110 31 34 27 29 20 18 
18 64 28 
19 43 20 
20 67 37 35 26 32 22 27 21 23 
21 63 36 32 22 27 23 
22 57 26 28 
23 66 32 26 37 34 31 24 
24 36 36 26 31 25 
25 46 36 26 27 
26 48 32 36 37 27 33 
27 81 37 35 33 36 28 
28 56 32 33 37 31 29 
29 70 37 36 33 30 
30 38 32 37 
31 65 32 36 33 
32 86 36 37 35 33 34 
33 58 36 37 35 34 
34 36 37 
35 46 36 37 
36 92 37 
37 107 
