name weight children
0 1 11 1 3 
1 2 4 19 17 9 5 3 13 
2 1 3 34 
3 2 4 8 18 9 14 13 7 15 35 
4 3 8 17 5 16 
5 2 19 18 9 14 6 
6 2 35 33 13 30 
7 1 11 9 
8 2 9 29 16 24 37 
9 3 19 14 
10 1 14 11 16 37 
11 2 14 16 35 19 
12 1 13 25 
13 2 14 19 28 38 37 29 30 24 
14 3 17 15 18 29 16 
15 2 19 16 35 24 36 
16 3 17 18 23 28 29 37 
17 1 18 
18 2 19 
19 3 32 26 40 
20 1 24 37 
21 2 36 28 29 23 40 24 37 
22 1 24 26 34 39 
23 2 24 40 26 36 30 27 34 
24 3 32 29 28 40 37 25 39 
25 2 28 26 27 34 
26 2 32 29 35 
27 1 29 28 31 
28 2 29 36 34 
29 3 37 34 
30 2 32 31 34 39 
31 2 38 37 
32 1 33 38 
33 2 34 36 
34 3 36 37 39 
35 2 36 37 39 
36 2 38 37 39 
37 3 39 40 38 
38 1 39 
39 2 40 
40 2 
