name weight children
0 1 27 29 4 2 
1 1 5 25 26 50 10 2 
2 1 6 11 39 47 
3 1 27 6 4 
4 1 6 9 43 50 39 
5 1 25 19 6 
6 3 27 12 14 13 50 15 17 11 39 
7 1 19 26 9 8 11 31 
8 1 9 13 11 38 37 
9 2 22 12 10 
10 1 17 11 46 31 51 47 
11 2 24 12 15 48 43 35 46 54 58 
12 1 23 19 22 13 48 53 
13 2 26 28 35 51 
14 1 15 21 50 51 
15 1 19 26 28 18 16 48 43 
16 1 
17 1 23 19 18 38 53 
18 2 26 27 20 19 22 
19 1 28 20 24 
20 2 25 28 22 
21 1 25 22 
22 1 23 26 27 28 24 
23 1 26 24 
24 2 26 27 28 
25 1 26 27 28 29 
26 2 28 27 
27 1 28 
28 2 
29 1 43 35 46 31 
30 1 35 31 32 58 40 
31 1 50 34 42 41 
32 1 39 46 35 33 
33 1 34 43 56 42 
34 1 35 57 
35 2 53 55 43 46 
36 1 37 
37 1 39 43 41 
38 1 39 43 56 42 
39 2 50 54 58 41 43 
40 1 41 52 
41 1 43 42 
42 1 50 43 44 51 58 
43 3 50 56 44 55 
44 1 50 45 58 
45 1 48 46 
46 2 50 54 
47 1 48 50 56 
48 1 54 50 
49 1 50 
50 3 55 57 
51 1 52 56 
52 1 54 
53 1 54 56 
54 2 58 56 
55 1 56 
56 2 58 
57 1 58 
58 3 
