name weight children
0 62 3 15 2 14 4 9 6 1 
1 52 2 5 12 4 25 19 34 17 
2 54 16 3 15 14 6 4 29 
3 63 7 5 11 16 13 30 
4 59 5 12 16 6 10 
5 66 7 6 
6 60 7 15 14 11 8 9 
7 51 15 20 10 25 
8 33 11 9 13 33 19 
9 74 15 14 10 26 19 25 18 20 
10 71 15 11 12 16 19 24 18 20 
11 59 14 
12 68 15 16 14 19 13 21 25 
13 48 14 16 26 21 33 
14 72 15 16 25 
15 83 16 
16 120 
17 66 21 18 20 24 25 
18 42 25 19 
19 72 20 21 26 25 22 34 
20 81 24 23 30 34 
21 44 22 23 25 27 
22 49 30 29 34 24 28 
23 74 30 33 25 24 
24 85 25 27 26 31 
25 116 26 30 33 32 31 27 29 28 34 
26 55 27 34 31 
27 78 29 34 28 32 
28 42 29 
29 63 34 33 
30 51 33 31 
31 35 32 
32 82 33 34 
33 48 34 
34 70 
