name weight children
0 1 2 19 6 1 59 44 34 
1 1 5 2 
2 1 19 23 16 17 48 45 14 
3 1 20 14 54 4 
4 1 19 20 6 12 57 56 44 33 
5 1 15 19 29 13 21 48 6 
6 2 19 29 17 27 49 44 51 11 54 42 55 
7 1 15 14 12 8 45 
8 1 20 29 49 9 57 55 
9 1 14 48 10 
10 1 22 27 14 42 
11 1 19 14 12 31 53 59 
12 1 14 
13 1 22 14 18 
14 3 21 23 28 20 29 24 51 45 44 56 
15 1 16 17 27 18 21 24 19 
16 1 21 19 17 31 
17 2 29 25 22 21 20 36 
18 1 21 19 29 26 36 
19 2 20 29 27 24 22 21 49 
20 2 29 25 21 58 49 
21 2 22 23 29 
22 1 29 26 25 23 24 
23 1 27 29 
24 1 29 26 25 48 
25 2 29 
26 1 29 28 27 
27 1 29 
28 1 29 
29 3 51 36 
30 1 32 57 
31 1 44 32 52 
32 1 36 55 46 
33 1 44 36 56 34 
34 1 41 55 
35 1 36 39 
36 3 51 49 42 44 39 43 
37 1 42 59 43 38 
38 1 40 
39 1 42 40 
40 2 52 55 44 43 
41 1 42 44 
42 1 45 49 44 53 43 
43 1 46 44 
44 3 59 53 
45 1 59 46 
46 1 51 49 47 
47 1 
48 1 51 49 54 59 
49 2 54 
50 1 51 
51 2 56 53 
52 1 54 53 
53 1 57 55 
54 1 56 55 59 
55 2 57 
56 1 57 
57 2 58 59 
58 1 59 
59 2 
