name weight children
0 2 34 31 22 26 1 29 7 9 14 3 18 6 
1 3 33 25 29 31 22 30 20 32 13 27 3 5 8 
2 1 9 18 3 8 
3 2 30 7 18 14 4 11 8 
4 2 20 8 9 13 5 14 12 
5 2 7 8 11 
6 1 22 8 17 13 
7 2 26 30 21 32 8 
8 3 26 19 24 27 15 13 12 
9 2 18 11 10 13 
10 2 15 12 
11 2 32 18 14 13 12 
12 2 18 13 17 
13 3 32 28 18 15 
14 2 25 18 20 15 16 
15 2 22 18 
16 1 17 
17 2 26 18 
18 3 32 21 20 
19 1 35 36 27 22 20 24 32 
20 2 34 36 37 28 25 21 27 
21 2 36 28 22 
22 3 34 35 31 24 27 26 32 
23 2 37 29 24 26 
24 2 33 25 29 
25 2 33 35 31 26 27 
26 2 33 31 27 
27 3 37 
28 2 37 29 
29 3 37 35 36 34 30 32 31 
30 1 33 36 31 32 
31 2 37 33 32 
32 2 37 33 36 
33 2 37 35 36 34 
34 2 37 35 
35 2 37 36 
36 2 37 
37 4 
