name weight children
0 1 5 
1 2 4 6 5 2 11 39 37 
2 2 4 17 5 8 15 35 
3 1 14 20 9 4 5 45 
4 2 12 23 16 9 5 10 29 46 44 
5 3 20 16 8 22 11 10 42 35 31 47 
6 1 14 16 8 32 
7 1 20 16 8 10 29 32 
8 2 12 23 9 17 14 10 27 18 11 32 
9 1 17 20 14 10 
10 2 16 13 14 22 18 29 11 32 33 46 26 35 
11 2 31 15 42 29 28 
12 1 19 20 16 23 14 17 
13 2 17 14 16 
14 2 20 16 23 
15 1 16 17 20 22 
16 2 17 21 20 22 27 
17 2 20 23 19 31 
18 1 19 20 23 
19 1 20 23 
20 3 21 23 22 29 
21 1 23 
22 2 23 
23 3 31 32 
24 1 26 34 
25 1 29 28 26 36 
26 2 27 31 44 
27 1 33 28 
28 2 29 31 32 35 
29 2 46 35 43 34 31 38 41 
30 1 34 31 32 33 44 35 40 
31 2 32 34 
32 2 45 34 35 41 43 
33 1 46 43 35 
34 2 35 42 
35 3 44 38 47 40 
36 2 41 
37 1 38 
38 1 41 
39 1 40 
40 2 41 43 47 
41 2 46 
42 1 43 
43 2 44 
44 2 46 
45 1 46 
46 2 47 
47 2 
