name weight children
0 49 20 22 24 5 2 
1 47 2 23 16 35 
2 49 3 5 7 14 49 23 
3 35 20 22 5 4 8 10 
4 51 12 7 5 21 50 
5 60 6 13 15 14 11 12 8 
6 27 7 22 24 
7 32 24 10 8 
8 39 49 9 16 
9 47 17 10 27 
10 44 11 22 20 49 37 40 47 
11 44 20 
12 40 14 20 22 24 19 15 45 17 
13 31 21 14 
14 42 19 21 49 17 
15 38 22 47 18 16 45 49 
16 35 21 17 45 40 27 48 
17 45 23 21 35 20 47 44 31 
18 49 45 20 21 
19 49 20 22 23 21 26 
20 41 24 21 22 23 47 
21 69 24 22 23 25 49 35 44 
22 35 24 
23 52 24 35 46 
24 56 35 
25 41 26 49 45 
26 32 45 27 
27 33 49 35 41 
28 61 40 39 33 29 36 
29 49 37 30 
30 48 35 
31 35 44 35 32 
32 43 45 35 46 42 34 33 36 
33 46 35 36 
34 36 35 43 
35 55 49 38 39 36 
36 42 37 42 
37 45 46 38 
38 30 50 40 46 47 39 43 
39 28 40 46 41 
40 93 42 41 48 43 
41 48 47 42 43 
42 44 45 50 46 43 
43 39 46 
44 23 46 47 48 
45 38 50 46 
46 61 49 
47 56 49 48 
48 23 50 
49 42 50 
50 42 
