name weight children
0 41 25 7 5 
1 46 23 27 2 16 28 12 14 10 5 
2 27 11 5 6 32 53 
3 45 23 29 18 12 6 5 43 45 4 13 
4 19 20 12 5 34 
5 30 6 51 
6 36 9 8 45 19 41 33 32 
7 48 16 8 12 45 41 48 
8 21 21 30 23 10 31 12 13 
9 46 30 29 12 10 13 43 
10 39 21 17 25 29 45 12 11 28 61 
11 38 29 18 24 16 12 43 32 37 41 13 33 
12 41 17 14 45 43 50 44 13 41 
13 47 28 14 50 34 51 32 
14 37 21 27 15 45 42 
15 37 25 17 26 16 19 
16 34 21 30 27 17 18 32 
17 53 18 22 24 28 29 19 
18 28 22 
19 30 22 31 20 45 53 34 
20 41 22 24 
21 24 26 22 
22 39 23 
23 28 27 26 24 28 25 
24 48 25 26 43 
25 37 30 26 32 43 
26 44 30 28 29 
27 31 30 28 
28 44 29 
29 46 30 50 33 
30 38 
31 37 43 50 45 34 33 
32 32 34 37 33 60 41 59 
33 48 53 38 56 
34 25 44 43 47 40 36 35 
35 47 37 
36 27 37 53 
37 45 
38 32 44 41 39 
39 32 41 46 52 40 
40 30 45 41 44 57 
41 46 45 
42 19 43 47 
43 63 45 44 46 
44 50 45 50 58 
45 33 48 
46 42 58 47 49 
47 33 51 59 
48 33 49 57 
49 40 51 52 
50 29 53 51 
51 40 53 55 
52 33 53 56 
53 49 58 
54 38 55 57 
55 34 58 
56 48 57 
57 23 
58 30 61 59 
59 41 60 
60 51 61 
61 38 
