name weight children
0 1 40 24 16 6 2 1 
1 1 40 3 2 20 7 16 22 8 
2 2 38 13 5 4 17 7 
3 1 11 41 12 20 4 
4 1 5 
5 3 13 22 8 
6 1 28 18 10 11 7 14 
7 2 24 47 45 28 11 22 20 8 
8 2 10 
9 1 10 
10 2 36 32 11 44 18 17 
11 2 35 28 13 40 41 22 19 23 
12 1 34 13 17 
13 2 46 24 16 17 20 14 
14 2 16 40 
15 1 16 40 18 17 20 
16 2 35 29 39 22 19 23 17 
17 2 37 45 19 
18 1 42 45 22 20 
19 1 39 37 47 44 23 20 
20 3 41 21 
21 1 23 
22 2 38 23 44 
23 3 38 42 44 
24 1 32 27 26 40 
25 1 35 26 29 38 47 
26 2 35 31 29 33 38 46 
27 1 35 29 38 
28 2 35 29 39 31 38 34 37 
29 2 31 35 39 44 42 
30 1 35 31 
31 2 35 33 32 37 44 34 38 
32 2 35 34 46 39 47 45 
33 1 35 
34 2 35 37 39 40 44 
35 3 47 40 36 46 
36 1 40 
37 2 46 38 40 
38 2 47 43 40 39 45 
39 2 46 44 40 41 47 
40 2 41 
41 2 
42 1 44 
43 1 46 44 
44 2 47 
45 1 47 
46 2 47 
47 2 
