name weight children
0 30 34 38 64 52 27 7 53 32 1 3 6 12 28 
1 44 39 4 53 24 6 15 
2 38 3 8 25 
3 16 51 23 26 55 49 
4 29 48 5 12 
5 39 6 32 20 31 18 15 
6 51 42 34 7 23 28 26 15 
7 37 56 11 
8 11 35 26 9 
9 39 21 
10 46 65 17 25 11 15 
11 45 28 13 15 
12 45 20 15 13 14 
13 29 20 31 
14 37 15 
15 40 30 20 28 
16 41 42 38 17 22 26 
17 27 39 52 51 20 31 28 
18 37 28 22 19 31 
19 30 20 
20 58 34 51 22 24 23 49 25 
21 20 27 22 24 
22 36 46 23 
23 44 48 44 52 34 49 32 31 
24 37 32 25 31 
25 36 26 30 32 
26 56 34 62 27 28 31 
27 24 62 
28 60 31 29 30 
29 21 55 
30 30 32 31 
31 43 32 50 
32 37 49 
33 29 37 41 43 34 47 40 61 52 51 35 63 36 39 46 65 
34 42 45 38 39 52 36 64 62 
35 38 36 39 
36 31 39 48 52 
37 34 58 38 40 
38 38 45 39 52 46 
39 45 58 42 40 64 46 48 63 49 
40 46 43 
41 45 58 42 47 
42 13 59 60 45 48 43 44 61 52 
43 36 48 52 
44 37 
45 25 47 46 
46 45 59 60 48 65 53 49 
47 39 48 
48 45 51 
49 20 52 51 50 
50 36 
51 40 52 53 
52 61 58 61 63 65 53 
53 19 54 55 56 
54 48 64 
55 39 
56 33 
57 48 58 
58 26 59 60 61 
59 44 
60 46 
61 22 62 63 
62 43 64 65 
63 34 64 65 
64 16 
65 47 
