name weight children
0 2 14 16 13 3 1 5 2 7 
1 2 10 13 14 6 8 7 21 22 
2 2 16 3 8 11 29 19 20 23 
3 3 15 6 9 21 17 33 20 
4 2 16 15 13 6 5 
5 2 13 12 6 32 20 29 24 
6 3 11 12 21 10 7 9 32 29 30 
7 2 10 31 
8 2 11 16 9 20 
9 2 11 15 13 10 19 17 
10 2 14 11 15 17 
11 3 13 14 15 16 12 21 30 
12 2 16 13 15 14 21 32 20 17 
13 3 15 14 16 
14 2 16 15 
15 3 16 
16 3 
17 2 32 19 28 20 33 24 18 22 
18 2 20 31 
19 2 20 22 24 33 21 28 
20 3 30 28 21 29 22 31 25 
21 2 29 22 30 31 24 33 
22 2 30 31 28 24 25 
23 2 25 31 24 
24 3 30 
25 2 30 28 26 
26 2 32 27 31 28 
27 2 32 28 
28 3 33 31 30 
29 2 33 30 31 
30 3 32 31 33 
31 2 33 32 
32 3 33 
33 3 
