name weight children
0 1 64 56 38 1 3 4 28 19 
1 1 43 48 15 27 11 7 
2 1 48 12 25 3 
3 1 39 28 
4 1 26 5 18 6 7 
5 1 
6 1 7 19 13 
7 2 30 15 20 9 
8 1 15 9 
9 2 12 49 10 21 
10 1 28 11 
11 1 27 13 
12 1 43 13 
13 1 15 24 22 14 
14 1 15 
15 3 58 56 29 28 31 
16 1 25 23 19 18 17 22 
17 1 19 
18 1 19 21 
19 2 31 21 
20 1 29 38 39 25 21 
21 2 28 27 22 
22 1 31 
23 1 60 
24 1 25 27 
25 1 26 
26 1 37 50 27 31 
27 2 64 47 30 31 
28 2 35 45 29 30 47 31 
29 1 37 46 33 45 30 31 
30 2 58 33 43 60 31 41 49 47 
31 2 43 44 39 40 
32 1 51 55 34 33 64 35 39 
33 1 35 64 61 37 46 38 39 
34 1 35 37 
35 2 62 58 55 45 61 41 51 63 43 38 44 
36 1 37 46 64 41 38 
37 1 64 55 44 
38 1 51 43 39 
39 2 42 55 64 48 49 40 
40 1 41 43 47 
41 1 59 61 42 45 
42 1 55 59 43 45 47 
43 2 63 47 44 
44 1 58 45 49 64 47 
45 1 46 55 
46 1 64 51 50 47 
47 2 59 49 
48 1 55 59 49 
49 2 55 63 50 60 
50 1 64 51 
51 1 59 64 53 
52 1 55 56 53 
53 1 55 58 
54 1 57 55 
55 2 61 
56 1 57 64 59 
57 1 59 58 
58 1 64 59 
59 2 64 61 60 
60 1 61 
61 2 64 63 
62 1 64 
63 1 64 
64 3 
