name weight children
0 1 10 4 29 6 1 14 
1 2 4 21 3 19 
2 1 39 18 4 6 
3 2 4 26 9 12 13 
4 3 27 41 30 44 40 19 7 29 6 10 32 16 21 17 
5 1 44 8 15 6 
6 2 7 9 14 21 
7 2 36 29 32 9 10 15 
8 1 9 22 10 
9 2 30 40 10 33 19 21 
10 3 25 39 32 12 22 19 
11 1 30 12 16 
12 2 32 22 19 15 13 14 
13 2 
14 2 15 
15 2 33 22 18 16 
16 2 19 
17 1 19 
18 1 19 21 
19 3 32 33 22 21 
20 1 27 22 
21 2 26 22 
22 3 
23 1 27 35 43 36 30 24 32 
24 2 27 26 33 
25 1 27 
26 2 27 45 35 43 33 
27 3 41 38 42 36 39 45 31 30 34 35 43 29 33 
28 1 30 
29 2 37 30 33 
30 2 33 32 
31 1 45 42 32 
32 2 45 33 
33 3 41 34 35 43 45 39 36 
34 1 42 36 38 45 39 
35 2 38 42 36 39 37 45 43 40 
36 2 43 45 41 39 
37 1 38 43 42 39 44 
38 2 41 39 43 
39 3 45 42 
40 1 41 
41 2 42 45 44 
42 2 43 45 44 
43 2 45 44 
44 2 45 
45 3 
