name weight children
0 29 1 30 2 22 10 5 49 
1 43 3 24 10 30 
2 22 3 23 6 10 16 12 9 
3 53 25 6 26 7 13 22 4 37 
4 50 21 25 6 26 10 16 5 9 34 51 
5 28 17 10 47 
6 43 28 21 23 27 15 
7 39 21 
8 44 21 10 12 9 59 32 
9 41 10 57 
10 53 17 11 28 15 16 39 41 27 54 38 
11 28 13 46 
12 22 13 14 15 48 58 62 36 
13 45 21 29 14 27 15 
14 38 30 15 48 47 
15 41 19 27 51 47 61 
16 49 20 17 19 22 32 57 
17 13 28 21 18 39 50 
18 19 25 21 20 27 37 46 61 
19 49 28 21 23 24 27 60 50 
20 44 28 21 23 30 44 
21 53 25 26 22 23 24 
22 47 23 57 
23 34 25 
24 47 25 30 26 27 
25 16 31 30 
26 58 28 31 27 34 42 
27 20 33 37 
28 58 30 29 47 
29 26 31 30 
30 35 31 48 47 38 57 
31 55 
32 46 34 33 37 52 48 58 54 38 56 35 
33 38 35 
34 21 35 38 
35 66 44 53 55 
36 34 39 37 38 
37 27 46 55 
38 35 44 39 49 50 
39 45 41 
40 23 41 46 42 
41 38 44 
42 43 53 62 43 
43 49 50 
44 39 
45 40 46 
46 76 60 
47 43 50 48 53 
48 38 50 61 
49 27 50 
50 52 59 52 51 55 58 
51 57 52 56 
52 43 54 
53 25 54 
54 35 58 
55 29 61 57 56 
56 38 57 
57 41 60 61 58 
58 46 
59 14 60 
60 26 61 
61 72 62 
62 34 
