name weight children
0 1 33 1 7 3 
1 1 8 3 5 50 34 
2 1 21 30 3 46 
3 2 27 15 32 33 16 26 8 24 7 5 47 6 20 49 
4 1 32 31 28 7 5 35 62 6 52 
5 1 32 49 40 41 
6 1 7 24 42 
7 2 30 13 14 17 38 53 10 57 
8 1 15 21 16 12 9 
9 1 11 38 10 36 
10 1 46 50 
11 1 21 
12 1 16 24 13 32 35 40 
13 1 19 62 
14 1 15 28 40 
15 1 28 16 24 32 
16 2 32 25 
17 1 24 18 
18 1 27 21 19 62 47 59 
19 1 31 22 30 26 24 20 62 
20 1 33 30 52 
21 1 31 22 28 30 24 
22 1 23 32 24 
23 1 31 24 62 
24 2 27 32 29 49 40 36 
25 1 27 33 28 26 62 
26 1 27 
27 1 31 28 30 32 
28 2 32 33 31 47 35 52 
29 1 31 30 32 
30 1 32 33 35 
31 1 32 33 
32 2 33 
33 2 
34 1 35 41 36 65 63 37 
35 1 49 40 41 36 
36 1 38 50 37 
37 1 46 53 44 
38 1 62 53 41 39 
39 1 49 40 
40 1 50 64 41 42 61 44 
41 2 52 64 45 56 
42 1 47 49 44 45 43 58 
43 1 54 
44 1 49 62 45 58 
45 2 64 59 63 50 
46 1 47 49 52 
47 1 49 61 
48 1 50 53 54 
49 2 50 60 
50 2 62 59 66 
51 1 52 53 54 
52 1 64 65 56 59 
53 1 61 66 58 54 
54 2 63 58 
55 1 56 
56 1 63 58 
57 1 59 66 58 
58 2 59 
59 2 60 61 
60 1 62 63 
61 1 62 66 
62 2 64 66 
63 2 64 66 
64 1 65 66 
65 1 66 
66 3 
