name weight children
0 41 1 21 
1 62 10 2 13 3 17 
2 41 9 14 3 12 8 18 19 32 
3 43 9 6 13 11 
4 24 8 5 23 
5 45 15 16 
6 38 13 7 16 19 38 
7 68 15 9 13 8 17 32 38 37 
8 93 9 17 13 16 19 32 10 18 28 23 38 35 
9 56 10 15 13 16 17 
10 65 13 16 12 11 14 29 27 
11 44 14 13 18 29 
12 58 13 17 
13 93 15 14 18 17 32 16 35 22 
14 43 15 17 18 
15 40 16 18 
16 39 17 18 22 20 33 27 23 
17 102 18 32 20 
18 90 19 20 38 33 32 23 
19 62 20 22 33 37 27 
20 70 32 22 35 37 33 23 29 
21 38 23 35 24 
22 85 32 37 23 38 26 25 
23 110 38 32 28 34 25 33 27 29 
24 51 33 35 25 
25 73 33 27 
26 40 37 33 27 
27 100 32 28 
28 67 38 33 
29 50 32 35 37 33 30 
30 60 33 38 34 
31 48 33 
32 83 38 37 33 
33 100 38 35 37 
34 56 35 
35 82 38 37 
36 49 37 
37 72 38 
38 93 
