name weight children
0 43 22 26 40 1 
1 56 4 10 2 42 33 51 
2 44 6 5 
3 22 15 12 27 5 
4 20 27 26 5 48 7 35 8 
5 33 26 19 36 39 44 10 
6 30 13 18 7 10 35 
7 51 27 14 16 26 50 51 8 43 19 10 40 35 
8 35 26 46 
9 45 15 10 11 
10 27 19 15 26 38 40 36 11 29 50 39 
11 24 26 
12 34 13 21 19 15 26 
13 57 19 15 24 17 23 22 26 
14 42 15 22 19 40 
15 65 18 19 16 20 26 
16 22 18 19 17 43 36 
17 44 18 26 21 19 35 
18 56 26 19 22 
19 148 20 22 26 24 44 37 27 23 40 43 38 35 36 
20 38 21 27 40 49 
21 43 22 26 23 
22 41 24 26 23 
23 38 26 31 
24 19 25 26 
25 39 26 
26 97 27 
27 46 49 43 
28 29 44 43 29 36 
29 38 39 30 36 
30 41 31 
31 24 
32 35 33 
33 38 51 46 40 36 
34 48 35 
35 61 40 44 45 46 42 39 36 
36 69 50 46 43 
37 24 38 40 39 
38 30 40 43 
39 41 51 40 50 
40 120 46 43 44 48 51 42 
41 49 43 
42 40 43 
43 108 49 46 44 45 
44 46 46 45 50 
45 70 46 47 
46 78 49 47 
47 46 51 
48 33 49 
49 24 50 51 
50 58 51 
51 65 
