name weight children
0 40 51 41 27 24 1 4 13 
1 47 2 55 22 26 9 6 
2 27 20 16 24 
3 47 24 4 
4 33 41 7 6 5 
5 18 28 
6 60 15 18 12 
7 13 8 12 22 
8 49 54 12 18 9 
9 46 20 23 
10 49 28 12 11 
11 38 12 15 13 
12 56 57 27 26 17 43 28 13 
13 40 41 27 56 24 29 
14 31 18 28 27 
15 39 19 57 50 17 16 18 24 55 23 25 
16 48 26 17 56 
17 32 49 39 19 51 43 20 18 46 28 27 22 24 
18 42 28 
19 42 44 46 21 27 26 20 
20 44 42 54 27 43 21 24 56 
21 43 42 39 22 28 
22 58 39 48 35 54 28 27 24 23 25 
23 18 26 24 
24 67 28 25 
25 46 27 26 28 
26 49 44 28 50 43 27 
27 62 52 50 46 28 
28 66 39 38 45 55 52 56 57 
29 38 
30 31 40 37 36 31 51 
31 22 52 
32 34 49 36 33 35 
33 48 37 34 49 52 47 
34 40 40 37 52 35 
35 48 45 50 
36 44 37 49 51 39 38 54 
37 48 40 42 38 45 
38 46 40 41 46 43 
39 28 40 51 41 
40 43 44 42 47 52 
41 41 42 51 
42 36 55 
43 34 48 45 47 
44 44 45 49 54 57 
45 48 51 46 
46 48 49 47 
47 25 49 56 
48 49 49 
49 41 51 52 54 50 
50 34 51 
51 44 53 52 54 57 56 
52 54 53 57 
53 43 
54 23 55 
55 52 57 56 
56 52 57 
57 38 
