name weight children
0 1 2 13 6 4 41 36 50 
1 1 6 23 2 48 14 61 
2 1 20 28 14 4 
3 1 6 20 4 28 38 55 
4 1 5 9 34 
5 1 6 22 17 7 
6 3 18 15 22 27 23 19 25 57 14 30 41 35 
7 1 15 35 57 8 14 
8 1 14 24 56 10 
9 1 30 19 14 45 10 
10 2 53 
11 1 12 56 14 50 
12 1 24 43 
13 1 29 14 48 
14 3 23 20 27 26 19 25 48 53 40 43 45 60 
15 1 16 20 23 21 18 
16 1 18 22 19 17 24 
17 1 21 18 36 
18 2 29 20 22 27 24 35 30 
19 1 29 20 23 55 
20 2 29 30 22 21 26 25 
21 1 22 28 
22 2 28 26 57 25 
23 1 27 30 24 28 
24 2 27 26 48 56 
25 1 26 28 34 45 
26 1 28 57 38 
27 1 29 28 
28 2 29 44 30 
29 1 30 
30 2 48 38 34 
31 1 38 49 34 32 
32 1 35 38 41 33 37 45 
33 1 53 50 
34 1 35 36 37 61 
35 2 
36 2 52 61 45 
37 1 42 54 53 
38 1 61 41 39 
39 1 45 
40 1 48 41 51 43 45 
41 2 45 43 
42 1 57 43 
43 2 56 47 50 45 
44 1 45 
45 2 57 53 58 61 
46 1 47 52 
47 2 48 61 53 
48 1 56 49 61 50 
49 1 53 
50 1 58 51 53 
51 1 55 53 
52 1 53 61 
53 3 54 58 60 
54 1 55 60 
55 1 57 
56 1 57 59 
57 2 61 
58 1 61 59 
59 2 61 60 
60 1 61 
61 3 
