name weight children
0 46 1 5 2 42 
1 49 16 30 20 39 
2 22 19 25 31 4 
3 34 38 4 
4 47 6 8 11 10 30 37 27 36 
5 47 16 6 42 31 9 
6 42 16 19 10 9 40 
7 41 41 42 9 26 28 40 
8 31 19 12 20 30 38 9 32 
9 38 12 
10 44 20 12 14 11 
11 11 17 13 29 
12 51 17 13 20 14 42 
13 42 14 19 15 16 20 17 31 
14 71 19 22 42 
15 45 17 20 19 16 
16 64 20 17 42 18 19 30 
17 65 20 31 30 
18 37 20 31 
19 60 20 30 42 
20 84 42 31 
21 49 31 22 42 36 27 32 
22 82 25 42 28 30 37 31 
23 38 27 26 25 32 
24 74 31 25 27 
25 79 30 39 27 37 40 
26 59 42 30 27 28 
27 64 31 42 30 41 28 36 37 29 32 35 
28 63 31 35 34 41 
29 55 30 31 35 
30 68 31 39 
31 98 42 37 41 36 35 
32 54 41 37 40 33 35 
33 59 41 
34 32 35 
35 79 41 36 
36 70 42 41 
37 66 39 42 40 38 
38 47 42 39 
39 37 41 42 
40 36 42 41 
41 94 42 
42 90 
