name weight children
0 41 1 20 
1 24 4 
2 39 3 17 
3 26 18 15 8 17 4 
4 38 17 8 15 
5 24 8 9 36 
6 35 8 10 29 36 
7 43 8 36 35 
8 71 15 17 18 36 14 
9 45 18 11 
10 28 14 11 18 32 33 27 
11 44 17 18 15 21 12 36 25 
12 60 36 35 
13 22 18 15 14 36 
14 84 15 18 36 32 
15 139 17 18 36 29 16 
16 27 18 
17 151 18 21 36 
18 247 36 27 25 
19 29 29 35 20 25 
20 38 36 25 
21 15 22 36 30 
22 28 36 26 35 23 25 
23 48 
24 35 26 
25 69 36 32 26 35 
26 74 36 32 33 29 30 35 
27 36 32 36 35 30 
28 56 33 29 30 
29 53 32 36 30 
30 95 36 33 
31 33 36 32 
32 68 33 35 
33 79 36 35 
34 49 35 
35 123 36 
36 358 
