name weight children
0 2 3 2 22 
1 3 7 11 12 2 13 20 16 21 24 23 
2 3 7 10 6 4 11 18 20 
3 3 12 10 8 21 17 4 5 9 18 20 13 
4 3 7 12 9 11 21 5 20 15 18 
5 3 12 9 11 21 6 18 15 23 
6 2 7 12 8 11 
7 4 8 9 12 21 10 11 
8 4 12 10 9 18 
9 3 12 10 11 13 
10 4 12 11 21 20 14 
11 4 12 17 20 18 13 
12 4 17 
13 3 15 17 22 14 25 
14 3 15 20 16 19 22 18 23 17 
15 3 21 17 20 23 
16 2 18 24 22 17 
17 3 18 21 23 
18 5 22 25 21 
19 3 21 25 22 
20 3 21 25 22 24 23 
21 4 23 22 25 
22 5 24 23 25 
23 3 
24 3 25 
25 3 
