name weight children
0 49 3 4 10 1 14 7 8 13 
1 56 2 13 4 5 8 28 
2 55 3 4 16 10 7 8 15 
3 78 14 4 10 7 8 11 13 18 28 19 38 
4 104 5 11 6 31 10 38 9 33 39 34 
5 60 9 14 7 8 6 
6 43 19 39 
7 40 10 9 8 
8 81 9 16 11 19 31 34 39 33 
9 108 11 17 14 18 39 
10 57 14 11 13 15 19 
11 65 14 17 13 16 30 
12 35 14 13 19 
13 74 14 18 15 31 25 28 32 38 
14 101 16 33 39 19 34 
15 40 16 38 
16 48 19 33 
17 60 32 19 34 
18 64 28 19 32 23 
19 80 25 36 30 34 
20 67 23 36 25 21 35 27 24 
21 49 38 39 24 
22 42 36 24 
23 88 32 38 34 29 30 24 
24 65 27 29 37 
25 81 27 26 
26 43 29 
27 71 33 28 38 34 29 35 
28 70 34 29 35 38 
29 75 31 39 34 38 
30 59 31 33 38 39 34 35 
31 40 33 36 
32 75 33 39 34 
33 74 34 36 35 
34 102 39 36 
35 58 39 36 
36 65 39 38 37 
37 45 39 38 
38 88 39 
39 111 
