name weight children
0 19 2 7 1 
1 41 18 17 
2 33 30 26 10 18 5 12 4 29 11 
3 22 36 6 14 4 
4 15 34 18 
5 26 37 17 12 18 8 
6 18 30 7 17 
7 37 18 8 
8 39 36 15 
9 33 12 17 
10 45 32 28 20 26 18 14 12 
11 63 18 30 19 25 12 15 17 
12 28 
13 45 37 15 
14 65 22 18 34 15 17 
15 192 18 17 
16 30 20 18 37 
17 116 18 
18 330 37 32 22 34 27 30 36 35 29 
19 15 22 34 
20 48 24 37 34 32 28 22 
21 32 32 28 34 27 22 
22 43 34 27 30 
23 22 24 37 
24 25 37 36 33 30 26 27 
25 32 27 30 34 29 
26 43 27 28 36 30 
27 58 36 37 30 29 34 
28 32 37 34 35 29 
29 52 37 30 36 
30 91 34 36 31 37 32 
31 81 37 36 34 
32 46 37 36 33 
33 45 34 
34 101 37 36 35 
35 37 37 36 
36 196 37 
37 301 
