name weight children
0 72 20 2 33 7 15 5 1 13 
1 78 33 29 2 8 14 7 11 
2 61 25 23 16 8 33 26 3 4 
3 81 20 30 19 23 33 28 17 7 14 4 
4 48 8 13 5 
5 61 26 36 32 7 6 10 16 
6 62 8 28 
7 84 34 28 8 26 15 32 17 13 
8 101 26 27 21 16 33 
9 88 30 17 10 
10 71 11 15 13 
11 65 28 26 15 17 12 13 
12 49 
13 75 27 14 20 
14 77 35 16 20 17 33 15 
15 76 27 30 26 16 17 
16 66 31 36 28 17 
17 76 28 29 
18 59 30 35 25 26 19 27 36 21 20 
19 65 36 25 26 30 20 
20 74 30 35 24 22 26 27 33 28 
21 36 31 26 
22 47 30 23 26 33 
23 89 25 26 28 31 
24 77 35 25 36 26 
25 84 36 26 28 
26 135 31 36 35 27 34 
27 68 30 36 34 28 33 29 32 
28 71 36 30 34 
29 44 36 30 
30 93 31 36 34 33 
31 91 35 33 36 
32 41 33 36 
33 46 35 36 34 
34 59 35 36 
35 92 36 
36 115 
