name weight children
0 44 2 6 17 16 11 3 21 
1 46 16 4 2 28 20 55 13 38 48 51 
2 44 3 8 5 4 26 10 24 9 13 30 
3 48 17 4 6 18 13 5 
4 40 17 8 5 6 18 9 14 
5 41 6 17 14 24 9 
6 45 8 
7 41 8 9 11 
8 42 18 17 9 11 14 13 
9 36 10 12 22 
10 36 11 23 18 55 50 31 38 48 
11 30 55 12 
12 44 24 21 13 
13 45 21 26 15 31 29 
14 34 19 18 20 15 50 31 38 37 44 
15 39 16 41 38 
16 58 18 25 43 24 23 20 54 38 32 48 49 
17 33 18 25 21 19 24 20 
18 44 19 23 20 27 35 55 50 31 30 37 
19 37 
20 40 26 51 53 
21 42 23 22 31 
22 38 23 24 45 
23 47 27 
24 43 25 34 
25 49 28 27 
26 22 43 27 38 
27 46 
28 37 35 55 31 30 42 
29 47 30 51 38 
30 47 31 
31 62 55 34 42 32 37 45 
32 20 55 51 34 
33 32 34 
34 54 35 45 36 53 41 51 47 
35 38 38 37 45 52 
36 27 37 
37 56 55 50 41 49 
38 38 51 41 50 39 40 
39 36 41 
40 51 49 41 51 
41 60 49 52 
42 49 43 50 54 44 47 45 
43 30 55 44 
44 45 50 51 
45 61 55 46 49 
46 27 51 48 
47 38 51 48 
48 51 50 
49 44 55 54 51 
50 44 51 
51 49 55 52 53 
52 24 53 
53 49 55 54 
54 43 55 
55 51 
