name weight children
0 19 7 2 6 3 11 
1 47 15 17 2 6 3 7 
2 37 7 3 5 
3 61 7 4 8 9 
4 44 7 5 17 14 31 
5 32 7 8 6 17 
6 34 7 
7 181 16 8 15 12 17 13 
8 129 12 17 28 
9 21 17 13 10 35 
10 29 35 
11 32 16 17 13 
12 48 16 13 
13 21 16 28 17 31 
14 41 16 
15 23 17 
16 105 17 28 35 32 29 
17 243 28 32 29 31 35 
18 34 28 21 35 29 
19 40 21 35 20 
20 104 21 35 25 23 34 
21 76 32 31 24 25 
22 36 32 25 
23 71 35 25 34 24 
24 84 35 25 34 
25 111 35 34 
26 36 34 29 
27 35 28 35 
28 95 29 32 31 35 
29 100 35 32 33 30 
30 44 31 35 34 
31 116 32 35 34 
32 118 35 34 
33 46 35 34 
34 254 35 
35 435 
