name weight children
0 2 1 7 9 10 19 3 
1 2 10 5 8 15 
2 1 4 3 19 15 43 
3 2 10 8 16 4 11 44 18 
4 3 9 10 5 17 20 34 21 
5 2 6 7 10 13 19 8 11 
6 2 8 10 9 7 
7 2 10 14 9 
8 2 9 10 17 
9 2 10 16 20 
10 4 14 13 12 11 20 
11 2 14 13 15 17 12 20 24 44 
12 2 13 24 37 18 
13 2 14 15 
14 2 15 19 
15 3 16 18 34 38 
16 1 17 
17 2 24 18 21 37 19 35 
18 3 24 34 32 37 27 
19 2 21 
20 2 21 
21 3 36 34 40 44 42 
22 2 35 24 36 28 43 23 
23 2 25 40 
24 2 34 38 25 28 29 
25 2 27 29 28 26 
26 2 30 38 29 27 41 33 
27 2 36 33 28 42 29 
28 2 34 30 38 42 29 
29 3 32 43 42 
30 2 43 35 31 32 
31 2 43 32 
32 3 34 43 39 38 
33 2 34 43 42 38 
34 2 35 40 44 39 
35 2 36 38 42 37 
36 2 44 37 38 
37 2 38 44 43 41 40 
38 3 42 43 41 
39 2 43 40 
40 2 44 41 42 
41 3 43 42 
42 2 43 
43 2 44 
44 4 
