name weight children
0 1 34 31 1 5 16 
1 1 32 31 2 16 7 
2 1 30 28 17 
3 1 25 6 
4 2 6 16 11 12 
5 2 34 6 32 14 13 11 16 17 
6 3 34 31 14 13 11 
7 1 8 16 32 11 15 
8 1 35 27 32 14 
9 1 11 14 
10 1 11 14 
11 3 28 17 14 
12 1 17 14 
13 3 32 14 17 16 
14 9 16 17 15 
15 2 17 
16 5 34 28 35 33 29 17 
17 10 32 
18 1 24 35 21 27 
19 1 20 25 26 27 21 
20 1 35 21 34 
21 2 23 22 34 32 31 
22 2 25 35 34 
23 1 24 25 35 
24 2 25 34 35 27 
25 3 35 26 
26 1 29 35 28 
27 2 35 34 28 30 31 29 
28 2 35 34 29 31 32 
29 2 35 34 33 32 
30 1 35 32 31 
31 3 35 32 
32 7 35 34 33 
33 1 34 35 
34 5 35 
35 15 
