name weight children
0 39 22 1 21 8 16 41 
1 42 30 25 34 4 3 
2 28 25 21 3 
3 33 7 61 45 
4 37 25 36 5 7 53 39 
5 33 7 8 53 50 38 
6 47 7 8 61 48 
7 42 18 24 26 19 28 8 17 23 11 
8 45 35 26 19 34 27 36 16 42 
9 34 10 14 38 
10 29 34 12 11 
11 62 23 28 20 12 55 62 
12 37 14 41 53 
13 42 19 53 14 
14 31 21 20 15 16 52 38 49 66 57 
15 47 22 
16 45 23 17 56 
17 27 25 
18 22 30 33 24 19 28 21 20 
19 46 33 25 32 26 23 
20 63 31 24 32 28 23 21 50 41 
21 30 26 28 
22 32 25 26 24 32 23 
23 56 29 25 36 51 41 53 
24 39 30 33 26 25 36 
25 56 26 28 36 31 
26 50 29 
27 23 30 35 28 36 
28 43 33 31 34 36 
29 31 31 32 35 36 
30 49 31 32 
31 24 33 
32 25 33 34 36 
33 47 35 34 36 
34 35 35 36 
35 31 36 
36 52 53 
37 34 38 56 47 66 40 43 72 59 
38 46 42 60 63 40 44 55 48 39 71 
39 34 53 40 72 
40 44 41 43 
41 40 52 45 56 53 42 59 
42 41 52 45 43 
43 45 45 49 57 
44 20 45 55 53 60 
45 52 49 48 
46 27 47 
47 46 53 49 48 67 
48 32 50 63 54 
49 29 50 55 70 
50 47 66 
51 43 52 55 
52 50 53 55 
53 66 55 63 66 54 68 
54 40 55 66 63 
55 39 61 
56 28 60 63 57 
57 41 59 
58 34 59 
59 66 66 63 67 69 60 
60 33 61 66 63 73 
61 40 63 
62 48 63 64 
63 47 64 67 
64 57 67 
65 32 68 
66 47 71 68 
67 28 68 73 
68 75 69 
69 24 70 73 
70 49 73 
71 49 72 73 
72 48 73 
73 48 
