name weight children
0 53 61 2 15 14 28 24 
1 44 5 49 8 2 28 
2 38 47 49 60 4 7 
3 42 59 4 16 
4 66 58 6 8 60 14 25 11 7 
5 28 55 60 16 
6 47 62 57 13 16 
7 51 8 13 9 12 28 22 14 
8 34 35 14 10 9 
9 63 57 49 16 10 24 11 12 
10 29 16 29 
11 38 57 61 13 12 16 14 23 
12 59 13 26 16 14 28 
13 32 59 57 14 28 30 24 
14 68 26 61 22 
15 48 57 26 16 
16 49 52 47 57 28 30 19 22 17 18 20 21 
17 29 19 28 18 
18 46 28 22 23 
19 48 20 21 
20 40 21 22 
21 40 25 22 
22 61 25 29 24 
23 23 24 29 
24 58 25 28 
25 46 26 28 
26 61 35 61 27 30 
27 42 28 30 
28 60 30 29 
29 39 30 
30 39 
31 47 44 37 32 42 
32 40 37 55 33 35 62 
33 56 34 51 
34 38 37 36 44 48 
35 53 37 36 50 54 45 57 46 51 47 44 62 
36 59 37 44 38 43 41 40 50 
37 57 44 41 50 40 
38 31 52 51 
39 42 41 40 44 46 
40 36 44 43 41 46 
41 59 44 46 42 54 
42 42 46 51 49 
43 43 44 45 50 54 46 
44 64 53 46 49 
45 42 46 48 57 49 
46 51 54 48 47 
47 39 54 48 49 51 
48 41 54 49 58 57 60 
49 69 50 54 53 62 57 
50 39 55 53 57 
51 45 54 57 52 59 60 
52 35 54 53 60 
53 38 54 59 
54 71 55 
55 32 58 57 56 
56 48 
57 71 60 59 58 61 
58 35 60 
59 43 60 61 
60 53 62 61 
61 49 62 
62 41 
