name weight children
0 38 33 8 22 14 1 2 19 
1 40 22 9 3 6 4 
2 53 47 35 43 23 34 6 5 3 25 12 29 
3 54 11 43 13 20 14 
4 49 5 6 
5 48 43 34 6 
6 48 46 33 21 10 7 
7 47 17 
8 26 45 34 32 11 13 9 24 
9 44 11 14 26 
10 36 42 32 47 11 22 12 
11 50 56 43 41 59 23 20 
12 43 13 15 
13 86 42 37 14 26 
14 47 21 31 18 15 
15 46 18 31 
16 32 27 17 
17 62 21 22 19 25 27 18 
18 57 19 
19 27 21 20 
20 43 42 37 32 43 23 21 25 
21 48 32 23 22 24 
22 63 35 23 47 29 31 
23 37 32 39 42 
24 49 25 29 26 
25 45 34 27 26 
26 49 27 31 
27 62 29 
28 42 29 
29 37 31 
30 49 31 
31 35 
32 43 40 61 59 54 38 37 57 46 33 34 35 36 
33 53 43 38 37 47 34 
34 45 37 57 62 35 
35 41 
36 37 40 37 46 59 
37 78 52 51 53 39 59 62 38 42 44 
38 38 51 63 45 42 
39 42 
40 49 53 51 61 63 58 43 45 46 59 48 41 42 
41 38 61 44 43 
42 50 58 59 43 
43 60 55 51 47 
44 32 54 45 47 
45 49 63 54 
46 42 63 47 
47 48 56 59 
48 39 51 49 59 
49 45 55 
50 31 52 51 58 
51 62 52 55 53 64 54 61 63 58 60 59 
52 32 53 64 54 
53 72 63 60 55 54 58 61 57 
54 47 60 55 57 
55 43 64 63 57 61 
56 22 57 62 
57 69 63 60 59 
58 42 60 64 59 
59 55 60 64 63 
60 45 64 61 63 
61 52 64 62 63 
62 45 64 63 
63 59 64 
64 35 
