name weight children
0 35 2 3 4 20 19 8 
1 65 43 2 46 10 16 21 4 14 3 
2 72 38 34 46 17 48 14 6 23 
3 68 9 18 10 5 19 
4 73 13 5 7 20 22 19 
5 61 18 10 21 9 20 
6 40 8 
7 82 13 18 10 9 8 
8 45 21 
9 56 39 10 12 
10 66 34 40 11 18 14 23 22 
11 65 27 40 47 46 18 
12 56 16 13 14 20 21 
13 63 45 17 42 44 18 23 14 20 
14 46 42 16 20 
15 65 43 17 16 44 20 
16 63 34 40 48 47 17 18 23 44 22 
17 60 40 38 44 45 42 
18 56 23 20 22 21 
19 48 21 20 22 
20 84 23 22 
21 78 44 22 
22 58 23 
23 59 
24 61 33 27 31 26 29 28 32 36 
25 48 27 28 26 40 
26 82 27 28 32 33 34 40 
27 54 28 29 48 33 32 
28 69 29 33 31 32 36 34 
29 70 38 31 36 47 40 
30 45 31 47 
31 80 32 33 35 38 36 39 
32 52 33 47 
33 56 36 48 35 34 43 
34 78 35 46 44 48 
35 45 
36 71 48 37 47 38 43 39 
37 47 38 40 39 42 
38 69 40 47 42 39 45 44 
39 71 48 40 43 45 42 44 
40 76 48 46 41 
41 42 
42 59 48 46 45 44 
43 43 47 46 44 
44 89 47 46 45 
45 53 47 46 48 
46 66 48 47 
47 66 48 
48 74 
