name weight children
0 1 34 2 29 33 7 4 23 19 
1 2 49 36 2 17 35 15 8 4 
2 3 33 36 24 14 7 4 19 
3 1 4 
4 2 35 30 28 5 22 14 20 9 
5 3 24 7 16 9 
6 1 8 
7 2 14 8 11 
8 3 17 24 15 14 21 11 
9 2 18 19 12 11 
10 2 19 11 
11 2 20 
12 1 24 17 20 22 
13 1 33 36 17 15 24 14 
14 3 34 33 29 48 36 35 24 17 21 16 19 
15 1 17 30 16 20 
16 2 33 24 17 30 18 
17 3 33 49 36 24 19 20 
18 1 36 24 19 
19 2 24 20 22 23 
20 3 23 22 
21 2 24 22 23 
22 2 24 23 
23 2 24 
24 4 25 36 28 
25 1 26 45 44 49 27 29 35 
26 2 27 37 33 29 
27 2 38 39 30 33 
28 1 29 
29 2 32 35 40 36 30 
30 2 45 34 
31 1 39 45 32 35 48 
32 1 42 46 44 47 43 34 33 
33 3 45 46 37 36 42 35 
34 1 36 
35 2 41 37 36 
36 3 45 42 48 
37 1 45 39 44 40 
38 2 39 41 45 44 42 
39 3 47 41 46 42 49 
40 1 41 46 48 
41 2 44 42 47 45 
42 3 47 45 44 49 46 
43 1 45 
44 2 47 45 48 46 
45 3 47 49 46 
46 3 47 48 
47 3 49 48 
48 2 49 
49 2 
