name weight children
0 1 22 14 13 7 10 4 8 3 
1 1 3 29 46 
2 1 9 3 8 39 24 
3 2 21 15 23 
4 1 6 8 7 
5 1 9 6 36 
6 2 15 40 39 
7 2 14 12 9 8 44 39 35 45 24 
8 3 11 21 15 12 9 45 39 44 46 42 
9 4 16 22 20 19 17 11 45 
10 2 19 12 44 
11 2 20 22 12 17 15 36 
12 3 16 22 13 15 44 
13 1 19 15 
14 3 22 18 15 16 44 
15 3 22 19 44 
16 1 22 21 17 
17 1 22 18 
18 1 20 22 
19 4 20 22 21 
20 2 21 22 
21 2 22 
22 6 
23 1 45 24 43 
24 1 40 25 28 26 32 
25 1 45 27 
26 1 46 27 31 34 
27 2 28 46 34 37 
28 2 31 
29 1 45 39 44 30 
30 1 31 
31 2 46 34 32 
32 3 46 34 33 
33 1 46 34 
34 2 43 46 
35 1 36 45 42 38 43 46 
36 1 44 46 
37 1 38 45 46 
38 2 39 46 
39 2 44 46 42 45 
40 1 46 42 
41 2 44 45 46 42 
42 2 43 
43 3 44 45 46 
44 4 45 46 
45 4 46 
46 10 
