name weight children
0 1 70 34 1 
1 1 3 25 17 2 8 
2 1 
3 1 12 7 5 
4 1 62 15 5 8 
5 1 29 20 30 7 
6 1 20 7 
7 2 32 25 8 17 13 
8 3 14 
9 1 20 10 
10 1 13 
11 1 69 12 33 35 13 
12 1 72 24 35 
13 1 24 15 17 14 
14 1 27 30 
15 1 19 29 30 17 
16 2 33 27 17 
17 2 35 
18 1 63 71 20 19 
19 1 72 20 25 55 32 29 
20 2 60 57 72 21 25 26 
21 1 33 25 22 29 
22 1 33 34 24 
23 1 25 34 
24 1 25 29 
25 2 67 70 54 64 61 34 35 27 
26 1 29 27 30 
27 1 34 28 
28 1 34 32 29 30 
29 2 34 30 
30 3 35 
31 1 66 32 
32 1 69 33 35 
33 2 63 60 34 61 62 69 35 
34 2 64 35 
35 2 
36 1 47 37 67 
37 1 38 
38 1 41 
39 1 48 43 46 45 47 52 40 
40 1 54 41 57 
41 1 43 42 68 63 72 
42 1 47 48 52 43 
43 2 48 52 57 
44 1 48 51 45 47 60 57 
45 2 47 46 53 59 52 48 66 
46 1 47 48 52 
47 2 48 52 53 56 57 
48 3 67 53 49 66 57 
49 1 51 50 70 58 
50 1 53 
51 1 52 67 
52 2 53 72 
53 2 56 
54 1 56 68 72 57 62 55 
55 1 69 57 61 
56 1 66 57 67 60 71 62 
57 2 59 70 69 62 
58 1 59 62 
59 1 60 
60 1 68 62 
61 1 72 62 
62 3 66 
63 1 67 68 64 
64 1 66 
65 1 67 
66 1 67 70 
67 2 68 
68 1 69 
69 3 71 
70 1 72 
71 1 72 
72 2 
