name weight children
0 34 2 7 8 15 1 
1 48 3 10 2 33 7 23 
2 43 8 15 3 6 
3 45 7 11 8 16 15 5 
4 31 8 15 5 
5 42 15 6 7 13 31 
6 29 15 11 8 18 16 
7 72 8 15 10 16 23 34 25 21 14 22 24 
8 74 11 15 18 12 20 24 21 50 
9 45 10 12 
10 43 15 11 16 19 25 28 
11 33 15 
12 39 15 13 34 
13 19 16 15 18 26 21 22 
14 30 16 15 33 23 
15 74 16 20 24 19 17 34 
16 52 26 25 
17 42 18 25 22 33 42 
18 30 20 19 34 25 
19 49 24 28 25 
20 21 21 24 27 43 
21 54 24 25 23 22 28 31 43 51 63 
22 48 24 34 25 63 49 
23 44 25 44 46 
24 53 25 46 42 35 
25 69 32 51 30 44 49 52 27 63 59 35 54 
26 38 28 27 43 
27 35 34 49 39 
28 32 29 
29 27 33 51 
30 36 31 33 34 51 37 64 
31 38 46 
32 38 33 46 35 
33 43 34 43 45 
34 58 51 59 
35 38 51 69 36 42 49 
36 40 51 59 39 37 38 
37 41 42 56 38 
38 30 41 
39 25 43 63 45 49 69 40 
40 29 42 
41 48 43 46 42 45 
42 58 43 52 45 53 
43 39 49 
44 41 46 45 51 
45 21 51 46 47 64 
46 49 47 52 49 54 57 48 
47 31 61 52 
48 48 49 52 56 58 
49 57 51 52 68 
50 42 51 
51 100 52 53 66 
52 62 69 54 57 68 
53 37 54 57 66 55 
54 49 61 
55 42 
56 47 
57 35 61 58 60 
58 32 
59 44 69 61 
60 27 61 
61 49 63 66 
62 43 63 
63 43 69 64 
64 43 67 
65 49 66 
66 35 69 67 
67 46 69 68 
68 57 69 
69 47 
