name weight children
0 1 60 2 
1 1 51 2 10 
2 2 59 52 61 51 57 6 13 4 8 10 14 
3 1 61 4 8 
4 1 55 7 5 29 
5 1 6 
6 3 31 46 61 55 57 52 7 51 10 26 
7 1 31 56 53 46 8 22 
8 2 21 9 14 25 10 11 29 
9 1 22 10 
10 2 18 14 29 28 16 24 
11 2 12 25 
12 2 13 21 27 24 
13 1 58 50 14 27 
14 2 22 21 30 29 
15 1 57 16 20 
16 2 22 21 18 28 19 
17 1 18 
18 2 21 22 28 26 24 
19 1 20 30 
20 2 21 22 27 26 
21 2 55 58 47 52 22 26 25 
22 2 31 56 47 23 29 25 
23 1 29 24 
24 2 26 27 25 
25 1 26 29 30 28 
26 2 30 
27 1 28 29 30 
28 2 29 30 
29 2 30 
30 2 
31 1 44 33 53 58 50 
32 1 36 33 
33 2 45 41 35 44 55 
34 1 43 38 36 35 49 
35 2 39 38 40 36 54 55 60 44 49 61 
36 2 41 61 48 
37 1 40 49 
38 1 41 39 42 45 44 43 
39 2 41 42 44 45 40 47 
40 1 41 42 44 
41 2 45 60 53 44 
42 1 43 45 44 54 
43 2 44 61 45 56 
44 2 45 56 
45 2 53 59 
46 1 48 53 49 47 55 52 50 
47 2 59 53 
48 1 53 49 
49 2 61 51 
50 1 53 51 
51 2 53 61 57 52 
52 2 53 61 55 58 
53 3 60 57 59 
54 1 60 61 55 57 
55 2 56 60 57 
56 1 59 57 
57 2 61 
58 1 61 
59 2 61 60 
60 2 61 
61 3 
