name weight children
0 46 2 22 18 6 3 1 55 19 4 61 59 
1 40 56 8 55 49 
2 41 33 3 18 
3 70 31 32 26 15 11 13 20 
4 30 5 72 73 
5 37 26 15 66 72 7 
6 25 30 32 8 
7 49 8 
8 87 13 29 19 56 61 62 59 63 73 46 52 
9 26 10 72 
10 43 11 29 15 
11 63 28 31 24 29 16 35 13 12 14 
12 47 26 
13 45 32 30 36 15 14 
14 43 24 18 67 49 61 63 
15 38 35 26 17 
16 45 31 20 17 
17 55 18 55 
18 57 23 36 28 26 20 19 61 59 
19 24 27 29 21 62 68 
20 44 35 22 21 49 
21 40 22 29 26 56 67 73 65 50 
22 47 23 24 32 35 
23 48 29 33 25 27 26 31 24 
24 42 36 28 29 25 26 
25 40 28 26 
26 62 32 67 61 
27 45 32 36 28 31 30 29 
28 45 30 36 29 33 35 
29 49 31 30 33 56 
30 26 36 31 
31 58 36 
32 62 36 35 33 
33 36 36 
34 44 36 
35 44 36 
36 60 
37 42 38 42 40 48 
38 51 67 43 63 52 47 70 54 45 
39 48 55 40 42 
40 43 63 42 71 58 45 69 
41 39 58 43 42 48 
42 55 55 47 43 44 58 54 52 45 
43 34 61 59 73 52 44 45 58 
44 48 68 45 54 
45 65 50 69 
46 40 49 47 70 
47 47 63 60 48 
48 64 66 52 51 
49 28 56 52 50 
50 49 59 56 65 52 51 
51 43 52 54 
52 46 55 72 73 63 60 69 54 53 
53 30 
54 64 71 70 63 
55 38 72 56 61 59 68 63 
56 48 66 59 58 62 57 
57 20 59 73 68 58 
58 74 65 60 63 69 
59 50 62 68 61 60 63 71 
60 42 61 66 70 
61 47 62 67 73 63 66 
62 51 63 73 
63 46 69 70 
64 34 73 65 69 
65 48 66 72 
66 45 68 73 70 
67 41 68 73 
68 52 71 
69 41 70 
70 58 73 71 
71 28 73 
72 49 73 
73 67 
