name weight children
0 85 14 11 1 4 
1 85 11 12 14 6 5 8 3 2 
2 120 4 12 6 13 3 5 
3 123 16 8 11 5 
4 109 7 13 10 11 5 
5 129 18 9 10 13 16 8 7 6 
6 100 11 7 10 16 8 
7 108 18 16 13 8 
8 113 11 9 16 10 15 13 
9 109 23 14 13 12 10 16 
10 111 11 15 
11 111 23 18 17 12 13 15 14 
12 84 18 16 15 13 
13 103 28 23 15 18 14 
14 107 21 17 19 24 22 15 23 16 18 
15 117 22 21 28 16 
16 132 21 23 19 
17 65 30 28 24 18 19 
18 102 28 20 22 23 21 19 
19 112 26 33 29 20 23 24 
20 84 33 29 27 25 23 22 21 
21 110 26 25 33 24 23 22 
22 123 30 25 28 23 29 24 
23 151 26 24 33 28 29 
24 106 33 25 28 27 
25 107 31 29 33 27 26 28 
26 89 31 27 32 29 28 
27 89 33 32 31 28 29 
28 128 33 29 31 
29 149 31 33 30 32 
30 129 31 33 32 
31 69 33 32 
32 128 33 
33 133 
