name weight children
0 32 32 1 3 38 
1 34 28 33 15 25 9 59 
2 46 3 70 15 18 
3 46 28 33 37 27 8 13 35 
4 40 28 8 5 
5 39 28 8 61 
6 29 8 67 
7 37 8 33 13 16 
8 59 30 58 59 10 
9 42 28 27 59 12 10 
10 38 12 18 67 
11 46 38 32 37 22 35 12 13 15 
12 37 19 31 35 13 15 59 16 67 60 
13 62 28 33 37 29 17 15 60 16 66 72 
14 49 15 59 16 67 62 52 
15 44 38 17 18 62 66 67 71 
16 34 17 18 43 
17 46 28 29 18 60 59 
18 83 60 62 43 
19 44 21 20 28 38 
20 27 23 24 30 27 37 33 
21 32 37 23 24 34 32 
22 25 28 33 23 
23 40 27 26 35 
24 47 28 26 33 25 
25 32 33 27 28 37 66 
26 40 28 30 38 27 
27 66 32 28 30 34 
28 77 32 38 33 29 35 36 
29 37 32 30 34 
30 35 32 33 38 
31 47 32 33 37 58 61 
32 57 37 38 33 
33 49 37 34 35 36 
34 14 37 35 
35 47 37 62 
36 43 37 38 59 
37 58 38 
38 72 
39 32 46 40 42 48 41 
40 39 46 71 51 
41 20 57 
42 41 56 71 46 
43 52 73 72 44 46 64 56 
44 37 62 74 49 46 
45 35 47 46 
46 59 73 57 47 52 53 
47 65 71 53 72 
48 28 49 56 52 51 57 
49 20 62 72 56 
50 43 59 53 52 
51 40 63 74 52 72 55 
52 67 71 63 57 
53 49 60 57 56 
54 65 62 57 56 
55 39 56 72 57 
56 58 57 
57 54 
58 41 66 59 60 73 67 
59 48 60 75 66 63 71 62 
60 80 61 73 71 74 64 62 
61 46 62 75 
62 74 72 73 67 65 71 
63 30 65 64 68 
64 49 67 
65 50 67 69 66 
66 54 67 74 72 
67 60 77 
68 45 71 69 74 
69 48 70 
70 43 76 72 71 
71 61 72 77 
72 66 
73 41 74 77 
74 13 76 
75 35 76 
76 37 77 
77 46 
