name weight children
0 35 11 8 17 14 2 
1 42 2 42 44 40 
2 30 11 20 5 18 4 46 
3 47 6 21 11 5 46 
4 34 5 42 
5 43 13 7 14 9 11 12 43 10 21 36 
6 40 9 11 20 8 
7 49 9 11 20 8 
8 61 11 16 35 
9 20 11 21 10 20 
10 58 11 15 42 43 35 20 46 
11 81 13 19 12 21 41 43 18 34 
12 42 13 
13 34 14 15 19 17 
14 39 16 21 20 46 43 
15 39 16 
16 30 21 
17 47 21 19 20 18 
18 39 20 46 35 
19 38 21 
20 108 21 43 41 38 46 
21 104 42 46 
22 48 32 45 33 24 
23 41 39 24 
24 62 45 39 33 32 46 30 26 28 27 
25 19 26 
26 75 46 27 
27 47 33 
28 14 33 30 
29 149 44 46 30 35 45 32 33 
30 192 46 35 45 33 32 
31 15 33 
32 134 37 40 46 38 45 33 
33 367 37 44 45 46 
34 25 35 46 41 
35 63 36 46 38 42 45 
36 43 41 46 37 
37 27 41 46 38 45 
38 56 46 39 
39 73 45 46 
40 20 41 44 46 
41 87 42 46 45 44 
42 73 46 44 
43 97 44 45 46 
44 123 46 45 
45 191 46 
46 397 
