name weight children
0 1 1 9 
1 1 2 31 
2 1 18 21 9 4 8 
3 1 18 4 29 
4 2 9 17 15 26 16 6 41 
5 1 10 7 33 
6 1 7 29 10 13 22 58 
7 2 18 12 9 15 21 35 42 
8 1 19 14 10 41 39 37 
9 1 17 10 
10 3 20 21 22 18 15 28 32 37 41 
11 1 18 12 20 19 14 13 
12 1 14 
13 1 15 
14 1 18 20 21 29 15 24 
15 2 20 17 19 29 22 42 26 39 59 
16 1 18 20 
17 1 18 20 21 31 
18 2 20 19 26 
19 1 21 26 28 
20 2 21 31 30 
21 2 31 32 42 33 
22 1 31 24 27 41 23 49 
23 1 29 33 61 40 
24 1 26 
25 1 26 40 56 
26 2 30 35 
27 1 29 32 61 
28 1 29 32 
29 2 31 30 32 50 43 
30 1 32 
31 1 38 32 50 42 
32 2 39 60 34 
33 1 34 
34 1 37 58 59 48 52 
35 1 39 37 
36 1 37 
37 2 38 58 59 41 43 63 51 
38 1 39 
39 1 42 60 47 40 54 
40 2 58 43 52 82 69 
41 1 42 47 
42 2 49 59 43 63 
43 2 61 81 48 66 
44 1 48 56 53 45 46 68 
45 1 54 82 
46 1 49 59 47 54 65 88 80 76 83 
47 1 48 51 62 
48 2 50 51 60 82 79 65 57 76 
49 1 50 54 51 
50 1 51 
51 2 54 52 81 59 53 82 65 
52 1 59 54 53 
53 1 54 63 
54 2 60 65 62 
55 1 81 56 65 
56 1 58 59 61 76 
57 1 59 80 
58 1 59 65 63 
59 2 60 63 
60 1 61 65 62 
61 1 62 
62 2 65 63 73 69 79 
63 1 65 64 
64 1 65 76 
65 3 
66 1 77 
67 1 82 
68 1 69 82 88 
69 1 82 88 70 71 
70 2 76 87 
71 1 82 73 75 76 
72 1 73 88 83 
73 2 76 88 
74 1 76 
75 1 80 76 
76 3 82 86 80 78 
77 1 82 79 87 
78 1 88 82 79 80 85 
79 2 82 86 83 
80 1 81 82 88 
81 1 82 
82 3 88 86 
83 1 88 
84 1 88 85 
85 1 86 
86 1 88 
87 1 88 
88 3 
