name weight children
0 1 20 1 5 6 16 11 
1 1 2 
2 1 18 3 5 6 16 
3 2 19 17 20 18 4 6 11 5 13 
4 3 22 11 6 10 20 15 17 12 5 
5 5 17 24 19 22 11 6 20 13 9 12 10 7 
6 5 14 17 20 10 13 11 
7 2 13 9 12 
8 2 9 
9 3 13 12 
10 6 20 17 11 16 12 13 
11 4 17 22 13 12 
12 13 20 13 
13 13 20 15 
14 1 17 15 
15 1 19 27 16 
16 2 20 
17 5 22 18 27 25 26 19 20 
18 5 26 21 24 22 20 
19 5 27 24 20 25 26 
20 10 24 22 26 27 25 
21 1 25 24 26 23 
22 3 26 27 25 24 23 
23 1 27 26 25 
24 4 25 27 26 
25 5 27 26 
26 6 27 
27 10 
