name weight children
0 61 25 2 4 18 3 12 11 
1 48 15 17 2 12 
2 86 26 10 19 9 18 5 3 
3 82 14 10 9 12 4 
4 72 10 15 5 18 12 
5 48 19 15 7 
6 36 7 
7 78 15 9 23 17 11 8 12 
8 98 25 19 10 12 
9 74 15 17 23 10 20 12 11 
10 66 39 19 24 17 12 
11 70 17 12 15 
12 87 35 21 19 14 25 15 18 
13 43 36 24 17 14 15 19 
14 73 50 33 17 23 15 35 
15 96 31 26 16 18 21 
16 45 30 32 36 33 17 19 20 
17 61 32 35 19 18 25 21 
18 74 22 29 31 34 26 35 19 
19 93 22 
20 49 23 
21 47 26 
22 69 29 27 24 
23 58 49 33 26 24 25 
24 59 28 29 26 
25 64 26 
26 68 29 31 34 38 
27 42 40 48 28 31 29 33 38 
28 72 51 52 41 43 40 32 49 45 29 31 34 33 
29 110 42 41 52 37 32 30 36 33 
30 65 51 49 31 40 32 36 38 33 
31 68 51 50 36 32 
32 87 52 45 42 37 36 33 
33 85 40 50 35 
34 41 35 38 
35 63 50 36 37 49 
36 61 47 50 39 
37 75 51 44 52 40 38 
38 82 42 39 
39 43 40 
40 59 47 46 48 
41 48 42 48 
42 82 46 45 47 52 51 53 54 49 44 43 
43 40 50 
44 56 45 51 47 52 46 
45 72 52 47 50 48 54 46 
46 64 47 53 
47 86 54 52 50 
48 38 54 50 
49 77 52 50 
50 51 51 54 
51 79 52 53 54 
52 94 53 54 
53 95 54 
54 80 
