name weight children
0 42 3 2 1 13 
1 48 6 4 2 5 22 13 25 12 
2 63 5 6 14 11 27 13 22 8 12 
3 49 6 5 4 21 27 8 7 
4 73 6 5 9 22 26 
5 75 6 26 8 27 16 25 
6 94 11 22 16 9 8 13 26 
7 49 8 9 13 12 19 51 
8 50 12 11 17 9 10 
9 73 16 26 13 10 56 
10 61 11 22 16 26 40 12 53 41 30 
11 57 12 13 26 15 
12 65 13 22 41 17 24 26 19 40 
13 71 25 41 15 
14 35 16 29 
15 71 27 16 22 25 17 19 40 56 34 
16 72 25 18 27 22 17 41 26 
17 64 18 19 40 25 41 56 
18 49 22 26 19 40 
19 65 26 41 53 40 51 56 20 
20 48 34 36 
21 40 23 
22 76 23 26 40 
23 45 26 
24 64 26 25 29 
25 67 26 41 52 40 
26 63 27 44 
27 71 
28 34 30 
29 62 41 30 
30 72 41 40 33 52 34 31 45 
31 64 33 52 37 42 32 
32 47 33 34 46 
33 46 52 41 53 38 34 
34 68 44 40 51 49 36 
35 33 48 37 
36 72 40 55 37 48 52 49 
37 81 40 51 55 47 
38 54 41 40 53 54 39 
39 49 42 
40 80 54 41 53 51 49 
41 89 54 56 53 
42 50 43 45 48 
43 38 52 44 54 51 56 45 
44 48 53 48 
45 59 53 48 52 54 46 
46 50 49 48 50 
47 58 55 48 
48 85 49 56 
49 73 53 51 56 50 
50 32 55 
51 68 52 54 
52 79 54 55 56 53 
53 47 54 56 55 
54 55 55 56 
55 72 56 
56 83 
