name weight children
0 89 13 1 8 18 4 
1 102 2 14 4 3 7 15 8 19 31 17 
2 85 12 13 
3 71 14 12 7 4 
4 79 14 13 15 11 8 9 5 7 6 17 32 
5 105 14 7 18 13 9 19 11 6 17 32 23 
6 101 10 7 17 19 9 32 27 24 
7 150 13 14 11 8 17 19 31 
8 92 15 14 13 9 10 19 11 
9 117 12 14 13 15 10 17 11 19 
10 86 14 12 13 11 27 
11 131 13 14 31 32 19 17 20 
12 98 13 14 15 
13 118 14 15 
14 123 15 
15 105 
16 103 19 17 32 22 28 
17 80 31 19 23 32 27 25 29 
18 62 19 23 20 
19 89 31 29 20 22 
20 68 23 21 28 
21 64 22 29 25 28 
22 93 31 23 29 26 
23 106 29 32 27 24 
24 83 25 27 29 
25 114 27 31 30 29 26 
26 107 27 29 30 28 
27 141 31 32 29 
28 137 31 29 32 30 
29 131 31 32 
30 78 32 31 
31 163 32 
32 177 
