name weight children
0 90 9 10 1 2 5 4 7 33 35 28 34 30 26 
1 101 15 14 17 10 3 11 12 2 6 30 7 27 
2 83 15 17 9 8 30 
3 64 13 12 7 29 
4 91 6 9 17 5 35 8 33 30 31 
5 108 15 14 6 11 17 7 29 34 8 
6 62 15 7 8 29 
7 114 13 10 11 15 16 9 8 12 28 34 35 33 23 
8 116 16 17 28 33 29 35 34 22 
9 77 10 17 16 12 11 27 
10 96 16 17 15 12 11 
11 89 15 16 13 14 17 12 
12 100 15 17 14 30 
13 68 16 17 14 15 
14 94 17 16 
15 99 17 16 
16 121 17 
17 149 
18 107 34 35 19 21 
19 91 30 31 24 21 25 26 
20 77 35 22 21 
21 126 32 22 25 
22 114 28 30 23 26 32 31 
23 75 25 26 
24 49 33 27 25 26 
25 111 33 34 31 26 35 
26 137 35 33 34 30 31 32 
27 67 28 30 
28 118 30 29 34 31 33 
29 104 30 31 35 34 
30 86 35 34 32 33 31 
31 118 33 35 32 34 
32 94 34 33 
33 79 35 34 
34 96 35 
35 130 
