name weight children
0 1 11 14 3 
1 1 3 
2 1 18 3 9 8 36 42 
3 3 14 6 8 18 7 37 34 5 39 23 
4 1 9 18 5 45 
5 5 6 18 39 44 9 8 7 36 35 31 
6 5 20 15 21 9 17 8 18 37 36 39 35 45 
7 1 8 9 36 45 35 
8 5 21 20 12 17 9 15 18 
9 5 17 19 20 21 14 18 37 35 36 45 
10 1 12 14 44 
11 1 21 12 15 18 
12 2 17 21 18 16 
13 1 16 14 18 
14 2 17 15 18 45 
15 2 20 21 16 18 
16 1 17 20 21 18 
17 4 18 21 20 
18 6 20 19 21 39 45 38 
19 1 20 21 
20 3 21 
21 7 
22 1 24 
23 1 37 24 26 30 
24 3 45 26 41 27 
25 1 43 26 30 
26 4 36 42 27 32 
27 5 44 45 31 38 32 30 
28 1 38 43 30 29 
29 3 39 30 33 42 32 
30 3 45 39 44 31 40 42 32 
31 2 44 36 39 45 43 32 33 
32 3 45 35 33 
33 3 43 
34 1 35 41 
35 3 45 44 36 39 43 42 
36 3 39 37 38 42 45 44 
37 1 39 45 
38 2 39 41 42 45 44 
39 5 45 43 42 
40 1 44 42 
41 1 45 42 
42 3 45 44 
43 1 45 44 
44 4 45 
45 6 
