name weight children
0 1 20 18 14 1 7 4 24 32 37 
1 1 2 21 4 10 
2 1 12 15 19 29 4 3 
3 1 5 12 17 4 29 23 31 
4 3 21 6 8 40 37 32 
5 1 15 8 7 
6 1 13 7 32 49 
7 1 11 10 36 28 9 
8 1 20 21 10 35 27 
9 1 10 33 
10 3 20 18 15 37 33 23 59 
11 1 12 17 13 21 14 
12 1 20 14 15 35 34 29 
13 1 20 19 14 15 
14 1 15 
15 2 20 21 36 29 28 42 
16 1 17 18 21 19 
17 1 20 21 18 40 27 
18 2 21 
19 1 20 
20 2 21 31 43 
21 2 29 
22 1 28 23 64 
23 2 29 24 43 65 
24 1 29 25 53 30 
25 1 32 52 26 
26 1 39 46 
27 1 29 32 42 
28 1 29 57 33 63 
29 2 31 38 57 32 41 
30 1 31 37 33 44 59 
31 2 40 43 32 50 
32 2 43 53 37 63 59 74 
33 1 35 34 60 51 52 
34 1 36 42 37 
35 1 40 38 37 
36 1 43 37 
37 2 56 39 44 60 51 
38 1 42 39 
39 1 40 42 41 61 45 65 
40 2 
41 1 43 64 51 
42 2 43 65 51 58 
43 2 50 65 59 62 
44 1 57 49 45 72 
45 1 53 58 46 47 48 
46 1 53 50 65 59 60 48 81 68 69 
47 1 67 54 48 64 
48 2 51 64 61 59 87 73 85 70 
49 1 50 56 53 51 
50 1 51 64 54 
51 2 53 73 54 
52 1 63 53 54 79 76 
53 2 62 61 54 73 87 
54 2 59 58 72 84 
55 1 59 56 58 67 87 
56 1 
57 1 65 59 
58 1 59 64 62 68 
59 2 63 62 76 69 73 
60 1 61 62 
61 1 63 62 78 
62 2 65 70 84 
63 1 65 
64 2 65 72 81 85 
65 2 73 
66 1 67 
67 1 74 68 69 
68 1 70 
69 1 70 82 
70 2 71 85 86 
71 1 72 73 83 87 
72 1 81 73 
73 3 74 85 78 76 
74 1 
75 1 76 
76 2 
77 1 78 
78 1 87 
79 1 81 85 
80 1 81 87 
81 2 84 
82 1 87 84 
83 1 84 
84 2 87 
85 1 87 
86 1 87 
87 3 
