name weight children
0 1 7 27 33 3 1 23 20 
1 1 5 4 2 13 
2 1 29 16 5 
3 1 5 40 14 
4 1 7 43 8 5 16 22 
5 2 31 11 6 10 19 15 
6 1 48 9 8 
7 1 62 70 61 11 8 41 31 
8 2 31 40 23 
9 1 56 61 10 
10 1 11 43 44 
11 2 26 38 31 
12 1 46 15 32 16 22 14 
13 1 44 23 14 
14 1 19 34 
15 1 40 29 23 
16 1 17 
17 1 27 40 23 
18 1 46 19 22 
19 1 23 20 
20 1 23 
21 1 23 37 
22 1 23 
23 3 43 34 
24 1 26 28 43 34 
25 1 57 26 29 46 36 34 
26 1 63 71 49 80 42 27 
27 1 29 
28 1 60 59 29 41 
29 2 61 51 30 
30 1 49 31 
31 2 59 35 51 34 45 33 
32 1 34 
33 1 42 34 40 
34 2 42 70 44 
35 1 76 70 43 36 
36 1 38 64 37 
37 1 40 
38 1 49 74 46 40 
39 1 40 
40 2 42 46 
41 1 45 70 43 
42 1 69 50 43 44 
43 2 76 64 51 70 46 
44 1 46 
45 1 55 46 
46 3 67 48 51 70 
47 1 88 94 89 49 58 
48 1 49 58 52 67 64 70 
49 1 87 65 76 61 51 
50 1 72 65 58 59 51 
51 1 52 57 
52 1 63 55 
53 1 94 79 63 54 
54 1 83 78 58 55 57 
55 2 84 79 56 58 59 
56 1 58 57 70 
57 1 67 58 
58 2 90 87 78 85 84 69 67 
59 1 60 68 69 
60 1 64 61 
61 1 69 
62 1 76 67 64 69 
63 1 64 67 
64 2 81 
65 1 83 81 66 67 80 
66 1 85 94 81 78 68 69 67 
67 2 79 74 69 70 
68 1 70 
69 1 81 80 70 
70 2 76 81 
71 1 73 94 84 76 
72 1 90 73 81 
73 1 91 81 
74 1 87 81 76 
75 1 84 76 
76 2 92 86 81 90 78 
77 1 93 92 89 81 94 78 79 
78 2 94 87 79 81 
79 1 84 81 80 
80 1 87 81 82 
81 3 85 92 89 94 
82 1 88 89 83 
83 1 88 87 84 
84 1 85 92 89 86 
85 1 91 88 94 87 
86 1 88 94 87 
87 2 94 90 
88 1 93 92 89 94 90 
89 1 91 94 90 
90 2 93 
91 1 93 92 94 
92 1 94 
93 1 94 
94 3 
