name weight children
0 44 4 3 5 1 2 19 10 22 
1 56 3 5 2 4 7 6 17 
2 62 10 12 
3 25 5 10 11 4 
4 74 8 5 11 10 20 23 
5 217 8 11 10 19 21 17 23 12 9 16 15 
6 37 8 10 19 7 23 
7 45 8 10 11 
8 36 20 10 
9 39 10 11 23 36 
10 124 11 17 22 23 20 45 
11 134 19 22 23 16 13 12 14 
12 45 14 23 
13 31 14 
14 47 19 21 16 17 46 45 42 
15 11 22 44 17 
16 58 20 17 47 
17 178 20 23 44 42 47 46 39 28 
18 46 19 44 
19 79 20 23 45 22 44 
20 65 22 23 37 
21 47 23 22 45 
22 99 23 42 47 45 46 44 
23 112 37 46 45 35 47 27 
24 47 47 25 28 34 
25 30 
26 30 39 47 45 29 33 28 
27 49 33 28 
28 140 45 40 47 33 30 42 
29 55 47 31 34 
30 47 47 31 34 33 
31 40 42 
32 18 33 
33 156 46 47 38 34 
34 230 40 46 47 
35 20 36 46 
36 47 37 39 40 45 
37 41 45 47 46 
38 26 39 46 47 
39 45 45 44 40 46 47 
40 27 47 
41 31 42 
42 42 43 47 46 
43 34 44 47 
44 70 45 47 
45 127 47 46 
46 138 47 
47 300 
