name weight children
0 15 1 13 14 12 5 
1 78 14 2 13 3 
2 95 14 12 3 13 11 
3 33 12 9 13 8 4 6 5 
4 45 5 6 
5 102 14 11 10 12 23 9 6 21 15 25 
6 107 9 22 10 24 
7 93 13 8 11 12 
8 60 13 10 12 23 22 
9 112 14 11 13 10 12 22 
10 145 13 12 11 24 23 22 16 21 
11 137 14 12 13 22 21 
12 252 14 13 21 24 
13 198 14 
14 454 
15 43 24 16 22 17 26 
16 33 23 24 25 22 
17 53 19 26 24 18 
18 37 24 25 19 
19 153 25 28 26 20 
20 117 28 25 24 27 26 
21 172 23 22 24 25 28 26 
22 200 24 25 28 
23 92 24 25 
24 279 25 26 27 28 
25 107 26 28 27 
26 292 28 27 
27 85 28 
28 256 
