name weight children
0 1 55 41 2 17 4 109 
1 1 31 49 29 9 25 8 2 6 
2 1 4 111 13 93 97 
3 1 24 55 45 7 4 109 6 5 93 26 105 12 
4 1 42 94 17 5 104 
5 1 11 95 6 98 
6 1 98 
7 1 9 
8 1 9 16 11 13 
9 1 50 20 
10 1 37 43 108 11 13 
11 1 19 109 26 
12 1 13 26 106 
13 2 55 111 84 
14 1 51 37 41 15 19 
15 1 54 40 23 18 
16 1 47 44 91 17 
17 1 19 18 26 111 
18 1 19 23 26 97 84 
19 2 49 25 91 71 
20 1 48 22 
21 1 44 22 
22 1 43 95 26 
23 1 24 94 25 26 
24 1 46 54 29 
25 1 95 104 26 111 
26 2 91 109 97 70 69 
27 1 48 32 28 33 31 
28 1 30 33 29 
29 1 33 40 42 94 
30 1 32 33 31 49 40 
31 1 33 40 
32 1 51 38 39 33 53 55 
33 3 51 38 35 37 40 36 55 49 43 45 108 
34 1 39 35 
35 1 40 36 55 
36 1 47 
37 1 38 39 
38 1 48 40 51 
39 1 48 53 40 51 
40 2 51 54 47 41 50 43 
41 1 46 44 43 
42 1 43 45 
43 1 54 
44 1 46 45 
45 1 55 47 49 
46 1 51 47 
47 2 52 54 
48 1 51 55 49 
49 1 53 50 
50 1 51 
51 2 52 54 
52 1 53 
53 1 55 
54 1 55 
55 2 
56 1 59 57 81 67 
57 1 60 74 62 68 66 89 63 58 
58 1 78 
59 1 60 65 69 75 62 83 
60 1 97 111 76 70 62 
61 1 62 
62 1 96 97 71 90 99 103 73 83 
63 1 65 101 66 
64 1 65 75 103 81 
65 1 86 
66 1 76 90 70 69 100 67 
67 1 
68 1 76 87 74 69 77 
69 2 97 107 79 81 
70 1 71 72 73 
71 1 95 111 86 74 72 75 
72 1 96 97 76 92 78 83 
73 1 74 75 83 80 
74 1 106 76 90 75 79 80 
75 1 97 76 88 79 80 
76 2 97 88 
77 1 78 79 83 
78 1 79 83 80 82 
79 1 103 81 
80 1 101 83 81 
81 2 83 82 
82 1 83 
83 2 100 
84 1 104 93 106 86 87 90 99 
85 1 91 109 96 86 87 90 
86 1 97 110 
87 1 88 89 
88 1 90 92 103 89 
89 1 90 107 
90 1 
91 1 93 97 111 
92 1 93 97 
93 1 94 
94 1 95 97 
95 1 108 97 
96 1 97 105 
97 3 109 98 
98 1 109 99 101 
99 1 
100 1 101 103 
101 1 103 
102 1 103 
103 2 
104 1 111 105 
105 1 109 111 106 107 
106 1 
107 1 
108 1 109 
109 1 111 
110 1 111 
111 3 
