name weight children
0 1 1 3 25 13 
1 1 25 3 
2 1 38 21 3 12 
3 3 23 38 25 26 5 12 18 9 4 
4 1 13 
5 1 17 
6 1 11 12 7 9 
7 1 13 9 
8 1 11 26 9 
9 2 25 26 10 13 
10 1 25 26 11 12 
11 3 38 42 22 26 13 12 17 
12 5 14 25 13 26 
13 6 25 26 
14 1 22 26 40 15 25 
15 1 16 18 
16 1 37 34 19 
17 1 26 25 18 
18 1 19 25 
19 1 26 
20 1 23 32 39 22 26 
21 1 34 37 22 25 
22 2 29 30 38 25 26 
23 2 42 25 
24 1 40 25 
25 8 30 37 32 28 39 26 40 
26 9 30 37 32 34 40 38 
27 1 33 44 28 39 
28 1 29 30 42 33 
29 2 52 59 30 43 32 34 39 40 
30 3 50 49 33 32 38 43 41 37 42 
31 2 58 53 54 33 32 41 
32 3 53 54 33 34 37 
33 3 52 59 58 53 50 57 40 34 35 37 49 
34 3 43 41 39 38 40 
35 1 36 37 38 
36 1 53 37 
37 3 39 42 40 38 
38 3 42 39 
39 2 47 40 42 
40 2 57 42 
41 2 50 42 
42 3 50 
43 1 58 54 53 46 49 44 
44 1 49 
45 1 59 46 
46 1 56 53 
47 1 48 50 59 49 57 
48 1 54 58 
49 2 50 54 53 
50 3 58 59 55 
51 1 58 52 
52 1 58 56 59 53 57 
53 3 58 59 54 
54 3 58 59 
55 1 58 56 59 
56 1 59 
57 1 58 59 
58 6 59 
59 9 
