name weight children
0 1 31 26 7 8 1 
1 1 33 8 5 7 15 3 
2 1 3 11 
3 2 8 17 12 10 
4 1 38 33 8 5 7 
5 2 38 33 8 7 18 
6 1 38 8 
7 6 38 30 26 33 18 8 17 
8 15 38 37 32 33 26 18 17 15 12 13 16 
9 1 18 10 
10 1 13 17 
11 1 18 13 
12 3 18 17 15 13 16 14 
13 4 17 
14 2 18 15 
15 3 17 16 
16 1 18 
17 9 18 
18 9 26 37 33 
19 1 22 20 28 32 38 
20 1 
21 1 22 
22 7 27 28 23 25 38 32 34 37 
23 7 28 27 32 38 24 26 36 37 
24 1 25 32 
25 2 27 28 37 32 
26 2 27 28 34 38 37 
27 5 28 32 37 
28 6 38 32 35 
29 1 37 30 
30 1 32 38 33 
31 1 32 37 
32 6 38 33 37 
33 6 38 37 34 
34 1 35 38 
35 1 38 37 
36 1 38 
37 5 38 
38 10 
