name weight children
0 24 46 63 10 4 1 16 3 18 
1 44 57 63 59 20 7 21 
2 39 57 60 55 3 17 6 
3 59 61 4 16 11 34 9 15 32 
4 29 65 54 60 16 17 13 19 7 
5 42 9 6 7 11 33 41 
6 35 7 13 44 
7 42 10 55 8 57 20 14 11 36 
8 34 52 63 10 
9 41 10 14 59 40 
10 48 53 59 17 20 
11 41 17 18 14 22 15 39 44 32 12 31 37 
12 32 13 19 40 
13 40 14 20 15 21 29 32 
14 57 65 57 17 19 22 15 32 29 
15 31 20 32 34 22 37 43 
16 35 17 19 18 
17 25 46 60 59 55 19 18 
18 47 20 59 21 
19 44 57 58 59 20 21 32 
20 54 57 43 21 34 39 
21 35 59 40 44 
22 28 29 37 25 
23 48 29 25 
24 41 41 26 25 43 
25 38 26 32 
26 45 31 32 29 37 
27 29 29 32 30 
28 46 29 44 32 43 
29 52 41 40 32 34 30 
30 38 31 32 43 
31 37 32 
32 40 39 33 34 35 
33 35 34 35 43 
34 46 37 36 35 
35 34 40 37 
36 41 
37 50 44 38 41 
38 33 41 
39 35 40 43 41 
40 40 41 43 
41 28 
42 29 43 
43 67 44 
44 44 
45 43 50 49 46 57 
46 48 49 53 62 52 61 57 
47 44 77 49 81 54 59 
48 16 82 49 52 57 63 
49 43 85 68 
50 44 71 51 53 
51 49 72 85 52 65 
52 54 74 85 67 83 62 56 53 54 65 
53 39 54 60 59 57 
54 65 62 60 59 
55 41 56 63 59 57 
56 30 61 57 
57 53 65 59 62 
58 42 59 
59 51 64 60 61 
60 47 62 65 
61 17 62 65 
62 62 75 88 85 77 64 
63 48 65 
64 36 73 80 65 
65 51 76 67 83 
66 33 76 78 72 88 68 71 67 82 
67 42 72 85 79 70 
68 48 76 85 69 82 
69 46 85 73 70 
70 22 
71 31 76 87 72 73 79 
72 18 82 73 75 74 
73 48 79 77 
74 49 76 87 
75 39 76 84 83 
76 48 86 85 83 77 82 88 
77 42 78 82 79 85 
78 38 82 85 79 
79 40 84 83 
80 37 82 81 
81 11 
82 54 87 85 
83 32 85 
84 40 85 
85 47 86 87 88 
86 45 
87 47 88 
88 36 
