name weight children
0 1 3 1 
1 1 8 4 
2 1 7 22 11 19 3 4 
3 3 22 23 18 7 9 4 
4 1 23 
5 1 45 42 20 7 
6 1 7 10 
7 3 14 22 20 19 8 9 10 17 
8 3 18 10 9 
9 5 23 20 21 10 11 17 
10 5 11 19 23 
11 6 14 13 
12 1 23 42 13 19 
13 1 16 15 23 
14 1 39 22 16 
15 2 16 41 45 44 21 23 
16 3 47 40 45 42 43 22 20 
17 1 22 21 18 
18 2 23 21 19 
19 2 23 22 
20 2 42 22 21 23 
21 3 22 23 
22 6 32 39 45 46 44 23 43 
23 7 45 44 46 
24 1 28 25 33 38 48 
25 1 27 35 
26 1 28 42 
27 2 28 35 32 33 40 
28 2 35 34 32 33 30 31 
29 1 35 31 32 34 
30 1 34 31 32 39 47 36 
31 2 32 33 48 
32 5 35 34 47 33 40 48 45 38 37 
33 5 35 34 38 47 48 45 36 
34 4 35 47 36 
35 7 47 48 41 
36 1 48 47 42 37 41 
37 1 38 39 
38 1 39 40 44 
39 3 40 46 42 45 48 
40 3 47 42 41 
41 2 42 45 48 
42 6 47 45 46 48 43 
43 1 47 48 44 
44 2 48 47 45 
45 4 47 46 48 
46 2 48 47 
47 5 48 
48 5 
