name weight children
0 47 14 28 2 25 
1 34 2 26 
2 18 50 48 3 38 35 20 16 37 
3 40 46 52 6 11 7 4 14 8 13 
4 48 53 45 23 38 28 21 
5 34 75 6 51 14 7 54 
6 32 40 9 14 
7 24 10 53 8 38 25 
8 18 9 38 31 
9 26 45 63 12 48 14 22 
10 22 12 11 38 13 
11 33 76 39 55 12 14 38 
12 18 76 14 23 
13 38 51 54 14 15 
14 52 76 49 15 17 21 38 
15 60 51 24 25 31 38 30 
16 28 28 17 30 26 
17 29 23 24 20 
18 24 30 20 
19 49 21 22 30 29 26 20 
20 58 25 38 34 
21 13 27 23 28 38 26 
22 83 53 54 23 25 38 35 
23 81 54 31 37 26 
24 42 52 25 26 
25 72 38 26 
26 115 35 32 38 37 36 
27 15 52 38 28 31 
28 36 37 30 
29 11 30 38 34 
30 44 31 38 
31 46 35 38 
32 45 38 34 
33 36 38 35 34 
34 10 38 36 
35 123 38 37 36 
36 38 37 38 
37 112 38 
38 295 51 53 
39 48 42 76 40 41 
40 28 60 61 43 47 
41 47 52 45 
42 45 67 75 65 45 52 
43 48 75 55 45 53 44 
44 11 45 
45 27 75 76 52 53 64 54 
46 40 47 54 
47 37 56 62 49 51 
48 48 49 63 51 
49 41 50 
50 39 52 
51 32 56 52 53 
52 87 59 76 56 62 53 64 54 
53 102 56 76 55 
54 79 56 
55 45 70 56 
56 102 67 74 77 60 76 
57 22 71 69 58 60 61 
58 26 77 67 59 76 
59 43 77 66 72 75 62 
60 49 66 74 77 73 62 64 
61 36 69 77 68 62 64 
62 28 67 76 63 
63 46 65 
64 35 75 70 65 
65 18 77 
66 19 77 68 67 
67 42 72 71 77 68 74 76 
68 45 77 69 72 76 70 
69 51 77 71 
70 33 71 76 
71 32 76 
72 49 74 77 73 
73 28 76 
74 37 77 75 76 
75 99 77 76 
76 134 77 
77 138 
