name weight children
0 1 1 5 2 30 37 
1 1 5 2 35 
2 1 20 35 34 
3 1 5 20 35 
4 2 22 21 20 5 10 
5 5 18 22 7 8 20 10 11 35 32 30 37 36 
6 1 24 8 7 
7 5 24 22 20 8 9 10 23 35 28 31 37 36 
8 3 22 10 23 16 
9 1 21 10 
10 5 13 14 24 20 11 34 36 30 37 
11 3 20 28 36 37 
12 1 24 22 21 13 14 
13 1 15 14 16 
14 1 22 20 
15 1 19 17 
16 1 24 22 20 17 
17 1 22 23 34 
18 1 21 19 
19 1 24 21 22 20 
20 3 21 22 24 34 
21 3 22 24 23 
22 8 24 23 
23 3 24 
24 7 
25 1 37 26 48 
26 1 29 27 38 50 
27 1 35 37 49 41 50 
28 1 29 37 33 
29 2 35 34 30 33 39 47 36 49 
30 3 35 36 33 49 
31 1 36 33 
32 1 35 33 
33 2 35 37 50 36 49 42 
34 2 35 37 
35 6 36 37 50 49 
36 6 37 47 45 50 49 48 43 
37 7 50 39 47 46 
38 1 40 
39 1 42 48 46 40 
40 2 42 50 48 46 
41 1 46 43 
42 3 47 50 49 43 46 
43 1 50 47 
44 1 49 46 
45 2 47 50 46 49 
46 3 49 50 48 
47 3 50 48 49 
48 4 50 49 
49 5 50 
50 8 
