name weight children
0 1 2 1 5 23 7 
1 1 12 2 15 20 3 21 11 54 
2 2 28 23 4 
3 1 14 5 10 4 51 6 11 60 73 
4 1 5 57 73 
5 2 32 13 25 29 16 51 8 23 57 11 9 
6 1 7 66 
7 1 35 20 8 11 63 
8 2 29 39 10 53 66 11 69 
9 1 23 11 
10 1 18 17 35 22 57 11 
11 2 23 60 57 62 
12 1 27 38 13 16 
13 1 48 44 39 17 32 18 14 
14 2 47 39 35 36 32 16 23 49 51 52 21 
15 1 17 
16 1 37 17 18 
17 2 28 37 29 27 
18 1 28 20 19 
19 1 20 
20 2 49 58 21 23 63 
21 1 23 63 60 57 
22 1 35 23 52 
23 3 32 26 57 80 
24 1 33 46 45 28 44 29 25 36 
25 1 28 32 26 
26 2 28 34 36 59 35 
27 1 28 42 
28 2 33 43 41 48 42 29 39 44 32 
29 2 43 48 41 38 36 35 
30 1 33 46 40 32 
31 1 33 41 47 32 
32 2 40 46 48 42 34 
33 1 40 42 34 
34 1 46 44 43 35 
35 2 38 
36 1 41 37 47 39 
37 1 41 48 38 
38 1 48 41 
39 1 44 41 40 
40 1 46 44 45 43 41 
41 3 46 48 44 42 50 
42 1 44 43 48 
43 1 46 48 44 47 
44 2 46 48 
45 1 46 48 
46 2 47 48 
47 1 48 
48 3 
49 1 50 51 53 
50 1 51 
51 2 57 54 73 66 
52 1 53 69 
53 1 54 86 66 
54 2 60 69 55 70 92 
55 1 56 92 71 
56 1 57 73 96 
57 2 63 73 59 61 72 70 
58 1 60 
59 2 60 73 
60 2 66 61 
61 1 63 62 81 64 
62 1 67 63 73 92 71 88 
63 2 66 73 71 64 
64 1 73 86 66 77 
65 1 67 66 94 
66 2 73 72 92 89 97 84 
67 1 69 73 
68 1 69 70 
69 2 73 87 82 78 71 85 
70 1 73 71 78 91 75 
71 2 73 72 96 76 98 93 
72 1 73 86 89 91 
73 3 87 89 
74 1 75 
75 1 76 79 
76 2 92 94 85 97 
77 1 81 78 88 
78 1 85 79 
79 2 98 
80 1 82 
81 1 82 90 
82 2 92 85 83 93 
83 1 88 
84 1 85 
85 2 86 
86 1 89 88 
87 1 89 88 91 96 
88 2 89 97 94 
89 1 91 96 97 90 
90 1 91 95 
91 2 93 
92 1 96 93 
93 1 94 
94 2 98 
95 1 96 98 
96 2 98 97 
97 2 98 
98 2 
