name weight children
0 1 29 1 
1 2 31 4 10 6 2 
2 1 13 10 19 4 
3 1 36 23 22 4 
4 3 41 23 29 30 36 31 13 21 14 10 7 6 22 19 
5 1 33 7 
6 1 9 7 
7 1 12 18 10 
8 1 10 13 
9 1 39 10 31 24 22 12 
10 3 23 42 30 19 
11 1 43 12 13 34 
12 2 28 33 27 19 13 14 
13 3 36 15 22 17 20 16 
14 1 39 
15 1 35 16 
16 2 31 24 
17 1 31 18 21 
18 1 25 19 
19 2 22 
20 1 22 
21 1 27 22 
22 2 42 24 
23 1 33 42 39 26 30 24 27 36 
24 2 83 27 39 31 29 25 
25 1 26 35 27 34 
26 2 40 80 69 32 35 27 33 39 
27 2 84 83 36 44 32 30 31 
28 1 32 41 30 
29 1 44 30 32 
30 2 42 44 33 43 31 
31 1 32 43 33 
32 1 38 41 33 42 43 
33 2 79 87 39 
34 1 36 
35 1 37 38 36 
36 2 89 41 43 44 42 
37 1 70 66 39 
38 1 86 89 39 
39 3 81 79 44 41 42 43 
40 1 85 83 41 
41 2 87 79 42 43 83 
42 3 80 84 45 44 43 
43 1 44 
44 1 89 45 
45 2 79 81 69 
46 1 52 47 80 91 
47 1 50 58 62 
48 1 50 
49 2 53 50 59 52 72 85 91 63 77 
50 2 64 59 58 68 
51 1 52 62 
52 1 53 67 62 
53 2 58 56 55 65 
54 1 56 78 86 
55 2 56 67 70 
56 2 59 61 
57 1 59 60 
58 1 59 61 72 
59 2 64 60 65 62 68 
60 1 67 61 65 76 72 71 62 
61 1 62 90 91 70 73 
62 2 65 76 71 80 63 68 
63 1 65 68 91 92 
64 1 67 65 
65 2 68 72 78 71 77 73 85 
66 1 68 92 
67 2 68 74 
68 3 85 79 80 77 
69 1 71 77 70 
70 2 78 90 71 91 86 89 74 72 79 
71 2 74 78 73 82 89 79 80 92 
72 1 80 73 89 86 
73 1 74 89 
74 1 80 86 89 
75 1 76 79 
76 1 85 77 80 
77 2 78 88 86 79 
78 1 80 
79 2 85 80 86 81 
80 3 81 83 
81 1 91 82 
82 1 85 88 83 
83 2 86 87 92 84 
84 1 86 88 85 
85 2 86 89 91 
86 2 92 
87 1 91 88 89 92 
88 1 90 89 92 
89 2 92 
90 1 91 
91 2 92 
92 3 
