name weight children
0 1 22 7 4 1 
1 2 17 5 11 2 38 48 45 
2 2 5 36 38 37 48 11 
3 1 4 
4 3 23 16 5 10 11 48 38 
5 6 12 23 16 14 6 10 8 22 11 46 38 
6 1 8 11 
7 2 20 16 18 8 22 10 11 
8 3 19 11 23 10 40 
9 1 11 36 
10 5 23 17 11 39 36 38 47 48 
11 8 12 23 16 14 20 22 48 38 37 
12 1 16 13 23 
13 2 14 16 20 
14 3 15 23 16 19 17 
15 1 23 16 22 18 
16 4 23 17 19 
17 2 23 
18 1 20 22 
19 2 22 20 23 
20 4 23 22 
21 1 23 22 
22 3 23 
23 9 
24 1 47 34 28 26 
25 1 47 29 28 32 26 
26 2 45 38 47 43 29 35 32 
27 1 28 
28 5 34 46 45 29 35 32 
29 5 34 47 48 44 35 
30 1 35 32 
31 2 34 48 32 35 
32 3 34 35 
33 1 34 35 
34 3 48 45 38 47 46 41 43 35 
35 9 47 45 48 43 
36 2 40 48 38 45 47 
37 1 48 38 45 
38 3 48 41 47 43 
39 1 48 41 
40 1 48 41 
41 2 44 45 48 
42 1 48 43 
43 2 45 44 
44 2 48 45 46 
45 5 46 48 
46 3 48 47 
47 4 48 
48 11 
