name weight children
0 45 10 7 6 2 3 4 18 
1 47 12 2 8 5 4 
2 35 11 12 6 13 4 
3 168 12 9 7 5 4 6 18 20 
4 197 13 6 16 18 20 19 
5 121 13 12 6 9 18 17 20 
6 318 12 13 7 8 16 18 15 20 19 
7 55 11 12 13 10 9 
8 41 13 11 12 9 
9 54 12 
10 69 11 13 
11 163 13 12 
12 236 13 18 
13 372 
14 44 16 19 18 17 23 
15 49 16 20 
16 104 18 17 
17 101 18 20 19 23 25 
18 247 20 19 22 
19 192 20 21 24 27 
20 264 22 24 23 26 27 28 
21 62 23 22 27 26 24 28 
22 67 23 26 27 
23 88 24 26 28 27 
24 91 26 25 27 28 
25 85 26 28 
26 141 28 27 
27 262 28 
28 264 
