name weight children
0 1 43 39 18 1 
1 2 23 21 25 15 14 8 4 5 2 
2 2 
3 2 18 5 11 6 9 4 13 
4 2 18 15 20 9 14 13 10 
5 2 29 18 27 6 16 10 
6 3 20 18 19 11 10 
7 2 8 10 9 
8 2 16 11 19 12 10 14 
9 2 18 11 14 10 
10 3 17 11 19 14 13 12 
11 2 17 24 25 20 28 19 27 18 14 12 
12 2 17 22 13 
13 2 14 
14 4 17 20 
15 2 43 21 25 18 17 20 16 
16 2 26 19 18 
17 2 26 34 18 30 20 22 
18 3 25 36 20 29 19 27 
19 3 23 21 34 30 20 28 22 
20 3 43 21 26 
21 2 43 42 23 34 30 22 
22 2 26 30 
23 2 33 37 25 24 
24 2 44 39 28 29 35 25 
25 2 42 26 34 30 36 28 
26 2 41 45 42 30 28 29 35 
27 2 43 28 30 
28 2 44 43 30 
29 2 41 37 36 32 39 30 34 
30 3 35 39 34 
31 1 40 42 32 44 37 
32 2 38 42 33 34 
33 3 47 56 51 54 50 59 45 37 43 35 36 
34 3 37 35 44 39 36 
35 3 42 45 37 36 43 
36 2 44 39 37 
37 2 54 50 40 42 43 
38 2 48 40 41 39 
39 2 41 43 42 
40 2 60 47 55 51 56 41 44 43 
41 3 49 48 56 58 45 57 42 44 
42 3 55 59 44 43 54 
43 3 59 45 44 
44 2 45 
45 2 55 50 59 57 
46 2 52 61 47 48 
47 2 49 61 55 52 50 
48 2 53 49 57 
49 2 52 51 61 53 
50 2 53 52 56 51 55 
51 2 53 61 52 54 
52 2 53 61 54 
53 3 61 58 55 
54 2 61 56 55 57 
55 2 57 
56 2 61 57 60 
57 3 61 59 
58 2 59 
59 2 61 60 
60 2 61 
61 4 
