name weight children
0 62 62 5 15 3 7 4 12 8 1 17 
1 44 3 13 6 26 
2 49 67 3 16 
3 62 54 63 7 
4 39 5 9 12 8 
5 73 67 53 62 7 6 15 10 16 
6 52 65 7 13 15 11 12 
7 65 66 61 54 56 15 25 
8 49 9 16 26 32 29 
9 49 15 13 10 16 
10 53 63 56 52 13 15 16 11 33 30 21 
11 58 16 12 28 31 
12 54 13 15 16 21 32 
13 55 65 57 16 15 
14 44 15 16 
15 95 67 58 62 16 25 21 31 
16 95 65 52 32 27 19 26 25 29 33 20 28 
17 60 30 33 20 23 24 18 
18 45 31 28 24 
19 30 28 
20 72 29 23 
21 56 32 23 33 31 22 24 
22 41 28 24 33 
23 69 29 27 32 31 24 
24 84 27 32 33 29 
25 67 26 32 27 29 
26 39 32 27 31 28 
27 58 29 28 32 30 33 
28 67 33 32 
29 50 30 33 31 
30 45 32 31 
31 56 32 33 
32 73 33 
33 81 
34 36 49 46 41 38 44 40 36 35 37 51 
35 46 45 47 37 56 60 
36 41 50 43 45 59 37 64 66 
37 54 45 51 61 
38 48 50 41 39 
39 43 43 48 
40 69 41 46 47 49 50 64 53 60 
41 73 49 50 66 
42 37 44 50 43 45 47 
43 49 49 46 47 45 
44 58 45 49 50 47 64 56 
45 77 49 59 64 47 50 55 66 51 65 
46 52 47 64 50 49 
47 54 49 50 59 64 
48 43 50 
49 91 50 64 
50 108 67 55 66 60 
51 73 53 61 62 58 52 
52 48 53 
53 78 64 55 54 67 65 
54 76 59 67 65 58 57 
55 45 66 64 58 56 
56 60 65 
57 49 58 
58 41 66 65 
59 47 64 60 
60 38 61 62 65 
61 35 66 
62 48 67 65 
63 42 64 66 
64 70 67 66 
65 62 66 67 
66 89 67 
67 111 
