name weight children
0 1 32 1 2 
1 1 18 27 7 
2 1 7 3 
3 1 27 8 9 17 18 
4 1 8 15 14 17 5 
5 1 18 12 
6 1 22 7 
7 3 22 27 19 26 8 18 10 17 
8 4 22 27 18 9 17 
9 1 18 17 10 
10 1 18 12 
11 2 17 13 
12 4 18 17 13 
13 5 18 17 
14 2 17 15 18 
15 2 26 18 
16 1 17 
17 12 27 26 18 
18 23 19 24 27 
19 1 35 27 20 22 
20 1 34 
21 2 28 33 29 36 22 26 35 27 
22 3 24 27 26 
23 1 37 24 27 
24 2 27 
25 1 37 36 26 27 
26 6 32 37 27 34 29 
27 17 28 37 36 32 29 
28 1 37 36 29 32 34 
29 2 36 37 34 
30 1 31 36 32 
31 3 36 37 32 
32 7 36 37 
33 1 36 37 34 
34 2 37 35 
35 1 37 36 
36 10 37 
37 11 
