name weight children
0 1 2 3 12 26 8 37 
1 1 110 2 3 22 108 4 26 
2 1 110 90 89 12 15 
3 1 88 89 106 5 9 15 21 4 37 
4 1 5 20 32 
5 2 83 6 98 10 110 12 26 
6 1 88 90 93 110 7 8 24 11 
7 1 106 91 97 69 10 12 8 
8 1 9 22 41 12 
9 1 85 93 103 10 99 12 20 30 24 
10 2 88 90 89 20 11 26 21 12 
11 1 12 16 38 53 17 
12 2 41 18 35 
13 1 18 19 
14 1 15 24 21 47 18 19 
15 1 31 
16 1 17 39 
17 1 20 26 34 18 32 19 
18 1 53 37 19 
19 2 31 34 54 
20 1 22 26 21 51 31 38 41 32 37 
21 1 22 23 45 28 
22 1 90 107 
23 1 26 24 31 47 52 
24 1 25 51 31 41 
25 1 107 99 26 
26 3 93 89 98 52 31 
27 1 30 31 28 
28 1 32 29 47 
29 1 41 31 34 49 
30 1 37 31 
31 2 32 39 47 33 35 
32 2 38 35 53 37 43 
33 1 
34 1 35 36 
35 1 37 52 36 40 
36 1 37 47 52 39 
37 2 41 53 51 39 40 
38 1 52 39 44 
39 1 40 50 
40 2 45 42 
41 1 53 47 42 
42 1 52 47 45 43 
43 1 47 45 54 50 
44 1 45 47 
45 1 47 50 46 54 
46 1 47 
47 3 53 
48 1 54 
49 1 50 
50 1 
51 1 99 108 52 
52 2 53 54 
53 1 54 
54 2 
55 1 68 58 59 56 60 57 73 81 87 105 
56 1 61 65 57 
57 1 68 59 60 80 96 
58 1 62 68 61 65 59 
59 2 75 68 61 91 73 105 
60 1 78 68 61 71 
61 2 68 64 75 80 77 82 
62 1 
63 1 64 
64 1 68 67 
65 1 68 66 70 
66 1 68 80 67 96 
67 1 68 
68 3 80 
69 1 71 96 94 95 106 
70 1 71 82 73 94 89 83 
71 2 78 73 77 81 85 110 97 
72 1 73 95 102 
73 1 75 77 74 109 
74 1 75 91 87 103 
75 1 
76 1 77 94 103 
77 1 78 82 81 104 
78 1 
79 1 80 82 
80 2 81 87 82 92 
81 1 82 104 110 
82 2 92 86 
83 1 96 85 86 93 84 103 99 
84 1 85 88 90 89 108 
85 1 95 89 97 100 
86 1 91 87 94 110 89 
87 1 88 89 106 
88 1 96 94 102 110 89 108 
89 2 91 110 
90 1 92 96 
91 2 92 103 106 104 
92 2 96 94 110 97 
93 1 96 94 95 103 
94 1 106 
95 1 96 
96 2 106 
97 1 105 99 
98 1 103 99 
99 1 
100 1 101 110 
101 1 104 103 106 
102 1 105 103 
103 2 109 110 
104 1 106 110 
105 1 106 110 
106 2 109 108 
107 1 110 108 
108 1 
109 1 110 
110 3 
