name weight children
0 1 23 4 
1 1 4 
2 1 4 21 
3 1 4 
4 3 22 5 26 10 21 6 14 7 
5 1 28 44 7 
6 2 25 20 10 12 7 
7 2 42 26 29 14 10 20 
8 1 40 28 14 10 
9 1 42 10 20 
10 3 38 28 23 22 44 26 21 13 15 
11 1 26 17 12 21 13 
12 1 32 15 
13 1 27 14 15 
14 2 44 29 20 21 16 15 
15 2 21 
16 1 17 
17 1 18 21 20 
18 3 41 26 29 21 
19 1 36 20 21 32 
20 2 24 25 27 21 
21 2 44 
22 1 44 23 31 36 24 26 
23 2 38 44 28 25 26 29 
24 1 26 38 
25 2 80 77 43 26 28 30 
26 2 41 31 37 38 36 27 29 
27 1 40 30 31 28 
28 1 37 43 30 29 44 
29 2 34 31 42 32 
30 1 31 42 32 
31 2 33 82 89 41 35 44 32 
32 2 41 44 
33 1 68 34 37 
34 1 80 71 67 77 35 
35 2 71 77 68 74 37 38 
36 1 37 40 44 42 
37 2 77 82 38 44 88 
38 2 82 44 40 43 
39 1 85 62 43 41 
40 1 76 41 44 
41 2 71 76 43 
42 1 43 
43 2 81 82 44 
44 3 76 88 
45 1 54 46 47 56 65 83 
46 1 48 52 59 63 61 
47 1 54 49 48 58 
48 1 49 86 
49 3 54 52 59 69 
50 1 55 51 65 83 
51 1 54 55 52 65 59 60 
52 2 55 65 59 66 58 
53 1 55 
54 2 55 60 71 73 66 89 
55 3 65 63 
56 1 57 
57 1 59 65 79 63 82 
58 1 59 66 86 89 60 68 
59 2 64 79 60 86 65 75 73 85 
60 2 66 84 83 85 76 70 86 
61 1 84 63 
62 1 63 74 
63 3 65 66 71 80 82 70 
64 1 65 
65 2 66 79 86 83 
66 2 89 72 74 
67 1 86 71 77 81 
68 1 79 71 76 
69 1 89 71 
70 2 71 89 77 82 74 80 
71 2 86 79 84 76 80 72 74 
72 1 75 73 74 
73 1 83 86 74 81 77 
74 3 86 77 76 
75 1 86 77 
76 2 86 84 77 
77 2 
78 1 79 80 
79 1 89 80 
80 2 84 86 83 85 82 81 88 
81 1 83 88 
82 2 86 83 
83 2 89 
84 1 86 85 
85 1 86 89 
86 3 89 
87 1 88 
88 1 89 
89 3 
