name weight children
0 25 14 3 30 1 86 
1 28 14 9 82 
2 61 41 28 3 21 
3 48 38 40 21 4 9 19 12 10 
4 39 16 29 8 
5 49 13 6 12 10 76 
6 34 14 21 8 22 7 10 11 18 82 83 
7 43 31 9 92 
8 41 12 17 82 10 
9 37 30 43 17 10 22 74 
10 51 21 12 13 22 18 80 81 78 79 
11 47 16 21 13 12 15 82 18 78 
12 35 21 31 14 13 19 82 22 86 81 
13 48 14 18 19 
14 38 45 37 16 40 39 
15 35 16 19 74 82 
16 62 43 41 28 40 31 17 86 
17 41 31 21 18 19 83 
18 40 19 85 78 86 80 79 73 
19 48 21 22 85 83 80 
20 36 38 21 
21 47 45 27 31 22 
22 47 74 
23 38 36 43 41 33 27 24 45 26 
24 37 
25 49 41 30 33 26 27 
26 28 44 36 42 28 30 27 31 
27 65 44 45 42 36 41 37 30 31 33 
28 44 44 30 33 31 
29 14 30 40 86 
30 69 44 41 45 33 31 40 86 
31 56 45 32 33 86 82 
32 41 35 33 40 
33 38 44 45 43 37 
34 37 42 41 38 
35 47 36 42 
36 45 44 45 43 39 37 
37 40 45 39 
38 37 39 
39 53 44 41 45 40 
40 41 42 41 45 
41 42 44 42 43 
42 33 44 43 
43 50 44 45 
44 45 45 
45 54 
46 29 84 79 76 67 48 47 
47 37 52 
48 61 73 90 51 64 54 63 50 
49 46 91 50 
50 44 
51 22 79 78 64 54 52 67 55 
52 73 89 55 53 58 63 
53 31 57 
54 40 76 83 79 56 63 55 
55 63 59 56 
56 23 
57 30 78 89 59 
58 61 76 59 64 63 62 75 70 
59 35 76 83 73 90 68 60 
60 48 
61 31 83 71 67 62 
62 47 
63 25 71 64 67 68 
64 58 88 73 71 70 66 65 
65 43 91 
66 35 73 67 
67 63 68 
68 34 
69 48 70 
70 41 71 73 
71 50 74 80 84 79 88 92 91 73 75 
72 45 82 88 73 
73 49 74 80 92 78 89 91 
74 39 86 81 
75 35 76 
76 44 87 79 88 77 91 
77 29 80 83 92 
78 34 85 79 
79 51 86 83 92 84 80 90 
80 45 82 90 87 
81 28 86 82 83 
82 55 84 87 88 85 83 91 89 
83 55 86 92 84 87 91 
84 37 86 85 92 
85 35 86 88 92 
86 58 87 
87 39 90 89 
88 24 92 89 
89 46 91 90 
90 35 92 91 
91 49 92 
92 52 
