name weight children
0 1 1 17 28 58 73 
1 1 17 10 6 29 7 22 34 24 31 
2 1 15 16 4 6 
3 1 4 12 10 5 25 18 
4 1 14 12 27 6 22 
5 1 14 17 6 28 
6 3 15 17 8 9 34 30 20 
7 1 10 8 25 
8 1 15 17 
9 1 17 10 34 
10 2 15 17 14 16 26 22 33 31 
11 1 14 15 17 12 
12 1 13 17 14 25 
13 1 14 17 
14 2 15 17 16 26 
15 2 16 17 26 
16 2 17 
17 6 23 34 25 22 24 31 30 
18 1 22 34 24 19 21 77 
19 2 25 77 31 78 75 
20 1 28 25 21 74 
21 1 25 72 60 78 
22 1 25 24 33 23 
23 2 26 34 25 24 33 63 
24 3 25 31 62 77 78 
25 5 26 28 31 34 74 72 78 57 
26 1 28 30 
27 1 28 31 
28 1 34 
29 1 30 
30 1 31 34 
31 3 34 32 33 74 78 
32 1 34 57 
33 2 34 72 78 
34 3 77 75 76 
35 1 70 36 43 53 
36 1 60 55 47 
37 1 54 38 
38 1 42 47 43 39 53 50 55 
39 1 55 
40 1 42 44 
41 1 42 54 55 44 
42 1 69 54 43 
43 1 65 44 51 55 50 
44 3 49 47 56 
45 1 61 47 56 
46 1 75 49 47 
47 2 70 51 55 54 53 
48 1 72 71 49 54 53 
49 1 70 66 75 56 54 
50 1 52 54 56 
51 1 52 54 56 55 
52 1 66 65 
53 3 70 65 54 55 56 
54 6 60 64 69 78 75 65 70 55 56 
55 4 56 
56 5 69 78 
57 1 63 58 59 61 76 60 
58 1 59 74 
59 1 78 77 
60 1 78 77 72 
61 1 76 78 67 72 64 
62 1 63 71 68 64 
63 1 78 
64 1 65 
65 2 77 70 66 78 
66 1 67 72 68 
67 1 76 68 77 69 
68 1 73 69 70 
69 2 75 72 70 
70 3 72 76 71 78 
71 2 73 78 72 
72 5 77 78 76 
73 1 74 75 78 
74 2 78 75 
75 3 77 78 76 
76 3 78 
77 2 78 
78 6 
