name weight children
0 38 23 1 37 51 
1 42 65 17 3 8 2 7 52 
2 26 4 8 3 27 49 34 
3 23 72 5 11 21 7 
4 45 14 5 52 
5 44 68 24 64 17 26 38 
6 23 17 35 7 43 
7 39 8 10 
8 51 54 18 60 22 14 23 12 35 13 19 38 10 
9 26 54 68 101 24 22 15 10 12 37 35 
10 45 17 11 23 
11 45 25 38 12 
12 30 13 23 49 29 
13 22 18 58 61 65 17 15 37 
14 40 72 67 101 16 22 25 15 21 38 52 
15 46 55 17 20 37 
16 45 59 63 18 17 
17 55 66 18 58 24 22 25 19 33 
18 23 56 62 70 60 19 
19 41 54 58 25 65 21 23 20 37 
20 41 21 23 43 37 
21 36 58 22 25 28 
22 32 63 62 61 23 
23 45 24 25 
24 34 57 62 61 55 25 
25 50 59 72 69 58 65 
26 32 27 36 
27 49 38 37 28 31 46 36 
28 27 52 30 
29 37 31 
30 46 43 37 31 51 48 
31 34 36 49 32 45 
32 43 36 34 45 
33 38 37 34 
34 27 35 46 50 
35 32 36 37 40 49 
36 41 38 45 46 
37 44 38 49 46 41 
38 47 
39 44 41 
40 57 43 49 45 41 48 
41 16 49 46 44 
42 26 43 49 45 
43 41 47 45 
44 22 45 
45 53 52 50 
46 42 49 47 48 
47 35 48 
48 28 
49 54 52 51 50 
50 48 
51 32 52 
52 37 
53 20 99 61 72 69 54 58 
54 45 59 70 62 65 55 
55 32 67 
56 40 83 82 74 71 80 57 58 101 64 
57 41 79 58 61 
58 50 81 59 69 67 
59 36 100 71 61 62 60 
60 44 62 61 
61 47 95 72 62 66 63 64 
62 41 76 79 78 81 73 63 64 65 
63 33 73 72 
64 49 70 66 65 
65 26 101 
66 41 81 71 72 77 67 68 
67 39 68 
68 29 77 73 69 
69 41 87 71 70 
70 26 83 74 76 71 
71 50 104 89 95 82 79 78 75 72 77 
72 41 77 100 74 87 80 78 81 73 
73 33 89 100 74 76 81 
74 48 105 75 77 
75 17 87 100 76 78 
76 45 98 85 78 77 
77 47 84 78 
78 45 85 
79 24 84 99 82 81 
80 34 83 81 
81 51 84 100 87 
82 30 84 88 94 87 
83 35 84 89 
84 42 105 90 85 
85 39 93 105 91 
86 28 91 87 100 
87 56 91 103 
88 39 91 89 
89 32 91 102 90 105 
90 35 93 91 
91 45 97 92 
92 27 96 93 105 98 
93 28 97 104 94 
94 46 96 102 99 
95 49 96 98 102 
96 33 97 104 
97 31 98 102 
98 53 99 
99 40 104 100 
100 49 102 
101 23 
102 39 103 104 
103 26 105 
104 25 105 
105 50 
