name weight children
0 46 1 5 12 3 19 
1 16 51 60 
2 52 11 3 4 25 
3 42 59 50 49 41 19 6 13 14 4 
4 47 8 19 5 25 
5 52 19 6 7 
6 50 59 45 8 10 18 37 
7 63 18 58 49 9 37 19 10 15 23 
8 37 49 9 19 18 23 
9 40 59 60 49 39 
10 51 17 11 39 14 12 23 38 
11 49 43 59 56 44 19 18 
12 58 13 16 19 14 34 
13 37 17 14 15 18 25 
14 46 58 34 37 
15 38 19 39 16 28 36 
16 46 17 18 34 37 
17 45 59 18 19 
18 56 55 19 23 30 28 
19 73 65 56 49 45 
20 30 37 27 29 24 21 
21 28 
22 32 23 
23 81 39 25 37 24 27 
24 63 37 25 
25 32 26 28 29 27 38 
26 37 40 30 
27 50 34 29 
28 59 39 37 29 36 
29 64 34 
30 48 39 31 
31 23 34 
32 29 40 34 
33 69 34 35 36 
34 57 36 38 
35 32 37 36 
36 72 40 37 38 
37 87 39 40 38 
38 58 40 
39 38 40 
40 52 
41 10 42 47 44 
42 47 43 55 62 59 56 49 
43 64 69 81 78 80 45 55 59 44 
44 46 65 45 49 58 
45 61 51 53 60 48 58 
46 35 60 49 
47 48 70 60 
48 46 54 50 
49 66 56 60 50 
50 29 
51 47 68 71 80 53 60 52 57 
52 29 70 55 59 56 
53 60 69 80 55 59 
54 59 63 69 55 60 
55 64 71 69 77 70 65 57 
56 46 59 60 57 
57 40 65 60 58 
58 42 59 60 
59 88 64 70 69 60 62 
60 101 70 78 63 69 62 65 
61 19 79 66 69 62 
62 42 78 80 64 
63 29 67 76 81 64 69 
64 54 74 67 76 69 71 65 
65 70 78 69 70 
66 32 81 67 69 
67 38 77 69 
68 37 76 69 70 
69 93 81 75 79 74 71 80 70 
70 83 74 80 81 
71 46 78 72 81 
72 38 75 73 79 80 
73 33 74 81 76 77 
74 40 81 75 77 78 
75 60 77 81 
76 44 81 77 78 79 80 
77 49 81 78 80 
78 43 81 
79 43 81 
80 77 81 
81 88 
