name weight children
0 43 54 50 56 47 1 8 25 
1 80 53 55 54 6 51 2 50 7 13 12 10 11 5 
2 78 50 4 7 13 
3 64 4 6 9 8 18 17 
4 34 57 45 48 5 
5 79 48 6 13 20 
6 83 52 12 50 47 51 13 22 14 18 
7 67 14 9 13 8 
8 65 16 14 19 13 9 27 
9 64 51 10 11 27 25 20 29 
10 44 13 14 
11 44 50 48 51 12 13 28 
12 78 47 50 51 14 13 
13 85 48 16 28 14 25 26 29 
14 94 24 28 17 25 20 18 26 
15 43 16 17 
16 56 17 18 27 
17 87 23 20 25 18 26 27 29 
18 78 23 26 28 19 20 
19 60 27 
20 80 25 29 27 21 
21 34 
22 44 23 28 
23 45 24 25 26 27 
24 64 52 56 48 50 25 
25 68 27 
26 56 28 27 29 
27 59 28 29 
28 82 29 
29 87 
30 32 40 31 59 36 
31 42 43 32 40 53 57 
32 78 38 37 40 33 35 39 55 
33 58 42 38 39 34 41 53 36 54 52 
34 72 37 40 44 38 35 36 59 54 55 
35 72 43 37 36 58 53 59 47 
36 74 44 43 42 39 54 55 47 53 49 52 
37 91 44 38 40 39 41 58 
38 105 44 41 43 40 42 
39 78 40 44 53 42 59 
40 86 44 43 41 58 59 47 
41 69 43 44 42 55 54 
42 72 58 57 56 
43 71 44 
44 73 
45 47 58 47 51 
46 79 47 48 50 56 
47 80 54 48 49 52 55 
48 80 54 52 51 49 
49 82 59 55 53 50 51 
50 86 59 55 54 51 
51 72 53 56 
52 54 53 54 55 59 56 
53 79 59 56 55 
54 85 55 56 
55 97 59 58 57 56 
56 83 58 57 59 
57 59 59 
58 83 59 
59 89 
