name weight children
0 2 2 4 12 3 1 18 28 30 
1 2 14 15 2 5 3 28 6 29 
2 2 9 11 3 12 5 15 4 
3 3 8 15 12 11 6 4 31 
4 2 13 12 5 15 11 31 7 30 24 27 
5 2 13 14 15 6 29 
6 2 11 27 10 7 
7 2 35 
8 1 12 9 11 10 
9 1 12 15 
10 1 11 27 
11 2 12 14 13 21 
12 4 13 14 16 15 17 28 30 18 31 
13 2 14 15 16 17 
14 3 15 29 23 
15 4 
16 1 17 23 31 
17 1 18 23 28 26 
18 1 28 19 30 
19 1 29 
20 1 21 
21 2 23 22 27 40 33 42 
22 3 23 47 31 40 44 
23 3 29 28 24 30 41 
24 1 27 30 31 
25 1 27 31 29 30 45 47 
26 1 31 27 
27 2 28 47 29 30 42 
28 2 30 31 29 
29 3 31 30 
30 5 31 45 47 42 44 38 
31 5 47 44 39 35 
32 1 45 33 43 46 35 
33 1 45 34 43 
34 1 39 35 64 
35 2 45 38 58 63 64 37 
36 1 37 
37 1 46 64 
38 1 47 43 39 45 61 
39 1 41 
40 1 42 41 45 
41 3 45 47 42 43 59 
42 2 43 47 46 
43 2 47 59 53 55 
44 2 45 46 58 
45 6 47 50 46 59 54 64 63 
46 4 47 52 64 51 59 58 55 
47 5 59 61 63 55 
48 1 52 51 64 49 
49 1 
50 1 53 51 
51 1 64 54 56 
52 1 53 57 55 63 54 61 
53 1 61 57 55 64 
54 1 58 55 63 64 
55 2 63 64 
56 1 57 61 
57 1 59 58 63 
58 1 59 64 
59 2 63 64 60 61 
60 1 64 61 63 
61 2 64 
62 1 64 
63 5 64 
64 15 
