name weight children
0 36 2 
1 36 31 2 
2 30 34 7 3 
3 40 17 7 15 18 12 
4 46 7 
5 44 7 18 
6 33 25 38 16 7 
7 85 38 37 35 8 10 15 12 13 
8 59 38 22 23 34 33 16 18 
9 30 34 18 13 17 10 
10 61 25 31 35 38 19 17 12 16 
11 33 23 12 18 
12 78 34 16 18 13 
13 48 33 15 
14 39 27 15 17 20 
15 68 35 37 38 18 16 
16 59 22 33 17 18 
17 44 19 18 30 
18 73 30 
19 49 39 55 25 33 23 22 27 31 35 38 20 
20 41 33 
21 34 53 59 22 32 
22 73 54 27 36 24 28 25 23 38 
23 87 56 38 34 27 
24 49 63 28 37 38 25 
25 45 39 27 42 32 38 35 
26 29 43 42 32 27 
27 33 48 56 28 38 35 34 
28 46 42 55 38 
29 41 30 
30 48 32 34 33 
31 46 37 38 33 
32 60 63 52 38 33 
33 52 42 38 35 34 
34 51 42 38 37 35 
35 33 37 38 
36 29 57 48 38 37 
37 68 38 
38 76 42 47 
39 41 68 41 43 47 
40 44 53 61 41 43 
41 43 43 48 58 42 
42 98 50 53 51 43 64 57 45 47 48 44 
43 82 75 65 67 57 53 47 45 46 64 54 
44 30 45 47 48 
45 49 68 58 56 
46 46 75 74 53 61 47 54 48 
47 62 53 51 68 52 48 59 
48 45 
49 22 67 75 50 53 57 52 63 58 
50 49 78 
51 33 64 52 53 57 68 
52 86 63 53 57 55 
53 58 76 67 61 68 57 
54 47 63 57 55 
55 34 57 
56 38 57 63 
57 84 67 63 62 64 58 
58 46 60 
59 32 60 
60 20 65 64 62 63 
61 45 77 72 67 63 62 68 
62 53 75 67 63 
63 60 75 72 73 67 64 74 68 
64 45 65 67 75 
65 57 75 76 73 67 72 
66 41 73 67 
67 67 73 76 68 
68 74 72 75 
69 45 72 
70 23 72 71 
71 31 75 72 73 
72 67 75 73 74 
73 75 78 
74 38 75 
75 70 76 78 
76 45 77 
77 59 78 
78 41 
