name weight children
0 1 48 6 3 25 1 
1 1 2 4 60 20 80 
2 1 5 10 
3 1 46 4 6 60 
4 1 5 33 55 43 52 6 11 26 18 13 20 
5 1 30 42 29 43 6 11 25 16 
6 2 33 55 12 20 
7 1 13 22 20 67 17 8 
8 1 57 9 
9 1 11 15 22 76 
10 1 48 43 11 16 
11 2 48 52 46 45 55 13 27 14 
12 1 53 13 
13 2 60 68 82 
14 1 44 25 16 15 20 
15 1 44 16 23 56 60 68 
16 1 26 18 20 27 
17 1 18 19 
18 1 45 20 21 67 
19 1 20 66 56 21 80 
20 2 27 57 71 81 60 59 65 61 76 
21 1 24 26 22 76 
22 1 23 56 81 59 
23 1 25 62 
24 1 25 26 60 
25 2 46 45 27 
26 1 27 66 57 80 
27 2 51 46 60 81 
28 1 30 31 36 39 29 46 
29 1 30 32 34 
30 1 47 35 34 33 
31 1 34 35 32 48 
32 2 34 40 43 
33 1 34 49 
34 2 36 37 48 51 55 
35 1 36 39 
36 1 47 40 37 
37 1 39 41 42 53 
38 1 39 41 
39 1 41 42 40 48 
40 1 41 50 55 
41 2 50 46 
42 1 46 43 
43 1 50 44 
44 1 48 46 
45 1 48 46 
46 2 47 50 55 53 49 
47 1 48 
48 2 53 55 
49 1 50 
50 1 51 52 53 55 
51 1 
52 1 53 
53 2 55 
54 1 55 81 
55 2 
56 1 67 62 58 59 
57 1 67 60 58 76 
58 1 64 
59 1 60 83 65 106 
60 2 82 61 75 65 
61 1 62 76 74 69 
62 2 66 71 98 
63 1 78 69 65 76 64 107 90 
64 1 67 65 83 95 97 
65 2 80 69 98 73 75 96 
66 1 67 80 68 
67 1 69 77 
68 1 69 
69 2 81 83 105 103 
70 1 75 88 
71 1 72 
72 1 77 74 101 
73 1 76 74 105 103 
74 1 75 76 101 98 88 
75 1 78 76 
76 2 81 101 83 87 
77 1 81 95 84 
78 1 81 83 79 
79 1 92 
80 1 81 82 
81 2 83 
82 1 83 106 
83 2 90 84 99 107 
84 1 98 87 85 102 92 107 
85 1 88 90 86 
86 1 102 111 
87 1 90 88 
88 2 96 106 95 90 92 103 
89 1 90 
90 2 95 100 94 91 
91 1 92 97 107 
92 1 99 111 93 94 109 
93 1 
94 1 95 99 97 107 
95 1 111 
96 1 97 107 
97 2 98 111 100 
98 1 102 100 103 
99 1 105 102 100 
100 1 102 
101 1 102 108 103 
102 2 111 107 104 103 
103 2 111 108 107 109 
104 1 111 
105 1 106 111 
106 1 107 
107 2 111 
108 1 111 110 109 
109 1 111 
110 1 111 
111 3 
