name weight children
0 1 68 7 18 4 14 2 
1 1 6 63 4 2 
2 2 11 12 16 39 4 19 
3 1 8 60 4 17 32 
4 2 5 10 31 33 21 38 
5 2 65 71 11 16 14 
6 1 67 62 11 66 7 18 60 
7 1 11 8 17 
8 2 64 53 11 31 19 
9 1 10 17 32 22 
10 2 53 11 63 13 20 
11 2 64 70 71 65 14 
12 1 62 63 14 16 17 
13 1 71 18 16 14 
14 2 36 41 32 20 17 19 23 22 
15 1 17 23 
16 2 18 17 23 26 21 38 40 
17 2 26 23 30 
18 1 64 19 20 23 
19 1 41 21 20 26 
20 2 60 38 34 23 22 26 
21 1 37 30 22 23 25 
22 2 31 23 47 
23 3 47 32 26 43 35 
24 1 26 44 29 
25 1 26 32 28 
26 2 39 32 31 30 40 34 37 47 29 
27 1 28 
28 2 34 30 29 44 35 
29 2 46 35 
30 1 31 33 
31 1 32 40 34 
32 2 41 39 33 37 34 
33 1 34 47 
34 2 38 37 35 42 44 
35 2 45 
36 1 71 38 
37 2 39 38 40 45 
38 2 40 
39 1 40 
40 2 41 42 44 
41 2 
42 1 45 
43 1 44 
44 2 47 
45 1 47 
46 1 47 
47 3 
48 1 74 49 52 55 64 70 
49 1 50 
50 2 82 86 58 68 81 90 52 57 67 59 56 
51 1 52 
52 1 87 53 
53 2 81 90 92 62 58 65 
54 1 96 93 55 65 
55 1 89 56 58 59 68 71 
56 2 91 95 93 57 59 70 65 68 62 
57 1 94 74 87 91 86 58 67 
58 2 91 59 92 69 64 
59 3 74 78 85 89 92 96 71 65 64 
60 1 61 64 62 63 
61 1 68 62 63 
62 2 96 64 71 
63 1 64 70 71 65 
64 2 96 68 65 70 67 
65 2 70 71 
66 1 70 67 71 68 
67 2 70 68 71 
68 2 70 71 
69 1 70 
70 2 71 
71 2 
72 1 82 79 77 75 73 91 74 
73 1 79 77 76 94 74 86 91 
74 2 77 82 83 81 86 96 92 
75 1 77 76 80 
76 2 83 88 77 85 86 89 
77 2 83 82 78 84 94 80 95 
78 1 82 79 96 92 
79 1 83 80 96 82 
80 2 83 96 
81 1 83 86 
82 2 96 83 88 91 
83 3 96 84 94 95 85 93 90 
84 1 94 86 96 85 89 
85 1 86 87 
86 2 96 88 91 89 92 95 
87 1 88 92 
88 2 94 95 93 89 
89 2 
90 1 92 
91 2 96 92 93 
92 2 94 96 
93 1 96 94 
94 1 95 96 
95 1 96 
96 3 
