name weight children
0 39 7 1 10 
1 19 18 14 22 3 12 
2 27 4 13 29 
3 49 6 4 18 16 31 26 34 32 
4 29 22 10 21 7 15 40 
5 41 6 12 9 26 37 
6 39 19 7 20 10 
7 30 18 21 9 30 32 10 
8 42 10 35 
9 42 10 22 21 40 23 38 
10 51 18 30 28 34 24 32 22 23 70 
11 44 14 13 16 17 12 15 
12 44 19 13 30 27 
13 50 19 14 22 15 26 21 28 
14 45 18 15 20 
15 30 22 16 31 
16 49 18 
17 43 19 22 21 34 
18 45 19 21 22 25 
19 37 21 20 
20 30 21 25 22 
21 55 22 29 31 37 
22 88 
23 33 31 28 24 36 76 42 
24 47 25 26 46 
25 49 31 30 
26 47 28 35 31 30 27 42 
27 50 28 30 32 35 39 29 
28 35 30 70 
29 39 30 31 
30 71 31 32 40 38 34 33 37 
31 79 40 34 32 33 46 43 70 
32 45 34 43 
33 35 34 70 72 42 90 81 
34 47 35 46 
35 24 44 37 39 
36 29 37 80 42 91 74 73 
37 46 40 39 72 
38 28 40 
39 44 40 45 80 
40 60 80 46 77 
41 42 46 42 80 82 
42 30 43 90 80 74 71 
43 46 44 46 81 
44 26 46 
45 45 46 80 90 
46 66 91 92 
47 38 50 51 63 68 48 
48 44 52 
49 33 54 50 58 51 
50 100 73 89 86 84 88 56 53 51 64 52 83 63 69 
51 58 69 66 55 
52 75 54 53 59 66 55 
53 57 75 54 89 
54 61 73 82 75 86 69 62 56 
55 28 
56 48 57 
57 45 
58 39 84 62 60 
59 47 62 66 64 63 60 
60 72 63 
61 42 63 
62 55 63 
63 82 93 68 
64 48 66 65 
65 28 68 66 
66 65 67 69 
67 60 81 92 69 86 
68 73 86 69 
69 77 93 84 89 82 86 
70 58 74 72 71 80 90 
71 58 72 80 91 79 89 92 77 
72 44 80 74 73 78 89 
73 40 76 75 89 
74 76 80 82 75 
75 49 90 93 87 
76 48 80 77 92 79 78 89 86 
77 46 78 88 
78 34 90 80 89 87 88 
79 34 80 81 
80 83 81 92 90 86 
81 90 86 92 82 
82 44 92 88 84 89 87 86 83 
83 47 84 89 87 
84 39 92 87 86 
85 31 91 90 87 86 
86 86 90 92 89 87 
87 68 90 92 
88 60 90 89 93 
89 84 90 91 93 92 
90 85 92 
91 33 92 93 
92 66 93 
93 85 
