name weight children
0 1 3 7 22 
1 1 18 3 
2 1 15 45 10 4 13 
3 1 30 4 5 
4 3 44 33 11 19 
5 1 16 33 9 6 
6 1 33 10 21 7 9 
7 2 21 
8 1 10 36 15 9 
9 3 42 33 19 11 28 30 10 
10 2 44 38 12 
11 1 44 16 12 13 19 22 
12 1 44 15 31 13 21 
13 2 16 32 33 15 21 14 19 
14 1 15 
15 2 37 28 39 16 19 
16 2 41 45 25 39 30 21 
17 1 18 22 
18 1 31 19 
19 3 43 28 33 21 
20 1 21 22 
21 2 22 
22 2 
23 1 53 24 27 
24 1 27 32 
25 1 26 37 63 33 
26 1 40 38 27 
27 3 64 35 37 42 45 31 29 30 33 43 
28 1 38 30 33 32 
29 1 37 33 30 
30 2 38 44 33 
31 1 37 45 35 33 
32 2 41 42 33 
33 3 
34 1 69 55 35 36 40 
35 2 67 68 53 38 41 56 36 37 39 44 43 
36 2 61 53 37 39 41 
37 2 65 53 38 44 45 39 
38 2 56 60 39 41 
39 2 41 45 
40 1 65 47 60 42 41 
41 1 42 43 
42 2 68 56 45 44 
43 1 45 44 
44 2 45 
45 2 
46 1 71 62 47 
47 2 51 54 61 50 52 55 
48 1 90 84 49 
49 2 84 91 73 71 69 61 68 76 50 55 60 
50 2 76 79 59 51 52 68 65 
51 1 79 91 52 55 
52 2 69 59 78 54 53 61 62 
53 2 62 55 60 67 
54 1 82 78 88 69 55 67 
55 2 60 62 56 57 65 
56 2 64 63 
57 1 58 59 62 
58 2 59 70 60 61 
59 2 79 73 88 68 61 62 64 
60 2 61 68 63 67 62 
61 2 76 62 63 
62 2 74 68 65 
63 1 65 
64 1 65 
65 3 68 66 
66 1 
67 1 68 
68 2 
69 1 85 82 73 70 
70 2 79 72 71 84 78 74 
71 1 84 73 78 
72 1 89 73 78 88 75 
73 3 82 88 77 91 
74 1 91 76 
75 1 76 
76 2 79 85 82 88 78 
77 1 81 79 
78 2 91 79 
79 3 81 88 84 85 
80 1 90 86 81 84 82 
81 2 85 83 82 88 84 91 
82 2 87 90 89 85 88 
83 1 85 90 
84 2 85 91 
85 2 86 88 87 
86 1 87 88 91 
87 1 90 88 
88 3 90 91 
89 1 90 
90 2 91 
91 3 
