name weight children
0 1 24 1 11 10 3 50 5 7 42 49 
1 1 52 17 2 4 
2 2 9 11 13 8 35 40 42 4 34 37 
3 1 17 25 4 34 
4 1 17 5 42 
5 3 54 21 23 14 8 25 28 10 29 49 
6 1 72 8 
7 1 20 8 11 40 30 46 
8 2 54 75 51 55 22 60 10 26 9 25 48 
9 1 56 51 10 12 11 26 
10 2 55 11 12 
11 2 17 50 20 48 49 
12 1 71 75 19 14 13 
13 1 17 24 14 25 28 30 27 
14 2 16 20 75 55 17 22 15 
15 1 23 50 
16 1 58 74 17 
17 2 65 75 19 55 24 22 
18 1 73 20 54 19 22 
19 1 59 71 53 75 23 22 20 
20 2 75 60 24 
21 1 73 22 24 
22 2 73 75 24 
23 1 59 24 
24 3 60 30 
25 1 26 35 48 45 
26 1 30 27 36 35 
27 2 28 41 35 30 
28 1 34 29 
29 1 30 37 43 
30 2 40 31 37 
31 1 42 35 33 
32 1 33 
33 2 36 35 37 39 
34 1 36 35 
35 2 39 37 
36 2 37 44 41 42 
37 2 48 49 
38 1 41 40 49 
39 1 40 43 
40 2 49 
41 1 42 47 
42 1 50 43 
43 2 49 
44 1 46 
45 1 46 49 
46 2 48 49 50 
47 1 48 
48 2 50 49 
49 2 50 
50 2 
51 1 73 70 56 53 
52 1 66 58 53 55 
53 2 62 
54 1 56 75 
55 1 56 62 68 65 
56 3 98 97 71 69 64 59 75 60 
57 1 61 59 70 75 
58 1 92 59 
59 2 93 99 71 62 60 
60 1 65 
61 1 77 83 98 62 65 73 
62 2 90 93 73 68 
63 1 95 65 64 
64 1 101 76 99 70 65 
65 2 80 76 98 91 73 68 66 67 74 75 
66 1 97 68 73 
67 2 80 76 98 92 73 68 70 
68 2 80 98 99 71 
69 1 101 73 70 74 
70 1 71 75 
71 2 93 83 97 74 75 
72 1 101 73 75 
73 2 75 
74 1 75 
75 3 93 
76 1 78 87 88 77 97 93 
77 1 81 79 86 78 101 80 
78 2 82 81 79 86 83 87 94 
79 1 81 85 87 101 
80 1 81 84 93 96 
81 2 89 90 96 86 83 94 99 
82 1 85 84 88 83 
83 1 86 84 91 
84 2 87 86 101 
85 1 86 101 90 88 
86 2 87 100 88 101 
87 2 90 93 88 97 
88 2 93 91 99 
89 1 90 
90 1 93 101 98 91 
91 2 100 93 94 
92 1 94 
93 2 95 94 98 96 
94 2 100 
95 1 100 96 97 99 
96 1 97 
97 2 101 98 
98 1 99 101 
99 2 101 
100 1 101 
101 2 
