name weight children
0 1 2 62 7 27 
1 1 67 2 9 3 
2 1 11 10 5 
3 1 51 52 66 15 5 17 4 54 11 24 
4 1 5 20 
5 3 58 11 26 7 32 24 35 29 
6 1 9 11 17 8 20 34 
7 1 8 11 24 
8 2 16 58 66 65 15 10 50 17 
9 1 55 73 52 58 66 22 10 11 24 19 
10 2 14 11 50 13 34 
11 2 16 61 14 20 
12 1 14 13 20 25 
13 1 14 17 62 24 37 
14 2 16 15 33 17 41 
15 1 65 17 
16 2 68 57 51 63 21 65 18 17 69 61 22 
17 2 74 52 66 61 64 24 33 30 
18 1 72 21 53 54 24 19 
19 1 20 
20 2 22 24 35 25 
21 1 57 50 22 
22 2 64 66 24 23 27 33 30 
23 1 24 31 36 
24 3 30 32 35 42 49 
25 1 27 36 44 
26 1 27 41 
27 2 35 33 30 36 32 29 49 28 
28 1 29 33 42 47 
29 2 30 36 46 33 35 45 40 
30 2 43 
31 1 33 35 32 
32 1 33 38 
33 2 36 34 35 45 42 48 49 
34 1 35 39 
35 2 38 47 36 48 
36 2 48 47 
37 1 38 48 
38 1 39 44 49 
39 2 42 48 45 40 
40 1 42 45 
41 1 47 42 
42 2 44 
43 1 45 44 49 48 
44 1 46 45 
45 2 49 47 
46 1 47 
47 2 49 48 
48 2 49 
49 2 
50 1 52 61 53 66 65 
51 1 83 52 71 74 61 58 53 
52 2 80 84 72 57 63 55 61 
53 1 55 62 
54 1 65 55 
55 2 86 58 61 
56 1 78 92 74 61 57 
57 1 83 60 81 63 58 61 
58 2 73 74 59 65 
59 1 61 
60 2 78 92 77 61 64 67 
61 3 85 63 69 
62 1 64 66 
63 2 85 83 79 70 66 64 74 
64 2 68 66 72 
65 1 72 67 66 
66 2 72 71 67 74 
67 2 70 69 
68 1 79 85 70 86 71 74 
69 1 70 73 
70 2 80 
71 1 82 92 72 74 
72 2 80 83 79 84 73 
73 1 74 
74 2 
75 1 89 78 96 76 
76 1 94 77 89 83 85 
77 2 93 98 99 91 89 82 79 80 85 84 
78 1 98 80 
79 2 99 80 
80 2 93 99 87 
81 1 97 82 83 85 86 
82 1 93 83 84 
83 2 97 86 
84 1 92 99 85 
85 2 86 
86 2 
87 1 91 89 88 90 97 
88 1 89 
89 3 93 98 95 99 91 92 
90 1 
91 1 94 96 99 97 92 
92 2 98 94 
93 1 94 96 95 
94 1 97 98 95 99 
95 2 99 
96 1 97 98 99 
97 2 99 
98 1 99 
99 3 
