name weight children
0 1 53 1 2 
1 1 4 2 26 25 28 31 
2 1 66 64 
3 1 66 12 4 8 30 
4 2 12 53 66 25 14 5 26 30 
5 1 66 65 12 30 7 25 
6 1 12 7 
7 1 59 8 
8 1 66 65 64 12 30 25 
9 1 10 30 26 31 
10 1 66 12 30 
11 1 12 
12 5 66 58 64 13 30 31 25 26 
13 3 58 30 27 31 
14 1 15 30 17 25 
15 1 30 31 26 17 
16 1 17 27 
17 2 28 30 18 23 27 31 22 
18 1 22 19 
19 1 31 
20 1 30 22 
21 2 31 22 
22 3 31 
23 1 31 26 
24 1 31 26 
25 3 30 26 31 
26 4 31 30 28 
27 1 28 31 
28 1 30 31 
29 1 31 
30 5 58 65 66 53 31 
31 12 
32 1 33 58 
33 2 42 44 46 48 39 35 49 55 
34 1 39 41 61 35 56 
35 3 48 39 47 45 60 65 58 
36 1 43 39 
37 1 39 51 60 
38 2 43 39 40 61 
39 6 48 43 42 44 47 45 63 65 55 
40 1 44 51 41 
41 1 45 44 48 
42 1 45 44 43 
43 3 44 48 47 45 51 
44 3 48 47 46 
45 2 47 48 
46 1 48 47 
47 3 48 
48 6 
49 1 51 58 65 
50 1 51 66 
51 2 62 65 56 60 63 58 
52 1 56 66 60 53 
53 1 66 65 59 
54 1 55 66 
55 2 56 66 65 
56 3 66 60 58 65 
57 1 58 66 
58 2 61 66 60 64 
59 1 65 60 66 
60 3 61 65 63 66 
61 4 65 66 
62 1 63 65 66 
63 2 66 65 
64 1 65 66 
65 6 66 
66 16 
