name weight children
0 16 8 1 17 19 
1 41 10 6 9 2 17 
2 49 4 7 17 3 
3 84 7 4 6 10 8 16 13 17 19 20 12 
4 44 6 9 7 16 
5 47 6 10 16 14 
6 212 7 10 9 8 13 16 17 
7 206 10 9 16 17 
8 32 10 9 
9 125 10 16 13 
10 324 14 13 17 16 
11 40 14 
12 63 16 13 17 14 20 19 33 41 
13 68 14 16 17 
14 83 16 
15 23 17 19 
16 158 17 19 18 20 
17 208 19 20 
18 16 19 40 
19 296 20 41 33 31 25 40 38 
20 222 41 40 33 36 
21 48 29 23 
22 57 27 38 37 30 26 23 
23 58 37 30 24 26 
24 46 37 
25 48 41 26 
26 133 36 27 32 38 30 
27 298 39 33 40 41 38 30 37 29 35 
28 36 30 
29 122 37 30 
30 296 40 36 34 38 37 35 
31 41 41 40 32 
32 30 33 40 41 
33 64 41 40 34 38 
34 44 38 41 37 35 
35 63 37 38 
36 16 39 41 38 37 
37 160 38 41 
38 168 40 41 
39 13 41 
40 198 41 
41 333 
