name weight children
0 1 6 1 9 20 
1 1 2 47 24 
2 1 49 15 10 
3 1 24 7 4 9 6 8 
4 1 6 13 21 
5 1 6 
6 2 29 11 14 21 
7 1 47 18 24 14 8 
8 1 10 28 14 
9 1 27 10 13 11 
10 2 29 21 20 14 
11 1 29 25 12 14 
12 1 55 14 
13 1 17 14 
14 3 19 24 29 
15 1 45 26 18 
16 1 38 34 17 21 18 
17 1 40 21 18 
18 1 26 19 25 27 21 20 
19 1 34 23 21 28 
20 1 21 24 
21 2 46 24 29 
22 1 34 23 29 25 
23 1 55 37 34 24 
24 1 49 26 29 25 
25 1 38 58 
26 1 33 57 29 27 
27 1 51 28 
28 1 29 
29 3 52 42 46 32 50 
30 1 39 58 32 
31 1 44 110 32 51 
32 1 33 42 51 
33 1 109 36 44 38 34 
34 2 38 47 
35 1 112 101 36 44 
36 1 102 97 101 100 40 56 
37 1 104 108 119 100 109 39 40 41 42 38 49 
38 1 44 110 39 40 50 51 
39 1 43 114 119 44 40 45 107 48 
40 2 119 44 105 41 49 55 
41 1 44 105 53 111 42 
42 1 44 59 
43 1 96 57 44 
44 2 104 117 103 119 100 96 115 105 111 56 54 48 
45 1 116 48 46 
46 1 58 47 
47 1 55 50 
48 1 59 54 49 51 
49 1 55 51 
50 1 59 51 
51 2 55 
52 1 59 54 
53 1 108 115 54 59 
54 1 57 55 111 
55 2 109 56 
56 1 111 57 
57 2 59 58 
58 1 59 
59 2 108 119 
60 1 64 
61 1 72 69 62 64 87 89 
62 1 65 64 74 72 78 70 
63 1 66 65 64 79 
64 1 66 80 
65 1 71 73 67 69 66 85 
66 2 78 81 83 70 
67 1 74 70 68 
68 1 71 70 74 
69 1 70 74 72 78 80 
70 2 72 73 85 76 82 
71 1 74 72 78 75 89 
72 2 74 73 81 
73 1 81 74 78 
74 2 79 83 91 99 
75 1 80 85 77 93 76 
76 1 77 100 97 
77 1 78 102 
78 1 89 85 79 
79 1 81 85 87 
80 1 81 98 118 
81 2 91 112 
82 1 83 89 85 84 98 118 
83 1 90 
84 1 85 88 100 102 113 
85 2 112 89 113 
86 1 89 87 102 119 
87 1 89 114 97 101 
88 1 102 89 
89 2 99 119 
90 1 112 96 92 
91 1 104 92 119 
92 1 95 119 
93 1 102 94 
94 1 100 96 95 
95 1 103 96 109 
96 2 100 105 
97 1 98 99 105 110 
98 1 103 119 100 
99 1 102 114 104 100 
100 2 113 101 
101 1 118 119 104 109 
102 2 117 104 108 
103 1 104 115 
104 2 114 115 
105 1 108 115 111 107 
106 1 117 107 
107 1 110 
108 1 119 109 110 
109 2 119 114 110 111 
110 1 111 
111 2 117 114 119 
112 1 113 119 
113 1 114 115 119 
114 1 118 115 
115 2 119 116 
116 1 119 117 
117 1 119 
118 1 119 
119 3 
