name weight children
0 1 43 4 2 
1 1 46 11 52 2 4 
2 2 16 14 5 8 
3 1 5 
4 1 52 5 10 
5 2 18 43 51 12 29 21 15 23 
6 1 40 36 46 10 7 25 12 
7 1 11 28 23 8 
8 2 21 23 
9 1 10 
10 2 11 16 
11 1 50 26 12 
12 2 43 35 14 15 
13 1 16 14 18 15 
14 1 18 15 35 48 
15 2 41 18 22 23 
16 1 36 21 20 
17 1 18 
18 2 45 49 38 52 28 22 43 21 
19 1 35 21 
20 1 22 21 
21 2 28 48 29 25 23 
22 1 27 25 23 
23 2 24 
24 1 25 
25 2 
26 1 32 30 39 28 43 29 
27 1 30 39 42 28 35 34 
28 2 33 34 52 
29 1 36 46 
30 1 71 47 31 38 
31 2 71 69 78 63 61 50 41 38 46 
32 1 37 74 33 45 50 36 
33 1 39 34 49 46 
34 2 77 36 38 46 52 
35 1 38 41 36 51 
36 1 38 45 
37 1 68 73 38 
38 3 76 72 69 61 77 45 41 52 
39 1 63 59 45 42 50 40 
40 1 41 
41 1 62 50 42 
42 1 45 43 
43 1 45 52 
44 1 65 63 45 50 
45 3 64 76 72 69 47 52 46 48 
46 1 52 48 
47 1 76 56 48 
48 2 50 
49 1 50 
50 2 73 61 52 51 
51 1 52 
52 3 63 61 65 
53 1 82 91 88 84 79 54 60 55 
54 1 70 55 67 58 
55 2 103 90 58 64 79 63 
56 1 63 65 
57 1 92 58 
58 2 67 66 63 61 65 
59 1 64 60 61 
60 1 70 92 71 61 62 65 77 
61 2 79 68 64 63 
62 1 63 
63 2 75 70 64 65 77 
64 1 83 75 65 
65 2 79 68 69 
66 1 88 87 70 67 68 71 
67 1 89 91 81 105 85 68 
68 1 80 79 72 69 77 
69 1 72 70 
70 2 98 88 81 105 83 75 72 73 
71 1 72 76 
72 2 80 78 
73 1 76 74 
74 1 92 75 
75 2 88 83 85 76 77 
76 1 80 92 79 77 
77 2 79 
78 1 79 
79 3 90 81 84 
80 1 82 90 88 85 83 
81 1 98 82 89 83 90 
82 2 101 95 103 84 92 
83 1 105 84 85 
84 1 105 85 
85 2 100 98 95 89 103 92 
86 1 98 88 92 
87 1 88 90 103 
88 2 102 94 97 100 90 89 
89 1 103 90 92 
90 2 97 98 93 91 92 
91 1 102 92 
92 2 
93 1 102 94 97 99 105 
94 1 100 95 104 96 99 
95 2 101 102 97 98 99 104 
96 1 97 98 
97 2 104 98 99 
98 2 102 103 101 99 105 
99 2 102 103 105 101 
100 1 101 105 
101 2 103 105 
102 1 103 105 104 
103 2 104 105 
104 1 105 
105 2 
