name weight children
0 33 19 3 1 10 
1 47 20 2 18 11 12 4 23 
2 44 3 11 16 21 17 37 5 
3 42 19 17 11 4 8 22 5 23 38 44 
4 61 22 10 20 16 23 14 5 44 
5 19 24 
6 36 11 19 8 46 45 
7 38 22 8 37 
8 39 19 37 40 
9 20 18 10 22 20 11 
10 43 20 22 11 
11 71 20 22 18 23 24 
12 42 20 15 19 22 17 16 13 38 
13 30 14 46 
14 40 19 23 44 45 
15 46 22 18 16 17 
16 46 19 22 17 
17 50 22 20 19 23 
18 24 20 19 23 
19 54 20 22 23 21 44 
20 56 22 23 39 
21 46 22 23 
22 72 23 24 
23 77 39 36 40 44 35 24 37 38 47 
24 38 39 26 47 44 25 27 42 58 48 
25 48 26 46 33 28 
26 26 38 35 
27 42 32 28 59 57 
28 42 48 29 30 49 64 
29 35 87 
30 44 32 59 
31 48 32 47 
32 61 48 46 35 33 42 52 64 
33 15 40 34 
34 43 35 48 67 61 55 
35 40 37 38 48 
36 45 38 43 
37 49 39 38 43 42 59 48 
38 31 46 40 
39 40 46 40 
40 41 44 41 52 
41 48 47 52 67 
42 37 44 43 52 45 
43 48 44 45 
44 29 48 47 45 
45 52 46 47 48 53 72 
46 85 48 57 
47 63 48 64 67 
48 80 57 61 64 53 
49 34 52 50 60 51 
50 22 59 52 54 51 68 
51 40 53 71 66 
52 44 56 53 54 
53 42 56 64 54 
54 48 57 59 55 72 60 71 85 66 84 87 
55 37 58 57 56 84 66 69 83 
56 35 57 59 60 
57 48 59 
58 23 59 67 
59 58 60 67 63 78 
60 47 61 66 89 78 79 75 
61 31 62 66 
62 16 63 68 
63 45 64 72 65 78 81 66 
64 52 65 70 66 87 71 
65 40 66 
66 41 94 72 71 97 92 76 77 93 86 
67 40 72 70 69 
68 31 69 80 87 
69 25 
70 43 72 71 78 
71 43 72 87 78 85 97 
72 58 84 77 97 
73 66 75 81 77 97 
74 40 87 94 75 77 
75 42 90 
76 49 81 78 80 94 77 86 
77 62 78 85 84 97 91 
78 71 94 83 87 81 97 
79 48 81 95 
80 24 84 87 81 94 
81 59 92 84 93 
82 41 83 
83 49 84 94 
84 61 89 97 
85 42 87 89 97 96 86 
86 40 87 93 88 91 
87 54 93 
88 49 
89 30 94 90 
90 45 94 93 
91 27 92 96 
92 46 94 93 97 
93 69 94 97 95 
94 56 97 95 
95 49 97 
96 58 97 
97 94 
