name weight children
0 1 63 6 23 9 2 18 
1 1 24 3 2 29 19 28 
2 1 23 63 25 24 
3 1 4 6 29 
4 2 63 5 62 10 11 18 
5 1 63 6 
6 2 49 63 58 12 7 13 11 
7 3 48 63 62 10 56 24 9 11 18 8 25 
8 1 26 24 25 19 
9 1 11 10 25 14 
10 1 63 56 18 
11 2 59 63 12 13 62 17 
12 2 63 25 24 
13 1 49 25 14 
14 1 24 
15 1 16 
16 2 25 18 17 20 24 28 22 
17 3 63 23 18 26 20 22 29 21 
18 4 25 24 26 19 30 22 
19 2 24 25 20 22 
20 5 22 30 28 24 27 
21 2 24 22 
22 5 24 26 29 
23 2 62 63 56 24 26 
24 6 58 25 26 29 28 30 
25 4 63 26 28 
26 2 62 63 29 28 27 
27 2 29 28 
28 6 29 30 
29 3 30 
30 3 
31 1 37 32 34 42 61 44 40 62 
32 2 46 38 35 37 34 42 
33 1 36 38 46 34 
34 2 36 38 46 45 
35 2 36 46 38 40 
36 2 37 38 45 62 54 
37 4 38 46 41 44 40 54 
38 5 45 40 43 46 42 52 
39 1 41 40 62 
40 2 46 41 61 51 45 54 63 56 62 
41 2 45 46 42 52 44 
42 2 46 62 55 63 
43 1 45 44 46 47 
44 2 46 54 63 
45 4 46 
46 5 54 62 50 63 60 51 
47 1 61 48 
48 1 50 49 58 
49 1 62 50 63 53 
50 2 52 54 53 63 
51 1 52 62 53 56 63 
52 1 62 
53 1 54 56 
54 2 63 57 
55 1 56 59 62 58 
56 2 61 63 62 58 
57 1 58 
58 2 63 
59 1 61 60 63 
60 2 63 
61 1 62 63 
62 7 63 
63 12 
