name weight children
0 1 2 1 6 13 
1 1 60 58 37 2 47 5 26 
2 2 42 44 54 59 7 52 6 29 21 30 10 
3 1 34 51 56 21 6 4 9 26 
4 1 55 13 30 
5 1 50 58 7 6 9 11 
6 1 16 19 
7 1 38 60 56 12 30 13 8 16 
8 1 55 12 15 9 26 
9 1 62 47 10 13 
10 2 58 20 
11 1 12 52 30 13 
12 1 51 
13 1 26 14 30 
14 2 
15 1 59 21 62 16 
16 1 53 18 19 
17 1 18 
18 1 
19 1 26 20 22 
20 1 52 
21 1 58 37 22 
22 2 28 30 25 
23 1 54 26 30 24 
24 1 29 26 
25 1 26 
26 2 30 
27 1 28 
28 1 29 
29 1 59 30 
30 2 55 
31 1 109 122 32 33 34 51 
32 1 68 122 36 38 60 
33 1 124 40 38 34 
34 2 110 100 41 46 38 50 58 54 37 
35 1 36 124 38 45 37 54 
36 1 103 110 109 125 38 62 
37 1 38 57 42 
38 2 125 39 43 44 50 
39 1 109 40 62 41 
40 1 124 104 58 44 
41 1 112 42 44 
42 1 95 59 
43 1 112 44 
44 2 122 109 61 45 58 54 56 
45 1 122 97 46 51 
46 1 109 102 95 61 
47 1 62 48 50 55 
48 1 125 109 50 51 
49 1 50 
50 1 56 53 
51 1 57 52 
52 1 59 53 
53 1 54 
54 2 58 
55 1 58 61 56 
56 1 60 
57 1 112 102 58 
58 2 61 60 62 
59 1 60 61 
60 1 95 62 
61 1 62 
62 2 104 125 
63 1 77 65 106 68 
64 1 75 65 105 68 109 
65 1 74 69 66 122 
66 1 67 103 68 
67 1 83 70 93 69 116 
68 1 73 69 110 100 124 
69 1 70 84 
70 1 92 72 71 73 117 
71 1 82 75 117 
72 1 73 79 75 83 111 123 
73 2 87 82 80 77 111 96 
74 1 78 76 75 77 
75 1 83 85 81 77 
76 1 86 93 85 81 77 117 
77 2 85 84 117 113 97 111 123 
78 1 91 84 79 
79 1 85 81 93 82 101 
80 1 92 85 81 118 98 117 
81 2 85 
82 1 85 92 93 83 118 
83 2 85 92 93 
84 1 86 85 92 118 
85 2 86 90 87 93 91 
86 1 93 87 
87 1 89 92 88 
88 1 93 
89 1 90 99 
90 1 91 92 
91 1 93 
92 1 93 
93 2 97 
94 1 117 96 95 
95 1 97 124 108 104 
96 1 98 97 122 100 125 
97 2 101 109 107 119 114 102 
98 1 99 123 103 
99 1 101 120 
100 1 
101 2 106 122 
102 1 103 106 105 
103 1 105 109 
104 1 123 105 109 
105 2 122 125 107 108 115 109 
106 1 107 109 108 
107 1 113 109 
108 1 110 109 
109 2 121 
110 1 113 111 123 112 115 
111 1 116 
112 1 114 122 
113 1 120 116 
114 1 117 115 
115 1 116 125 
116 1 118 117 
117 2 123 
118 1 119 121 
119 1 124 
120 1 
121 1 122 124 
122 1 123 124 125 
123 1 
124 1 125 
125 2 
