name weight children
0 29 4 1 
1 56 9 8 5 2 21 
2 45 3 4 8 5 
3 48 32 41 6 8 14 39 9 5 21 4 25 
4 38 10 12 5 21 15 
5 48 10 42 18 11 46 16 24 
6 38 51 40 8 12 7 
7 32 32 8 47 13 11 
8 40 41 28 9 15 10 21 
9 36 34 47 10 42 12 
10 48 47 41 19 12 
11 48 12 
12 49 14 16 
13 44 42 14 19 16 
14 58 37 41 16 15 21 
15 33 39 42 
16 42 18 21 17 
17 31 21 
18 60 24 
19 38 34 41 28 21 
20 12 25 
21 69 45 22 24 
22 47 23 25 24 
23 42 39 
24 42 25 
25 31 
26 30 34 30 27 28 
27 49 97 28 
28 27 37 42 
29 48 101 37 38 81 31 44 
30 29 50 35 95 36 31 47 
31 48 38 
32 16 97 37 44 
33 45 79 38 81 99 34 51 
34 53 38 95 37 50 36 39 
35 42 95 38 90 101 37 36 40 44 
36 48 38 49 44 42 
37 42 78 82 38 51 41 
38 66 93 80 88 83 97 98 51 49 41 
39 39 40 44 48 41 
40 43 50 95 97 41 
41 31 51 44 42 
42 40 44 47 
43 41 51 44 
44 44 99 49 
45 46 48 
46 38 47 
47 38 51 49 48 
48 20 51 49 50 
49 57 83 51 
50 49 96 100 102 88 82 51 
51 47 78 82 99 
52 41 65 72 64 54 
53 29 56 54 102 
54 36 56 
55 26 56 96 
56 54 72 77 66 69 60 65 64 94 84 57 92 96 
57 48 60 71 100 86 
58 38 59 77 60 103 
59 33 72 77 62 60 63 
60 45 70 74 77 73 61 64 63 
61 49 74 77 65 62 64 63 
62 41 74 72 73 64 63 
63 56 67 64 92 87 93 102 
64 42 74 79 
65 37 77 73 67 70 
66 40 70 76 67 
67 38 74 72 70 
68 45 70 72 69 74 71 
69 33 70 72 73 87 
70 52 73 76 74 75 
71 35 72 73 77 
72 39 73 76 74 
73 44 74 77 
74 33 75 76 77 93 
75 43 77 
76 43 77 
77 50 93 
78 40 92 79 100 88 82 
79 43 93 91 80 102 
80 36 88 81 82 
81 41 85 102 88 82 90 83 97 101 
82 31 96 83 89 
83 62 87 99 97 
84 38 85 87 88 
85 44 86 88 96 95 
86 49 87 88 
87 44 88 
88 41 93 92 102 89 95 90 98 
89 40 101 97 
90 40 92 95 97 
91 39 93 95 98 
92 41 93 102 100 95 
93 48 94 102 96 
94 49 96 95 
95 54 100 96 102 97 101 99 
96 26 103 
97 36 103 102 98 99 
98 29 100 99 
99 57 101 
100 51 103 102 101 
101 43 102 
102 70 103 
103 29 
