name weight children
0 16 12 1 
1 44 9 5 
2 42 31 4 
3 12 5 
4 47 5 9 
5 73 12 9 
6 46 30 8 
7 27 25 9 12 22 
8 57 16 12 31 9 
9 58 28 23 16 12 13 
10 38 26 12 
11 22 12 
12 157 30 31 28 26 13 25 27 24 
13 85 26 31 
14 28 63 30 15 
15 41 54 20 31 26 16 
16 38 31 26 22 
17 41 30 18 
18 23 63 20 31 
19 21 21 
20 48 60 63 21 31 
21 65 53 60 62 51 30 31 26 
22 44 31 23 24 
23 29 31 28 25 
24 58 29 31 26 25 
25 49 31 26 
26 122 63 30 31 
27 33 31 28 
28 29 30 
29 22 30 31 
30 105 62 54 60 63 53 31 
31 279 51 63 53 54 
32 26 46 33 
33 73 47 44 43 35 39 48 45 58 63 
34 29 39 35 58 
35 36 43 
36 26 39 63 
37 11 47 39 57 
38 64 47 46 42 39 
39 75 46 47 43 61 57 
40 49 43 56 57 
41 51 46 47 58 42 43 
42 85 46 47 43 45 63 
43 98 47 46 44 63 58 
44 49 46 47 45 
45 40 47 58 57 
46 110 47 58 
47 297 
48 43 58 49 60 63 62 54 
49 39 58 63 
50 19 54 63 62 51 
51 48 63 62 59 
52 19 58 53 
53 84 54 60 62 63 55 
54 87 62 60 63 
55 40 58 62 63 
56 44 57 58 63 
57 101 58 62 63 60 
58 108 61 63 62 
59 48 60 63 
60 59 63 62 
61 49 63 
62 167 63 
63 498 
