name weight children
0 1 24 18 5 33 
1 1 5 24 2 49 
2 2 5 10 3 14 22 20 27 17 47 35 29 
3 1 4 5 
4 1 11 5 20 
5 3 9 8 21 7 11 10 16 14 24 
6 1 8 21 7 11 16 
7 1 9 24 22 10 8 
8 2 24 16 33 40 35 
9 1 24 11 10 
10 2 24 11 27 
11 2 24 14 19 32 
12 1 20 14 17 
13 1 14 16 22 23 20 32 35 
14 2 22 20 16 23 29 39 
15 1 24 16 
16 2 21 22 24 17 48 
17 2 24 27 43 47 
18 1 24 20 19 
19 1 21 22 20 24 27 32 
20 2 24 22 
21 1 24 22 
22 2 24 23 27 
23 1 24 27 37 
24 3 33 
25 1 27 39 35 26 45 30 92 79 80 
26 1 27 32 47 77 91 
27 2 33 29 35 
28 1 29 43 34 30 
29 2 35 47 38 30 42 
30 2 36 42 48 95 94 90 89 88 
31 1 32 34 97 
32 1 33 35 39 36 92 
33 2 40 36 
34 1 39 35 49 77 92 
35 2 36 39 97 92 
36 2 40 91 92 90 
37 1 41 38 39 
38 1 39 46 42 49 97 
39 2 40 49 
40 1 42 
41 1 42 
42 2 47 48 45 94 
43 1 44 45 
44 1 48 45 79 
45 2 49 47 96 87 89 
46 1 47 48 97 91 
47 2 49 97 92 
48 2 49 97 77 92 89 
49 2 77 
50 1 62 57 51 66 54 
51 1 99 61 52 
52 2 63 55 
53 1 55 64 
54 1 55 
55 2 73 81 72 74 86 58 59 
56 1 63 58 
57 1 68 58 64 
58 3 71 60 61 64 
59 1 61 67 
60 1 95 88 61 63 74 
61 3 89 99 71 69 81 65 
62 1 79 72 71 63 65 64 
63 2 70 82 74 67 64 
64 2 65 67 66 
65 1 70 66 83 
66 2 84 73 74 67 86 69 
67 2 83 69 
68 1 99 73 70 82 74 
69 1 86 73 70 74 
70 2 87 98 89 95 72 
71 1 80 88 72 73 74 
72 2 89 99 74 
73 1 75 84 74 
74 2 80 99 
75 1 76 89 
76 1 77 99 
77 2 78 80 99 92 91 
78 1 80 99 
79 2 80 99 92 88 86 
80 2 92 88 85 84 90 81 
81 1 82 
82 1 93 83 
83 2 84 
84 1 89 86 
85 1 97 86 
86 2 
87 1 91 89 
88 1 92 95 89 99 
89 2 97 98 93 
90 1 91 96 
91 1 92 95 
92 3 98 99 
93 1 94 99 
94 1 97 95 99 
95 2 97 99 
96 1 97 98 
97 2 98 
98 1 99 
99 3 
