name weight children
0 1 7 4 2 1 
1 2 5 2 4 14 19 11 22 
2 2 10 5 11 23 21 22 20 
3 1 10 5 4 
4 4 5 7 11 6 21 16 23 17 
5 5 11 7 20 9 19 16 14 21 
6 1 7 11 18 23 
7 4 11 10 8 
8 2 11 16 
9 1 11 10 
10 2 11 20 23 
11 5 23 19 22 20 21 
12 1 14 21 23 15 13 49 
13 1 14 48 23 
14 2 23 44 15 
15 1 16 23 44 49 
16 1 22 19 18 23 
17 1 20 18 
18 1 19 23 46 
19 2 23 21 22 
20 3 22 23 44 21 43 
21 5 23 44 22 49 
22 6 45 23 48 39 49 
23 8 43 45 46 44 49 48 47 
24 1 26 29 40 33 
25 2 46 26 49 36 40 33 34 
26 3 48 49 38 41 47 28 33 32 36 27 34 
27 1 29 34 32 
28 1 49 29 35 
29 2 42 47 36 32 33 34 
30 1 36 31 
31 1 36 32 
32 3 35 34 
33 9 49 42 40 34 36 35 
34 7 48 49 36 37 35 
35 4 47 36 
36 10 49 42 41 37 
37 1 38 48 47 42 49 
38 2 39 49 40 
39 2 42 48 49 47 
40 1 41 48 49 42 
41 2 49 42 47 
42 2 46 49 47 
43 1 45 46 49 
44 2 45 49 48 
45 3 49 46 47 48 
46 3 49 48 47 
47 4 49 48 
48 7 49 
49 13 
