name weight children
0 48 3 5 2 10 8 
1 79 3 12 4 10 11 2 
2 93 12 5 3 26 6 15 9 
3 91 22 27 30 20 7 13 14 4 15 8 
4 67 12 27 5 14 8 
5 75 18 19 7 
6 57 7 13 8 
7 44 19 25 
8 63 26 12 9 14 
9 72 18 27 14 15 10 11 
10 84 13 14 11 
11 65 31 12 
12 86 25 22 30 14 13 15 
13 63 31 26 15 
14 121 22 18 27 15 
15 77 28 18 26 27 
16 61 17 33 41 37 39 21 30 18 19 20 
17 69 38 33 43 39 19 44 29 25 23 31 18 
18 70 24 22 29 19 25 30 
19 92 33 28 21 22 
20 61 21 30 24 
21 60 33 47 40 41 37 22 31 
22 53 45 33 31 23 
23 48 39 29 30 
24 56 36 33 41 29 25 30 31 26 27 
25 72 41 44 29 26 
26 56 30 28 27 
27 85 31 
28 84 29 30 
29 100 43 40 37 42 39 44 30 41 31 
30 86 44 31 
31 82 
32 75 54 64 35 60 45 33 42 39 
33 63 34 38 42 44 
34 65 60 35 51 43 37 39 
35 67 58 63 38 51 39 
36 55 60 38 42 45 37 
37 84 46 38 39 40 
38 63 64 55 51 42 56 39 
39 89 48 
40 61 61 42 43 41 47 
41 66 43 42 45 
42 64 51 54 60 64 48 45 43 44 
43 84 46 44 
44 103 45 47 
45 73 57 59 61 
46 87 60 
47 37 48 
48 79 51 63 49 56 
49 45 50 53 
50 69 54 51 64 53 52 63 
51 90 54 53 63 52 58 
52 73 54 63 53 64 57 61 55 
53 76 64 54 57 60 63 61 
54 96 63 60 64 55 
55 70 63 
56 75 64 63 59 57 60 
57 68 63 61 
58 45 63 62 
59 73 64 63 60 
60 56 63 61 64 
61 71 64 63 
62 49 63 64 
63 99 64 
64 116 
