name weight children
0 2 5 3 9 1 4 10 27 14 28 37 
1 1 11 2 3 
2 1 3 11 9 27 8 10 
3 2 8 11 7 
4 1 6 7 13 
5 1 6 8 7 37 14 
6 2 8 36 14 11 7 10 
7 1 8 9 
8 3 11 9 27 37 14 12 36 
9 1 37 36 34 
10 1 11 14 
11 2 13 27 14 12 
12 1 13 14 33 34 37 
13 1 28 14 
14 2 36 27 21 33 26 37 
15 1 26 24 16 49 54 
16 1 19 18 41 
17 1 35 37 21 19 25 
18 2 27 36 19 24 25 
19 2 37 35 30 22 34 24 
20 1 37 22 
21 2 34 25 29 22 
22 3 37 34 24 25 48 43 
23 1 25 55 
24 4 34 26 37 31 29 52 25 30 49 42 54 56 
25 8 33 34 35 37 49 31 40 42 43 54 46 51 48 
26 1 36 27 28 33 30 
27 3 28 34 37 29 
28 1 37 35 34 29 
29 1 34 37 31 
30 1 37 33 31 32 49 55 54 
31 1 57 41 
32 2 37 34 52 53 46 
33 2 37 36 34 
34 4 37 36 35 
35 1 36 37 
36 4 37 
37 7 
38 1 53 46 39 43 70 68 
39 1 55 
40 1 49 46 
41 1 57 42 43 
42 1 46 51 56 
43 2 47 45 79 53 56 44 78 76 58 
44 1 56 54 46 45 72 76 
45 2 46 54 57 69 79 
46 3 53 48 51 74 47 69 
47 1 53 48 56 57 
48 1 49 57 50 
49 2 54 53 51 57 79 
50 1 51 58 
51 1 54 72 
52 1 53 54 
53 2 57 54 
54 5 55 56 69 79 57 59 78 58 70 66 
55 1 57 
56 3 57 69 72 
57 5 67 79 74 78 72 68 65 
58 1 61 65 68 79 
59 1 61 68 67 73 75 
60 1 61 
61 1 74 76 62 
62 1 
63 1 68 65 
64 2 68 65 75 
65 3 74 67 73 66 78 
66 2 68 
67 2 69 73 68 
68 3 78 72 
69 1 70 72 79 
70 1 72 79 76 73 
71 1 72 
72 2 79 73 
73 2 79 78 
74 1 79 76 
75 2 79 76 
76 3 79 78 
77 1 79 
78 2 79 
79 4 
