name weight children
0 42 1 
1 37 60 69 63 4 19 38 
2 52 7 61 64 9 4 3 18 
3 50 4 14 8 15 26 30 
4 68 68 60 61 69 6 9 11 8 72 19 15 34 26 
5 30 6 63 9 19 8 
6 37 76 60 9 64 8 
7 48 76 13 9 8 
8 58 76 69 60 61 16 9 18 19 15 14 
9 80 61 12 64 19 34 14 
10 49 14 11 25 35 
11 43 14 39 
12 49 68 61 14 19 
13 41 69 18 14 15 23 
14 80 67 72 64 19 23 18 38 37 29 15 31 33 
15 68 16 19 18 39 34 24 27 
16 47 69 17 
17 39 19 22 
18 100 19 23 39 37 
19 100 63 26 24 34 31 
20 43 22 26 21 
21 52 22 30 24 23 
22 45 23 30 24 
23 88 39 29 24 36 27 31 33 
24 89 26 27 25 37 29 35 
25 47 34 26 37 29 32 
26 44 33 35 
27 49 29 
28 47 29 
29 70 35 30 
30 44 31 33 36 37 35 
31 65 34 32 
32 35 33 37 
33 72 39 34 
34 70 39 35 
35 56 39 38 37 36 
36 43 
37 56 38 39 
38 42 39 
39 76 
40 47 54 44 58 49 73 41 42 65 48 60 69 
41 42 46 53 44 56 48 73 
42 41 58 49 51 44 69 
43 48 50 54 44 47 49 
44 62 49 51 79 
45 37 46 49 73 74 
46 33 57 49 51 
47 39 49 58 48 77 75 79 
48 78 59 58 49 78 69 73 76 
49 87 50 52 59 58 51 79 73 76 
50 62 59 58 55 54 51 56 
51 54 52 57 59 58 78 
52 47 58 59 54 
53 59 58 54 
54 68 59 
55 28 59 58 56 
56 88 59 58 79 68 75 76 
57 32 58 59 
58 72 59 65 77 
59 83 
60 72 69 75 73 66 61 63 72 74 
61 75 68 73 78 69 64 
62 46 70 66 73 68 64 
63 35 76 69 74 64 
64 39 68 
65 45 79 69 66 
66 34 79 68 73 69 
67 42 68 69 
68 85 69 76 72 71 
69 108 75 79 70 78 72 
70 32 79 75 74 71 
71 46 72 
72 75 75 73 76 74 
73 66 77 76 74 
74 46 77 
75 50 77 76 
76 58 78 79 
77 47 79 78 
78 84 79 
79 85 
