name weight children
0 41 9 10 3 1 2 45 
1 29 4 13 2 7 9 
2 54 4 17 41 47 38 23 
3 45 4 18 11 12 15 
4 40 9 6 8 16 5 
5 47 9 12 
6 25 9 7 
7 46 10 12 8 
8 53 12 18 13 9 20 48 49 47 40 
9 41 17 10 12 16 11 20 13 21 
10 41 12 13 25 20 19 
11 14 12 19 
12 69 17 18 21 14 41 19 45 46 
13 59 18 17 14 22 48 41 
14 48 15 40 
15 33 45 
16 33 18 17 21 45 
17 46 25 18 
18 29 19 
19 38 21 41 22 49 26 47 
20 38 21 45 24 
21 38 26 
22 42 24 23 
23 25 41 48 
24 45 25 34 39 31 
25 52 47 
26 36 45 28 
27 49 28 33 79 50 83 94 
28 31 34 31 84 
29 39 51 32 102 
30 40 31 51 37 86 
31 45 49 41 36 87 32 88 42 81 
32 35 33 81 42 37 82 85 95 58 
33 32 39 34 80 37 91 
34 45 45 47 38 36 87 
35 40 38 36 40 83 37 81 102 
36 48 50 87 37 
37 30 38 51 86 94 79 77 92 
38 65 47 44 42 
39 52 41 49 42 79 
40 27 45 41 47 50 42 79 83 51 
41 39 44 49 42 
42 49 44 51 
43 43 45 44 
44 32 46 48 47 81 
45 34 47 46 49 
46 38 47 51 
47 60 48 49 
48 38 51 49 79 50 89 
49 39 51 
50 25 51 93 78 84 
51 61 81 78 82 86 94 
52 45 54 64 65 53 62 71 
53 10 57 77 54 64 56 70 61 63 72 
54 43 92 86 55 77 57 74 
55 49 84 64 56 60 57 
56 48 57 64 70 65 67 
57 52 84 79 85 100 98 64 70 61 63 62 
58 43 94 89 62 60 64 65 
59 22 60 63 
60 56 89 86 64 65 76 96 
61 43 64 67 62 
62 49 64 68 73 72 
63 26 96 64 74 73 71 
64 52 85 86 98 96 67 70 
65 43 100 66 70 67 
66 32 77 85 92 67 70 
67 37 100 70 75 
68 11 70 
69 45 70 
70 69 85 73 71 75 
71 50 76 72 
72 46 97 73 
73 26 74 
74 42 77 76 75 
75 37 76 
76 36 94 77 99 97 
77 62 82 
78 42 79 83 80 89 98 
79 43 81 88 94 80 89 102 
80 33 87 82 84 
81 41 83 89 91 82 100 86 
82 47 83 87 99 
83 41 102 89 86 
84 29 89 86 98 85 
85 40 88 86 94 89 
86 46 89 88 92 
87 19 89 91 88 101 
88 48 93 89 
89 71 94 90 96 
90 36 
91 36 92 98 
92 40 93 96 
93 31 
94 50 102 95 98 
95 48 96 
96 44 
97 43 99 
98 42 101 99 
99 47 
100 43 102 
101 47 102 
102 84 
