name weight children
0 1 91 82 79 1 22 4 7 
1 1 90 88 7 13 
2 1 80 85 92 91 3 21 6 19 
3 2 81 77 16 22 10 15 4 25 
4 2 81 6 22 33 10 46 
5 1 85 7 6 74 18 
6 2 17 85 92 91 84 9 8 7 19 13 31 25 
7 2 90 10 15 16 9 31 33 
8 1 19 16 9 10 37 26 46 
9 2 79 16 10 11 
10 2 15 14 46 20 31 41 23 
11 1 16 22 13 33 29 27 
12 1 82 79 13 25 
13 2 22 16 19 15 31 20 18 26 29 46 
14 1 15 45 
15 2 19 16 25 44 26 33 36 
16 2 84 19 22 
17 1 91 93 19 
18 2 19 22 31 36 
19 2 93 22 
20 1 22 28 
21 1 82 22 
22 3 93 79 44 31 
23 1 25 46 28 34 
24 1 25 27 37 
25 2 33 28 44 31 
26 1 28 36 27 
27 2 29 28 40 36 34 30 43 
28 2 31 
29 1 44 30 
30 1 31 37 
31 2 33 46 34 
32 1 33 
33 2 34 36 
34 2 37 46 43 
35 1 37 46 36 
36 2 37 43 38 42 
37 2 40 
38 1 46 
39 1 40 
40 2 44 46 
41 1 43 
42 1 45 43 
43 3 46 45 
44 1 45 
45 2 46 
46 3 
47 1 54 52 48 49 55 
48 2 52 49 51 55 64 53 63 
49 2 57 59 55 50 51 63 58 
50 1 57 55 52 
51 2 54 52 56 58 65 
52 2 56 64 53 58 65 
53 1 54 55 70 
54 1 57 55 56 64 69 58 
55 3 57 56 58 67 70 66 94 
56 1 57 61 
57 2 68 58 70 
58 2 68 65 62 73 67 94 69 
59 1 64 60 
60 1 69 75 66 61 
61 2 68 72 63 70 69 78 85 93 
62 1 64 63 89 
63 2 64 70 87 65 67 91 85 92 
64 2 94 70 72 83 89 
65 1 67 66 69 
66 1 70 67 83 
67 2 68 70 72 88 85 94 80 
68 1 70 
69 2 70 72 71 89 76 91 
70 3 94 87 73 
71 1 94 72 73 76 
72 1 87 78 73 
73 2 76 80 87 82 
74 1 82 
75 1 76 
76 2 89 81 79 82 
77 1 80 78 79 
78 1 94 90 79 81 82 84 
79 2 87 91 80 81 82 
80 1 85 82 
81 2 94 86 82 
82 3 87 83 91 
83 1 94 85 93 86 
84 1 91 85 86 
85 2 87 90 93 
86 1 87 88 
87 2 88 91 
88 2 92 
89 1 94 91 90 
90 1 91 
91 3 94 92 
92 1 
93 2 94 
94 2 
