name weight children
0 1 7 9 2 34 
1 1 4 2 34 
2 1 20 19 54 41 35 37 
3 1 6 4 46 26 
4 1 5 9 22 57 
5 1 12 23 14 6 
6 2 9 13 14 21 17 10 28 
7 1 8 13 21 44 
8 1 9 12 11 24 
9 1 15 17 10 13 20 
10 1 12 11 28 
11 1 17 13 
12 1 13 
13 3 15 45 22 26 46 52 
14 1 15 17 28 24 19 22 57 46 
15 1 18 16 
16 1 17 23 
17 1 18 20 
18 1 20 
19 1 44 20 28 35 
20 2 27 50 38 
21 1 23 28 22 26 
22 1 25 41 58 
23 1 24 
24 2 25 54 38 34 
25 1 28 26 
26 2 28 54 41 58 50 42 47 38 36 53 
27 1 28 
28 2 51 52 47 38 
29 1 43 49 50 31 33 71 72 
30 1 50 31 35 
31 1 52 38 54 43 84 41 32 
32 1 35 42 33 75 
33 1 47 37 35 41 
34 1 52 41 50 35 37 58 
35 2 43 58 
36 1 43 37 58 68 66 41 
37 2 54 41 55 38 43 76 69 85 79 
38 1 54 39 
39 1 42 68 56 88 
40 1 43 41 84 
41 2 50 48 43 68 42 72 85 67 
42 1 51 57 46 50 43 
43 2 46 50 58 55 68 67 
44 1 45 50 52 
45 1 46 50 
46 1 49 58 
47 1 50 53 48 
48 1 49 77 61 
49 1 50 52 58 
50 2 57 58 66 
51 1 52 54 
52 1 58 53 
53 1 54 56 
54 2 58 
55 1 58 66 69 79 56 81 
56 1 58 86 74 
57 1 58 
58 3 61 
59 1 73 61 86 87 60 65 106 
60 1 68 84 76 61 88 73 114 65 
61 1 68 65 
62 1 68 74 63 
63 1 73 65 70 95 111 64 
64 1 65 97 117 
65 2 73 67 81 78 95 92 111 
66 1 72 85 67 
67 1 68 82 70 
68 1 69 85 73 
69 2 71 87 75 73 70 
70 1 73 75 86 105 80 95 97 
71 1 73 86 
72 1 73 87 
73 3 79 87 84 88 81 91 
74 1 75 87 105 114 
75 1 76 77 85 79 94 
76 1 84 
77 1 86 78 
78 1 85 95 80 114 
79 1 80 
80 2 88 92 
81 1 84 85 82 88 
82 1 87 94 112 114 
83 1 84 109 
84 2 88 112 
85 1 86 87 
86 1 88 
87 1 88 105 
88 3 103 107 
89 1 93 96 90 
90 1 95 91 97 
91 1 95 106 96 
92 1 95 94 114 93 115 
93 1 95 
94 1 95 97 
95 3 100 106 99 116 
96 1 98 100 97 102 
97 1 105 112 99 117 
98 1 112 99 
99 1 114 101 103 
100 1 103 101 108 
101 1 103 
102 1 118 103 
103 3 118 111 104 116 
104 1 105 113 
105 1 106 109 107 118 
106 1 118 
107 1 108 
108 2 111 110 
109 1 112 110 115 
110 1 
111 1 114 118 116 
112 1 114 118 
113 1 114 118 
114 2 115 
115 1 118 116 
116 2 118 117 
117 1 118 
118 2 
