name weight children
0 1 2 10 13 1 
1 2 13 10 5 14 9 19 30 29 
2 1 14 7 
3 1 13 5 14 30 25 26 
4 1 5 29 
5 1 
6 1 13 14 9 7 25 29 21 
7 1 8 13 9 18 
8 1 14 9 
9 2 30 25 27 
10 1 14 11 
11 1 30 
12 1 14 
13 5 14 30 29 
14 12 30 19 18 29 
15 1 30 29 16 20 
16 1 17 25 50 26 
17 1 19 22 
18 1 30 19 29 20 
19 1 21 
20 1 29 30 21 
21 1 30 29 
22 1 29 30 25 23 
23 1 24 29 55 63 62 54 
24 1 25 63 29 
25 2 30 29 26 52 63 
26 3 30 27 29 56 52 49 54 63 62 
27 1 30 29 
28 1 30 29 63 54 
29 9 30 55 63 50 62 53 48 49 
30 9 63 
31 3 63 58 60 59 62 40 34 32 47 46 36 
32 1 54 33 39 
33 1 51 59 63 34 38 
34 1 62 63 47 46 36 
35 1 42 36 
36 2 38 46 47 
37 1 38 46 
38 3 62 63 46 47 
39 1 62 42 47 40 46 
40 1 62 42 47 
41 1 42 
42 3 54 63 53 47 46 
43 1 62 47 44 
44 2 46 47 
45 1 47 
46 8 62 60 47 
47 10 62 
48 1 49 54 57 
49 1 63 50 54 
50 1 63 
51 1 52 59 
52 1 63 54 53 
53 3 63 56 54 62 55 58 
54 3 63 55 58 62 
55 1 56 58 57 
56 1 63 
57 1 63 58 62 
58 2 63 60 59 
59 1 62 60 63 
60 2 62 63 
61 1 63 
62 9 63 
63 13 
