name weight children
0 1 3 12 10 13 2 6 27 24 45 
1 1 3 14 2 6 
2 1 7 4 29 
3 1 11 14 7 22 4 6 20 
4 1 10 14 5 6 15 
5 1 14 6 20 8 
6 3 12 10 13 9 28 29 23 16 
7 1 12 10 13 8 29 19 
8 1 10 13 22 27 39 54 51 
9 1 10 11 16 
10 2 11 14 17 13 15 19 
11 1 12 13 14 50 25 
12 1 14 23 
13 1 14 17 
14 3 29 17 22 50 
15 1 27 21 16 17 51 
16 1 28 17 40 57 
17 2 20 50 19 43 
18 1 27 19 21 29 51 34 
19 2 22 20 25 45 21 42 44 
20 1 21 
21 2 25 26 51 40 
22 1 23 29 
23 1 24 
24 1 25 29 27 49 51 40 47 
25 1 29 51 49 
26 1 28 27 29 59 30 
27 1 33 55 43 
28 1 29 
29 3 47 49 40 
30 1 33 43 57 65 31 32 
31 1 36 34 32 
32 2 40 52 34 46 44 59 69 79 88 72 77 
33 1 50 39 49 43 36 34 
34 2 59 36 38 35 42 88 85 81 
35 1 36 44 
36 2 49 78 72 
37 1 40 38 69 
38 1 41 63 
39 1 50 40 57 
40 2 59 42 44 
41 1 42 67 
42 1 49 43 57 53 44 
43 1 50 54 57 44 
44 2 61 80 
45 1 50 58 
46 1 47 80 
47 1 50 48 
48 1 50 49 55 
49 1 51 57 
50 1 51 
51 2 59 57 
52 1 55 53 
53 1 58 55 72 63 
54 1 55 
55 2 59 56 65 
56 1 57 71 
57 2 59 58 68 79 
58 1 59 
59 2 65 
60 1 86 62 66 64 119 100 107 
61 1 74 62 
62 1 72 64 116 107 
63 1 65 67 72 64 
64 2 68 85 81 96 106 66 
65 1 71 79 
66 2 70 96 76 77 106 90 
67 1 71 68 70 74 77 119 
68 1 70 
69 1 70 81 
70 2 78 72 74 73 87 116 
71 1 72 
72 2 88 85 81 74 89 
73 1 74 119 
74 2 86 76 81 106 105 
75 1 76 99 
76 1 79 77 81 83 
77 2 79 85 86 81 108 
78 1 80 79 
79 2 89 81 119 
80 1 86 81 
81 2 116 106 
82 1 83 109 
83 1 84 85 87 107 119 106 
84 1 85 118 
85 2 89 86 87 108 118 
86 1 87 
87 1 89 119 105 107 
88 1 89 
89 2 119 
90 1 92 91 
91 1 97 93 92 102 
92 1 107 119 106 102 95 100 
93 1 96 117 99 104 94 102 
94 2 103 95 111 
95 2 98 114 
96 1 115 
97 1 117 105 99 102 98 
98 1 119 105 118 100 102 115 104 
99 1 100 
100 2 106 104 
101 1 102 
102 2 110 104 111 
103 1 108 104 
104 2 106 
105 1 116 107 106 118 110 
106 2 116 107 115 111 
107 2 108 118 114 
108 1 119 109 
109 1 119 110 111 
110 1 111 
111 2 
112 1 113 
113 1 117 115 
114 1 115 
115 2 116 119 
116 1 119 117 
117 1 119 
118 1 119 
119 3 
