name weight children
0 1 9 5 3 38 41 37 
1 2 9 2 37 41 38 
2 2 16 3 9 
3 2 16 15 9 5 40 
4 1 18 6 12 9 
5 3 18 13 12 9 16 6 8 41 
6 4 17 14 13 16 8 9 39 38 
7 1 8 38 37 
8 6 12 19 15 9 10 41 
9 16 16 14 40 38 37 41 
10 1 12 18 
11 1 19 18 13 14 
12 3 19 13 16 
13 3 18 19 15 
14 3 19 18 16 
15 2 19 18 16 
16 5 19 18 
17 1 19 
18 9 19 
19 11 
20 1 21 
21 2 37 35 24 30 27 29 
22 1 23 27 29 25 
23 2 38 33 35 32 41 24 30 27 29 25 
24 2 37 34 41 30 25 29 
25 2 31 30 27 29 
26 2 41 27 29 
27 6 38 29 30 41 
28 1 29 
29 12 30 38 41 37 35 
30 10 40 37 33 35 32 41 
31 1 32 34 41 
32 1 38 37 41 35 
33 2 40 41 37 35 
34 2 40 35 
35 3 40 37 38 
36 1 39 37 
37 6 40 38 41 
38 8 40 41 
39 1 41 
40 5 41 
41 12 
