name weight children
0 45 1 
1 43 7 9 4 
2 40 6 3 4 
3 61 6 4 9 16 21 12 17 32 15 38 
4 83 9 8 13 14 7 10 5 22 20 
5 45 6 7 
6 41 10 7 
7 55 9 8 10 14 26 12 18 17 
8 46 9 10 13 
9 79 10 19 21 14 15 22 
10 96 26 15 11 33 36 
11 47 12 17 32 44 
12 21 14 25 37 
13 55 14 15 19 22 26 
14 67 20 15 27 25 36 28 
15 84 26 24 28 38 22 
16 41 17 32 22 
17 33 18 20 24 38 37 
18 39 19 25 24 
19 62 21 20 26 
20 72 21 37 32 39 
21 36 32 
22 27 25 32 23 30 35 26 37 68 39 27 29 43 
23 47 28 44 
24 28 26 31 40 
25 55 26 33 32 
26 70 37 32 
27 72 32 31 44 38 88 77 
28 49 38 31 29 
29 44 30 40 34 87 
30 33 32 31 
31 77 32 35 43 41 
32 90 37 36 44 38 
33 39 37 44 35 
34 48 39 35 38 37 68 76 43 89 41 
35 77 37 38 76 44 77 68 88 
36 31 37 44 
37 68 38 39 73 40 88 76 68 41 84 
38 73 40 44 43 
39 35 41 42 88 71 
40 56 41 43 42 76 74 77 
41 63 44 89 74 83 43 71 
42 47 44 43 74 71 
43 55 44 88 81 
44 68 74 77 
45 43 51 46 86 47 65 55 54 49 56 
46 48 55 49 
47 25 89 66 49 
48 31 89 51 49 61 52 
49 64 78 86 59 57 
50 45 77 55 64 51 52 57 53 
51 91 68 55 83 52 82 57 
52 85 83 66 63 62 54 56 
53 37 
54 65 80 64 55 
55 72 81 71 77 82 80 
56 33 59 57 62 
57 50 79 64 60 
58 48 59 60 
59 52 70 86 64 61 63 60 
60 40 
61 54 65 79 64 63 
62 48 63 64 
63 41 70 79 
64 49 66 65 
65 46 80 66 79 
66 81 70 83 
67 38 68 83 85 
68 51 71 74 82 89 77 70 
69 40 71 78 
70 45 71 
71 51 73 88 77 72 80 86 
72 49 74 77 89 
73 46 88 76 74 77 
74 47 
75 46 77 76 
76 60 77 88 89 80 
77 91 82 81 89 83 78 79 
78 36 82 85 80 79 83 
79 65 81 85 80 89 82 
80 69 87 83 89 
81 48 82 88 83 
82 71 88 83 89 
83 76 89 85 86 
84 28 85 
85 40 89 88 86 
86 47 89 
87 34 89 
88 57 89 
89 72 
