name weight children
0 31 6 10 16 27 3 1 58 45 52 
1 47 2 21 18 36 3 55 
2 34 13 16 23 4 9 
3 39 11 5 6 4 
4 34 5 36 
5 35 13 15 12 6 8 21 36 37 32 45 
6 39 89 14 102 13 12 19 25 17 35 56 
7 40 103 102 115 90 110 14 13 8 20 19 98 12 27 10 
8 46 110 99 95 101 21 10 28 
9 11 22 10 37 47 
10 48 13 42 50 
11 23 102 13 12 
12 47 89 14 114 25 21 
13 34 100 97 15 103 14 98 22 25 
14 49 88 110 108 100 89 28 
15 39 116 110 17 19 28 
16 13 17 19 36 32 
17 42 25 
18 37 19 25 32 45 49 
19 44 102 21 24 
20 16 103 102 115 101 25 21 42 36 
21 41 25 
22 35 115 95 23 27 42 36 37 25 
23 41 98 25 45 
24 28 25 35 55 
25 53 28 26 32 37 27 30 45 
26 46 115 37 
27 79 28 35 37 38 56 
28 42 35 
29 38 31 49 33 39 
30 43 32 31 41 
31 36 36 34 39 57 53 
32 44 35 49 33 36 
33 24 41 53 
34 46 35 46 38 53 
35 31 42 55 38 46 
36 41 42 37 38 56 45 40 
37 45 42 54 39 45 53 
38 30 50 39 57 41 58 40 
39 40 44 
40 34 41 
41 27 43 
42 38 
43 41 
44 38 46 
45 59 47 57 46 
46 19 47 
47 38 50 48 
48 30 
49 35 50 56 
50 41 
51 31 55 52 
52 48 54 53 
53 54 58 54 57 
54 15 
55 42 56 58 
56 31 57 
57 46 58 
58 29 
59 46 67 63 61 65 69 75 79 
60 33 67 61 65 62 84 81 72 79 96 
61 18 68 65 84 
62 40 63 65 68 71 72 81 85 91 
63 39 64 65 
64 40 65 68 83 85 111 76 88 
65 43 66 67 68 87 70 
66 49 67 68 87 74 
67 45 84 68 87 71 74 69 75 
68 41 84 81 74 70 69 
69 15 70 83 
70 34 85 71 72 75 112 73 
71 35 85 96 
72 54 85 74 93 73 94 109 
73 25 75 79 108 98 
74 45 84 91 75 76 
75 22 87 85 76 77 113 103 102 
76 37 80 77 113 105 
77 46 91 86 78 79 109 98 
78 27 85 80 111 116 
79 36 83 80 116 102 
80 40 83 85 94 
81 35 84 87 112 83 
82 40 83 85 111 
83 58 87 116 
84 37 87 85 
85 46 87 86 112 
86 46 87 88 
87 45 
88 36 90 100 97 89 
89 41 92 102 90 
90 28 
91 34 111 94 92 
92 21 99 
93 41 94 108 
94 46 110 
95 30 96 115 98 
96 37 109 100 105 102 98 
97 31 105 98 
98 57 101 
99 38 100 115 101 
100 35 102 
101 21 103 102 
102 55 113 103 110 114 115 
103 31 112 109 115 105 110 
104 40 105 115 
105 38 112 106 113 109 
106 33 112 107 109 108 
107 35 
108 33 109 
109 42 112 
110 33 111 113 114 
111 40 112 
112 30 113 116 
113 44 116 117 115 
114 47 116 115 
115 24 116 
116 59 
117 20 
