name weight children
0 1 21 3 18 1 5 36 43 38 
1 1 61 45 12 2 43 30 15 
2 1 21 7 12 18 43 30 5 28 40 
3 1 62 18 11 65 5 
4 1 5 38 
5 3 65 21 12 18 45 13 43 15 27 26 42 44 
6 1 64 61 9 8 24 10 
7 1 8 62 61 29 
8 2 54 12 25 18 11 65 13 
9 1 54 12 10 
10 2 63 18 11 12 20 15 38 
11 1 58 29 12 
12 3 64 25 21 20 19 
13 1 21 18 14 15 49 36 
14 1 64 17 22 16 15 28 
15 2 18 20 44 26 33 48 50 
16 1 18 64 20 
17 1 58 24 25 18 
18 3 57 58 23 63 61 25 62 21 29 30 
19 1 20 36 
20 1 23 21 44 
21 2 61 25 23 45 43 
22 1 23 
23 2 74 25 24 64 
24 1 55 25 
25 3 74 78 57 55 58 
26 1 28 49 
27 1 43 28 31 
28 2 29 30 37 40 43 32 
29 1 36 30 
30 2 31 50 38 52 
31 2 36 34 52 
32 1 43 33 48 38 
33 1 36 37 38 52 34 
34 2 52 
35 1 36 
36 2 38 45 37 39 46 
37 1 38 52 
38 2 43 44 45 
39 1 40 41 46 
40 1 43 50 41 
41 2 45 49 42 48 52 
42 1 43 48 
43 2 45 48 44 51 
44 2 45 50 
45 2 52 50 
46 1 47 
47 1 48 52 
48 2 49 52 50 
49 1 50 
50 2 52 
51 1 52 
52 2 
53 1 84 60 54 57 
54 1 68 66 73 55 56 58 
55 2 85 56 61 
56 1 73 77 57 58 
57 2 71 85 72 58 61 
58 2 78 62 63 61 65 
59 1 70 67 61 64 
60 1 84 70 63 64 61 
61 2 65 63 62 
62 1 65 63 64 
63 2 65 64 
64 2 67 75 71 69 65 
65 2 77 
66 1 92 67 71 
67 1 68 
68 2 70 80 76 73 69 
69 1 71 73 77 
70 2 83 99 84 71 77 
71 2 80 76 
72 1 89 74 
73 1 84 74 77 
74 2 85 78 
75 1 76 
76 2 105 88 77 78 
77 2 78 
78 2 99 81 89 
79 1 101 81 83 
80 1 81 82 88 84 
81 2 93 100 91 
82 1 94 83 
83 2 105 89 84 103 85 
84 2 92 87 103 85 
85 1 99 89 87 
86 1 103 92 87 
87 2 90 101 93 88 103 99 
88 1 103 91 89 92 
89 2 96 105 91 
90 1 104 93 91 
91 2 105 94 
92 1 105 94 93 
93 2 98 94 100 102 96 101 
94 2 105 104 100 95 
95 1 96 101 105 
96 2 98 105 100 103 
97 1 98 99 
98 1 104 
99 1 104 100 
100 2 105 104 101 103 
101 2 105 102 
102 1 105 103 
103 2 105 104 
104 1 105 
105 3 
