name weight children
0 38 1 20 4 
1 66 37 29 2 3 20 19 4 8 
2 50 24 40 12 25 37 5 16 20 3 14 
3 61 16 4 20 11 
4 52 16 17 13 9 20 8 6 
5 58 23 36 7 17 8 6 
6 32 9 
7 43 17 28 16 9 20 
8 85 29 17 9 16 20 14 
9 89 16 19 14 
10 47 19 17 13 20 14 11 
11 53 19 14 
12 42 13 
13 68 25 15 29 14 19 
14 79 17 16 20 19 
15 29 24 16 19 
16 83 40 26 25 17 18 19 20 
17 83 37 25 18 19 
18 33 41 19 20 
19 72 20 
20 82 28 
21 44 78 38 41 22 30 
22 28 40 24 27 37 
23 43 24 34 28 
24 62 55 39 40 25 29 30 
25 83 58 61 32 36 
26 39 27 30 28 
27 44 38 29 
28 49 30 
29 66 58 41 40 30 
30 71 37 
31 36 53 55 32 34 
32 65 58 33 38 39 40 41 
33 35 57 35 34 
34 33 35 40 
35 60 50 49 56 55 40 
36 43 38 37 40 
37 52 39 58 56 38 61 40 
38 56 56 58 39 
39 47 56 55 40 41 
40 53 55 58 61 52 41 
41 58 
42 48 82 83 43 46 50 
43 42 83 80 75 47 48 45 78 50 58 
44 25 74 75 45 50 60 58 
45 52 83 80 66 60 46 51 
46 45 49 
47 58 81 65 48 78 58 74 59 51 52 49 55 
48 36 51 49 55 56 
49 48 78 50 51 54 60 58 
50 69 83 64 59 58 51 57 55 
51 71 84 78 58 
52 29 64 55 58 
53 44 78 55 56 
54 49 59 58 55 56 
55 73 56 58 
56 73 57 60 58 
57 42 78 59 58 
58 124 59 60 61 
59 80 84 71 77 66 69 60 
60 58 61 
61 63 62 
62 30 84 
63 38 73 72 65 
64 47 70 80 69 65 
65 45 73 67 72 80 66 74 
66 49 67 69 81 82 
67 88 79 73 70 72 
68 34 73 70 72 81 78 
69 76 81 73 72 70 83 75 78 
70 81 79 81 73 
71 36 72 73 84 
72 74 73 80 83 78 74 
73 83 80 77 74 
74 52 81 80 76 75 78 
75 20 
76 40 79 82 78 
77 34 78 
78 83 84 
79 35 81 80 
80 82 81 83 84 
81 85 82 84 
82 40 83 
83 34 84 
84 75 
