name weight children
0 3 2 5 3 18 8 28 1 4 23 25 
1 3 7 8 28 25 26 
2 2 11 17 18 7 3 
3 2 13 17 8 6 
4 2 5 8 7 28 26 23 
5 2 12 17 18 16 7 8 
6 1 7 28 
7 9 18 17 12 15 8 23 28 
8 12 18 28 24 25 27 23 
9 1 10 13 18 12 
10 1 12 13 18 
11 1 12 18 
12 8 13 17 18 
13 9 17 18 14 
14 1 18 15 
15 1 18 
16 1 17 18 
17 6 18 
18 12 
19 1 22 37 20 38 
20 1 23 37 21 
21 1 27 23 37 22 38 30 
22 8 28 23 25 26 27 37 38 
23 10 28 27 25 37 
24 1 27 25 
25 1 28 
26 1 28 27 37 
27 8 28 37 38 35 
28 9 37 
29 1 30 
30 1 33 
31 1 32 
32 6 37 38 35 33 
33 4 37 38 
34 1 35 
35 2 38 
36 1 38 
37 9 38 
38 16 
