name weight children
0 1 1 
1 2 8 4 27 9 11 6 2 70 3 15 
2 2 16 18 17 3 72 70 73 
3 2 16 7 8 69 64 65 70 60 
4 1 35 27 9 5 8 
5 2 37 6 
6 2 19 16 14 8 27 9 7 69 72 15 
7 2 20 24 8 18 14 70 73 
8 4 36 21 11 12 22 16 13 14 70 72 67 
9 2 32 19 12 17 69 
10 1 12 14 
11 1 12 22 17 13 18 
12 2 20 35 22 32 26 13 
13 3 22 17 18 14 16 66 
14 1 18 15 
15 2 16 18 63 70 64 58 75 
16 2 26 17 18 69 70 73 
17 3 27 24 20 26 18 
18 4 24 63 72 69 61 
19 2 28 24 20 35 22 26 
20 2 29 31 35 30 25 27 26 22 
21 2 35 36 22 26 
22 2 23 25 36 26 
23 2 34 35 27 24 
24 2 31 25 35 27 26 
25 2 35 37 34 32 27 26 
26 2 32 27 
27 3 35 36 28 34 32 
28 2 36 33 29 37 
29 2 31 34 37 33 30 
30 1 37 35 32 
31 2 37 34 32 35 
32 3 37 36 33 
33 2 37 35 36 34 
34 2 37 35 
35 2 37 36 
36 2 37 
37 4 
38 1 41 39 
39 2 48 42 51 56 45 41 40 46 
40 2 65 61 47 74 49 41 46 
41 3 75 51 44 45 43 
42 1 65 61 45 43 
43 2 56 50 49 46 
44 2 62 54 46 
45 2 55 56 50 49 46 
46 3 56 49 
47 1 64 73 75 57 55 56 48 50 
48 2 55 60 51 49 
49 2 51 50 53 
50 3 51 
51 3 65 57 75 55 74 62 56 54 
52 1 53 
53 2 57 56 
54 2 59 56 
55 3 63 65 61 58 59 56 74 
56 4 62 
57 1 65 58 59 
58 2 72 67 61 75 63 60 
59 2 71 66 61 60 
60 2 70 64 75 67 74 62 
61 2 74 65 67 62 
62 2 63 64 66 65 
63 2 70 71 65 
64 2 70 65 
65 3 72 70 68 73 74 
66 2 67 68 71 
67 2 69 70 72 75 
68 1 69 70 75 
69 2 70 73 74 
70 3 72 75 
71 2 73 72 
72 2 75 74 
73 2 75 74 
74 2 75 
75 3 
