name weight children
0 18 38 2 1 
1 58 18 2 13 49 4 17 
2 59 38 3 23 32 5 15 8 17 
3 62 27 38 7 14 12 29 17 32 
4 70 30 17 5 15 8 18 
5 45 7 
6 60 8 15 13 9 50 56 57 
7 48 37 38 8 
8 41 21 18 17 
9 71 21 14 11 18 12 10 54 13 56 50 42 
10 44 30 13 56 
11 49 18 17 15 12 13 
12 67 14 15 13 17 
13 73 18 54 52 51 
14 58 34 35 23 29 17 32 18 15 
15 49 36 30 17 
16 48 18 36 17 
17 94 38 18 50 55 48 52 
18 132 34 19 30 23 27 29 57 54 48 46 51 
19 49 20 28 26 22 38 29 31 36 
20 38 28 23 
21 47 24 31 27 23 
22 88 33 28 25 24 23 
23 94 28 26 38 27 35 37 32 
24 43 33 25 34 27 
25 72 28 34 27 26 35 30 
26 36 28 
27 76 37 28 38 30 
28 108 38 30 32 
29 39 32 30 39 
30 78 34 32 
31 52 33 34 38 32 
32 73 33 34 38 37 
33 35 35 
34 40 37 35 36 
35 35 38 
36 49 38 49 
37 76 38 
38 83 
39 44 52 53 40 47 
40 42 54 42 44 52 63 66 
41 28 42 51 63 60 58 
42 60 46 69 56 45 
43 39 44 47 45 70 
44 44 52 47 
45 49 47 60 67 
46 68 54 50 48 53 47 75 72 
47 114 51 50 53 61 76 65 
48 75 49 51 69 
49 58 50 
50 34 51 53 54 55 63 72 
51 62 54 52 68 
52 75 57 54 
53 58 54 57 71 
54 66 57 56 
55 30 57 69 
56 69 57 
57 70 
58 62 63 68 61 65 59 
59 39 71 62 77 61 
60 43 68 70 61 67 
61 70 68 70 62 65 77 
62 65 72 67 65 
63 38 75 69 72 64 66 65 77 
64 57 71 70 67 77 
65 97 66 70 76 71 67 
66 78 67 72 
67 82 72 71 70 77 73 74 
68 50 69 72 70 71 77 
69 43 76 72 70 
70 60 72 71 77 73 
71 105 72 73 76 74 77 
72 85 76 77 
73 47 76 77 74 
74 53 77 
75 54 76 
76 68 77 
77 64 
