name weight children
0 1 17 1 15 2 6 13 7 
1 1 3 2 11 12 
2 2 110 5 19 99 16 11 6 48 7 
3 1 110 101 4 6 13 
4 1 110 101 106 28 6 
5 1 19 6 
6 3 19 116 13 9 21 58 10 26 8 24 
7 1 10 9 8 
8 1 12 13 9 23 43 51 33 40 
9 1 18 27 11 13 50 20 43 38 54 
10 1 13 11 50 24 38 
11 1 118 28 21 
12 1 13 26 50 
13 3 99 19 112 108 23 17 18 24 50 21 57 
14 1 16 15 42 
15 1 19 118 28 16 
16 1 96 99 116 18 
17 1 116 18 
18 2 19 118 48 23 26 50 20 
19 2 90 95 102 98 111 116 96 118 25 
20 1 28 
21 1 24 22 54 50 
22 1 23 
23 1 44 25 58 24 
24 2 28 108 118 45 25 27 26 56 33 35 
25 1 108 26 
26 2 28 27 39 
27 1 44 28 50 
28 2 96 
29 1 39 35 31 
30 1 54 35 31 
31 1 38 50 35 34 
32 1 33 
33 1 50 35 52 
34 1 35 
35 2 42 58 52 
36 1 41 58 37 52 
37 1 39 
38 1 54 40 39 
39 2 43 57 49 
40 1 47 41 
41 2 43 
42 1 43 
43 2 
44 1 118 45 
45 1 117 46 
46 1 54 50 
47 1 48 58 
48 1 50 
49 1 58 50 
50 3 51 58 
51 1 54 58 52 
52 1 58 
53 1 54 
54 2 56 
55 1 56 
56 2 58 
57 1 58 
58 3 
59 1 70 61 78 65 
60 1 61 69 64 78 81 
61 1 73 
62 1 64 63 68 78 65 79 88 
63 1 71 73 65 
64 1 73 69 67 71 65 88 80 
65 3 70 73 66 68 71 92 84 95 113 
66 1 69 67 68 
67 1 70 69 73 82 
68 1 69 73 88 83 
69 2 70 73 71 88 77 
70 1 78 73 71 81 72 80 
71 1 73 88 
72 1 73 82 103 95 
73 3 78 82 84 83 
74 1 82 76 80 103 95 111 
75 1 78 82 76 80 
76 1 89 114 
77 1 78 80 87 
78 2 79 80 84 
79 1 88 80 103 
80 2 88 94 97 
81 1 88 82 83 
82 1 84 
83 1 84 
84 2 88 93 97 90 104 
85 1 88 91 86 98 
86 1 114 
87 1 88 105 
88 3 92 95 103 89 
89 1 95 90 98 
90 1 93 91 95 102 104 
91 1 97 
92 1 93 95 100 
93 1 114 95 
94 1 95 104 96 116 
95 3 100 103 97 104 118 112 99 
96 1 97 114 99 
97 2 98 107 115 100 108 99 
98 1 103 100 107 110 116 99 
99 2 103 115 118 109 
100 1 102 101 
101 1 103 108 
102 1 103 114 
103 3 105 110 113 111 116 
104 1 105 108 109 
105 1 107 117 106 
106 1 112 
107 1 110 111 108 118 109 
108 2 110 117 
109 1 116 
110 2 114 118 
111 1 113 114 115 118 112 
112 1 115 
113 1 114 
114 2 117 
115 1 117 116 118 
116 2 118 
117 1 118 
118 2 
