name weight children
0 35 41 12 36 1 2 
1 45 4 38 6 2 5 23 
2 29 40 51 24 38 28 6 8 10 
3 15 51 4 39 11 6 
4 32 53 29 12 
5 46 6 16 58 15 
6 57 31 12 9 38 71 16 66 76 25 
7 41 40 12 8 10 76 
8 32 12 9 13 65 76 75 68 63 26 
9 47 12 51 33 
10 42 55 13 42 33 12 23 69 68 
11 41 56 12 13 18 21 
12 44 34 13 36 42 38 
13 47 50 40 24 31 25 
14 30 16 19 25 20 63 80 
15 38 28 16 58 22 82 
16 44 23 28 63 
17 32 18 28 20 
18 42 
19 32 25 20 64 
20 41 
21 45 33 51 25 23 22 
22 34 71 23 63 26 85 
23 45 24 28 63 
24 32 55 40 33 42 28 
25 62 51 28 27 75 26 62 
26 31 27 59 61 
27 32 71 59 
28 69 77 59 
29 34 45 39 35 33 31 42 
30 39 49 52 33 31 
31 32 48 52 41 38 
32 32 54 33 
33 67 56 53 40 51 34 41 35 38 
34 45 48 42 
35 33 44 45 
36 35 37 53 42 51 38 
37 61 44 45 46 40 48 42 38 
38 23 55 70 
39 39 49 44 53 40 42 
40 54 53 57 41 
41 10 47 52 
42 59 
43 38 44 45 
44 48 49 45 50 48 52 57 46 55 
45 33 49 54 48 47 53 55 
46 46 49 52 48 47 53 
47 25 52 
48 35 49 54 
49 60 54 52 53 
50 33 54 52 
51 50 52 53 55 
52 43 54 53 57 
53 46 54 55 
54 58 56 55 
55 40 
56 38 57 
57 14 
58 10 76 63 59 
59 50 61 60 64 86 84 80 
60 69 69 63 64 61 102 107 
61 41 71 70 64 62 82 81 63 66 73 88 
62 36 63 84 
63 44 71 64 73 
64 48 80 78 84 88 72 107 
65 36 66 
66 50 71 69 76 67 90 
67 23 68 
68 16 71 69 
69 41 
70 49 71 76 75 
71 43 
72 45 85 73 80 74 87 92 103 83 102 110 93 
73 38 77 107 74 100 84 92 96 
74 45 78 86 115 110 113 
75 41 76 85 77 
76 43 77 82 
77 36 85 78 
78 34 81 91 79 101 96 
79 44 85 80 83 
80 51 82 81 84 88 107 114 115 
81 27 86 
82 43 86 84 88 91 
83 43 86 84 101 98 
84 28 85 90 91 101 109 107 110 
85 49 86 88 89 
86 37 
87 39 90 88 89 114 100 94 
88 34 91 89 101 115 108 
89 48 92 96 
90 38 91 115 110 
91 35 100 92 103 93 
92 46 102 93 97 103 
93 36 102 101 99 
94 37 95 
95 31 100 96 98 103 
96 43 106 112 
97 41 98 104 
98 38 101 100 99 106 
99 48 100 108 
100 46 103 110 107 
101 47 105 110 102 103 
102 37 107 105 103 114 
103 58 109 110 107 
104 42 105 
105 31 109 107 106 
106 38 107 
107 48 115 112 110 
108 45 109 114 110 
109 22 110 
110 34 114 115 111 
111 34 
112 42 114 115 113 
113 40 
114 49 115 
115 39 
