name weight children
0 28 10 1 
1 25 3 
2 24 14 3 8 
3 50 19 4 10 8 11 
4 71 18 11 
5 58 10 7 8 
6 40 7 10 
7 51 17 10 22 8 
8 33 13 9 21 10 
9 50 18 10 
10 78 16 32 22 17 18 26 13 
11 31 13 16 15 
12 30 19 21 13 
13 72 22 32 19 17 26 16 
14 38 16 26 17 15 
15 45 27 19 18 16 
16 64 30 45 19 32 17 
17 55 33 42 25 43 19 18 20 22 
18 64 41 45 36 19 32 27 22 
19 104 34 33 42 36 31 41 32 20 22 21 
20 49 32 21 
21 43 26 22 
22 51 33 45 25 
23 39 42 35 83 32 30 24 41 27 26 
24 38 29 
25 31 83 30 27 26 
26 49 31 27 32 
27 57 29 33 45 36 
28 25 78 83 81 30 38 41 29 33 
29 51 90 87 84 45 30 32 
30 62 80 87 39 81 42 44 33 
31 33 33 32 
32 68 40 41 34 33 45 43 
33 80 44 45 41 42 
34 33 35 38 36 
35 33 87 44 36 
36 29 39 
37 44 83 39 42 38 41 
38 42 44 39 
39 70 70 76 78 82 41 84 45 44 
40 34 42 83 41 
41 80 84 42 87 44 45 
42 74 89 44 45 
43 35 45 
44 44 89 88 80 84 75 45 
45 67 83 
46 68 59 67 63 49 55 47 89 78 
47 34 
48 20 52 59 49 61 
49 45 58 50 
50 48 60 77 
51 42 67 52 85 56 53 
52 59 59 66 65 64 54 56 53 
53 29 60 56 55 90 
54 35 67 63 56 55 89 76 88 69 
55 67 68 71 67 61 56 82 70 89 78 
56 67 59 62 77 79 90 80 
57 38 59 58 64 
58 64 59 66 68 67 64 71 60 61 63 72 
59 72 65 64 60 68 62 61 77 
60 47 66 64 
61 37 62 
62 22 67 78 
63 34 65 64 68 67 
64 54 65 67 
65 65 66 72 
66 34 67 68 
67 73 68 
68 80 71 
69 42 78 
70 40 72 74 89 78 
71 28 72 77 
72 46 89 
73 26 78 74 
74 26 86 78 75 87 
75 48 90 76 78 82 81 84 87 
76 46 89 77 78 
77 51 78 
78 70 85 89 90 81 88 87 86 83 
79 45 85 80 
80 41 86 81 83 
81 28 90 84 
82 45 90 86 83 
83 60 89 88 84 87 
84 52 89 
85 41 86 90 
86 58 90 87 89 
87 59 90 88 
88 44 89 90 
89 74 90 
90 86 
