name weight children
0 43 2 1 23 10 
1 56 35 38 6 31 27 2 17 8 4 
2 75 30 5 31 46 42 24 37 44 22 17 12 21 8 10 3 
3 57 43 22 40 7 
4 45 30 5 47 8 10 14 
5 34 58 38 
6 46 53 8 
7 40 8 10 23 11 21 
8 72 38 42 37 46 19 43 10 23 11 
9 41 10 
10 39 46 39 13 11 21 
11 52 22 15 
12 35 44 39 14 21 
13 46 43 14 15 23 18 
14 31 24 46 17 
15 29 47 17 23 
16 31 17 20 
17 42 47 
18 42 19 23 
19 15 20 
20 48 46 23 
21 62 23 
22 46 23 
23 48 46 
24 27 29 32 33 35 25 
25 39 28 26 47 
26 56 50 31 34 29 32 27 42 45 46 
27 57 62 31 50 58 36 29 35 47 
28 23 48 32 29 
29 47 55 32 52 58 31 
30 42 34 32 50 31 
31 69 67 51 53 32 34 58 35 68 48 49 45 33 37 46 43 44 
32 73 56 62 71 50 59 55 68 48 38 36 35 47 
33 42 34 46 
34 39 65 62 35 
35 44 48 46 44 
36 48 58 37 39 38 46 
37 38 38 46 
38 64 59 53 43 46 45 40 
39 41 40 
40 38 43 41 
41 30 
42 24 50 46 43 
43 66 45 44 46 
44 37 47 
45 34 46 47 
46 60 47 
47 61 
48 42 67 51 53 50 49 
49 59 54 57 50 53 68 
50 47 51 56 53 58 
51 50 90 85 82 91 70 64 68 62 55 52 59 53 
52 47 62 65 53 
53 54 64 65 67 58 57 66 
54 21 72 55 
55 41 56 
56 64 73 81 59 58 
57 27 82 83 59 
58 41 62 68 59 
59 61 68 
60 41 86 61 71 
61 46 72 86 80 62 
62 33 73 64 68 
63 20 64 
64 44 91 67 78 65 68 
65 59 80 67 82 76 
66 40 68 
67 42 87 79 94 73 71 70 68 91 
68 57 78 71 70 
69 35 71 
70 42 86 71 83 
71 66 82 
72 34 85 92 73 83 
73 57 93 96 77 75 74 78 80 
74 41 85 95 88 96 79 
75 40 77 79 76 
76 38 77 87 94 
77 20 89 80 82 
78 37 92 91 80 83 
79 46 89 85 92 90 94 86 80 81 91 
80 67 82 83 
81 46 89 83 
82 61 95 85 91 94 86 83 
83 46 91 
84 30 93 96 85 90 
85 43 96 95 88 86 87 92 
86 54 92 94 
87 35 92 93 89 
88 48 93 96 89 95 
89 45 92 96 91 
90 35 91 94 
91 53 92 96 94 95 
92 82 93 96 95 
93 41 96 95 94 
94 49 96 95 
95 64 96 
96 79 
