name weight children
0 73 17 3 8 5 1 7 
1 41 17 7 
2 72 8 3 5 
3 83 7 6 
4 27 11 5 
5 72 16 17 7 8 6 
6 39 8 
7 195 17 16 8 
8 426 16 17 13 11 
9 32 35 17 11 10 16 
10 37 16 
11 61 30 35 12 17 16 
12 74 34 35 17 16 
13 70 17 14 
14 46 17 16 
15 48 17 16 
16 355 35 34 30 17 33 
17 386 34 35 30 33 
18 38 19 23 25 
19 33 26 21 25 
20 67 21 26 25 23 
21 75 26 25 
22 52 26 23 25 24 31 35 
23 57 26 25 35 34 
24 48 26 25 34 
25 453 26 34 31 28 29 35 27 
26 453 35 29 
27 34 28 35 
28 39 34 30 
29 72 31 35 30 34 
30 68 35 34 
31 58 35 32 34 
32 49 34 35 
33 40 34 35 
34 222 35 
35 686 
