name weight children
0 1 6 2 
1 1 6 11 2 7 53 5 
2 2 11 15 4 6 5 13 41 55 45 49 
3 1 79 86 12 6 20 26 4 5 25 
4 2 21 20 11 28 10 24 9 34 36 5 
5 2 14 26 6 8 22 31 
6 2 80 20 13 
7 1 13 9 10 52 55 
8 1 18 9 10 42 48 
9 1 11 28 49 
10 1 11 15 13 36 49 
11 2 59 82 68 12 58 20 24 13 
12 1 82 86 63 66 79 28 18 13 
13 2 86 80 60 25 24 57 
14 1 82 19 58 16 20 15 28 
15 1 16 
16 1 60 80 20 18 
17 1 81 20 18 22 
18 1 81 20 
19 1 67 60 21 27 20 
20 3 69 81 23 24 56 
21 1 69 80 81 22 
22 1 28 23 24 
23 1 26 24 
24 2 27 26 54 50 41 
25 1 26 28 56 
26 1 28 
27 1 66 58 28 
28 3 71 80 82 66 79 58 
29 1 34 41 30 
30 1 31 45 
31 1 43 
32 1 45 35 40 33 
33 1 35 
34 1 35 53 
35 2 38 
36 1 41 55 44 
37 1 49 39 38 
38 1 
39 1 41 40 
40 2 53 51 42 44 
41 1 42 
42 2 55 
43 1 49 52 45 44 
44 1 45 46 
45 1 50 48 51 
46 1 47 
47 1 49 
48 1 54 53 49 
49 3 54 52 
50 1 51 53 
51 1 53 52 
52 1 54 53 
53 2 55 
54 1 55 
55 2 56 57 
56 2 
57 1 
58 1 83 86 64 69 59 
59 1 82 60 71 
60 2 78 61 70 64 63 81 80 82 66 
61 1 93 63 62 71 
62 1 65 64 
63 1 64 80 
64 3 98 67 78 81 66 69 
65 1 77 83 71 66 
66 1 71 67 86 
67 1 72 70 80 
68 1 70 69 
69 1 84 71 82 
70 1 92 100 78 71 81 
71 3 89 73 75 79 
72 1 74 76 105 97 82 
73 1 74 99 78 82 
74 1 106 77 
75 1 76 80 
76 2 110 96 77 92 90 78 
77 2 107 95 98 90 88 78 83 86 80 
78 2 91 105 83 81 82 
79 1 82 81 80 
80 2 93 83 86 82 
81 2 83 82 85 86 
82 2 87 93 
83 1 97 84 
84 1 105 93 85 
85 1 86 
86 2 
87 1 107 88 97 
88 1 91 107 101 98 89 93 
89 1 101 102 90 105 
90 1 113 105 98 91 93 
91 2 115 103 106 113 96 92 95 93 
92 1 99 93 
93 2 100 
94 1 103 108 100 95 
95 1 114 98 
96 2 112 115 100 102 
97 1 100 98 
98 2 106 108 100 115 101 99 
99 1 100 107 
100 3 106 112 111 115 
101 1 114 103 106 110 107 115 
102 1 106 112 103 105 
103 1 114 105 
104 1 106 115 107 105 
105 2 106 108 107 
106 2 115 108 111 113 107 112 
107 2 111 114 115 
108 1 111 114 110 109 
109 1 
110 1 111 
111 2 112 113 115 
112 1 115 113 
113 2 114 115 
114 1 115 
115 3 
