name weight children
0 31 14 18 3 17 6 
1 28 3 2 23 
2 18 8 17 3 22 
3 28 18 7 17 
4 42 7 23 
5 11 7 11 23 
6 69 7 17 23 
7 142 18 15 17 20 23 22 29 
8 15 10 18 17 9 
9 45 17 13 11 
10 20 18 17 15 12 
11 48 12 
12 47 14 17 18 15 
13 20 15 18 
14 81 18 17 15 
15 130 17 19 22 23 
16 34 17 
17 269 18 22 23 
18 247 23 
19 41 20 23 22 
20 45 29 
21 33 23 29 24 39 
22 157 23 29 26 
23 441 29 26 28 
24 12 26 28 39 
25 87 26 40 29 36 39 
26 138 29 28 37 40 
27 38 28 
28 137 29 40 36 37 39 
29 414 40 39 36 37 
30 41 40 39 31 34 
31 24 37 34 
32 53 34 33 
33 120 39 40 34 
34 335 40 39 37 35 
35 30 40 37 
36 85 40 37 39 
37 156 40 39 38 
38 30 39 40 
39 231 40 
40 489 
