name weight children
0 2 53 29 1 3 10 18 
1 3 20 27 26 8 7 13 
2 1 26 18 3 13 8 17 
3 2 36 12 8 18 
4 1 21 20 7 6 5 13 18 
5 2 7 9 
6 2 31 36 26 27 8 
7 2 37 31 20 25 8 13 18 15 
8 3 26 24 13 18 9 15 
9 2 12 10 18 11 
10 2 13 17 18 
11 2 26 12 13 17 
12 2 23 27 18 13 17 15 
13 3 
14 1 18 15 
15 2 18 17 
16 1 32 18 
17 2 26 24 18 
18 3 36 22 26 
19 1 32 53 20 22 25 
20 2 37 29 26 21 22 
21 2 30 49 37 22 27 25 
22 2 32 37 23 26 24 
23 2 36 35 25 34 27 24 26 
24 2 27 
25 2 29 27 
26 2 29 27 
27 3 37 35 
28 2 40 41 37 29 31 
29 2 32 52 31 36 35 
30 2 48 41 31 56 32 37 
31 2 32 35 37 34 
32 3 38 53 41 49 37 50 56 34 36 
33 1 40 34 35 
34 2 44 49 37 
35 2 37 50 36 
36 2 47 52 50 37 
37 4 41 50 
38 2 67 39 73 43 54 41 40 51 56 
39 2 69 72 73 40 41 58 43 52 45 44 
40 2 60 67 73 43 51 45 56 41 
41 3 73 76 51 55 53 
42 1 65 43 
43 2 70 57 67 45 46 
44 2 72 45 56 73 54 
45 2 69 55 50 46 49 
46 2 76 55 
47 1 48 51 
48 2 67 69 50 49 52 
49 2 54 51 50 
50 2 51 55 56 
51 3 68 58 76 73 54 52 53 
52 2 73 54 53 
53 3 76 55 56 
54 1 75 76 56 
55 2 73 56 
56 3 
57 2 62 59 65 64 66 58 76 68 61 72 71 
58 2 61 71 60 72 
59 2 60 61 66 65 69 
60 2 62 61 63 68 73 
61 3 62 64 63 75 69 
62 2 64 63 66 70 73 
63 3 66 65 76 72 73 68 
64 1 65 72 66 71 76 
65 2 66 68 74 73 
66 3 72 70 71 
67 1 68 69 74 70 72 
68 2 74 71 76 
69 2 71 70 
70 2 71 76 
71 3 72 73 
72 2 73 
73 3 74 75 76 
74 1 76 
75 2 76 
76 3 
