name weight children
0 1 34 36 24 2 6 
1 1 25 4 3 2 
2 2 22 19 9 
3 1 26 
4 1 50 52 34 47 5 26 10 11 
5 2 17 
6 1 7 8 
7 1 36 8 12 
8 2 10 9 11 
9 1 12 54 19 10 11 
10 2 
11 1 54 12 
12 2 24 17 26 19 
13 1 15 23 54 17 
14 1 35 24 47 15 22 
15 1 50 36 19 
16 1 18 17 
17 2 26 54 19 
18 1 25 19 
19 2 
20 1 43 25 21 
21 1 43 49 24 22 
22 2 48 26 
23 1 45 24 25 
24 2 45 39 52 27 43 26 
25 1 51 45 43 36 26 
26 3 53 34 36 52 54 
27 1 28 29 40 39 
28 1 29 98 51 
29 2 100 30 105 32 39 108 38 46 33 
30 1 95 109 31 
31 2 105 33 38 43 109 32 42 
32 1 96 105 33 
33 2 100 97 83 104 101 98 37 38 44 109 39 47 52 36 
34 1 45 38 35 36 
35 1 98 108 45 36 
36 2 38 40 39 43 52 49 48 54 
37 1 96 105 107 38 
38 2 105 41 39 40 53 51 45 50 
39 2 40 
40 2 44 45 51 52 
41 1 86 98 46 42 43 
42 1 43 52 
43 2 45 49 54 
44 1 109 107 45 47 50 
45 2 109 51 47 
46 1 98 47 52 
47 3 106 107 52 54 
48 1 51 49 
49 1 50 54 
50 1 54 
51 1 107 52 
52 2 107 53 54 
53 1 
54 2 
55 1 57 56 60 67 
56 1 61 57 60 76 65 
57 2 61 73 59 75 67 64 76 
58 1 61 73 74 59 60 
59 2 61 74 66 60 79 68 72 
60 2 61 74 73 64 66 70 71 68 81 69 
61 2 64 77 73 62 78 
62 1 63 94 
63 1 64 68 69 
64 2 67 70 93 99 
65 1 66 75 
66 1 
67 1 74 73 68 80 
68 3 75 71 99 89 
69 1 77 71 
70 1 75 81 71 93 
71 2 75 72 80 82 78 95 100 
72 1 73 79 89 
73 2 75 76 74 78 
74 1 75 
75 2 80 
76 1 77 82 78 
77 1 78 80 
78 2 79 88 82 100 97 
79 1 80 81 82 85 
80 2 82 102 99 92 97 90 
81 1 82 94 91 89 
82 2 100 84 
83 1 87 84 109 98 
84 1 85 109 
85 1 88 
86 1 87 100 92 98 107 108 
87 2 88 97 102 95 89 101 
88 1 100 89 
89 2 100 95 97 92 109 
90 1 92 
91 1 92 
92 2 99 101 105 97 95 102 98 109 
93 1 95 
94 1 95 
95 2 100 105 101 
96 1 100 97 105 98 
97 2 99 100 98 109 107 
98 2 101 102 103 107 
99 1 100 104 
100 2 101 102 
101 2 102 103 105 109 
102 2 
103 1 104 109 
104 1 105 
105 2 108 109 107 
106 1 107 
107 2 109 108 
108 1 109 
109 3 
