name weight children
0 1 19 4 13 1 
1 1 3 38 
2 1 19 3 4 
3 7 14 4 9 8 36 39 35 38 6 
4 9 19 12 14 9 18 17 11 8 5 38 
5 1 39 6 
6 1 9 8 36 39 
7 1 8 38 
8 8 13 9 39 38 33 
9 8 14 18 17 11 13 38 35 37 
10 1 18 19 17 11 
11 1 14 18 
12 1 14 15 13 
13 3 19 18 16 14 
14 8 19 18 16 17 
15 1 19 16 17 
16 2 19 18 
17 1 18 
18 7 19 
19 17 
20 1 33 21 34 29 
21 1 38 33 34 23 28 29 
22 1 33 23 
23 3 24 33 34 29 
24 4 33 39 34 29 
25 1 34 26 29 
26 1 34 29 
27 1 29 
28 5 39 34 31 29 
29 12 34 31 33 
30 1 31 
31 2 33 34 
32 1 34 
33 10 38 39 36 34 
34 12 37 38 35 39 
35 1 38 36 
36 2 38 
37 1 38 
38 10 39 
39 10 
