name weight children
0 41 6 2 1 16 
1 49 15 12 5 22 26 
2 73 4 7 15 3 34 22 
3 65 15 6 4 13 18 29 22 
4 84 15 14 12 6 5 10 7 16 9 
5 47 7 26 17 22 
6 59 7 15 16 13 34 17 9 
7 70 15 10 14 29 
8 61 16 33 29 9 22 25 
9 63 16 13 10 31 28 24 33 
10 76 15 14 16 33 34 28 
11 41 12 
12 51 14 13 15 16 34 
13 56 14 34 
14 56 15 16 
15 103 16 
16 127 17 23 34 28 
17 49 34 18 28 24 23 
18 54 27 21 34 22 20 23 29 51 
19 58 20 31 24 25 35 38 52 45 47 
20 83 28 29 30 51 
21 49 22 23 29 25 28 
22 57 28 24 30 25 52 45 51 
23 64 28 25 33 34 24 
24 88 34 30 32 29 25 28 33 44 36 47 
25 91 28 31 45 48 29 44 52 35 
26 65 34 29 27 28 31 
27 48 34 28 
28 81 29 33 31 32 51 
29 87 33 34 52 48 30 49 50 45 37 
30 40 33 34 31 51 
31 72 34 33 46 49 
32 47 34 45 
33 78 34 52 48 
34 83 52 
35 46 52 36 39 
36 84 51 49 45 41 42 37 53 38 
37 66 51 52 38 39 43 53 68 69 57 
38 76 53 42 60 
39 78 45 44 53 42 40 43 
40 58 44 41 54 43 69 67 
41 39 51 50 42 53 43 
42 66 43 69 53 57 54 60 63 
43 70 51 44 52 47 55 70 60 
44 52 45 51 52 53 
45 87 51 52 46 47 
46 73 51 53 
47 48 48 51 
48 48 49 51 52 
49 49 51 52 
50 46 52 
51 99 52 
52 103 53 68 57 
53 86 54 55 60 57 56 69 
54 95 68 61 63 60 56 
55 82 57 69 65 61 66 
56 49 
57 69 60 61 58 
58 48 
59 45 67 61 60 
60 92 63 70 61 67 
61 95 67 
62 49 63 67 
63 66 64 
64 37 65 
65 65 
66 40 67 
67 60 69 70 
68 70 70 
69 72 70 
70 74 
