name weight children
0 1 61 43 13 1 37 
1 2 3 4 8 15 39 21 24 
2 2 3 16 39 40 29 
3 2 49 60 4 9 
4 2 9 44 50 11 18 43 42 14 36 
5 1 60 41 9 6 
6 2 48 50 42 9 8 15 
7 1 61 9 8 37 
8 2 60 9 42 12 16 14 39 37 
9 3 49 50 13 11 
10 1 69 11 
11 2 42 16 14 12 38 
12 1 13 
13 2 44 42 16 14 17 37 
14 3 18 19 24 34 40 
15 1 16 19 
16 2 50 37 18 
17 2 39 34 
18 2 19 37 
19 2 21 29 
20 1 36 21 
21 1 37 24 39 
22 1 35 28 33 24 23 
23 1 24 40 
24 3 39 33 36 28 26 
25 1 34 26 31 
26 2 36 40 29 33 28 
27 1 29 
28 2 36 29 40 
29 2 37 35 36 38 30 40 39 31 
30 2 35 36 34 33 31 
31 2 39 35 40 33 
32 1 38 33 
33 2 37 36 38 39 34 35 
34 3 37 35 40 
35 3 37 38 36 40 39 
36 3 37 39 40 
37 4 39 38 40 
38 2 39 
39 3 40 
40 3 
41 1 58 42 
42 2 51 46 50 61 43 45 
43 2 47 67 60 44 
44 2 61 60 45 46 50 
45 2 82 58 50 
46 2 55 63 58 50 47 49 
47 2 62 61 55 59 49 
48 1 69 50 
49 2 61 58 50 
50 3 58 57 60 
51 1 82 54 61 57 52 56 
52 1 66 55 59 
53 1 54 56 59 58 
54 2 71 70 55 
55 2 70 62 73 58 69 57 61 78 
56 1 69 57 58 60 
57 2 70 61 58 60 
58 3 79 63 66 61 68 69 60 
59 2 73 60 61 
60 3 69 61 
61 4 68 72 74 63 78 82 
62 2 63 81 71 77 65 72 68 
63 3 64 81 80 65 68 66 78 69 
64 1 79 80 65 71 
65 2 76 70 79 66 82 
66 2 75 76 71 79 73 69 
67 1 68 
68 2 70 69 72 
69 3 76 71 80 74 82 
70 1 76 71 82 
71 2 78 
72 2 77 76 81 
73 1 82 
74 1 75 
75 2 76 79 77 82 
76 3 77 81 80 79 
77 1 79 81 82 80 
78 1 79 81 
79 3 81 80 82 
80 2 81 82 
81 2 82 
82 3 
