name weight children
0 1 10 65 71 1 60 68 2 22 14 41 
1 1 71 4 2 8 3 
2 2 71 50 10 14 5 
3 1 5 18 22 
4 2 95 9 5 22 
5 2 11 16 17 24 
6 1 51 66 8 7 
7 1 68 8 11 16 
8 2 69 68 10 13 9 
9 1 10 68 11 22 37 
10 2 71 68 11 23 
11 2 65 14 23 
12 1 64 60 23 14 13 
13 2 64 14 16 17 44 36 41 40 
14 2 68 22 17 41 
15 2 23 17 44 43 
16 2 68 23 17 20 
17 2 20 34 41 29 25 31 47 
18 1 21 20 40 
19 1 41 20 
20 2 22 21 28 40 35 
21 1 22 23 
22 2 23 35 43 31 
23 3 65 68 39 
24 1 25 31 28 
25 1 41 31 26 28 
26 2 40 33 28 31 47 
27 1 28 
28 2 41 37 29 42 32 46 30 38 
29 2 37 40 47 
30 1 31 
31 2 40 45 38 32 34 
32 2 35 41 33 42 
33 1 41 35 
34 2 36 35 
35 3 36 40 38 47 
36 1 41 37 47 
37 2 39 41 40 38 46 
38 2 41 43 47 
39 1 41 40 43 
40 2 41 42 46 
41 3 47 
42 1 47 44 
43 1 44 45 
44 2 45 47 
45 1 47 46 
46 2 47 
47 2 
48 1 53 89 59 49 50 70 
49 2 53 95 59 58 50 64 52 57 66 
50 2 53 51 54 52 71 68 65 60 
51 1 95 52 59 65 71 
52 2 93 77 94 83 79 53 63 58 65 62 71 68 
53 3 91 88 74 58 84 56 95 89 85 59 67 65 64 
54 1 84 56 64 
55 1 58 56 57 
56 2 91 83 85 61 59 58 
57 1 59 64 
58 2 90 91 78 59 64 68 
59 3 91 92 95 65 
60 1 92 62 65 
61 1 88 62 
62 2 64 70 71 68 
63 1 92 65 64 
64 2 65 68 
65 3 67 70 68 
66 1 68 
67 2 78 68 
68 3 70 69 71 
69 1 95 71 
70 1 71 
71 2 
72 1 73 77 74 
73 1 74 76 94 85 79 
74 2 76 83 81 79 75 80 88 82 85 78 
75 1 76 80 88 77 
76 2 85 81 77 80 
77 2 83 91 95 86 92 
78 1 80 86 79 
79 2 80 81 91 84 95 
80 3 87 89 83 81 82 95 
81 1 88 83 
82 1 83 
83 2 87 89 90 
84 1 85 
85 2 89 86 91 88 94 95 
86 2 87 89 
87 1 89 94 
88 2 89 90 92 
89 3 93 95 
90 1 91 94 
91 1 92 
92 2 93 
93 1 95 
94 2 95 
95 3 
