name weight children
0 119 21 2 18 6 1 3 9 
1 160 18 2 11 3 9 6 12 
2 222 23 20 17 18 4 3 6 11 9 12 13 
3 223 20 5 18 4 6 13 9 11 7 
4 198 20 23 21 19 18 5 17 6 11 
5 135 19 20 6 11 
6 248 19 13 11 9 12 7 14 
7 116 12 13 9 11 14 8 10 
8 143 12 9 14 10 13 
9 247 12 11 14 13 10 
10 65 13 14 
11 134 14 12 13 
12 153 13 14 
13 245 14 
14 208 
15 119 26 16 20 21 19 17 
16 101 29 28 21 26 20 23 19 17 
17 100 19 20 21 
18 140 23 21 19 20 
19 129 25 21 24 20 23 
20 259 22 27 28 26 21 24 25 23 
21 153 26 22 27 25 24 23 
22 231 26 27 29 24 23 
23 141 24 26 
24 68 29 27 25 26 
25 144 29 26 27 28 
26 149 29 27 28 
27 244 29 28 
28 112 29 
29 237 
