name weight children
0 1 3 6 1 
1 1 5 2 
2 1 3 4 8 7 
3 2 48 62 32 7 12 
4 1 5 32 7 
5 1 19 23 14 
6 1 15 31 29 7 
7 2 19 32 10 8 14 
8 1 9 31 14 11 
9 1 31 19 
10 1 44 15 25 
11 1 
12 1 23 15 13 14 
13 1 20 
14 1 15 32 
15 2 65 44 54 25 
16 1 42 19 56 17 31 23 54 
17 1 52 33 54 19 32 
18 1 58 19 
19 2 56 65 53 62 21 23 20 
20 1 56 21 23 
21 1 62 
22 1 58 23 
23 3 65 62 32 24 40 27 
24 1 25 
25 1 31 27 
26 1 31 27 
27 1 32 29 
28 1 54 29 
29 1 32 31 
30 1 48 31 32 
31 2 60 48 57 32 40 
32 2 65 
33 1 36 34 42 65 
34 1 39 131 38 60 50 36 65 
35 1 128 39 36 
36 2 119 38 128 52 56 48 57 61 44 62 
37 1 38 61 
38 2 130 131 120 106 39 51 56 42 59 57 
39 1 128 131 111 41 48 
40 1 48 65 
41 1 129 47 131 125 48 64 42 58 60 44 
42 1 125 43 45 44 
43 1 123 119 129 128 64 44 
44 2 58 48 56 62 
45 1 119 116 46 51 58 56 
46 1 117 48 64 
47 1 124 55 48 
48 2 52 61 49 65 60 
49 1 60 50 
50 1 51 60 52 56 
51 1 117 120 131 63 56 60 
52 1 64 54 
53 1 56 54 
54 1 60 62 
55 1 124 60 56 
56 3 64 58 
57 1 58 60 65 
58 1 60 61 65 
59 1 60 62 
60 2 131 129 116 64 61 62 
61 1 64 62 65 
62 2 65 
63 1 125 64 65 
64 1 65 
65 3 
66 1 71 78 69 72 89 79 74 98 97 91 
67 1 71 69 68 79 77 85 
68 1 69 72 73 70 86 79 
69 2 79 95 89 92 104 
70 1 71 72 81 74 77 93 94 
71 1 76 79 73 86 97 
72 1 80 73 
73 2 89 81 
74 1 76 75 77 88 100 122 
75 1 80 100 
76 1 78 79 97 77 93 
77 2 87 80 79 93 92 88 122 
78 1 80 83 79 
79 2 89 81 82 98 
80 1 82 81 
81 2 100 97 
82 1 83 89 108 110 
83 1 87 96 
84 1 92 85 90 
85 1 89 93 107 
86 1 87 89 94 98 
87 1 89 
88 1 89 97 98 115 
89 2 
90 1 98 91 117 
91 1 92 122 93 112 113 
92 1 93 96 98 
93 2 97 110 98 109 113 102 130 
94 1 95 97 
95 1 96 98 
96 1 97 98 
97 2 108 98 115 126 
98 2 114 122 101 109 119 
99 1 110 100 102 115 
100 1 101 126 
101 1 110 102 105 117 
102 2 114 107 124 106 116 
103 1 104 106 
104 1 115 
105 1 115 127 106 
106 2 130 
107 1 108 122 111 
108 1 110 109 115 
109 1 110 115 
110 2 113 
111 1 115 112 120 125 
112 1 114 113 128 
113 1 115 119 129 
114 1 115 
115 3 122 127 123 
116 1 130 117 
117 1 119 123 131 
118 1 119 
119 2 120 125 
120 1 121 123 131 
121 1 122 129 
122 1 123 
123 2 124 
124 1 131 125 
125 1 128 127 
126 1 127 131 
127 2 131 
128 2 131 130 129 
129 1 130 131 
130 1 131 
131 3 
