name weight children
0 1 9 5 21 63 2 1 76 
1 1 21 74 14 3 63 2 108 
2 2 6 7 14 66 71 78 
3 1 4 13 29 6 72 67 
4 1 29 6 69 63 
5 1 27 6 61 
6 2 12 69 29 66 75 14 79 
7 1 8 10 29 21 74 66 73 14 
8 1 40 20 29 10 11 
9 1 28 43 10 74 61 
10 2 25 21 68 62 14 
11 1 12 14 66 
12 1 43 
13 1 21 14 69 
14 3 27 73 63 72 67 87 
15 1 36 42 23 16 17 
16 1 59 40 58 17 18 24 29 
17 2 37 40 42 23 21 27 
18 1 19 33 29 21 
19 1 32 20 
20 1 40 21 
21 3 58 40 69 
22 1 23 63 
23 1 25 41 30 24 27 
24 1 25 69 29 
25 2 46 44 30 
26 1 42 27 69 
27 1 28 29 
28 1 58 31 30 29 
29 3 30 58 33 44 73 
30 1 52 31 36 42 
31 1 32 60 40 43 
32 1 46 34 
33 1 60 56 34 36 
34 2 48 36 35 38 60 43 
35 1 48 51 57 36 42 
36 2 39 42 
37 1 46 38 60 40 58 44 
38 1 52 60 40 
39 1 45 50 56 49 41 40 
40 2 42 59 41 
41 1 46 60 44 42 43 
42 2 44 
43 1 56 44 
44 2 49 
45 1 56 50 47 46 52 48 
46 2 56 50 47 48 51 60 
47 1 54 48 50 60 49 
48 2 52 53 
49 1 51 50 52 59 
50 2 54 57 52 53 60 
51 1 52 60 
52 2 57 
53 1 54 56 
54 1 56 
55 1 56 
56 2 60 58 
57 1 60 58 
58 2 60 59 
59 1 60 
60 2 
61 1 69 73 63 66 65 
62 1 63 
63 2 68 67 65 80 
64 1 67 65 71 88 109 111 
65 2 73 74 67 87 80 75 76 84 
66 1 73 67 70 71 
67 2 89 95 70 97 103 
68 1 69 74 75 72 70 
69 2 81 73 85 70 71 
70 1 73 81 71 87 86 89 80 90 
71 2 75 76 90 104 
72 1 73 84 
73 2 75 85 83 
74 1 75 
75 2 87 
76 1 86 78 
77 1 86 80 78 82 111 
78 1 90 94 110 
79 1 81 80 82 95 
80 2 108 88 97 109 103 
81 1 
82 2 84 88 107 111 
83 1 84 
84 1 86 90 
85 1 86 
86 2 88 90 109 89 108 97 
87 1 90 88 
88 2 89 97 
89 1 90 109 107 
90 2 94 96 109 98 103 
91 1 97 114 93 115 
92 1 93 97 
93 1 104 113 121 
94 1 108 95 99 97 118 116 105 
95 1 110 
96 1 97 
97 3 103 110 105 111 
98 1 113 101 
99 1 112 103 104 101 121 113 
100 1 116 101 105 
101 2 103 111 113 
102 1 103 105 
103 2 108 109 105 120 
104 1 105 106 
105 3 121 118 113 109 111 110 
106 1 107 111 110 117 
107 1 109 111 
108 1 109 112 
109 2 111 114 121 
110 1 117 111 119 113 
111 2 112 121 113 117 
112 1 113 121 
113 2 119 116 120 
114 1 115 121 117 
115 1 116 120 
116 1 117 120 
117 2 118 119 
118 1 119 121 
119 2 121 
120 1 121 
121 3 
