name weight children
0 49 23 2 18 4 29 6 7 16 19 3 1 
1 47 2 17 8 47 48 
2 39 25 34 11 28 6 3 13 15 4 
3 83 27 29 30 24 18 19 4 16 14 13 15 48 8 47 
4 116 7 18 9 5 19 17 8 14 49 51 
5 49 18 
6 90 25 29 7 18 
7 51 29 30 16 19 9 
8 75 16 9 13 61 49 51 45 
9 37 51 
10 38 11 15 54 14 
11 37 35 18 
12 38 13 14 46 
13 84 29 16 18 20 14 61 50 
14 84 16 19 18 62 17 45 50 
15 27 28 24 18 20 17 
16 64 23 20 18 17 51 
17 74 19 18 48 61 45 62 54 57 
18 66 29 30 24 20 19 
19 73 20 54 49 
20 69 30 24 51 
21 42 35 22 36 29 
22 64 34 33 23 
23 67 38 26 30 24 39 
24 65 25 34 35 
25 49 33 29 
26 30 40 27 29 
27 60 34 29 
28 63 33 41 30 29 
29 67 31 33 41 39 35 30 
30 68 31 35 34 
31 41 32 38 41 34 39 35 
32 49 34 33 
33 47 35 38 41 34 
34 53 35 40 38 37 
35 68 38 41 36 
36 44 40 37 38 41 39 
37 72 38 
38 76 40 41 
39 41 40 
40 81 41 
41 85 
42 45 43 70 
43 49 45 50 59 
44 44 62 49 51 45 81 
45 70 48 47 61 49 50 46 57 60 52 83 
46 78 54 62 50 73 53 84 
47 42 48 61 51 56 
48 48 51 49 50 
49 47 51 50 
50 73 51 60 52 57 59 
51 95 54 62 
52 62 57 56 53 84 81 73 83 
53 42 59 58 64 
54 60 56 60 59 
55 47 56 60 59 72 79 
56 58 61 57 73 
57 66 61 60 59 64 65 81 
58 81 61 62 63 59 65 73 
59 99 62 61 73 84 83 77 
60 45 62 61 84 
61 56 62 
62 66 
63 34 84 64 72 
64 63 72 67 80 83 
65 40 79 69 67 72 
66 36 68 67 
67 84 73 70 74 
68 55 70 72 75 73 84 
69 49 70 79 80 72 
70 96 73 81 72 74 80 83 76 
71 36 73 83 
72 84 73 83 78 77 82 
73 91 83 80 84 
74 46 83 84 75 
75 48 77 80 83 76 84 
76 56 78 77 
77 59 84 78 83 79 80 
78 42 84 
79 41 81 83 80 
80 52 81 83 84 
81 55 84 83 
82 42 83 84 
83 102 84 
84 103 
