name weight children
0 29 11 9 1 3 
1 45 9 11 
2 53 3 11 10 20 18 5 23 
3 62 4 11 23 
4 75 9 7 10 
5 42 11 6 10 21 22 
6 61 7 10 11 17 
7 69 11 9 17 
8 65 9 10 11 
9 201 10 11 
10 312 11 20 19 23 21 17 
11 274 17 23 18 22 21 
12 44 21 23 15 13 32 35 
13 32 22 
14 46 23 22 15 33 
15 74 16 23 35 34 
16 83 20 22 21 32 23 
17 63 23 18 22 
18 59 23 19 22 21 35 33 
19 36 20 23 
20 59 23 21 22 32 
21 154 23 22 35 
22 234 23 35 33 32 34 
23 407 35 33 29 34 32 
24 47 38 33 35 27 25 48 47 
25 24 33 46 
26 48 35 32 33 27 
27 46 33 28 41 43 36 45 48 
28 43 31 38 46 
29 56 31 34 32 33 
30 30 31 
31 73 35 32 33 48 
32 114 35 33 34 48 
33 283 35 37 34 48 43 45 42 44 
34 86 35 38 48 43 
35 263 37 43 
36 47 38 48 
37 38 38 41 
38 68 43 48 47 
39 26 40 48 47 
40 27 41 48 47 
41 19 48 45 47 43 
42 59 47 44 45 43 
43 53 48 47 44 
44 51 47 48 45 
45 132 48 46 47 
46 81 48 47 
47 246 48 
48 249 
