name weight children
0 1 3 4 18 6 19 1 9 38 
1 2 3 2 6 15 27 
2 3 3 4 13 6 5 12 11 19 8 
3 3 13 4 9 11 14 18 8 12 
4 3 13 5 8 18 9 14 39 32 
5 2 8 7 6 
6 2 38 32 35 
7 2 9 14 38 33 35 
8 2 13 9 18 
9 3 27 26 34 
10 1 12 11 26 
11 2 12 17 14 30 
12 2 13 33 
13 2 14 18 
14 2 18 32 
15 1 34 16 
16 2 18 35 32 24 
17 1 19 39 
18 2 25 19 
19 2 39 34 40 
20 2 37 34 21 24 36 77 69 75 73 
21 2 39 32 26 40 34 37 29 78 24 28 75 23 
22 2 27 30 40 37 36 23 24 77 75 
23 2 32 24 76 81 66 
24 3 26 34 39 32 29 72 78 28 70 
25 1 27 33 26 
26 2 33 39 36 29 
27 1 40 29 
28 2 40 29 72 36 70 
29 3 35 37 77 81 
30 1 38 34 39 31 
31 2 34 69 65 
32 2 33 39 35 40 34 78 
33 2 39 34 40 37 
34 3 35 39 36 37 77 
35 2 37 39 40 36 
36 2 37 40 
37 4 38 39 40 81 63 
38 1 40 
39 2 40 
40 3 
41 1 42 58 54 
42 2 71 62 45 50 46 59 
43 1 45 
44 2 47 45 55 49 51 46 59 
45 3 81 64 70 71 53 49 61 46 52 55 51 57 
46 2 62 47 79 53 51 60 
47 3 62 64 50 56 48 
48 1 55 49 60 
49 2 79 65 50 58 57 
50 2 74 80 66 71 
51 2 53 58 52 55 60 54 
52 2 55 60 
53 2 56 55 59 54 
54 2 55 57 
55 3 79 68 61 59 
56 1 80 71 57 
57 2 58 60 59 
58 2 60 59 
59 3 67 60 
60 3 
61 1 81 62 68 
62 2 75 69 63 65 64 67 71 
63 2 76 65 68 66 80 64 
64 3 66 65 80 71 
65 3 69 81 75 74 73 68 79 
66 2 75 70 67 
67 2 70 
68 2 75 70 74 79 
69 2 77 70 81 74 
70 2 75 81 80 
71 2 74 72 80 79 
72 2 74 80 73 81 75 
73 1 75 81 
74 2 77 75 81 
75 3 78 81 80 
76 1 77 
77 2 78 81 
78 3 81 80 
79 2 80 81 
80 2 81 
81 4 
