name weight children
0 34 2 3 17 1 8 5 24 25 29 
1 40 6 4 2 13 5 8 
2 36 3 23 6 19 
3 40 14 9 7 5 30 
4 35 9 17 5 6 10 
5 54 6 9 7 63 54 20 10 19 59 31 
6 47 12 9 7 8 16 14 21 
7 43 
8 43 12 9 23 10 11 61 
9 38 14 13 19 
10 55 63 11 27 43 
11 37 59 21 
12 16 16 14 13 
13 40 23 19 
14 48 15 16 
15 49 
16 35 17 19 21 54 25 
17 44 19 62 
18 49 19 21 
19 39 23 22 
20 45 23 21 22 61 25 60 
21 56 63 27 54 45 
22 49 28 59 54 
23 45 54 24 
24 20 58 25 31 26 54 
25 45 28 55 27 57 
26 33 27 61 
27 47 30 31 29 44 
28 27 29 
29 33 30 59 31 39 52 
30 32 31 
31 49 54 55 
32 38 57 44 39 33 70 91 
33 53 54 60 53 48 45 47 74 70 39 69 34 
34 49 51 
35 27 39 126 
36 29 48 39 38 40 37 90 82 91 
37 40 38 39 88 
38 34 54 43 44 39 45 
39 58 50 56 61 48 73 82 51 76 
40 61 43 57 53 52 41 45 73 47 75 
41 32 43 74 
42 25 56 43 61 44 
43 40 47 77 
44 38 61 49 60 45 47 74 
45 43 56 51 47 73 71 91 
46 43 54 47 
47 41 57 48 69 80 82 81 
48 29 55 50 49 56 51 
49 44 58 53 
50 47 56 54 51 
51 35 56 52 90 69 82 
52 40 55 54 56 53 72 
53 35 55 
54 55 59 55 61 57 56 
55 41 59 57 
56 54 59 58 61 57 74 
57 32 
58 37 63 59 61 
59 33 63 
60 39 61 
61 45 63 62 
62 32 
63 49 
64 47 69 89 103 76 67 65 105 
65 39 72 66 67 85 94 122 
66 43 69 70 73 89 88 67 93 87 119 
67 47 91 68 86 119 105 
68 46 70 73 75 126 88 
69 38 70 73 81 84 
70 58 77 82 76 91 86 
71 12 73 
72 70 75 73 81 96 
73 41 74 78 103 76 86 
74 39 77 79 
75 42 79 76 
76 34 78 88 103 
77 40 78 82 
78 48 90 
79 27 80 82 89 125 83 92 
80 38 81 86 
81 66 82 91 123 119 85 
82 22 86 
83 45 86 84 94 119 105 95 
84 36 123 
85 38 86 125 105 95 
86 43 89 96 126 
87 42 88 104 
88 46 91 89 94 119 105 
89 28 90 126 
90 44 91 
91 58 92 125 
92 43 94 122 
93 22 96 94 
94 56 104 122 107 97 
95 39 96 104 123 114 106 97 
96 32 123 119 98 109 106 97 
97 46 98 100 101 99 116 109 
98 36 113 99 101 
99 27 108 107 109 100 101 102 
100 59 120 101 114 106 
101 47 123 119 102 
102 43 114 106 117 
103 42 126 104 107 
104 42 105 118 106 
105 47 123 109 106 
106 27 108 118 122 113 
107 46 108 114 110 
108 28 126 109 123 
109 41 110 116 114 117 
110 46 122 
111 26 114 117 112 
112 45 121 
113 38 118 114 
114 37 123 118 117 116 
115 33 118 116 
116 47 118 
117 44 118 121 
118 49 126 119 
119 61 126 123 120 122 
120 35 123 
121 32 123 122 
122 32 
123 48 125 126 124 
124 33 
125 22 126 
126 66 
