name weight children
0 1 7 8 16 1 17 
1 2 7 8 3 16 17 14 
2 1 8 3 16 
3 2 7 4 8 16 17 
4 1 5 8 7 
5 2 7 8 16 17 
6 1 8 7 16 17 14 
7 6 8 16 17 13 
8 17 16 17 13 
9 1 10 17 35 
10 2 17 16 12 34 30 
11 1 16 29 17 12 
12 3 17 32 35 28 
13 1 16 14 
14 3 16 29 17 30 27 
15 1 17 34 
16 7 17 29 
17 16 29 32 35 30 27 31 
18 1 27 34 19 25 26 
19 2 35 25 34 21 
20 3 34 22 21 26 35 25 23 
21 3 23 26 25 
22 2 35 34 23 26 25 
23 2 35 25 26 
24 1 25 
25 17 34 35 26 
26 18 33 35 
27 2 29 31 34 28 32 35 
28 3 29 30 35 34 
29 3 30 35 34 
30 3 35 32 
31 2 32 34 
32 3 34 35 
33 1 34 35 
34 10 35 
35 26 
