name weight children
0 1 1 30 27 25 9 12 17 3 7 2 
1 1 8 15 
2 1 27 31 15 6 7 46 52 
3 1 4 34 
4 1 20 21 7 5 56 
5 1 22 51 47 
6 1 15 32 14 7 
7 2 18 32 23 49 36 43 
8 1 18 9 
9 1 16 11 46 13 10 
10 1 11 16 19 52 45 
11 2 31 15 20 24 22 12 51 41 36 
12 1 26 15 24 14 13 40 49 
13 1 20 23 
14 1 23 17 15 
15 2 31 23 21 28 34 
16 1 24 17 52 55 38 
17 1 30 18 20 32 
18 1 23 29 26 27 21 32 22 19 
19 1 55 39 
20 1 23 27 21 32 33 
21 1 28 
22 1 27 23 37 
23 3 26 27 31 32 28 40 
24 1 29 27 25 32 
25 1 26 27 31 
26 1 31 27 
27 2 31 29 30 28 
28 1 31 29 30 32 
29 1 31 32 
30 1 31 32 
31 2 32 
32 2 35 
33 1 36 34 35 46 52 
34 1 44 39 36 45 
35 1 36 40 59 
36 2 44 38 59 37 56 42 58 64 
37 1 38 
38 2 40 46 41 48 61 68 
39 1 40 45 
40 1 46 56 
41 1 44 52 48 
42 1 44 48 
43 1 46 44 47 
44 2 51 61 56 
45 1 46 47 60 63 
46 2 57 47 
47 1 48 65 
48 2 51 56 63 58 75 88 77 
49 1 52 51 50 
50 1 56 66 53 63 
51 1 52 56 61 64 
52 1 56 
53 1 56 61 54 81 96 88 77 
54 1 58 65 86 
55 1 56 
56 3 62 65 
57 1 58 66 64 
58 2 59 72 69 80 
59 1 60 61 
60 1 74 62 65 
61 1 74 62 
62 2 66 64 81 67 63 89 
63 1 65 64 
64 1 65 81 80 75 
65 2 81 72 89 
66 1 68 87 67 
67 1 73 70 87 
68 1 69 81 
69 2 77 73 88 70 
70 1 87 73 79 71 122 
71 1 76 73 89 78 124 
72 1 80 87 73 
73 2 75 98 120 84 
74 1 80 75 
75 1 77 76 89 111 
76 1 77 126 
77 2 78 85 83 79 120 
78 1 81 80 79 98 82 97 124 
79 1 88 95 
80 1 81 89 85 
81 2 88 97 
82 1 86 85 83 104 126 123 
83 1 87 96 89 85 128 123 104 
84 1 85 97 128 
85 2 96 87 104 
86 1 87 95 
87 2 89 88 126 97 98 
88 1 89 97 
89 2 91 124 93 
90 1 92 91 
91 1 120 
92 1 96 98 95 93 
93 1 104 
94 1 95 98 131 108 
95 1 98 128 126 123 
96 1 97 
97 2 98 124 104 115 
98 2 118 130 
99 1 128 112 119 126 100 106 102 
100 1 118 123 103 107 131 
101 1 104 102 
102 1 103 131 110 
103 1 112 104 106 105 114 115 
104 1 126 125 131 106 
105 1 116 115 106 
106 2 118 113 110 
107 1 131 115 108 
108 1 123 115 113 125 110 
109 1 118 110 
110 2 115 
111 1 117 112 
112 1 130 125 115 113 
113 1 123 115 
114 1 123 115 131 
115 3 121 130 131 
116 1 124 117 119 118 123 
117 1 123 
118 1 120 122 124 130 131 
119 1 124 
120 1 121 128 
121 1 123 
122 1 123 
123 3 126 
124 1 128 130 125 
125 2 126 131 
126 2 128 
127 1 128 131 
128 2 130 131 129 
129 1 131 
130 1 131 
131 3 
