name weight children
0 31 29 35 31 1 12 6 10 3 
1 39 38 30 7 26 5 4 
2 48 3 10 
3 65 25 30 33 38 32 24 18 26 6 4 12 8 10 21 13 9 91 72 86 
4 64 8 10 92 73 84 
5 43 6 7 8 10 11 9 92 
6 57 32 7 23 12 22 17 21 8 
7 60 40 29 19 26 31 10 21 9 
8 41 26 29 30 10 22 92 9 91 
9 82 12 10 21 83 13 79 15 86 
10 89 31 30 23 18 26 92 14 13 21 
11 45 20 13 85 92 72 
12 57 30 18 17 14 13 
13 81 16 92 
14 48 26 22 
15 25 16 74 86 79 
16 44 92 
17 39 32 21 
18 45 44 19 21 
19 42 27 
20 48 21 22 
21 76 30 33 22 92 
22 60 31 23 89 73 
23 57 45 28 29 31 24 35 26 
24 41 25 29 31 
25 37 38 27 30 26 
26 61 32 27 44 30 33 
27 24 34 38 41 29 
28 30 40 42 37 31 29 30 
29 65 39 36 32 30 33 31 
30 75 45 42 31 32 35 
31 57 44 40 33 32 
32 45 39 42 33 
33 64 40 
34 49 45 38 36 39 35 
35 43 39 37 36 40 42 
36 29 
37 45 38 40 
38 46 45 39 44 
39 65 43 
40 61 44 41 42 45 
41 44 45 42 
42 71 45 43 
43 36 45 
44 69 45 
45 65 
46 40 49 56 
47 49 49 48 68 
48 45 81 74 53 61 56 49 63 50 
49 64 77 52 67 50 62 59 54 
50 64 56 67 53 51 62 
51 36 53 
52 66 80 82 71 79 64 60 56 53 65 
53 75 75 67 60 55 54 57 
54 46 56 68 63 
55 41 82 79 74 56 61 68 
56 55 86 71 81 69 60 
57 47 59 58 
58 43 60 59 62 
59 46 68 62 60 65 
60 63 74 82 61 68 65 
61 52 71 67 64 62 63 65 
62 72 64 68 
63 42 64 65 
64 46 80 87 65 
65 65 67 68 
66 47 67 
67 63 80 79 81 74 68 
68 85 
69 44 82 86 71 74 78 
70 36 74 71 82 
71 68 82 88 86 76 74 80 
72 41 76 90 74 
73 41 92 76 86 80 74 
74 69 86 80 87 
75 45 83 76 80 
76 44 92 82 80 79 77 
77 39 79 
78 32 80 79 
79 70 91 80 87 89 90 82 
80 80 91 84 92 86 82 83 81 
81 28 85 90 82 
82 56 89 83 92 85 87 
83 82 88 86 89 
84 49 90 86 
85 57 92 91 86 
86 63 89 91 92 90 
87 31 88 89 90 
88 48 92 89 91 90 
89 55 91 92 
90 46 91 92 
91 64 92 
92 106 
