name weight children
0 1 45 47 2 6 22 16 14 10 
1 1 2 31 6 11 4 15 18 
2 1 61 6 11 23 9 
3 1 44 6 4 27 17 
4 2 31 40 6 13 14 21 25 15 17 10 
5 1 6 11 25 
6 2 36 42 43 22 14 13 9 7 26 
7 1 60 31 8 27 65 
8 1 11 9 10 24 
9 1 39 44 35 13 10 25 
10 2 14 16 15 17 24 30 66 78 72 
11 1 36 51 32 12 14 
12 2 53 39 14 24 
13 1 32 14 
14 2 47 18 19 24 28 82 
15 1 22 16 17 18 29 
16 1 20 27 17 
17 1 18 20 
18 2 21 24 30 88 86 
19 1 22 20 21 30 78 
20 2 40 25 21 24 80 
21 2 89 25 26 62 
22 1 45 23 
23 1 58 35 25 24 
24 2 25 29 26 28 30 68 64 
25 1 30 26 90 28 
26 2 27 28 89 82 62 
27 1 40 28 29 
28 2 83 78 63 
29 1 30 90 
30 2 82 90 78 68 92 80 84 
31 1 34 32 47 
32 1 39 33 34 
33 1 49 
34 1 57 37 35 45 43 41 
35 2 57 53 37 54 36 48 40 
36 1 53 37 51 
37 2 56 57 51 39 45 48 
38 1 54 56 53 39 59 43 
39 2 57 54 41 
40 1 45 41 
41 1 
42 1 61 43 
43 1 56 53 44 
44 1 45 
45 2 53 51 
46 1 49 47 
47 1 48 51 
48 1 57 49 53 
49 2 53 52 57 54 
50 1 52 53 51 
51 2 52 57 61 
52 1 57 53 54 59 61 
53 3 56 57 
54 1 56 55 57 59 61 
55 1 
56 1 57 
57 2 61 
58 1 59 61 
59 1 61 
60 1 61 
61 2 
62 1 68 64 79 63 72 
63 1 64 71 88 68 74 
64 1 90 88 92 75 80 72 
65 1 66 68 
66 1 75 
67 1 76 88 68 117 
68 3 75 80 79 92 76 98 
69 1 79 76 72 70 94 108 
70 1 71 75 76 91 108 105 
71 1 83 72 76 80 73 
72 2 75 92 96 
73 1 75 76 92 98 74 
74 1 75 76 80 92 102 
75 1 92 76 
76 3 90 78 86 102 95 100 
77 1 78 80 81 98 96 
78 1 79 92 
79 1 89 80 84 
80 2 82 90 86 81 95 92 122 99 
81 1 89 90 82 
82 2 88 84 
83 1 84 
84 1 
85 1 92 88 99 103 
86 1 89 90 
87 1 88 
88 2 90 
89 1 92 90 
90 2 92 
91 1 92 108 96 
92 3 122 99 109 
93 1 94 100 103 119 
94 1 95 96 97 115 114 110 116 
95 1 96 100 
96 2 106 
97 1 98 101 100 108 111 106 
98 1 109 113 100 108 
99 1 100 107 
100 2 124 121 
101 1 102 117 
102 2 105 103 
103 1 122 105 106 104 
104 1 
105 1 113 107 108 111 120 106 
106 1 
107 1 108 124 118 
108 3 115 112 123 
109 1 110 
110 1 111 120 112 
111 1 113 112 116 119 
112 2 113 124 115 116 119 
113 1 122 114 116 
114 2 115 118 124 116 
115 1 116 
116 2 117 121 123 118 
117 1 118 120 
118 2 124 120 121 119 
119 1 120 
120 2 124 123 
121 1 122 123 
122 1 
123 1 124 
124 3 
