name weight children
0 1 1 21 4 26 99 108 109 100 106 110 
1 1 10 8 17 12 11 18 2 
2 2 36 107 3 22 108 102 
3 1 4 11 94 
4 1 8 5 35 97 15 
5 2 47 25 12 36 10 
6 1 43 52 38 8 12 10 11 
7 1 52 8 12 32 20 
8 2 29 33 10 13 24 
9 1 47 27 10 11 
10 2 40 35 25 16 11 32 20 24 15 17 26 
11 2 37 41 12 17 15 
12 2 33 36 39 19 
13 1 47 32 18 14 
14 1 16 17 22 92 15 
15 2 17 21 97 22 105 94 
16 1 23 17 18 21 
17 2 36 18 19 92 110 
18 1 24 19 22 92 
19 2 20 25 24 92 
20 1 32 21 
21 2 25 24 22 105 106 
22 2 23 35 98 94 105 26 99 110 83 87 96 
23 1 27 31 32 25 24 
24 2 29 25 
25 1 26 108 
26 3 98 105 
27 1 30 48 29 32 
28 1 44 40 29 
29 2 33 
30 1 45 46 49 33 31 36 
31 2 51 43 54 36 33 
32 2 40 47 33 
33 2 50 38 35 36 
34 1 35 
35 1 36 39 
36 2 48 54 40 38 
37 1 54 38 
38 2 42 49 45 40 47 39 
39 1 40 52 50 
40 2 52 49 
41 1 47 
42 2 50 46 43 47 48 52 
43 2 45 46 44 47 54 49 
44 1 52 45 46 47 
45 2 52 51 49 47 46 
46 1 47 
47 3 50 52 
48 1 50 52 
49 1 50 52 
50 2 52 54 
51 1 52 
52 2 54 53 
53 1 
54 2 
55 1 59 70 57 
56 1 83 96 86 59 68 57 66 
57 2 68 66 96 90 60 73 104 72 62 61 78 
58 1 60 59 74 70 
59 2 68 71 65 60 73 74 61 
60 1 63 70 61 
61 2 85 68 70 81 
62 1 68 63 74 64 
63 1 86 67 84 68 89 72 64 
64 2 78 
65 1 67 66 96 77 68 72 79 
66 2 88 70 
67 1 102 100 92 85 68 71 77 75 
68 3 93 101 70 79 72 80 
69 2 70 71 73 
70 2 89 75 71 77 80 73 82 78 
71 2 84 103 85 75 72 78 
72 1 75 73 81 74 
73 2 79 76 
74 1 77 75 
75 2 93 84 90 
76 1 78 
77 1 103 95 78 81 
78 2 80 
79 1 96 80 81 
80 2 89 85 81 
81 2 
82 1 
83 1 107 97 92 105 85 90 
84 2 99 92 85 88 106 
85 2 94 87 89 96 106 101 
86 1 87 110 93 
87 1 97 88 101 
88 1 89 
89 2 96 
90 1 92 110 95 
91 1 92 110 93 
92 2 108 94 99 110 
93 1 94 105 106 96 
94 2 99 96 110 
95 1 96 
96 3 99 108 100 103 106 
97 1 98 108 102 110 101 99 
98 1 107 99 105 
99 2 105 101 
100 1 101 103 
101 2 105 110 106 103 
102 1 103 
103 2 110 
104 2 
105 1 106 110 
106 2 108 110 
107 1 108 
108 2 110 
109 1 110 
110 3 
