name weight children
0 30 1 16 3 5 41 42 
1 43 22 24 2 17 5 10 
2 59 24 10 17 16 4 
3 44 15 5 17 4 8 
4 103 5 10 6 48 41 
5 247 21 24 16 17 10 9 11 45 42 6 38 48 39 49 
6 84 17 10 16 41 7 40 46 39 
7 82 17 10 8 42 38 
8 82 11 38 45 
9 85 23 11 
10 97 22 24 21 17 16 11 48 40 
11 71 42 39 
12 21 21 14 22 17 
13 51 24 14 19 23 17 
14 64 24 23 21 22 16 15 
15 26 21 24 17 
16 177 23 21 24 17 42 
17 217 23 24 21 
18 48 24 20 23 19 
19 19 20 24 
20 48 23 22 24 21 
21 67 24 22 23 
22 76 24 
23 151 24 
24 239 
25 33 27 30 
26 42 49 27 
27 119 47 49 35 29 30 33 
28 40 49 47 35 29 
29 147 48 47 49 35 30 36 33 
30 185 47 33 32 36 
31 40 47 33 
32 93 49 47 33 36 
33 116 49 36 35 
34 25 36 
35 135 47 36 
36 268 49 
37 40 39 49 
38 50 45 42 48 39 49 
39 83 42 49 46 44 47 
40 20 42 49 46 
41 43 45 46 49 42 
42 118 45 49 48 
43 38 45 48 49 
44 49 45 46 49 
45 95 48 46 
46 94 48 49 47 
47 246 48 49 
48 204 49 
49 600 
