name weight children
0 49 25 1 5 
1 40 25 
2 24 24 3 26 9 12 
3 44 25 5 
4 68 5 17 26 23 11 24 9 10 12 47 46 
5 134 23 26 14 9 22 18 24 7 12 10 11 50 
6 41 19 8 10 
7 36 8 11 10 
8 44 24 16 26 23 9 12 11 47 
9 154 25 18 13 26 12 15 19 10 11 
10 128 19 12 49 48 11 47 50 43 46 54 
11 130 12 50 52 47 45 
12 277 49 50 52 43 54 46 
13 28 14 23 15 
14 51 25 26 22 24 15 19 
15 30 26 17 
16 58 25 20 26 17 23 18 24 
17 44 19 
18 65 25 23 26 24 19 
19 61 24 26 
20 78 21 26 23 
21 46 26 25 22 
22 74 25 26 
23 123 25 26 24 
24 109 26 25 
25 303 26 
26 292 
27 32 39 53 40 36 28 
28 31 31 29 
29 31 31 
30 84 52 54 53 39 40 31 33 37 36 
31 93 52 36 32 33 
32 55 38 33 40 35 
33 53 
34 68 46 54 53 38 40 35 39 
35 114 36 
36 82 39 40 37 
37 41 39 38 40 
38 126 52 42 51 46 54 39 40 
39 227 54 52 40 
40 230 51 53 54 
41 40 47 50 51 42 
42 42 50 46 53 
43 12 47 44 52 53 46 
44 47 52 53 
45 45 50 46 49 
46 116 49 48 51 54 52 53 
47 73 49 48 50 52 
48 45 51 54 
49 97 50 52 54 
50 156 52 54 53 
51 88 52 54 53 
52 251 54 53 
53 152 54 
54 211 
