name weight children
0 1 14 2 32 
1 2 8 7 5 16 21 17 2 14 10 
2 3 8 5 9 3 17 18 21 
3 1 6 14 
4 1 6 5 8 
5 4 8 9 6 14 21 18 
6 8 8 9 17 14 21 10 12 
7 1 8 
8 10 9 16 
9 8 21 12 
10 1 12 21 11 
11 1 14 21 12 
12 2 17 18 14 16 21 
13 2 21 14 18 20 19 30 
14 4 17 18 21 15 20 
15 2 21 18 20 22 32 
16 1 17 21 18 
17 2 21 18 
18 5 21 20 33 
19 1 21 27 
20 8 21 32 26 31 23 27 22 30 33 
21 15 27 22 32 26 30 
22 1 27 24 33 32 
23 1 27 33 24 32 
24 2 26 33 
25 2 27 32 33 41 
26 2 30 27 33 
27 3 31 32 33 
28 1 29 33 45 
29 3 30 33 32 45 
30 4 32 33 45 44 39 
31 1 33 
32 8 33 45 39 
33 15 45 41 44 39 38 35 
34 1 45 35 
35 4 45 36 44 41 37 
36 4 39 42 44 38 
37 1 38 
38 4 39 42 45 41 44 
39 2 44 
40 2 44 41 
41 3 45 42 44 
42 4 45 44 
43 1 44 
44 6 45 
45 12 
