name weight children
0 46 6 8 1 38 4 
1 54 32 33 30 39 4 8 16 19 18 
2 52 24 28 33 34 6 4 9 3 
3 75 33 4 36 8 
4 84 20 39 22 32 33 15 6 19 18 
5 73 37 9 6 8 7 11 12 
6 65 31 34 39 37 9 36 8 38 19 
7 46 8 12 
8 79 33 9 30 16 
9 83 33 22 17 39 35 
10 44 38 13 11 
11 66 19 18 12 
12 82 18 13 
13 40 14 
14 39 16 
15 72 37 31 33 16 18 19 
16 42 37 18 
17 49 19 
18 118 19 
19 104 
20 43 25 24 21 34 37 38 36 
21 44 79 23 30 34 
22 38 24 32 34 38 
23 80 78 27 73 24 28 29 34 31 
24 91 47 80 78 27 79 73 72 29 34 28 33 35 
25 22 73 26 
26 61 27 71 79 29 28 34 
27 41 68 77 28 29 
28 88 78 76 73 29 34 
29 89 74 80 71 32 34 39 33 35 
30 62 33 31 34 32 35 39 
31 62 34 33 38 
32 53 79 33 35 34 
33 105 71 34 37 39 36 38 
34 147 77 78 39 37 
35 59 36 37 38 
36 37 38 
37 79 39 38 
38 87 39 
39 96 
40 51 41 55 42 44 45 
41 55 55 59 57 44 43 63 48 
42 40 43 53 61 45 44 63 
43 89 59 58 57 44 51 49 68 45 
44 98 54 64 46 49 69 77 
45 61 51 64 46 63 68 49 65 60 78 80 
46 37 54 59 68 
47 41 48 
48 55 49 70 78 75 
49 75 57 51 50 63 61 
50 77 51 58 53 63 64 
51 80 59 58 54 63 
52 32 58 56 54 
53 76 59 56 54 57 
54 83 58 55 56 59 63 
55 72 58 59 57 56 
56 77 58 59 57 
57 48 59 58 
58 106 59 
59 115 63 68 61 
60 46 63 61 64 76 77 
61 82 63 68 76 74 
62 39 63 76 77 
63 90 64 65 68 69 67 78 77 
64 87 66 69 70 77 74 
65 49 66 76 
66 33 68 77 
67 77 68 69 78 76 77 
68 94 69 80 72 79 76 
69 60 76 80 78 
70 47 77 79 
71 67 72 77 73 
72 57 77 73 74 79 78 
73 69 74 77 79 
74 60 77 76 78 80 
75 38 77 76 78 
76 91 77 80 79 
77 92 80 78 79 
78 77 80 79 
79 74 80 
80 85 
