name weight children
0 1 76 11 1 3 18 
1 1 97 74 19 3 10 
2 1 29 78 13 16 19 3 
3 1 87 7 47 5 
4 1 21 7 27 5 15 58 43 
5 1 15 32 6 57 
6 1 19 23 7 57 
7 3 19 9 15 10 17 57 45 20 59 52 
8 1 71 78 11 12 14 9 
9 1 68 76 11 15 10 21 
10 1 11 15 25 27 
11 2 100 19 
12 1 28 68 13 32 
13 1 74 14 64 15 
14 1 28 68 76 15 
15 3 73 32 16 51 27 47 53 44 23 59 
16 1 17 21 27 18 51 22 
17 1 30 19 27 18 22 20 
18 1 19 47 
19 2 76 87 29 32 24 26 23 51 22 
20 1 21 26 46 
21 1 44 23 
22 1 32 23 49 57 
23 2 24 51 27 38 57 
24 1 74 29 25 
25 1 64 26 27 58 
26 1 30 29 47 27 57 
27 2 32 53 58 66 
28 1 97 80 29 31 
29 2 85 70 78 32 
30 1 84 31 32 
31 1 32 
32 3 87 
33 1 59 35 57 43 34 37 40 
34 1 36 48 
35 1 47 38 57 66 36 
36 2 52 
37 1 38 65 
38 1 39 60 48 
39 1 54 49 60 40 
40 2 49 66 
41 1 42 45 
42 1 47 57 44 46 
43 1 44 49 
44 2 51 47 
45 1 47 46 66 
46 2 58 49 57 
47 1 64 57 49 
48 2 49 56 63 
49 2 54 
50 1 64 51 57 
51 1 53 52 
52 1 57 53 
53 2 54 66 55 
54 1 57 55 62 
55 1 57 56 63 
56 1 57 
57 3 66 58 60 65 
58 1 59 61 66 
59 1 
60 1 62 61 
61 1 
62 1 66 63 
63 1 66 
64 2 73 
65 1 66 
66 2 
67 1 91 70 75 68 73 
68 1 70 74 75 
69 1 95 94 122 108 83 72 77 70 78 
70 2 119 81 74 76 89 86 
71 1 72 84 74 
72 1 117 74 
73 1 74 
74 2 77 96 80 82 89 97 78 
75 1 90 77 85 78 76 86 
76 1 97 80 82 87 
77 1 122 95 83 91 78 
78 2 82 98 
79 1 107 126 109 118 80 130 83 88 82 81 
80 2 130 93 
81 1 83 97 
82 2 133 83 97 
83 2 109 117 93 119 
84 1 91 85 97 87 
85 1 96 
86 1 87 
87 2 
88 1 90 96 89 
89 1 99 
90 1 91 
91 2 95 120 97 
92 1 126 122 95 93 96 97 
93 2 94 122 95 125 130 97 98 
94 1 105 128 95 
95 2 123 129 126 133 122 125 119 
96 1 125 97 100 
97 2 108 99 
98 1 100 
99 1 100 
100 1 
101 1 112 103 102 116 107 
102 1 112 115 127 106 
103 1 116 113 104 
104 1 132 
105 1 106 114 129 108 
106 1 115 107 121 133 
107 1 108 117 
108 3 127 116 124 126 122 
109 1 110 130 
110 1 113 111 112 115 
111 1 116 124 112 132 121 
112 2 116 113 118 115 124 
113 2 116 124 127 114 121 115 
114 1 116 115 123 118 
115 1 116 121 
116 3 124 131 118 128 
117 1 118 124 128 119 
118 2 124 127 121 123 122 120 119 
119 2 125 
120 1 133 122 
121 1 133 122 
122 2 123 124 
123 1 124 
124 2 129 133 132 
125 1 126 128 
126 1 132 
127 1 133 128 
128 2 129 133 130 
129 1 132 130 
130 1 133 
131 1 132 133 
132 1 133 
133 3 
