name weight children
0 54 4 1 9 18 3 61 50 
1 48 13 59 
2 46 3 54 
3 77 4 8 10 15 
4 69 42 26 36 27 32 20 5 6 31 
5 81 26 36 37 28 24 13 17 9 
6 38 42 35 15 9 17 
7 49 9 20 49 53 10 
8 39 9 10 59 
9 64 18 21 15 10 53 57 
10 73 20 12 53 56 60 61 59 65 
11 48 15 13 12 
12 64 17 18 14 15 60 52 51 61 
13 35 15 
14 60 15 16 59 56 57 
15 101 19 16 32 20 55 17 59 58 
16 42 26 27 24 19 20 18 
17 61 28 24 32 29 18 
18 82 32 20 31 55 
19 63 24 29 32 21 
20 57 36 30 29 32 21 
21 49 29 
22 40 23 26 43 39 31 
23 42 40 43 42 26 25 27 24 30 
24 37 26 35 32 
25 69 40 43 26 27 28 31 
26 106 43 33 40 36 28 32 37 31 35 29 
27 43 37 36 31 28 
28 70 37 43 29 31 32 
29 71 37 32 31 
30 39 31 
31 88 37 39 32 
32 62 43 39 
33 40 34 42 37 39 
34 35 42 38 36 
35 35 37 36 
36 69 43 40 37 
37 82 43 40 41 42 38 
38 37 43 42 39 
39 42 40 
40 88 42 43 
41 41 42 43 
42 63 43 
43 84 
44 48 65 51 48 45 84 85 77 
45 41 63 54 47 82 79 
46 47 47 48 85 
47 60 51 48 64 67 87 78 
48 65 58 50 53 83 63 62 84 81 88 
49 43 50 58 54 
50 63 51 59 54 
51 81 53 65 59 52 85 54 82 69 
52 42 53 54 65 
53 70 55 54 57 59 81 
54 80 58 56 62 61 59 78 
55 45 59 56 
56 45 59 65 58 
57 49 59 58 
58 73 61 59 63 65 
59 96 61 60 65 64 62 69 
60 45 62 
61 56 62 63 65 
62 70 65 64 63 85 81 77 
63 57 65 80 78 64 
64 61 65 
65 70 80 85 69 81 84 67 
66 24 87 67 85 73 68 
67 75 85 69 87 72 73 75 88 
68 60 70 75 73 
69 44 70 79 85 
70 68 81 85 76 
71 45 79 73 72 75 76 
72 58 78 76 73 
73 41 85 84 76 75 
74 41 82 75 
75 82 88 84 76 87 
76 93 87 79 
77 65 80 78 79 85 
78 53 85 79 88 81 
79 57 84 82 88 
80 47 81 84 
81 62 82 85 87 
82 73 84 88 
83 47 85 
84 64 85 87 86 
85 71 88 87 
86 43 88 
87 59 88 
88 85 
