name weight children
0 1 4 1 51 49 
1 2 8 9 4 51 48 46 45 11 
2 1 3 51 4 
3 2 30 15 6 9 4 46 45 48 44 
4 3 17 6 20 45 52 56 
5 1 41 7 6 17 8 
6 2 19 20 18 17 13 9 8 
7 2 30 29 39 19 14 9 8 16 13 15 
8 2 14 13 17 9 43 
9 4 20 15 12 51 46 43 
10 1 16 17 13 51 11 44 
11 2 12 46 52 44 45 
12 2 19 15 17 14 13 20 42 46 
13 2 41 14 16 42 27 51 44 
14 3 29 40 41 19 15 48 
15 2 37 17 44 
16 2 25 18 19 17 
17 2 37 19 20 
18 2 33 20 29 19 
19 2 29 39 38 20 
20 4 35 25 29 30 39 41 38 48 47 
21 1 22 35 
22 2 32 34 36 25 33 23 31 
23 2 28 35 24 34 25 29 30 
24 2 32 25 29 38 34 
25 3 29 26 30 
26 1 32 38 27 
27 2 40 30 37 
28 2 35 29 30 39 
29 3 40 30 33 41 
30 3 36 41 
31 1 32 40 
32 2 35 34 38 39 40 
33 1 35 41 
34 2 36 35 39 40 38 
35 3 36 40 39 
36 2 38 40 37 
37 2 38 41 
38 3 41 39 40 
39 2 41 40 
40 3 41 
41 4 
42 1 43 51 59 
43 2 46 51 58 57 60 44 45 49 
44 2 48 46 52 51 45 59 69 
45 2 46 51 56 62 
46 3 48 59 51 61 60 
47 2 48 51 58 62 
48 3 51 61 
49 1 50 
50 2 51 54 60 67 73 
51 3 59 57 60 62 
52 2 57 60 54 53 69 55 
53 2 59 56 73 55 69 68 
54 2 57 60 66 56 67 55 80 
55 2 61 62 56 67 66 73 
56 3 66 59 58 68 72 65 
57 1 59 66 58 
58 2 59 61 66 62 60 
59 3 62 60 65 76 
60 2 61 62 69 66 71 
61 2 66 62 70 
62 4 66 69 65 79 73 67 63 
63 2 72 82 71 65 67 78 
64 1 76 67 
65 2 66 72 67 77 
66 2 67 73 79 80 
67 3 69 72 79 73 70 71 82 81 83 
68 1 69 71 
69 2 76 71 70 
70 2 72 79 81 71 
71 2 72 80 
72 3 74 82 
73 2 80 74 79 77 
74 2 79 76 
75 1 76 83 
76 2 78 77 
77 3 80 78 79 
78 2 80 81 82 79 
79 2 80 83 
80 4 82 83 
81 2 82 
82 2 83 
83 2 
