name weight children
0 27 86 91 17 2 5 20 
1 26 2 8 24 26 22 5 
2 62 92 103 5 7 15 11 
3 31 5 16 9 23 7 43 29 47 
4 44 5 26 10 29 47 48 
5 45 14 18 16 7 12 44 
6 25 8 10 46 
7 66 103 24 23 8 21 16 20 10 32 12 39 
8 60 18 20 9 11 12 
9 48 10 11 
10 81 26 11 22 25 12 48 27 36 52 43 30 
11 50 18 16 25 12 21 43 39 29 52 
12 71 24 33 44 52 
13 60 20 44 
14 37 89 19 23 24 15 
15 25 26 21 16 20 
16 32 18 17 26 32 
17 42 91 92 18 19 
18 63 93 106 87 100 20 19 21 
19 43 24 23 
20 47 102 84 87 99 24 21 26 23 25 
21 54 101 24 23 26 22 
22 28 23 33 
23 68 24 105 26 25 
24 50 106 92 101 84 87 26 
25 44 26 43 32 44 
26 79 88 33 
27 47 32 28 
28 44 29 30 33 50 
29 23 39 45 
30 54 33 35 53 40 31 
31 45 33 
32 52 33 44 52 45 
33 62 52 47 43 39 48 40 
34 49 36 45 35 
35 49 39 52 36 
36 48 53 46 37 40 
37 54 52 38 54 40 
38 47 39 52 40 
39 45 47 40 
40 59 43 
41 40 49 47 42 
42 38 43 
43 37 47 44 52 46 
44 67 47 53 48 45 
45 32 47 46 49 
46 70 47 
47 97 49 51 52 54 
48 26 50 
49 67 50 51 
50 35 53 52 
51 40 53 52 
52 46 53 54 
53 38 54 
54 49 
55 43 76 57 63 67 79 68 
56 38 57 59 60 70 93 108 105 
57 32 64 80 58 
58 57 76 59 60 80 68 
59 32 64 68 61 81 
60 45 68 61 67 74 
61 49 64 67 
62 48 64 66 68 65 80 77 
63 48 64 68 77 
64 24 68 67 66 82 80 
65 45 68 67 66 
66 83 68 80 77 70 71 67 
67 59 68 82 81 94 74 108 85 
68 78 80 77 82 81 78 
69 48 80 75 71 70 96 
70 39 81 71 72 109 97 83 
71 53 82 90 96 72 86 
72 36 82 75 94 74 73 93 
73 43 77 78 104 
74 53 75 82 110 96 95 
75 37 82 81 77 109 
76 48 80 78 81 
77 57 82 78 81 110 
78 15 82 110 108 
79 46 82 80 
80 75 82 81 
81 77 82 94 96 
82 61 93 105 
83 30 110 85 108 89 91 88 101 
84 51 85 104 95 91 86 89 102 88 103 
85 59 96 87 98 
86 62 89 95 87 88 101 98 
87 68 94 96 89 93 103 88 105 
88 53 89 94 100 103 
89 67 110 93 109 95 91 
90 35 91 
91 33 93 95 92 
92 43 97 95 93 
93 44 94 96 109 108 95 
94 47 95 106 
95 71 105 96 109 98 
96 45 97 100 
97 43 110 103 101 98 
98 48 106 99 
99 29 101 
100 44 108 101 103 105 
101 49 109 103 
102 35 103 
103 67 108 
104 34 108 
105 49 108 106 
106 58 108 
107 48 109 108 
108 42 110 109 
109 61 110 
110 42 
