name weight children
0 1 2 5 1 
1 1 3 11 2 
2 2 9 24 6 11 17 4 10 5 
3 1 21 12 5 8 13 
4 1 17 5 13 
5 2 48 16 
6 1 23 8 7 11 
7 1 18 8 13 
8 3 9 14 17 11 
9 2 30 19 10 
10 2 49 22 48 24 11 
11 3 15 17 
12 1 26 48 49 18 14 
13 2 19 24 14 17 
14 2 24 48 16 23 17 
15 1 20 17 
16 2 24 17 
17 2 22 
18 1 24 19 
19 2 34 27 30 20 21 22 49 24 
20 2 36 26 21 
21 2 34 39 40 30 22 24 46 49 23 
22 2 46 23 
23 2 26 24 
24 2 26 
25 1 76 71 34 27 
26 2 27 37 29 28 48 49 
27 3 59 53 74 34 29 45 36 30 35 42 41 43 40 
28 2 30 35 46 47 
29 2 36 30 37 
30 2 37 35 
31 1 33 
32 1 72 73 33 37 35 
33 2 76 73 36 35 
34 2 52 76 51 74 71 35 43 37 
35 2 41 43 37 36 40 
36 2 62 76 53 37 39 46 50 
37 2 53 38 40 49 50 
38 1 61 40 
39 2 57 40 48 
40 3 53 74 71 43 46 47 
41 1 53 43 
42 1 75 43 
43 2 44 46 
44 1 53 75 45 
45 1 46 
46 3 49 48 
47 1 48 
48 2 50 49 
49 2 
50 2 
51 1 62 53 
52 2 64 69 58 56 63 66 59 53 
53 2 56 55 72 63 73 
54 2 100 60 92 55 64 63 66 
55 2 88 87 66 65 56 63 62 58 
56 2 64 60 65 75 61 63 
57 1 62 63 66 59 
58 2 68 63 62 59 74 
59 2 66 61 60 78 69 74 
60 2 100 77 90 88 79 61 65 63 62 75 
61 2 100 78 79 66 63 62 69 72 76 
62 2 88 66 68 78 63 76 
63 3 87 70 
64 1 100 88 84 66 65 67 
65 2 79 66 68 92 69 75 78 70 
66 3 93 79 80 69 78 75 76 73 
67 1 68 69 
68 1 88 69 
69 2 92 72 70 
70 1 75 74 71 
71 1 72 76 73 
72 1 
73 1 75 74 
74 2 76 
75 2 76 
76 2 
77 1 85 79 
78 2 100 87 92 83 93 79 80 
79 3 102 95 81 84 100 88 
80 1 84 
81 1 82 101 84 
82 2 94 102 89 85 93 
83 1 99 84 95 85 88 
84 2 98 89 101 100 102 85 
85 2 100 89 87 88 
86 1 102 89 101 88 87 
87 2 88 
88 2 99 101 89 
89 2 98 96 94 102 95 
90 1 91 100 92 
91 1 95 102 92 93 
92 3 99 95 
93 1 98 101 94 95 
94 2 95 
95 3 98 101 97 99 102 
96 1 98 102 101 99 97 
97 1 98 
98 2 101 100 102 
99 2 102 100 
100 2 102 101 
101 2 102 
102 3 
