name weight children
0 25 11 5 9 3 26 2 
1 35 5 12 6 25 2 
2 60 6 10 4 22 17 34 
3 41 10 4 11 12 
4 50 11 5 9 12 20 19 15 21 26 22 18 17 7 
5 54 11 9 19 6 15 26 
6 57 12 10 22 11 19 7 
7 44 15 11 8 
8 22 9 34 18 32 
9 55 11 10 22 12 21 25 
10 55 11 12 21 22 18 
11 58 12 22 16 24 13 
12 52 19 22 14 16 
13 48 19 15 16 14 41 
14 64 25 19 21 33 37 
15 25 19 
16 41 22 25 24 17 32 48 52 
17 46 19 25 
18 42 19 22 47 29 
19 58 21 20 25 24 23 34 27 
20 44 22 24 
21 49 25 22 26 29 47 
22 57 24 34 28 23 
23 45 24 26 27 48 
24 41 25 26 34 30 
25 41 26 33 
26 49 34 
27 49 28 30 29 52 45 
28 52 34 29 32 30 36 
29 25 32 
30 69 31 33 38 40 45 35 
31 47 32 38 49 
32 37 34 48 33 
33 49 34 40 38 
34 68 41 37 48 36 
35 32 48 36 49 37 86 
36 39 48 40 41 
37 48 38 46 40 41 49 106 90 39 104 54 
38 57 46 43 49 106 39 
39 52 40 49 42 103 94 
40 31 107 
41 57 46 52 48 43 90 
42 37 43 110 
43 54 46 44 45 97 
44 49 46 45 53 106 
45 35 46 48 49 47 90 104 98 
46 45 48 47 106 51 52 107 
47 48 110 50 
48 60 53 49 52 106 
49 46 110 52 50 106 97 
50 34 86 105 
51 45 52 53 90 98 54 
52 64 101 103 
53 33 
54 46 92 55 
55 49 84 61 56 
56 67 103 91 60 83 59 96 65 57 
57 35 59 72 71 
58 31 92 59 99 67 81 
59 46 110 60 83 62 81 61 68 82 79 67 71 64 
60 47 96 61 67 82 66 
61 68 108 88 62 79 77 68 63 81 73 70 
62 45 87 92 63 
63 53 93 88 83 68 66 64 67 95 75 71 76 
64 44 82 95 67 
65 32 68 81 79 72 66 
66 42 85 67 
67 66 96 68 79 69 71 
68 30 96 
69 46 81 79 71 73 
70 39 79 71 
71 50 82 77 72 74 73 
72 51 82 79 73 74 
73 53 76 80 74 
74 33 75 
75 45 
76 48 78 
77 65 92 81 82 95 79 78 
78 29 81 95 
79 77 81 80 
80 43 
81 28 82 
82 47 84 92 85 
83 47 88 84 
84 41 98 100 91 85 
85 40 87 102 92 88 
86 33 104 103 87 
87 59 107 94 110 103 98 88 92 108 89 
88 53 103 110 100 89 92 95 
89 42 
90 41 110 92 108 100 
91 49 104 110 92 96 
92 46 98 99 108 93 
93 44 94 
94 39 96 
95 59 99 96 
96 62 103 98 
97 37 106 101 103 99 
98 52 106 107 103 99 
99 48 106 103 108 100 
100 53 101 103 
101 43 104 105 103 110 
102 12 103 
103 74 110 107 
104 44 106 105 110 
105 44 106 
106 71 110 107 
107 42 109 110 108 
108 49 110 
109 21 
110 64 
