name weight children
0 1 110 25 17 5 1 7 
1 1 35 16 7 4 2 
2 2 32 9 14 7 
3 1 7 4 
4 1 31 6 30 56 
5 1 35 32 6 15 
6 1 35 7 14 59 72 40 
7 2 32 11 13 35 55 61 73 
8 1 19 35 13 9 14 10 58 
9 1 11 30 57 59 50 
10 1 11 15 74 42 
11 1 35 12 31 28 
12 1 92 81 26 13 
13 2 81 100 34 57 20 14 63 
14 1 35 16 55 41 61 
15 1 31 16 64 58 65 40 
16 2 98 72 
17 1 94 18 26 
18 1 84 92 24 
19 1 21 25 
20 1 21 32 28 
21 1 93 77 100 89 101 26 35 
22 1 82 25 23 26 32 30 27 
23 1 101 26 93 31 28 
24 1 94 26 31 35 
25 1 92 100 26 35 
26 2 96 
27 1 35 30 
28 1 29 30 
29 1 35 30 63 40 
30 2 34 31 32 
31 1 82 35 98 32 
32 1 35 59 
33 1 35 
34 1 76 92 81 100 35 
35 3 83 112 91 64 56 
36 1 39 37 
37 1 44 49 
38 1 39 52 
39 1 74 55 72 65 42 47 
40 1 41 42 70 
41 1 56 60 50 51 43 
42 1 44 
43 1 67 44 
44 1 60 
45 1 50 74 48 67 49 47 46 52 
46 1 
47 1 65 49 51 
48 1 58 64 49 
49 2 51 66 54 
50 1 61 51 70 
51 2 64 62 67 52 
52 1 54 
53 1 69 54 
54 1 62 66 
55 1 64 56 
56 1 57 64 68 62 
57 1 58 
58 1 59 64 74 
59 2 64 72 
60 1 64 63 74 62 61 69 66 
61 1 64 
62 1 64 74 72 69 
63 1 64 65 
64 3 65 73 74 67 71 70 
65 1 67 71 73 66 
66 1 67 
67 1 68 69 
68 1 69 
69 1 74 
70 1 72 71 
71 1 74 
72 1 73 
73 1 74 
74 2 
75 1 133 107 83 76 
76 1 109 102 78 77 90 
77 1 149 80 92 110 82 
78 1 136 88 81 82 
79 1 80 81 89 
80 1 107 103 136 109 93 83 101 
81 1 83 82 
82 1 83 94 
83 1 102 84 93 89 
84 1 144 85 93 
85 1 86 
86 1 150 107 130 88 
87 1 147 106 88 
88 2 137 144 103 95 149 92 
89 1 93 90 92 
90 1 97 93 
91 1 93 98 
92 1 111 93 101 
93 2 97 96 
94 1 97 101 110 
95 1 150 97 104 111 96 
96 1 102 97 104 99 
97 2 103 111 100 101 
98 1 112 100 101 99 
99 1 
100 1 102 110 
101 1 102 
102 2 137 133 107 144 112 
103 1 107 105 136 106 104 
104 1 134 112 
105 1 150 137 107 109 
106 1 107 111 108 
107 2 115 141 150 127 123 112 
108 1 109 110 
109 1 112 
110 1 111 
111 1 112 
112 2 
113 1 114 115 126 145 122 120 131 128 
114 1 121 116 126 118 117 145 
115 1 121 131 116 117 140 
116 1 119 145 146 131 117 122 120 143 
117 1 126 124 122 147 130 
118 1 119 131 122 120 
119 1 121 131 141 125 
120 1 121 140 122 150 137 135 
121 1 145 129 131 122 
122 2 126 150 135 127 133 
123 1 131 150 125 
124 1 126 131 125 
125 1 126 131 138 
126 2 131 146 140 128 
127 1 131 128 132 
128 1 131 
129 1 131 141 
130 1 131 140 
131 3 145 140 132 150 147 138 
132 1 145 139 133 
133 1 140 136 
134 1 140 139 135 142 
135 1 136 
136 1 147 150 138 
137 2 140 139 138 
138 1 140 
139 1 143 148 140 149 
140 2 145 143 150 142 
141 1 145 150 142 144 
142 1 149 
143 1 145 150 
144 1 145 150 
145 2 148 
146 1 150 147 
147 1 148 150 149 
148 1 150 
149 1 150 
150 3 
