name weight children
0 41 1 104 
1 55 2 7 12 40 42 47 
2 48 23 20 4 38 12 29 35 
3 38 25 5 20 4 
4 46 5 14 38 36 
5 31 18 
6 40 8 12 14 28 35 9 38 
7 46 24 8 11 9 35 38 34 
8 33 18 
9 54 13 12 11 10 36 31 44 
10 37 19 37 26 31 
11 71 26 24 20 12 36 
12 72 21 23 26 22 31 35 
13 22 19 22 14 
14 41 15 23 19 
15 35 25 17 19 
16 37 18 24 25 17 
17 72 18 19 21 23 
18 53 19 21 25 22 24 26 
19 61 24 22 20 26 34 
20 42 22 26 25 37 38 
21 37 25 22 
22 48 24 25 26 23 
23 48 24 25 26 
24 67 26 25 
25 65 26 
26 67 39 31 29 
27 33 36 33 32 46 
28 36 29 34 32 
29 46 38 46 49 
30 45 31 32 
31 75 37 34 36 32 45 38 46 43 48 52 
32 74 43 53 99 44 
33 49 34 35 48 
34 60 39 38 35 36 45 44 
35 35 37 42 43 
36 64 37 38 40 46 49 
37 49 39 38 
38 56 39 45 42 46 
39 59 46 
40 47 46 41 
41 45 42 43 45 53 52 97 108 100 
42 45 45 46 52 49 43 
43 50 46 48 44 45 52 103 96 88 102 
44 56 46 47 45 50 97 
45 69 46 
46 76 48 47 53 51 99 95 50 108 
47 38 49 
48 49 49 52 103 
49 53 53 50 52 98 108 103 
50 23 53 51 104 92 108 97 98 
51 67 95 53 52 81 
52 53 53 100 103 
53 56 97 103 
54 66 58 55 74 63 59 
55 44 87 56 
56 40 62 58 
57 46 58 72 59 
58 66 86 77 70 59 
59 40 63 64 
60 72 79 90 93 78 61 63 66 
61 42 86 94 63 62 72 
62 39 
63 49 76 74 66 64 
64 37 66 
65 47 66 
66 47 71 75 74 
67 20 101 105 106 80 78 73 68 
68 29 93 78 83 72 69 
69 46 76 
70 49 73 80 77 72 
71 64 93 102 73 75 
72 56 73 
73 68 85 80 87 75 
74 42 77 75 76 
75 59 94 89 93 107 78 77 76 
76 85 80 78 94 87 
77 41 80 107 78 83 87 
78 45 81 80 102 91 93 
79 40 81 106 80 86 
80 58 108 100 90 106 93 84 107 
81 65 96 103 88 105 84 83 
82 30 103 100 102 89 83 87 
83 37 93 84 
84 48 90 102 85 87 
85 30 86 89 107 
86 39 93 106 87 
87 68 89 93 107 
88 44 98 89 107 
89 62 94 90 105 91 
90 62 108 105 106 93 
91 43 102 93 105 94 
92 46 95 93 
93 40 103 105 106 94 
94 58 100 105 
95 33 97 96 
96 49 99 97 105 
97 84 99 98 100 108 102 106 
98 63 99 104 108 103 100 
99 41 100 103 
100 74 104 103 108 101 107 
101 32 104 
102 48 103 105 107 
103 44 104 105 106 
104 47 108 105 
105 55 108 106 107 
106 58 108 107 
107 75 108 
108 52 
