name weight children
0 1 53 1 
1 1 31 5 2 6 
2 2 5 26 12 10 
3 1 68 4 
4 2 45 36 5 31 26 
5 2 43 31 35 29 26 10 16 8 19 9 15 
6 1 52 8 7 
7 2 54 16 12 19 10 8 15 17 
8 2 33 26 9 15 
9 1 10 12 
10 2 51 11 12 16 24 23 
11 1 32 36 52 54 12 18 
12 2 33 51 26 53 52 22 
13 1 15 
14 1 22 16 15 
15 2 19 22 23 
16 2 19 22 
17 1 19 20 
18 1 19 
19 3 50 26 24 22 
20 1 24 22 
21 1 32 25 22 
22 3 31 26 50 52 
23 1 26 24 
24 2 36 26 25 
25 1 31 26 
26 3 35 49 51 48 
27 1 40 73 45 30 29 43 
28 1 80 47 35 29 32 49 51 
29 2 43 78 39 42 34 30 35 50 31 33 32 
30 1 32 31 53 33 
31 2 38 45 41 32 50 
32 2 37 51 33 53 36 
33 2 39 38 48 50 
34 1 72 35 50 36 
35 2 40 37 38 36 53 
36 2 41 50 52 
37 1 76 38 
38 2 40 79 39 
39 1 40 
40 3 66 59 76 71 74 47 44 81 45 
41 1 47 43 51 
42 1 80 47 43 
43 2 66 72 79 51 48 
44 1 47 81 80 45 
45 2 72 68 47 51 48 50 
46 1 47 
47 3 69 67 74 73 81 80 53 51 
48 1 49 52 
49 1 50 51 52 
50 3 53 52 54 
51 2 52 53 
52 2 53 54 
53 2 
54 1 
55 1 57 66 70 73 80 
56 2 58 57 74 60 71 66 
57 2 97 106 60 62 73 74 
58 1 85 60 59 
59 2 101 91 100 106 60 63 70 80 
60 2 105 109 98 64 
61 1 63 67 73 
62 1 94 63 
63 2 109 102 107 67 66 
64 1 75 67 65 
65 2 66 71 72 67 
66 2 103 77 67 80 76 70 
67 2 109 76 70 
68 1 81 70 
69 1 70 76 72 
70 2 97 74 73 72 81 
71 1 97 74 72 81 79 
72 2 74 81 80 73 
73 2 107 102 74 77 80 
74 2 109 102 94 105 80 
75 1 77 80 
76 2 77 80 78 
77 2 102 107 81 
78 1 80 79 
79 2 80 
80 2 81 
81 2 
82 1 87 88 83 84 86 
83 2 85 86 88 84 95 99 90 
84 2 88 92 105 
85 1 88 93 86 
86 2 87 93 88 90 96 95 
87 1 88 95 96 
88 3 95 99 96 90 93 89 100 105 
89 1 93 91 
90 2 93 101 105 91 98 94 107 
91 2 95 93 99 100 106 
92 1 93 
93 2 95 101 109 
94 1 95 107 
95 3 98 101 99 97 104 
96 1 101 98 
97 2 105 100 98 102 109 108 
98 2 99 107 102 
99 1 104 100 
100 2 101 102 109 
101 2 102 105 
102 2 109 
103 1 105 107 
104 1 105 
105 2 109 107 
106 1 109 107 
107 2 109 
108 1 
109 3 
