name weight children
0 35 2 21 23 5 4 48 
1 30 8 29 13 22 2 23 5 
2 38 20 13 27 12 
3 45 14 7 13 9 21 49 4 56 
4 48 6 12 35 5 59 52 61 
5 33 10 9 11 54 50 6 49 
6 63 14 50 
7 35 8 20 15 16 18 13 10 19 9 14 12 
8 33 13 12 10 
9 48 16 10 26 21 35 11 
10 52 16 18 20 22 24 13 
11 49 14 13 12 50 21 52 
12 32 22 21 13 56 59 
13 48 18 14 54 
14 50 22 27 39 58 
15 47 18 17 16 29 22 21 
16 50 18 17 29 24 
17 30 20 18 19 24 26 
18 65 20 28 29 21 26 27 
19 37 20 
20 42 22 24 26 21 30 27 
21 41 22 46 
22 46 26 25 
23 38 29 24 26 
24 46 26 
25 34 26 50 48 
26 58 29 27 52 
27 43 29 
28 46 29 
29 14 30 
30 47 
31 39 53 34 33 
32 47 48 42 37 44 33 62 36 65 90 87 
33 55 51 48 40 37 69 70 73 71 65 
34 47 35 39 51 48 37 
35 49 48 
36 42 37 44 73 70 
37 50 58 52 47 63 42 64 43 66 
38 44 48 39 42 52 69 
39 12 40 
40 49 41 52 69 44 
41 27 49 63 42 
42 40 52 47 43 66 45 71 
43 46 48 51 44 61 
44 40 45 62 
45 49 69 70 
46 49 48 
47 45 50 56 48 52 
48 78 54 49 58 52 
49 48 50 52 
50 38 54 51 
51 25 58 52 55 
52 62 56 53 61 
53 47 54 58 
54 58 55 69 
55 35 58 
56 39 57 59 58 
57 43 
58 75 59 
59 48 
60 42 61 65 
61 43 62 72 90 
62 43 66 74 
63 24 64 72 
64 50 90 70 80 65 
65 46 66 73 77 
66 43 86 
67 32 70 81 
68 57 69 70 86 75 83 121 84 112 98 
69 47 90 70 71 
70 53 72 73 74 115 85 
71 32 72 82 
72 34 73 78 
73 58 90 74 77 83 111 78 
74 25 75 100 89 96 
75 37 77 100 76 78 96 118 121 
76 44 88 77 79 81 110 118 95 89 78 98 91 
77 36 80 82 78 115 
78 48 115 79 85 84 80 96 101 111 
79 45 90 80 82 100 81 88 110 121 102 
80 52 87 85 82 100 111 98 
81 30 85 111 
82 47 87 83 
83 49 86 84 98 118 
84 19 86 111 
85 47 86 90 88 100 101 
86 44 90 88 
87 49 88 90 
88 40 90 89 
89 47 90 112 98 121 
90 67 
91 42 96 101 121 116 108 105 93 113 92 119 94 
92 18 112 117 98 105 
93 49 96 111 103 97 94 
94 46 117 98 103 
95 35 98 110 96 105 
96 51 111 110 118 100 98 101 105 112 122 97 
97 34 105 117 98 113 110 119 
98 52 115 121 100 104 
99 25 100 113 105 104 
100 49 102 112 117 119 103 
101 47 102 
102 49 112 105 
103 51 105 119 104 
104 38 105 
105 52 111 106 
106 39 
107 25 108 112 117 114 
108 45 110 120 113 119 
109 38 110 
110 55 115 111 114 
111 46 112 121 118 113 
112 51 115 113 117 114 
113 36 114 122 
114 45 122 
115 41 118 116 
116 27 117 
117 33 118 
118 54 121 119 
119 60 120 
120 38 121 
121 41 122 
122 43 
