name weight children
0 1 27 18 1 3 
1 1 6 2 16 50 13 43 
2 2 7 26 14 19 16 5 6 4 8 43 13 42 
3 1 6 16 4 33 
4 1 6 5 13 37 
5 1 6 18 34 11 40 
6 3 7 27 14 9 15 28 10 39 
7 1 8 15 9 
8 2 18 9 43 
9 2 28 20 18 12 23 13 
10 1 38 11 13 
11 1 38 13 
12 1 18 23 13 31 
13 3 15 16 35 39 37 47 42 33 50 
14 1 21 25 17 15 
15 1 25 20 18 16 
16 2 17 26 22 24 18 35 
17 1 27 22 26 28 20 18 
18 2 21 26 20 24 37 31 
19 1 21 22 20 
20 2 28 
21 1 27 22 24 
22 2 26 25 24 23 
23 1 28 24 
24 2 27 28 37 33 
25 1 27 26 28 
26 2 27 28 
27 2 28 
28 2 
29 1 37 43 31 33 58 55 
30 1 39 31 64 
31 2 37 35 32 49 57 
32 1 34 58 33 64 
33 2 43 36 50 58 
34 1 35 44 
35 2 36 49 46 55 56 
36 1 37 40 39 46 58 
37 2 38 
38 1 39 50 
39 2 41 
40 1 41 
41 2 43 50 46 42 49 55 
42 1 43 
43 2 
44 1 48 50 63 53 45 
45 1 46 59 52 72 
46 2 49 56 52 65 71 
47 1 50 48 49 
48 1 61 58 
49 1 50 52 
50 3 55 75 54 61 
51 1 55 53 52 71 65 
52 2 58 56 53 54 72 79 81 78 
53 1 57 62 58 54 
54 2 58 70 
55 1 56 60 
56 2 61 58 
57 1 58 
58 3 62 59 75 76 72 
59 1 65 61 82 
60 1 61 77 76 65 84 72 
61 2 71 65 73 
62 1 63 65 
63 1 64 65 76 
64 1 65 
65 3 69 79 71 70 67 104 88 86 
66 1 76 67 69 114 73 
67 1 76 69 118 96 
68 1 69 70 73 86 88 95 90 114 
69 2 82 76 71 113 96 90 
70 1 71 86 78 94 
71 2 79 72 73 114 
72 1 74 73 
73 3 84 82 104 86 83 88 94 105 87 111 
74 1 75 
75 1 76 
76 2 79 85 78 80 86 
77 1 78 
78 2 79 81 80 118 96 87 114 
79 1 80 86 
80 2 81 84 86 88 82 118 
81 1 84 82 
82 2 84 85 86 114 96 
83 1 84 
84 2 86 85 87 108 114 
85 1 86 88 
86 2 105 88 99 118 117 
87 1 88 93 106 
88 3 108 89 97 111 
89 1 114 94 90 95 91 98 
90 1 104 91 
91 2 106 99 117 115 101 92 93 95 103 
92 1 102 95 93 116 
93 2 94 96 101 103 108 95 110 
94 1 108 95 99 106 
95 3 114 105 96 97 102 117 111 112 106 103 
96 1 104 113 99 97 
97 1 108 102 
98 1 99 110 103 
99 2 103 116 101 
100 1 101 
101 2 117 102 106 103 
102 1 118 111 103 
103 3 
104 1 118 108 106 
105 1 118 106 
106 2 114 109 112 110 
107 1 108 
108 2 114 109 111 116 
109 1 115 110 112 
110 2 114 
111 1 114 113 117 112 
112 2 114 116 
113 1 114 
114 2 118 117 
115 1 117 116 
116 2 118 117 
117 2 118 
118 2 
