name weight children
0 49 9 2 3 15 
1 46 28 46 2 23 3 
2 76 32 23 9 43 3 18 
3 59 37 6 5 11 47 4 17 
4 57 9 6 5 17 21 20 78 
5 58 43 9 20 73 
6 60 29 41 28 43 9 47 13 8 11 16 78 
7 59 8 9 16 83 74 
8 46 16 
9 64 29 44 43 46 11 13 10 23 36 18 12 
10 66 28 44 37 45 11 23 20 
11 52 47 43 23 22 
12 69 42 36 47 18 13 23 17 83 15 81 19 
13 33 44 23 18 14 17 
14 62 21 73 81 
15 66 20 16 17 21 73 85 91 74 
16 71 23 21 79 82 17 80 
17 40 18 20 79 81 
18 46 23 22 19 
19 49 20 22 21 82 91 
20 76 23 21 76 
21 60 42 43 23 22 72 81 91 
22 61 23 76 
23 62 27 44 37 45 83 
24 57 26 34 32 29 41 25 28 27 43 
25 52 26 35 34 32 29 43 46 
26 65 29 36 
27 28 31 38 47 
28 48 40 29 33 44 
29 97 32 41 35 45 36 
30 48 32 38 
31 49 32 35 41 34 33 
32 73 34 35 38 40 46 
33 27 35 41 42 
34 49 38 40 35 
35 108 39 
36 50 41 37 
37 49 38 39 41 45 43 47 
38 54 43 
39 42 40 41 
40 40 41 
41 116 46 43 45 
42 44 46 44 
43 67 47 46 44 
44 55 45 46 
45 36 46 47 
46 58 47 
47 79 
48 51 86 49 58 63 59 53 
49 76 86 80 95 58 70 50 57 52 56 53 54 
50 40 86 87 61 52 56 
51 83 57 63 53 58 52 68 
52 44 56 66 53 54 
53 69 59 67 69 
54 53 57 59 56 71 58 
55 56 59 58 70 56 66 68 
56 61 58 69 
57 60 58 59 67 
58 50 77 65 59 63 60 
59 68 64 84 60 66 
60 48 62 63 71 
61 43 86 75 90 62 63 65 
62 73 86 64 77 67 71 
63 53 64 86 84 95 65 88 67 70 
64 53 91 95 96 65 70 
65 67 92 89 69 
66 49 67 
67 72 71 68 
68 45 
69 66 71 
70 52 96 86 89 71 
71 67 
72 27 74 76 
73 58 83 74 80 96 
74 81 81 82 92 86 
75 14 86 77 
76 65 93 79 78 91 82 77 
77 76 81 85 94 92 
78 45 94 82 80 
79 49 83 80 
80 87 81 82 91 86 85 90 
81 68 83 82 
82 93 83 94 84 92 91 96 
83 46 91 
84 54 85 91 92 86 95 87 
85 46 92 91 94 86 88 
86 59 94 92 90 95 87 96 89 
87 47 88 
88 49 89 
89 89 
90 58 94 91 96 92 
91 75 94 92 95 
92 46 96 94 
93 40 94 95 
94 71 95 96 
95 62 96 
96 63 
