name weight children
0 43 4 1 11 41 45 39 
1 41 18 
2 36 86 3 65 
3 38 63 90 67 5 9 17 4 
4 36 76 5 15 11 29 
5 60 90 67 68 66 
6 27 7 11 16 38 33 28 
7 40 9 20 10 23 29 
8 19 76 9 23 29 
9 57 77 91 85 90 67 17 40 11 16 22 
10 49 87 23 11 
11 41 12 13 54 
12 18 90 
13 49 79 
14 39 15 18 16 22 43 60 36 
15 42 20 25 
16 36 17 21 26 
17 45 90 87 79 23 22 
18 46 19 21 
19 45 20 29 
20 35 79 82 21 
21 67 87 27 22 38 
22 36 23 24 45 32 39 25 
23 35 29 27 44 24 
24 47 25 30 54 
25 72 26 38 41 60 29 42 58 54 
26 56 27 29 28 31 32 
27 32 
28 48 41 29 46 60 
29 57 79 76 68 57 42 30 
30 37 45 31 36 46 
31 19 38 33 
32 50 38 45 46 57 33 36 34 48 
33 37 60 
34 45 36 54 
35 23 36 60 
36 43 37 54 
37 39 41 45 
38 21 40 44 39 
39 49 41 42 45 54 
40 30 41 
41 62 45 54 
42 41 43 44 60 48 
43 41 45 54 
44 47 45 53 
45 64 53 54 47 50 
46 60 53 54 47 48 56 49 
47 43 57 55 51 59 48 
48 73 60 51 50 56 49 
49 38 57 58 
50 26 54 51 60 52 
51 49 53 52 
52 28 54 
53 37 57 
54 53 60 57 55 56 
55 41 61 
56 53 57 58 60 
57 64 59 61 
58 32 59 
59 37 60 
60 53 61 
61 23 
62 46 78 89 63 67 
63 46 64 67 
64 39 122 88 
65 33 79 90 68 
66 40 91 85 90 67 
67 43 88 75 80 68 82 
68 45 81 
69 32 99 115 81 75 70 
70 41 122 71 80 89 82 
71 49 74 
72 56 115 117 73 74 75 83 
73 24 98 121 80 
74 53 106 110 121 111 120 78 75 82 80 88 83 86 76 
75 64 115 123 81 86 83 77 
76 29 78 81 83 90 89 77 84 79 82 
77 54 120 88 78 83 85 
78 62 79 88 82 85 90 87 
79 65 123 82 83 80 89 
80 43 121 123 81 88 83 85 89 82 
81 59 123 116 111 88 83 82 90 85 86 87 
82 65 120 83 89 90 
83 55 116 111 91 
84 36 85 
85 37 90 86 
86 48 89 87 
87 32 89 91 
88 64 91 89 90 
89 67 90 
90 53 111 91 
91 40 
92 48 103 93 94 121 95 99 117 122 
93 31 107 94 97 113 117 
94 61 107 103 106 98 95 121 115 
95 41 106 98 115 
96 49 102 107 97 
97 42 104 103 107 99 
98 37 102 99 
99 51 123 122 
100 47 107 104 103 101 121 117 
101 32 102 106 
102 33 104 103 106 107 
103 61 106 105 108 116 
104 60 106 107 105 112 
105 43 106 107 
106 83 107 110 114 118 123 119 111 
107 57 121 114 110 
108 37 110 109 116 121 111 
109 49 123 
110 49 114 121 123 111 
111 48 115 122 
112 23 113 121 
113 42 114 115 
114 35 121 
115 29 120 
116 51 121 117 119 120 
117 41 121 
118 46 121 
119 44 123 
120 38 123 121 
121 57 122 123 
122 42 123 
123 66 
