name weight children
0 69 14 16 3 5 8 86 1 78 80 6 79 70 74 
1 61 4 9 79 74 80 
2 49 39 21 27 13 15 28 16 19 3 4 5 
3 46 4 17 14 
4 70 24 14 17 8 16 5 86 20 79 
5 61 10 11 8 6 9 83 68 
6 64 67 9 86 
7 38 20 9 83 
8 70 37 14 18 17 76 79 80 9 
9 73 19 82 77 79 67 80 
10 70 31 42 11 13 37 30 26 14 17 
11 52 39 30 27 26 13 18 14 
12 33 35 13 
13 72 42 39 30 26 17 14 18 16 
14 97 40 25 17 19 18 16 
15 38 39 17 19 
16 77 27 17 19 86 18 25 
17 81 30 19 18 20 86 
18 57 19 20 
19 71 27 28 20 85 
20 72 79 85 78 
21 49 33 31 28 
22 76 36 26 30 31 37 24 
23 66 36 42 26 30 39 37 25 
24 32 25 26 28 
25 71 
26 90 34 42 29 27 30 31 28 
27 70 29 30 35 39 37 28 42 31 
28 35 30 
29 66 35 42 36 30 31 
30 86 36 31 38 41 
31 70 36 35 
32 70 41 33 35 
33 56 36 
34 44 36 35 
35 46 36 41 42 
36 76 42 41 
37 60 38 41 40 39 
38 49 42 41 39 
39 65 41 42 
40 39 42 
41 92 42 
42 98 
43 62 74 83 61 69 60 44 50 
44 65 64 51 58 53 47 
45 37 47 49 
46 45 72 73 47 53 
47 77 52 51 61 
48 44 51 49 
49 52 62 61 50 53 54 
50 77 53 61 51 52 58 62 
51 81 61 65 56 52 53 
52 67 61 60 53 
53 68 63 57 55 
54 45 61 55 
55 35 56 
56 70 68 73 58 61 57 
57 79 73 58 60 62 75 
58 86 71 61 59 62 
59 37 72 61 65 60 
60 74 61 66 64 71 62 
61 106 69 85 84 83 68 71 74 64 73 62 
62 56 64 
63 43 84 64 
64 70 80 84 65 69 66 75 
65 44 82 68 66 73 
66 66 83 74 68 69 71 
67 47 83 69 85 84 72 75 
68 58 80 69 84 73 
69 83 85 86 72 
70 29 83 80 72 74 
71 77 76 80 84 75 72 
72 71 86 75 73 
73 80 84 74 75 
74 74 76 84 85 75 
75 74 85 
76 60 83 80 
77 28 78 83 
78 40 79 85 86 80 
79 92 86 80 85 83 84 
80 88 86 82 
81 47 82 84 83 
82 46 86 83 
83 78 85 86 84 
84 63 85 
85 72 86 
86 91 
