name weight children
0 82 3 4 18 9 5 1 
1 100 4 17 3 9 8 34 6 31 
2 82 15 14 18 3 4 5 9 8 
3 152 15 11 16 18 14 17 4 5 9 8 7 
4 110 16 18 19 5 8 9 
5 194 18 19 14 7 9 6 34 
6 135 7 8 30 9 34 33 
7 82 17 18 9 8 
8 183 17 9 32 31 37 34 33 
9 227 18 19 33 32 34 31 30 35 
10 107 13 14 11 12 
11 124 13 12 15 14 18 19 16 
12 77 13 14 
13 138 14 16 15 19 18 
14 207 16 15 19 18 17 
15 90 16 19 18 17 
16 115 
17 83 19 18 33 
18 189 19 
19 197 
20 82 27 21 24 
21 83 40 22 24 
22 90 39 40 37 26 36 24 23 29 
23 180 28 24 
24 197 28 27 25 
25 114 26 39 38 29 28 
26 121 33 34 30 37 39 35 36 29 28 
27 70 40 28 29 
28 149 36 39 35 29 40 
29 173 40 39 38 
30 109 34 31 33 36 35 37 39 40 38 
31 128 34 32 36 37 
32 84 34 35 37 
33 170 34 37 36 35 38 
34 176 35 37 39 36 38 
35 75 37 36 38 40 
36 178 37 40 39 38 
37 179 39 40 
38 96 40 39 
39 163 40 
40 188 
