name weight children
0 38 46 2 18 15 4 1 54 58 62 
1 39 9 6 52 
2 46 16 33 3 22 10 7 4 
3 47 22 16 20 13 18 55 8 4 49 60 54 51 
4 61 13 11 10 56 69 
5 34 29 21 7 52 
6 47 22 21 10 16 7 8 
7 48 9 13 54 51 57 56 59 64 
8 40 9 10 18 69 
9 85 40 10 13 52 
10 88 33 46 12 22 60 
11 36 12 13 
12 82 36 24 40 13 17 18 15 53 50 
13 80 41 42 22 14 20 15 16 59 
14 40 36 33 35 22 16 
15 73 40 16 18 22 
16 92 24 40 42 57 69 
17 47 30 33 40 22 18 
18 28 41 46 22 19 57 54 
19 49 22 60 
20 41 21 41 40 22 
21 65 34 31 27 22 44 
22 96 28 33 40 
23 37 25 
24 69 25 34 26 28 27 33 41 40 
25 78 31 27 28 34 26 45 43 32 30 40 42 
26 68 37 32 28 27 30 39 33 
27 66 31 28 46 30 
28 77 32 31 34 45 30 36 43 38 41 29 
29 44 30 31 
30 60 31 32 34 45 46 42 33 
31 73 34 36 45 33 44 40 
32 42 39 34 
33 58 34 39 38 45 
34 61 45 39 36 
35 40 36 39 
36 73 37 40 
37 48 39 45 
38 27 39 
39 62 40 46 
40 75 42 44 
41 47 43 44 
42 42 43 
43 46 46 
44 41 46 
45 66 46 
46 60 
47 56 52 49 57 50 58 68 48 93 
48 46 53 93 73 
49 49 51 
50 56 57 51 62 68 59 81 60 79 
51 32 54 59 
52 25 57 67 54 59 
53 46 57 54 59 58 64 68 74 92 93 81 91 
54 63 57 75 
55 48 56 
56 64 57 61 63 59 58 60 74 
57 99 60 
58 67 67 59 60 62 68 66 63 91 
59 66 60 65 61 64 62 69 
60 50 67 69 93 91 63 66 
61 30 62 68 81 92 
62 70 63 
63 73 69 72 75 92 93 79 
64 36 67 69 65 68 
65 45 74 66 93 80 75 
66 58 69 68 74 87 
67 45 69 68 
68 61 69 72 81 
69 84 81 
70 31 79 75 72 
71 66 93 91 74 72 92 75 79 88 76 83 77 78 
72 79 74 81 89 85 75 93 78 90 
73 36 74 75 84 77 
74 70 75 81 89 
75 60 92 76 78 
76 33 81 78 82 
77 45 78 93 83 86 
78 73 81 80 79 90 82 
79 63 81 91 88 92 
80 66 93 91 81 83 82 
81 76 91 90 93 
82 56 92 91 87 84 83 86 
83 51 89 90 84 86 
84 59 91 87 
85 38 87 
86 68 91 87 
87 84 93 92 89 90 
88 44 93 90 
89 48 90 
90 75 93 92 91 
91 58 93 92 
92 55 93 
93 69 
