name weight children
0 48 40 8 1 35 19 15 5 
1 38 29 22 38 8 4 9 14 13 
2 35 4 64 
3 71 8 20 4 64 54 
4 92 25 29 19 6 20 7 
5 43 6 9 16 14 43 64 19 
6 63 22 10 8 13 7 
7 75 12 9 20 60 64 17 46 47 
8 84 33 22 39 23 38 40 9 20 
9 88 36 11 35 13 14 20 
10 37 22 32 24 36 11 14 
11 48 35 14 13 18 20 
12 45 42 15 14 13 
13 100 24 15 14 20 19 64 54 
14 102 24 35 15 16 54 64 60 18 43 20 47 50 61 
15 59 36 19 20 17 
16 53 20 64 17 54 
17 53 20 61 55 
18 42 20 19 
19 69 20 48 46 49 44 52 
20 84 42 60 44 62 50 63 47 59 
21 30 31 22 25 39 23 
22 61 27 31 25 38 24 39 36 
23 66 25 33 31 32 24 38 
24 94 25 26 31 38 42 
25 107 27 31 30 38 42 36 
26 68 27 31 
27 49 28 31 36 
28 46 32 31 36 
29 36 30 31 40 
30 89 37 31 39 38 
31 95 33 36 37 38 32 35 
32 50 36 33 39 35 
33 46 37 42 
34 47 36 
35 72 36 38 42 
36 87 38 
37 38 39 38 
38 91 42 39 40 
39 92 42 
40 49 42 
41 46 42 
42 69 
43 58 44 52 61 47 60 
44 47 46 60 64 52 47 
45 74 52 47 60 58 53 63 80 71 
46 61 63 47 57 54 52 53 
47 89 61 60 63 58 49 57 53 50 51 76 69 86 
48 42 54 49 50 
49 65 52 50 53 51 
50 40 64 53 
51 74 52 59 57 60 53 56 68 77 84 66 63 69 
52 73 64 53 63 61 
53 84 62 63 55 64 59 58 65 84 74 
54 58 64 60 57 63 59 55 83 
55 49 56 86 
56 31 57 63 84 
57 64 62 58 76 
58 91 60 59 63 85 83 86 76 71 72 67 
59 62 60 64 63 68 
60 59 64 61 77 
61 61 64 78 
62 44 64 
63 90 64 65 69 
64 103 
65 64 66 72 69 
66 38 78 69 
67 38 69 
68 94 78 76 69 72 
69 97 75 72 79 74 
70 53 71 
71 63 78 83 72 75 
72 94 74 84 79 82 76 73 
73 31 
74 42 78 81 83 75 
75 89 83 
76 63 77 84 79 83 
77 59 78 
78 52 80 85 
79 50 80 83 86 81 
80 72 
81 48 82 84 
82 63 85 83 
83 80 86 
84 73 86 
85 52 86 
86 82 
