name weight children
0 1 1 20 17 
1 1 20 19 2 14 8 
2 1 4 
3 1 5 16 26 8 17 
4 1 5 6 88 20 17 
5 2 85 90 71 20 91 25 
6 1 87 8 
7 2 14 26 8 17 15 28 
8 2 26 30 31 
9 1 10 
10 1 20 11 14 
11 1 90 16 
12 1 91 13 
13 3 90 14 88 91 20 25 
14 3 91 18 20 15 
15 1 20 17 25 
16 3 20 17 21 29 26 22 32 23 
17 5 20 23 32 25 22 31 44 39 
18 1 19 88 90 20 87 
19 4 85 90 88 91 68 20 
20 11 85 90 68 91 87 26 29 25 22 40 32 28 44 
21 1 26 22 32 28 
22 1 25 32 31 24 23 
23 2 26 40 32 29 38 
24 1 26 25 44 
25 2 26 29 
26 2 30 
27 1 29 30 39 
28 2 29 32 
29 4 32 38 37 31 
30 1 32 31 
31 3 32 34 38 
32 5 40 41 38 35 44 
33 1 37 35 
34 1 38 35 
35 2 
36 1 38 
37 2 39 38 
38 4 39 42 41 43 
39 2 41 
40 2 41 
41 2 42 
42 1 43 
43 2 44 
44 2 
45 1 66 55 51 50 56 49 46 
46 1 56 47 90 
47 1 61 49 74 86 
48 1 55 62 56 51 49 70 
49 1 65 50 90 
50 2 55 52 56 69 85 91 
51 1 62 53 52 54 
52 2 64 53 55 61 69 91 
53 3 63 60 65 55 61 64 56 78 81 
54 2 66 78 56 84 85 
55 4 64 56 61 62 79 84 85 67 90 
56 6 63 59 79 67 83 77 72 85 91 
57 1 60 64 58 66 62 
58 1 66 61 64 67 79 
59 1 63 66 64 60 82 62 
60 1 61 79 
61 2 64 66 79 
62 2 64 66 83 77 
63 2 66 64 65 
64 5 66 67 
65 2 67 
66 4 67 
67 2 81 86 
68 1 69 84 73 85 91 88 
69 1 77 84 70 87 
70 1 75 85 90 
71 1 72 91 
72 1 79 73 
73 2 76 91 85 90 
74 1 79 80 78 84 75 
75 1 84 76 91 88 87 
76 1 79 
77 1 79 80 90 
78 1 79 86 85 84 
79 2 89 
80 1 82 81 84 
81 1 82 85 91 
82 1 
83 1 84 
84 3 85 91 90 88 
85 4 90 91 89 
86 2 88 89 90 87 91 
87 2 88 90 91 
88 3 91 90 
89 1 91 90 
90 6 91 
91 9 
