name weight children
0 1 43 24 15 11 2 4 18 
1 1 51 41 2 24 
2 2 39 29 6 13 16 36 
3 1 36 6 10 9 21 4 19 
4 1 10 61 62 
5 1 55 42 6 30 7 
6 3 54 41 43 42 26 12 8 
7 1 40 13 10 9 22 
8 2 11 13 9 20 27 65 73 
9 2 13 25 61 60 
10 1 13 11 26 
11 2 13 18 26 12 22 
12 1 13 33 36 17 
13 3 33 41 16 17 
14 1 16 64 73 19 
15 1 58 16 17 
16 2 42 37 43 26 25 20 65 68 
17 1 20 27 18 28 59 
18 2 72 69 20 66 67 19 
19 2 22 20 27 72 79 73 80 70 
20 2 62 59 73 22 68 109 
21 1 22 64 
22 2 23 24 26 25 73 69 
23 1 39 27 
24 2 41 46 30 65 28 
25 1 37 26 61 68 
26 2 43 28 27 68 
27 2 28 64 65 60 66 
28 2 69 67 78 
29 1 46 51 35 30 
30 1 33 40 42 43 31 
31 2 
32 1 48 41 33 
33 2 50 48 42 37 54 34 
34 1 45 51 35 
35 2 52 57 45 37 39 
36 1 38 40 58 41 37 
37 2 42 46 39 
38 1 50 47 39 
39 2 48 45 56 54 50 43 
40 1 50 58 52 54 42 41 43 
41 2 49 57 46 51 42 
42 2 44 54 58 43 
43 2 56 
44 1 47 46 
45 1 50 52 57 48 58 46 
46 2 47 57 50 55 
47 1 49 48 54 51 
48 2 50 56 53 52 57 
49 1 50 58 53 
50 3 57 54 
51 1 56 53 57 52 54 
52 2 58 53 55 54 
53 1 57 54 56 
54 2 58 57 
55 1 58 56 57 
56 2 58 57 
57 2 58 
58 3 
59 1 61 63 71 79 
60 1 65 61 79 73 
61 2 65 82 
62 1 65 67 63 
63 2 65 64 68 66 101 109 
64 1 65 82 76 
65 3 68 69 73 66 82 85 
66 1 69 67 85 77 109 88 
67 2 68 69 73 78 88 81 70 
68 1 69 73 
69 2 108 75 73 71 78 77 
70 1 71 86 73 103 98 84 107 
71 2 86 
72 1 73 85 
73 3 86 101 98 88 80 
74 1 75 76 
75 2 77 81 86 76 80 109 108 
76 2 81 85 87 97 116 
77 1 82 78 97 80 
78 2 79 81 110 80 
79 1 82 80 
80 2 85 86 108 110 83 104 88 97 106 92 
81 1 82 88 83 84 
82 2 85 86 
83 2 101 86 87 93 
84 1 101 
85 1 86 88 
86 2 88 87 98 97 93 
87 1 88 
88 3 101 98 108 102 99 103 111 
89 1 97 
90 1 103 92 114 
91 2 97 92 95 
92 1 103 93 112 113 95 
93 2 101 96 100 95 
94 1 103 95 
95 3 102 110 112 114 
96 1 101 99 103 98 97 106 116 
97 2 101 100 98 106 
98 2 103 111 
99 1 117 
100 1 101 110 
101 2 108 109 102 103 
102 1 103 112 
103 3 118 105 115 116 
104 1 106 
105 1 110 107 106 
106 2 110 115 117 118 116 112 
107 1 108 
108 2 109 116 112 
109 2 110 
110 2 117 111 
111 1 112 114 118 
112 2 117 113 114 
113 1 116 114 
114 2 117 
115 1 116 118 
116 2 117 118 
117 2 118 
118 2 
