name weight children
0 1 43 1 4 
1 1 3 14 
2 1 9 3 21 
3 1 25 7 22 4 
4 1 10 12 13 22 74 19 80 
5 1 44 10 19 7 
6 1 7 80 
7 3 10 9 17 21 14 80 81 
8 1 32 9 22 14 
9 3 27 36 38 44 43 10 14 17 12 
10 4 28 40 43 20 12 13 22 24 19 
11 1 25 19 13 22 
12 2 24 43 14 13 21 22 77 
13 5 44 24 25 22 14 17 16 81 77 82 87 78 80 84 
14 3 43 22 21 77 80 16 87 
15 1 16 21 88 
16 2 22 21 81 77 83 
17 1 21 19 
18 1 22 21 19 
19 2 22 21 76 69 
20 1 26 44 24 22 21 
21 4 22 84 87 73 77 76 79 89 
22 6 44 24 25 74 
23 1 31 41 27 38 44 24 25 
24 1 41 30 43 25 
25 2 33 32 36 44 43 
26 1 44 27 34 
27 1 29 37 40 44 
28 1 40 29 37 
29 1 31 40 38 32 
30 1 32 43 
31 2 32 37 
32 3 40 41 44 36 
33 1 44 40 34 38 43 
34 1 38 35 
35 1 
36 1 38 43 42 
37 2 40 41 44 38 43 
38 4 44 40 43 
39 1 41 44 
40 3 41 44 43 
41 4 44 43 
42 1 44 
43 6 44 
44 8 
45 1 89 61 47 56 
46 1 47 53 
47 1 86 87 49 
48 1 50 
49 1 53 90 67 68 50 62 
50 1 65 59 68 
51 1 87 89 67 53 
52 1 53 90 
53 2 86 71 56 55 58 
54 1 89 61 55 
55 1 90 67 56 62 
56 2 68 58 62 
57 1 83 66 58 62 
58 3 59 61 62 
59 3 89 90 62 64 68 
60 1 62 
61 3 77 90 89 68 62 67 65 
62 7 90 86 67 68 
63 1 88 90 87 65 64 
64 1 65 67 68 
65 2 90 
66 1 68 
67 5 89 87 83 90 68 
68 5 86 
69 1 74 73 70 72 87 
70 1 87 90 86 
71 1 73 87 89 86 
72 1 76 73 87 77 83 
73 2 84 75 82 87 89 
74 1 75 76 
75 1 77 87 90 
76 1 87 77 78 85 
77 3 90 89 80 78 87 
78 1 80 79 87 86 
79 1 80 89 87 
80 1 81 82 87 90 89 
81 2 84 90 89 
82 1 84 89 90 86 
83 2 88 84 87 90 
84 2 87 85 
85 1 87 
86 3 87 90 89 
87 9 89 90 
88 1 89 
89 6 90 
90 7 
