name weight children
0 1 9 1 14 2 
1 1 10 15 9 4 14 
2 1 14 5 29 15 34 3 
3 1 5 14 33 24 22 
4 2 5 7 10 
5 3 9 14 15 33 29 34 
6 1 9 10 7 8 
7 1 14 15 29 34 
8 1 9 10 
9 4 10 15 14 
10 5 14 15 12 33 29 34 28 
11 1 12 15 28 24 
12 1 14 15 28 
13 1 14 
14 9 15 29 33 
15 9 26 34 33 24 
16 1 20 17 57 62 
17 1 34 65 
18 1 34 33 24 71 20 
19 1 23 20 66 62 
20 2 34 24 22 65 23 71 57 
21 1 24 31 32 70 34 71 
22 2 70 24 23 64 
23 2 24 34 31 57 65 
24 4 33 34 30 28 32 65 57 70 
25 1 33 26 34 
26 1 29 28 
27 1 28 71 34 
28 4 29 33 34 32 65 71 70 
29 4 33 34 31 
30 1 34 31 71 
31 2 34 32 
32 1 33 34 
33 6 34 
34 17 69 71 56 70 63 
35 1 36 52 
36 1 55 37 46 
37 1 65 56 52 38 43 
38 2 59 42 44 
39 1 57 65 40 52 
40 1 56 43 52 53 
41 1 43 52 45 
42 2 43 46 50 
43 3 63 71 57 52 61 
44 1 53 45 52 
45 2 55 61 48 52 53 
46 1 53 48 52 
47 2 66 53 48 52 
48 3 62 58 52 
49 1 53 50 
50 2 53 52 
51 2 53 
52 7 57 60 62 67 53 
53 12 61 67 66 62 68 
54 1 69 56 
55 1 57 65 62 
56 2 57 64 63 62 71 
57 5 70 71 65 62 67 61 
58 1 60 59 
59 1 71 61 62 
60 1 70 71 62 61 
61 4 71 62 
62 8 65 71 70 66 67 
63 1 71 65 67 
64 1 71 66 
65 4 71 66 
66 2 71 
67 1 71 70 68 
68 1 
69 1 71 70 
70 4 71 
71 10 
