name weight children
0 31 2 3 6 12 11 1 
1 36 
2 40 4 22 10 12 3 9 
3 76 82 75 79 4 73 10 13 16 17 36 
4 88 82 75 76 72 79 10 5 73 8 13 
5 67 9 12 22 19 6 18 43 
6 35 74 16 7 
7 44 10 9 36 18 45 34 44 
8 63 90 69 73 88 20 10 9 12 36 16 
9 82 88 10 19 18 38 
10 86 82 72 73 19 22 12 44 
11 39 19 12 34 16 
12 67 72 73 19 13 18 40 16 17 36 44 
13 72 79 22 21 19 15 23 
14 47 22 18 16 
15 56 73 16 
16 59 19 38 34 44 31 25 26 
17 49 22 19 18 43 34 24 23 38 
18 74 74 73 21 19 37 
19 124 76 78 82 20 21 22 40 44 
20 26 21 74 
21 64 49 76 22 75 
22 62 69 35 36 
23 65 27 34 38 30 24 28 
24 39 40 36 42 26 32 
25 46 26 32 30 
26 59 45 27 
27 56 38 30 31 33 
28 54 35 31 44 29 30 
29 47 30 44 33 
30 75 45 32 39 31 41 
31 82 32 41 39 44 
32 39 36 37 44 34 33 
33 72 45 
34 60 35 38 36 45 39 44 
35 64 36 38 40 45 39 41 
36 54 42 44 39 38 
37 29 38 39 
38 71 43 45 44 39 
39 72 
40 68 44 42 
41 43 42 45 
42 39 43 44 45 
43 48 44 45 
44 94 45 
45 97 
46 47 67 50 47 
47 66 64 61 68 62 52 84 77 49 71 
48 62 65 50 62 84 66 56 90 82 
49 66 58 50 91 
50 67 59 63 52 84 
51 44 61 63 57 84 53 52 54 
52 46 57 62 58 56 53 54 82 90 75 
53 33 60 85 
54 49 55 56 91 69 
55 70 61 59 62 64 63 56 90 88 81 
56 72 84 81 77 
57 57 59 61 68 
58 49 67 59 63 62 84 91 85 
59 66 65 67 61 62 
60 41 61 90 
61 105 65 64 63 62 66 
62 87 63 90 
63 60 65 67 64 83 
64 42 65 68 
65 78 66 90 88 91 
66 47 68 91 84 
67 45 68 
68 56 84 90 
69 77 85 91 78 70 73 
70 41 85 72 
71 47 91 84 73 
72 72 88 82 73 74 
73 73 83 85 90 74 88 
74 78 90 78 75 82 
75 63 77 82 89 76 85 
76 66 85 87 
77 42 83 78 
78 39 79 
79 53 91 82 
80 48 85 84 82 
81 45 84 88 91 82 
82 77 84 85 90 88 
83 49 84 91 85 
84 80 90 85 87 91 89 
85 89 90 
86 47 90 87 
87 46 88 90 
88 49 90 
89 49 91 90 
90 97 91 
91 63 
