name weight children
0 1 1 23 139 135 2 3 130 
1 1 52 44 6 4 29 13 
2 1 11 3 137 
3 2 32 20 4 15 123 138 
4 1 5 9 31 7 124 
5 1 69 55 53 60 29 14 
6 1 41 63 7 
7 2 69 58 17 68 34 8 54 
8 1 53 67 9 10 14 11 
9 1 49 16 
10 1 17 12 29 11 
11 2 67 22 127 130 139 15 114 
12 1 24 13 25 16 
13 1 60 
14 1 34 15 136 139 130 
15 2 25 16 28 136 126 139 117 116 
16 2 34 29 25 124 130 123 115 
17 1 61 63 60 55 34 18 19 
18 1 53 20 
19 1 20 25 
20 2 54 32 21 28 29 135 
21 1 34 22 137 
22 1 27 25 23 
23 1 25 24 136 
24 1 26 25 
25 2 31 34 29 135 139 137 125 133 
26 1 69 29 
27 1 60 55 34 32 29 
28 1 29 128 126 133 
29 2 31 32 127 130 
30 1 31 124 
31 2 33 32 34 124 
32 1 34 
33 1 52 34 
34 3 59 62 54 
35 1 40 37 45 41 39 
36 1 46 37 52 44 58 
37 2 38 51 40 50 66 41 61 60 44 
38 1 42 48 40 41 51 39 55 
39 1 42 69 55 
40 1 48 42 51 49 52 
41 2 48 42 46 51 61 55 63 58 62 
42 2 48 50 61 51 
43 1 48 45 47 44 
44 1 51 46 67 
45 1 46 51 50 59 64 
46 2 48 50 68 53 
47 1 48 69 
48 2 50 51 59 68 55 49 52 
49 1 51 53 54 
50 1 51 69 
51 3 65 55 62 68 
52 1 63 55 53 54 
53 1 59 67 
54 1 68 55 69 
55 2 59 60 68 
56 1 60 57 
57 1 
58 1 65 60 
59 2 69 60 62 61 
60 2 
61 1 69 62 
62 2 65 64 69 
63 1 64 
64 1 
65 1 66 69 68 
66 1 
67 1 69 
68 2 69 
69 2 
70 1 84 71 96 77 103 
71 1 72 94 75 77 95 
72 1 87 88 107 116 120 73 85 
73 2 131 91 76 83 
74 1 119 82 75 
75 1 76 78 86 85 
76 1 89 77 103 
77 2 120 82 86 96 99 78 
78 2 91 83 86 
79 1 113 111 82 92 81 84 80 
80 1 
81 1 93 82 104 121 83 98 
82 2 93 131 111 134 90 91 83 85 102 
83 2 116 89 121 84 86 
84 1 85 
85 2 104 86 95 94 
86 2 94 
87 1 125 93 89 
88 1 126 125 93 89 
89 2 138 122 107 116 92 
90 1 131 134 120 94 91 96 
91 1 93 94 96 
92 1 93 102 
93 2 138 134 119 94 111 112 102 
94 2 120 103 100 
95 1 96 99 
96 2 121 102 98 103 
97 1 98 
98 1 103 
99 1 103 
100 1 103 
101 1 111 102 
102 1 111 103 
103 3 
104 1 106 118 105 108 
105 1 107 
106 1 135 107 112 
107 2 125 130 113 112 111 116 
108 1 120 111 109 
109 1 111 
110 1 135 139 114 112 111 
111 2 132 118 121 112 116 
112 2 115 129 119 120 131 
113 1 114 125 130 115 121 
114 1 116 118 
115 1 116 122 
116 2 137 133 118 121 
117 1 132 121 
118 1 128 139 125 121 120 
119 1 121 120 
120 2 125 123 129 121 134 
121 2 136 122 131 134 
122 1 130 123 
123 1 124 125 129 
124 1 128 125 126 133 
125 2 139 130 134 129 
126 1 127 130 133 
127 1 129 130 
128 1 136 129 
129 2 139 130 136 134 131 
130 2 139 132 
131 1 133 132 134 
132 1 
133 1 136 134 
134 2 137 
135 1 136 139 138 
136 2 139 
137 1 139 
138 1 139 
139 3 
