name weight children
0 38 31 22 4 1 11 
1 41 34 19 24 2 4 7 29 26 8 11 
2 54 19 16 24 29 3 7 5 
3 36 13 
4 31 30 6 5 7 
5 55 26 29 6 11 
6 30 24 30 26 18 7 
7 59 21 
8 36 15 24 26 10 11 9 
9 41 
10 49 
11 72 29 22 24 14 12 
12 44 30 14 
13 34 30 29 14 
14 58 24 28 18 
15 44 37 45 43 16 17 26 24 
16 53 50 49 20 30 19 17 22 29 21 
17 43 34 30 22 18 
18 30 28 
19 66 38 34 50 20 23 30 21 
20 20 52 26 
21 33 22 26 
22 54 27 23 50 28 30 29 
23 36 37 41 48 50 55 42 31 25 24 26 28 29 30 
24 41 34 43 31 25 26 28 
25 43 36 30 26 
26 40 40 49 43 30 29 
27 34 33 35 40 31 28 29 
28 45 34 43 30 
29 35 31 30 
30 71 55 31 
31 49 47 50 36 
32 17 102 58 33 37 
33 48 64 39 34 35 
34 36 45 54 118 63 61 42 50 35 
35 48 63 46 40 
36 45 37 
37 36 64 118 43 
38 23 53 39 
39 44 121 120 64 57 
40 38 63 49 41 47 55 45 43 
41 48 47 46 42 
42 46 48 43 
43 41 63 
44 29 122 45 47 60 
45 44 120 55 46 
46 21 57 53 63 55 47 
47 53 128 119 54 61 49 
48 40 64 63 60 56 49 55 52 51 
49 32 125 64 62 55 50 
50 36 121 62 57 53 63 58 51 
51 46 
52 49 53 54 55 
53 29 116 64 55 
54 44 116 124 121 55 
55 55 63 59 56 
56 44 121 61 57 63 58 
57 42 102 104 122 110 64 58 
58 30 61 59 63 
59 44 111 63 64 118 
60 22 119 126 61 63 
61 29 116 124 63 64 62 
62 49 63 
63 53 101 109 126 115 116 64 
64 88 115 116 111 
65 47 77 70 67 66 113 
66 47 70 73 69 90 
67 49 69 77 95 70 87 
68 20 70 69 95 88 
69 61 95 86 70 76 
70 67 77 93 73 71 90 79 100 96 94 
71 47 82 106 101 
72 35 77 73 85 89 
73 41 80 78 74 75 111 
74 43 75 96 99 
75 36 77 76 95 107 111 128 114 
76 40 77 95 87 
77 67 87 82 79 
78 34 79 112 
79 28 91 81 
80 37 82 86 94 83 105 107 81 
81 43 108 
82 42 87 90 85 100 113 
83 30 94 85 
84 39 95 85 87 
85 44 88 86 105 107 
86 33 87 103 
87 46 94 
88 33 90 89 128 103 117 
89 39 92 103 97 
90 48 91 94 117 
91 32 92 95 
92 53 95 94 
93 42 95 
94 53 95 106 100 107 
95 87 100 
96 47 100 123 98 
97 48 106 103 99 98 128 126 
98 44 101 117 128 
99 26 100 102 
100 26 105 111 114 117 
101 46 113 103 108 102 
102 47 110 116 
103 31 106 111 105 123 116 104 
104 39 110 120 
105 51 106 123 109 124 
106 35 107 110 
107 29 111 108 127 109 
108 49 111 
109 43 110 
110 62 111 115 126 
111 65 123 128 112 127 
112 23 113 123 116 
113 32 114 
114 31 124 117 
115 46 116 121 
116 41 117 127 119 118 
117 54 126 119 
118 46 119 126 121 
119 49 123 127 
120 26 123 121 
121 41 123 122 127 
122 24 128 
123 51 128 124 125 
124 70 128 126 125 
125 42 127 
126 49 128 127 
127 46 128 
128 54 
