name weight children
0 1 38 1 3 
1 1 43 5 12 
2 1 39 37 3 35 32 5 9 11 12 8 
3 2 40 39 43 13 30 5 33 9 6 
4 1 13 5 9 8 
5 3 32 41 40 34 7 13 11 6 
6 1 31 8 24 9 7 
7 3 10 11 8 9 13 24 26 22 23 
8 6 32 9 12 13 24 25 27 23 28 
9 6 34 35 13 10 11 21 24 25 28 
10 3 36 33 11 12 27 24 23 
11 4 38 30 13 27 43 34 12 24 
12 3 13 24 
13 8 37 40 35 27 24 18 21 26 
14 1 26 15 16 
15 2 26 28 
16 1 28 20 
17 1 18 19 20 
18 2 27 22 28 
19 3 28 26 23 24 20 
20 4 24 28 22 
21 2 23 22 24 
22 3 27 24 28 
23 3 24 28 
24 9 27 28 25 26 
25 2 28 26 
26 3 27 28 
27 4 38 32 28 
28 11 
29 1 43 39 35 31 
30 1 43 32 31 
31 2 43 32 
32 3 50 42 37 43 33 34 
33 3 56 38 40 43 36 34 35 
34 1 35 
35 3 39 41 40 38 
36 3 54 56 37 39 43 50 40 38 
37 3 55 43 39 50 38 57 
38 2 55 56 39 43 41 
39 5 51 55 56 42 43 41 
40 3 56 43 41 
41 4 58 43 42 
42 4 55 57 58 43 48 56 50 
43 8 53 51 58 49 57 50 52 55 56 
44 1 46 58 
45 1 58 46 50 55 54 
46 2 49 53 58 55 57 
47 1 48 49 
48 2 53 54 58 57 56 50 
49 3 53 50 
50 5 58 51 53 55 54 56 
51 3 54 58 55 
52 1 58 54 
53 2 58 54 55 57 
54 3 58 57 55 56 
55 6 58 57 56 
56 4 58 57 
57 4 58 
58 12 
