name weight children
0 1 46 3 1 
1 1 13 34 101 3 94 9 
2 1 3 14 6 7 92 87 105 
3 2 26 25 10 103 11 6 95 92 7 
4 1 13 34 5 7 
5 1 50 16 
6 1 82 7 104 
7 2 101 16 104 80 135 
8 1 22 17 19 16 11 10 9 
9 1 34 31 12 75 93 89 104 
10 1 20 11 98 
11 2 44 15 33 82 73 70 74 
12 1 13 34 15 91 98 
13 1 29 45 38 24 36 17 20 15 33 
14 1 34 26 15 16 93 
15 1 21 20 16 76 95 
16 3 20 25 19 34 76 100 
17 1 23 19 34 18 26 
18 1 21 20 28 25 94 
19 1 30 22 34 20 
20 2 61 24 29 46 42 31 25 94 
21 1 50 29 23 36 22 34 25 33 
22 1 35 38 61 25 
23 1 48 50 29 38 24 32 25 
24 2 42 30 51 25 34 26 
25 2 38 94 
26 1 51 27 28 34 
27 1 29 43 34 
28 1 29 41 44 31 
29 2 51 64 30 42 50 61 38 34 
30 1 55 50 34 31 
31 1 32 
32 1 38 34 
33 1 34 94 
34 3 46 96 
35 1 69 55 37 40 43 36 
36 1 42 55 64 45 
37 1 58 53 60 48 38 
38 2 69 40 57 46 42 55 50 
39 1 69 40 51 
40 2 66 60 65 42 41 61 
41 1 48 55 42 50 
42 2 49 91 
43 1 44 46 
44 1 50 51 
45 1 46 
46 2 59 63 50 
47 1 58 53 48 49 
48 1 69 59 50 
49 1 55 57 51 
50 2 51 64 
51 2 59 55 66 
52 1 58 53 69 60 54 55 
53 1 55 63 64 
54 1 56 55 64 
55 3 58 69 60 64 
56 1 59 57 63 
57 1 58 69 60 
58 1 67 59 63 60 
59 1 69 66 60 
60 2 65 68 69 
61 1 63 64 62 
62 1 66 
63 1 69 66 64 
64 2 67 65 
65 1 69 66 
66 2 68 69 67 
67 1 69 
68 1 69 
69 3 
70 1 103 104 71 108 118 73 84 
71 1 74 86 118 
72 1 94 75 73 86 
73 2 76 95 83 87 90 86 122 
74 1 76 75 89 85 77 
75 1 
76 1 92 94 77 
77 2 94 86 79 104 113 
78 1 79 85 81 131 132 
79 1 82 93 98 87 86 84 81 
80 1 86 81 
81 2 95 99 105 108 121 123 
82 1 86 
83 1 102 95 86 114 
84 1 86 107 138 112 
85 1 86 
86 3 88 99 105 107 122 109 139 
87 1 101 95 88 90 
88 1 97 93 104 118 90 107 
89 1 103 93 90 135 
90 2 104 115 109 121 126 139 
91 1 100 92 94 
92 2 93 104 
93 1 95 
94 2 95 104 
95 2 108 135 134 
96 1 103 97 98 99 
97 1 
98 1 100 101 99 
99 2 103 104 135 106 122 
100 1 101 102 
101 1 103 
102 1 103 104 
103 1 104 
104 3 131 
105 1 107 117 106 
106 1 112 
107 1 108 135 109 131 
108 2 119 112 122 
109 1 122 125 110 113 
110 1 122 125 119 113 128 116 
111 1 112 
112 2 126 113 119 
113 2 131 
114 1 115 121 
115 1 117 119 127 
116 1 131 122 117 
117 2 118 
118 1 134 119 121 
119 2 122 133 140 
120 1 121 125 122 
121 1 122 
122 3 134 125 131 
123 1 124 126 140 128 
124 1 138 132 125 
125 1 134 126 131 
126 2 128 
127 1 128 
128 1 131 129 
129 1 130 
130 1 131 
131 3 134 133 138 140 
132 1 135 133 
133 1 135 139 
134 1 135 139 
135 2 139 
136 1 138 137 
137 1 
138 1 139 140 
139 2 140 
140 2 
