name weight children
0 3 29 10 2 7 9 3 16 13 1 44 
1 2 29 3 5 11 52 46 13 47 39 
2 3 3 12 11 7 16 44 45 51 36 48 
3 3 8 4 5 14 10 46 16 39 35 40 
4 2 29 28 27 34 5 15 12 47 45 46 
5 3 25 27 6 29 7 16 14 9 
6 2 29 31 7 8 28 15 26 
7 3 18 27 20 34 44 
8 2 33 27 34 28 16 9 
9 3 26 12 10 11 13 51 44 
10 2 34 26 15 11 14 
11 3 15 12 52 44 51 47 
12 2 14 15 16 13 44 52 47 
13 3 48 16 47 36 46 43 
14 2 15 16 
15 3 34 27 33 16 
16 4 33 26 52 41 36 35 48 
17 2 22 25 19 18 21 24 34 20 
18 2 21 20 25 24 31 33 22 27 30 
19 2 23 20 24 34 30 
20 4 23 24 22 29 27 31 
21 2 22 23 25 24 33 29 28 
22 3 23 25 26 24 33 
23 3 25 24 34 29 26 27 
24 3 25 31 26 29 30 28 
25 3 27 26 
26 2 29 34 27 28 33 
27 3 30 34 29 
28 2 29 31 
29 3 33 
30 2 31 33 
31 3 33 34 
32 2 34 
33 3 34 
34 4 
35 2 44 46 41 47 36 40 37 49 
36 3 45 41 52 46 39 43 38 42 68 66 63 67 40 54 
37 2 44 40 39 45 42 66 38 70 49 
38 3 50 47 49 68 40 48 69 62 63 61 
39 3 46 41 52 50 40 42 66 68 
40 3 52 43 48 42 66 59 65 
41 2 46 42 48 69 43 
42 3 48 52 43 70 59 49 57 55 
43 3 45 69 61 59 
44 3 46 51 45 47 
45 3 46 47 52 69 68 
46 3 52 51 47 
47 3 48 
48 2 51 52 49 69 63 
49 3 50 63 69 59 
50 2 52 68 
51 2 52 
52 4 
53 2 58 70 65 54 56 
54 3 69 63 58 55 61 70 64 56 
55 2 60 61 57 56 65 
56 3 61 57 65 60 
57 2 62 66 68 59 58 61 
58 3 69 65 60 59 61 
59 3 62 66 65 61 60 
60 3 62 65 61 
61 3 63 
62 2 69 63 68 66 65 70 
63 3 68 65 66 
64 2 66 65 
65 3 69 70 
66 3 69 67 68 
67 2 68 70 
68 3 70 69 
69 3 70 
70 3 
