name weight children
0 1 1 8 18 
1 2 2 3 8 18 
2 1 8 7 3 18 12 
3 2 8 7 12 5 
4 1 5 
5 2 8 7 18 
6 1 8 15 18 
7 7 8 18 12 
8 12 14 15 18 17 12 10 
9 1 18 10 
10 2 18 13 12 17 
11 1 18 12 38 32 
12 9 18 13 34 17 38 37 
13 12 14 18 17 38 16 33 
14 2 18 15 
15 2 18 
16 1 18 38 
17 13 18 34 38 33 35 36 32 37 
18 19 38 
19 1 28 20 22 
20 1 28 23 25 
21 1 28 22 
22 2 32 33 23 28 
23 6 37 33 32 38 29 28 27 24 25 
24 2 33 32 28 25 27 
25 2 32 28 33 27 
26 1 28 
27 5 33 37 38 29 32 28 
28 13 32 33 
29 2 30 38 33 
30 2 37 38 33 32 
31 1 34 33 
32 7 38 37 33 
33 20 38 35 37 36 
34 2 38 35 
35 2 38 36 
36 1 38 
37 10 38 
38 18 
