name weight children
0 1 13 1 54 
1 2 86 32 42 3 
2 1 48 29 7 3 65 60 38 
3 1 4 29 15 52 37 
4 1 31 32 97 5 45 7 35 
5 2 69 87 6 19 52 41 15 35 7 36 50 
6 1 83 9 20 32 7 
7 2 15 14 25 26 35 50 37 65 56 
8 1 71 9 86 
9 2 23 84 13 16 11 
10 1 12 55 
11 1 15 35 
12 1 23 87 32 13 86 25 15 
13 2 73 31 30 14 32 15 
14 1 21 18 26 15 
15 2 87 31 18 41 
16 1 85 17 19 
17 1 80 23 
18 1 23 30 19 
19 2 21 30 33 43 
20 1 21 25 
21 1 23 98 32 
22 1 23 31 27 
23 3 94 79 97 69 29 
24 1 25 29 
25 2 70 27 30 29 37 36 
26 1 27 30 33 42 
27 1 98 
28 1 31 30 32 29 48 37 
29 2 30 52 35 54 43 49 53 
30 1 31 32 
31 2 67 98 32 86 
32 2 98 71 
33 1 44 36 34 
34 1 35 54 37 46 56 60 62 
35 1 37 36 49 39 
36 2 54 42 55 46 49 51 38 44 62 
37 1 56 51 38 40 
38 2 50 46 53 
39 1 43 46 40 
40 2 49 42 60 
41 1 54 42 46 
42 2 43 44 65 48 46 63 62 
43 1 44 
44 2 45 52 48 56 
45 1 46 48 
46 2 55 48 65 63 58 
47 1 48 
48 2 52 56 
49 1 50 52 62 
50 1 52 56 61 51 
51 1 55 52 64 
52 2 54 65 57 
53 1 54 55 65 
54 1 57 
55 1 56 61 
56 3 60 
57 1 65 59 58 
58 2 64 60 62 
59 1 60 
60 2 61 
61 1 63 62 
62 2 65 
63 1 64 
64 1 65 
65 3 
66 1 128 109 78 81 115 99 71 69 67 
67 1 
68 1 69 73 77 98 
69 2 81 92 89 87 77 73 
70 1 87 71 
71 2 113 72 75 91 73 
72 1 78 85 73 
73 2 77 79 89 91 82 87 
74 1 99 79 75 77 88 
75 1 76 94 81 100 99 79 98 
76 1 125 77 
77 2 91 79 85 87 
78 1 107 120 79 115 
79 2 101 81 80 
80 1 
81 2 129 120 111 124 112 114 93 96 
82 1 85 92 83 86 
83 1 
84 1 90 85 89 87 
85 2 109 115 100 94 
86 1 87 97 
87 2 92 88 98 
88 1 102 89 
89 2 100 91 
90 1 102 110 94 128 99 92 91 93 96 
91 2 110 114 93 98 
92 1 112 93 98 
93 2 95 97 
94 2 106 115 114 96 
95 1 124 115 96 
96 1 115 98 97 
97 2 98 
98 2 
99 1 102 101 128 100 110 
100 1 122 106 128 
101 1 104 127 103 131 115 102 
102 2 105 124 128 121 115 
103 1 127 104 126 131 106 108 112 
104 2 125 123 117 106 126 107 105 116 111 
105 1 127 106 111 128 114 
106 2 127 131 113 
107 1 127 108 110 111 
108 1 125 110 114 109 
109 1 110 115 
110 2 128 
111 1 129 112 
112 2 115 
113 1 119 114 115 
114 1 117 129 119 115 
115 3 129 119 
116 1 119 117 121 
117 1 127 125 123 118 
118 1 119 127 131 130 123 
119 2 127 131 123 
120 1 123 121 
121 1 129 128 
122 1 123 
123 3 127 131 130 124 
124 1 127 125 130 
125 2 127 131 
126 1 127 131 
127 3 130 131 129 128 
128 2 131 130 
129 1 131 130 
130 1 131 
131 3 
