name weight children
0 1 41 4 11 1 
1 1 2 
2 1 35 33 50 16 11 5 21 
3 1 37 4 20 5 
4 1 11 9 5 
5 2 22 11 6 26 
6 1 9 7 18 11 20 
7 1 41 22 
8 1 9 
9 2 35 51 17 11 56 57 14 27 24 10 
10 1 11 
11 3 57 47 56 27 37 20 21 22 
12 1 16 23 13 
13 1 27 20 14 
14 1 18 27 26 22 
15 1 49 57 51 16 24 27 
16 1 29 50 56 33 18 
17 1 33 18 22 
18 2 57 33 55 36 56 27 19 
19 1 20 21 
20 1 22 27 
21 1 37 22 24 27 
22 2 37 27 26 
23 1 24 26 
24 2 27 26 
25 1 27 
26 3 57 27 
27 9 
28 1 85 43 29 
29 2 64 73 56 30 33 32 41 
30 1 86 57 33 
31 1 86 54 39 32 33 
32 1 38 33 47 37 
33 2 86 47 57 51 35 37 
34 1 35 56 
35 1 39 41 55 36 37 
36 1 57 37 
37 2 51 57 
38 1 85 56 39 
39 1 40 86 50 
40 1 85 86 41 
41 2 86 47 51 57 
42 1 45 56 43 
43 1 44 47 57 
44 1 77 86 54 
45 1 103 73 46 47 
46 1 85 48 57 47 
47 3 81 73 86 57 48 49 56 51 
48 1 85 86 82 51 57 
49 1 86 53 51 57 50 
50 2 81 51 56 
51 3 77 57 52 56 
52 1 
53 1 86 54 57 
54 1 57 
55 1 56 57 
56 4 85 73 86 57 
57 8 80 
58 1 70 61 59 
59 1 64 60 86 
60 1 69 
61 1 69 65 63 62 85 81 
62 1 64 63 85 74 73 
63 2 91 101 64 78 85 
64 3 111 112 97 99 68 69 76 83 86 
65 1 97 111 103 69 85 66 
66 2 102 67 85 77 
67 1 97 112 69 70 75 85 79 
68 1 107 89 70 75 
69 2 111 70 88 99 85 
70 3 103 91 112 95 88 79 102 76 
71 1 103 72 74 
72 2 95 98 86 77 
73 1 76 85 74 86 
74 1 85 79 77 
75 1 76 84 77 
76 1 77 86 81 
77 1 85 
78 1 79 84 83 
79 1 90 103 84 81 86 
80 1 81 85 
81 2 86 
82 1 83 86 
83 1 86 
84 1 103 85 86 
85 5 103 86 
86 6 
87 1 112 91 100 98 103 
88 1 91 97 90 
89 1 96 91 103 99 90 
90 1 93 91 
91 2 112 106 95 94 
92 1 112 93 101 
93 1 104 97 103 
94 1 111 97 
95 1 112 97 100 103 
96 1 112 109 111 97 
97 2 112 104 109 103 
98 1 106 99 102 
99 1 111 102 
100 1 112 104 103 101 
101 1 103 102 
102 2 111 112 103 
103 6 111 112 104 
104 1 107 112 108 105 
105 1 111 
106 1 107 112 
107 2 111 109 112 
108 1 111 109 
109 2 112 111 
110 1 112 
111 4 112 
112 11 
