name weight children
0 1 20 21 12 3 11 2 
1 1 4 9 2 
2 2 12 10 
3 1 12 4 10 8 
4 2 23 11 24 12 5 25 9 
5 2 25 11 22 20 24 12 
6 2 12 7 11 9 
7 2 21 12 8 
8 3 25 12 9 10 
9 7 22 25 10 12 11 
10 8 11 25 12 
11 5 23 15 12 17 
12 11 22 25 19 20 24 18 
13 1 35 15 22 
14 1 34 15 23 
15 3 38 23 16 
16 1 23 25 18 
17 1 23 18 
18 2 25 22 20 24 
19 2 37 24 25 20 21 22 
20 2 23 22 25 21 
21 2 25 24 
22 6 38 29 23 35 24 25 
23 10 38 37 32 35 33 24 25 
24 7 38 25 
25 10 37 38 29 
26 1 27 49 35 
27 1 46 28 38 
28 3 42 36 49 48 31 38 37 
29 1 38 31 
30 2 50 37 36 48 31 
31 3 46 43 44 51 38 32 34 37 
32 1 38 36 34 
33 2 38 37 34 
34 3 38 35 
35 2 36 38 37 
36 6 45 43 44 38 49 37 
37 10 49 47 42 48 38 
38 12 49 47 42 44 43 
39 1 41 42 49 48 51 
40 1 50 41 51 44 47 
41 1 51 43 
42 2 43 51 49 
43 3 51 46 44 49 48 
44 3 49 48 
45 2 51 49 47 
46 2 51 47 49 48 
47 3 51 49 50 
48 5 51 49 
49 10 51 50 
50 4 51 
51 11 
