name weight children
0 34 19 43 7 6 1 27 13 
1 43 22 38 41 46 2 4 11 3 8 30 
2 66 38 14 28 12 5 
3 22 
4 48 6 7 5 
5 30 
6 27 38 39 10 25 20 
7 50 45 23 17 8 29 
8 43 10 9 
9 47 39 31 29 11 
10 62 47 17 12 11 30 
11 33 31 
12 36 14 13 
13 28 19 
14 47 33 18 22 38 15 
15 36 
16 35 63 17 18 22 33 30 
17 44 37 62 43 23 18 19 47 28 31 
18 33 63 44 19 22 
19 47 53 54 46 22 38 47 30 28 23 31 27 
20 39 36 21 23 29 24 
21 42 22 30 
22 36 40 35 49 46 63 43 23 47 
23 48 25 46 38 36 28 27 
24 21 31 25 27 29 
25 38 30 
26 43 29 27 
27 46 29 
28 45 31 29 
29 43 30 31 
30 42 54 63 31 
31 52 
32 33 76 33 38 
33 51 63 60 34 38 36 
34 39 76 55 75 35 62 
35 30 66 63 44 38 
36 47 64 48 37 63 54 38 43 46 39 
37 50 66 49 38 
38 57 63 59 56 47 41 39 
39 41 41 
40 46 44 45 54 41 
41 23 64 43 
42 36 43 
43 34 57 
44 43 96 52 55 73 45 46 
45 38 54 47 
46 43 61 47 
47 40 54 
48 43 94 72 86 78 79 51 54 61 64 49 56 
49 45 94 61 75 63 
50 16 96 51 52 
51 46 92 54 53 
52 39 93 54 53 61 
53 47 122 66 65 61 55 58 56 63 60 54 
54 47 94 66 55 60 63 75 
55 44 72 
56 33 74 58 73 69 64 62 57 
57 46 61 63 59 
58 46 94 68 78 60 59 
59 37 61 73 64 63 
60 32 61 64 63 
61 47 72 89 91 78 63 
62 42 63 
63 66 73 64 
64 21 
65 48 88 67 90 66 94 68 
66 46 107 109 72 82 90 93 76 68 80 73 
67 29 124 87 107 71 94 
68 40 72 89 69 
69 47 73 70 
70 22 86 93 
71 35 111 77 93 92 72 
72 55 128 116 125 107 93 78 94 76 
73 59 94 96 75 74 92 76 
74 29 78 75 
75 46 76 78 
76 46 86 80 93 
77 43 78 79 
78 36 107 109 85 122 92 80 
79 36 88 112 90 93 80 
80 45 88 81 
81 33 97 85 93 95 82 92 
82 38 84 112 83 
83 26 112 122 93 88 92 
84 47 104 87 90 
85 26 112 87 86 
86 62 122 125 88 94 91 
87 39 120 125 88 
88 56 116 123 122 124 95 93 91 92 
89 25 90 94 92 
90 33 128 122 107 112 96 92 93 91 
91 44 93 92 
92 61 94 96 
93 41 125 123 94 
94 57 95 96 
95 25 112 96 
96 55 
97 42 105 102 104 103 119 98 122 125 
98 43 101 99 107 
99 35 100 104 103 112 107 
100 23 106 
101 35 103 102 104 119 114 111 
102 48 104 108 103 114 110 
103 44 104 106 108 120 110 129 112 
104 54 129 125 127 116 
105 38 108 106 
106 44 128 
107 38 110 108 123 
108 51 129 118 116 110 128 114 
109 30 112 122 126 
110 39 116 112 
111 32 112 122 
112 43 123 
113 41 119 114 128 
114 41 129 115 125 123 116 
115 46 117 116 
116 40 119 127 
117 40 129 118 
118 46 129 
119 22 127 120 
120 45 121 
121 40 125 129 122 123 
122 44 127 123 125 
123 51 124 
124 38 128 
125 61 127 128 
126 14 127 
127 30 129 128 
128 36 129 
129 48 
