name weight children
0 1 10 1 5 9 22 
1 2 20 11 21 3 5 2 23 12 17 
2 2 5 7 10 20 24 23 4 8 18 49 
3 1 20 24 7 10 4 
4 2 5 23 12 14 48 15 31 30 33 40 25 38 
5 3 10 9 6 8 21 19 
6 1 10 7 11 17 14 29 
7 2 8 9 13 16 
8 2 9 12 14 22 11 44 
9 2 10 24 12 23 
10 2 23 12 11 20 
11 2 12 13 
12 2 20 25 30 
13 1 17 15 
14 2 17 15 42 49 36 41 
15 2 20 21 17 19 29 18 
16 1 17 18 40 
17 2 23 20 18 32 44 21 
18 2 31 25 45 38 
19 1 21 20 22 40 25 33 43 
20 2 23 21 31 
21 2 24 22 29 38 
22 2 23 42 37 31 48 25 
23 3 25 
24 1 25 
25 2 30 49 41 34 
26 1 31 45 28 
27 1 38 31 36 28 47 54 
28 2 38 43 44 59 51 54 75 74 
29 1 30 31 38 
30 2 44 33 31 
31 3 36 43 38 46 34 58 77 
32 1 33 
33 2 49 36 38 34 
34 2 37 41 35 57 62 46 61 
35 1 37 45 36 49 47 38 54 
36 2 40 45 50 38 77 
37 2 38 
38 3 40 48 44 39 76 54 56 
39 1 49 41 43 55 
40 2 49 44 41 
41 2 48 44 45 47 77 56 
42 1 44 49 
43 2 44 49 50 47 77 
44 3 50 51 
45 1 49 47 46 
46 2 49 47 52 54 51 57 
47 2 48 54 63 77 62 76 
48 2 49 50 51 
49 2 51 
50 2 51 62 
51 3 53 60 
52 1 55 53 54 72 
53 2 59 54 58 64 89 79 70 
54 3 55 64 77 56 62 61 68 71 72 89 
55 1 57 
56 1 57 76 70 73 
57 2 63 62 70 
58 1 60 75 61 
59 1 62 60 
60 2 73 90 
61 2 62 63 89 
62 2 64 63 77 83 79 
63 2 64 76 74 77 67 
64 2 77 68 66 65 85 
65 1 70 67 
66 1 70 67 73 
67 2 77 81 69 88 
68 1 77 70 73 
69 1 74 70 84 
70 2 79 75 73 85 84 89 
71 1 75 77 73 78 79 
72 2 77 73 88 
73 3 77 76 74 97 79 86 81 89 
74 2 77 75 79 88 102 
75 2 77 
76 2 77 
77 4 83 82 
78 1 79 81 89 
79 2 83 80 89 85 
80 2 82 81 96 
81 2 83 85 86 91 92 99 
82 2 83 86 90 92 100 
83 2 88 97 100 84 101 102 86 
84 1 86 92 90 93 
85 2 89 88 86 101 99 
86 2 89 95 90 100 96 99 
87 1 89 88 
88 2 100 101 89 90 99 
89 2 90 101 
90 3 95 92 103 
91 1 98 93 
92 2 101 93 96 
93 2 96 
94 1 99 96 
95 2 98 96 100 
96 3 100 99 
97 1 99 
98 2 100 99 103 
99 3 102 101 100 
100 2 101 103 
101 2 103 
102 2 103 
103 2 
