name weight children
0 1 5 1 4 16 
1 1 12 2 11 24 20 
2 1 11 5 24 
3 1 31 29 33 7 12 4 
4 3 8 5 12 20 18 22 
5 4 8 11 12 10 24 18 25 23 22 
6 1 34 7 12 
7 3 32 33 35 36 12 9 8 11 
8 3 36 29 9 12 
9 3 36 29 12 10 11 24 
10 4 28 12 11 
11 8 26 30 36 31 38 12 22 23 18 25 
12 13 34 38 28 36 22 23 25 24 
13 1 18 24 25 15 22 
14 1 24 15 
15 1 
16 2 22 23 18 25 24 19 
17 2 20 18 22 25 24 
18 2 
19 1 20 24 
20 4 23 22 25 21 24 
21 2 25 24 
22 5 24 25 23 
23 4 25 24 
24 11 25 
25 11 
26 1 27 38 35 
27 2 40 36 35 28 32 38 31 
28 3 38 34 29 
29 1 38 35 30 
30 1 34 31 38 
31 2 34 35 
32 1 35 45 37 38 33 
33 2 38 35 34 36 
34 2 37 38 36 
35 7 45 48 50 37 38 39 44 36 
36 7 38 45 44 37 
37 5 43 52 48 50 45 42 38 44 
38 12 52 45 42 48 43 40 50 44 
39 1 49 41 
40 1 52 50 41 44 
41 1 
42 3 49 45 43 44 
43 3 48 52 45 
44 3 52 50 45 49 
45 8 50 51 52 48 47 
46 1 48 52 
47 2 48 52 49 50 
48 3 51 49 52 50 
49 4 52 50 51 
50 5 52 51 
51 4 52 
52 12 
