name weight children
0 27 12 36 2 8 
1 35 4 21 2 18 11 
2 60 29 32 10 19 39 22 18 3 62 61 53 6 60 45 55 
3 28 4 22 8 
4 50 38 5 42 22 7 8 49 
5 40 18 16 
6 45 11 8 17 7 10 60 61 
7 75 15 42 14 11 22 8 49 50 45 
8 80 38 11 14 35 10 45 50 22 62 53 
9 47 11 10 55 62 
10 72 16 11 22 14 59 60 50 49 
11 106 39 19 37 42 41 45 56 62 60 
12 24 21 19 14 17 
13 37 15 14 
14 23 19 20 22 43 47 
15 45 29 16 21 
16 28 25 33 19 42 22 
17 15 18 22 
18 73 19 29 21 41 38 
19 99 29 31 38 22 34 39 
20 30 33 22 
21 67 29 42 25 22 33 
22 189 23 39 41 62 50 
23 49 32 29 24 26 25 
24 50 26 34 29 32 25 39 28 30 
25 41 31 28 29 38 39 
26 44 31 29 
27 12 29 32 41 
28 62 29 32 40 31 38 
29 187 31 30 32 42 41 40 33 38 
30 46 32 31 41 42 
31 107 32 38 
32 109 38 41 
33 34 41 34 36 
34 44 41 
35 39 36 
36 22 
37 32 38 
38 92 41 39 42 
39 90 41 
40 34 41 
41 82 42 
42 74 
43 48 45 62 49 52 
44 15 45 59 55 62 49 51 
45 48 61 56 
46 57 47 60 62 78 58 49 68 
47 15 49 
48 64 61 58 49 62 57 78 
49 77 56 50 61 62 60 78 
50 81 62 55 56 78 
51 37 62 58 56 52 74 65 
52 71 53 62 55 75 56 
53 37 56 61 
54 40 55 56 
55 77 56 62 58 
56 161 60 62 78 58 66 
57 21 62 59 75 68 78 
58 85 62 59 74 
59 90 60 61 62 
60 20 62 
61 124 62 
62 377 79 78 72 65 74 66 75 68 76 82 63 
63 21 64 
64 33 81 73 84 
65 38 66 73 
66 35 73 67 
67 83 72 81 78 85 73 
68 35 72 70 85 82 73 
69 15 70 84 73 
70 39 78 
71 57 82 73 81 84 
72 72 73 84 85 77 82 
73 77 78 82 85 
74 64 78 75 77 84 85 
75 59 78 76 
76 49 81 78 
77 18 78 85 84 
78 104 79 85 82 84 81 
79 34 81 82 
80 23 85 82 
81 70 82 85 
82 101 85 84 
83 21 85 
84 129 85 
85 335 
