name weight children
0 1 54 2 6 
1 1 55 53 12 51 5 4 2 6 
2 1 13 6 11 19 26 
3 2 51 54 55 4 6 5 11 
4 3 55 5 49 54 6 8 13 
5 5 55 51 50 6 13 10 11 27 26 
6 8 53 55 12 9 49 13 27 19 23 25 11 14 
7 1 9 13 
8 1 9 
9 2 53 52 10 
10 2 11 12 27 
11 3 13 19 24 27 14 26 
12 3 52 55 53 54 13 49 19 20 
13 9 49 51 19 26 24 20 25 
14 1 16 20 
15 1 27 18 16 
16 2 27 
17 1 18 
18 1 27 20 26 
19 2 27 25 20 22 23 
20 4 23 27 24 
21 1 26 22 
22 3 27 23 
23 3 27 26 24 
24 3 26 25 27 
25 3 26 27 
26 7 27 
27 11 
28 1 36 37 35 29 43 45 
29 1 40 34 32 47 44 
30 1 31 33 46 
31 1 40 43 
32 2 33 47 45 
33 3 40 39 37 38 44 43 47 45 55 
34 1 39 40 35 38 
35 1 36 40 47 42 43 45 
36 1 40 37 39 
37 3 40 39 38 47 43 41 
38 1 40 39 44 
39 3 40 46 45 
40 7 43 42 47 44 45 
41 1 46 43 42 44 47 
42 2 43 47 46 55 
43 3 47 44 45 46 
44 6 47 46 45 55 53 50 
45 7 47 46 55 54 53 48 
46 5 47 53 50 48 55 
47 12 55 52 50 54 53 
48 3 52 50 55 49 54 51 
49 4 55 54 53 
50 2 55 54 51 
51 3 52 55 53 54 
52 3 55 53 54 
53 7 55 54 
54 6 55 
55 15 
