name weight children
0 27 1 3 24 4 8 22 2 13 56 37 
1 45 23 20 17 13 2 
2 43 5 6 3 17 13 31 26 8 56 
3 35 10 4 
4 56 5 6 24 20 10 55 
5 39 20 17 12 15 8 11 
6 43 21 14 24 15 8 
7 13 8 
8 47 27 60 37 
9 32 10 12 57 31 
10 40 11 13 15 19 20 14 12 31 
11 46 20 17 12 22 
12 36 13 28 26 
13 44 17 16 14 26 31 29 30 
14 35 23 
15 36 17 16 55 
16 25 23 17 
17 57 
18 28 20 31 19 
19 41 21 22 55 34 
20 35 21 23 25 31 
21 44 31 27 23 
22 39 23 26 55 
23 46 26 67 27 32 56 
24 43 25 26 
25 49 26 62 30 
26 33 31 59 71 
27 63 64 30 28 31 35 63 42 37 52 
28 19 
29 36 34 30 67 
30 37 64 65 
31 25 34 35 63 32 
32 42 34 43 72 
33 38 34 
34 25 35 67 56 60 
35 50 69 53 
36 42 60 37 65 43 48 40 50 38 39 
37 31 67 62 42 58 38 61 43 
38 35 39 46 61 70 93 
39 39 46 40 93 84 105 
40 42 71 52 54 48 51 44 43 106 41 92 
41 38 59 53 61 46 84 88 
42 45 71 43 
43 41 57 62 63 61 53 50 44 
44 36 99 51 84 98 86 
45 27 48 46 
46 37 48 51 73 84 93 49 
47 39 56 59 48 53 99 
48 54 63 67 56 65 78 96 50 84 
49 24 50 104 90 
50 49 53 106 51 93 75 
51 46 53 79 78 107 91 84 
52 31 61 53 
53 39 67 
54 41 67 55 56 68 61 
55 34 57 56 63 60 
56 44 57 58 61 59 
57 40 64 67 61 
58 41 62 59 61 
59 40 64 60 65 69 
60 18 62 
61 47 62 94 70 
62 45 
63 44 64 67 66 71 
64 38 67 
65 30 67 68 
66 47 67 72 
67 52 72 
68 20 
69 33 72 
70 36 72 99 91 105 79 
71 44 72 
72 44 106 
73 46 78 75 84 87 83 104 74 
74 20 107 92 75 84 108 90 98 
75 44 79 76 107 81 86 
76 34 105 81 130 
77 45 78 84 96 80 104 
78 23 79 
79 42 108 81 
80 41 84 81 
81 44 91 83 87 89 129 119 102 112 138 90 143 
82 40 84 83 
83 33 107 91 84 85 88 133 102 130 86 113 
84 48 106 85 87 89 88 129 
85 38 98 93 86 109 130 121 131 
86 32 93 105 87 90 95 109 102 130 
87 46 96 107 109 88 90 129 144 
88 42 90 129 107 118 113 
89 42 90 97 103 129 133 
90 31 98 95 129 133 125 
91 42 99 92 107 93 100 129 
92 32 94 95 
93 49 94 99 103 
94 36 96 
95 37 106 96 107 98 
96 45 107 98 
97 47 98 105 129 
98 52 99 102 112 125 
99 12 107 
100 29 109 101 
101 44 103 142 
102 40 108 103 139 142 136 122 
103 49 104 107 112 125 
104 32 107 108 
105 42 106 107 
106 36 107 109 
107 52 108 133 
108 35 109 112 131 
109 34 
110 36 118 125 113 136 111 
111 34 128 113 146 126 
112 47 133 113 136 115 114 
113 38 133 145 114 
114 36 131 120 142 115 118 145 126 124 
115 49 129 117 
116 40 117 
117 41 118 121 142 127 145 
118 43 125 122 
119 26 125 120 121 
120 43 122 
121 39 134 122 126 143 
122 52 131 142 126 132 
123 32 136 124 127 
124 49 137 140 126 
125 22 142 140 126 
126 52 127 
127 37 
128 26 129 
129 49 130 131 134 143 132 
130 48 131 142 145 
131 40 146 
132 43 133 134 142 
133 39 140 
134 36 136 135 
135 27 
136 42 143 
137 25 138 145 141 
138 38 
139 35 140 142 
140 21 145 141 
141 42 145 
142 41 143 146 
143 44 145 
144 46 146 145 
145 59 146 
146 28 
