name weight children
0 1 2 15 1 21 
1 1 35 3 60 
2 1 113 142 8 21 3 
3 2 8 6 11 10 7 23 22 21 13 27 35 62 53 
4 1 117 132 7 33 5 
5 1 112 7 
6 1 142 114 9 109 7 35 15 
7 2 138 122 120 116 12 8 31 17 23 
8 2 119 123 109 107 16 
9 1 113 11 10 
10 1 23 12 
11 1 12 123 109 118 17 23 
12 3 129 120 142 19 109 17 28 
13 1 14 16 
14 1 34 15 17 60 66 53 55 29 
15 1 17 48 16 
16 2 17 34 26 25 62 66 39 
17 2 123 118 21 48 
18 1 19 123 20 22 
19 1 127 
20 1 123 109 21 
21 2 107 25 37 24 30 53 
22 1 109 118 115 23 25 
23 2 31 25 
24 1 34 26 54 44 
25 2 26 30 36 
26 2 30 63 
27 1 30 68 
28 1 30 
29 1 30 35 40 69 
30 2 32 66 64 69 60 58 
31 1 35 32 
32 1 107 35 54 
33 1 128 34 
34 1 35 65 
35 3 110 61 68 
36 1 48 37 60 39 43 55 42 59 38 
37 1 65 44 
38 1 39 43 60 50 69 
39 2 44 66 64 63 
40 1 57 41 43 50 67 47 
41 1 44 57 
42 1 44 43 59 
43 2 54 44 46 51 50 
44 2 53 63 64 50 
45 1 64 51 46 
46 2 60 58 50 
47 2 
48 2 66 61 60 50 
49 1 51 
50 2 60 68 66 53 56 51 
51 2 64 58 52 69 59 
52 1 66 53 59 
53 1 54 57 55 64 58 
54 1 64 69 56 55 60 
55 2 
56 1 62 57 59 
57 2 60 68 66 59 69 
58 1 60 59 
59 2 60 67 
60 2 69 66 
61 1 62 64 
62 1 64 
63 1 68 64 
64 2 65 66 69 67 
65 1 66 
66 1 69 
67 1 69 
68 1 69 
69 3 
70 1 77 84 71 85 98 73 102 
71 1 75 80 86 96 72 78 83 
72 1 87 77 75 79 73 97 
73 2 78 74 102 141 83 137 
74 1 77 75 80 76 100 96 
75 1 82 78 
76 1 77 101 
77 1 82 85 86 78 102 104 
78 3 82 86 84 104 95 101 91 100 136 
79 1 80 81 82 86 84 101 
80 1 99 82 
81 1 99 82 
82 2 85 97 
83 1 87 84 98 91 105 
84 2 85 102 87 98 136 
85 1 87 86 
86 2 87 102 
87 2 104 
88 1 105 91 89 
89 1 97 96 91 132 125 
90 1 102 136 91 
91 2 96 100 122 130 120 125 132 
92 1 96 93 105 
93 1 95 124 
94 1 104 105 96 100 137 
95 2 96 102 136 140 141 103 137 135 
96 2 141 133 
97 1 98 136 103 132 
98 1 99 102 105 140 
99 1 100 
100 2 102 101 140 132 134 
101 1 102 103 105 141 
102 2 105 104 137 
103 1 104 105 141 125 
104 1 105 140 
105 3 126 121 
106 1 107 
107 1 108 114 109 118 
108 1 109 129 118 128 139 114 115 
109 2 141 132 113 120 112 114 123 
110 1 113 111 114 
111 1 137 121 114 
112 1 135 114 
113 2 126 137 130 131 117 114 118 123 
114 2 117 139 120 
115 1 116 
116 1 137 117 138 123 118 
117 1 136 126 118 122 142 127 
118 2 125 120 119 
119 1 120 
120 2 121 125 123 
121 1 126 122 135 
122 2 141 137 130 135 123 
123 2 139 142 127 
124 1 125 138 
125 1 140 126 131 132 142 
126 1 136 141 132 127 
127 2 140 130 132 139 
128 1 129 
129 1 132 137 133 131 
130 1 132 
131 1 132 
132 3 136 137 
133 1 134 
134 1 136 140 137 139 142 
135 1 136 140 137 
136 2 141 137 
137 2 
138 1 141 139 
139 1 
140 1 141 
141 2 142 
142 2 
