name weight children
0 34 2 1 
1 39 7 8 14 5 3 17 25 
2 48 7 8 28 3 34 
3 28 18 4 25 46 
4 46 7 23 6 13 5 34 27 17 
5 36 7 28 6 45 
6 40 19 7 8 21 9 
7 41 18 31 14 9 34 8 27 36 
8 44 31 25 14 
9 12 31 10 46 36 11 
10 48 12 58 48 
11 42 15 17 12 55 38 
12 43 31 14 15 47 45 48 
13 35 25 14 28 27 17 51 57 42 
14 44 35 
15 28 25 31 
16 44 17 54 
17 27 18 32 28 
18 41 19 25 29 27 
19 41 21 26 31 
20 39 21 28 37 51 
21 37 24 28 
22 41 24 23 32 
23 31 25 30 
24 49 26 25 29 
25 20 26 30 46 52 
26 45 34 27 
27 29 31 28 
28 47 30 31 29 33 35 51 
29 32 30 32 31 
30 33 31 36 37 58 33 
31 43 34 36 48 51 57 
32 52 34 33 41 53 38 
33 49 51 49 
34 26 36 58 
35 47 36 45 49 57 
36 16 47 
37 42 53 38 
38 39 54 74 39 69 78 
39 32 41 44 49 60 71 62 40 
40 46 42 71 79 
41 31 42 66 58 
42 19 43 48 53 69 
43 42 52 45 50 
44 47 46 45 
45 38 55 57 48 73 74 77 
46 40 52 47 48 50 
47 28 48 56 50 
48 36 52 51 53 49 56 50 65 54 62 
49 35 50 54 70 71 
50 36 58 57 69 65 70 59 74 
51 45 52 55 63 60 54 
52 44 53 
53 42 58 55 54 70 
54 42 55 73 78 67 75 82 61 
55 34 
56 49 57 65 70 62 80 
57 46 58 72 69 70 62 
58 36 60 59 
59 24 74 78 79 85 
60 39 62 63 61 
61 38 69 70 62 81 88 77 107 
62 33 63 70 66 74 87 71 68 64 
63 28 
64 47 69 65 
65 47 72 66 68 
66 42 72 69 73 78 85 
67 34 72 69 76 68 96 
68 24 69 71 95 
69 32 74 
70 48 72 80 71 74 81 79 109 
71 35 82 73 89 95 
72 34 73 74 82 
73 28 74 95 
74 53 95 96 92 77 
75 45 78 76 95 77 
76 37 78 80 87 81 85 94 
77 40 82 96 109 78 
78 44 82 95 79 101 88 
79 48 80 
80 27 87 82 
81 46 82 92 111 
82 39 101 100 94 83 
83 48 104 
84 49 85 106 
85 15 87 86 108 
86 13 87 89 97 104 
87 58 88 91 
88 34 89 91 93 
89 27 
90 24 104 91 135 
91 46 101 92 107 112 108 98 122 121 130 117 
92 42 102 
93 40 95 94 100 109 125 121 
94 45 95 96 110 120 
95 68 99 97 101 102 
96 40 99 97 
97 35 100 101 109 129 
98 42 100 120 99 121 110 
99 40 100 108 102 147 122 
100 50 104 
101 34 104 108 130 102 132 
102 34 103 112 104 106 121 130 
103 36 104 108 105 109 113 
104 36 109 105 120 129 125 119 
105 22 125 
106 31 107 109 121 110 135 133 
107 43 109 
108 45 109 110 112 
109 29 110 120 
110 47 130 125 122 128 
111 48 116 
112 47 113 127 142 126 114 
113 50 121 117 124 125 133 
114 32 125 116 133 115 147 141 
115 48 136 125 123 140 128 118 
116 38 120 117 122 130 
117 47 125 135 146 127 142 118 143 
118 23 128 138 
119 34 120 128 131 
120 44 130 122 121 137 124 
121 42 122 125 123 126 128 
122 44 129 123 126 127 133 146 
123 20 128 
124 49 129 125 126 144 128 
125 31 128 147 
126 36 130 128 141 
127 32 136 128 133 
128 50 130 134 144 142 
129 21 130 146 
130 55 136 132 135 133 142 131 
131 46 
132 26 
133 50 136 137 134 145 142 
134 25 141 
135 36 137 
136 44 137 144 147 
137 35 
138 47 139 
139 27 147 144 142 
140 41 142 
141 33 142 
142 41 
143 35 144 
144 31 
145 42 146 
146 32 147 
147 51 
