name weight children
0 26 34 1 59 
1 37 3 57 28 
2 33 12 3 59 10 8 4 60 
3 31 36 18 38 45 20 42 26 
4 35 15 
5 34 16 30 6 60 53 14 68 66 
6 47 23 26 7 8 
7 14 22 33 30 
8 24 16 
9 46 39 12 16 30 44 11 28 10 
10 26 60 14 
11 32 12 22 42 59 
12 48 17 21 43 34 33 15 
13 35 15 14 47 
14 34 16 60 68 61 
15 33 16 45 
16 42 39 31 60 
17 17 18 43 37 20 39 19 
18 23 42 19 45 23 
19 47 36 38 23 22 26 
20 41 21 30 23 
21 54 37 23 41 42 35 22 39 
22 49 23 26 45 57 47 
23 91 43 45 26 39 24 
24 36 25 27 26 57 
25 44 39 57 
26 60 38 33 27 45 31 
27 21 28 
28 40 42 30 44 29 58 61 
29 40 57 77 
30 37 42 39 34 31 46 
31 45 68 58 
32 39 36 43 37 35 33 
33 12 42 39 34 44 
34 30 40 38 37 42 39 35 
35 44 40 
36 54 39 37 38 41 42 
37 46 38 39 
38 79 43 39 
39 132 40 45 
40 48 41 42 
41 38 45 
42 78 43 45 
43 63 45 
44 34 45 
45 87 56 47 
46 25 55 47 
47 33 48 63 
48 41 60 49 51 76 53 
49 17 60 68 66 50 77 103 
50 65 59 68 58 54 51 75 52 103 
51 73 60 53 70 61 62 77 106 102 75 
52 60 73 53 72 101 100 
53 85 57 58 67 63 54 73 75 
54 47 58 60 57 55 73 76 103 
55 66 57 60 58 77 76 
56 43 57 60 
57 103 59 60 
58 59 59 60 68 77 
59 60 60 
60 99 77 61 68 62 
61 50 75 73 
62 27 67 63 73 71 64 
63 38 69 
64 14 66 76 75 65 
65 39 73 
66 15 67 68 69 
67 23 
68 42 77 71 69 73 
69 59 77 70 74 71 75 107 99 
70 36 71 77 75 73 103 
71 62 76 73 74 75 103 107 
72 45 73 103 107 
73 126 75 76 98 102 107 99 106 104 
74 62 77 75 105 98 101 
75 137 77 76 98 101 103 97 100 96 102 
76 103 77 103 101 
77 113 
78 40 79 90 91 92 
79 42 107 82 80 81 
80 35 100 90 83 91 
81 28 104 82 86 85 84 91 
82 35 98 101 
83 36 100 84 91 
84 21 87 92 
85 47 101 100 86 90 91 92 
86 43 103 87 
87 50 90 91 88 
88 36 107 91 
89 46 107 90 91 
90 82 102 101 107 91 
91 198 107 104 95 98 102 106 92 
92 192 107 98 96 102 
93 40 97 106 102 107 94 96 
94 41 101 
95 22 101 96 
96 33 99 107 
97 43 98 
98 70 103 107 106 99 100 
99 48 
100 33 101 107 
101 106 103 106 102 107 
102 94 103 107 
103 96 107 106 
104 36 105 106 
105 42 107 
106 74 107 
107 155 
