name weight children
0 2 9 1 
1 3 2 9 8 6 
2 1 4 
3 2 18 4 19 9 8 
4 5 18 19 15 9 16 5 8 
5 3 19 9 6 
6 1 9 8 
7 1 9 
8 8 18 9 19 
9 22 19 12 16 15 
10 1 13 11 19 
11 1 28 24 13 14 18 
12 1 29 13 17 
13 3 24 27 29 14 28 19 16 
14 8 28 24 29 18 16 19 15 
15 2 19 16 18 
16 3 18 19 
17 1 19 
18 8 27 29 24 19 
19 21 28 29 
20 1 21 29 24 
21 2 33 40 39 37 24 29 28 
22 1 23 28 
23 6 35 30 36 40 24 25 39 29 26 
24 14 30 39 40 37 25 28 29 
25 1 26 40 29 28 
26 2 39 29 
27 1 28 
28 9 29 
29 12 40 39 38 
30 1 31 40 39 37 
31 1 32 39 
32 2 34 37 40 39 
33 4 34 37 39 36 
34 2 37 39 36 40 
35 1 37 39 
36 6 37 39 40 
37 8 39 40 
38 1 40 39 
39 15 40 
40 13 
