name weight children
0 42 2 3 25 1 14 
1 27 17 13 
2 21 44 
3 55 8 7 23 10 
4 23 5 8 
5 45 27 53 36 29 50 30 7 17 
6 28 8 
7 41 8 17 13 10 
8 62 29 30 21 19 13 
9 34 11 10 
10 38 11 
11 38 30 12 16 20 15 
12 41 19 32 13 
13 57 21 15 14 
14 16 17 16 
15 44 17 16 
16 42 24 17 
17 38 26 45 18 21 
18 46 72 36 25 20 
19 44 26 54 34 20 23 25 
20 68 54 52 30 24 21 
21 47 50 24 22 25 
22 18 25 
23 44 30 54 25 
24 41 26 25 
25 47 35 
26 23 27 38 34 
27 38 42 51 44 29 61 
28 42 30 34 
29 38 59 72 73 63 30 
30 34 44 
31 43 32 33 
32 37 63 34 
33 49 34 
34 44 35 
35 19 
36 37 41 58 37 39 63 38 61 52 
37 46 140 132 57 60 145 56 42 39 40 63 38 45 
38 43 40 39 54 
39 41 66 
40 18 41 44 
41 56 138 47 71 49 73 44 
42 41 69 64 48 49 67 44 
43 11 62 44 
44 57 57 64 51 46 
45 36 49 50 
46 36 52 
47 24 112 48 58 
48 35 138 49 
49 45 146 53 
50 62 68 63 53 51 
51 28 72 54 
52 31 72 53 54 
53 45 72 54 
54 57 
55 18 56 60 71 58 
56 55 131 142 130 57 68 69 132 65 59 
57 51 138 139 71 58 145 132 59 
58 33 138 73 
59 40 144 69 60 63 
60 40 138 62 
61 38 72 63 
62 26 145 63 
63 55 65 68 
64 42 141 147 144 135 134 65 68 70 66 
65 33 139 66 
66 23 69 140 71 67 
67 39 145 146 71 68 72 
68 53 144 
69 45 124 71 70 
70 34 71 73 
71 46 147 144 138 73 
72 46 73 
73 31 146 
74 36 95 110 81 77 83 75 125 136 119 
75 35 96 85 92 79 123 
76 48 105 77 85 78 97 126 89 90 91 127 
77 38 98 103 126 
78 47 95 90 103 79 80 
79 23 91 
80 48 85 97 81 90 123 148 
81 39 101 107 82 90 126 
82 42 105 83 125 111 
83 43 102 84 105 95 85 90 92 87 122 119 148 
84 28 99 101 104 95 85 88 91 
85 37 86 100 90 89 
86 36 99 88 97 
87 30 95 90 88 115 121 
88 46 90 129 89 123 
89 46 90 91 125 126 136 121 113 
90 38 109 91 111 122 126 
91 47 105 100 96 103 94 111 119 122 113 118 143 
92 38 93 100 108 105 95 125 123 127 
93 28 109 95 96 
94 30 108 95 97 
95 61 104 105 100 
96 31 99 101 109 105 103 97 126 111 
97 42 105 100 122 119 114 
98 33 100 
99 23 100 
100 55 102 106 105 
101 43 105 103 
102 39 105 103 110 
103 43 109 106 104 105 110 
104 32 105 108 110 
105 48 109 106 
106 34 107 108 110 
107 42 109 
108 19 109 
109 41 110 
110 45 
111 30 113 136 119 112 
112 50 127 125 128 116 130 113 114 
113 35 115 121 114 
114 45 128 116 127 117 147 138 
115 42 126 119 116 
116 27 125 119 133 142 117 
117 37 119 118 144 140 
118 43 119 122 127 131 138 
119 44 126 125 121 142 137 148 
120 42 128 126 121 142 124 134 
121 32 123 
122 45 126 127 124 
123 21 125 131 142 124 
124 44 125 133 147 138 
125 43 126 127 137 
126 50 128 137 147 135 
127 35 129 142 128 131 141 
128 32 129 
129 47 
130 34 131 
131 26 136 138 144 132 145 146 
132 33 142 133 138 145 
133 59 137 138 
134 49 135 144 138 
135 23 148 137 
136 33 137 
137 33 138 140 
138 58 142 144 141 
139 38 142 140 
140 37 145 146 
141 39 143 142 144 146 
142 43 143 
143 17 144 
144 38 148 147 145 146 
145 43 
146 35 147 
147 47 148 
148 38 
