name weight children
0 2 2 6 1 9 7 
1 1 2 4 6 5 9 
2 3 4 6 5 3 9 7 
3 4 4 6 5 7 10 9 12 
4 8 6 5 9 7 
5 8 6 7 8 9 10 14 
6 14 9 10 8 13 
7 6 9 10 8 14 11 12 13 
8 4 12 9 10 14 
9 10 10 14 12 
10 9 12 14 13 
11 5 12 14 13 24 25 28 
12 12 13 14 23 24 29 25 
13 6 23 14 25 24 
14 7 25 24 28 
15 2 21 17 20 
16 2 28 19 17 20 21 
17 3 25 26 27 21 20 18 
18 5 25 29 19 21 20 
19 5 29 28 21 20 
20 11 25 29 27 21 
21 19 29 25 26 
22 2 23 25 
23 5 25 29 24 28 
24 7 27 25 29 28 
25 13 27 28 29 26 
26 3 27 28 29 
27 4 29 28 
28 5 29 
29 15 
