name weight children
0 48 16 2 20 9 5 23 26 
1 58 2 23 13 18 4 
2 44 21 14 9 5 26 
3 49 24 5 23 4 
4 67 14 23 5 32 31 6 47 30 48 
5 73 14 24 9 7 36 32 26 
6 47 8 27 29 
7 65 23 22 13 11 8 12 33 34 
8 68 9 14 21 13 26 25 47 30 48 
9 42 24 14 15 13 21 11 
10 22 11 
11 52 16 18 27 30 47 
12 30 14 18 32 26 
13 74 22 21 19 14 15 24 
14 79 16 23 22 24 17 31 
15 42 16 23 22 24 
16 52 22 17 
17 63 23 26 47 20 31 
18 39 22 21 19 23 26 
19 46 23 20 
20 52 22 24 47 
21 64 23 22 24 
22 62 24 23 
23 66 24 27 
24 71 31 
25 44 26 27 33 31 48 28 37 
26 82 47 35 31 27 34 29 
27 95 35 30 34 36 33 41 29 72 42 28 71 63 
28 42 32 45 29 39 70 
29 48 47 36 30 49 39 
30 77 36 49 63 67 40 
31 55 33 46 32 35 
32 66 33 36 47 
33 48 34 36 
34 43 35 45 
35 57 36 49 39 62 38 
36 74 48 47 45 62 49 
37 47 44 45 42 38 39 
38 39 43 39 45 40 51 74 
39 51 49 74 71 73 
40 45 41 54 
41 57 42 44 45 71 74 67 63 55 
42 55 47 
43 48 46 71 45 
44 49 48 46 47 73 45 
45 71 48 46 73 69 68 
46 50 47 48 72 49 
47 73 48 
48 71 49 
49 78 67 69 51 
50 35 52 
51 67 52 70 74 66 61 60 
52 68 72 53 74 69 55 58 54 83 61 60 77 
53 40 63 71 54 
54 77 63 55 70 76 86 67 91 82 61 89 
55 63 57 
56 41 57 58 59 92 81 
57 39 74 64 70 82 58 60 87 99 
58 59 74 70 61 98 87 77 93 86 
59 44 70 61 92 60 83 
60 76 61 89 88 
61 90 71 66 83 86 99 96 98 
62 34 73 64 63 71 
63 43 70 64 74 69 
64 55 69 67 70 91 66 
65 44 67 74 
66 56 70 67 93 74 82 92 99 
67 88 73 70 72 92 
68 36 73 69 74 
69 54 70 71 74 
70 52 72 71 74 89 91 
71 57 73 72 74 
72 62 74 73 
73 77 74 
74 102 89 91 
75 25 77 96 81 80 
76 48 77 86 
77 80 91 89 99 96 79 86 78 
78 49 79 97 84 
79 55 82 89 85 80 
80 60 98 
81 39 83 97 86 
82 31 91 83 
83 62 93 88 85 97 
84 30 87 85 94 97 
85 58 86 98 90 95 
86 81 88 
87 46 92 88 97 94 
88 42 89 96 
89 48 91 93 96 99 
90 47 91 97 
91 75 92 99 95 
92 79 99 97 93 96 
93 63 94 97 98 
94 49 99 95 97 98 
95 39 96 99 
96 63 99 97 98 
97 95 99 98 
98 71 99 
99 88 
