name weight children
0 94 3 1 6 4 2 12 10 8 19 
1 93 9 5 13 2 6 10 
2 93 4 13 5 12 3 6 11 16 8 15 10 20 17 18 
3 110 5 4 6 10 16 
4 88 5 6 8 
5 112 6 9 11 7 16 8 12 17 20 
6 122 9 13 10 19 
7 48 8 17 18 
8 113 9 16 20 19 27 
9 67 10 11 12 18 15 17 
10 123 13 11 12 15 20 
11 124 13 12 17 18 27 15 20 
12 84 13 23 18 27 
13 121 
14 105 15 16 19 18 23 20 28 27 48 
15 89 16 18 19 24 
16 85 17 18 26 19 24 
17 120 19 18 23 24 20 28 25 26 46 
18 122 19 23 20 25 21 28 22 27 46 24 
19 87 20 27 28 49 25 44 48 24 
20 83 23 
21 81 23 44 25 22 24 28 47 55 
22 110 23 27 24 49 46 44 53 
23 88 28 24 27 
24 138 25 28 27 47 26 44 49 52 
25 90 27 28 26 46 56 55 
26 94 28 
27 92 49 28 55 56 45 
28 104 44 49 46 54 
29 66 40 31 34 30 32 
30 91 33 39 31 37 32 38 
31 117 52 42 35 39 34 41 33 38 
32 102 42 35 40 39 34 33 37 38 
33 94 45 51 53 42 34 37 39 40 
34 99 51 42 41 35 
35 125 53 50 55 51 52 42 57 36 39 37 38 
36 80 50 42 39 
37 105 57 40 41 42 38 
38 76 39 40 
39 91 50 53 42 40 43 52 41 
40 92 42 52 41 
41 95 56 50 42 
42 126 44 54 50 57 53 52 
43 75 46 50 53 
44 115 49 48 50 46 45 
45 60 50 47 52 
46 93 49 47 48 54 53 52 
47 118 49 55 56 50 
48 90 56 49 53 57 54 50 
49 105 55 50 
50 108 55 56 53 57 51 52 
51 78 55 53 
52 88 53 57 
53 135 54 57 56 55 
54 73 55 57 56 
55 94 57 
56 75 57 
57 118 
