name weight children
0 48 73 14 81 21 23 2 66 6 9 
1 48 23 2 17 5 53 56 55 
2 59 82 24 6 8 7 3 48 26 5 12 53 30 35 
3 54 71 73 15 4 11 56 5 
4 48 17 5 13 44 30 51 56 43 
5 58 81 6 8 11 30 51 48 
6 69 48 44 
7 41 17 8 
8 61 27 9 18 17 10 56 13 12 51 55 54 
9 33 53 48 
10 37 16 17 11 53 44 12 30 47 
11 49 23 17 
12 48 17 55 33 13 51 35 46 
13 47 30 
14 41 68 75 22 20 25 16 
15 72 68 74 73 27 75 18 20 
16 43 74 84 17 53 
17 67 62 80 23 83 85 75 71 19 24 18 20 53 26 31 
18 38 23 55 
19 41 20 73 
20 64 65 81 25 
21 38 23 
22 51 104 23 80 71 
23 47 61 65 27 24 
24 44 74 25 
25 67 26 
26 55 27 56 55 
27 45 63 72 80 
28 57 30 51 34 29 40 46 
29 33 30 36 52 
30 62 51 48 31 32 
31 56 53 56 38 34 32 37 
32 37 53 34 41 
33 38 34 35 
34 74 55 48 51 35 
35 55 44 51 55 48 36 41 37 46 
36 57 40 41 37 52 
37 39 56 50 
38 34 54 39 
39 38 41 
40 63 53 54 50 41 
41 71 51 
42 28 44 52 
43 48 51 55 48 44 52 
44 76 48 56 47 46 
45 42 48 54 52 46 
46 64 48 47 50 
47 45 48 
48 69 53 55 52 
49 44 50 52 
50 40 56 52 
51 48 53 52 55 
52 54 56 53 55 54 
53 63 55 56 54 
54 46 56 55 
55 54 56 
56 70 
57 49 60 76 58 80 73 
58 42 87 92 101 79 59 65 
59 69 105 101 104 60 63 72 65 61 68 62 74 66 
60 54 112 92 101 105 76 70 61 67 63 69 
61 55 105 68 96 78 63 73 62 84 75 
62 33 65 83 81 
63 73 77 81 66 
64 37 87 68 65 
65 40 104 70 81 66 
66 74 67 81 
67 55 90 68 96 70 80 76 74 
68 56 101 109 72 76 69 77 73 81 
69 44 70 84 
70 41 100 104 99 80 79 77 
71 53 73 80 82 75 
72 51 76 73 77 82 
73 52 80 83 74 84 
74 35 76 75 81 
75 59 77 83 84 
76 56 96 97 91 105 99 77 89 78 
77 60 81 
78 28 93 79 83 81 
79 72 87 80 81 
80 35 104 83 81 84 
81 70 82 85 
82 47 83 
83 75 
84 44 
85 47 
86 48 107 87 114 88 101 
87 63 112 108 110 92 88 109 95 93 103 96 
88 39 110 94 91 
89 38 90 91 
90 43 106 92 104 
91 48 92 101 95 
92 64 108 113 110 114 97 99 
93 47 103 95 
94 56 110 114 105 97 95 109 101 
95 60 98 97 104 
96 32 113 98 97 
97 73 113 99 109 101 
98 30 103 99 
99 71 105 
100 37 105 111 101 109 
101 52 112 110 102 108 103 105 
102 58 107 113 106 103 104 
103 54 113 105 110 106 104 
104 48 109 105 
105 63 112 106 108 
106 47 112 108 
107 46 113 110 114 108 112 109 
108 51 110 109 
109 46 110 112 
110 79 113 114 112 
111 19 114 
112 75 114 
113 37 114 
114 59 
