name weight children
0 58 20 6 9 1 4 42 32 38 
1 60 7 8 9 6 2 16 12 26 25 4 19 22 
2 32 20 6 15 3 26 22 
3 56 9 10 17 4 12 29 23 
4 93 9 21 11 25 34 
5 46 6 10 36 
6 113 7 20 9 21 8 10 18 17 12 36 25 29 
7 69 20 9 10 19 16 12 17 26 
8 38 10 9 13 12 
9 83 13 21 10 14 18 
10 101 17 12 21 20 
11 37 15 18 12 28 
12 45 17 20 18 42 34 
13 42 14 18 
14 47 15 
15 47 25 
16 45 18 29 19 42 
17 65 21 18 20 36 26 
18 108 21 20 36 28 37 32 
19 44 20 25 
20 84 21 36 
21 93 26 29 37 36 34 
22 53 25 36 29 26 35 28 23 43 31 38 
23 43 25 31 28 36 47 53 
24 40 26 28 31 
25 68 26 35 42 31 32 48 
26 60 34 29 35 43 49 32 
27 71 29 42 28 51 30 40 48 50 
28 77 29 36 35 31 32 
29 80 31 37 38 32 47 
30 46 32 55 
31 86 32 43 39 48 55 38 45 54 
32 64 33 50 
33 40 36 34 48 39 
34 45 36 37 39 
35 87 36 37 47 41 
36 59 37 43 
37 91 40 51 
38 35 39 43 55 
39 56 43 40 51 53 
40 59 56 52 55 
41 39 43 
42 70 43 
43 99 51 44 
44 38 45 54 
45 43 49 51 48 55 59 62 68 
46 27 48 
47 49 49 48 50 54 63 
48 80 55 50 51 54 59 
49 61 51 54 
50 87 51 52 53 54 59 
51 85 53 55 54 63 
52 45 65 54 53 
53 81 58 54 62 65 81 80 
54 108 56 73 59 61 55 76 64 
55 83 56 61 58 65 62 57 
56 55 65 59 
57 47 59 72 68 
58 64 65 62 59 75 78 
59 62 62 64 76 75 
60 35 62 
61 72 62 64 72 74 
62 88 65 73 72 76 64 66 
63 42 76 65 64 
64 76 65 68 75 
65 86 72 71 76 74 
66 72 75 81 78 69 70 79 67 
67 46 
68 54 71 76 70 75 69 79 86 84 88 
69 40 72 76 70 81 78 82 88 
70 63 76 78 79 72 85 86 77 
71 52 73 76 85 82 72 
72 66 73 88 76 79 84 75 81 82 83 
73 66 77 76 75 
74 48 75 78 
75 81 76 81 
76 89 82 81 79 85 83 
77 38 81 82 79 78 86 
78 80 81 88 86 87 79 84 82 
79 76 81 85 86 82 88 83 87 84 
80 47 82 
81 71 82 84 
82 95 86 88 85 83 
83 32 85 86 
84 69 85 86 
85 71 88 
86 55 88 87 
87 50 88 
88 71 
