name weight children
0 1 1 
1 2 2 7 8 17 18 
2 2 3 7 8 5 
3 2 8 17 
4 2 5 8 7 18 9 13 
5 2 8 7 17 
6 1 7 17 
7 15 8 17 15 18 
8 16 17 18 
9 1 18 17 13 11 10 
10 1 18 28 
11 1 17 13 
12 7 18 17 13 27 28 36 37 
13 8 15 17 18 27 28 24 16 23 19 25 
14 1 17 15 18 
15 3 17 18 
16 1 18 27 25 
17 15 18 
18 16 27 28 23 
19 1 28 25 27 23 22 20 38 
20 1 28 
21 1 28 22 
22 4 25 27 28 23 37 38 34 35 
23 4 27 26 37 36 38 
24 1 28 25 
25 2 28 27 
26 1 28 27 38 
27 5 28 35 38 
28 14 35 37 38 
29 2 30 33 38 32 
30 2 38 33 32 
31 1 32 
32 15 35 38 37 33 
33 14 38 37 
34 1 35 38 
35 3 38 
36 2 38 
37 8 38 
38 21 
