name weight children
0 163 18 14 4 5 7 1 10 27 6 20 23 19 
1 151 17 5 18 7 4 8 10 6 2 3 27 
2 116 5 4 7 25 
3 123 15 4 7 8 5 26 10 27 19 
4 150 11 18 15 17 9 16 14 5 7 27 
5 221 12 16 17 7 18 9 15 8 6 27 26 
6 129 15 8 7 27 26 19 
7 237 12 18 9 17 15 8 10 
8 142 10 27 20 
9 124 11 12 13 17 18 
10 106 12 16 15 19 22 
11 103 12 18 13 17 15 16 
12 236 13 16 14 18 15 17 
13 192 14 18 16 17 15 
14 94 15 17 18 
15 162 16 17 18 
16 125 18 
17 111 18 
18 227 
19 168 26 27 20 22 25 21 24 32 
20 79 27 25 21 31 
21 230 26 23 24 22 31 30 28 34 
22 227 26 27 25 23 31 32 24 30 37 28 34 29 35 36 
23 183 25 27 31 24 26 30 32 
24 153 27 25 31 30 28 34 29 32 
25 143 27 26 
26 113 27 31 
27 214 30 
28 69 37 32 29 33 
29 200 31 37 32 33 36 35 34 
30 105 37 32 34 
31 194 32 37 34 33 36 35 
32 177 34 37 33 35 
33 155 37 36 35 34 
34 111 37 36 35 
35 135 37 36 
36 122 37 
37 206 
