name weight children
0 22 1 
1 52 18 4 3 5 28 30 39 
2 61 10 3 17 22 4 5 26 29 
3 69 10 9 6 17 8 21 4 15 25 
4 89 20 10 17 9 15 19 29 14 39 30 42 27 
5 39 7 9 20 6 10 12 29 
6 84 10 7 18 38 
7 52 18 9 10 13 
8 42 18 10 9 17 
9 88 20 10 17 21 
10 104 20 17 16 21 11 22 12 14 
11 49 15 12 
12 33 13 28 
13 48 18 20 17 15 14 29 
14 81 17 15 29 26 39 30 42 28 31 
15 106 20 17 32 26 22 
16 33 18 29 38 
17 69 18 20 21 19 
18 82 22 
19 45 21 29 24 
20 71 21 
21 56 29 
22 55 25 40 26 29 24 32 23 
23 26 32 33 
24 86 29 28 25 26 43 34 31 33 59 61 
25 48 26 29 27 31 
26 66 32 39 
27 43 28 29 32 43 
28 61 29 32 30 31 61 36 
29 98 38 32 31 30 37 61 
30 77 32 41 31 59 56 35 
31 75 32 39 43 60 41 33 
32 78 43 38 41 60 33 
33 62 41 40 65 34 43 35 50 
34 75 39 43 36 41 62 64 
35 45 37 48 
36 55 39 37 
37 57 39 43 61 65 56 59 46 
38 44 39 42 40 
39 93 43 40 63 
40 112 43 42 61 41 63 62 64 
41 78 43 42 56 59 50 
42 43 43 
43 70 63 59 64 
44 56 59 45 58 51 54 83 65 68 85 79 
45 40 56 62 48 85 
46 63 48 50 57 
47 40 60 50 62 48 
48 77 60 58 50 74 73 84 68 54 88 
49 35 50 
50 87 62 51 65 59 71 53 54 74 
51 81 58 65 53 54 88 52 
52 87 58 57 88 54 85 68 70 
53 42 62 71 54 68 87 
54 70 67 72 78 87 82 
55 44 56 65 
56 48 63 58 
57 39 65 58 68 71 86 70 78 
58 95 60 59 61 62 65 88 84 67 
59 97 61 60 62 65 64 
60 46 63 62 61 65 
61 59 63 65 62 
62 78 64 65 
63 39 64 65 
64 74 65 
65 102 88 84 71 
66 60 67 75 69 
67 54 71 86 70 79 82 
68 71 84 75 88 82 87 69 
69 64 74 70 87 78 72 
70 41 85 
71 42 76 86 87 72 
72 66 74 73 76 82 
73 55 88 82 75 81 
74 84 84 76 88 82 
75 55 88 76 
76 93 79 82 77 81 
77 58 78 87 79 
78 85 85 84 86 79 81 87 82 80 
79 54 87 88 82 
80 47 82 84 
81 61 83 86 82 
82 101 87 84 
83 38 85 87 
84 75 88 85 
85 79 86 87 
86 46 88 87 
87 82 88 
88 90 
