name weight children
0 2 8 18 1 13 
1 2 18 6 12 3 
2 2 3 13 
3 2 17 18 8 12 13 
4 1 5 12 
5 1 15 8 18 17 
6 1 7 17 12 
7 2 27 8 
8 6 26 24 16 18 22 17 9 
9 2 18 17 12 13 10 
10 2 18 12 13 
11 1 18 12 
12 8 17 18 14 13 
13 20 17 18 14 
14 3 15 18 17 
15 3 21 24 18 20 22 17 
16 1 27 19 18 
17 8 27 18 
18 19 26 22 27 
19 1 20 27 22 
20 2 27 
21 2 31 32 27 22 
22 5 27 24 
23 3 31 26 32 27 24 
24 3 26 27 
25 1 27 
26 19 31 32 29 27 
27 17 31 32 37 
28 1 37 29 32 
29 2 31 37 
30 1 36 31 
31 9 36 37 32 
32 17 34 37 35 33 36 
33 1 34 36 37 
34 2 37 35 36 
35 1 37 36 
36 7 37 
37 20 
