name weight children
0 1 9 11 1 10 21 23 
1 1 4 
2 1 11 3 6 23 
3 2 4 11 8 
4 2 15 9 23 8 16 21 
5 1 7 8 15 12 
6 1 7 9 
7 2 8 10 11 9 16 
8 4 9 11 21 17 
9 5 10 11 23 18 
10 4 11 18 
11 11 22 24 16 14 17 19 
12 2 16 14 35 33 
13 1 16 24 14 22 35 
14 3 19 17 24 22 34 33 20 
15 1 16 24 21 
16 2 23 17 21 19 24 
17 4 22 21 24 37 
18 1 23 22 19 21 24 
19 1 23 22 20 29 
20 2 23 21 34 35 
21 4 23 22 24 35 34 37 
22 5 24 23 35 34 29 
23 5 24 34 35 33 
24 8 27 34 37 35 29 
25 1 37 26 44 28 41 
26 2 35 27 31 37 42 44 
27 2 29 34 30 37 35 32 
28 1 30 37 
29 2 35 33 30 
30 2 35 33 36 44 41 
31 2 35 37 32 44 
32 2 33 37 35 36 44 
33 2 37 35 34 
34 5 35 37 
35 12 37 36 44 38 
36 4 37 44 45 
37 11 44 40 42 43 38 39 41 47 51 
38 3 44 40 42 47 41 
39 3 44 40 43 51 41 
40 1 44 42 
41 6 44 42 43 51 49 47 46 48 50 
42 4 44 51 46 49 48 50 
43 7 44 49 51 48 47 
44 14 51 47 
45 1 47 49 
46 2 47 51 48 49 
47 4 51 49 
48 4 51 49 50 
49 9 51 50 
50 5 51 
51 15 
