name weight children
0 41 17 2 11 1 4 13 15 
1 68 2 11 25 35 7 6 13 31 
2 38 26 24 3 10 7 6 
3 45 24 17 7 26 27 5 28 6 22 4 
4 56 6 25 37 
5 38 26 6 13 
6 65 24 27 10 17 12 11 35 21 50 
7 67 26 12 11 9 
8 38 9 21 45 
9 43 22 13 39 
10 42 17 27 11 25 19 12 13 
11 48 27 20 16 14 13 32 31 
12 38 28 13 
13 70 25 18 45 31 33 37 89 42 
14 46 15 25 18 22 39 45 
15 67 27 17 22 16 37 45 
16 30 18 39 
17 56 27 18 25 23 
18 60 21 19 20 
19 42 24 23 25 20 39 32 36 43 
20 47 47 
21 48 22 23 45 
22 64 26 28 27 24 35 32 
23 39 24 27 
24 69 26 
25 46 26 27 50 
26 39 27 
27 44 28 
28 57 39 
29 44 35 37 50 56 
30 39 35 31 46 48 42 92 
31 59 35 51 33 42 56 
32 42 36 34 33 42 
33 60 35 39 56 52 50 49 44 42 
34 49 35 45 37 52 
35 54 45 37 39 49 56 
36 46 47 37 41 
37 57 38 39 42 46 55 54 52 41 
38 31 50 39 44 42 
39 56 45 50 
40 39 41 42 90 
41 60 42 46 48 103 
42 75 43 49 89 98 
43 37 50 
44 35 45 52 95 58 48 96 101 
45 56 50 51 46 47 
46 60 50 56 51 58 
47 57 49 48 54 
48 36 50 49 55 53 90 98 110 
49 47 50 56 52 89 54 100 
50 56 51 52 99 95 
51 51 52 92 53 
52 52 57 54 56 90 95 102 107 
53 47 57 54 104 
54 46 56 100 
55 19 57 92 56 100 99 
56 79 99 58 101 
57 53 58 99 107 100 
58 49 95 114 
59 48 108 83 71 62 60 67 
60 64 61 65 68 
61 40 109 83 111 70 72 63 77 
62 44 110 70 108 83 78 63 68 82 65 64 
63 45 70 111 65 
64 42 69 68 65 
65 64 117 77 85 67 
66 44 67 
67 61 72 81 68 87 88 78 
68 33 72 71 73 83 69 81 
69 46 117 72 71 73 87 76 
70 50 101 110 118 114 104 111 71 73 83 74 
71 48 113 117 72 105 81 87 79 73 78 
72 70 93 113 108 104 73 74 78 
73 44 114 104 116 82 
74 56 113 83 76 82 79 78 
75 38 76 80 
76 34 
77 24 116 78 
78 80 105 83 117 79 80 87 88 
79 70 83 82 80 
80 45 87 81 
81 63 117 84 83 82 85 88 
82 41 116 85 
83 58 107 117 110 115 108 105 111 84 88 
84 34 85 
85 57 88 86 
86 36 87 
87 47 88 
88 60 
89 43 91 92 100 99 95 
90 48 99 91 104 110 118 
91 73 96 112 104 
92 45 95 93 113 
93 44 114 
94 23 95 107 
95 65 98 114 
96 44 100 97 104 
97 67 99 98 114 
98 64 99 102 114 113 
99 47 101 
100 29 103 102 101 114 112 106 113 
101 57 111 
102 41 113 
103 47 
104 67 114 110 105 
105 29 110 106 108 114 
106 41 113 
107 24 108 
108 78 110 113 114 112 
109 22 110 
110 86 112 
111 37 113 114 112 117 
112 49 
113 50 114 117 
114 56 116 117 
115 47 117 
116 48 117 
117 75 118 
118 33 
