name weight children
0 45 3 18 
1 43 7 3 8 16 19 
2 141 8 7 3 18 19 15 
3 250 8 7 18 19 5 
4 49 8 5 
5 41 8 6 7 16 15 19 
6 10 8 
7 156 8 
8 372 19 18 16 
9 59 19 16 10 13 12 
10 45 16 19 15 13 12 27 
11 42 13 27 28 
12 321 18 15 16 19 13 27 25 24 28 23 
13 437 18 15 16 19 17 27 24 23 26 28 
14 15 19 15 
15 155 18 16 19 
16 164 19 18 
17 33 18 19 
18 350 19 
19 369 
20 48 23 37 21 35 
21 57 27 22 37 23 32 
22 128 28 23 37 35 
23 234 27 24 28 35 33 37 
24 67 27 25 28 
25 26 35 
26 43 27 28 
27 280 28 35 37 
28 570 37 35 32 38 34 31 
29 43 38 32 31 
30 33 32 
31 151 32 38 37 35 34 
32 151 37 35 38 
33 36 35 37 
34 93 35 37 38 
35 267 37 38 
36 37 37 
37 312 38 
38 510 
