name weight children
0 1 5 11 1 
1 1 13 26 22 
2 1 3 
3 2 51 46 53 50 8 4 13 5 
4 2 55 54 9 5 13 18 
5 3 48 9 8 47 10 13 25 18 17 
6 2 8 9 50 13 7 10 
7 3 48 50 10 9 26 28 
8 3 55 56 51 46 54 49 9 10 13 
9 8 53 48 57 50 54 10 13 25 11 12 
10 4 53 12 11 13 25 26 
11 5 13 25 20 21 
12 3 53 13 26 20 24 18 
13 6 50 20 21 23 
14 1 25 16 
15 1 16 17 27 24 
16 2 25 24 20 28 26 27 
17 1 26 18 24 25 
18 2 20 25 26 19 28 
19 1 20 
20 3 25 23 24 28 26 
21 4 24 23 27 28 26 22 
22 2 24 
23 3 25 26 24 28 
24 4 25 26 28 
25 4 26 28 
26 9 27 28 
27 4 28 
28 8 
29 1 42 39 30 34 
30 1 42 39 40 37 34 
31 1 39 40 41 42 32 34 
32 2 33 38 37 45 51 57 
33 4 42 39 41 40 37 34 56 52 43 49 51 
34 5 42 36 40 38 52 55 57 43 
35 2 40 42 36 38 
36 3 41 42 37 52 40 57 56 
37 3 42 39 40 41 38 57 
38 3 40 42 41 57 56 46 55 
39 2 42 40 41 
40 6 42 41 56 44 
41 5 42 55 51 
42 15 56 55 51 52 
43 1 44 45 52 57 48 46 
44 1 45 55 
45 1 
46 4 55 57 50 54 49 53 47 48 
47 2 56 51 
48 2 49 
49 2 54 55 57 51 53 
50 5 57 51 53 54 
51 5 52 57 55 56 53 
52 5 57 55 53 54 
53 5 57 55 54 
54 3 55 57 
55 6 56 57 
56 3 57 
57 9 
