name weight children
0 43 20 1 2 52 8 
1 34 33 34 3 44 10 
2 48 26 14 18 22 24 48 40 86 54 42 
3 30 29 27 33 4 10 7 38 
4 46 7 26 14 23 45 47 
5 31 24 7 
6 30 23 14 45 7 
7 67 29 12 48 69 
8 38 10 69 
9 39 30 27 11 15 10 
10 61 12 19 14 47 
11 26 12 19 14 
12 30 27 34 24 26 14 
13 47 23 14 15 62 
14 47 15 
15 42 33 26 22 45 38 63 41 
16 37 24 17 19 26 48 
17 19 34 
18 38 29 21 19 22 
19 35 30 32 34 33 24 23 44 52 
20 47 32 33 21 23 24 
21 20 34 23 
22 23 23 27 
23 48 29 24 27 38 40 
24 63 32 25 33 44 40 47 43 
25 37 32 26 44 
26 46 33 31 27 52 
27 49 29 34 28 32 33 
28 34 29 34 
29 37 31 45 
30 48 31 33 34 
31 26 34 32 33 
32 38 33 34 
33 72 34 
34 75 
35 35 39 50 42 37 64 
36 34 44 40 37 43 
37 39 44 67 65 83 
38 42 63 46 39 42 
39 44 44 40 43 51 42 68 
40 25 61 42 
41 37 52 42 
42 73 48 51 88 78 66 53 65 100 
43 41 44 45 59 51 55 70 
44 54 47 48 52 46 51 49 
45 32 47 52 50 
46 49 47 54 59 
47 35 51 61 69 67 
48 41 54 50 63 49 69 
49 44 51 55 
50 31 52 68 
51 51 52 62 69 59 79 65 80 88 
52 43 61 54 69 
53 56 54 67 79 55 70 59 62 58 100 
54 16 63 56 60 66 
55 44 59 56 75 
56 39 79 57 83 65 100 88 
57 40 59 58 70 60 92 
58 47 61 65 74 
59 22 61 68 60 84 
60 43 61 80 98 92 100 
61 51 67 83 
62 57 63 69 65 
63 46 66 
64 39 66 84 
65 36 66 84 77 68 96 
66 60 67 101 
67 46 69 
68 35 69 80 70 73 75 
69 35 70 
70 49 80 106 
71 35 78 73 72 106 93 117 
72 44 83 118 
73 44 88 100 78 74 
74 19 84 93 94 
75 43 76 100 120 102 
76 14 79 
77 40 79 80 78 106 
78 67 79 98 
79 27 84 
80 49 83 81 82 
81 23 92 
82 16 88 106 
83 45 88 104 
84 48 87 88 97 85 
85 33 105 120 
86 31 88 
87 38 88 
88 47 100 103 94 
89 47 105 90 106 137 
90 19 92 91 113 137 122 
91 29 106 92 97 118 121 
92 54 103 118 93 96 
93 40 97 104 99 120 96 106 94 119 137 128 
94 48 106 97 120 118 117 
95 22 97 113 
96 47 97 104 125 
97 58 120 103 137 122 125 
98 41 100 106 
99 41 100 104 
100 29 101 106 103 
101 47 
102 17 104 103 106 113 105 
103 49 106 
104 46 106 105 118 117 
105 70 106 122 120 116 117 126 128 112 
106 73 120 119 136 137 111 141 
107 32 141 121 114 144 124 109 108 132 
108 44 109 
109 40 118 124 130 129 110 
110 26 143 112 123 
111 45 120 113 125 112 
112 38 125 114 127 
113 40 120 118 114 127 
114 36 115 
115 28 124 
116 46 118 119 117 130 135 124 123 
117 44 120 118 140 124 
118 70 119 120 136 124 129 
119 38 120 141 124 130 138 
120 60 122 125 136 141 121 128 
121 37 122 125 
122 11 137 141 128 124 
123 42 125 124 
124 33 125 141 
125 44 137 128 140 
126 38 140 127 
127 24 128 
128 41 139 133 129 130 132 
129 39 136 
130 47 131 133 144 132 
131 36 143 
132 53 141 133 
133 45 138 134 
134 38 135 
135 34 136 
136 56 137 140 138 
137 28 142 144 138 
138 37 139 
139 33 140 
140 41 141 143 
141 37 142 143 
142 34 143 
143 57 144 
144 33 
