name weight children
0 1 2 8 12 1 16 5 36 9 
1 1 3 8 17 
2 1 3 34 8 14 20 
3 2 17 7 36 35 8 12 5 28 33 
4 1 5 46 
5 1 7 8 15 23 
6 1 7 8 21 
7 2 35 12 16 8 23 31 33 46 37 
8 2 36 11 16 31 14 17 10 
9 1 35 12 16 10 33 
10 1 30 14 48 44 
11 1 12 16 
12 2 17 16 20 
13 1 17 14 15 20 46 54 50 
14 1 16 31 39 
15 1 16 32 17 31 47 
16 2 17 24 
17 2 35 36 
18 1 20 21 45 61 19 
19 1 26 117 
20 1 21 22 45 
21 1 45 
22 1 25 23 42 64 67 
23 1 30 41 45 
24 1 26 
25 2 36 35 29 31 26 64 61 40 
26 2 45 42 54 
27 1 35 28 50 47 
28 1 29 31 
29 1 30 32 
30 1 34 31 
31 2 36 45 44 
32 1 34 36 33 62 
33 2 35 44 55 49 
34 1 36 35 
35 1 36 
36 3 
37 1 45 50 38 64 40 
38 1 41 45 57 72 
39 1 41 64 40 
40 2 45 47 54 118 52 69 
41 1 44 45 42 
42 2 46 45 63 50 74 73 113 
43 1 45 47 65 114 115 119 
44 1 46 45 64 
45 3 50 48 54 63 66 60 
46 1 70 47 54 64 
47 1 55 50 
48 1 70 49 
49 1 50 55 
50 2 64 57 54 
51 1 55 118 52 53 73 69 
52 1 126 
53 1 54 56 134 
54 2 55 57 60 73 
55 2 72 67 127 126 
56 1 64 58 74 57 59 117 119 
57 1 118 111 
58 1 64 60 
59 1 
60 1 64 61 127 69 
61 1 64 73 
62 1 64 
63 1 64 68 114 111 69 
64 3 71 66 
65 1 66 68 73 117 122 140 
66 1 71 114 68 
67 1 68 
68 2 118 72 74 69 119 122 124 
69 2 72 145 128 124 140 
70 1 71 74 
71 1 72 
72 1 74 73 112 122 
73 2 125 128 74 119 
74 2 118 140 
75 1 76 104 138 79 91 78 
76 1 133 138 120 82 
77 1 82 109 78 
78 1 80 84 106 
79 1 109 80 83 
80 1 81 108 
81 1 139 82 83 
82 2 105 83 101 90 88 110 
83 2 87 109 104 90 91 
84 1 85 87 109 108 91 
85 1 142 129 147 87 106 
86 1 87 
87 3 147 142 105 136 138 89 91 92 
88 2 102 90 89 
89 1 107 91 
90 1 100 108 91 
91 3 94 
92 1 93 100 109 94 
93 1 148 105 100 136 95 
94 1 100 95 
95 1 
96 1 138 97 
97 1 145 130 104 100 
98 1 134 145 130 100 
99 1 144 100 
100 3 138 129 145 135 103 102 
101 1 102 
102 1 104 
103 1 145 146 128 104 109 
104 2 129 145 135 105 108 106 109 110 
105 2 143 128 119 138 120 135 108 
106 1 107 110 
107 1 109 110 
108 1 109 110 
109 2 138 110 
110 2 132 
111 1 118 112 119 127 
112 2 114 119 121 148 120 
113 1 114 119 126 145 
114 1 115 
115 1 118 119 127 116 128 
116 1 119 145 
117 1 118 140 119 
118 1 119 
119 3 124 127 126 140 131 146 148 129 143 120 142 
120 1 127 121 129 142 
121 1 124 125 123 
122 1 137 124 125 
123 1 127 124 145 148 147 
124 2 
125 1 127 126 129 
126 1 128 138 
127 1 146 128 130 129 143 
128 2 129 138 145 144 
129 2 135 141 136 138 
130 1 138 133 
131 1 140 138 133 
132 1 133 141 
133 2 134 142 
134 1 138 145 
135 1 143 138 
136 1 138 142 
137 1 146 138 
138 3 146 141 147 148 
139 1 140 146 143 141 144 
140 1 143 
141 1 148 142 143 
142 2 145 143 148 
143 2 146 145 
144 1 145 148 
145 2 147 
146 1 147 
147 1 148 
148 2 
