name weight children
0 1 11 6 1 28 
1 2 2 25 22 31 11 4 26 
2 1 3 8 
3 1 18 4 7 10 
4 3 9 19 18 11 7 33 8 16 25 
5 1 10 14 24 7 
6 2 7 10 35 28 39 32 
7 3 15 11 10 8 16 31 35 25 29 28 
8 2 18 16 9 10 11 27 31 39 
9 2 15 13 10 12 14 
10 4 19 15 12 14 16 24 
11 2 15 13 18 19 12 21 17 
12 3 15 13 18 16 24 
13 3 19 14 21 16 
14 1 15 20 16 
15 2 16 17 
16 3 18 17 24 32 
17 2 19 18 22 21 39 31 
18 2 19 21 
19 3 21 24 
20 1 31 
21 2 22 23 
22 2 32 31 
23 1 24 39 27 33 
24 2 25 32 27 28 39 34 29 
25 3 27 31 32 28 29 43 46 
26 2 27 32 28 45 46 
27 2 28 31 46 34 
28 3 36 43 40 34 74 
29 1 33 45 37 30 44 
30 2 31 34 46 83 
31 3 35 37 33 45 41 34 
32 2 33 40 45 
33 2 34 
34 3 39 37 70 45 38 71 72 82 78 
35 1 40 36 
36 2 37 44 
37 2 46 39 38 77 
38 2 40 46 43 91 87 
39 2 40 43 46 71 
40 2 
41 1 45 42 43 
42 2 43 45 78 79 46 72 93 82 
43 3 46 78 75 91 72 44 
44 2 45 46 74 77 72 79 81 85 
45 2 46 72 
46 4 91 77 83 74 70 
47 2 93 48 56 50 
48 2 90 49 51 59 63 52 
49 2 92 54 51 
50 2 87 69 53 55 60 51 67 
51 2 56 90 61 54 
52 1 53 56 64 69 
53 2 57 73 56 90 54 
54 3 85 57 59 90 65 69 63 60 
55 2 75 57 56 65 
56 2 89 92 81 57 69 62 
57 3 83 72 75 81 84 80 92 69 60 
58 1 60 
59 2 86 60 69 
60 3 87 62 63 
61 1 63 
62 2 63 
63 3 69 66 65 68 
64 1 93 88 65 
65 2 69 67 66 
66 3 92 69 
67 2 93 69 90 68 
68 2 93 69 
69 4 89 84 80 85 86 93 90 
70 2 75 72 71 81 
71 2 83 80 72 
72 2 77 80 75 90 92 73 93 
73 1 74 
74 2 80 91 75 82 93 81 90 
75 3 76 77 83 86 79 85 80 93 90 
76 1 78 91 92 81 
77 2 78 93 80 
78 3 83 79 81 88 
79 2 93 86 89 81 88 80 92 
80 2 89 81 82 86 93 
81 3 93 85 90 
82 1 85 88 84 
83 2 91 85 84 90 
84 3 85 86 93 92 87 
85 2 86 90 93 88 87 
86 2 93 89 87 
87 2 92 93 90 
88 2 92 89 90 
89 2 93 90 
90 3 91 93 
91 2 93 92 
92 2 93 
93 4 
