name weight children
0 1 51 12 1 6 
1 2 55 53 4 7 47 3 51 20 2 28 
2 2 46 57 3 4 47 12 5 15 18 68 60 59 24 
3 2 53 48 4 37 10 5 9 28 6 17 13 
4 2 40 51 45 5 54 6 7 27 
5 2 9 6 27 11 26 14 
6 2 49 34 53 28 11 21 51 17 20 
7 1 8 52 15 9 
8 1 33 9 28 
9 2 53 57 12 15 14 65 
10 1 45 19 11 12 
11 2 24 16 71 13 62 
12 2 16 21 26 28 13 
13 2 69 63 25 27 
14 1 19 16 28 27 69 66 73 70 
15 2 36 16 26 71 19 20 25 67 
16 2 54 52 45 17 69 
17 1 28 20 18 24 22 
18 2 19 20 26 28 64 66 69 
19 2 28 20 27 60 
20 2 28 22 71 62 
21 1 24 22 
22 2 24 27 28 64 
23 1 47 24 28 
24 2 47 27 28 60 71 70 84 
25 1 26 28 61 69 
26 2 27 60 
27 2 28 63 60 81 
28 3 48 37 57 51 63 64 
29 1 30 40 35 48 
30 2 55 31 56 33 35 37 
31 2 44 32 34 40 35 47 37 
32 1 35 43 33 38 40 34 37 
33 2 35 42 55 49 50 
34 2 35 42 56 50 49 39 57 45 
35 2 39 42 50 57 
36 1 37 
37 2 42 41 38 45 47 52 
38 2 40 42 47 57 
39 1 42 41 49 40 
40 2 42 44 43 41 49 51 52 
41 2 42 
42 3 53 
43 1 44 49 
44 2 55 48 45 
45 2 48 46 
46 1 49 47 
47 2 49 48 57 
48 2 56 49 52 
49 2 55 56 57 54 
50 1 53 51 57 52 
51 2 57 53 
52 2 53 
53 2 56 
54 1 55 
55 2 
56 1 57 
57 2 
58 1 59 77 
59 1 63 65 60 78 66 
60 2 69 74 64 73 99 
61 1 71 62 
62 2 64 85 81 67 77 
63 1 64 
64 3 69 68 71 66 79 
65 1 66 70 81 
66 2 67 69 82 71 86 101 
67 2 69 82 78 74 83 95 
68 1 69 70 
69 2 71 74 75 
70 1 71 
71 3 74 73 78 83 111 101 
72 1 74 116 
73 2 74 79 103 
74 2 77 81 87 82 75 84 101 116 
75 1 76 103 
76 2 77 81 111 83 104 
77 2 81 78 101 95 111 110 79 116 
78 2 82 80 
79 1 84 81 80 100 101 116 115 
80 2 101 82 86 
81 2 83 82 86 103 
82 2 96 101 
83 1 84 85 86 101 
84 2 85 116 88 
85 2 101 86 
86 2 87 97 101 109 
87 1 101 89 116 
88 1 89 116 101 90 104 92 94 
89 2 101 93 91 105 116 
90 1 103 97 98 91 93 92 
91 2 97 106 114 
92 2 109 116 107 
93 2 106 96 
94 1 95 
95 2 100 116 108 115 96 101 
96 1 97 114 
97 2 111 101 108 102 100 112 
98 1 101 99 100 116 115 
99 2 115 
100 2 101 108 106 109 
101 3 110 108 104 109 
102 1 104 
103 2 104 106 113 108 
104 2 116 115 108 106 113 
105 1 108 114 115 106 
106 2 115 108 109 
107 1 108 
108 3 111 116 109 114 
109 1 111 110 116 112 
110 2 116 
111 1 115 
112 2 115 114 
113 1 116 115 114 
114 2 116 
115 2 116 
116 3 
