name weight children
0 50 53 62 51 3 1 4 
1 41 61 9 21 18 
2 50 48 3 4 15 28 34 
3 63 6 4 35 
4 74 6 64 21 8 18 15 22 26 31 
5 49 58 64 7 6 19 17 
6 47 7 10 16 19 15 23 
7 51 56 62 8 64 9 
8 62 65 48 61 9 63 64 10 12 19 23 14 
9 38 10 
10 78 55 65 44 18 20 
11 41 12 15 29 
12 48 21 13 25 41 
13 30 16 31 19 29 14 
14 49 18 15 22 27 43 38 
15 61 19 31 17 20 23 24 43 
16 35 47 48 44 21 18 17 20 
17 59 21 19 18 31 27 
18 95 64 21 31 25 22 43 
19 73 22 21 31 25 29 26 40 
20 43 21 28 
21 63 64 23 34 37 
22 47 31 23 29 40 32 41 
23 79 35 26 31 27 29 34 25 
24 46 25 
25 54 28 27 26 38 40 32 
26 60 31 32 29 42 
27 45 28 31 29 41 35 32 
28 70 29 31 34 32 42 43 39 
29 89 31 41 32 37 38 30 43 
30 33 31 34 32 
31 64 32 43 37 36 39 
32 83 43 37 
33 47 34 
34 40 35 38 
35 61 37 
36 65 37 43 
37 49 39 
38 38 43 42 39 
39 54 40 
40 49 43 41 
41 45 42 43 
42 37 43 
43 61 
44 43 45 56 47 
45 42 54 50 51 61 48 65 
46 42 53 47 48 
47 92 73 59 68 48 54 50 53 65 
48 106 79 72 59 75 74 58 50 54 61 62 63 
49 38 88 59 50 
50 77 66 75 76 60 57 51 54 62 
51 87 75 58 54 52 53 61 63 65 
52 47 54 
53 79 70 75 76 54 65 62 55 63 
54 84 66 70 76 72 68 74 73 59 62 
55 49 60 56 65 
56 45 58 
57 38 70 59 61 
58 79 74 71 78 72 73 59 62 
59 89 68 70 74 61 65 62 
60 51 66 62 72 
61 82 62 65 
62 99 75 65 63 64 
63 66 65 64 
64 65 65 
65 71 
66 59 67 80 77 82 70 76 68 73 
67 70 83 82 85 87 81 80 71 70 
68 79 81 70 78 
69 59 86 70 
70 59 88 86 71 74 72 76 
71 69 87 82 84 88 79 73 76 74 
72 47 73 78 76 
73 44 86 74 75 
74 51 88 87 75 76 
75 74 77 88 83 76 
76 89 82 85 88 
77 60 87 84 79 85 80 82 86 81 
78 47 79 80 88 
79 56 82 
80 36 85 87 82 81 
81 62 83 82 86 87 88 85 
82 95 84 88 85 
83 59 88 85 84 86 
84 63 88 85 86 
85 82 87 88 
86 63 88 87 
87 92 88 
88 136 
