name weight children
0 1 
1 1 
2 1 
3 1 
4 1 
5 2 
6 1 28 23 26 7 8 9 10 13 21 22 24 15 18 17 19 12 
7 1 8 15 19 16 14 22 10 11 20 25 24 26 12 
8 2 30 23 26 9 10 13 21 22 24 15 18 17 19 12 16 14 11 20 25 
9 1 15 19 16 14 22 10 11 20 25 24 26 12 
10 2 50 15 19 16 14 22 23 26 13 21 24 18 17 12 11 20 25 
11 1 36 23 26 13 21 22 24 15 18 17 19 12 
12 2 40 15 19 16 14 22 20 25 24 26 23 13 21 18 17 
13 1 15 19 16 14 22 20 25 24 26 
14 1 38 23 26 21 22 24 15 18 17 19 
15 2 31 23 26 21 22 24 18 17 19 16 20 25 
16 1 32 23 26 21 22 24 18 17 19 
17 1 19 22 20 25 24 26 
18 1 19 22 20 25 24 26 
19 3 33 29 23 26 21 22 24 20 25 
20 1 48 23 26 21 22 24 
21 1 22 25 24 26 
22 3 35 52 23 26 24 25 
23 1 25 24 26 
24 2 54 25 26 
25 1 51 26 
26 3 37 
27 1 30 28 31 33 32 29 38 35 50 36 48 52 51 54 37 40 
28 2 34 36 40 30 31 33 32 29 38 35 50 48 52 51 54 37 39 49 53 
29 2 34 36 40 38 30 31 33 32 35 50 48 52 51 54 37 39 49 53 
30 1 34 36 40 38 39 32 49 50 53 31 52 54 33 
31 2 34 36 40 38 39 32 49 50 53 33 35 48 52 51 54 37 
32 2 34 36 40 38 39 33 35 50 48 52 51 54 37 49 53 
33 2 34 36 40 38 39 49 50 53 52 54 35 48 51 37 
34 1 38 35 50 36 48 52 51 54 37 40 
35 1 36 40 38 39 49 50 53 52 54 
36 2 38 50 48 52 51 54 37 40 39 49 53 
37 1 40 38 39 49 50 53 52 54 
38 2 40 50 48 52 51 54 39 49 53 
39 1 50 48 52 51 54 40 
40 2 50 48 52 51 54 49 53 
41 1 
42 1 
43 1 
44 1 
45 1 
46 1 
47 3 
48 1 49 50 53 52 54 
49 1 50 52 51 54 
50 2 52 51 54 53 
51 1 53 52 54 
52 2 53 54 
53 1 54 
54 2 
