name weight children
0 20 1 7 
1 20 3 12 5 
2 20 3 4 
3 40 8 
4 20 5 
5 40 6 
6 20 7 
7 20 15 
8 20 10 9 
9 20 12 
10 20 23 11 
11 20 13 
12 20 13 14 
13 20 22 16 
14 20 15 
15 20 16 
16 40 18 
17 20 22 18 
18 20 19 
19 20 20 27 
20 40 24 33 22 
21 20 23 22 
22 20 
23 20 24 
24 40 30 
25 20 33 26 
26 20 55 27 
27 20 28 
28 20 33 
29 20 30 33 
30 20 31 
31 20 58 32 
32 20 33 
33 40 57 
34 20 37 35 
35 40 42 40 
36 20 37 38 40 
37 20 
38 20 39 
39 20 41 
40 20 41 49 
41 40 50 
42 20 43 44 
43 20 49 
44 20 45 67 
45 20 46 
46 20 49 47 66 
47 20 48 
48 20 50 60 
49 20 50 
50 40 
51 20 65 52 58 
52 20 53 
53 40 63 57 54 
54 20 61 55 
55 20 56 
56 20 57 
57 40 58 
58 20 
59 20 66 60 
60 20 61 
61 20 62 
62 20 63 
63 20 64 66 
64 20 65 
65 20 67 
66 20 67 
67 40 
