name weight children
0 2 1 
1 2 4 26 2 
2 2 5 
3 2 29 4 6 
4 2 30 5 
5 2 6 14 
6 2 7 10 
7 2 8 
8 2 10 9 
9 2 51 10 50 
10 3 14 11 
11 1 12 50 
12 2 14 
13 2 14 
14 2 
15 2 18 16 
16 2 17 45 
17 2 21 42 18 
18 2 22 24 
19 2 20 22 28 
20 2 21 
21 2 41 22 
22 2 25 
23 2 24 
24 2 25 26 
25 2 28 30 26 
26 3 
27 1 28 
28 2 30 
29 2 30 
30 2 
31 2 35 61 32 33 
32 2 58 
33 2 38 34 44 
34 2 
35 2 36 62 38 
36 2 37 
37 2 38 40 
38 2 43 
39 2 40 41 
40 2 43 42 
41 2 42 
42 2 45 
43 2 44 45 
44 2 
45 2 46 
46 2 
47 2 54 50 55 48 
48 3 50 56 
49 2 50 
50 3 52 
51 2 52 
52 3 54 
53 1 54 
54 2 60 
55 2 60 56 58 
56 2 
57 2 58 
58 2 61 
59 2 60 62 
60 2 61 
61 2 62 
62 2 
