name weight children
0 1 11 10 13 2 12 37 
1 2 75 11 10 13 12 29 
2 1 70 
3 2 58 11 10 13 12 26 
4 1 73 13 
5 2 69 11 10 13 12 21 
6 2 71 11 10 13 12 36 
7 1 59 11 
8 2 77 11 10 13 12 38 
9 1 11 10 13 12 23 
10 2 66 11 14 13 16 15 12 18 25 
11 2 67 14 13 16 15 12 18 20 
12 2 64 13 14 16 15 18 27 
13 3 63 14 16 15 18 33 28 
14 2 67 22 
15 1 17 32 
16 2 61 31 
17 1 62 
18 2 65 35 
19 1 25 27 28 23 
20 2 25 27 28 23 
21 1 23 
22 2 25 27 28 23 
23 2 25 27 28 33 32 26 37 34 24 30 36 
24 1 25 27 28 38 
25 2 28 33 27 32 26 37 34 30 36 
26 2 27 28 
27 2 31 28 33 32 37 34 30 36 
28 3 33 32 37 34 30 36 
29 1 30 
30 1 
31 1 
32 2 
33 2 
34 1 35 
35 1 
36 2 
37 2 
38 1 
39 2 50 51 52 49 60 
40 1 50 51 52 41 49 75 
41 1 
42 2 50 51 52 49 65 
43 1 50 45 51 52 49 61 
44 2 50 51 52 49 76 
45 1 
46 2 50 51 52 49 77 
47 2 50 51 52 49 70 
48 1 50 51 52 49 64 
49 2 50 57 51 52 56 55 54 59 
50 2 52 56 51 55 54 62 
51 2 52 56 55 54 67 
52 3 53 56 55 54 74 66 
53 1 
54 2 71 
55 2 72 
56 2 68 
57 1 
58 1 64 66 67 72 62 
59 2 64 66 67 62 
60 1 62 
61 2 64 66 67 62 
62 2 64 66 67 73 69 63 70 65 77 75 71 
63 1 64 66 67 
64 2 67 73 69 66 70 65 77 75 71 
65 2 66 67 
66 2 67 73 69 70 77 75 71 
67 3 76 73 69 70 77 75 71 
68 1 69 
69 1 
70 2 
71 2 
72 1 
73 1 74 
74 1 
75 2 
76 1 
77 2 
