name weight children
0 78 28 1 2 
1 94 36 
2 96 12 50 
3 73 28 4 12 43 
4 94 36 
5 90 12 6 45 
6 66 28 7 
7 113 36 
8 44 36 9 12 
9 65 
10 84 28 13 12 
11 51 12 34 54 
12 153 28 48 24 19 52 25 65 59 71 30 33 62 15 46 42 
13 98 36 14 
14 30 
15 56 28 16 
16 97 36 17 
17 100 
18 46 28 21 19 
19 91 48 
20 77 21 
21 26 36 
22 95 36 23 
23 78 28 52 
24 96 28 36 50 
25 72 28 26 37 
26 116 36 
27 92 28 
28 26 36 48 34 67 56 72 30 33 64 
29 85 31 
30 83 31 48 
31 90 36 
32 114 36 33 
33 44 48 
34 73 35 
35 87 36 
36 90 40 69 56 73 63 
37 69 48 38 
38 114 50 105 109 
39 100 40 
40 30 48 
41 72 50 42 105 
42 35 48 
43 138 48 50 103 
44 100 50 45 108 
45 43 48 
46 83 48 50 
47 87 50 48 104 
48 93 50 51 54 66 58 71 61 105 49 
49 16 50 106 
50 150 105 51 55 70 58 71 60 111 100 
51 94 52 83 
52 88 
53 63 105 55 80 
54 94 55 
55 17 
56 39 57 59 
57 86 
58 106 59 98 
59 45 
60 55 61 99 
61 73 62 
62 87 64 
63 114 64 
64 58 
65 89 67 66 
66 60 70 
67 100 69 
68 95 69 
69 82 
70 97 93 
71 70 72 96 
72 91 73 
73 136 
74 97 92 75 118 
75 73 87 94 
76 90 87 99 77 
77 40 92 113 
78 73 87 111 79 
79 85 92 112 
80 57 111 87 
81 89 92 82 123 
82 94 87 97 
83 53 105 87 
84 123 87 95 92 116 
85 27 87 111 121 
86 24 87 101 89 
87 173 111 92 88 90 102 119 91 
88 31 110 92 119 
89 84 92 128 
90 88 107 92 115 
91 89 92 120 
92 86 109 119 121 
93 92 105 94 
94 82 111 
95 69 111 96 
96 61 105 
97 89 111 98 
98 85 105 
99 74 105 111 
100 88 105 101 
101 74 111 
102 87 111 103 
103 70 105 
104 61 105 111 
105 116 111 106 108 110 
106 71 111 
107 88 111 108 
108 59 
109 89 111 
110 32 111 
111 138 
112 84 119 118 
113 116 119 118 126 
114 66 118 115 124 
115 60 119 
116 102 119 118 150 
117 54 125 120 150 140 
118 74 119 125 120 122 130 
119 114 123 120 121 128 
120 46 
121 106 122 
122 49 125 142 
123 77 125 
124 67 125 145 
125 97 150 129 126 147 
126 84 127 
127 59 150 146 
128 78 130 
129 59 130 149 
130 99 
131 74 134 135 132 
132 80 134 
133 96 135 138 134 
134 41 135 140 
135 132 140 143 136 
136 80 140 137 
137 81 140 146 
138 91 140 149 
139 78 140 141 
140 100 147 143 148 
141 41 147 142 
142 79 150 
143 94 144 
144 86 147 145 
145 35 150 
146 67 147 
147 80 150 148 149 
148 97 150 
149 56 150 
150 86 
