name weight children
0 91 7 2 1 
1 92 7 34 
2 75 11 3 
3 144 17 64 
4 77 7 5 
5 98 11 17 
6 126 7 11 35 
7 797 11 17 8 10 12 9 34 33 35 31 27 
8 659 12 11 10 31 34 
9 199 17 71 11 68 13 
10 177 11 15 16 
11 268 17 12 16 14 
12 192 17 55 16 
13 113 17 66 
14 345 17 63 70 
15 87 17 65 
16 376 17 70 64 
17 410 70 59 55 68 71 66 
18 79 19 23 21 
19 224 23 25 21 22 20 
20 165 21 
21 168 23 
22 96 23 26 
23 280 26 25 
24 70 27 26 
25 423 26 28 27 29 
26 490 27 30 28 
27 319 34 30 28 29 35 
28 209 34 32 
29 127 34 
30 272 34 35 
31 64 32 
32 109 34 
33 55 34 
34 602 35 
35 483 
36 238 53 130 39 51 48 56 60 
37 240 39 53 50 69 61 58 
38 210 39 49 47 57 62 61 
39 293 53 62 44 40 42 43 52 45 50 48 56 61 57 58 59 
40 65 41 54 
41 147 53 127 
42 205 53 126 57 
43 235 53 132 62 
44 364 53 129 49 62 71 67 
45 109 53 133 
46 127 53 127 62 
47 252 53 126 131 
48 398 53 127 132 128 
49 208 53 129 127 
50 269 53 128 127 
51 144 53 128 
52 244 53 127 
53 433 127 138 126 131 134 129 
54 174 62 70 55 
55 162 70 
56 200 62 70 63 
57 350 62 70 
58 277 62 66 70 
59 202 62 70 71 
60 73 62 70 
61 331 62 71 65 64 
62 394 69 70 71 67 66 64 
63 142 70 
64 255 70 
65 167 70 
66 396 70 
67 124 70 68 
68 67 
69 16 70 
70 576 71 
71 425 
72 154 97 73 
73 84 106 115 137 
74 96 106 75 125 
75 139 97 106 
76 148 97 77 
77 161 106 115 118 
78 181 97 106 113 
79 375 97 106 115 116 130 
80 459 97 106 115 119 116 
81 106 106 82 111 
82 30 97 
83 142 97 84 
84 175 106 111 
85 151 97 86 
86 185 106 115 116 142 
87 257 97 106 109 
88 345 97 106 115 116 
89 388 97 106 107 115 
90 147 97 106 
91 235 97 106 120 
92 280 97 102 99 
93 295 97 106 102 115 
94 77 97 95 107 
95 62 
96 142 97 101 
97 590 106 100 98 104 101 
98 492 102 107 106 
99 143 106 117 
100 209 106 116 
101 235 106 112 124 
102 371 106 115 113 
103 129 106 104 115 
104 103 
105 82 115 107 125 
106 593 107 115 121 110 123 108 
107 529 125 114 
108 216 115 116 141 
109 186 115 116 139 
110 177 115 116 144 
111 357 115 116 135 139 
112 163 115 116 139 
113 328 115 116 143 139 
114 44 115 116 
115 345 116 121 117 125 124 120 123 119 144 
116 466 137 122 117 118 125 124 120 123 119 139 130 142 143 144 136 132 
117 135 138 
118 139 144 
119 144 134 
120 264 144 
121 94 122 
122 183 127 
123 240 136 
124 247 138 
125 573 133 136 138 
126 234 127 144 139 136 
127 323 139 130 133 128 129 131 132 134 144 135 136 142 
128 239 143 140 139 
129 240 139 138 143 
130 253 139 
131 189 144 138 139 
132 213 139 144 
133 249 139 
134 224 139 
135 133 139 
136 304 139 
137 95 139 
138 316 139 
139 470 144 143 142 141 140 
140 39 141 
141 99 
142 179 
143 264 
144 521 
