name weight children
0 155 16 10 1 39 42 
1 160 15 20 
2 149 15 33 3 
3 97 16 36 
4 159 15 21 16 37 
5 225 25 31 15 16 42 
6 129 15 17 7 
7 103 16 42 46 
8 182 15 23 16 51 
9 145 15 32 16 38 
10 133 15 22 
11 213 25 15 42 
12 162 15 24 16 40 
13 151 15 34 16 35 
14 159 15 26 16 43 
15 249 25 16 19 30 29 18 41 
16 254 25 42 43 
17 172 25 
18 144 25 
19 155 25 
20 172 25 
21 146 25 
22 179 25 
23 173 25 
24 237 25 
25 221 26 32 33 34 30 31 29 28 
26 153 27 
27 100 
28 92 
29 205 
30 227 
31 128 
32 170 
33 182 34 
34 220 
35 174 42 43 49 
36 174 42 43 47 
37 157 42 43 48 
38 145 42 43 52 
39 147 42 43 52 
40 120 42 43 51 
41 130 42 43 50 
42 245 43 51 45 
43 247 51 46 44 
44 130 51 52 68 
45 158 51 52 70 
46 182 51 52 67 
47 170 51 52 69 
48 155 51 52 69 
49 183 51 52 62 
50 123 51 52 68 
51 206 52 69 
52 207 69 66 70 
53 162 60 58 55 54 57 61 56 
54 191 59 56 
55 168 60 56 
56 105 
57 180 60 65 
58 97 60 63 
59 148 60 64 
60 193 63 62 61 
61 198 63 62 
62 199 69 63 65 64 70 67 
63 195 68 69 70 65 64 
64 143 68 
65 102 66 
66 126 69 
67 177 69 
68 218 69 
69 217 70 
70 225 
