name weight children
0 13 50 1 2 
1 89 
2 97 49 4 
3 15 42 4 144 
4 82 42 
5 39 42 83 171 
6 98 42 87 157 
7 60 42 8 142 
8 101 50 9 49 
9 86 
10 94 42 11 178 
11 65 42 13 
12 39 14 
13 40 49 14 
14 87 50 
15 145 50 49 42 156 
16 163 49 17 42 155 
17 189 50 
18 161 42 69 165 
19 176 50 49 20 
20 128 42 150 
21 59 42 22 154 
22 54 42 57 
23 99 42 47 157 
24 90 42 77 25 
25 76 42 137 
26 103 42 49 157 
27 65 50 28 42 
28 49 
29 175 42 68 144 
30 165 42 45 153 
31 89 42 86 149 
32 93 42 89 151 
33 56 42 34 135 
34 72 42 89 
35 113 42 62 146 
36 99 42 51 174 
37 134 42 50 143 
38 93 42 54 152 
39 99 42 56 180 
40 116 42 64 136 
41 91 42 50 148 
42 209 49 161 44 43 164 66 78 88 157 140 160 171 162 150 
43 68 72 167 
44 116 81 145 
45 139 50 49 
46 65 50 
47 155 50 49 
48 33 49 
49 180 50 60 66 87 64 78 51 53 89 81 54 83 77 68 69 57 72 62 56 88 164 86 
50 183 66 87 65 80 51 52 89 81 54 84 76 68 71 59 74 61 56 88 163 86 
51 120 
52 47 53 
53 83 161 
54 180 
55 60 56 
56 105 
57 64 59 
58 93 59 
59 50 
60 91 
61 65 62 
62 88 
63 64 65 
64 83 65 
65 84 
66 195 
67 100 68 
68 83 
69 88 71 
70 86 71 
71 59 
72 87 74 
73 92 74 
74 14 
75 30 76 
76 55 77 
77 73 
78 97 80 
79 55 80 
80 40 
81 82 82 
82 99 
83 46 84 
84 73 85 
85 97 
86 171 
87 163 
88 189 
89 376 
90 100 105 91 226 
91 58 112 177 106 
92 76 112 148 93 
93 10 106 94 
94 100 105 223 
95 70 105 97 205 
96 37 112 150 97 
97 76 106 
98 165 112 154 106 105 214 
99 172 112 145 106 105 219 
100 204 112 158 106 105 187 
101 83 106 112 105 221 
102 78 106 112 105 220 
103 143 112 166 106 105 220 
104 102 106 112 105 220 
105 131 106 112 220 125 127 168 133 131 107 121 132 114 110 117 211 224 
106 132 112 139 176 124 128 170 133 130 109 122 132 116 110 119 111 227 
107 83 109 210 
108 13 112 165 109 
109 71 
110 121 112 150 217 
111 112 112 157 179 
112 267 157 136 175 123 129 169 133 130 120 132 115 118 144 155 151 142 149 
113 90 220 114 185 
114 35 116 
115 74 147 116 
116 47 
117 81 119 260 
118 25 162 119 
119 65 
120 59 156 122 
121 31 122 216 
122 54 
123 45 134 124 
124 93 125 
125 86 126 
126 93 220 207 
127 75 128 213 
128 74 129 
129 41 152 
130 159 144 131 
131 90 218 
132 237 153 227 
133 495 138 143 220 209 269 
134 62 157 135 
135 81 157 
136 55 157 
137 46 157 138 
138 87 157 
139 85 157 141 
140 81 141 
141 51 157 
142 92 157 
143 107 157 
144 253 157 
145 74 157 
146 25 157 147 
147 62 157 
148 60 157 
149 99 157 
150 225 157 
151 86 157 
152 96 157 
153 131 157 
154 122 157 
155 92 157 
156 104 157 
157 157 174 159 172 178 165 167 180 162 158 173 177 166 179 
158 96 159 
159 13 160 
160 75 161 
161 96 
162 187 164 
163 160 164 
164 94 
165 139 
166 58 167 
167 78 
168 87 170 215 
169 93 173 170 
170 76 
171 97 172 
172 85 173 
173 70 
174 128 175 
175 75 176 
176 94 220 
177 52 178 
178 85 
179 83 180 
180 97 
181 67 183 206 254 
182 104 183 213 230 
183 200 220 187 196 190 269 193 189 192 188 184 202 195 200 204 197 185 203 199 259 186 207 218 217 239 267 191 194 201 198 261 234 
184 72 225 237 
185 110 220 264 
186 78 220 239 
187 92 220 
188 99 210 247 
189 94 212 256 
190 111 215 239 
191 49 192 238 
192 64 222 
193 62 226 267 
194 24 195 248 
195 99 214 
196 46 219 239 
197 90 220 198 
198 68 249 
199 105 221 239 
200 86 216 201 
201 78 270 
202 119 208 243 
203 113 227 239 
204 142 227 239 
205 86 220 206 
206 71 220 
207 68 220 
208 61 220 209 
209 29 220 
210 128 220 
211 80 220 212 
212 97 220 
213 100 220 
214 82 220 
215 147 220 
216 62 220 
217 115 220 
218 115 220 
219 78 220 
220 222 226 223 224 227 221 260 269 222 225 259 
221 96 
222 27 223 
223 90 
224 83 225 
225 71 
226 125 
227 260 
228 96 230 237 333 
229 93 230 239 321 
230 230 239 269 268 255 231 238 246 242 248 270 249 264 233 253 235 263 335 257 244 245 241 250 266 232 252 236 332 336 
231 144 239 335 351 
232 57 233 343 
233 73 239 
234 53 239 235 
235 89 236 
236 36 329 
237 83 239 
238 98 239 244 
239 300 269 268 256 247 243 248 270 249 264 254 262 
240 60 335 241 324 
241 99 242 
242 42 243 
243 78 
244 90 331 
245 98 246 335 
246 55 247 
247 83 
248 211 326 
249 143 250 
250 95 337 
251 77 335 252 319 
252 97 253 
253 86 254 
254 75 
255 86 256 257 
256 91 
257 61 258 
258 95 335 319 
259 111 260 261 
260 32 
261 72 262 
262 68 263 
263 75 327 
264 96 266 
265 79 335 266 323 
266 78 
267 98 268 
268 114 338 
269 309 335 
270 169 330 
271 99 274 272 
272 70 275 273 
273 74 276 286 
274 88 275 277 
275 45 276 285 
276 65 286 289 277 
277 95 286 
278 11 279 296 288 
279 213 297 306 280 282 281 283 292 298 285 
280 218 295 288 282 281 283 286 
281 160 299 289 
282 114 300 284 
283 82 297 287 
284 78 288 286 
285 110 288 286 
286 242 288 289 287 
287 90 288 
288 169 289 
289 161 
290 59 312 291 294 
291 78 360 341 
292 52 297 293 
293 24 297 294 
294 89 312 
295 99 297 307 
296 117 297 312 
297 223 312 301 306 300 299 298 303 313 304 
298 74 312 
299 135 308 
300 108 310 
301 48 312 360 
302 48 312 359 303 
303 45 312 
304 125 312 349 
305 74 312 347 306 
306 153 312 
307 135 312 360 
308 61 312 309 
309 57 312 356 
310 67 312 311 
311 83 312 358 
312 220 360 353 313 348 361 344 
313 78 362 
314 74 319 326 354 
315 91 319 331 360 
316 73 319 336 346 
317 41 319 338 352 
318 97 319 332 337 347 352 
319 246 338 352 324 325 323 339 320 334 329 328 353 356 
320 82 322 349 
321 37 335 322 
322 86 338 
323 75 338 355 
324 125 338 348 
325 100 330 350 
326 75 335 338 
327 66 335 328 
328 47 338 
329 96 335 338 
330 110 335 338 
331 119 335 338 
332 108 335 338 
333 65 335 334 
334 77 338 
335 142 338 337 343 336 
336 90 338 
337 118 338 
338 110 351 342 
339 68 342 340 
340 18 352 341 
341 73 360 
342 95 343 
343 34 
344 94 360 345 
345 48 360 346 
346 43 352 
347 180 352 360 
348 132 352 360 
349 144 352 360 
350 53 352 359 
351 86 352 
352 185 360 353 354 355 356 357 362 
353 110 360 
354 79 360 
355 86 361 
356 153 360 
357 93 360 358 
358 61 360 
359 109 360 
360 143 361 362 
361 49 
362 90 
