name weight children
0 214 6 19 3 12 
1 233 6 20 3 13 
2 327 6 20 3 13 10 
3 329 6 14 13 4 5 
4 336 6 15 22 12 13 
5 281 6 19 
6 411 19 18 22 16 13 
7 243 11 10 8 9 
8 293 11 10 9 
9 306 10 
10 315 13 11 12 
11 330 13 12 
12 313 13 
13 362 
14 218 17 27 19 
15 222 17 27 19 
16 362 17 24 23 19 
17 419 27 24 19 18 22 20 25 26 
18 258 23 25 19 
19 407 27 20 22 
20 282 21 
21 135 27 48 
22 327 27 23 
23 312 27 45 43 46 
24 311 27 46 44 
25 275 27 44 45 
26 299 27 47 43 
27 405 45 42 48 44 
28 303 40 94 38 41 52 53 
29 223 40 89 38 49 
30 282 94 99 40 38 53 
31 242 40 88 38 50 
32 226 40 86 38 56 
33 316 40 94 95 38 34 54 
34 285 40 95 38 55 56 
35 336 94 98 40 38 55 
36 241 40 94 38 56 
37 368 40 94 38 50 54 
38 347 40 87 56 39 41 45 51 54 52 
39 360 40 93 95 55 52 
40 450 94 97 51 41 91 86 92 95 
41 322 94 99 90 88 
42 141 45 51 
43 277 45 56 55 
44 371 45 54 56 49 
45 364 56 46 47 48 50 52 54 53 55 
46 308 55 56 53 
47 255 54 52 
48 298 56 52 
49 182 56 
50 265 56 
51 272 94 56 
52 389 56 
53 243 56 
54 367 56 
55 332 56 
56 457 
57 188 60 79 
58 392 60 76 80 
59 273 60 78 79 111 
60 402 80 61 64 71 77 70 73 62 69 63 83 82 75 68 66 74 84 67 65 78 85 
61 390 78 77 
62 345 78 
63 377 81 85 
64 193 80 
65 268 72 
66 346 83 84 
67 213 81 
68 331 78 76 
69 220 78 
70 351 72 79 
71 376 78 92 
72 299 78 106 109 
73 240 78 112 
74 269 78 102 
75 275 78 103 
76 298 78 107 101 
77 311 78 111 112 
78 460 80 79 81 83 82 85 84 111 112 113 104 114 
79 330 114 110 112 
80 351 111 105 
81 268 105 109 
82 256 106 
83 279 110 111 
84 334 100 114 
85 276 114 111 
86 256 97 110 109 94 
87 226 97 107 94 
88 353 97 110 108 94 
89 253 97 101 94 
90 218 97 100 94 
91 266 107 112 97 94 
92 392 111 97 103 94 
93 152 97 109 94 
94 384 97 106 95 96 98 
95 382 97 108 99 
96 337 107 111 97 108 105 102 
97 430 107 98 99 106 104 108 
98 323 107 113 
99 294 107 108 105 
100 190 111 107 
101 163 111 107 
102 201 111 107 
103 222 111 107 
104 256 111 107 
105 371 111 107 
106 432 111 107 
107 365 111 108 110 109 112 114 
108 313 113 114 111 
109 260 111 
110 342 111 
111 411 112 113 114 
112 420 
113 290 
114 389 
