name weight children
0 88 12 20 150 
1 89 12 24 146 
2 99 12 26 3 
3 94 12 145 
4 53 12 37 5 
5 90 12 143 
6 149 12 22 144 
7 112 12 27 148 
8 105 12 36 135 
9 96 12 31 145 
10 148 36 45 12 29 140 
11 95 12 32 146 
12 195 36 14 16 13 17 15 30 35 34 146 18 136 149 
13 117 28 25 142 147 
14 122 36 139 
15 128 37 151 
16 128 33 138 
17 75 23 18 
18 66 146 
19 86 36 72 20 
20 98 36 
21 96 36 69 22 
22 33 36 
23 111 36 49 
24 89 36 67 
25 89 36 53 
26 136 36 52 
27 163 36 49 
28 85 36 44 
29 83 36 40 
30 120 36 43 
31 131 36 61 
32 114 36 55 
33 104 36 57 
34 93 36 75 
35 106 36 48 
36 236 49 56 37 47 73 
37 168 38 64 
38 68 49 39 
39 118 50 168 51 
40 65 49 41 
41 109 50 155 51 
42 96 169 163 43 
43 158 50 51 49 
44 157 50 169 51 49 
45 111 51 46 49 
46 162 169 165 50 
47 77 50 169 51 49 
48 106 50 174 51 49 
49 173 50 158 51 67 52 55 69 73 57 64 53 72 75 61 
50 166 169 54 51 56 66 52 55 70 73 60 63 53 71 74 62 166 
51 178 189 153 56 66 52 55 69 73 58 65 53 72 75 62 
52 102 181 
53 135 160 
54 95 165 162 
55 145 170 
56 71 186 
57 59 58 
58 60 60 
59 90 169 178 60 
60 92 
61 92 62 
62 104 156 
63 69 188 65 
64 98 65 
65 64 
66 140 173 67 
67 100 
68 98 169 175 70 
69 83 70 
70 90 
71 190 169 184 72 
72 188 
73 180 169 
74 141 169 162 75 
75 92 
76 69 84 89 77 
77 86 84 103 
78 145 84 89 103 
79 100 88 94 84 
80 143 88 94 84 81 
81 68 84 100 
82 87 84 85 97 
83 173 84 87 88 102 95 
84 199 88 93 102 97 101 
85 90 88 91 
86 86 94 116 88 
87 95 94 114 88 
88 158 94 89 93 92 
89 168 94 122 90 
90 60 94 127 
91 147 94 125 
92 134 94 126 
93 175 94 134 126 
94 199 127 129 114 122 118 123 
95 97 102 113 
96 98 103 98 105 
97 93 98 
98 74 102 
99 80 103 100 113 
100 99 102 
101 143 102 103 109 
102 147 103 
103 162 113 111 112 
104 112 113 105 108 106 110 
105 86 113 
106 54 112 107 
107 113 108 
108 138 111 
109 81 113 110 
110 46 113 
111 107 113 
112 127 113 
113 143 
114 108 127 115 
115 148 131 143 132 
116 116 132 117 127 
117 91 131 137 
118 91 127 119 
119 112 131 141 132 
120 81 131 146 121 
121 89 132 127 122 
122 87 
123 84 132 124 127 
124 80 131 142 
125 100 127 131 
126 154 127 128 130 
127 225 131 144 132 134 130 
128 93 131 151 132 
129 100 131 139 132 
130 139 131 149 148 132 
131 139 145 135 132 133 150 
132 137 146 147 145 134 
133 76 136 134 
134 109 
135 21 146 
136 166 146 145 
137 82 145 138 
138 84 146 
139 161 146 145 
140 84 146 141 
141 98 145 
142 137 146 145 
143 114 146 145 
144 83 146 145 
145 137 146 151 147 150 149 148 
146 141 151 147 150 149 148 
147 116 
148 128 
149 128 
150 105 
151 132 
152 41 164 215 153 
153 110 165 169 
154 97 226 273 227 164 
155 156 164 196 165 169 
156 92 169 157 
157 105 164 199 165 
158 136 164 203 165 169 
159 57 164 210 165 160 
160 99 169 
161 91 164 208 165 169 
162 144 164 208 222 165 
163 134 164 211 190 165 169 
164 143 222 165 169 187 185 173 180 170 176 178 172 168 189 183 167 205 
165 139 202 221 169 189 186 173 180 170 175 178 171 168 188 184 167 
166 39 169 167 
167 115 222 
168 102 217 169 
169 200 221 189 186 173 181 170 174 188 
170 128 222 
171 78 172 174 
172 100 222 
173 140 220 
174 92 
175 68 176 
176 82 195 
177 119 274 298 226 179 
178 124 179 
179 102 227 222 
180 85 218 181 
181 96 
182 69 226 279 227 183 
183 98 222 184 
184 97 
185 89 222 213 186 
186 164 
187 183 226 268 227 222 189 
188 147 189 
189 156 193 
190 67 227 191 222 
191 120 274 296 226 
192 92 274 298 226 193 
193 100 227 222 
194 146 226 283 227 195 
195 76 222 
196 100 227 197 222 
197 93 226 198 
198 74 274 302 
199 134 227 200 222 
200 115 274 289 226 
201 166 226 270 227 202 
202 97 274 304 203 222 
203 131 226 227 222 
204 100 226 276 205 
205 87 227 222 
206 167 274 297 226 208 
207 170 226 272 227 208 
208 137 227 222 
209 64 226 284 210 
210 121 227 222 
211 113 227 212 222 
212 77 226 281 
213 133 226 273 227 
214 133 274 262 226 222 
215 165 226 267 227 222 
216 105 226 273 227 217 
217 92 222 
218 72 227 219 222 
219 85 226 267 
220 95 222 226 
221 143 226 274 222 227 223 
222 191 227 225 224 223 
223 139 226 270 266 227 
224 83 226 274 227 
225 91 226 274 227 
226 158 274 232 227 269 
227 158 266 274 
228 146 240 464 289 
229 99 470 476 240 
230 71 470 473 231 
231 111 240 288 
232 112 299 233 298 
233 93 240 468 
234 100 240 470 271 
235 67 240 512 294 
236 155 240 463 291 
237 145 240 460 466 268 285 
238 99 240 473 287 
239 99 240 474 299 
240 233 470 246 243 248 253 241 260 257 261 245 263 254 259 251 249 265 255 252 264 242 244 524 530 471 299 247 258 256 298 300 275 
241 175 520 459 280 290 
242 107 465 297 
243 141 499 292 
244 147 508 286 
245 90 475 283 
246 94 470 481 
247 82 248 297 
248 76 461 
249 70 250 293 
250 148 470 478 
251 127 469 303 
252 139 467 282 
253 86 526 304 
254 126 510 302 
255 107 522 299 
256 21 257 296 
257 92 533 
258 76 260 296 
259 170 518 298 
260 81 503 
261 100 458 262 
262 103 299 298 
263 137 471 295 
264 139 507 277 
265 109 467 301 
266 104 274 288 286 
267 107 274 300 301 
268 139 299 298 274 
269 66 274 297 
270 152 274 292 296 
271 80 299 274 
272 75 274 294 
273 149 274 299 285 293 
274 221 298 281 276 283 284 279 291 287 290 295 303 
275 156 299 298 276 
276 95 
277 98 299 278 
278 81 298 279 
279 57 
280 77 299 281 
281 69 298 
282 126 299 298 284 
283 198 299 298 
284 95 
285 86 299 298 
286 110 299 298 
287 119 299 298 
288 128 299 298 
289 72 299 298 
290 130 299 298 
291 106 299 298 
292 105 299 298 
293 120 299 298 
294 108 299 298 
295 107 299 298 
296 142 299 298 
297 127 299 298 
298 152 299 304 300 302 303 301 
299 157 304 300 302 303 301 
300 114 
301 119 
302 116 
303 78 
304 128 
305 56 318 397 306 
306 113 317 572 
307 138 318 440 317 590 
308 117 317 368 585 
309 122 318 409 317 310 
310 81 317 597 
311 150 318 447 317 600 
312 180 318 417 317 579 
313 135 318 419 317 608 
314 143 318 425 317 576 
315 112 318 406 317 589 
316 107 318 439 387 317 
317 215 318 393 322 358 354 356 323 362 347 335 325 351 344 332 326 369 340 338 376 359 373 320 329 365 330 353 378 380 367 319 334 321 585 357 355 578 363 348 591 327 339 501 554 599 581 598 593 584 
318 222 417 341 322 358 354 356 323 362 347 337 324 350 343 331 326 370 340 338 377 359 375 320 328 365 352 368 378 379 366 319 333 321 398 444 396 416 591 
319 98 381 327 
320 158 408 586 
321 152 415 575 
322 121 386 585 
323 118 384 578 
324 99 430 325 
325 123 587 
326 131 424 327 
327 130 595 601 
328 69 402 329 
329 84 602 
330 158 331 610 
331 96 405 436 332 
332 144 594 
333 95 390 334 
334 147 580 
335 142 337 583 
336 130 412 417 337 
337 125 417 
338 145 455 339 
339 98 582 
340 167 454 577 
341 95 417 342 
342 173 412 
343 62 345 344 
344 120 603 
345 101 417 346 
346 159 412 
347 39 407 348 
348 75 536 
349 82 417 410 350 
350 67 351 
351 114 606 
352 73 399 353 
353 96 599 
354 126 448 355 
355 101 356 550 573 
356 134 418 
357 63 358 585 
358 114 389 
359 98 361 501 
360 151 412 361 
361 106 417 
362 132 417 365 363 
363 81 574 
364 105 412 365 
365 74 417 452 554 
366 64 429 367 
367 133 582 
368 75 401 
369 100 370 588 
370 87 417 
371 107 412 372 417 374 
372 79 
373 132 375 584 
374 74 417 375 
375 73 
376 126 377 585 
377 71 433 
378 160 417 609 
379 100 418 380 
380 81 604 
381 57 417 382 
382 75 412 
383 82 412 384 
384 80 417 
385 152 412 386 
386 79 417 
387 154 412 417 
388 129 412 417 389 
389 70 417 
390 78 417 391 
391 121 412 
392 72 394 
393 105 417 394 
394 94 412 
395 74 396 
396 134 412 417 
397 209 412 417 
398 178 412 417 
399 167 412 417 
400 80 412 401 
401 116 417 
402 94 417 403 
403 105 412 
404 92 412 405 
405 114 417 
406 195 412 417 
407 181 412 417 
408 183 412 417 
409 153 412 417 
410 94 412 417 
411 110 412 417 
412 258 417 414 449 426 438 431 421 441 443 423 453 456 434 446 451 435 413 428 418 
413 215 418 415 416 
414 145 417 
415 107 417 
416 180 417 
417 237 448 418 427 438 430 420 440 444 424 454 457 433 447 452 437 429 425 439 419 455 436 
418 156 
419 84 420 
420 61 421 
421 70 422 
422 46 
423 115 424 
424 130 
425 98 427 
426 147 427 
427 64 
428 130 429 
429 125 
430 110 431 
431 92 432 
432 85 
433 160 434 
434 101 
435 107 437 
436 83 437 
437 81 
438 143 439 
439 128 
440 88 441 
441 82 442 
442 55 
443 105 444 
444 123 
445 51 446 
446 72 447 
447 106 
448 93 449 
449 132 
450 93 451 
451 59 452 
452 118 
453 135 454 
454 105 
455 62 457 
456 156 457 
457 95 
458 153 470 490 
459 84 470 482 
460 121 470 494 
461 78 470 480 
462 77 552 568 489 490 463 
463 78 470 
464 88 470 488 
465 124 470 491 
466 147 470 489 
467 139 470 495 493 
468 116 470 489 
469 106 470 490 
470 224 490 472 476 524 473 474 499 528 519 503 533 530 471 475 510 517 512 523 508 483 485 477 526 520 518 522 507 
471 124 486 492 
472 101 552 538 489 
473 131 487 486 
474 117 495 
475 136 488 
476 114 479 484 507 
477 141 489 565 490 
478 92 552 548 489 490 
479 70 489 544 490 
480 130 489 558 490 
481 110 489 552 490 
482 106 489 541 490 
483 87 489 537 490 
484 151 489 535 490 
485 104 489 563 490 
486 143 489 559 566 490 
487 115 489 556 490 
488 131 489 553 542 490 
489 175 552 534 490 525 494 497 527 519 504 531 529 492 511 515 513 495 521 493 491 506 561 551 
490 183 546 551 525 495 498 494 527 519 504 532 529 492 511 516 513 523 493 491 509 
491 66 549 
492 104 569 
493 123 540 
494 210 571 557 495 
495 151 560 
496 93 552 564 497 
497 81 498 
498 78 499 
499 44 
500 168 585 501 502 
501 95 
502 133 552 504 
503 137 504 
504 102 
505 95 552 534 506 
506 72 509 
507 44 
508 121 509 
509 87 
510 124 511 
511 109 546 
512 126 513 
513 138 514 
514 90 552 538 
515 44 547 516 
516 86 517 
517 46 518 
518 70 
519 183 548 520 
520 89 
521 95 539 523 
522 96 523 
523 101 
524 167 525 
525 140 545 
526 73 528 
527 90 552 528 
528 82 
529 118 543 530 
530 145 
531 76 568 532 
532 90 533 
533 158 
534 143 552 578 584 
535 95 552 580 
536 128 585 537 
537 75 552 
538 102 552 574 585 
539 109 552 582 
540 89 552 601 
541 110 552 600 
542 98 552 572 
543 97 552 598 
544 112 552 583 
545 83 552 587 
546 207 552 576 610 
547 144 552 599 
548 120 552 585 609 
549 94 552 575 
550 85 585 552 
551 177 552 602 593 
552 258 585 562 565 555 568 570 564 559 558 557 561 567 566 553 569 560 573 581 603 577 563 556 571 
553 92 585 554 
554 123 585 
555 98 596 556 
556 17 
557 152 588 
558 128 579 
559 123 595 
560 117 605 
561 111 582 
562 94 608 563 
563 86 
564 86 592 
565 116 607 
566 127 586 
567 86 584 568 
568 112 594 
569 140 589 
570 83 590 571 
571 86 
572 86 585 
573 157 585 
574 139 585 
575 56 585 
576 100 585 
577 97 585 
578 145 585 
579 56 585 
580 171 585 
581 92 585 
582 112 585 
583 85 585 
584 154 585 
585 257 587 608 606 603 597 594 590 592 595 588 600 598 586 602 589 610 599 593 609 604 601 607 596 605 
586 136 
587 120 
588 106 
589 118 
590 94 
591 93 592 
592 119 
593 126 
594 119 
595 126 
596 91 597 
597 46 
598 136 
599 146 
600 114 
601 133 
602 126 
603 131 
604 88 605 
605 84 
606 48 607 
607 95 
608 130 
609 129 
610 117 
