name weight children
0 45 2 1 
1 48 6 8 2 3 
2 94 5 
3 48 6 4 
4 14 14 13 
5 36 6 12 
6 89 14 9 
7 156 24 30 14 8 
8 137 14 
9 69 14 10 
10 76 14 24 
11 80 14 23 12 
12 82 14 
13 136 14 26 
14 152 24 28 
15 143 17 44 27 
16 182 17 32 30 
17 259 33 39 18 21 19 22 20 47 42 31 
18 215 38 33 29 31 
19 152 36 31 
20 228 46 31 30 
21 147 33 46 28 
22 154 37 31 
23 85 24 27 
24 144 30 29 26 
25 90 30 31 26 
26 86 
27 241 31 30 
28 181 31 30 
29 142 31 30 
30 351 31 
31 365 
32 92 35 48 33 
33 203 35 51 47 42 38 36 37 46 44 34 
34 178 35 51 50 
35 208 51 63 39 47 40 38 46 37 45 49 52 43 44 36 
36 97 
37 180 53 
38 150 55 
39 139 51 
40 96 41 43 
41 96 51 62 
42 78 43 
43 69 
44 186 45 
45 100 51 
46 290 55 50 
47 221 54 
48 93 51 61 
49 172 64 101 51 63 
50 120 51 59 64 
51 255 64 52 54 55 53 56 59 63 
52 122 64 115 
53 132 64 127 
54 100 57 
55 187 64 99 58 
56 151 64 119 
57 93 64 110 
58 93 64 112 
59 230 64 113 100 
60 81 64 124 61 
61 18 64 
62 75 64 109 
63 291 64 100 106 
64 360 100 103 115 99 127 125 101 129 
65 62 66 
66 74 96 67 
67 97 82 68 
68 71 82 112 
69 194 82 70 127 
70 106 96 
71 85 82 72 108 
72 53 96 
73 171 96 74 
74 133 82 102 
75 88 82 76 118 
76 137 96 82 
77 165 82 78 105 
78 151 96 
79 209 96 82 98 
80 213 96 82 107 
81 179 82 95 91 117 111 
82 223 96 86 94 83 87 85 88 84 128 121 97 105 123 100 103 
83 109 96 105 
84 171 90 104 113 
85 110 92 105 
86 97 
87 169 96 126 
88 236 89 97 103 129 
89 120 96 
90 144 96 
91 146 96 
92 172 96 
93 87 96 94 
94 30 105 
95 118 96 
96 377 97 128 122 
97 258 
98 99 105 99 
99 162 100 
100 259 105 125 101 119 114 110 124 109 112 113 127 106 129 103 104 102 
101 131 105 104 
102 102 105 
103 188 105 
104 144 105 128 
105 248 126 118 117 111 123 108 112 113 127 107 129 120 116 124 109 
106 97 107 
107 106 
108 96 109 
109 108 
110 75 111 
111 132 
112 222 
113 207 
114 80 116 115 
115 86 
116 27 117 
117 100 
118 96 120 
119 87 120 
120 99 
121 96 122 123 
122 172 
123 165 124 
124 120 
125 98 126 
126 113 
127 294 
128 248 
129 250 
