name weight children
0 71 3 34 63 
1 46 3 44 61 
2 257 34 136 3 35 24 43 60 53 63 
3 322 34 63 8 16 9 6 21 73 13 12 7 75 4 10 19 14 5 31 29 22 36 44 33 57 88 65 55 74 46 50 
4 113 35 32 58 59 
5 83 27 62 
6 154 26 32 69 77 
7 107 34 135 76 
8 86 30 67 
9 159 39 38 52 48 
10 91 37 86 
11 92 34 157 12 
12 124 34 54 
13 99 38 64 
14 76 15 64 
15 140 34 80 
16 51 17 63 
17 61 34 18 
18 94 34 140 
19 239 34 136 56 
20 188 136 149 34 21 
21 101 34 55 
22 38 34 23 
23 30 34 175 
24 70 34 133 
25 97 34 163 63 
26 119 34 165 
27 102 34 166 
28 90 34 136 29 
29 73 34 
30 98 34 164 
31 282 34 128 141 
32 247 34 177 172 
33 117 34 162 
34 237 136 152 35 39 41 38 36 44 42 37 43 83 134 135 40 
35 161 136 160 
36 93 169 
37 127 173 
38 179 136 
39 134 155 
40 97 41 73 
41 29 136 
42 152 142 75 
43 111 136 
44 240 137 135 
45 88 67 46 266 
46 110 63 
47 87 67 49 245 
48 27 63 49 
49 71 63 
50 96 63 67 223 
51 152 63 52 67 255 
52 62 63 
53 191 63 67 266 
54 160 63 67 246 
55 380 63 67 264 249 
56 172 63 67 244 
57 139 63 67 227 
58 98 63 66 
59 129 63 67 265 
60 118 63 246 
61 134 63 67 247 
62 64 63 67 
63 265 67 88 65 69 72 64 74 76 75 86 77 87 70 66 79 
64 140 67 245 
65 138 67 249 
66 101 67 238 251 
67 221 246 87 68 71 74 76 75 86 78 260 258 
68 67 70 252 
69 82 70 
70 27 
71 80 72 248 
72 121 73 
73 100 
74 90 253 
75 172 246 
76 147 256 
77 98 79 
78 70 79 261 
79 83 
80 133 148 81 136 
81 150 101 82 148 
82 136 101 
83 138 148 85 136 
84 133 101 85 
85 144 101 148 
86 208 262 
87 166 88 254 
88 96 
89 51 101 
90 154 101 158 
91 46 92 
92 130 101 165 
93 106 101 147 
94 79 101 95 154 
95 84 
96 182 101 164 
97 173 101 148 
98 221 101 151 148 
99 53 101 163 
100 230 101 149 144 
101 317 146 104 118 117 129 131 132 110 119 130 126 120 106 102 109 108 123 112 176 103 113 171 105 148 116 163 125 107 175 138 
102 114 142 
103 128 172 
104 168 148 
105 139 161 
106 86 107 
107 85 141 
108 173 154 
109 137 160 
110 144 156 
111 64 112 
112 101 148 
113 83 114 147 
114 93 
115 61 117 
116 82 117 152 
117 100 
118 185 136 
119 151 120 153 145 
120 189 
121 66 148 123 174 
122 87 123 
123 147 
124 78 126 
125 78 126 145 
126 77 
127 72 129 
128 146 148 129 136 
129 122 148 
130 221 143 
131 208 153 
132 263 140 
133 75 136 154 
134 98 136 147 
135 161 136 145 144 148 
136 327 148 163 164 140 155 175 165 141 169 137 157 142 160 173 177 172 166 162 154 153 143 145 147 
137 69 139 
138 82 148 139 
139 62 148 
140 152 148 
141 148 148 
142 205 148 
143 92 148 
144 105 148 
145 146 148 
146 36 148 
147 152 148 
148 317 152 154 163 164 153 156 175 165 149 151 158 160 177 172 167 161 155 150 159 174 168 162 
149 122 
150 58 151 169 
151 59 
152 129 
153 207 
154 207 
155 105 156 
156 93 
157 91 159 
158 51 159 
159 19 
160 129 
161 89 162 
162 102 
163 255 
164 258 
165 196 
166 92 168 
167 39 171 168 
168 96 
169 59 
170 93 171 
171 70 
172 173 
173 80 174 
174 98 
175 248 
176 184 177 
177 122 
178 65 188 231 179 
179 13 188 213 
180 57 188 233 221 
181 145 188 242 206 
182 290 188 225 243 209 219 321 
183 85 188 228 211 
184 110 188 237 220 
185 187 188 228 223 208 204 
186 39 188 231 209 
187 141 188 241 228 207 202 
188 281 228 222 195 197 191 199 194 189 198 230 232 243 209 196 190 210 203 
189 44 226 190 
190 65 201 
191 136 228 193 216 
192 98 246 256 193 
193 79 228 
194 102 229 218 
195 86 235 196 
196 43 205 
197 153 243 210 
198 144 224 204 
199 327 229 240 209 215 
200 94 210 201 319 
201 56 209 
202 92 209 210 321 
203 152 209 210 321 
204 233 209 210 317 323 
205 124 209 210 318 
206 134 209 210 320 
207 123 209 210 321 
208 62 209 210 309 
209 214 210 211 216 215 218 221 219 213 220 
210 226 321 212 216 215 217 221 219 213 220 319 326 328 
211 64 212 
212 63 324 
213 118 327 
214 89 321 215 314 
215 103 
216 144 315 
217 93 218 312 
218 74 
219 254 321 316 
220 120 322 
221 268 321 309 
222 65 228 254 
223 192 246 228 
224 115 228 246 
225 85 228 248 
226 180 228 247 
227 20 246 228 
228 271 246 230 231 232 241 243 235 229 239 242 234 236 255 257 261 240 233 237 
229 112 246 263 
230 92 249 
231 143 250 265 
232 188 264 253 
233 54 234 
234 66 244 
235 117 249 
236 63 251 237 
237 71 
238 80 246 239 
239 104 246 240 
240 72 
241 100 259 
242 132 266 
243 403 245 266 
244 64 246 
245 182 246 
246 303 255 254 249 252 264 248 260 258 253 266 256 262 261 265 251 247 250 259 257 263 
247 101 
248 115 
249 185 
250 81 252 
251 162 
252 72 
253 132 
254 131 
255 160 
256 96 
257 41 258 
258 87 
259 89 260 
260 79 
261 146 
262 94 263 
263 94 
264 173 
265 191 
266 294 
267 100 272 269 
268 66 270 277 269 
269 92 271 
270 95 277 273 271 272 
271 41 276 272 
272 88 277 
273 91 282 274 277 
274 90 282 293 
275 66 282 294 277 
276 134 277 281 
277 321 282 279 283 
278 48 294 291 282 
279 91 282 280 
280 143 294 291 282 
281 106 282 292 
282 167 294 283 293 
283 97 285 
284 109 291 286 294 285 
285 46 294 
286 64 299 287 
287 86 297 288 
288 100 331 335 297 
289 68 291 299 294 
290 216 291 305 299 294 293 292 
291 377 299 296 294 300 301 306 298 293 
292 154 294 
293 229 294 
294 314 304 
295 58 331 329 297 
296 210 297 330 338 299 
297 318 331 334 299 304 305 300 303 306 337 340 301 298 
298 84 299 
299 246 331 304 305 300 301 306 
300 157 331 
301 106 303 
302 61 331 333 303 
303 77 
304 187 332 
305 188 330 
306 361 331 334 
307 60 310 323 351 
308 16 310 318 342 
309 205 321 310 325 317 343 342 346 
310 327 321 342 315 314 311 316 326 328 320 327 322 319 341 345 339 352 350 349 344 
311 81 313 347 
312 88 321 313 
313 50 321 
314 121 321 343 
315 224 321 346 
316 108 321 342 
317 91 321 
318 81 321 
319 215 321 342 
320 65 321 
321 289 326 324 328 327 322 323 325 
322 113 
323 114 
324 79 325 
325 57 
326 169 
327 163 
328 104 
329 13 331 346 
330 194 331 343 347 
331 253 342 341 334 332 338 336 333 340 335 345 339 346 337 
332 139 352 
333 70 342 
334 125 343 348 
335 80 352 
336 80 350 337 
337 62 
338 136 342 
339 198 342 
340 138 344 
341 34 342 
342 287 345 343 346 352 347 350 349 344 351 348 
343 143 
344 87 
345 100 
346 207 
347 134 
348 94 349 
349 98 
350 140 
351 66 352 
352 129 
