name weight children
0 85 4 5 1 
1 269 4 2 
2 276 4 
3 16 10 5 
4 775 5 10 
5 750 10 9 
6 153 8 15 12 
7 774 18 17 8 9 15 16 14 11 
8 846 13 9 11 12 
9 367 18 11 10 
10 826 11 12 
11 658 12 
12 546 
13 224 17 22 18 
14 456 22 19 17 25 18 
15 559 17 22 24 18 
16 99 18 17 
17 738 22 21 18 25 20 23 
18 685 22 25 21 
19 210 23 43 44 22 
20 265 43 47 23 22 
21 808 43 46 23 42 40 22 
22 649 23 41 25 24 
23 518 43 50 25 24 41 44 39 
24 241 43 41 
25 735 43 40 41 
26 334 30 34 36 37 48 51 47 49 
27 326 30 37 38 48 
28 587 30 37 38 36 45 46 49 51 
29 64 30 35 47 
30 875 37 34 35 33 32 31 38 36 48 50 51 45 47 49 
31 694 38 37 32 36 49 47 51 
32 417 37 102 94 92 91 48 
33 395 37 95 98 50 
34 383 37 99 96 103 
35 316 37 96 102 103 48 
36 631 37 102 103 98 97 
37 617 102 100 38 93 99 
38 572 95 99 102 92 97 
39 243 43 49 
40 350 43 45 49 
41 748 43 50 51 47 
42 49 43 44 
43 922 48 45 50 46 44 47 51 49 
44 726 48 49 51 
45 213 48 
46 312 48 
47 755 48 
48 598 50 51 49 
49 558 
50 247 
51 661 
52 429 170 175 63 61 74 67 75 
53 417 170 180 63 61 64 71 77 72 
54 440 170 178 180 63 61 76 75 
55 339 170 175 63 61 85 
56 260 170 177 63 61 76 
57 704 63 170 61 71 65 76 
58 264 63 174 61 71 70 
59 387 170 175 63 171 61 70 67 
60 815 63 173 171 61 76 73 74 71 
61 561 63 170 76 67 66 69 62 70 75 64 77 73 72 
62 549 170 181 63 174 75 68 73 66 
63 619 170 175 71 67 64 70 174 169 172 171 69 
64 535 170 181 173 66 75 
65 168 76 77 80 
66 499 76 77 85 
67 724 174 76 77 89 87 86 
68 229 76 77 87 
69 461 76 77 86 87 
70 714 171 76 77 87 98 
71 401 170 76 77 91 80 81 
72 314 76 77 83 
73 607 76 77 78 86 80 79 
74 361 76 77 86 88 
75 602 76 77 90 87 88 
76 591 77 85 87 82 
77 604 85 91 87 78 80 81 86 83 84 88 79 
78 338 87 89 100 
79 355 87 89 99 92 
80 692 87 89 93 96 98 
81 338 87 89 100 
82 259 87 89 100 
83 729 87 89 101 100 103 
84 104 87 101 
85 440 87 89 95 96 
86 738 87 89 100 99 92 
87 716 89 90 88 98 91 
88 542 90 89 103 
89 506 100 101 90 103 98 91 102 96 94 93 97 
90 489 95 99 100 101 93 
91 466 100 102 
92 352 100 102 
93 351 100 97 102 
94 286 100 102 
95 421 100 102 
96 560 100 102 
97 281 100 102 
98 557 100 102 
99 564 100 102 
100 728 102 101 103 
101 612 102 
102 594 103 
103 487 
104 85 106 140 124 
105 731 139 137 106 146 136 154 153 135 124 119 123 125 129 
106 807 139 138 116 115 108 107 114 109 113 111 112 110 155 135 150 154 131 145 151 124 118 128 122 125 120 
107 515 138 144 133 147 126 129 119 125 
108 486 139 138 151 124 127 119 
109 455 135 148 151 152 117 120 122 119 
110 437 139 142 134 140 124 129 127 
111 344 140 137 143 128 125 119 
112 571 147 130 139 132 119 127 125 
113 447 139 141 140 155 124 122 129 
114 440 139 134 148 121 127 125 
115 288 148 139 127 117 
116 629 139 137 135 149 124 122 184 
117 136 124 186 185 
118 361 124 182 190 
119 761 124 183 189 191 184 190 
120 261 124 184 190 194 125 183 
121 327 124 184 186 201 
122 675 124 183 185 187 
123 90 124 184 
124 886 127 128 126 125 129 184 191 192 189 188 193 187 185 
125 720 184 192 183 
126 347 187 
127 696 192 183 184 168 
128 368 184 192 194 
129 610 187 188 193 190 
130 260 141 139 
131 227 141 139 
132 215 141 139 
133 238 141 139 
134 459 141 139 
135 1389 141 139 
136 242 141 139 
137 418 141 139 
138 910 141 139 
139 718 141 140 155 146 150 148 149 154 151 144 145 147 153 152 143 142 
140 564 141 
141 707 142 155 146 150 148 149 154 151 144 145 147 153 152 143 
142 571 
143 298 
144 329 
145 205 
146 255 
147 514 
148 1005 
149 173 
150 307 
151 829 
152 272 
153 235 
154 503 
155 728 
156 430 160 202 204 203 173 172 171 
157 359 203 201 160 206 180 179 176 
158 583 160 203 205 204 194 180 175 179 
159 126 160 203 180 
160 798 203 190 193 165 161 168 167 166 162 163 164 204 208 207 180 174 178 177 181 
161 714 203 201 175 174 177 181 
162 373 203 194 174 180 177 
163 351 203 208 181 175 
164 657 207 203 208 180 175 174 177 
165 348 196 184 203 170 
166 351 203 199 179 177 
167 353 203 196 206 178 179 
168 782 184 196 203 204 176 181 179 
169 85 170 178 
170 792 180 174 173 172 171 175 179 176 177 178 181 
171 690 180 179 175 181 177 
172 292 180 177 
173 277 180 
174 786 180 
175 412 180 
176 214 180 
177 609 180 
178 383 180 
179 593 180 
180 672 181 
181 557 
182 89 184 196 
183 673 184 196 203 208 199 200 195 
184 821 190 192 191 185 186 187 189 188 193 194 196 197 199 198 
185 480 197 201 198 205 208 
186 222 196 207 
187 676 196 201 
188 231 206 196 
189 329 199 201 
190 828 196 206 197 208 
191 268 200 207 
192 548 196 199 204 
193 507 196 203 
194 607 196 203 
195 183 196 204 
196 741 203 200 197 206 208 201 198 199 207 205 204 
197 631 203 204 
198 241 204 203 
199 679 203 
200 320 203 
201 606 203 202 204 
202 49 203 
203 760 204 206 208 207 205 
204 699 
205 197 
206 366 
207 460 
208 879 
