name weight children
0 85 23 34 2 
1 86 26 2 101 
2 46 26 
3 73 26 4 114 
4 92 26 5 
5 100 23 44 
6 92 23 56 8 
7 84 26 8 92 
8 54 26 
9 83 26 11 10 
10 49 26 105 
11 84 23 47 
12 75 23 28 25 
13 75 23 37 26 14 
14 69 26 110 
15 87 26 16 113 
16 43 23 30 26 
17 50 26 18 102 
18 77 23 43 
19 68 23 36 20 
20 99 26 86 
21 58 26 22 111 
22 58 23 36 
23 83 37 40 26 24 50 39 51 25 
24 89 27 26 
25 139 26 112 
26 139 32 52 114 102 109 104 
27 100 124 138 37 
28 68 37 29 
29 64 37 128 
30 98 37 31 
31 44 124 164 
32 70 37 33 
33 43 37 124 
34 117 124 156 37 
35 48 37 125 36 
36 103 37 132 
37 87 124 127 40 49 38 42 55 53 45 46 119 41 39 43 56 51 44 47 
38 60 129 39 
39 90 
40 70 121 
41 89 124 126 
42 78 122 43 
43 64 
44 93 45 
45 42 140 
46 95 48 47 
47 65 
48 82 124 141 
49 92 137 50 
50 25 52 
51 55 53 
52 73 114 
53 46 54 
54 72 124 115 
55 91 117 56 
56 64 
57 68 67 98 58 
58 82 68 59 
59 87 65 83 
60 41 67 88 65 
61 67 68 62 83 
62 96 67 85 
63 71 65 69 78 
64 76 67 91 68 65 80 
65 82 68 83 66 70 72 
66 64 67 81 
67 78 89 87 68 70 69 
68 79 94 70 69 
69 73 90 
70 80 97 
71 72 73 82 77 
72 58 83 73 
73 62 81 77 74 
74 25 84 75 
75 98 77 76 
76 54 77 
77 41 79 
78 86 83 82 
79 99 81 80 
80 43 83 
81 65 83 82 84 
82 60 
83 76 84 
84 51 
85 89 88 103 89 
86 71 114 88 
87 11 88 107 
88 112 112 89 95 96 91 90 99 108 
89 123 109 100 94 97 91 90 98 
90 86 113 
91 67 112 
92 59 114 93 
93 88 112 95 
94 56 95 
95 43 
96 74 111 97 
97 68 
98 90 99 
99 57 106 
100 79 112 101 
101 81 114 
102 76 107 
103 93 112 104 
104 88 114 
105 82 114 106 
106 90 112 
107 85 114 112 
108 62 112 110 
109 101 114 112 
110 37 114 
111 112 114 112 
112 64 114 113 
113 69 114 
114 110 
115 84 126 147 
116 38 126 145 117 
117 64 124 
118 76 126 143 119 
119 88 124 
120 47 126 154 121 
121 67 124 
122 84 126 168 124 
123 90 126 149 124 
124 55 126 145 137 128 125 129 132 140 
125 118 126 157 
126 121 145 135 127 138 136 128 129 156 133 139 164 141 166 
127 48 144 
128 107 145 
129 80 152 
130 89 131 
131 96 223 134 
132 20 133 
133 96 170 
134 117 224 227 135 
135 86 146 
136 71 160 137 
137 75 
138 92 155 
139 96 142 140 
140 70 
141 75 163 
142 52 146 196 145 
143 81 146 214 145 
144 93 146 216 145 
145 107 146 195 203 176 154 149 155 160 157 152 168 166 147 148 170 165 163 
146 112 227 220 153 150 155 161 158 151 169 167 147 148 171 165 162 205 
147 86 227 
148 67 192 156 
149 56 150 
150 83 210 
151 46 226 152 
152 71 
153 52 173 154 
154 90 
155 111 183 
156 75 
157 54 158 
158 56 159 
159 53 227 221 
160 89 161 
161 62 188 
162 66 181 163 
163 45 
164 84 165 
165 60 226 
166 100 167 
167 94 211 
168 73 169 
169 36 225 
170 94 171 
171 84 198 
172 67 224 175 173 
173 27 227 
174 96 175 
175 81 223 
176 68 224 177 227 
177 71 223 178 
178 73 
179 96 223 180 182 
180 91 
181 85 227 182 
182 52 224 
183 65 227 184 
184 16 224 185 
185 80 223 
186 31 223 187 189 
187 57 
188 50 227 189 
189 91 224 
190 80 191 
191 54 223 193 
192 87 227 193 
193 92 224 
194 135 223 195 
195 103 224 227 
196 114 223 197 224 227 
197 64 
198 32 224 199 227 
199 120 223 
200 67 223 201 202 
201 85 
202 99 224 203 
203 53 227 
204 123 223 205 
205 109 224 227 
206 62 207 
207 73 223 210 
208 93 223 209 
209 64 224 211 
210 99 224 227 
211 58 227 
212 89 215 
213 92 227 
214 66 227 215 
215 97 223 224 
216 109 224 217 227 
217 65 223 
218 81 223 219 227 
219 52 
220 101 223 224 
221 115 223 224 
222 74 223 226 
223 113 224 227 225 
224 123 227 225 226 
225 76 227 
226 92 227 
227 108 
