name weight children
0 65 45 1 523 
1 41 49 98 
2 115 49 86 45 534 
3 152 49 72 45 490 495 
4 162 49 90 45 490 358 
5 67 49 73 45 494 
6 20 45 7 471 
7 96 49 117 
8 114 49 69 45 484 
9 72 49 80 45 524 
10 96 45 11 483 
11 95 49 67 
12 91 49 77 45 496 
13 87 490 14 475 
14 84 45 15 
15 119 99 141 96 49 
16 123 49 131 45 503 
17 62 49 122 45 517 
18 94 45 19 492 
19 88 49 126 
20 74 49 82 45 528 
21 82 49 97 45 522 
22 128 99 209 96 23 
23 96 49 45 477 
24 108 45 25 490 496 
25 89 49 111 85 45 478 
26 63 49 83 27 
27 92 45 480 
28 68 49 128 45 29 
29 74 490 496 
30 96 49 95 45 482 
31 146 49 132 45 500 
32 84 49 104 45 481 
33 99 49 101 34 
34 43 45 507 
35 117 49 84 45 527 
36 105 49 108 45 497 
37 117 49 87 45 514 
38 66 49 76 45 476 
39 71 49 119 45 511 
40 107 99 137 49 71 490 
41 86 49 92 42 
42 73 45 531 
43 69 49 118 45 512 
44 144 49 130 45 518 
45 73 49 109 490 47 46 48 64 60 50 61 51 55 66 57 58 65 59 56 53 63 
46 117 49 79 525 
47 31 49 110 474 
48 116 49 114 535 
49 147 96 64 60 50 61 51 54 66 57 58 65 59 56 52 62 115 125 489 491 
50 102 123 487 
51 121 106 508 
52 38 94 53 
53 98 502 
54 38 97 55 
55 92 509 
56 82 81 493 
57 152 121 504 
58 108 103 515 
59 114 112 490 
60 90 93 488 
61 95 96 472 
62 54 91 63 
63 84 533 
64 93 133 530 
65 88 100 516 
66 95 78 501 
67 82 96 68 
68 90 99 145 
69 59 99 70 96 
70 93 143 217 
71 74 99 146 96 
72 142 99 204 96 
73 71 96 74 
74 99 99 156 
75 87 143 222 76 
76 93 99 96 
77 139 99 143 96 
78 57 99 165 96 
79 46 99 184 96 
80 122 99 175 96 
81 40 99 159 96 
82 148 99 197 96 
83 89 99 173 96 
84 120 99 171 96 
85 49 99 193 96 
86 129 99 191 96 
87 90 96 88 
88 95 99 160 
89 94 99 134 90 
90 71 96 
91 96 99 136 96 
92 78 99 176 96 
93 122 99 182 96 
94 88 96 113 
95 57 96 99 
96 138 99 138 152 109 97 126 111 110 130 101 115 114 133 123 106 128 119 122 121 103 132 131 100 112 118 108 125 98 117 104 
97 93 99 246 
98 109 99 190 
99 84 143 140 109 126 111 110 129 101 115 116 133 124 107 127 120 122 121 102 132 131 100 112 118 108 113 125 117 105 139 168 
100 125 151 
101 141 170 
102 95 189 103 
103 56 
104 52 105 
105 72 155 
106 99 107 
107 90 162 
108 102 178 
109 128 206 
110 65 169 
111 119 143 
112 106 255 
113 71 179 
114 71 116 
115 115 181 
116 57 187 
117 128 147 
118 109 164 
119 90 120 
120 79 142 
121 46 174 
122 173 198 
123 79 124 
124 39 153 
125 115 148 
126 56 194 
127 94 195 128 
128 67 
129 88 180 130 
130 61 
131 106 144 
132 148 149 
133 92 200 
134 85 143 135 
135 15 145 225 
136 99 145 223 143 
137 165 145 218 143 
138 75 145 208 143 
139 130 145 227 143 
140 93 145 219 
141 79 145 264 143 
142 28 145 263 143 
143 172 145 257 206 146 175 156 204 209 168 173 194 169 180 171 170 181 184 187 200 182 153 152 162 195 246 198 165 174 189 149 144 151 255 164 191 159 178 179 148 197 176 190 193 147 155 160 
144 70 145 228 
145 137 219 206 146 175 156 204 217 209 167 222 173 194 169 180 172 170 181 185 187 199 183 153 152 163 195 243 198 166 174 188 149 150 255 164 191 158 177 179 148 196 176 190 192 147 155 161 215 212 267 
146 117 224 
147 103 250 
148 60 226 
149 79 219 
150 65 265 151 
151 24 
152 122 247 
153 105 252 
154 100 155 
155 73 219 
156 105 157 
157 162 219 
158 78 232 159 
159 75 
160 85 161 
161 84 249 
162 99 163 
163 101 219 
164 116 219 
165 91 166 
166 64 258 
167 64 239 168 
168 45 
169 95 205 
170 131 241 
171 68 172 
172 89 262 
173 105 261 
174 121 242 
175 86 211 
176 159 221 
177 100 229 178 
178 39 
179 127 213 
180 87 220 
181 99 231 
182 75 183 
183 92 230 
184 100 185 
185 60 251 
186 88 219 187 
187 174 
188 86 259 189 
189 35 
190 78 214 
191 105 234 
192 90 245 193 
193 58 
194 141 266 
195 125 235 
196 83 202 197 
197 47 
198 124 236 
199 94 238 200 
200 83 
201 38 202 
202 69 219 
203 88 219 204 
204 159 
205 97 219 206 
206 94 219 
207 93 208 
208 89 219 
209 95 210 
210 87 219 
211 130 219 
212 71 219 
213 52 219 
214 77 219 
215 111 219 
216 103 219 217 
217 88 
218 36 219 
219 182 257 224 225 227 239 222 261 266 267 220 262 241 231 251 238 230 252 247 235 263 244 236 258 242 259 228 265 254 234 232 229 226 223 221 245 250 264 249 
220 126 
221 76 
222 106 
223 100 
224 65 
225 122 
226 99 
227 138 
228 83 
229 64 
230 90 
231 134 
232 76 
233 70 234 
234 76 
235 95 
236 94 
237 78 238 
238 95 
239 59 240 
240 65 
241 127 
242 100 
243 89 244 246 
244 113 
245 91 
246 86 
247 67 248 
248 93 
249 77 
250 133 
251 87 
252 16 253 
253 75 
254 100 255 
255 146 
256 70 257 
257 92 
258 74 
259 136 
260 90 261 
261 60 
262 130 
263 160 
264 128 
265 75 
266 82 
267 72 268 
268 48 
269 85 276 317 376 
270 92 276 314 369 
271 100 276 303 374 
272 80 276 309 306 343 350 
273 106 276 307 335 349 384 
274 114 276 315 324 345 373 
275 94 276 323 316 327 382 372 360 
276 118 318 406 373 336 351 340 354 290 362 284 278 378 383 295 279 401 292 280 387 285 282 298 287 300 281 296 396 297 346 394 393 294 331 333 357 348 367 
277 124 403 467 318 278 
278 72 318 352 
279 80 310 368 
280 68 329 380 
281 57 330 400 
282 88 315 385 
283 89 403 464 284 
284 116 318 379 
285 55 286 388 
286 81 318 422 
287 95 318 288 374 
288 128 403 454 318 
289 94 318 291 290 
290 81 366 
291 151 403 520 318 
292 80 321 371 
293 132 403 447 318 294 
294 86 318 370 
295 80 326 364 
296 78 319 375 
297 96 312 392 
298 96 328 637 
299 96 403 468 301 
300 47 318 301 344 
301 95 318 
302 111 318 409 394 
303 75 318 403 
304 94 318 305 362 
305 62 318 411 
306 141 318 526 
307 88 318 536 
308 110 318 407 351 
309 122 318 485 
310 83 318 410 
311 134 318 404 383 
312 86 318 313 
313 78 318 415 
314 77 318 433 
315 136 318 412 420 
316 79 318 403 
317 105 318 406 
318 128 403 444 356 338 342 353 380 334 323 325 399 332 321 329 387 327 328 330 320 333 322 324 344 390 405 435 339 341 377 335 326 398 331 319 347 391 
319 80 320 
320 41 409 
321 131 423 
322 142 408 396 
323 77 425 
324 96 418 
325 49 431 326 
326 88 
327 133 427 
328 64 429 
329 86 410 
330 118 417 
331 56 332 
332 72 506 
333 120 426 
334 72 416 335 
335 75 
336 75 339 337 
337 117 373 376 592 
338 75 413 339 
339 70 
340 141 341 373 376 608 
341 88 342 
342 72 405 
343 93 373 573 
344 105 473 347 373 376 573 
345 68 373 555 
346 102 347 373 624 
347 100 
348 127 373 376 566 
349 81 373 565 
350 24 373 376 572 
351 140 373 553 
352 63 373 575 
353 128 406 354 
354 120 373 355 
355 60 376 572 
356 69 359 373 
357 120 373 376 594 
358 61 496 359 
359 139 446 444 403 
360 92 373 361 
361 76 376 571 
362 88 363 
363 118 373 376 551 
364 65 373 365 
365 100 376 588 
366 81 373 558 
367 71 373 584 
368 121 373 376 585 
369 65 373 376 578 
370 135 373 376 574 
371 99 373 376 604 
372 114 373 376 595 
373 105 376 374 379 378 383 384 382 402 380 386 388 385 637 400 375 397 392 395 393 573 
374 105 376 596 
375 86 376 576 
376 116 573 553 558 379 575 565 378 383 555 384 381 402 600 389 388 568 636 400 584 397 392 624 395 393 577 
377 91 380 378 
378 112 580 
379 95 582 
380 62 410 600 
381 71 382 589 
382 53 
383 129 549 
384 72 574 
385 97 568 
386 75 387 389 
387 110 412 
388 90 595 
389 42 557 
390 79 409 391 
391 82 393 
392 96 602 
393 146 571 
394 59 395 
395 85 586 
396 82 397 
397 170 579 
398 91 399 401 
399 73 409 
400 122 587 
401 64 402 
402 84 599 
403 118 444 404 405 406 485 413 407 411 526 536 410 412 416 433 425 431 409 506 423 435 422 427 420 429 417 426 408 418 415 473 437 455 
404 103 446 494 466 
405 91 438 448 
406 106 450 440 452 
407 96 451 
408 80 458 
409 99 462 461 442 445 
410 97 457 465 446 
411 61 441 
412 86 445 460 
413 92 444 414 
414 94 446 476 
415 71 453 
416 80 446 472 444 
417 56 463 
418 134 446 523 444 
419 104 446 534 444 420 
420 40 
421 124 446 498 444 422 
422 83 
423 113 444 424 
424 92 446 515 
425 90 439 
426 92 459 
427 98 444 428 
428 66 446 513 
429 60 430 
430 72 446 493 444 
431 81 432 
432 115 446 510 444 
433 128 446 508 444 
434 112 446 503 444 435 
435 84 
436 89 446 474 437 
437 64 444 
438 163 446 484 444 
439 57 446 496 444 
440 81 446 521 444 
441 125 446 527 444 
442 88 444 443 
443 59 446 475 
444 88 446 483 495 450 485 451 448 452 520 464 467 526 536 457 466 445 465 462 455 506 460 454 468 463 461 459 458 453 473 447 
445 107 446 
446 100 496 524 450 486 451 449 452 519 464 467 525 537 457 466 465 462 456 505 460 454 469 463 461 459 458 453 470 447 487 499 481 
447 101 514 
448 22 449 
449 95 492 
450 89 477 
451 168 480 
452 116 479 
453 116 496 
454 109 497 
455 66 456 
456 76 501 
457 103 529 
458 116 532 
459 50 528 
460 98 516 
461 104 533 
462 93 517 
463 82 491 
464 80 507 
465 82 509 
466 124 488 
467 110 498 
468 79 469 
469 96 502 
470 134 496 471 473 
471 67 490 
472 65 490 496 
473 136 
474 98 490 496 
475 83 496 
476 41 490 496 
477 125 490 496 
478 98 490 479 
479 32 496 
480 135 490 496 
481 96 490 496 
482 52 490 486 
483 108 490 496 
484 132 490 496 
485 111 486 
486 74 496 
487 68 490 496 
488 137 490 496 
489 66 490 498 
490 109 496 524 494 522 492 518 527 507 525 535 530 508 511 509 517 501 504 515 500 503 516 512 534 493 497 502 491 533 528 531 523 514 498 
491 89 496 
492 103 496 
493 116 496 
494 65 496 
495 58 496 
496 170 521 518 527 507 498 525 535 529 508 510 509 517 501 505 515 499 503 516 513 534 497 502 533 528 532 523 514 
497 54 
498 123 
499 100 500 
500 57 
501 87 
502 100 
503 93 
504 92 505 
505 118 506 
506 122 
507 90 
508 75 
509 144 
510 39 511 
511 74 
512 33 513 
513 67 
514 90 
515 169 
516 110 
517 69 
518 138 519 
519 75 520 
520 91 
521 74 522 
522 72 
523 67 
524 100 
525 110 526 
526 116 
527 117 
528 76 
529 77 530 
530 57 
531 88 532 
532 61 
533 92 
534 118 
535 75 537 
536 181 537 
537 95 
538 98 539 581 598 611 658 
539 123 592 553 605 540 561 551 541 564 545 548 554 640 578 628 542 563 660 656 562 556 550 603 570 633 663 546 543 560 552 544 621 547 590 575 653 606 
540 109 577 588 606 617 
541 87 591 589 609 616 
542 82 592 596 620 618 
543 97 592 583 607 618 
544 78 602 586 620 610 
545 99 580 612 
546 84 592 667 
547 85 592 615 
548 81 549 593 606 612 
549 117 573 592 
550 48 595 605 
551 144 573 592 607 
552 59 573 627 
553 130 573 
554 105 573 555 592 619 
555 90 
556 71 557 616 
557 123 573 592 
558 64 559 
559 100 573 561 
560 47 579 666 
561 136 592 606 
562 59 567 610 
563 57 594 631 
564 108 592 565 614 
565 132 573 
566 67 573 567 
567 99 592 
568 97 569 
569 125 573 592 570 
570 71 632 
571 90 573 603 592 
572 91 573 590 591 
573 124 592 608 577 582 575 580 574 578 589 588 585 599 595 594 604 601 636 596 587 576 584 579 602 623 586 597 
574 83 592 593 640 
575 119 592 
576 65 592 
577 107 592 
578 107 592 626 
579 65 592 
580 158 592 
581 93 592 582 
582 43 
583 54 592 584 
584 94 
585 93 593 
586 115 592 
587 76 592 
588 92 592 
589 124 592 
590 60 592 
591 100 592 
592 103 605 593 598 594 604 601 595 603 635 596 597 602 623 
593 95 628 
594 113 
595 80 
596 116 
597 79 663 
598 62 599 
599 73 
600 96 601 
601 65 656 
602 59 
603 117 629 
604 141 660 
605 104 608 653 606 607 611 609 614 612 619 640 626 616 617 628 658 620 631 659 655 610 629 632 634 618 664 667 666 627 622 615 714 
606 108 651 653 644 648 
607 122 654 695 
608 100 
609 93 653 651 709 
610 82 662 652 
611 74 653 675 
612 106 642 649 
613 68 653 614 681 
614 100 
615 78 646 
616 117 650 724 
617 71 651 
618 92 647 671 
619 68 643 
620 115 639 669 
621 89 623 622 
622 109 653 691 
623 67 624 
624 91 
625 125 653 628 651 685 
626 68 653 
627 53 645 
628 155 
629 47 630 
630 62 653 651 716 
631 118 653 651 688 
632 144 653 651 736 
633 83 635 634 
634 79 661 
635 83 636 
636 110 637 
637 80 
638 62 651 639 715 
639 67 653 
640 97 641 
641 121 653 651 708 
642 81 653 651 706 
643 127 653 651 697 
644 94 653 651 707 
645 80 653 651 723 
646 43 653 651 713 
647 84 653 651 733 
648 107 653 651 711 
649 113 653 651 734 
650 140 653 651 710 
651 70 653 721 654 675 681 657 659 655 662 724 714 661 702 668 694 670 665 669 691 652 705 
652 78 653 718 
653 137 654 657 659 655 662 724 714 661 664 667 695 671 666 669 721 717 
654 98 720 
655 59 656 729 
656 71 
657 121 658 793 
658 71 
659 137 660 727 
660 69 
661 80 738 
662 119 721 
663 94 664 
664 89 702 
665 76 666 721 
666 131 
667 80 668 
668 82 732 
669 142 731 
670 66 671 799 
671 63 
672 141 677 706 708 751 743 
673 75 677 720 796 
674 30 677 715 726 768 755 
675 151 721 677 
676 108 677 709 732 755 765 
677 111 720 754 680 746 699 678 684 790 689 728 686 700 698 701 687 704 692 798 719 679 682 690 683 717 705 721 739 747 762 
678 103 710 720 740 750 
679 114 722 735 753 748 
680 102 720 681 776 
681 107 721 
682 69 730 754 
683 71 718 759 
684 80 685 749 
685 91 721 720 
686 89 725 766 
687 94 733 770 
688 85 721 689 
689 101 720 756 
690 119 720 691 771 
691 69 721 
692 82 693 760 
693 126 721 694 720 
694 94 695 
695 98 
696 85 720 697 699 
697 93 721 
698 82 736 763 
699 96 742 
700 99 714 753 
701 85 737 767 
702 78 721 703 
703 95 720 704 
704 40 752 
705 96 721 720 
706 112 721 720 
707 69 721 720 754 
708 122 721 720 
709 110 721 720 
710 90 721 720 
711 73 721 712 
712 69 720 746 
713 84 721 720 
714 139 721 720 
715 102 721 720 
716 96 721 720 
717 115 721 720 
718 58 721 720 
719 101 720 721 769 
720 106 721 792 726 729 725 736 737 733 732 799 722 730 735 
721 123 793 727 729 725 736 738 733 732 799 723 731 734 
722 48 723 
723 40 
724 127 725 
725 106 
726 97 727 
727 63 
728 73 729 752 
729 142 
730 59 731 
731 86 
732 136 
733 106 
734 42 735 
735 71 
736 114 
737 73 738 
738 95 
739 68 754 755 779 
740 147 754 755 785 
741 83 755 742 782 
742 81 754 
743 76 754 744 
744 38 755 785 
745 151 754 746 755 778 
746 59 
747 114 754 755 781 
748 73 754 755 778 
749 98 754 755 773 
750 84 754 755 780 
751 96 754 755 788 
752 116 754 755 1072 777 
753 102 754 755 1061 787 
754 107 755 776 790 768 756 762 766 763 767 770 765 760 801 769 771 759 796 777 
755 115 789 791 768 757 1072 762 766 1061 763 767 770 764 761 800 769 772 758 796 788 
756 76 757 
757 90 803 
758 28 759 786 
759 96 
760 99 761 
761 98 802 
762 125 783 
763 108 787 
764 74 765 805 
765 45 
766 134 794 
767 103 789 
768 91 784 
769 83 779 
770 82 775 
771 93 772 
772 116 789 1027 
773 81 789 774 
774 95 788 1026 
775 101 789 788 1036 
776 72 789 
777 106 789 788 1033 1015 
778 80 789 1024 1010 
779 86 789 1020 1029 
780 92 789 1040 
781 122 789 788 1021 
782 90 789 788 1023 
783 44 789 788 1019 
784 109 789 788 1018 
785 107 789 788 1058 993 
786 77 789 788 1024 
787 106 789 788 1038 1025 
788 106 789 1024 1020 791 803 1071 795 1062 1040 806 802 804 1029 1033 1027 797 1010 1017 1037 
789 110 791 803 1072 794 1061 805 802 804 797 
790 149 792 791 
791 94 1024 
792 84 793 
793 88 
794 97 795 
795 89 1014 
796 72 797 
797 100 1008 
798 62 799 801 
799 99 
800 99 801 804 
801 93 
802 89 1035 
803 113 1012 
804 68 1032 
805 76 806 
806 92 1039 
807 98 837 955 808 823 841 
808 94 839 853 814 818 820 809 812 813 822 810 821 847 811 816 829 850 866 
809 84 831 867 
810 111 833 839 828 843 853 855 
811 93 839 946 838 854 845 
812 73 834 869 
813 65 838 844 
814 128 837 968 839 856 
815 57 837 967 839 816 
816 91 864 
817 84 837 943 839 818 
818 84 860 
819 98 837 961 820 
820 122 839 848 
821 96 825 851 
822 97 835 853 
823 87 839 824 
824 55 837 956 
825 128 837 963 839 
826 145 837 966 839 847 
827 45 837 949 828 
828 84 839 
829 95 839 830 
830 95 837 948 
831 93 839 832 
832 74 837 950 
833 83 837 952 839 
834 104 837 959 839 
835 119 837 971 839 
836 87 837 958 839 
837 92 966 960 839 942 838 946 969 
838 90 964 839 
839 93 965 954 852 
840 67 856 841 858 
841 98 853 
842 99 856 843 859 
843 66 853 
844 112 853 856 873 
845 98 853 856 862 
846 126 853 847 856 859 
847 71 
848 80 853 849 
849 49 856 905 
850 115 853 856 857 
851 129 853 856 858 
852 86 942 853 
853 104 856 860 867 869 866 854 855 864 
854 98 856 
855 86 856 861 
856 115 860 868 869 865 864 871 862 
857 83 860 901 
858 98 860 893 902 
859 79 860 884 905 
860 100 905 868 870 873 865 871 862 861 863 898 
861 67 900 
862 111 903 
863 81 864 906 
864 105 
865 123 866 889 
866 30 
867 72 868 
868 134 905 
869 126 870 
870 90 905 883 
871 58 896 
872 84 905 873 892 
873 91 
874 94 875 895 897 881 911 915 
875 102 894 901 881 885 886 878 877 891 880 892 899 909 876 
876 84 881 908 
877 100 894 881 918 
878 104 894 881 909 
879 78 881 885 909 
880 87 895 881 914 
881 110 894 902 882 909 887 890 911 907 
882 93 894 883 
883 23 905 
884 151 905 885 
885 135 894 
886 76 888 887 
887 95 909 
888 63 894 889 
889 90 905 
890 73 891 910 
891 102 894 903 
892 102 905 894 
893 61 905 894 
894 112 905 899 895 897 896 
895 90 904 900 
896 130 905 
897 73 906 
898 36 905 899 
899 89 
900 106 905 
901 117 905 
902 106 905 
903 98 905 
904 84 905 
905 89 906 
906 132 
907 88 909 908 921 
908 95 909 923 910 916 918 913 914 912 919 
909 91 915 918 910 914 911 923 
910 102 913 933 
911 108 912 
912 45 923 
913 80 922 
914 139 920 
915 88 916 
916 78 923 933 
917 74 923 918 935 
918 135 
919 95 923 934 
920 69 923 936 
921 96 923 937 
922 73 923 932 
923 134 933 938 
924 82 928 925 
925 93 929 927 
926 76 930 939 927 
927 45 928 
928 86 930 940 929 
929 86 930 
930 98 939 934 931 
931 91 939 932 
932 83 933 937 
933 127 937 934 935 936 938 939 
934 112 937 
935 90 940 
936 114 937 939 
937 89 939 940 938 
938 114 939 
939 115 940 
940 75 
941 76 958 976 942 
942 156 966 
943 47 966 944 
944 96 958 989 
945 144 958 1000 966 946 
946 83 
947 59 958 1003 948 
948 82 966 
949 107 958 991 966 
950 116 958 981 966 
951 93 958 998 952 
952 71 966 
953 40 958 990 954 
954 90 966 
955 78 966 960 
956 101 958 990 966 
957 54 988 1053 958 
958 157 990 966 960 965 962 959 969 972 963 970 964 967 983 1007 968 
959 75 1005 966 
960 126 977 974 
961 74 966 962 
962 78 985 
963 104 986 966 
964 86 1006 966 
965 71 978 966 
966 98 984 968 969 971 967 970 
967 110 1001 
968 95 
969 107 987 
970 89 995 
971 91 972 
972 62 973 
973 123 988 1069 990 
974 23 990 975 
975 93 988 1055 
976 170 988 1075 990 
977 137 988 1044 990 
978 74 990 979 
979 99 988 1051 
980 33 988 1043 981 
981 93 990 
982 60 988 1052 983 
983 82 990 
984 68 988 1049 990 
985 131 988 1065 990 
986 38 988 1056 990 
987 170 988 1066 990 
988 101 1057 994 990 989 1005 997 1004 996 1006 999 1007 992 1001 1073 1050 
989 116 1057 990 
990 84 1042 1005 998 1003 995 1006 1000 1007 991 1001 
991 56 992 
992 87 1046 
993 82 1024 994 
994 109 1023 1058 
995 55 996 
996 64 1045 
997 141 1057 1048 998 
998 89 
999 100 1064 1000 
1000 94 
1001 99 1002 
1002 85 1057 1011 
1003 19 1004 
1004 95 1054 
1005 153 1070 
1006 125 1067 
1007 117 1047 
1008 58 1024 1009 
1009 56 1023 1046 
1010 182 1024 1011 
1011 117 1023 1058 
1012 92 1024 1013 
1013 73 1023 1051 
1014 85 1024 1023 1058 
1015 78 1024 1023 1066 
1016 84 1023 1017 1055 
1017 74 1024 
1018 126 1024 1023 1044 
1019 94 1024 1023 
1020 120 1024 1023 1057 
1021 61 1024 1023 1042 
1022 99 1023 1024 1047 
1023 118 1024 1058 1026 1074 1059 1041 1038 1037 1036 1039 1035 1031 1030 1025 1034 1028 1049 1052 
1024 102 1058 1026 1071 1060 1041 1038 1037 1036 1039 1035 1032 1029 1025 1034 1027 
1025 94 1045 
1026 80 1053 
1027 68 1028 
1028 85 1063 
1029 155 1030 
1030 70 1056 
1031 92 1032 1054 
1032 78 
1033 72 1034 
1034 72 1068 
1035 106 1048 
1036 96 1070 
1037 97 1050 
1038 106 1073 
1039 101 1069 
1040 97 1041 
1041 57 1043 
1042 108 1058 1057 
1043 81 1058 1057 
1044 83 1058 1057 
1045 88 1058 1057 
1046 69 1058 1057 
1047 150 1058 1057 
1048 23 1058 
1049 135 1058 1057 
1050 50 1058 1057 
1051 114 1058 1057 
1052 93 1058 1057 
1053 111 1058 1057 
1054 73 1058 1057 
1055 116 1058 1057 
1056 40 1058 1057 
1057 123 1058 1075 1065 1073 1070 1066 1069 1067 1064 
1058 124 1075 1059 1073 1070 1066 1069 1068 1063 
1059 119 1060 1065 
1060 75 1062 
1061 89 1062 
1062 76 
1063 83 1064 
1064 83 
1065 38 
1066 138 
1067 74 1068 
1068 89 
1069 117 
1070 120 
1071 71 1072 1074 
1072 101 
1073 106 
1074 100 1075 
1075 96 
