name weight children
0 94 4 55 
1 48 4 42 
2 63 4 70 
3 89 4 65 
4 131 66 20 14 31 16 23 7 51 12 6 37 15 30 22 11 27 38 50 72 35 9 40 28 5 73 
5 81 47 
6 75 61 
7 70 8 43 
8 23 
9 100 62 
10 99 11 
11 90 79 
12 83 59 
13 62 14 
14 59 44 
15 78 67 
16 100 17 57 
17 56 
18 53 66 20 99 
19 53 20 
20 62 
21 51 22 
22 79 64 
23 80 25 24 
24 88 66 70 25 
25 99 99 101 
26 37 27 
27 95 60 
28 120 80 
29 50 30 
30 100 68 
31 70 32 34 
32 81 
33 89 70 34 84 
34 86 66 
35 89 41 
36 89 37 
37 86 67 
38 95 76 
39 43 40 
40 77 78 
41 79 66 70 91 
42 64 66 70 89 
43 50 66 70 86 
44 72 66 45 
45 54 70 101 
46 92 70 47 112 
47 62 66 
48 87 70 49 122 
49 96 66 50 
50 102 
51 88 52 54 
52 38 
53 98 70 54 87 
54 88 66 
55 82 66 56 
56 60 70 99 
57 69 66 58 
58 68 70 88 
59 116 66 70 107 
60 118 66 70 110 
61 73 66 69 
62 82 66 70 96 
63 61 70 64 121 
64 56 66 
65 52 66 70 93 
66 99 70 73 67 68 79 76 71 78 80 
67 120 70 108 
68 79 70 
69 70 70 114 
70 116 99 74 79 76 71 77 81 94 102 
71 113 72 104 
72 57 73 
73 62 74 
74 94 75 
75 43 99 95 
76 125 100 
77 46 78 97 
78 61 
79 108 83 
80 76 81 
81 85 119 
82 89 101 83 128 
83 91 99 
84 64 99 129 
85 32 101 86 130 
86 98 99 
87 89 99 101 126 
88 106 99 101 130 
89 80 99 101 131 
90 78 101 91 162 
91 62 99 
92 82 101 93 164 
93 40 99 
94 66 99 101 135 
95 89 101 143 
96 113 99 101 129 
97 63 99 101 158 
98 57 101 99 124 
99 117 101 107 114 108 102 121 110 100 122 104 119 112 
100 74 101 127 
101 75 129 107 113 109 121 110 123 103 120 111 102 147 140 
102 95 
103 44 104 137 
104 86 
105 56 130 106 212 
106 93 129 107 
107 113 
108 82 109 
109 78 139 
110 81 134 
111 51 112 132 
112 99 
113 63 114 116 
114 44 
115 92 149 117 226 
116 96 129 117 
117 64 130 
118 80 129 120 152 
119 25 120 
120 34 
121 109 144 
122 76 123 
123 67 157 
124 36 129 125 
125 54 130 146 
126 83 129 130 213 
127 166 129 130 149 
128 72 129 130 149 
129 93 130 147 143 131 135 139 140 144 134 164 157 137 162 158 132 151 
130 112 149 143 131 136 138 141 142 133 166 156 137 163 160 152 132 226 
131 80 145 
132 93 245 
133 46 134 146 
134 94 
135 13 136 
136 74 149 
137 88 153 
138 100 139 150 
139 95 
140 36 141 
141 95 155 
142 80 144 154 
143 133 148 
144 65 
145 65 149 228 
146 70 149 231 246 
147 41 149 
148 30 149 226 
149 159 226 213 212 150 155 154 165 156 153 161 151 159 152 245 219 239 222 
150 56 229 
151 49 217 
152 114 208 
153 60 215 
154 55 221 
155 80 236 
156 88 157 250 
157 92 
158 52 160 
159 94 160 242 
160 79 
161 87 163 216 
162 52 163 
163 71 
164 31 166 
165 66 166 227 
166 74 
167 78 171 189 193 199 278 291 276 
168 85 171 202 293 
169 38 171 207 286 
170 41 171 196 277 
171 169 193 194 274 174 173 172 175 185 180 191 195 203 283 284 287 
172 33 200 277 
173 87 205 282 
174 87 194 232 193 281 
175 100 176 275 
176 41 193 177 
177 96 194 230 
178 56 194 243 179 
179 100 193 180 
180 95 292 
181 49 193 182 185 
182 90 194 183 
183 97 234 209 
184 70 278 186 257 
185 59 186 
186 64 274 
187 41 193 188 274 
188 94 194 230 
189 102 194 233 193 
190 34 194 235 191 
191 93 193 
192 65 194 237 193 
193 110 194 234 195 203 207 205 200 199 196 202 
194 56 234 224 195 204 207 206 200 198 197 201 230 
195 99 236 
196 74 197 
197 66 234 
198 87 249 199 
199 59 
200 111 251 
201 64 241 202 
202 66 
203 97 204 
204 69 238 
205 71 206 
206 38 238 
207 122 248 
208 73 226 209 
209 94 225 
210 45 225 211 230 
211 50 226 212 
212 70 
213 68 225 
214 87 225 215 249 
215 27 226 
216 96 226 225 234 
217 93 226 218 
218 85 225 230 
219 31 226 220 
220 78 225 233 
221 121 226 225 237 
222 93 226 223 
223 60 225 238 
224 82 225 226 
225 67 226 234 229 236 240 247 227 251 242 243 228 230 
226 81 231 228 229 236 239 246 227 250 242 244 
227 51 232 
228 78 
229 101 235 
230 61 234 
231 82 234 
232 35 234 
233 78 234 
234 117 235 236 237 238 248 251 249 241 243 
235 85 
236 84 
237 57 
238 48 240 
239 75 240 
240 80 
241 40 242 
242 119 
243 81 244 
244 44 245 
245 100 
246 80 247 
247 29 248 
248 80 
249 41 
250 65 251 
251 119 
252 38 255 271 312 
253 91 255 268 313 
254 68 269 290 255 
255 81 270 312 296 256 272 267 315 260 258 261 
256 92 263 313 
257 95 269 259 
258 34 259 314 
259 87 270 
260 65 270 294 299 
261 50 262 305 
262 105 269 292 270 
263 88 270 264 
264 26 269 282 
265 95 269 275 270 315 
266 84 269 277 267 
267 84 270 306 
268 86 269 285 270 
269 59 278 283 270 288 279 273 294 276 271 
270 78 284 288 280 272 271 
271 32 
272 106 273 310 
273 92 277 
274 82 278 283 284 291 287 286 281 282 277 276 275 293 292 
275 76 278 
276 50 278 
277 93 278 
278 99 284 290 289 285 281 282 293 292 
279 62 281 280 
280 29 296 
281 121 
282 70 
283 26 
284 136 
285 50 286 
286 94 
287 51 289 
288 88 289 312 
289 50 
290 98 291 
291 43 
292 126 
293 89 294 
294 78 
295 76 312 296 300 
296 78 
297 91 300 298 301 321 
298 36 313 299 
299 88 312 
300 62 313 301 334 303 328 330 304 311 337 
301 96 313 334 302 329 332 
302 59 303 304 322 335 
303 64 307 
304 78 313 305 
305 84 312 
306 64 312 307 
307 58 313 
308 72 313 314 330 
309 76 313 310 334 
310 95 312 
311 54 313 312 
312 83 313 316 314 
313 78 316 
314 85 
315 72 316 
316 69 328 
317 95 318 326 
318 96 327 319 
319 69 324 320 
320 84 337 321 
321 11 334 
322 29 334 324 
323 91 324 333 326 
324 94 337 327 325 
325 73 336 327 
326 61 327 
327 103 337 
328 76 329 
329 59 338 
330 67 332 
331 69 334 332 336 
332 92 
333 61 337 335 
334 100 337 338 335 
335 62 
336 89 337 
337 60 338 
338 76 
