name weight children
0 179 16 1 
1 93 16 51 
2 132 16 58 
3 215 16 63 55 
4 403 16 51 63 
5 134 16 6 51 78 
6 144 16 
7 203 16 62 
8 276 16 56 
9 208 16 62 
10 115 16 11 57 
11 80 
12 210 16 64 
13 190 16 47 
14 539 16 51 125 52 109 
15 26 16 
16 498 44 17 29 39 42 41 35 40 22 18 20 19 37 25 34 36 26 27 32 31 30 51 38 21 24 33 47 56 49 
17 394 18 43 48 57 
18 275 47 
19 238 61 
20 307 49 51 
21 122 22 51 50 
22 124 
23 69 25 
24 81 25 52 
25 85 
26 236 51 71 
27 156 28 52 
28 100 
29 216 51 69 
30 435 53 59 
31 393 45 46 
32 95 33 
33 86 63 
34 133 51 
35 138 46 
36 202 52 
37 190 38 
38 179 39 51 85 79 
39 151 
40 274 51 67 129 
41 203 57 
42 378 48 63 
43 72 51 67 
44 133 51 
45 108 51 64 
46 271 51 67 65 
47 413 51 67 77 85 112 
48 213 51 67 72 
49 194 51 81 79 
50 81 51 64 
51 413 64 125 57 62 61 63 52 56 55 58 53 59 67 69 85 79 71 78 54 60 83 68 84 
52 329 68 73 67 70 
53 58 54 
54 69 74 
55 141 78 
56 279 67 80 123 
57 405 75 68 65 
58 133 74 
59 93 60 
60 76 74 
61 136 82 
62 256 79 84 
63 499 71 66 68 70 
64 192 67 108 121 
65 230 67 111 104 
66 55 67 117 
67 394 109 69 125 85 72 75 77 79 81 83 82 71 68 80 73 78 74 84 70 111 112 124 76 129 123 107 127 128 120 
68 334 108 117 103 111 
69 188 90 
70 173 110 121 
71 267 110 111 
72 126 116 
73 117 114 
74 353 111 110 95 
75 84 76 
76 46 107 
77 135 115 
78 216 114 126 
79 482 111 122 119 
80 170 113 
81 138 110 
82 135 114 
83 174 112 
84 244 122 116 
85 316 122 128 
86 237 90 128 111 116 149 153 138 
87 214 90 124 111 123 153 156 144 
88 52 90 113 147 
89 357 90 122 127 111 112 153 160 136 
90 497 111 97 131 100 95 96 106 101 91 92 105 103 99 98 94 93 104 107 114 118 120 121 153 168 157 132 147 102 163 156 149 150 134 160 143 
91 142 108 111 138 154 
92 194 117 114 145 153 
93 156 110 153 
94 144 121 148 
95 369 111 115 127 140 155 154 
96 165 110 159 153 
97 182 116 107 168 157 
98 97 122 110 163 150 
99 131 111 153 
100 306 108 117 152 158 
101 177 122 159 
102 93 103 153 
103 134 111 
104 250 111 154 
105 157 126 154 
106 279 128 114 137 160 
107 206 111 
108 221 111 
109 42 111 
110 336 111 
111 476 124 122 116 127 128 130 115 112 114 113 119 117 120 126 123 121 118 
112 203 
113 136 
114 249 
115 100 
116 229 
117 239 
118 70 119 
119 87 
120 116 
121 258 
122 470 
123 192 
124 191 125 
125 171 
126 121 
127 265 
128 256 
129 99 130 
130 138 131 
131 59 132 
132 71 133 
133 141 153 171 
134 107 153 135 
135 134 167 258 
136 237 153 167 266 
137 269 153 167 271 
138 501 153 167 318 264 
139 109 167 140 266 
140 112 153 
141 131 167 142 265 
142 97 153 143 
143 63 153 
144 234 153 167 261 
145 181 153 146 
146 131 167 265 
147 342 153 167 261 
148 220 153 167 271 
149 312 153 167 266 
150 85 153 151 
151 81 153 171 
152 103 153 164 
153 518 168 157 160 159 155 158 154 163 156 167 267 171 166 
154 458 167 162 165 
155 103 165 
156 217 169 
157 135 167 
158 180 165 
159 244 167 161 
160 386 167 170 
161 75 167 271 
162 118 167 257 261 
163 274 167 266 
164 194 167 260 
165 304 167 260 261 258 
166 69 167 260 
167 397 168 171 170 267 169 261 268 275 260 266 272 269 
168 347 276 277 262 
169 132 258 
170 152 274 
171 424 261 259 270 
172 129 175 221 191 
173 255 175 223 218 192 191 
174 54 175 222 191 
175 335 218 215 178 179 176 181 180 177 217 191 192 190 188 
176 351 216 218 191 186 184 
177 194 218 233 186 
178 86 220 191 
179 178 223 187 
180 176 219 191 
181 266 214 217 191 183 185 
182 119 191 183 189 213 
183 66 191 
184 172 191 189 203 
185 158 191 189 205 
186 362 191 189 207 
187 34 191 189 
188 148 191 189 207 
189 414 191 207 192 190 206 204 
190 95 191 
191 398 192 
192 275 207 
193 97 195 194 
194 30 195 196 
195 201 196 201 
196 350 202 201 
197 104 199 212 201 
198 262 199 208 213 202 
199 434 213 208 200 212 211 210 202 201 
200 41 209 202 
201 344 202 
202 379 
203 182 207 211 
204 200 207 208 213 
205 83 207 210 
206 258 207 213 212 208 
207 310 213 209 212 
208 208 213 
209 152 213 
210 183 213 
211 57 213 
212 286 213 
213 289 
214 189 234 238 218 
215 184 218 232 224 
216 94 218 234 
217 246 218 231 226 228 
218 362 234 220 222 223 221 219 227 229 230 231 
219 81 228 
220 239 242 243 234 
221 157 231 
222 186 234 
223 268 225 233 
224 115 234 239 
225 79 234 241 
226 269 242 325 234 
227 193 242 254 234 
228 289 234 241 338 
229 133 234 244 
230 161 234 242 
231 387 234 243 245 242 
232 89 234 235 
233 250 234 245 239 
234 396 242 249 240 241 237 239 
235 180 256 341 242 
236 85 256 331 242 
237 138 242 248 
238 160 242 256 
239 373 242 256 255 
240 72 256 332 242 
241 328 242 252 247 253 
242 370 256 249 254 243 245 244 338 255 253 251 246 
243 193 250 255 
244 141 256 
245 271 249 250 
246 61 256 321 
247 152 256 341 
248 188 256 331 
249 273 256 331 342 
250 234 256 331 342 
251 141 256 316 
252 198 256 311 
253 281 256 340 325 
254 35 256 335 
255 330 256 329 331 324 
256 431 331 327 335 341 332 325 339 322 334 330 323 
257 109 261 287 
258 294 261 298 286 289 
259 45 261 296 
260 300 261 296 297 292 
261 426 266 271 276 318 274 272 268 265 269 275 277 270 264 262 296 263 295 299 298 291 
262 53 263 
263 42 295 
264 101 293 
265 249 296 295 
266 501 281 293 294 299 
267 131 268 
268 170 292 
269 139 293 
270 166 296 319 
271 372 296 284 299 
272 199 296 282 
273 65 296 274 288 
274 157 
275 317 296 282 
276 165 285 
277 262 296 279 
278 55 281 279 304 
279 72 296 
280 94 281 294 308 
281 477 296 308 288 283 285 284 318 282 286 313 319 287 320 299 297 298 295 293 290 304 309 312 306 315 303 300 
282 397 296 293 292 305 308 310 319 
283 224 298 296 292 302 303 306 
284 207 296 305 
285 147 296 309 
286 171 296 314 
287 200 296 307 
288 192 296 295 300 301 
289 90 296 290 
290 38 296 
291 91 296 320 
292 262 296 
293 456 296 308 
294 68 296 
295 261 296 
296 416 298 318 299 297 319 
297 94 
298 242 
299 346 313 
300 114 308 327 324 
301 133 308 328 
302 129 308 327 
303 222 308 336 323 
304 351 308 331 326 342 
305 160 308 327 321 
306 235 308 331 325 
307 105 308 337 
308 413 309 318 320 310 319 314 313 312 315 327 317 340 333 341 
309 230 327 329 
310 132 327 311 
311 119 327 331 
312 142 330 
313 181 327 
314 107 325 
315 84 317 
316 121 327 317 331 
317 157 327 
318 317 328 
319 435 327 342 
320 368 341 328 
321 106 327 322 331 328 
322 103 327 331 
323 190 327 331 
324 230 327 331 
325 372 327 331 
326 91 327 331 
327 325 331 328 329 340 336 341 333 342 330 337 334 
328 301 331 
329 138 331 
330 158 331 
331 437 340 335 341 332 342 334 337 
332 133 333 
333 132 
334 59 
335 122 336 
336 170 
337 112 339 
338 131 339 
339 159 
340 165 
341 476 
342 398 
