name weight children
0 177 23 52 19 77 
1 100 23 34 19 83 
2 255 23 52 19 81 
3 263 23 58 19 76 
4 313 23 53 19 85 
5 470 23 58 56 19 87 
6 583 23 43 54 39 19 73 75 78 
7 68 23 33 8 
8 99 23 9 
9 154 19 81 
10 366 23 53 19 79 
11 301 23 58 19 82 
12 430 47 52 23 19 73 
13 760 23 51 57 35 19 76 83 
14 252 19 21 23 25 26 77 67 79 
15 359 52 46 23 19 25 82 73 
16 424 23 32 19 24 59 81 74 
17 341 23 34 19 24 28 27 21 87 75 85 79 
18 452 19 28 23 27 76 79 73 78 
19 514 23 20 80 86 22 24 21 26 28 77 87 67 79 59 74 84 75 83 73 
20 425 22 26 24 74 77 84 79 
21 310 23 51 52 43 
22 433 23 33 51 29 55 
23 518 52 44 24 28 26 25 27 38 54 35 41 55 80 
24 427 36 43 35 57 51 
25 274 30 40 
26 472 58 54 52 39 86 
27 281 42 51 
28 462 56 39 37 
29 148 47 52 
30 108 52 31 
31 159 47 
32 214 47 52 
33 426 47 52 
34 426 47 52 
35 695 47 52 
36 261 47 52 
37 180 47 52 
38 186 47 52 
39 576 47 52 
40 186 47 52 
41 224 47 52 
42 302 47 52 
43 585 47 52 
44 319 47 52 58 
45 334 47 56 51 
46 494 47 52 55 
47 528 52 54 48 50 56 49 57 58 55 53 51 
48 401 51 52 54 
49 236 52 54 
50 535 51 54 58 
51 440 52 
52 535 57 56 53 58 54 55 
53 198 
54 592 
55 335 
56 275 
57 303 
58 605 
59 307 77 64 86 90 
60 262 64 87 75 74 98 92 94 
61 398 64 77 83 87 82 102 90 101 
62 265 64 79 76 83 93 89 92 
63 462 64 83 76 85 94 90 98 
64 536 77 73 81 65 72 71 67 68 69 70 66 76 79 86 94 88 96 97 98 93 91 
65 377 75 84 73 85 91 94 90 101 
66 134 79 95 
67 301 77 94 
68 604 78 87 73 81 77 92 94 97 93 
69 152 82 96 
70 369 75 76 78 99 94 98 
71 243 84 80 91 102 
72 595 79 73 74 93 100 90 89 
73 317 77 
74 344 77 
75 335 77 
76 428 77 
77 550 81 83 87 84 79 80 85 78 82 86 
78 231 
79 532 
80 195 
81 355 94 
82 286 
83 450 
84 249 
85 215 
86 352 
87 497 
88 126 94 110 
89 242 94 111 113 
90 657 94 104 114 115 110 109 111 
91 287 94 110 116 
92 441 94 106 117 108 
93 384 94 110 109 117 
94 467 98 96 102 97 101 99 100 95 110 113 107 117 111 
95 167 110 202 
96 303 110 115 196 
97 298 116 113 
98 546 110 111 112 195 199 
99 249 110 198 
100 140 115 
101 293 110 115 205 
102 636 110 112 109 204 
103 50 104 115 195 
104 585 110 195 196 109 200 205 107 204 106 105 108 198 117 202 199 116 113 115 111 189 194 197 192 201 193 
105 487 111 110 115 113 116 112 195 194 193 201 191 
106 280 110 117 193 196 
107 285 110 203 197 
108 204 110 193 
109 616 110 205 195 201 
110 466 112 111 116 113 114 115 117 195 196 202 
111 382 205 
112 271 200 
113 413 
114 145 204 
115 416 
116 238 
117 521 200 194 
118 255 121 130 127 167 163 
119 339 129 138 121 164 168 
120 415 135 137 129 121 131 163 167 
121 427 129 126 124 122 123 131 130 128 168 164 162 167 
122 356 125 127 131 168 
123 322 126 128 164 
124 318 127 129 165 167 
125 250 135 142 129 136 
126 279 135 129 
127 500 135 137 129 132 
128 377 135 139 129 138 136 
129 492 135 131 130 136 138 
130 245 138 136 
131 427 135 138 137 
132 151 135 133 
133 137 139 134 
134 87 232 229 
135 640 139 227 136 138 137 141 146 144 140 142 
136 524 142 141 140 146 139 
137 287 144 139 
138 649 139 140 145 144 143 
139 516 232 223 141 146 142 144 140 145 143 233 227 234 235 
140 395 235 230 232 222 
141 298 232 223 226 
142 398 234 227 232 
143 123 223 
144 320 233 
145 243 232 228 
146 604 232 226 235 225 
147 61 151 148 150 
148 76 157 149 
149 31 154 155 
150 252 151 157 153 
151 281 157 155 153 152 
152 254 153 
153 232 
154 511 161 158 157 155 160 156 
155 339 161 157 
156 237 158 170 161 
157 516 161 
158 516 169 175 161 159 160 170 172 
159 446 171 169 172 161 
160 250 172 161 
161 690 169 
162 194 168 165 175 
163 305 168 165 173 174 
164 488 168 165 173 174 
165 450 168 166 167 173 171 176 175 
166 433 168 167 176 174 173 
167 377 168 171 
168 512 173 
169 466 173 175 170 171 172 176 174 
170 390 176 174 
171 215 173 
172 485 176 175 173 
173 436 175 176 174 
174 391 
175 313 
176 409 
177 205 190 198 188 189 214 216 
178 170 190 192 188 220 
179 451 190 197 196 199 188 224 210 220 
180 222 190 197 188 231 
181 221 190 204 188 215 
182 423 190 195 202 188 212 220 
183 630 190 201 195 197 188 218 210 213 
184 198 190 194 188 211 
185 255 190 204 194 188 218 221 
186 513 190 203 205 201 193 188 219 216 220 
187 186 190 193 188 208 
188 571 190 205 194 200 193 220 217 211 224 212 209 206 218 215 219 216 
189 407 195 190 200 192 201 212 220 211 
190 564 195 194 205 193 197 191 212 217 209 
191 164 195 
192 217 195 
193 608 195 
194 407 195 
195 565 205 200 197 203 204 201 198 196 202 199 
196 330 
197 466 
198 160 
199 205 
200 471 
201 505 
202 265 
203 137 
204 311 
205 602 
206 185 220 228 
207 80 220 208 229 
208 98 220 
209 253 220 229 
210 444 220 228 227 
211 469 220 230 
212 826 220 223 229 233 
213 184 220 229 
214 193 220 229 
215 419 220 228 227 
216 565 220 227 226 223 
217 291 220 229 
218 467 220 223 231 230 
219 380 220 222 228 226 
220 557 231 221 224 225 229 222 232 234 
221 240 229 235 
222 220 229 232 
223 423 229 232 
224 178 225 
225 205 229 232 
226 402 229 232 
227 662 229 232 
228 313 229 232 233 
229 448 231 232 230 233 234 235 
230 342 232 233 
231 351 232 
232 465 233 234 235 
233 370 
234 175 
235 458 
