name weight children
0 55 2 26 205 
1 148 2 25 26 276 239 
2 269 25 114 78 82 9 92 73 34 11 22 13 80 7 15 8 57 5 4 17 3 43 93 52 76 36 65 18 85 6 69 23 16 49 71 21 46 19 56 61 30 67 10 90 26 33 188 74 14 44 75 63 83 48 70 20 55 60 68 191 203 
3 84 29 198 
4 91 39 193 
5 163 25 24 202 208 
6 105 35 209 
7 47 27 251 
8 96 25 188 
9 158 25 189 
10 134 72 197 
11 124 28 197 
12 48 188 14 255 
13 79 38 14 
14 56 
15 89 25 234 
16 114 37 188 
17 115 40 201 
18 119 29 189 
19 52 42 20 
20 71 187 
21 114 41 204 
22 268 47 45 255 272 
23 226 27 25 263 196 
24 30 25 153 
25 240 167 31 79 81 92 73 34 26 28 47 38 80 27 59 39 33 40 29 43 93 53 76 36 65 84 35 69 37 50 45 71 41 46 42 54 62 30 66 72 91 116 126 123 150 168 170 136 
26 207 162 167 110 
27 112 167 159 
28 76 132 
29 130 156 115 
30 188 143 187 
31 103 176 32 167 
32 77 
33 99 146 
34 204 129 244 
35 78 164 
36 135 167 191 
37 95 147 
38 85 113 
39 94 137 
40 90 146 
41 100 165 
42 70 106 
43 138 112 44 
44 82 187 
45 98 120 
46 107 163 209 
47 91 149 
48 45 49 190 
49 41 50 
50 67 166 
51 88 167 183 53 
52 122 53 258 
53 60 
54 95 166 56 
55 34 56 241 
56 31 
57 159 59 195 
58 158 176 59 
59 152 167 
60 71 61 196 
61 44 62 
62 94 161 
63 159 65 188 254 
64 166 176 167 65 
65 194 167 
66 76 138 67 
67 63 68 
68 99 278 
69 200 172 186 
70 129 71 188 273 
71 78 173 
72 79 135 
73 104 98 74 
74 70 207 
75 82 76 248 
76 97 77 
77 98 167 184 
78 92 79 188 
79 78 158 
80 231 107 200 
81 98 167 175 82 
82 151 188 
83 90 85 259 
84 55 86 85 
85 55 
86 61 167 87 
87 84 176 88 
88 59 
89 78 188 90 253 
90 64 91 
91 92 102 
92 262 167 178 192 
93 172 94 188 
94 175 176 167 
95 70 96 
96 97 176 97 
97 93 167 98 
98 77 167 
99 65 176 100 167 
100 68 
101 54 103 
102 131 167 103 
103 98 176 
104 94 105 
105 109 176 167 106 
106 60 167 
107 70 167 109 
108 125 176 109 
109 45 167 
110 206 176 167 
111 103 176 112 
112 102 167 
113 248 176 167 
114 281 176 167 
115 279 176 167 
116 54 167 117 
117 29 167 118 
118 79 176 119 
119 70 
120 97 167 122 
121 92 122 
122 70 176 
123 94 167 124 
124 139 176 125 167 
125 88 
126 78 167 127 
127 144 176 128 167 
128 88 
129 83 167 130 
130 75 167 131 
131 98 176 
132 128 167 133 
133 64 176 134 
134 92 
135 225 176 167 
136 309 176 167 
137 291 176 167 
138 84 167 140 
139 35 176 140 
140 37 167 
141 55 176 142 
142 22 167 143 
143 75 167 
144 130 176 146 
145 96 146 
146 154 176 167 
147 234 176 167 
148 158 176 149 
149 67 167 
150 110 167 152 
151 39 152 
152 73 176 
153 64 167 155 
154 88 155 
155 12 176 
156 200 176 167 
157 119 176 158 
158 159 167 
159 193 176 167 
160 122 176 161 
161 129 167 
162 108 167 176 
163 177 167 182 
164 99 167 180 
165 38 167 179 
166 153 167 185 176 
167 282 176 175 178 168 170 183 184 172 173 177 171 174 
168 148 176 
169 93 176 170 
170 100 
171 112 176 
172 162 176 
173 132 176 
174 67 176 
175 115 176 
176 216 178 177 183 184 180 185 179 182 
177 120 
178 134 
179 97 
180 124 
181 35 182 
182 92 
183 193 
184 229 
185 119 
186 52 188 233 
187 133 188 210 212 222 
188 259 189 192 207 244 191 197 276 255 200 251 234 195 202 193 208 203 201 198 258 248 259 209 263 205 190 272 204 241 196 278 239 211 245 199 235 194 257 249 254 260 206 271 273 242 253 227 213 
189 119 211 214 
190 73 215 
191 191 220 226 
192 143 211 
193 71 194 
194 81 211 
195 104 231 
196 170 215 212 
197 181 212 217 
198 74 232 
199 64 200 221 
200 28 
201 91 211 
202 113 216 
203 124 219 
204 115 224 
205 81 206 
206 89 211 
207 207 211 352 
208 127 228 
209 247 229 225 
210 63 211 361 
211 243 246 220 212 276 255 221 252 236 231 216 228 219 232 227 256 247 226 254 214 261 229 233 264 213 215 269 273 224 225 243 222 278 240 217 253 352 250 237 230 262 270 274 223 277 238 218 361 370 355 351 
212 215 280 358 352 
213 98 345 
214 92 369 
215 199 350 371 
216 126 365 
217 90 218 
218 41 359 
219 141 363 
220 156 326 
221 166 352 
222 45 223 
223 49 353 
224 98 372 
225 109 368 
226 177 352 323 
227 109 352 
228 110 371 
229 83 230 
230 80 366 
231 148 352 
232 180 361 
233 160 355 
234 92 235 
235 47 236 
236 100 237 
237 17 356 
238 53 240 324 
239 120 240 
240 95 
241 93 242 
242 28 243 
243 120 340 
244 59 245 
245 63 246 
246 141 352 
247 85 249 347 
248 85 249 
249 73 
250 55 252 364 
251 107 252 
252 97 
253 204 352 333 
254 172 360 
255 382 322 354 
256 65 257 348 
257 74 258 
258 76 
259 62 260 
260 31 261 
261 100 372 
262 123 264 352 265 
263 142 264 
264 100 
265 73 352 266 
266 93 328 267 
267 166 284 673 
268 73 352 270 309 
269 49 271 270 
270 60 352 
271 63 272 
272 80 
273 88 274 
274 62 352 275 
275 84 352 318 
276 210 351 
277 237 278 352 315 
278 223 
279 118 284 337 661 
280 74 352 284 
281 170 284 328 334 668 675 
282 51 284 329 677 
283 132 284 341 328 679 671 
284 258 328 320 288 297 302 305 312 301 296 294 290 311 313 304 323 300 295 291 287 293 308 309 319 289 285 292 316 325 298 307 327 332 339 672 303 286 310 317 314 299 306 668 660 682 
285 132 328 681 
286 71 287 701 
287 75 328 
288 183 330 673 
289 104 329 672 
290 112 328 674 
291 74 328 693 
292 68 343 685 
293 93 328 351 669 
294 117 335 700 
295 101 329 698 
296 205 337 331 667 686 
297 114 338 662 
298 66 336 299 
299 97 658 
300 117 328 678 
301 129 344 679 
302 111 331 665 
303 76 304 690 
304 96 347 
305 66 342 696 
306 84 307 662 
307 65 333 
308 173 346 662 
309 135 328 310 
310 63 688 
311 167 328 670 
312 207 328 370 691 
313 145 349 666 
314 24 316 664 
315 78 328 316 
316 93 
317 68 319 667 
318 54 328 319 
319 82 
320 83 328 321 672 
321 88 352 322 
322 78 352 
323 282 352 328 699 
324 192 352 325 
325 99 328 672 
326 25 352 328 
327 97 328 351 
328 271 352 330 338 331 341 332 342 344 329 337 335 349 347 346 339 343 334 336 333 361 369 366 355 350 371 
329 125 362 372 367 
330 95 354 
331 123 356 357 
332 114 352 360 
333 125 352 
334 90 353 
335 85 361 
336 99 359 
337 155 355 372 
338 92 364 
339 97 340 
340 145 352 
341 92 361 
342 91 365 
343 99 352 
344 84 371 
345 132 352 346 
346 70 
347 135 352 
348 94 352 349 
349 107 352 
350 49 352 
351 144 352 
352 269 354 364 356 361 365 370 371 363 355 360 369 372 366 368 358 353 359 362 367 357 
353 120 
354 64 
355 173 
356 59 
357 17 358 
358 91 
359 100 
360 124 
361 229 
362 17 363 
363 80 
364 117 
365 86 
366 95 
367 99 368 
368 46 
369 161 
370 144 
371 208 
372 271 
373 49 374 398 492 
374 236 398 397 377 378 375 383 395 382 379 385 391 384 389 380 392 381 394 376 403 409 407 492 396 386 393 491 496 
375 124 419 400 499 495 
376 104 399 494 
377 128 398 399 492 503 
378 100 406 492 
379 44 417 493 
380 87 415 493 
381 109 401 501 
382 129 412 513 
383 141 408 509 
384 94 419 507 
385 57 402 386 
386 58 387 
387 92 492 500 
388 141 421 609 422 390 
389 137 398 390 492 
390 208 459 398 
391 86 405 512 
392 95 414 393 
393 148 492 502 
394 121 398 510 
395 97 418 396 
396 26 514 
397 38 398 449 
398 233 459 433 403 406 419 410 407 408 418 413 399 417 402 400 404 416 414 401 460 444 455 450 409 412 405 415 
399 147 447 466 
400 71 456 
401 112 457 
402 92 464 
403 134 446 
404 91 465 405 
405 61 
406 174 459 590 
407 158 457 
408 129 453 
409 54 410 
410 35 459 
411 97 459 443 413 
412 49 413 
413 75 
414 124 463 
415 48 416 
416 84 462 
417 168 452 
418 150 458 
419 282 454 459 
420 48 421 586 422 461 
421 191 564 582 422 427 434 425 423 439 591 597 432 430 443 607 442 435 431 429 441 437 428 426 424 438 598 459 
422 200 564 567 459 434 425 423 440 590 454 432 430 443 442 435 431 429 441 436 428 426 424 438 445 465 
423 60 571 449 
424 94 572 451 
425 199 608 592 460 459 
426 82 604 457 
427 60 565 459 
428 113 594 463 
429 124 563 456 
430 107 564 453 
431 144 573 464 
432 68 567 457 
433 90 459 434 
434 109 564 
435 79 562 452 
436 55 437 455 
437 87 566 
438 107 564 466 
439 49 602 440 
440 89 444 
441 156 568 459 
442 119 563 448 
443 209 565 607 459 458 
444 110 459 
445 97 459 446 
446 76 459 
447 97 459 448 
448 84 459 
449 129 459 
450 92 459 451 
451 92 459 
452 118 459 
453 142 459 
454 233 597 459 
455 104 459 
456 97 459 
457 166 459 
458 103 459 
459 201 460 590 464 465 461 463 466 462 
460 91 
461 100 462 
462 53 
463 143 
464 127 
465 150 
466 90 
467 60 468 513 469 478 
468 191 499 491 469 477 489 484 470 485 472 488 475 479 471 498 502 476 478 
469 194 497 505 500 478 489 483 470 486 472 488 474 480 471 473 477 490 
470 101 512 478 
471 112 511 478 
472 110 499 478 
473 94 478 540 
474 86 475 478 544 
475 72 499 
476 31 478 541 
477 116 509 478 546 
478 261 541 482 487 488 490 481 547 548 537 
479 91 501 480 
480 69 481 
481 98 539 
482 35 483 542 
483 75 484 
484 56 499 
485 94 506 486 
486 84 487 
487 27 538 
488 266 498 541 543 
489 137 499 514 541 
490 155 541 543 
491 53 492 
492 222 499 496 509 514 513 503 493 495 512 507 501 510 494 504 500 508 502 498 
493 152 498 499 
494 99 499 
495 106 499 
496 107 497 
497 72 499 
498 139 499 
499 175 509 513 505 500 512 506 502 501 511 
500 99 
501 174 
502 81 
503 88 504 
504 22 505 
505 75 
506 67 508 
507 43 508 
508 28 
509 162 
510 94 511 
511 67 
512 246 
513 161 
514 99 
515 73 520 549 519 
516 72 519 517 531 
517 131 520 554 
518 42 554 557 520 
519 191 520 554 535 524 522 536 
520 189 554 560 524 526 521 552 525 523 535 
521 94 553 523 
522 84 523 534 
523 58 
524 180 553 532 
525 81 526 535 
526 87 554 
527 94 528 533 530 
528 49 533 536 529 532 530 
529 84 533 530 
530 70 
531 77 535 532 
532 185 535 533 536 
533 193 535 534 
534 23 535 
535 264 536 
536 177 
537 98 541 551 
538 108 541 555 
539 131 541 559 
540 25 541 560 
541 243 546 542 547 548 544 560 543 545 558 
542 102 560 
543 104 560 556 
544 73 545 
545 84 561 
546 146 553 
547 110 557 
548 123 557 
549 84 554 550 
550 13 560 551 
551 84 560 
552 11 554 557 
553 138 560 554 559 
554 193 560 555 561 556 558 
555 98 560 
556 121 560 
557 218 560 
558 146 560 
559 98 560 
560 311 561 
561 115 
562 41 564 578 
563 153 564 578 575 
564 249 585 612 565 608 571 598 602 589 596 592 567 607 573 568 609 566 586 594 604 572 582 577 579 574 
565 118 581 580 
566 74 584 
567 121 585 584 
568 60 569 
569 47 585 570 
570 63 585 655 
571 120 585 636 
572 135 585 611 
573 247 585 620 
574 70 585 643 
575 73 585 576 
576 29 585 650 
577 149 585 617 
578 174 585 611 634 
579 140 585 613 
580 79 585 621 
581 106 585 614 
582 227 585 613 610 
583 70 585 640 586 
584 116 585 644 612 
585 207 612 632 608 600 601 587 595 592 607 609 593 605 648 654 599 603 588 596 606 
586 97 
587 85 612 588 
588 54 589 
589 53 591 
590 128 591 
591 76 
592 139 615 
593 140 619 594 
594 75 
595 94 614 596 
596 78 597 
597 80 
598 75 599 
599 55 600 
600 75 611 
601 40 612 603 
602 84 603 
603 66 
604 65 606 
605 90 642 606 
606 95 
607 195 639 
608 231 657 
609 176 656 
610 34 612 629 
611 143 612 625 633 623 
612 217 630 746 648 613 614 617 657 636 615 654 621 639 634 620 650 644 655 656 640 619 642 643 633 622 627 631 
613 119 630 
614 136 630 737 
615 99 629 
616 82 630 737 618 
617 21 618 
618 78 630 
619 180 630 745 
620 124 630 743 
621 108 630 740 
622 98 630 707 
623 56 630 624 
624 93 630 702 
625 93 630 744 
626 82 630 736 634 
627 253 630 705 731 
628 52 630 721 640 
629 146 630 746 701 
630 333 746 748 632 646 633 657 635 631 652 637 649 645 655 656 641 643 716 732 727 695 647 636 653 638 651 644 
631 67 735 
632 103 709 
633 171 741 711 
634 22 
635 75 720 636 
636 144 
637 65 713 638 
638 82 639 
639 98 
640 95 
641 84 738 642 
642 66 
643 133 725 
644 85 645 
645 86 746 
646 88 718 647 
647 98 648 
648 72 
649 47 742 651 
650 91 651 
651 62 
652 69 723 653 
653 66 654 
654 94 
655 208 683 
656 195 746 
657 247 689 
658 87 672 659 
659 68 673 704 
660 105 672 673 748 
661 83 672 673 743 
662 247 672 673 748 739 724 
663 88 673 664 745 
664 71 672 
665 117 672 673 746 
666 112 672 673 726 
667 206 672 673 734 736 
668 133 672 673 748 714 
669 107 672 673 723 
670 109 672 673 737 
671 90 672 673 712 
672 201 673 679 696 691 677 700 674 690 699 678 698 693 701 688 686 682 681 685 675 750 
673 198 748 679 696 692 677 700 674 690 699 678 697 693 701 688 687 682 680 685 676 735 738 
674 112 737 
675 56 676 
676 57 722 
677 71 741 
678 108 706 
679 293 748 717 
680 92 681 748 
681 69 
682 108 684 
683 105 748 684 746 
684 43 748 
685 143 729 
686 85 687 
687 46 747 
688 181 711 
689 157 748 690 746 
690 175 748 
691 39 692 
692 96 708 
693 67 694 
694 35 748 695 
695 92 748 746 
696 132 750 
697 60 698 749 
698 91 
699 132 720 
700 156 747 
701 392 748 746 
702 86 746 703 
703 89 748 704 
704 59 748 
705 97 746 749 
706 78 748 707 
707 49 748 746 
708 60 748 710 
709 64 746 710 
710 60 748 
711 167 748 746 
712 83 748 713 
713 95 746 
714 93 748 715 
715 58 748 716 
716 79 746 
717 44 748 719 
718 99 746 719 
719 53 748 
720 195 748 746 
721 81 746 722 
722 160 748 
723 197 748 746 
724 64 748 725 
725 156 748 746 
726 96 748 728 
727 47 746 728 
728 86 748 
729 97 748 730 
730 80 748 731 
731 79 746 
732 73 746 733 
733 71 748 734 
734 86 748 
735 166 748 746 
736 162 748 746 
737 312 748 746 
738 178 748 746 
739 74 748 740 
740 101 748 746 
741 150 748 746 
742 72 746 750 
743 154 748 746 
744 35 746 748 
745 120 748 746 
746 283 748 750 747 
747 167 748 
748 202 750 749 
749 102 
750 167 
