name weight children
0 177 3 29 27 76 82 
1 189 3 26 30 86 85 
2 200 3 29 86 84 
3 297 29 19 7 12 4 10 5 11 15 14 16 8 9 6 31 27 32 86 74 72 
4 124 30 79 
5 147 29 81 
6 170 28 75 
7 267 28 29 73 84 
8 109 31 78 
9 208 29 25 86 
10 135 34 86 
11 189 28 77 
12 107 13 82 
13 153 24 39 29 
14 168 33 86 83 
15 252 24 50 29 16 
16 227 29 71 80 
17 205 24 38 42 29 
18 137 24 55 28 
19 133 24 57 
20 198 24 56 65 26 28 
21 168 24 60 46 27 31 
22 243 24 62 41 44 29 27 28 
23 200 24 53 33 29 
24 303 59 58 26 30 39 25 33 50 32 47 51 69 40 29 34 
25 191 67 68 49 31 29 
26 181 59 29 
27 160 29 
28 196 29 
29 248 30 31 34 33 32 
30 184 36 
31 154 
32 133 63 
33 162 59 34 
34 175 
35 102 60 36 
36 147 59 
37 121 60 38 
38 130 59 
39 145 60 59 
40 191 60 59 
41 214 60 59 
42 217 60 59 
43 154 60 59 44 
44 90 59 
45 77 46 
46 151 60 59 
47 166 59 48 
48 191 60 
49 160 60 59 
50 300 60 59 
51 212 60 59 
52 178 60 59 53 
53 177 59 54 
54 206 60 55 
55 174 60 59 
56 164 60 59 
57 245 60 59 
58 249 60 59 
59 283 60 65 69 67 62 68 63 
60 259 66 69 67 61 68 64 
61 163 62 
62 128 
63 144 64 
64 123 
65 110 66 
66 167 
67 233 
68 281 69 
69 257 
70 91 85 71 89 
71 146 86 
72 224 86 85 87 
73 152 86 95 
74 138 86 85 88 
75 175 86 85 93 
76 222 86 85 90 
77 247 86 85 95 
78 168 86 85 93 
79 217 86 85 102 
80 152 86 85 94 
81 169 86 85 94 
82 198 86 85 95 
83 194 86 85 91 90 
84 216 86 85 89 92 
85 232 86 95 91 
86 268 
87 116 95 104 
88 142 95 104 
89 265 95 100 101 
90 152 95 97 103 
91 220 95 101 98 
92 157 95 103 
93 179 95 99 126 
94 224 95 102 96 
95 279 102 104 125 100 
96 167 104 123 
97 161 104 130 
98 162 104 130 
99 153 104 129 
100 182 104 130 127 
101 175 104 128 130 
102 149 104 122 
103 231 104 134 129 
104 246 125 126 130 128 124 
105 169 111 106 107 109 108 
106 122 111 113 112 107 
107 226 110 108 
108 176 
109 175 111 116 
110 140 111 117 
111 220 121 118 112 119 
112 134 115 
113 136 121 114 
114 166 139 138 120 
115 210 120 139 121 
116 217 120 136 121 
117 170 120 135 121 
118 116 120 137 121 
119 188 120 139 121 
120 229 138 134 139 121 131 133 
121 240 132 
122 176 130 139 
123 145 130 138 
124 170 125 130 134 
125 170 130 137 
126 190 130 136 
127 107 130 138 
128 163 130 139 
129 225 130 133 135 
130 259 134 138 132 131 
131 176 138 139 
132 182 138 139 
133 199 138 139 
134 156 138 
135 171 138 139 
136 154 138 139 
137 144 138 139 
138 229 139 
139 250 
