name weight children
0 82 8 41 152 
1 68 56 618 8 
2 54 8 46 24 134 
3 96 24 4 130 
4 22 8 57 
5 49 8 53 24 126 
6 111 8 67 24 157 
7 72 8 48 24 144 
8 111 60 24 11 14 15 42 17 21 28 34 9 35 22 31 37 27 38 12 32 29 19 25 64 23 
9 68 56 24 153 
10 83 60 578 11 
11 66 24 
12 66 78 24 160 
13 89 24 14 139 
14 100 60 
15 99 59 16 
16 91 24 141 
17 89 47 24 142 
18 66 24 19 152 
19 49 58 
20 86 24 21 136 
21 38 68 
22 31 79 24 156 
23 26 24 148 
24 176 50 152 128 33 36 30 37 39 29 26 28 27 32 154 123 133 138 
25 58 73 26 
26 71 164 
27 80 75 
28 72 72 
29 93 54 154 
30 98 31 159 
31 22 76 
32 74 52 
33 98 34 146 
34 90 65 
35 90 45 36 
36 96 151 
37 118 70 149 
38 26 62 39 
39 91 163 
40 41 56 597 41 
41 96 60 
42 42 43 128 
43 38 60 44 
44 86 56 584 
45 66 56 598 60 
46 136 56 596 60 
47 101 56 600 60 
48 45 60 49 
49 69 56 617 
50 57 60 51 
51 61 56 585 
52 93 60 634 
53 122 56 658 60 
54 56 56 589 60 
55 12 56 592 60 
56 110 614 630 60 578 57 59 69 72 66 63 80 77 71 75 61 78 634 67 58 74 601 
57 109 588 60 
58 50 605 60 
59 91 595 60 
60 91 587 68 72 65 64 79 76 70 75 62 78 67 73 
61 83 613 62 
62 46 
63 90 614 64 
64 89 
65 91 66 
66 90 615 
67 117 590 
68 99 69 
69 47 581 
70 50 71 
71 81 611 
72 110 610 
73 79 74 
74 54 594 
75 67 609 
76 12 77 
77 64 608 
78 138 582 
79 81 80 
80 66 604 
81 94 87 103 198 
82 70 87 113 196 
83 47 87 108 193 
84 68 87 118 117 195 205 
85 97 87 115 188 
86 16 87 104 179 
87 162 109 125 197 94 135 90 89 98 92 99 88 100 105 114 203 186 
88 71 120 112 190 197 
89 76 106 194 
90 83 107 109 200 184 
91 109 110 149 109 92 
92 70 182 
93 54 110 129 95 
94 98 95 168 
95 49 109 
96 92 197 98 171 
97 68 110 158 98 
98 79 109 
99 48 122 191 
100 81 101 189 
101 75 109 102 
102 17 110 157 
103 101 110 124 109 
104 81 110 153 109 
105 105 110 141 109 
106 68 110 155 109 
107 46 110 147 109 
108 101 110 150 109 
109 71 110 140 163 131 113 137 118 117 122 114 120 112 115 111 
110 88 154 134 125 131 113 137 119 117 121 162 111 120 112 116 
111 60 138 
112 39 152 
113 140 143 
114 33 162 
115 70 116 
116 83 165 
117 72 145 
118 60 119 
119 63 146 
120 95 154 
121 79 133 122 
122 64 
123 72 152 124 
124 97 154 
125 72 127 
126 80 152 127 
127 60 154 
128 28 129 
129 66 152 154 
130 72 152 132 
131 91 132 197 
132 78 154 
133 65 152 154 
134 73 152 
135 73 137 202 
136 57 152 154 137 
137 76 
138 42 152 154 
139 74 152 140 
140 58 154 
141 127 152 154 
142 34 152 143 
143 94 154 
144 83 152 145 
145 38 154 
146 79 152 154 
147 59 154 148 
148 95 152 
149 58 152 154 
150 89 154 151 
151 56 152 
152 82 154 153 156 159 163 160 157 164 
153 62 154 
154 99 155 158 163 161 157 165 
155 71 156 
156 65 
157 86 
158 90 159 
159 51 
160 95 161 
161 57 162 
162 36 
163 111 
164 90 165 
165 46 
166 44 169 187 246 
167 95 169 195 228 
168 79 197 169 
169 90 197 234 170 178 174 175 172 171 181 177 184 204 185 173 176 202 189 235 240 
170 101 199 206 211 219 
171 115 197 233 
172 25 194 230 
173 83 190 234 
174 45 193 229 
175 64 201 222 
176 46 197 236 
177 83 191 242 
178 52 180 231 
179 35 197 180 
180 53 197 
181 50 183 238 
182 26 197 183 
183 98 197 
184 119 197 245 
185 88 186 248 
186 123 197 
187 46 197 188 
188 77 197 
189 77 197 
190 60 197 
191 124 197 
192 96 197 196 234 
193 76 197 
194 53 197 
195 78 197 
196 15 197 
197 137 202 198 205 200 203 199 206 201 204 
198 28 199 
199 93 
200 72 201 
201 70 
202 135 
203 84 204 
204 71 217 
205 94 206 
206 99 
207 79 211 229 262 
208 91 211 233 268 
209 19 211 244 253 
210 50 211 232 264 
211 176 234 235 259 220 223 225 241 218 227 214 215 216 213 230 260 
212 81 259 213 254 
213 38 246 
214 81 235 258 
215 101 239 259 255 
216 28 236 261 
217 115 234 235 218 
218 33 250 
219 90 234 221 
220 61 221 259 
221 21 235 
222 79 234 224 
223 123 224 259 264 
224 55 235 
225 77 237 259 
226 67 259 227 267 
227 52 247 
228 46 234 235 259 
229 98 234 235 
230 97 234 235 
231 80 234 232 
232 60 235 
233 72 234 235 
234 80 235 238 242 245 248 240 236 246 
235 72 237 243 244 247 239 236 246 
236 89 
237 92 238 
238 58 
239 91 240 
240 32 
241 67 243 256 
242 63 243 
243 82 
244 45 245 
245 93 
246 127 
247 58 248 
248 92 
249 22 264 250 275 
250 89 259 
251 83 264 253 252 
252 135 286 287 329 
253 47 259 
254 98 264 281 
255 85 264 290 
256 68 259 257 
257 90 264 282 
258 29 259 265 
259 119 264 262 260 268 261 286 266 
260 93 264 287 
261 38 263 
262 73 264 287 
263 38 264 289 
264 127 286 268 266 267 265 288 
265 50 284 
266 90 269 
267 24 277 
268 96 286 
269 81 286 270 
270 80 287 273 
271 80 273 287 332 
272 10 273 282 327 
273 166 287 288 326 329 274 279 323 327 330 285 319 325 
274 57 276 326 
275 41 286 276 
276 75 287 
277 77 286 278 
278 78 287 279 
279 58 324 
280 85 287 281 330 
281 80 286 
282 94 286 287 
283 37 287 284 323 
284 71 286 
285 66 287 286 
286 81 287 288 290 289 
287 88 289 290 326 
288 67 
289 93 327 
290 59 
291 59 299 316 294 311 
292 60 294 298 311 
293 89 299 321 294 307 
294 61 299 322 310 296 295 
295 97 300 309 
296 31 297 307 
297 91 299 313 
298 100 299 320 
299 79 321 317 310 300 
300 66 302 
301 63 303 308 304 
302 76 321 331 
303 55 307 309 305 
304 98 305 
305 62 306 
306 56 307 311 
307 77 310 308 
308 82 311 
309 37 310 
310 88 318 311 
311 88 
312 37 319 323 313 
313 91 321 
314 90 319 327 320 
315 92 319 330 316 
316 63 321 
317 69 319 327 
318 69 319 326 321 
319 70 326 321 331 328 322 
320 54 321 
321 84 325 324 322 
322 85 
323 79 326 
324 48 326 
325 77 326 
326 73 327 328 332 330 
327 79 
328 61 329 
329 98 
330 87 
331 92 332 
332 98 
333 65 350 334 388 
334 87 352 439 
335 89 352 435 350 376 
336 22 352 433 337 
337 94 350 409 
338 96 350 339 375 
339 50 352 469 
340 73 352 440 350 374 
341 62 350 342 381 
342 57 352 439 
343 99 350 344 386 
344 28 352 463 
345 88 352 482 350 377 
346 78 352 491 347 
347 100 350 390 
348 76 352 427 349 
349 76 350 352 380 384 
350 96 352 486 377 421 426 382 367 404 402 365 467 373 372 371 370 398 396 458 389 353 363 358 360 368 361 356 354 351 378 379 
351 22 352 448 
352 125 442 414 415 420 353 430 424 488 366 405 401 364 464 373 372 371 369 397 396 457 389 362 357 359 368 361 356 355 434 
353 104 422 470 378 
354 46 355 378 
355 64 441 
356 78 466 393 
357 58 483 358 
358 52 394 
359 93 474 360 
360 15 412 
361 106 459 391 
362 98 451 363 
363 72 392 
364 86 447 365 
365 76 413 
366 60 479 367 
367 91 411 
368 78 445 383 
369 58 442 370 
370 38 410 
371 86 480 387 
372 99 477 406 
373 88 484 376 
374 70 377 501 
375 85 377 531 
376 79 377 518 514 
377 74 415 430 523 378 409 425 380 382 381 388 390 411 386 404 400 413 468 406 387 410 399 395 456 389 392 394 412 383 391 393 379 384 563 642 
378 87 520 516 504 
379 51 534 
380 115 523 533 
381 88 506 
382 100 488 524 
383 37 524 
384 80 385 
385 99 523 637 
386 53 494 
387 50 519 
388 76 507 
389 89 444 522 
390 55 503 
391 78 510 
392 46 527 
393 69 528 
394 97 655 
395 90 396 530 
396 65 453 
397 99 492 398 
398 77 399 
399 38 513 
400 53 402 511 
401 63 485 402 
402 65 
403 78 523 404 660 
404 120 405 
405 48 472 
406 95 551 
407 71 520 408 651 
408 99 523 409 
409 79 
410 93 498 
411 96 499 
412 91 526 
413 99 647 
414 99 438 1118 
415 71 417 
416 84 438 1128 417 
417 96 442 
418 84 1130 1090 419 
419 55 438 420 
420 92 442 421 
421 76 523 
422 71 438 423 442 
423 94 1130 1079 
424 112 438 1127 442 426 
425 96 426 517 
426 58 
427 63 438 428 442 
428 83 1130 1086 
429 100 438 1122 431 
430 79 431 
431 97 442 
432 74 1130 1112 437 
433 86 438 1128 442 
434 75 438 1150 442 
435 59 442 436 
436 62 438 1123 
437 21 438 442 
438 111 1130 1088 442 487 440 489 439 481 491 478 462 471 485 446 465 484 477 480 493 452 454 443 470 451 483 473 445 460 466 448 1138 1157 441 469 
439 87 1156 1117 442 
440 86 1134 442 
441 48 442 
442 88 1119 486 490 482 491 479 463 472 485 447 465 484 477 480 492 453 455 444 470 451 483 474 445 459 466 448 469 
443 79 1133 444 
444 56 
445 112 1155 
446 94 1144 447 
447 57 
448 75 449 
449 51 1130 450 
450 74 1083 1058 
451 102 1126 
452 49 1123 453 
453 43 
454 31 1146 455 
455 95 457 
456 49 458 496 
457 98 458 
458 94 
459 81 460 
460 57 1137 
461 118 1083 1104 1130 462 
462 70 463 
463 85 
464 78 465 467 
465 92 1158 
466 60 1131 
467 72 468 
468 96 523 
469 95 
470 112 1136 
471 55 1098 472 
472 80 
473 94 1130 474 
474 55 
475 76 1083 1061 476 
476 48 1130 477 
477 119 
478 71 1135 479 
479 98 
480 131 1147 
481 40 1131 482 
482 81 
483 55 1132 
484 114 1131 
485 92 1141 
486 87 487 
487 15 1223 
488 72 490 
489 69 1125 490 
490 66 
491 89 1143 
492 59 493 
493 40 1154 
494 69 523 495 
495 81 520 560 
496 89 523 520 556 
497 24 520 498 542 
498 94 523 
499 34 523 500 
500 90 520 573 
501 81 523 520 549 
502 63 520 503 547 
503 77 523 
504 30 523 505 
505 38 520 537 
506 127 523 520 538 
507 41 523 508 
508 90 520 544 
509 89 520 510 567 
510 69 523 
511 130 523 520 564 
512 76 520 513 562 
513 95 523 
514 73 523 515 
515 39 520 565 
516 93 523 520 553 
517 82 523 520 554 
518 105 523 520 559 
519 110 523 520 561 
520 61 523 562 533 641 660 648 552 530 521 527 656 525 524 529 535 637 532 541 
521 73 522 569 
522 18 523 
523 123 563 524 642 647 551 530 527 655 526 528 534 531 566 
524 97 559 
525 66 526 571 
526 38 
527 93 577 
528 39 529 
529 74 572 
530 100 540 
531 59 532 
532 75 546 
533 81 548 
534 59 535 
535 73 562 
536 89 559 537 640 
537 91 562 
538 87 562 539 
539 58 559 624 
540 62 562 559 606 
541 82 562 559 621 
542 36 562 559 622 
543 69 559 544 585 
544 90 562 
545 15 559 546 629 
546 78 562 
547 83 562 559 623 
548 78 562 559 631 
549 78 562 559 643 
550 56 559 552 638 
551 62 552 
552 54 562 
553 49 562 559 626 
554 90 562 555 
555 95 559 619 
556 88 562 559 622 
557 74 559 561 650 
558 80 559 562 629 
559 79 562 629 645 574 661 564 649 566 565 653 576 654 570 568 575 563 635 560 657 627 
560 83 562 
561 28 562 
562 117 563 651 644 573 662 564 646 566 565 569 577 656 571 567 572 636 
563 118 625 
564 65 625 
565 44 626 
566 113 621 
567 86 568 
568 73 580 
569 89 653 
570 82 571 639 
571 64 
572 53 575 
573 84 574 
574 54 620 
575 96 632 
576 83 577 628 
577 58 
578 100 579 
579 108 619 623 614 
580 70 629 619 582 
581 98 619 638 614 
582 56 614 
583 77 619 621 584 
584 18 614 
585 82 629 619 614 
586 76 619 621 587 
587 56 614 
588 117 619 625 614 
589 55 619 625 614 
590 89 614 591 
591 75 619 640 
592 89 619 657 614 
593 22 619 629 594 
594 98 614 
595 52 619 649 614 
596 105 619 620 614 
597 74 619 645 614 
598 77 614 599 
599 47 619 622 
600 53 619 626 614 
601 79 614 602 
602 62 619 629 
603 64 619 626 604 
604 47 614 
605 117 619 635 614 
606 68 629 617 
607 86 619 628 608 
608 17 614 
609 89 619 639 614 
610 85 619 650 614 
611 94 619 654 614 
612 78 619 627 613 
613 35 614 
614 110 619 643 652 618 658 615 617 633 
615 100 616 
616 34 619 622 
617 61 619 
618 89 619 624 
619 96 629 630 659 632 
620 76 629 
621 72 629 
622 58 629 
623 95 629 
624 69 629 
625 65 629 
626 74 629 
627 59 629 
628 23 629 
629 151 651 643 631 645 657 659 649 638 650 652 654 639 632 640 635 
630 38 631 
631 89 
632 63 633 
633 55 634 
634 100 
635 82 636 
636 45 637 
637 56 
638 82 
639 71 
640 98 
641 51 642 644 
642 96 
643 25 
644 81 645 
645 90 
646 78 648 649 
647 68 648 
648 74 
649 108 
650 55 
651 60 
652 36 653 
653 78 
654 79 656 
655 71 656 
656 116 
657 78 
658 52 659 
659 66 661 
660 59 662 
661 60 662 
662 100 
663 64 683 664 1305 
664 24 680 757 
665 89 680 766 683 1297 
666 78 683 667 1301 
667 81 680 744 
668 63 680 759 683 1289 
669 116 680 764 683 1314 
670 92 680 758 683 1303 
671 41 680 752 672 
672 56 683 1262 
673 85 683 674 1293 
674 59 680 754 
675 73 680 769 683 1266 
676 116 680 749 683 1243 
677 73 680 751 683 1296 
678 15 680 781 683 
679 93 680 748 682 
680 131 749 787 683 681 1209 687 688 689 700 719 705 736 722 693 699 698 694 717 691 734 740 741 720 706 730 728 743 684 738 729 715 724 725 711 686 708 696 702 710 714 735 745 1304 
681 44 762 683 1292 
682 44 683 1176 
683 152 746 775 1304 1203 687 688 690 701 718 704 737 721 692 699 697 695 716 691 733 739 741 720 707 1208 727 742 685 738 729 715 723 726 712 686 709 1269 703 710 713 735 1318 
684 42 756 685 
685 62 1295 
686 79 772 1301 
687 113 778 1302 
688 99 770 1231 
689 99 802 690 
690 41 1298 
691 50 820 1307 
692 80 693 1272 
693 55 789 
694 23 808 695 
695 60 1319 
696 98 813 1269 
697 83 698 1324 
698 64 823 
699 110 792 1282 
700 62 798 701 
701 90 1185 
702 93 753 703 
703 61 1254 
704 60 705 1291 
705 81 804 
706 93 750 707 
707 93 1315 
708 98 818 709 
709 30 1278 
710 145 796 1219 
711 88 805 712 
712 94 1240 
713 76 714 1252 
714 33 774 
715 104 779 1308 
716 79 717 1235 
717 84 800 
718 98 719 1229 
719 91 785 
720 50 809 1322 
721 72 722 1310 
722 54 825 
723 90 724 1321 
724 47 761 
725 71 821 726 
726 89 1198 
727 85 728 1299 
728 64 817 
729 106 810 1180 
730 53 732 1208 
731 97 787 865 732 
732 90 749 
733 33 734 1233 
734 90 812 
735 77 782 1290 
736 27 790 737 
737 100 1313 
738 93 788 1326 
739 44 740 1286 
740 71 816 
741 89 797 1312 
742 89 743 1218 
743 90 791 
744 103 787 888 749 
745 65 787 838 749 
746 96 787 827 749 
747 56 787 826 748 
748 48 749 
749 105 787 877 751 762 759 752 757 781 784 766 778 770 802 798 785 804 790 825 789 792 823 808 800 820 812 816 797 809 769 750 817 791 756 788 810 779 761 821 805 772 818 813 758 753 796 775 774 764 782 754 794 
750 79 787 890 
751 73 787 
752 156 787 859 
753 55 787 828 
754 32 755 
755 88 787 839 
756 72 787 883 
757 97 787 849 
758 73 787 904 
759 83 760 
760 85 787 881 
761 112 787 861 
762 88 763 
763 30 787 848 
764 35 765 
765 98 787 901 
766 60 768 
767 86 860 969 768 
768 28 787 
769 108 787 845 
770 18 771 
771 99 787 857 
772 100 787 833 
773 91 787 884 774 
774 37 
775 89 776 
776 67 787 830 
777 73 787 900 778 
778 84 
779 87 787 874 
780 53 787 847 781 
781 85 
782 84 793 
783 44 787 891 784 
784 98 1209 
785 86 787 
786 96 864 949 787 
787 88 860 794 801 799 803 790 824 789 792 823 808 800 820 812 815 797 807 817 791 788 811 822 806 819 814 795 793 853 834 887 
788 51 882 
789 128 863 
790 68 894 
791 49 903 
792 69 851 
793 60 860 
794 99 841 
795 65 836 796 
796 81 
797 67 872 
798 96 799 
799 88 897 
800 72 977 
801 96 843 802 
802 80 
803 90 908 804 
804 88 
805 45 806 
806 37 898 
807 55 895 809 
808 111 866 
809 95 
810 45 811 
811 99 886 
812 101 875 
813 96 814 
814 68 832 
815 13 880 816 
816 95 
817 102 855 
818 38 819 
819 65 879 
820 104 876 
821 78 822 
822 15 854 
823 86 869 
824 72 906 825 
825 86 
826 63 864 942 860 
827 112 864 924 860 
828 56 864 984 860 
829 23 864 986 830 
830 100 860 
831 96 864 973 832 
832 65 860 
833 60 864 917 860 
834 37 860 835 
835 76 864 933 
836 34 860 837 
837 41 864 923 
838 147 864 940 860 
839 74 860 840 
840 77 864 954 
841 98 860 842 
842 45 864 936 
843 78 860 844 
844 60 864 955 
845 116 864 970 860 
846 42 864 952 847 
847 93 860 
848 106 864 911 860 
849 99 860 850 
850 58 864 920 
851 114 864 950 860 
852 37 864 921 853 
853 96 860 
854 80 864 980 860 
855 64 860 856 
856 34 864 930 
857 37 860 858 
858 96 864 967 
859 55 864 943 860 
860 115 864 915 966 877 888 881 891 900 897 887 908 894 906 863 869 866 977 876 875 880 872 895 890 865 903 883 882 886 874 861 898 879 904 884 901 
861 85 862 
862 25 864 981 
863 52 864 964 
864 159 952 888 881 892 969 900 896 887 907 893 906 868 867 977 876 875 880 871 895 889 865 903 883 882 886 873 899 878 905 885 902 939 877 
865 110 935 
866 87 867 
867 36 988 
868 25 991 869 
869 90 
870 59 871 
871 127 952 872 
872 40 
873 72 960 874 
874 72 
875 104 990 
876 88 992 
877 47 
878 61 912 879 
879 25 
880 98 934 
881 65 909 
882 88 938 
883 96 925 
884 82 885 
885 23 957 
886 94 982 
887 91 971 
888 61 948 
889 83 978 890 
890 56 
891 99 892 
892 100 953 
893 83 959 894 
894 92 
895 124 993 
896 74 961 897 
897 90 
898 50 899 
899 51 929 
900 67 927 
901 81 902 
902 99 916 
903 85 944 
904 96 905 
905 79 956 
906 96 962 
907 80 946 908 
908 13 
909 24 952 910 
910 45 
911 138 952 
912 96 952 913 
913 67 
914 56 915 
915 84 952 
916 58 952 
917 97 952 918 
918 71 
919 86 920 
920 62 952 
921 87 952 
922 81 923 
923 43 952 
924 72 952 
925 66 952 926 
926 76 
927 91 952 
928 94 929 
929 26 952 
930 48 952 931 
931 76 
932 87 933 
933 60 952 
934 99 952 
935 107 952 
936 30 952 937 
937 64 
938 42 952 
939 62 952 
940 138 952 
941 92 942 
942 81 952 
943 66 952 
944 64 952 945 
945 98 
946 63 952 
947 94 948 
948 28 952 
949 64 952 
950 53 952 951 
951 77 
952 101 953 968 967 955 961 971 959 962 964 991 988 976 992 990 993 970 978 982 960 981 980 973 956 984 986 957 966 954 
953 77 
954 78 
955 60 
956 86 
957 93 958 
958 20 
959 93 
960 85 
961 104 
962 37 963 
963 51 
964 93 
965 57 966 
966 64 
967 72 969 
968 72 969 
969 125 
970 67 
971 32 972 
972 93 
973 72 974 
974 67 
975 58 976 
976 81 977 
977 88 
978 84 
979 43 980 
980 42 
981 119 
982 85 983 
983 48 
984 88 985 
985 40 
986 122 
987 91 988 
988 11 
989 87 990 
990 74 
991 86 
992 79 
993 109 
994 63 1011 1186 995 
995 84 1013 1037 1091 
996 38 1011 1165 1013 1050 
997 68 1011 1167 1013 1039 
998 115 1011 1166 1196 1013 1035 1059 
999 32 1013 1000 1038 
1000 100 1011 1161 
1001 50 1011 1163 1013 1073 
1002 74 1011 1181 1003 
1003 99 1013 1036 
1004 61 1011 1170 1013 1063 
1005 97 1011 1166 1013 1046 
1006 115 1011 1189 1013 1055 
1007 27 1011 1169 1008 
1008 75 1013 1037 1092 
1009 43 1011 1162 1013 1082 
1010 75 1011 1213 1013 1053 
1011 116 1163 1247 1013 1036 1205 1172 1051 1224 1044 1012 1192 1201 1019 1065 1029 1031 1021 1216 1034 1027 1028 1015 1026 1022 1060 1016 1025 1069 1017 1056 1194 1030 1023 1177 1227 1178 1014 1047 
1012 78 1163 1013 1039 
1013 74 1163 1037 1041 1171 1052 1225 1014 1044 1151 1040 1018 1066 1029 1032 1020 1215 1033 1027 1028 1015 1026 1022 1060 1016 1025 1069 1017 1057 1195 1030 1024 1048 
1014 78 1037 1079 
1015 103 1179 1062 
1016 98 1168 1042 
1017 97 1165 1070 
1018 73 1019 1037 
1019 26 1236 
1020 56 1021 1054 
1021 64 1267 
1022 105 1182 1038 
1023 76 1190 1024 
1024 74 1045 
1025 84 1197 1043 
1026 52 1174 1072 
1027 89 1199 1067 
1028 66 1220 1037 
1029 80 1241 1046 
1030 89 1164 1071 
1031 89 1188 1032 
1032 77 1064 
1033 71 1034 1035 
1034 77 1210 
1035 57 1037 1129 1145 
1036 74 1160 1037 1084 
1037 95 1082 1038 1041 1121 1052 1226 1039 1044 1047 1153 1040 1066 1046 1064 1073 1054 1140 1067 1062 1072 1060 1042 1043 1068 1070 1063 1057 1193 1050 1053 1071 1059 1045 1055 1049 1100 1103 
1038 82 1083 1113 
1039 83 1076 1074 
1040 35 1201 1082 
1041 81 1205 1087 
1042 74 1111 
1043 72 1095 
1044 104 1181 1081 
1045 68 1139 
1046 99 1105 1104 
1047 73 1075 
1048 84 1177 1049 
1049 47 1107 
1050 75 1097 
1051 84 1168 1052 
1052 71 1078 
1053 70 1080 
1054 70 1099 
1055 88 1086 
1056 79 1165 1057 
1057 104 1106 
1058 74 1082 1059 
1059 97 
1060 91 1174 1101 
1061 62 1082 1062 
1062 87 
1063 77 1124 
1064 93 1108 
1065 99 1200 1066 
1066 73 1083 
1067 82 1159 
1068 65 1069 1116 
1069 63 1238 
1070 90 1094 
1071 100 1089 
1072 97 1148 
1073 99 1114 
1074 80 1082 1083 1128 
1075 37 1082 1083 1134 
1076 113 1082 1083 1128 
1077 56 1083 1078 1118 
1078 42 1082 
1079 105 1082 1083 
1080 53 1082 1083 1137 
1081 66 1082 1083 1122 
1082 80 1083 1129 1087 1120 1222 1091 1084 1092 1152 1100 1105 1108 1114 1104 1099 1142 1145 1159 1103 1148 1113 1101 1111 1095 1116 1094 1124 1106 1109 1097 1089 1139 1086 1107 
1083 85 1130 1088 1120 1223 1090 1085 1092 1149 1100 1105 1108 1115 1099 1141 1144 1158 1103 1147 1112 1102 1111 1096 1116 1093 1126 1106 1110 1097 1089 1138 1086 1107 1125 1117 
1084 49 1085 
1085 39 1123 
1086 118 
1087 93 1088 
1088 84 
1089 75 1131 
1090 55 1091 
1091 63 
1092 104 1127 
1093 63 1094 1136 
1094 70 
1095 65 1096 
1096 87 1146 
1097 102 1155 
1098 79 1130 1099 
1099 44 
1100 97 1156 
1101 93 1102 
1102 23 1154 
1103 65 1131 
1104 26 
1105 121 1131 
1106 99 1132 
1107 78 1157 
1108 80 1143 
1109 81 1193 1110 
1110 66 1130 
1111 72 1123 
1112 84 1113 
1113 54 
1114 64 1115 
1115 20 1135 
1116 90 1133 
1117 20 1130 
1118 100 1130 
1119 92 1130 1120 
1120 89 1121 
1121 51 1171 
1122 70 1130 
1123 76 1130 
1124 68 1126 
1125 24 1130 
1126 126 1130 
1127 59 1130 
1128 94 1130 
1129 89 1130 
1130 78 1223 1134 1150 1156 1131 1143 1135 1141 1144 1158 1147 1154 1146 1133 1136 1132 1155 1137 1138 1157 
1131 81 
1132 60 
1133 50 
1134 94 
1135 67 
1136 48 
1137 77 
1138 103 1139 
1139 91 
1140 26 1215 1142 
1141 45 1142 
1142 87 
1143 39 
1144 90 1145 
1145 86 
1146 91 
1147 48 1148 
1148 99 
1149 74 1152 1150 
1150 51 
1151 77 1192 1153 
1152 96 1153 
1153 93 
1154 71 
1155 30 
1156 81 
1157 69 
1158 60 1159 
1159 78 
1160 78 1163 1250 
1161 61 1163 1244 
1162 67 1163 1261 
1163 176 1250 1175 1166 1206 1173 1168 1224 1167 1186 1227 1181 1169 1178 1191 1201 1236 1200 1241 1188 1267 1214 1210 1199 1220 1179 1174 1182 1197 1238 1165 1170 1194 1213 1164 1196 1190 1189 1177 1245 1309 1265 
1164 74 1244 
1165 79 1265 1271 1253 
1166 72 1248 1249 
1167 64 1250 
1168 91 1248 1251 
1169 46 1273 
1170 81 1277 
1171 89 1172 
1172 91 1173 
1173 46 1255 
1174 89 1285 1284 
1175 79 1301 1176 
1176 47 1304 
1177 84 1256 
1178 75 1280 
1179 77 1246 
1180 96 1304 1183 
1181 56 1260 1275 
1182 77 1184 
1183 70 1301 1184 
1184 68 1250 
1185 60 1304 1187 
1186 119 1250 1187 
1187 81 1301 
1188 62 1283 
1189 47 1246 
1190 62 1264 
1191 63 1251 1192 
1192 48 
1193 81 1195 
1194 112 1258 1195 
1195 95 
1196 70 1252 
1197 62 1250 1198 
1198 78 1304 1301 
1199 66 1259 
1200 24 1276 
1201 86 1257 
1202 39 1304 1203 1204 
1203 87 1209 
1204 90 1301 1206 
1205 79 1206 
1206 130 1250 
1207 45 1304 1208 1301 1211 
1208 96 
1209 88 
1210 29 1211 
1211 100 1250 
1212 68 1301 1219 1213 
1213 60 1250 
1214 34 1250 1216 
1215 92 1216 
1216 88 
1217 73 1301 1218 1221 
1218 100 1304 
1219 70 1304 
1220 55 1221 
1221 69 1250 
1222 78 1226 1223 
1223 90 
1224 60 1230 1225 
1225 96 1226 
1226 49 
1227 70 1228 
1228 107 1301 1229 1250 
1229 72 1304 
1230 72 1250 1232 
1231 75 1304 1232 
1232 53 1301 
1233 81 1304 1234 
1234 23 1301 1242 
1235 84 1304 1237 
1236 95 1250 1237 
1237 63 1301 
1238 51 1239 
1239 62 1250 1240 
1240 129 1304 1301 
1241 90 1242 
1242 85 1250 
1243 97 1304 1250 
1244 51 1250 1300 1317 
1245 93 1250 1292 
1246 37 1250 1295 1290 
1247 94 1250 1296 
1248 70 1250 1304 1302 
1249 75 1250 1323 
1250 90 1301 1261 1255 1260 1275 1309 1273 1280 1251 1257 1276 1283 1265 1267 1259 1285 1284 1277 1271 1258 1253 1252 1264 1256 1288 1298 1316 
1251 71 1324 1320 
1252 108 1304 1301 
1253 53 1301 1254 
1254 86 1304 
1255 69 1297 
1256 44 1294 
1257 82 1319 
1258 46 1303 
1259 43 1299 
1260 78 1291 
1261 75 1263 
1262 82 1304 1263 
1263 72 1301 
1264 56 1314 
1265 77 1312 1301 
1266 70 1304 1268 
1267 34 1268 
1268 94 1301 
1269 97 1304 1270 
1270 30 1301 1271 
1271 99 
1272 100 1304 1274 
1273 96 1274 
1274 39 1301 
1275 85 1311 
1276 95 1306 
1277 99 1279 
1278 11 1304 1279 
1279 69 1301 
1280 33 1281 
1281 67 1301 1282 
1282 87 1304 
1283 89 1287 
1284 54 1308 
1285 99 1325 
1286 85 1304 1287 
1287 39 1301 
1288 83 1301 1289 
1289 86 1304 
1290 90 1304 1301 
1291 100 1304 1301 
1292 121 1304 1301 
1293 66 1304 1294 
1294 71 1301 
1295 71 1304 1301 
1296 69 1304 1301 
1297 68 1304 1301 
1298 120 1304 1301 
1299 42 1304 1301 
1300 25 1301 1305 
1301 128 1304 1302 1311 1309 1324 1319 1306 1312 1323 1316 1325 1308 1320 1303 1317 1314 
1302 74 1304 
1303 67 1304 
1304 104 1305 1313 1310 1324 1319 1307 1312 1322 1315 1326 1308 1321 1318 1314 
1305 60 
1306 57 1307 
1307 60 
1308 84 
1309 63 1310 
1310 78 
1311 96 1313 
1312 107 
1313 42 
1314 94 
1315 36 1316 
1316 86 
1317 69 1318 
1318 44 
1319 97 
1320 78 1321 
1321 52 
1322 89 1323 
1323 70 
1324 110 
1325 97 1326 
1326 24 
