name weight children
0 39 2 23 
1 393 2 22 10 11 
2 418 22 21 3 5 4 23 11 10 
3 169 22 18 11 
4 254 23 9 
5 310 22 6 
6 80 11 8 
7 179 8 
8 415 10 9 11 
9 184 11 10 
10 272 11 
11 281 
12 69 13 14 20 
13 813 25 24 17 28 15 16 14 29 26 27 19 20 
14 670 29 25 26 19 20 
15 323 25 20 19 
16 217 25 19 
17 639 26 28 19 20 
18 152 22 19 
19 703 20 22 23 
20 573 22 21 23 
21 75 22 
22 765 23 
23 581 
24 89 25 31 
25 574 31 47 29 26 28 27 30 35 32 
26 511 35 31 34 
27 96 32 
28 311 32 35 
29 552 32 31 33 35 
30 120 31 41 
31 592 38 37 32 35 34 33 47 39 40 
32 439 38 41 
33 100 45 
34 267 43 38 
35 623 38 44 40 47 46 
36 95 67 54 37 
37 572 67 38 47 41 44 39 43 40 45 46 42 70 71 68 
38 553 67 69 42 47 41 44 39 43 40 45 46 
39 180 67 
40 343 67 
41 528 71 68 
42 141 67 68 
43 301 67 56 
44 271 67 64 
45 284 67 58 
46 378 67 65 
47 563 71 68 70 
48 74 85 94 49 61 
49 632 85 79 59 54 50 53 55 51 52 56 57 58 89 86 61 65 62 63 
50 492 85 90 61 63 65 
51 187 87 61 62 
52 216 86 85 62 61 
53 664 86 85 87 61 62 64 
54 305 85 92 61 
55 133 86 65 
56 345 85 95 61 67 
57 170 87 65 
58 338 84 61 67 
59 635 85 94 88 61 60 62 66 
60 41 61 67 
61 619 65 62 63 64 67 66 71 68 
62 493 67 69 68 
63 164 71 
64 226 67 
65 649 67 70 71 
66 20 68 
67 627 70 71 68 69 
68 570 
69 113 
70 274 
71 575 
72 257 128 129 76 139 131 95 90 
73 276 76 138 128 93 89 
74 519 128 129 76 138 141 132 94 88 96 95 
75 100 76 138 94 
76 584 128 127 79 77 82 80 83 78 81 144 132 143 129 95 85 86 94 92 87 
77 495 137 128 129 136 89 95 94 91 93 
78 113 142 96 
79 434 128 129 95 91 
80 481 128 132 144 129 92 96 90 
81 240 128 95 
82 312 130 133 94 95 
83 437 128 123 131 92 96 
84 41 85 90 
85 660 95 89 86 88 87 94 92 96 91 93 90 
86 480 95 94 96 93 
87 373 95 92 91 
88 183 95 
89 446 95 
90 189 95 
91 279 95 
92 445 95 
93 226 95 
94 522 95 
95 530 96 
96 356 
97 85 104 165 98 
98 683 104 100 113 101 99 102 110 114 119 120 118 112 140 134 115 117 109 105 108 107 106 122 137 141 138 136 144 123 121 
99 574 106 104 108 139 131 123 122 124 143 
100 319 104 105 108 122 138 136 
101 197 104 154 144 
102 490 158 149 104 107 122 138 
103 34 158 162 105 
104 689 158 161 105 108 113 106 107 111 114 119 120 118 112 140 134 117 116 109 147 153 156 167 163 115 
105 599 150 159 155 158 
106 183 168 150 
107 249 151 165 
108 644 158 150 152 159 146 
109 247 158 126 
110 116 111 126 
111 143 150 
112 238 168 142 
113 518 158 128 125 
114 743 158 165 166 157 137 124 126 
115 180 117 122 
116 171 145 117 
117 141 158 126 
118 301 164 133 
119 298 158 125 
120 770 159 148 123 122 
121 56 122 131 
122 667 128 123 144 139 126 137 138 125 131 124 133 142 141 143 136 129 130 132 
123 476 128 127 129 
124 160 132 
125 282 128 
126 699 134 128 132 129 
127 94 128 
128 639 144 139 129 137 130 138 131 132 133 142 141 143 136 
129 489 
130 78 
131 356 
132 504 
133 239 
134 225 135 
135 161 161 147 158 
136 246 
137 514 
138 698 
139 307 
140 198 158 141 
141 216 
142 324 
143 264 
144 646 
145 242 161 178 158 
146 181 161 179 158 
147 250 161 172 177 158 
148 187 161 176 158 
149 316 170 176 161 
150 724 161 176 179 177 182 158 
151 135 161 192 158 
152 440 170 176 161 158 
153 345 161 180 193 158 
154 201 161 193 158 
155 442 170 176 161 158 
156 373 170 176 161 158 
157 108 161 178 158 
158 571 161 176 165 159 168 166 167 163 164 162 160 
159 513 161 186 180 
160 135 161 176 
161 632 176 168 165 166 167 162 163 164 190 186 189 178 185 177 
162 506 184 186 191 176 180 
163 197 183 
164 193 173 
165 542 192 180 193 
166 203 177 
167 452 176 175 
168 695 170 176 185 187 
169 121 170 178 
170 603 176 171 190 186 172 192 180 188 193 185 179 174 184 182 173 187 191 177 181 178 175 
171 553 176 180 178 177 
172 272 176 177 
173 257 176 
174 532 176 177 180 
175 36 176 
176 698 190 186 192 180 189 178 193 185 179 177 184 183 187 191 181 182 
177 557 
178 251 
179 264 
180 525 
181 199 182 
182 157 183 
183 160 
184 240 
185 515 
186 705 
187 260 
188 147 189 
189 162 
190 271 
191 195 
192 486 
193 779 
