name weight children
0 63 10 1 5 
1 71 47 
2 59 47 4 
3 47 10 4 8 
4 88 47 
5 80 10 6 
6 59 10 9 
7 27 10 47 
8 53 10 
9 154 10 
10 2731 47 
11 80 47 14 12 
12 100 47 
13 28 47 17 14 
14 60 47 
15 38 47 21 16 
16 46 47 17 
17 12 47 
18 17 19 
19 55 47 20 
20 82 47 22 
21 77 47 23 
22 65 47 24 
23 52 47 24 
24 19 47 
25 94 47 27 26 
26 91 47 30 
27 74 47 28 
28 62 47 
29 91 47 30 32 
30 52 47 
31 97 47 32 33 
32 69 47 
33 59 47 34 
34 18 47 
35 268 47 36 
36 305 47 37 
37 300 47 
38 251 47 39 
39 272 47 40 
40 290 47 
41 274 47 43 
42 277 47 43 
43 295 47 
44 528 47 
45 697 47 
46 1157 47 
47 35761 
