name weight children
0 88 10 16 3 
1 57 3 9 4 
2 80 3 11 4 5 
3 90 12 6 
4 82 5 
5 99 
6 91 12 7 
7 78 10 21 
8 96 10 17 9 
9 34 12 
10 55 21 14 12 11 
11 50 20 12 
12 40 19 
13 91 29 69 22 
14 58 22 31 
15 58 22 28 16 
16 79 21 
17 72 22 25 21 
18 57 22 24 19 
19 60 21 
20 74 22 32 21 
21 77 22 27 
22 98 29 30 
23 52 29 74 24 
24 63 29 
25 93 29 56 
26 41 29 74 27 
27 86 29 
28 42 29 74 
29 108 74 60 31 33 30 61 32 
30 118 57 
31 89 72 
32 36 33 
33 66 73 
34 64 43 35 58 
35 40 
36 116 43 74 
37 115 43 38 70 
38 77 
39 142 43 65 
40 87 43 41 
41 25 43 64 
42 30 43 
43 183 62 51 47 44 52 49 53 64 45 48 68 
44 113 64 
45 93 47 61 
46 14 47 
47 93 
48 55 49 66 
49 53 50 
50 81 
51 183 60 
52 186 63 
53 205 54 
54 70 64 55 
55 58 65 56 
56 48 74 
57 29 74 59 
58 56 64 59 
59 100 65 
60 140 64 65 
61 233 64 65 74 
62 109 64 
63 77 64 65 74 
64 127 65 74 70 68 66 
65 133 74 71 67 66 73 
66 99 74 
67 60 68 72 
68 67 
69 37 74 71 
70 62 71 
71 51 
72 38 74 
73 78 74 
74 190 
