name weight children
0 134 4 1 2 
1 98 14 13 
2 128 3 8 
3 916 14 13 4 8 7 
4 1002 14 13 11 
5 105 9 6 
6 131 9 
7 89 8 9 
8 795 9 
9 1050 
10 119 18 20 19 11 
11 114 13 14 
12 88 13 16 14 
13 980 19 18 14 16 15 
14 955 17 19 
15 363 18 29 19 
16 440 18 24 20 19 
17 37 19 18 
18 825 24 23 21 20 28 29 26 27 19 
19 741 21 28 
20 409 23 38 24 
21 407 23 38 24 
22 99 38 32 23 
23 763 38 30 24 28 29 25 27 36 39 26 
24 696 38 35 28 29 26 27 
25 74 35 26 
26 136 
27 202 39 
28 482 38 
29 1221 33 38 39 
30 282 33 38 
31 570 33 36 38 39 35 
32 166 33 38 
33 669 38 34 35 36 39 
34 588 36 39 38 
35 224 38 
36 564 38 
37 84 38 
38 763 39 
39 649 
