name weight children
0 70 9 78 1 
1 80 391 389 
2 47 9 109 73 326 412 
3 98 9 85 341 
4 92 9 89 299 
5 68 9 80 397 
6 41 9 92 381 
7 96 69 138 9 
8 13 9 116 405 
9 146 109 391 22 11 10 14 27 35 60 13 30 24 29 26 19 41 16 28 33 54 12 58 125 67 23 43 34 128 31 32 39 62 48 50 15 95 76 98 72 385 388 411 
10 57 71 395 
11 89 81 134 328 393 
12 64 136 390 
13 87 83 104 317 383 
14 81 74 394 
15 62 87 392 
16 87 113 108 391 399 
17 99 227 18 
18 69 231 20 
19 72 86 332 
20 52 139 21 
21 88 69 109 22 
22 74 358 
23 97 117 404 
24 53 100 25 
25 60 391 290 
26 87 111 391 339 
27 114 102 391 388 
28 60 110 409 
29 50 103 391 304 
30 108 106 391 287 
31 72 133 391 
32 85 131 314 
33 16 122 396 
34 85 107 308 
35 103 109 37 36 
36 76 391 295 
37 67 69 38 
38 91 139 211 
39 60 129 40 
40 87 391 398 
41 80 119 391 42 
42 56 397 512 
43 90 45 44 
44 79 391 387 
45 99 109 46 
46 17 69 139 
47 118 69 251 109 48 
48 95 343 
49 56 397 51 285 
50 59 91 51 
51 78 391 
52 91 397 53 356 
53 95 391 54 
54 49 137 
55 88 227 56 231 57 
56 96 
57 91 139 59 
58 101 109 59 291 
59 58 69 
60 71 61 320 
61 72 69 140 109 
62 54 69 63 109 414 
63 91 139 225 
64 45 227 65 
65 55 231 66 
66 90 139 68 
67 65 109 68 392 
68 79 69 
69 93 139 231 109 70 79 77 84 75 92 82 71 74 101 99 83 105 100 112 86 104 118 114 110 122 137 135 124 117 107 126 115 133 132 130 88 90 87 73 97 203 145 221 103 72 108 
70 83 150 189 109 134 391 
71 131 156 109 
72 70 109 
73 53 161 109 
74 133 209 109 
75 69 141 76 
76 57 109 
77 69 142 78 
78 58 109 
79 94 146 80 
80 97 109 
81 43 109 82 
82 32 168 
83 104 138 109 
84 86 165 85 
85 90 109 
86 71 177 109 
87 75 186 109 
88 81 194 89 
89 58 109 
90 96 169 91 
91 15 109 
92 97 93 109 
93 99 139 235 
94 89 391 95 346 
95 22 96 
96 47 109 97 
97 85 144 
98 23 109 99 
99 85 139 
100 135 268 109 
101 85 204 102 
102 82 109 
103 84 109 
104 93 143 109 
105 69 238 106 
106 43 109 
107 73 193 109 
108 62 109 
109 97 152 274 111 119 113 110 122 137 136 124 117 127 134 116 133 131 129 
110 65 202 
111 98 112 
112 86 192 
113 69 114 
114 63 262 
115 60 246 116 
116 57 
117 116 199 
118 77 140 119 
119 62 
120 83 227 121 123 
121 55 
122 108 139 123 
123 54 231 
124 57 201 125 
125 100 416 
126 63 183 127 
127 55 128 
128 89 407 
129 97 130 
130 73 175 
131 83 132 
132 75 184 
133 78 200 
134 70 
135 67 185 136 
136 12 
137 115 182 
138 91 139 216 214 
139 95 231 191 152 150 146 142 165 141 168 156 209 204 140 238 268 203 192 274 177 143 262 202 182 185 201 199 193 183 189 246 145 200 184 175 251 221 194 169 186 161 144 273 244 
140 83 218 224 
141 59 265 
142 96 231 148 
143 47 226 
144 66 241 
145 67 248 
146 62 147 
147 90 231 149 
148 28 227 
149 109 227 
150 79 231 151 
151 100 227 
152 61 153 
153 67 231 154 
154 79 227 
155 67 231 157 156 
156 82 
157 12 227 158 
158 99 
159 88 160 
160 85 227 162 
161 49 162 
162 97 231 
163 55 227 164 166 
164 78 
165 59 166 
166 100 231 
167 98 227 168 
168 135 231 
169 64 170 
170 87 231 171 
171 82 227 
172 80 173 
173 83 227 174 
174 79 231 175 
175 51 
176 92 231 178 177 
177 43 
178 99 227 179 
179 55 
180 91 227 181 
181 81 231 183 
182 54 230 
183 96 
184 73 228 
185 53 220 
186 57 187 
187 107 227 188 231 
188 60 
189 102 231 190 
190 105 227 
191 51 227 
192 76 240 
193 82 260 
194 92 231 196 
195 84 196 
196 84 227 
197 67 231 198 200 
198 89 227 
199 48 257 
200 97 
201 83 232 
202 90 264 
203 24 212 
204 87 231 205 
205 91 227 
206 54 207 
207 64 227 208 
208 68 231 209 
209 35 
210 113 227 211 
211 52 231 
212 86 231 213 
213 128 227 
214 88 231 215 
215 83 227 
216 31 231 217 
217 108 227 
218 46 231 219 
219 90 227 
220 81 227 231 
221 71 231 222 
222 71 227 
223 53 224 
224 109 227 231 
225 69 227 254 231 
226 97 227 231 
227 89 231 267 234 272 236 270 240 275 261 263 229 232 258 243 259 246 249 228 250 241 252 
228 70 231 
229 100 230 
230 32 231 
231 108 255 265 235 273 237 269 240 276 261 264 232 257 244 260 246 248 250 241 
232 69 233 
233 72 
234 102 235 
235 64 
236 104 237 
237 37 238 
238 16 
239 73 240 
240 116 
241 65 242 
242 26 
243 91 244 
244 95 
245 88 246 
246 99 
247 42 249 
248 69 249 
249 49 
250 63 253 251 
251 79 
252 72 
253 83 
254 96 
255 92 
256 48 258 
257 73 258 
258 84 
259 47 260 
260 88 
261 141 262 
262 82 
263 90 264 
264 69 
265 62 267 
266 47 267 
267 74 
268 20 269 
269 85 270 
270 69 271 
271 61 
272 62 273 
273 68 
274 86 276 
275 113 276 
276 73 
277 44 278 356 523 
278 123 361 342 502 331 459 280 281 296 321 298 318 288 289 302 338 324 334 539 511 282 505 529 279 537 293 303 557 521 307 546 550 284 312 545 345 534 301 286 445 283 363 369 536 555 
279 95 356 361 501 507 
280 81 355 491 
281 68 361 347 492 
282 98 374 509 
283 69 346 490 
284 72 378 380 514 502 
285 77 358 286 
286 58 361 552 
287 110 397 358 288 
288 100 361 495 
289 67 290 357 496 503 
290 86 397 358 361 
291 77 391 397 358 292 
292 67 361 293 
293 46 518 
294 97 358 295 297 
295 63 397 
296 77 297 493 
297 87 361 
298 92 352 489 
299 133 391 397 300 
300 86 358 301 
301 94 361 515 
302 61 305 498 
303 85 372 517 
304 133 397 358 305 
305 44 361 
306 69 361 309 307 
307 86 540 
308 83 391 310 
309 34 358 310 
310 78 397 
311 80 358 313 361 312 
312 68 542 
313 62 397 314 
314 75 391 
315 47 361 316 318 
316 82 358 317 
317 102 391 397 
318 61 500 
319 70 397 320 322 
320 72 391 
321 129 361 322 488 
322 51 358 
323 30 361 325 324 
324 91 531 
325 91 358 327 
326 74 391 327 
327 68 397 
328 84 391 329 
329 75 397 330 
330 41 358 331 
331 124 361 497 
332 72 391 333 
333 43 397 336 
334 62 335 499 
335 48 361 336 
336 82 358 
337 67 361 340 338 
338 48 526 
339 61 397 340 
340 92 358 
341 75 391 342 
342 90 397 358 
343 50 391 344 
344 70 397 358 345 
345 62 361 525 
346 122 397 358 361 
347 53 358 388 
348 52 361 349 445 
349 75 358 413 
350 47 358 384 351 
351 60 361 539 
352 128 358 388 361 
353 79 358 396 361 529 
354 24 358 394 355 
355 78 361 
356 125 358 382 361 
357 89 358 414 361 
358 94 391 397 361 359 512 375 368 366 364 373 403 376 370 378 379 398 402 369 386 387 362 360 
359 72 395 405 360 361 
360 82 361 459 521 
361 77 389 362 512 374 367 365 363 372 556 377 371 378 380 544 401 369 
362 89 502 
363 42 364 
364 38 415 
365 93 366 537 
366 90 390 
367 75 368 505 
368 26 408 
369 100 392 
370 99 393 371 
371 71 550 
372 49 373 
373 60 392 
374 90 375 
375 89 398 
376 93 406 377 
377 96 546 
378 84 410 
379 35 397 380 
380 41 
381 96 391 382 
382 29 397 
383 98 391 384 
384 59 397 
385 78 391 386 
386 98 397 
387 67 397 
388 89 391 397 
389 58 397 
390 67 391 397 
391 86 397 395 394 409 396 416 392 404 407 393 405 411 414 399 412 398 
392 90 397 
393 68 397 
394 46 397 
395 84 397 
396 42 397 
397 105 398 408 415 404 406 405 410 414 400 413 
398 112 544 
399 42 400 
400 58 402 
401 99 402 534 
402 66 
403 61 404 556 
404 85 
405 106 
406 45 407 
407 72 
408 66 409 
409 98 
410 44 411 
411 54 
412 80 413 
413 79 
414 120 
415 99 416 
416 49 
417 112 429 523 453 956 
418 60 429 526 454 
419 75 453 420 934 
420 47 429 500 
421 16 453 422 932 
422 86 429 487 
423 63 429 506 424 
424 90 453 966 
425 95 429 489 428 
426 68 429 528 453 950 
427 126 429 498 453 947 
428 35 453 942 
429 99 523 497 453 492 461 463 430 464 468 433 466 484 431 469 442 449 448 443 438 432 472 480 479 436 450 476 482 485 434 516 473 440 446 524 456 
430 65 496 453 906 
431 90 504 543 453 457 940 
432 89 519 453 954 
433 66 538 455 
434 89 533 435 
435 46 453 963 
436 57 513 437 
437 73 453 921 
438 56 553 439 
439 35 453 959 
440 128 555 453 937 
441 71 453 442 949 
442 75 537 
443 78 527 444 
444 12 453 941 
445 108 502 446 
446 113 523 452 
447 59 453 448 961 
448 64 535 
449 120 518 453 955 
450 71 525 451 
451 80 453 886 
452 56 453 953 
453 99 458 956 460 462 454 465 467 455 484 457 470 472 481 478 477 483 486 475 474 456 
454 94 466 939 946 
455 78 917 
456 71 843 
457 39 923 
458 71 523 459 
459 127 502 
460 92 461 898 
461 46 494 
462 90 463 943 
463 85 495 
464 89 532 465 
465 50 910 
466 75 510 
467 90 468 944 
468 49 522 
469 50 501 470 
470 59 919 
471 81 956 472 834 
472 141 541 
473 86 551 474 
474 37 957 
475 77 516 965 
476 36 545 477 
477 94 951 
478 28 479 945 
479 50 549 
480 90 548 481 
481 74 952 
482 75 503 483 
483 59 927 
484 132 508 955 
485 50 525 486 
486 99 964 
487 93 523 488 
488 70 502 
489 87 502 523 
490 85 502 524 
491 51 502 523 492 
492 122 502 523 956 
493 71 502 494 
494 63 523 
495 58 502 523 
496 125 502 523 
497 94 502 
498 37 502 523 
499 30 502 522 
500 106 502 523 
501 71 502 523 
502 105 523 526 531 538 510 509 505 530 537 518 536 517 554 520 540 547 549 507 514 542 545 503 525 533 515 552 555 
503 104 523 
504 41 523 505 
505 60 
506 46 523 507 
507 83 
508 62 523 509 
509 61 
510 119 511 523 
511 98 512 
512 72 
513 69 523 514 
514 10 
515 102 523 516 
516 83 
517 69 527 
518 91 523 
519 69 523 520 
520 14 521 
521 91 
522 62 523 
523 83 526 532 538 528 537 535 527 553 541 548 549 525 543 545 533 551 555 524 
524 59 
525 95 
526 89 
527 74 
528 65 530 
529 75 530 
530 79 
531 22 532 
532 96 
533 88 534 
534 51 
535 15 536 
536 89 
537 135 
538 87 539 
539 100 
540 76 541 
541 31 
542 76 543 
543 98 
544 89 545 
545 98 
546 92 547 
547 36 548 
548 50 
549 65 550 
550 77 
551 58 552 
552 75 
553 91 554 
554 86 557 
555 67 
556 73 557 
557 85 
558 80 575 559 589 595 
559 91 580 729 
560 116 575 561 589 605 
561 41 580 748 
562 91 575 563 564 
563 42 580 733 
564 100 589 621 
565 84 580 728 575 566 
566 58 589 615 
567 98 742 720 730 568 
568 81 580 575 617 
569 63 575 570 589 604 
570 89 580 746 
571 123 580 732 575 572 
572 36 589 597 
573 21 580 739 574 
574 100 575 588 
575 114 580 752 589 620 583 581 579 576 586 607 577 578 
576 77 580 730 589 
577 77 730 693 580 578 
578 86 580 741 589 590 
579 50 580 744 582 
580 85 730 737 587 619 583 585 606 758 581 
581 95 589 602 
582 87 589 622 
583 106 729 584 
584 73 589 594 
585 72 757 586 
586 107 589 611 
587 58 755 589 
588 79 589 599 
589 127 604 607 617 603 601 
590 74 604 592 
591 67 598 592 633 
592 77 605 
593 90 598 594 651 
594 96 604 605 
595 114 604 605 596 
596 91 598 634 
597 75 604 598 601 653 
598 82 605 642 647 600 623 610 655 618 616 599 603 629 646 
599 81 604 605 
600 72 605 641 
601 118 604 605 
602 50 604 605 
603 37 604 605 
604 84 620 605 621 622 611 608 618 615 642 
605 105 621 623 610 609 618 616 
606 53 612 607 
607 73 608 
608 97 609 
609 77 655 
610 93 611 641 
611 52 
612 36 730 614 
613 86 736 725 614 
614 68 742 
615 62 616 
616 59 649 
617 81 618 
618 102 652 
619 82 730 620 
620 49 
621 71 647 
622 66 623 
623 93 644 
624 68 640 654 625 
625 91 639 677 
626 49 639 627 680 
627 82 640 652 
628 68 648 629 639 
629 48 642 
630 86 639 631 675 
631 95 640 643 
632 58 648 633 640 639 678 
633 82 642 
634 43 642 640 
635 94 640 644 639 681 
636 45 639 638 675 
637 99 640 645 674 
638 76 640 648 
639 86 640 674 688 676 
640 87 648 650 653 641 688 674 
641 82 642 648 643 
642 85 648 646 651 644 653 656 652 649 
643 30 648 
644 138 648 
645 75 648 646 
646 92 
647 64 648 
648 91 650 653 654 652 649 
649 97 
650 97 651 
651 94 
652 81 
653 86 
654 89 656 
655 77 656 
656 96 
657 12 664 658 659 
658 100 664 660 
659 29 662 
660 84 666 670 
661 88 664 665 662 
662 74 664 
663 102 673 683 664 
664 99 666 672 
665 66 666 667 
666 76 673 685 672 
667 60 673 668 
668 95 673 689 
669 42 673 690 670 
670 81 673 
671 84 673 691 672 
672 72 673 
673 84 690 682 687 
674 83 691 675 681 676 677 680 678 687 
675 94 690 689 
676 58 686 
677 79 684 
678 74 679 
679 95 691 690 
680 64 691 
681 50 682 
682 57 691 
683 59 690 684 
684 66 691 
685 88 690 686 
686 72 691 
687 83 691 690 
688 54 691 
689 51 691 690 
690 97 691 
691 104 
692 81 717 806 715 693 
693 83 736 742 
694 11 717 811 695 
695 96 715 738 
696 57 717 800 697 
697 86 715 753 
698 38 717 798 736 
699 108 717 807 715 737 
700 23 715 701 747 
701 89 717 802 
702 93 717 795 715 750 
703 99 717 820 715 742 
704 96 715 705 743 
705 34 717 798 
706 73 715 708 734 
707 94 717 779 715 749 
708 63 717 822 
709 43 715 710 741 
710 48 717 792 
711 62 717 827 715 756 
712 164 717 808 715 731 
713 64 717 801 715 727 
714 100 717 804 715 740 
715 99 717 769 736 723 716 724 718 725 721 
716 57 717 809 735 
717 89 798 774 722 724 719 726 721 803 742 
718 43 719 745 
719 38 825 
720 65 736 721 
721 125 797 
722 94 799 723 
723 52 737 
724 118 810 759 
725 79 726 
726 55 813 
727 70 736 730 
728 74 730 739 
729 61 730 742 735 
730 101 742 752 755 748 732 746 733 739 741 758 744 757 743 738 
731 111 736 742 732 
732 85 
733 56 742 734 
734 82 736 
735 60 736 742 
736 94 742 737 750 753 743 749 747 740 741 759 745 738 756 
737 85 742 739 
738 83 742 
739 65 742 740 
740 79 742 
741 75 742 
742 111 751 754 743 748 746 760 744 756 
743 72 
744 76 745 
745 21 
746 104 747 
747 89 
748 110 749 
749 90 
750 42 751 
751 83 752 
752 85 
753 59 754 
754 91 755 
755 46 
756 98 757 
757 94 
758 89 760 
759 30 760 
760 52 
761 39 785 1065 762 
762 60 784 807 
763 59 785 764 784 798 
764 89 1060 1072 
765 86 785 1056 766 
766 16 784 800 
767 137 785 1059 784 795 
768 85 785 1049 784 803 
769 87 798 770 
770 88 785 1044 784 
771 99 784 772 797 
772 21 785 1042 
773 79 785 1046 774 
774 86 784 
775 73 785 1061 776 
776 96 784 806 
777 34 784 778 802 
778 71 785 1039 
779 113 784 780 798 
780 89 785 1060 1067 784 811 
781 87 1060 1064 785 784 
782 76 1058 1021 785 
783 66 785 1048 784 799 
784 94 785 1036 798 787 791 821 819 804 793 788 789 828 812 809 
785 95 1060 796 786 790 821 818 804 794 788 789 826 812 1050 801 
786 66 1038 787 
787 45 798 
788 117 1069 810 
789 94 1053 825 
790 27 1054 791 
791 95 808 
792 89 798 793 
793 64 794 
794 84 1055 
795 47 798 
796 88 1042 798 
797 28 798 
798 134 803 801 799 800 808 802 822 820 804 809 810 825 811 827 813 807 806 
799 70 
800 85 
801 86 
802 45 
803 87 
804 102 805 
805 84 1060 1063 
806 97 
807 75 
808 81 
809 80 
810 70 
811 86 
812 55 815 813 
813 53 
814 87 1058 1090 815 
815 88 1060 
816 81 1060 817 818 
817 91 1058 1105 
818 42 819 
819 90 820 
820 68 
821 57 824 822 
822 93 
823 96 1058 1028 824 
824 85 1060 
825 69 
826 92 1060 1057 828 
827 100 828 
828 91 
829 94 853 905 854 830 
830 94 969 1017 
831 73 853 832 854 970 
832 52 899 960 
833 67 853 834 835 
834 86 956 899 
835 45 854 996 
836 101 853 902 854 980 
837 12 853 920 838 
838 55 854 985 
839 68 899 944 840 
840 104 853 854 967 
841 83 854 842 976 
842 62 853 844 
843 78 956 845 
844 80 899 845 
845 63 956 
846 61 853 911 847 
847 31 854 973 
848 128 853 899 854 995 
849 76 853 907 854 1002 
850 66 853 901 969 
851 93 853 900 854 
852 97 853 929 854 988 
853 78 899 933 854 857 896 891 885 889 869 872 877 882 881 856 861 870 887 894 865 895 883 878 863 860 904 1014 
854 112 899 969 857 897 892 884 890 868 873 876 882 880 855 861 871 887 894 865 895 883 879 862 859 968 
855 63 856 999 
856 63 903 
857 116 916 858 
858 95 969 1019 
859 88 860 981 
860 92 925 
861 94 904 1032 
862 12 863 989 
863 64 912 
864 98 969 865 866 
865 37 909 
866 45 968 867 
867 50 1001 1085 
868 100 869 969 
869 79 918 
870 65 899 966 871 
871 97 1026 
872 97 930 873 
873 42 875 
874 79 968 875 1005 
875 98 969 
876 104 877 969 1010 
877 88 900 
878 93 902 879 
879 70 998 
880 19 881 992 
881 79 915 
882 44 913 990 
883 99 931 979 
884 84 885 972 
885 68 924 
886 65 956 888 
887 76 888 970 
888 138 956 899 
889 38 908 890 
890 44 968 
891 99 926 892 
892 88 971 
893 61 969 894 1030 
894 104 904 
895 76 928 983 
896 69 914 897 
897 80 970 
898 25 956 899 
899 132 956 901 900 907 902 905 911 916 914 926 924 908 918 930 913 915 929 903 904 920 909 928 931 912 925 942 962 
900 93 943 956 
901 63 935 
902 72 948 965 
903 82 952 
904 68 945 940 936 
905 89 938 
906 75 956 907 
907 101 956 
908 64 950 
909 50 951 
910 71 956 911 
911 84 956 
912 75 957 
913 33 941 
914 84 946 
915 78 958 
916 94 956 917 
917 81 956 
918 136 956 919 
919 87 956 
920 90 922 
921 25 956 922 
922 94 956 
923 42 956 924 
924 60 956 
925 74 953 
926 91 957 
927 33 956 928 
928 96 956 
929 75 954 
930 73 949 
931 88 964 
932 97 956 933 
933 80 956 
934 85 956 935 
935 55 956 
936 74 956 937 
937 82 956 
938 94 956 939 
939 53 956 
940 61 956 
941 127 956 
942 74 956 
943 51 956 
944 59 956 
945 27 956 
946 35 956 
947 95 956 948 
948 97 956 
949 42 956 
950 135 956 
951 74 956 
952 88 956 
953 84 956 
954 94 956 
955 84 956 957 
956 89 961 959 966 964 963 965 957 960 958 962 
957 94 
958 56 959 
959 87 
960 71 961 
961 90 
962 69 963 
963 86 
964 84 
965 95 
966 63 
967 74 969 968 970 1003 1004 
968 81 969 1001 980 1017 973 1019 971 972 975 1010 970 991 993 987 997 1000 1033 1026 986 974 1030 984 978 994 998 989 1014 982 977 1006 
969 79 1002 980 973 970 971 972 990 992 988 996 999 1032 1026 985 983 979 995 998 989 1014 981 976 975 
970 79 974 1002 
971 95 1007 
972 88 1008 
973 82 1002 
974 39 1003 
975 90 1008 
976 67 977 
977 112 1001 1088 
978 51 979 1015 
979 84 
980 125 1086 
981 43 982 
982 117 1001 1101 
983 71 984 
984 72 1023 
985 41 986 
986 35 1022 
987 100 988 1012 
988 54 
989 127 1005 
990 72 991 
991 90 1025 
992 76 993 
993 32 1012 
994 41 995 1016 
995 89 
996 90 997 
997 77 1011 
998 93 1001 
999 70 1000 
1000 72 1001 1092 
1001 94 1002 1086 1017 1003 1018 1004 1007 1008 1006 1005 1010 1025 1012 1011 1034 1027 1022 1031 1023 1015 1016 1013 1080 
1002 101 1076 1077 
1003 72 1083 1102 
1004 84 1071 
1005 87 1074 1091 
1006 65 1078 
1007 59 1087 
1008 95 1070 1073 
1009 72 1086 1010 1051 
1010 95 
1011 58 1085 
1012 94 1081 1096 
1013 64 1014 1079 
1014 113 
1015 67 1094 
1016 19 1097 
1017 137 1087 
1018 69 1019 1020 
1019 58 
1020 83 1086 1021 
1021 39 1087 
1022 69 1104 
1023 98 1103 
1024 89 1086 1025 1082 
1025 88 
1026 98 1027 
1027 98 1029 
1028 70 1087 1029 
1029 61 1086 
1030 89 1031 
1031 48 1100 
1032 25 1033 
1033 76 1034 
1034 80 1086 
1035 77 1058 1071 1036 
1036 38 1060 
1037 37 1058 1095 1038 
1038 58 1060 
1039 54 1060 1040 
1040 35 1058 1086 
1041 97 1058 1087 1042 
1042 164 1058 1079 1060 
1043 44 1058 1078 1044 
1044 24 1060 
1045 71 1058 1070 1046 
1046 98 1060 
1047 87 1058 1077 1048 
1048 96 1060 
1049 83 1058 1075 1060 
1050 49 1058 1051 1060 
1051 95 1087 
1052 84 1058 1094 1053 
1053 72 1060 
1054 64 1058 1093 1060 
1055 109 1058 1099 1060 
1056 96 1058 1081 1060 
1057 83 1058 1080 
1058 74 1087 1076 1060 1072 1059 1063 1064 1068 1067 1066 1062 1084 
1059 57 1082 1060 
1060 118 1083 1069 1067 1065 1061 
1061 86 1062 
1062 50 1089 
1063 47 1102 
1064 89 1087 
1065 56 1066 
1066 95 1101 
1067 113 1098 
1068 39 1103 1069 
1069 88 
1070 80 1086 1087 
1071 58 1086 1087 
1072 57 1073 
1073 77 1086 1087 
1074 78 1086 1075 
1075 70 1087 
1076 88 1086 
1077 119 1086 1087 
1078 56 1086 1087 
1079 43 1086 1087 
1080 93 1086 1087 
1081 114 1086 1087 
1082 61 1087 
1083 94 1086 1087 
1084 68 1087 1085 
1085 72 1086 1087 
1086 83 1087 1096 1092 1104 1102 1100 1103 1094 1097 1091 1101 1088 
1087 75 1095 1093 1105 1102 1099 1103 1094 1098 1090 1101 1089 
1088 49 1089 
1089 50 
1090 65 1091 
1091 60 
1092 26 1093 
1093 79 
1094 148 
1095 86 1096 
1096 82 
1097 77 1098 
1098 59 
1099 88 1100 
1100 32 
1101 117 
1102 67 
1103 89 
1104 36 1105 
1105 88 
