name weight children
0 97 4 20 76 
1 33 4 25 41 
2 70 27 209 4 
3 93 4 23 56 
4 87 26 42 5 13 16 17 8 10 15 9 7 6 32 18 44 46 
5 72 26 21 22 37 39 40 49 55 
6 124 26 204 57 
7 40 29 38 
8 59 35 42 
9 77 27 217 11 24 45 
10 57 34 47 
11 56 26 13 
12 95 42 13 67 
13 80 
14 102 27 229 26 15 
15 68 50 
16 84 26 53 
17 92 30 51 
18 87 27 210 26 
19 134 27 197 26 42 
20 100 27 212 26 
21 76 27 215 26 
22 44 27 225 26 
23 47 27 208 26 
24 107 27 206 26 
25 61 27 211 26 
26 112 27 213 198 32 30 35 34 37 29 
27 116 209 205 31 30 35 33 36 28 204 220 
28 56 231 29 
29 89 
30 61 226 
31 50 207 32 
32 86 
33 14 227 34 
34 62 
35 124 200 
36 87 195 37 
37 100 
38 35 42 41 70 
39 123 42 41 70 86 
40 93 42 41 62 
41 81 42 70 43 56 67 46 54 48 52 47 50 45 55 57 74 
42 81 76 44 56 46 53 49 51 47 50 45 55 57 
43 100 44 72 
44 51 
45 87 60 
46 39 75 
47 138 70 
48 94 49 63 
49 21 
50 93 73 
51 82 52 
52 44 58 
53 99 54 
54 22 77 
55 103 72 
56 123 68 
57 67 69 
58 47 70 59 
59 97 72 91 
60 94 70 72 86 
61 97 72 62 108 
62 40 70 
63 47 70 64 
64 76 72 85 
65 98 72 66 82 
66 47 70 67 
67 96 
68 68 70 72 
69 99 70 71 
70 78 76 72 75 77 74 73 79 
71 18 72 90 
72 147 86 97 93 74 73 80 88 
73 107 84 
74 107 87 
75 79 97 
76 86 
77 54 93 
78 89 86 79 109 
79 81 86 
80 120 86 117 
81 35 86 82 116 
82 66 86 
83 68 86 85 111 
84 92 86 107 
85 71 86 
86 103 108 96 94 91 87 88 90 95 92 100 89 98 
87 59 100 
88 93 89 
89 72 104 
90 113 108 
91 63 92 
92 81 109 
93 60 94 
94 69 113 
95 67 96 112 
96 82 97 
97 64 
98 99 108 99 
99 76 116 139 
100 86 102 
101 76 116 102 141 
102 67 108 
103 62 116 104 137 
104 65 108 
105 83 116 109 146 
106 48 116 107 143 
107 77 108 
108 86 116 112 113 111 109 117 110 
109 72 116 
110 107 116 142 154 
111 54 114 
112 76 142 
113 30 115 
114 123 116 142 151 
115 27 116 145 
116 128 142 117 152 
117 81 144 
118 47 121 125 127 
119 100 121 123 130 
120 76 128 121 131 
121 71 126 151 128 124 148 122 
122 90 126 155 
123 96 126 149 
124 92 126 131 
125 62 126 153 
126 135 151 146 148 150 128 
127 70 128 129 
128 91 131 130 133 
129 48 131 132 
130 110 131 135 
131 105 133 134 
132 95 133 135 
133 54 135 134 
134 64 136 
135 83 136 
136 94 
137 72 142 138 
138 66 145 149 
139 97 142 145 
140 51 145 141 151 
141 88 142 
142 82 145 146 144 143 152 
143 86 145 150 
144 85 145 151 
145 103 151 146 153 154 147 
146 63 
147 71 151 148 
148 76 
149 79 151 
150 67 151 
151 106 153 155 
152 91 153 
153 103 
154 61 155 
155 100 
156 89 164 252 165 214 
157 78 164 290 165 205 
158 115 164 176 165 207 
159 62 164 179 160 
160 50 165 206 
161 56 164 185 165 226 
162 113 164 176 165 209 
163 79 164 182 165 212 206 
164 82 178 279 165 181 307 194 174 171 219 168 222 190 173 166 187 169 233 170 177 183 216 
165 82 178 206 172 192 175 171 217 168 223 189 173 167 186 169 233 170 
166 99 184 167 
167 29 228 
168 108 180 210 
169 97 180 196 
170 57 177 202 
171 67 178 208 
172 65 307 197 
173 119 191 201 
174 91 178 175 
175 20 199 
176 90 178 283 292 
177 94 178 304 287 
178 96 277 247 181 290 252 179 308 193 183 218 180 297 188 185 191 184 187 182 232 275 276 295 
179 93 284 
180 96 300 289 
181 84 274 206 
182 45 302 
183 95 278 
184 39 306 
185 99 296 
186 92 187 230 
187 115 310 
188 89 277 190 
189 51 190 224 
190 66 
191 98 311 
192 68 194 211 
193 42 286 194 
194 95 
195 57 209 196 
196 47 206 
197 128 206 209 
198 66 209 199 
199 82 206 
200 64 209 201 
201 81 206 
202 97 206 203 
203 30 209 204 
204 96 
205 50 206 
206 109 209 214 211 212 207 208 216 217 210 221 224 226 228 230 233 
207 66 209 
208 69 209 
209 108 213 211 212 215 217 210 220 225 226 227 229 231 
210 111 
211 81 
212 72 
213 59 214 
214 85 
215 62 216 
216 60 
217 104 219 
218 71 312 219 
219 83 
220 84 221 
221 95 223 
222 96 297 223 
223 92 
224 67 225 
225 15 
226 137 
227 81 228 
228 50 
229 79 230 
230 64 
231 86 233 
232 64 257 233 
233 130 
234 77 237 309 
235 120 237 281 
236 66 237 282 
237 69 277 242 247 241 238 245 251 267 255 261 293 272 264 262 246 239 263 240 260 266 270 303 271 258 250 285 
238 110 278 
239 78 299 
240 68 277 
241 111 279 
242 45 243 277 
243 62 
244 84 245 
245 50 274 
246 115 313 
247 102 248 277 
248 98 
249 47 250 
250 89 288 
251 86 253 
252 67 253 
253 59 277 
254 25 255 
255 84 286 
256 99 258 
257 55 277 258 
258 105 277 
259 95 260 
260 53 296 
261 71 305 
262 122 278 
263 43 298 
264 69 265 294 
265 55 
266 79 311 
267 51 268 280 
268 56 
269 89 270 
270 64 306 
271 110 289 
272 76 273 276 
273 69 
274 108 277 
275 61 277 278 
276 75 277 281 290 
277 85 281 279 278 282 285 280 286 305 292 294 313 299 298 296 311 306 309 302 289 288 283 284 308 304 295 312 300 297 310 287 
278 86 
279 92 
280 66 308 
281 87 
282 71 283 
283 92 
284 25 285 
285 76 
286 118 
287 85 288 
288 58 
289 99 
290 82 
291 15 293 
292 75 293 
293 95 
294 60 295 
295 89 
296 119 
297 104 298 
298 89 
299 43 300 
300 64 
301 51 303 
302 135 303 
303 62 
304 23 305 
305 73 
306 80 
307 100 308 
308 121 
309 33 310 
310 78 
311 115 
312 43 313 
313 64 
