name weight children
0 160 4 13 5 79 
1 361 4 13 14 5 79 82 
2 796 4 13 14 5 79 83 80 
3 82 5 4 77 
4 768 13 23 5 8 11 6 9 7 10 16 17 14 79 
5 779 13 17 12 79 8 11 6 9 7 10 80 82 83 81 
6 190 16 83 
7 165 17 79 
8 462 13 73 83 
9 189 14 83 
10 456 15 14 79 80 
11 1007 40 25 17 15 13 79 78 81 
12 56 13 19 
13 700 20 35 15 14 17 16 23 19 21 
14 661 25 20 29 21 22 
15 169 18 20 
16 379 20 28 29 
17 630 25 20 32 35 
18 95 20 25 
19 638 20 32 29 25 27 26 
20 805 25 26 23 21 22 31 30 28 34 
21 186 32 33 
22 274 35 29 
23 840 25 24 34 32 27 
24 55 25 47 
25 920 40 38 26 31 35 34 32 28 29 30 33 27 41 44 45 46 42 36 37 
26 751 36 40 47 38 30 27 
27 174 37 
28 355 40 41 
29 765 40 44 
30 249 46 
31 222 36 
32 677 40 44 47 
33 239 40 
34 380 43 47 
35 645 41 40 43 
36 385 40 
37 361 40 
38 539 40 
39 90 40 
40 849 41 44 47 43 45 46 42 
41 718 
42 261 
43 304 
44 678 
45 152 
46 438 
47 649 
48 132 52 89 55 
49 469 88 52 55 56 
50 578 52 85 88 55 
51 34 52 89 53 
52 865 88 86 53 57 59 84 89 55 56 58 
53 658 88 87 89 55 59 
54 94 56 55 70 
55 753 56 57 59 58 70 
56 685 70 57 59 58 71 66 
57 360 86 70 
58 302 70 
59 526 85 70 
60 81 62 61 
61 388 65 62 64 
62 255 64 
63 64 65 67 
64 467 65 68 
65 525 68 67 
66 113 70 67 
67 779 71 68 69 
68 825 71 
69 80 71 70 
70 930 71 
71 842 
72 66 73 80 92 
73 793 79 74 76 75 77 78 82 81 83 80 93 94 96 92 
74 653 80 83 79 82 93 92 90 91 
75 227 80 83 95 
76 388 83 79 81 86 91 93 
77 594 79 80 83 86 93 96 92 
78 92 79 
79 766 80 83 82 81 
80 613 
81 172 
82 318 
83 839 
84 137 88 91 
85 318 88 96 92 
86 741 93 94 88 95 
87 72 88 92 
88 782 94 89 95 96 92 91 
89 653 94 90 92 
90 221 93 94 
91 285 93 94 
92 655 93 94 
93 606 94 95 96 
94 515 95 96 
95 343 
96 579 
