name weight children
0 117 16 67 17 114 
1 96 43 555 16 
2 26 17 3 108 
3 96 16 38 
4 78 17 5 122 
5 35 16 51 
6 89 16 52 17 119 
7 72 16 42 8 
8 78 17 121 
9 94 16 45 17 126 
10 60 16 70 17 135 
11 113 16 50 17 136 
12 35 16 47 115 
13 58 16 40 17 113 
14 104 16 41 17 112 
15 82 16 64 17 111 
16 97 44 17 56 91 27 29 26 30 22 35 32 33 19 
17 95 37 43 115 83 90 28 29 25 30 23 34 31 33 21 124 
18 98 44 20 19 
19 28 21 
20 92 43 24 
21 66 101 
22 99 66 23 
23 21 114 
24 94 531 494 
25 87 26 109 
26 30 59 
27 28 69 28 
28 61 105 
29 98 71 115 
30 104 60 118 
31 24 32 107 
32 65 62 
33 81 55 113 
34 77 35 116 
35 80 36 
36 55 43 539 44 
37 121 43 529 44 
38 52 44 39 
39 66 43 536 
40 67 43 531 44 
41 64 43 527 44 
42 88 43 534 44 
43 71 531 504 44 48 46 51 53 49 57 63 92 69 71 58 60 70 65 67 61 54 535 
44 71 498 47 45 51 52 50 57 64 91 69 71 59 60 70 66 67 62 55 
45 29 46 
46 59 530 
47 86 48 
48 78 492 
49 103 531 493 50 
50 89 
51 106 528 
52 68 53 
53 58 532 
54 22 531 55 
55 39 
56 80 57 83 
57 114 532 
58 74 526 59 
59 77 
60 112 553 
61 72 534 62 
62 70 
63 33 550 64 
64 97 
65 61 533 66 
66 56 
67 85 68 
68 66 531 524 
69 104 510 
70 104 533 
71 61 544 
72 29 73 132 161 
73 153 133 122 176 74 88 142 81 75 97 103 76 77 79 86 94 99 78 131 128 162 
74 67 126 174 
75 102 125 127 164 168 
76 77 133 139 172 175 
77 71 134 176 
78 70 130 148 
79 76 80 153 
80 95 133 114 
81 44 82 177 
82 53 112 84 133 
83 70 84 
84 92 115 
85 99 174 86 205 
86 84 138 176 
87 95 176 88 143 
88 83 137 
89 73 115 90 95 
90 61 91 
91 103 92 
92 42 532 
93 65 133 107 94 
94 30 158 
95 132 112 133 97 
96 57 176 97 144 
97 86 
98 95 133 100 99 
99 37 170 
100 17 112 101 
101 95 115 
102 85 176 103 156 
103 72 104 
104 97 133 106 
105 74 115 106 
106 53 112 
107 38 115 112 
108 67 115 112 130 
109 93 115 110 
110 61 112 128 
111 72 115 112 125 
112 89 115 133 122 129 119 136 120 118 123 135 114 117 113 
113 84 115 129 139 
114 78 115 138 
115 80 126 122 119 136 121 118 124 135 116 131 
116 81 117 
117 74 132 
118 60 133 
119 91 126 
120 30 121 140 
121 84 
122 107 
123 74 124 127 
124 62 
125 68 133 
126 83 133 
127 50 133 
128 91 133 
129 100 133 176 
130 33 133 
131 54 133 
132 74 133 
133 131 137 140 134 138 139 
134 81 135 
135 100 
136 47 137 
137 77 
138 49 
139 70 
140 58 142 
141 90 176 142 173 
142 58 
143 74 174 197 146 144 145 155 151 163 171 166 149 154 205 157 150 152 147 
144 75 174 165 145 160 179 202 
145 62 201 
146 87 177 200 
147 95 148 198 
148 98 176 174 
149 63 174 187 
150 45 175 197 
151 81 169 178 
152 82 170 206 
153 95 176 174 154 
154 84 194 
155 86 156 209 
156 45 174 
157 99 159 195 
158 78 176 159 
159 82 174 
160 78 174 161 
161 69 176 
162 59 176 163 
163 122 174 208 
164 71 176 165 
165 70 174 
166 78 167 190 
167 77 174 168 
168 16 176 
169 57 174 176 
170 114 176 174 
171 47 172 193 
172 88 176 174 
173 52 174 197 
174 101 176 177 175 
175 75 176 
176 90 177 
177 66 
178 86 197 200 184 216 
179 70 197 184 
180 97 184 210 218 
181 96 184 199 217 
182 62 184 193 220 
183 68 184 196 225 
184 91 200 215 189 186 185 226 223 192 191 208 214 
185 69 194 219 
186 96 188 212 
187 88 197 188 
188 100 200 
189 44 190 211 
190 87 197 200 
191 91 198 224 
192 97 207 215 
193 73 197 200 
194 132 197 200 
195 34 197 196 
196 74 200 
197 68 200 201 209 208 202 204 206 198 199 
198 96 200 
199 39 200 
200 89 201 210 208 203 204 207 
201 119 215 
202 46 203 
203 33 226 
204 117 205 223 
205 79 
206 61 207 
207 78 
208 127 
209 62 210 
210 69 
211 111 215 218 231 
212 63 215 218 231 
213 57 218 214 237 
214 72 215 
215 105 218 216 220 219 227 222 225 217 224 239 
216 56 231 
217 69 218 241 
218 82 231 221 219 228 222 225 239 224 
219 63 233 
220 68 221 
221 93 245 
222 105 223 229 
223 48 
224 82 243 
225 87 244 
226 41 227 
227 73 228 
228 69 235 
229 29 231 230 
230 92 237 267 
231 102 237 245 233 235 244 241 239 243 236 232 
232 88 237 273 
233 64 234 
234 92 237 272 
235 90 237 278 
236 61 237 277 
237 84 273 266 240 238 242 
238 70 239 273 
239 78 
240 95 241 270 
241 47 
242 91 243 274 
243 94 
244 78 266 
245 83 273 
246 87 247 279 261 260 248 253 
247 90 279 277 250 248 252 249 276 261 262 
248 120 269 261 
249 53 279 268 
250 96 263 260 
251 74 279 274 252 
252 93 253 
253 64 259 
254 98 256 262 255 
255 33 257 
256 44 260 261 257 
257 94 258 
258 90 260 259 
259 40 261 
260 89 261 262 
261 87 262 
262 63 
263 63 279 264 
264 66 277 265 
265 22 273 266 
266 100 
267 70 273 268 
268 99 277 
269 50 279 271 
270 65 273 271 
271 88 277 
272 71 273 277 
273 117 277 278 274 279 
274 120 277 275 
275 77 277 276 
276 78 279 
277 70 279 
278 94 279 
279 68 
280 98 286 281 287 366 
281 56 1029 991 
282 66 286 1025 287 389 
283 67 286 1011 287 387 
284 102 286 1030 287 388 
285 68 286 1029 288 
286 87 1029 1077 287 292 294 289 297 305 308 314 311 339 295 318 313 349 345 328 320 326 302 330 341 337 322 309 333 343 316 374 335 299 1024 1022 288 
287 87 296 401 294 290 297 306 288 307 314 312 340 295 319 313 347 346 329 321 327 303 331 342 336 324 310 332 344 317 375 334 300 408 390 
288 88 398 403 
289 99 1027 290 
290 76 351 
291 95 1029 988 292 
292 43 401 
293 81 1029 991 294 
294 81 399 
295 66 304 384 
296 19 1029 994 
297 120 1023 396 
298 83 1029 301 299 
299 28 300 
300 67 404 
301 96 994 1101 
302 88 1039 303 
303 76 401 
304 75 1029 992 
305 78 1044 306 
306 92 360 
307 66 308 394 
308 96 1003 
309 58 1031 310 
310 54 383 
311 29 1056 312 
312 87 393 
313 119 986 392 
314 135 315 386 
315 49 1029 992 
316 84 1034 317 
317 10 406 
318 74 1025 319 
319 110 401 488 
320 78 1030 321 
321 72 413 
322 98 1029 1089 324 
323 90 401 324 397 
324 63 
325 95 401 327 473 
326 63 1028 327 
327 67 
328 96 1029 1072 329 
329 96 418 
330 89 1036 331 
331 96 369 
332 93 333 378 
333 14 996 
334 53 335 417 
335 110 1029 1020 
336 95 337 477 
337 66 1026 
338 77 1029 994 339 
339 98 340 
340 12 397 
341 54 997 342 
342 91 416 
343 61 1013 344 
344 19 400 
345 94 999 346 
346 64 401 
347 83 349 412 
348 93 994 1071 1029 349 
349 78 
350 53 358 389 385 458 424 
351 100 401 358 
352 95 358 393 558 
353 49 358 391 423 
354 74 358 398 407 540 446 
355 75 358 405 429 
356 58 358 394 443 
357 51 358 390 547 
358 120 399 444 365 359 386 364 490 361 363 362 410 379 474 370 380 481 482 381 377 368 372 376 472 395 388 435 420 453 
359 83 399 360 434 
360 78 401 
361 59 411 439 
362 94 419 441 
363 70 399 425 
364 86 397 430 
365 23 367 445 
366 93 401 367 
367 96 399 
368 71 399 466 
369 89 401 370 
370 91 399 426 
371 88 401 375 372 
372 73 399 440 
373 96 1029 987 374 
374 90 375 
375 52 
376 97 402 448 
377 73 399 378 452 
378 93 401 
379 75 414 437 
380 94 415 442 
381 47 382 450 
382 88 399 383 
383 80 401 
384 55 401 385 
385 32 399 
386 107 401 399 431 
387 90 401 399 444 
388 63 401 399 
389 85 401 399 
390 126 401 399 
391 95 399 392 
392 44 401 
393 105 401 399 
394 74 401 399 
395 61 399 396 
396 46 401 
397 73 401 399 482 
398 90 401 399 
399 85 401 488 411 419 409 414 473 415 478 407 402 417 405 400 
400 17 401 
401 156 412 418 408 413 416 477 406 403 417 404 
402 87 403 
403 35 
404 70 405 
405 96 
406 47 407 
407 58 
408 85 409 
409 91 410 
410 29 444 
411 96 412 
412 89 
413 61 414 
414 89 
415 66 416 
416 54 
417 114 472 
418 49 419 
419 42 
420 62 444 421 
421 21 445 461 
422 71 445 423 456 
423 40 444 
424 69 444 445 457 
425 109 444 445 462 
426 66 444 428 
427 41 459 428 515 
428 92 445 
429 89 444 445 459 537 
430 93 444 445 463 
431 24 444 432 
432 100 445 460 
433 81 445 434 455 
434 76 444 
435 99 444 436 
436 76 445 499 
437 94 444 438 
438 56 445 461 
439 119 444 445 462 
440 80 444 445 464 
441 88 444 445 459 
442 75 444 445 469 
443 83 444 445 455 
444 67 445 458 540 558 489 475 547 480 483 450 452 466 446 448 453 471 463 
445 94 459 540 559 487 476 548 480 485 451 452 466 447 449 454 470 
446 52 447 
447 71 468 
448 75 449 
449 109 459 514 
450 22 451 
451 54 465 
452 110 469 
453 82 454 
454 100 461 
455 87 459 499 505 
456 75 459 502 
457 78 459 491 
458 84 459 
459 81 499 542 460 557 463 486 462 461 476 469 546 479 484 465 467 468 464 470 506 
460 82 498 
461 78 519 549 521 
462 97 500 497 
463 67 495 493 
464 44 525 
465 71 507 
466 133 467 
467 68 517 
468 76 538 
469 81 509 503 
470 26 471 494 
471 86 472 
472 93 
473 44 474 
474 76 475 
475 46 476 
476 85 512 
477 89 478 
478 64 481 
479 40 480 523 
480 60 481 
481 70 
482 71 483 
483 100 485 
484 93 485 552 
485 30 
486 53 487 496 
487 98 489 
488 52 490 
489 91 490 
490 96 
491 36 499 492 
492 100 499 531 
493 80 499 
494 125 499 
495 58 499 529 
496 102 499 527 
497 72 499 531 
498 73 499 531 
499 84 541 505 556 502 500 506 519 512 549 515 509 545 523 552 507 503 517 538 525 514 521 537 531 504 555 501 520 513 551 516 511 543 554 508 518 524 522 536 
500 78 501 
501 51 528 
502 127 530 
503 58 533 
504 79 505 
505 54 
506 119 532 
507 83 508 
508 76 535 
509 96 511 
510 42 531 511 
511 66 
512 38 513 
513 95 532 
514 120 534 
515 78 516 
516 55 532 
517 64 518 
518 13 533 
519 54 520 
520 86 534 
521 53 522 
522 81 531 
523 72 526 
524 82 525 
525 98 
526 61 531 
527 78 531 
528 76 531 
529 100 531 
530 32 531 
531 140 541 555 532 534 550 544 553 535 533 539 536 
532 75 
533 74 
534 79 
535 89 
536 112 537 
537 80 
538 84 539 
539 72 
540 80 542 
541 67 542 
542 83 
543 67 545 544 
544 80 
545 68 546 
546 98 548 
547 90 548 
548 98 
549 96 551 
550 17 551 
551 83 
552 77 554 
553 97 554 
554 66 
555 102 556 
556 70 557 
557 86 559 
558 97 559 
559 45 
560 43 585 829 561 
561 45 582 633 
562 113 585 795 582 563 
563 100 642 864 895 
564 82 582 605 565 638 647 
565 90 585 821 
566 75 585 774 582 642 
567 60 582 568 640 
568 52 585 790 
569 62 582 570 686 
570 85 585 817 
571 91 582 572 642 
572 34 585 775 
573 60 585 574 582 643 
574 89 781 724 
575 82 585 730 582 637 
576 24 585 774 577 
577 90 582 644 
578 23 585 779 579 
579 93 582 662 
580 105 585 777 582 649 
581 65 585 804 582 639 
582 84 585 704 642 620 652 635 675 658 619 628 621 594 591 595 598 583 586 630 670 610 606 615 616 626 676 688 695 613 596 601 701 589 683 614 593 588 624 584 656 
583 71 585 642 
584 85 585 826 
585 62 781 603 632 620 653 605 634 674 659 618 627 622 594 592 595 599 586 631 669 609 606 615 617 625 679 688 693 612 597 600 700 590 684 614 593 587 623 831 
586 89 839 654 
587 59 799 588 
588 59 642 
589 56 590 687 
590 66 781 
591 67 592 697 
592 51 773 
593 123 778 647 
594 110 777 644 
595 111 780 645 
596 52 597 680 
597 77 781 
598 47 599 646 
599 74 756 
600 100 785 601 
601 100 655 
602 79 746 604 603 
603 58 703 
604 97 
605 13 794 
606 107 762 608 
607 57 864 608 985 
608 81 642 
609 99 781 610 
610 59 646 
611 76 781 769 612 
612 76 613 
613 50 657 
614 92 837 664 
615 80 808 636 
616 70 617 648 
617 88 840 
618 90 781 722 619 
619 87 641 
620 70 776 864 
621 17 622 636 
622 84 835 
623 33 803 624 
624 89 643 
625 87 813 626 
626 77 649 
627 29 767 628 
628 64 643 
629 99 864 630 898 
630 93 631 642 
631 91 812 
632 68 775 642 
633 34 642 859 
634 84 782 635 
635 121 642 864 
636 42 642 855 861 
637 84 642 848 
638 73 642 862 
639 72 642 916 
640 79 642 850 
641 15 642 849 
642 143 864 652 675 661 644 686 643 697 649 645 646 654 647 667 662 648 677 689 696 657 656 680 655 699 687 683 664 878 907 854 871 
643 80 843 857 846 
644 80 869 866 
645 66 877 
646 77 944 896 
647 72 938 867 
648 60 870 
649 90 844 874 
650 99 651 
651 63 746 653 
652 95 653 861 
653 91 703 781 
654 69 852 
655 77 973 
656 85 865 
657 92 970 
658 90 659 661 
659 77 781 665 
660 62 864 661 892 
661 62 
662 12 663 
663 85 864 910 
664 97 863 
665 57 703 666 
666 99 746 
667 88 670 668 
668 75 864 913 
669 18 775 670 
670 85 
671 82 746 672 673 
672 87 
673 79 703 781 674 
674 80 675 
675 86 888 
676 39 679 677 
677 106 864 903 
678 89 781 681 679 
679 56 
680 57 873 
681 107 746 703 
682 61 864 683 889 
683 82 684 
684 54 828 
685 77 864 686 926 
686 91 
687 91 868 
688 104 781 692 689 
689 93 864 
690 49 691 
691 98 746 692 
692 97 703 
693 95 694 695 
694 86 781 735 
695 49 696 
696 42 875 
697 89 698 
698 61 864 891 
699 60 701 858 
700 62 838 701 
701 73 
702 52 703 
703 103 746 781 704 711 717 793 805 714 796 782 790 709 720 816 722 724 765 705 738 752 749 754 757 832 733 812 820 760 770 771 763 807 841 813 735 769 827 747 707 743 728 836 716 799 729 803 708 775 
704 73 741 781 
705 80 746 744 835 838 
706 83 707 
707 53 746 785 
708 123 746 
709 59 710 829 
710 83 746 
711 60 746 712 776 
712 80 
713 87 746 714 
714 86 774 
715 82 746 716 
716 75 778 
717 56 719 775 
718 77 719 
719 76 746 
720 50 721 774 
721 48 746 
722 92 746 723 
723 38 
724 97 746 725 
725 82 
726 97 727 
727 79 746 728 
728 26 828 
729 74 731 730 
730 64 781 
731 50 746 732 
732 97 
733 51 734 839 
734 117 746 
735 93 736 
736 46 746 737 
737 70 
738 68 746 739 777 
739 87 
740 72 741 
741 70 746 
742 94 746 743 
743 73 781 
744 95 746 
745 50 746 
746 80 787 792 806 798 783 789 818 766 751 749 754 758 830 811 822 760 770 771 764 809 841 815 768 825 747 834 800 802 
747 82 748 781 
748 85 
749 46 750 777 
750 80 
751 92 753 752 
752 31 773 
753 59 
754 107 755 780 
755 65 
756 74 781 757 
757 81 758 
758 44 759 
759 87 
760 77 761 775 
761 94 
762 80 781 763 
763 52 764 
764 71 
765 68 766 767 
766 85 
767 97 781 
768 126 769 
769 63 
770 90 781 
771 64 772 779 
772 64 
773 72 781 
774 78 781 
775 60 781 
776 89 781 
777 69 781 
778 67 781 
779 56 781 
780 42 781 
781 182 787 794 804 795 782 790 829 817 835 831 839 812 821 808 840 813 826 785 838 828 837 799 803 
782 61 783 
783 77 784 
784 50 
785 85 
786 54 787 
787 78 
788 99 789 
789 81 790 
790 91 
791 58 792 
792 86 793 
793 21 794 
794 92 
795 59 796 
796 98 798 
797 100 798 
798 67 
799 96 800 
800 97 801 
801 100 
802 113 803 
803 95 
804 38 805 
805 77 806 
806 116 
807 79 809 808 
808 23 
809 16 810 
810 94 
811 105 812 
812 109 
813 82 815 
814 67 815 
815 98 
816 98 818 817 
817 74 
818 58 819 
819 97 
820 100 822 821 
821 47 
822 59 823 
823 64 
824 68 825 
825 94 827 
826 28 827 
827 78 
828 58 
829 83 
830 80 832 
831 99 832 
832 78 
833 81 834 
834 87 836 
835 26 
836 97 837 
837 88 
838 71 
839 80 
840 71 841 
841 73 842 
842 72 
843 80 864 861 880 
844 116 864 861 900 
845 91 861 846 881 
846 42 864 
847 50 861 848 886 
848 74 864 
849 46 864 861 883 
850 57 864 851 
851 130 861 885 917 
852 87 864 853 
853 23 861 890 
854 65 864 861 885 
855 103 864 861 902 
856 98 861 857 885 
857 98 864 
858 30 864 861 901 
859 83 864 860 
860 73 861 885 951 
861 81 864 885 862 916 907 895 888 892 869 926 866 891 876 944 898 939 913 896 910 985 870 874 903 875 971 865 872 972 868 889 863 867 871 879 882 
862 77 864 951 
863 39 864 884 
864 117 878 916 907 888 869 866 877 944 938 896 870 874 875 970 865 873 973 868 867 871 886 
865 69 884 
866 98 885 930 
867 63 885 
868 106 886 
869 52 881 
870 103 882 
871 49 887 
872 65 873 911 
873 99 
874 85 883 
875 55 893 
876 63 877 908 
877 99 
878 71 885 
879 72 885 1066 
880 63 885 1009 
881 86 885 962 923 
882 79 885 945 982 
883 79 885 918 955 
884 80 885 947 929 
885 80 951 916 906 894 887 892 926 902 891 900 908 943 890 899 940 912 897 909 984 904 886 893 968 911 976 901 889 927 965 
886 79 1038 964 932 
887 71 888 967 953 
888 91 
889 86 981 
890 54 978 
891 75 950 
892 118 952 
893 51 974 
894 100 895 915 
895 40 
896 103 897 
897 90 980 
898 18 899 
899 83 921 
900 16 956 
901 88 951 
902 96 958 
903 60 904 
904 99 961 
905 60 951 906 1115 
906 75 907 
907 91 
908 51 960 
909 73 910 935 
910 64 
911 89 949 
912 44 913 954 
913 92 
914 93 922 915 1113 
915 19 951 
916 145 922 
917 88 951 922 1058 
918 96 951 922 1017 
919 78 922 956 1095 
920 37 922 981 1119 
921 43 951 922 1092 
922 175 951 1115 1066 966 1074 952 962 925 1008 928 957 931 1045 959 941 1052 977 936 954 979 935 934 946 955 1042 1037 974 969 947 948 975 963 929 1051 953 933 924 982 1121 1125 
923 50 951 924 
924 88 1101 
925 88 951 926 1094 
926 99 
927 52 951 928 
928 72 1099 
929 53 951 1116 
930 85 951 931 
931 47 1104 
932 93 951 933 
933 14 1019 
934 94 983 1114 
935 71 951 1117 
936 78 937 1097 
937 34 951 940 
938 73 939 
939 64 940 
940 66 
941 82 942 1096 
942 71 951 943 
943 73 944 
944 86 
945 24 951 946 
946 90 1124 
947 112 951 1122 
948 33 949 1115 
949 97 951 
950 84 951 1045 
951 107 1066 967 952 962 1009 958 956 960 965 978 954 980 983 982 955 961 1038 974 969 975 964 981 953 1074 1051 
952 115 1093 
953 54 1108 
954 83 1102 
955 103 1110 
956 81 
957 70 958 1004 
958 34 
959 65 960 1106 
960 75 
961 60 1042 
962 116 1062 
963 21 964 1015 
964 92 
965 89 1052 
966 90 967 1114 
967 73 
968 35 971 969 
969 72 1087 
970 43 971 
971 73 
972 82 973 976 
973 70 
974 80 1112 
975 50 976 1085 
976 100 
977 50 978 1105 
978 50 
979 86 980 1111 
980 88 
981 94 
982 82 
983 69 984 
984 77 985 
985 46 
986 66 994 1069 1029 
987 86 994 1073 
988 20 994 1062 
989 96 994 1018 1027 
990 75 994 1081 1025 
991 102 994 1059 1064 
992 83 994 1069 1072 
993 67 994 1086 1029 
994 104 1073 1114 1029 1077 1012 1006 1023 1043 1027 1002 1056 1000 1072 1001 1028 1040 1036 998 1026 1089 1032 995 1013 1033 1048 1030 1020 1060 1084 1088 1024 
995 64 1079 996 
996 41 1029 
997 87 1029 998 
998 95 1078 
999 100 1029 1000 
1000 24 1090 
1001 60 1071 1030 
1002 65 1067 1003 
1003 86 1029 
1004 34 1115 1005 
1005 64 1113 1007 
1006 86 1007 1025 
1007 83 1073 
1008 60 1009 1115 
1009 71 1113 1010 
1010 89 1073 1012 
1011 57 1029 1012 
1012 73 
1013 62 1014 1029 
1014 81 1073 1016 
1015 58 1115 1016 
1016 56 1113 
1017 109 1115 1113 1018 
1018 51 1073 
1019 122 1115 1113 1021 
1020 96 1021 
1021 82 1073 
1022 86 1029 1048 
1023 52 1073 1029 
1024 65 1029 
1025 83 1029 
1026 66 1073 1029 
1027 95 1068 1029 
1028 65 1080 1029 
1029 92 1057 1044 1056 1030 1039 1036 1031 1034 
1030 88 1063 
1031 31 1032 
1032 78 1082 
1033 52 1070 1034 
1034 87 
1035 95 1113 1037 1073 1036 
1036 88 
1037 96 1038 1115 
1038 98 
1039 92 1040 
1040 63 1073 1041 
1041 108 1115 1042 1113 
1042 80 
1043 113 1073 1047 1044 
1044 35 
1045 98 1046 
1046 87 1115 1047 
1047 27 1113 
1048 35 1049 
1049 95 1073 1050 
1050 71 1113 1051 
1051 87 1115 
1052 75 1053 
1053 61 1115 1054 
1054 60 1113 1055 
1055 69 1073 1056 
1056 85 
1057 63 1073 1058 
1058 93 1115 1113 
1059 58 1073 1094 
1060 90 1073 1093 
1061 76 1113 1062 
1062 84 1115 1073 
1063 87 1073 1109 
1064 95 1073 1100 
1065 60 1115 1066 1073 
1066 127 
1067 28 1073 1107 
1068 81 1073 1095 
1069 79 1073 1096 1102 
1070 67 1073 1119 
1071 69 1073 1111 1120 
1072 82 1073 1091 1114 
1073 94 1113 1077 1084 1081 1090 1088 1080 1078 1086 1082 1079 1101 1103 1123 1116 
1074 84 1075 
1075 90 1115 1076 
1076 39 1113 1077 
1077 106 
1078 81 1112 
1079 73 1125 
1080 92 1110 
1081 94 1098 
1082 40 1083 
1083 92 1113 1085 
1084 73 1105 
1085 93 1115 
1086 68 1113 1087 
1087 83 1115 
1088 50 1126 
1089 58 1090 
1090 106 1118 1115 
1091 92 1113 1092 
1092 53 1115 
1093 82 1115 1113 
1094 69 1115 1113 
1095 72 1115 1113 
1096 77 1115 1113 
1097 70 1115 1098 
1098 97 1113 
1099 61 1115 1100 
1100 67 1113 
1101 75 1115 1113 
1102 114 1115 1113 
1103 96 1113 1104 
1104 55 1115 
1105 100 1115 1113 
1106 77 1115 1107 
1107 26 1113 
1108 93 1115 1109 
1109 16 1113 
1110 121 1115 1113 
1111 110 1115 1113 
1112 85 1115 1113 
1113 86 1115 1114 1118 1126 1120 1123 1125 1119 1116 
1114 83 1115 
1115 73 1117 1124 1121 1122 1125 1119 1116 
1116 100 
1117 52 1118 
1118 92 
1119 102 
1120 30 1121 
1121 85 
1122 87 1123 
1123 13 
1124 64 1126 
1125 96 
1126 63 
