name weight children
0 201 5 54 52 168 158 
1 191 5 44 157 
2 186 5 48 43 151 163 
3 196 5 40 61 150 155 
4 195 5 36 50 57 168 149 160 
5 302 56 47 38 6 14 13 9 8 7 22 16 26 31 15 29 27 11 17 24 19 32 41 30 10 23 12 21 28 20 49 66 54 58 43 168 25 156 163 154 167 
6 160 37 61 168 161 
7 196 48 66 60 150 137 165 
8 167 53 63 152 151 
9 170 56 45 140 162 
10 231 65 47 166 161 
11 213 35 58 167 165 
12 136 34 144 
13 202 51 64 141 143 
14 189 56 168 15 
15 199 39 143 168 190 
16 182 57 157 
17 102 46 139 
18 189 82 81 56 19 
19 220 56 146 
20 215 34 168 138 
21 138 53 164 
22 155 55 23 
23 181 59 168 137 145 
24 133 37 40 25 159 
25 192 168 138 
26 144 55 148 
27 211 65 57 159 
28 159 46 155 
29 199 56 57 138 153 
30 146 33 142 
31 210 62 51 162 166 
32 152 56 135 
33 148 56 82 
34 234 56 129 119 
35 122 56 99 
36 170 56 93 
37 179 56 82 91 
38 122 56 71 168 
39 141 56 133 
40 217 56 131 101 
41 108 42 164 
42 151 56 122 
43 221 56 108 83 
44 172 56 82 
45 125 56 80 
46 196 56 90 95 
47 187 56 79 
48 215 56 100 81 
49 128 56 83 
50 165 56 125 
51 220 56 87 97 
52 185 56 68 
53 182 56 103 86 
54 189 56 106 73 
55 238 56 88 94 
56 322 82 70 57 66 62 58 65 63 60 59 61 64 80 127 115 134 72 
57 202 98 120 114 113 
58 155 132 59 
59 168 82 121 
60 173 112 
61 257 83 70 
62 120 89 
63 169 105 
64 109 124 
65 257 116 85 
66 280 107 110 
67 182 75 80 
68 246 75 82 
69 190 75 82 70 
70 147 75 82 
71 182 75 82 
72 221 75 82 
73 173 75 82 
74 162 75 82 
75 288 82 77 100 76 92 130 126 87 125 115 104 88 98 107 106 94 89 133 132 134 117 96 99 90 91 78 109 105 102 111 120 123 108 84 114 119 128 86 95 124 113 118 79 83 
76 223 82 81 80 
77 244 82 79 
78 271 81 82 83 
79 268 82 
80 164 82 
81 193 82 
82 353 83 100 93 131 127 87 125 115 103 88 98 107 106 94 89 133 132 134 116 97 99 90 91 110 105 101 112 120 122 108 85 114 121 128 86 95 124 113 119 129 
83 242 
84 146 85 
85 105 
86 199 
87 182 
88 255 
89 287 
90 196 
91 282 
92 162 93 
93 105 
94 213 
95 216 
96 173 97 
97 177 
98 223 
99 257 
100 216 
101 175 102 
102 113 
103 109 104 
104 124 
105 188 
106 142 
107 180 
108 246 
109 95 110 
110 125 
111 94 112 
112 124 
113 239 
114 229 
115 268 
116 174 117 
117 88 
118 128 119 
119 143 121 
120 229 
121 139 
122 121 123 
123 136 
124 155 
125 222 
126 103 127 
127 181 
128 84 129 
129 95 
130 88 131 
131 159 
132 233 
133 258 
134 247 
135 133 168 136 
136 199 202 196 252 
137 152 168 201 199 
138 166 168 191 202 186 
139 141 168 202 248 
140 146 168 200 
141 214 168 202 219 
142 157 168 202 
143 157 168 200 171 
144 100 168 175 
145 227 168 202 146 
146 171 168 201 196 250 
147 166 202 148 238 
148 138 168 
149 160 168 176 
150 129 168 199 172 
151 213 168 202 185 
152 116 168 179 
153 188 168 202 251 
154 212 168 202 261 
155 225 168 184 182 
156 130 168 173 
157 211 168 202 187 
158 191 168 202 241 
159 227 168 169 198 194 
160 206 168 161 198 177 
161 167 168 181 
162 227 168 188 189 
163 220 168 193 180 
164 261 168 183 200 
165 162 168 174 192 
166 252 168 201 202 
167 226 168 195 199 
168 326 202 195 
169 95 202 170 
170 181 202 196 267 
171 134 202 196 249 
172 186 202 196 246 
173 133 202 196 247 
174 115 202 196 269 
175 175 202 176 
176 235 202 196 253 261 
177 117 202 178 
178 83 196 266 
179 121 202 196 240 
180 207 202 196 239 
181 164 202 196 258 
182 196 202 196 251 
183 205 202 196 252 
184 142 202 196 242 
185 196 202 196 250 
186 167 202 196 263 
187 185 202 196 200 244 245 
188 186 202 196 265 
189 142 202 196 253 
190 219 202 196 253 
191 187 202 196 268 
192 196 202 196 244 
193 163 202 196 239 
194 152 202 196 264 
195 227 202 196 245 
196 264 202 253 219 238 254 261 270 248 247 259 251 197 241 198 199 257 255 249 239 262 
197 198 199 200 198 202 256 264 260 243 
198 183 202 
199 248 202 253 
200 265 202 254 
201 258 202 270 247 259 
202 351 
203 128 218 253 220 
204 185 218 239 357 
205 143 218 265 221 
206 180 218 268 261 243 220 225 342 
207 225 218 248 249 221 
208 120 218 261 220 
209 93 218 241 338 
210 183 218 254 266 365 223 
211 148 218 269 220 345 
212 136 218 264 222 
213 196 218 270 242 220 222 
214 251 218 245 252 220 221 
215 190 218 246 249 223 227 
216 236 218 248 250 227 359 
217 195 218 255 264 226 222 
218 290 253 219 244 240 228 225 232 236 267 229 233 258 234 262 235 231 263 257 239 256 220 352 224 230 226 223 370 222 
219 254 253 259 252 225 362 
220 241 244 354 228 224 221 232 236 365 368 223 227 229 225 359 226 222 362 233 370 371 357 234 230 235 231 342 338 341 340 363 360 
221 173 351 356 389 352 
222 179 354 348 341 349 
223 180 355 358 348 
224 173 225 352 
225 166 250 350 369 
226 182 263 401 339 
227 186 397 347 
228 192 246 353 
229 157 247 354 
230 122 262 346 
231 192 260 354 
232 164 239 344 
233 139 244 367 
234 217 253 396 
235 252 251 351 
236 226 237 343 
237 94 253 238 
238 151 253 
239 224 253 
240 189 253 352 
241 160 253 
242 120 253 
243 161 253 
244 244 253 
245 243 253 246 
246 196 253 
247 166 253 248 
248 179 253 
249 182 253 
250 247 253 
251 202 253 
252 259 253 
253 264 265 254 261 268 267 270 257 259 255 269 264 258 256 262 260 266 263 
254 178 
255 83 
256 136 
257 147 
258 261 371 
259 167 
260 164 
261 257 
262 175 
263 170 
264 200 
265 156 
266 148 
267 207 368 
268 141 
269 164 
270 162 
271 140 302 329 296 416 
272 195 302 311 296 422 
273 182 411 274 410 428 
274 94 302 307 296 
275 184 302 310 296 411 410 
276 140 302 335 296 415 
277 125 296 278 411 420 
278 154 307 319 302 
279 146 302 308 296 280 418 411 
280 111 302 306 
281 81 302 321 282 
282 159 302 296 406 
283 182 302 306 296 284 
284 187 411 410 439 451 
285 224 302 286 296 411 410 
286 188 302 336 309 296 406 
287 145 302 306 288 
288 173 319 387 307 299 296 410 
289 99 302 328 290 
290 144 302 296 413 
291 245 302 307 296 407 
292 231 302 326 296 416 
293 216 302 323 307 294 296 411 
294 174 302 296 407 
295 168 302 305 296 303 411 414 421 
296 266 302 411 297 298 301 299 300 410 408 409 417 412 
297 176 302 307 409 
298 175 302 324 303 412 413 
299 239 302 307 
300 177 307 314 302 330 
301 247 302 304 333 411 
302 306 307 317 303 328 337 336 
303 287 305 304 
304 211 307 315 312 314 
305 199 319 383 307 313 
306 199 307 318 320 
307 233 319 333 321 323 310 336 328 309 308 326 330 337 311 335 329 324 317 320 315 
308 177 319 390 
309 177 387 405 319 
310 191 387 392 319 
311 170 319 394 
312 145 319 373 
313 212 319 399 383 
314 168 319 386 372 
315 225 319 391 378 
316 172 319 376 328 
317 231 319 377 388 
318 232 319 403 387 
319 324 387 334 322 323 336 326 332 337 327 320 335 329 324 381 393 379 333 331 
320 197 379 374 
321 96 322 
322 178 398 
323 230 387 404 
324 190 387 
325 127 387 392 326 
326 195 
327 126 375 328 
328 174 
329 148 380 
330 85 331 
331 73 332 
332 156 387 395 
333 128 334 
334 180 387 385 
335 208 387 384 
336 347 402 382 
337 200 385 
338 199 354 353 378 
339 137 354 353 372 
340 202 354 353 386 
341 180 354 353 388 
342 190 354 353 384 
343 236 354 353 388 
344 161 354 353 388 
345 171 354 353 376 
346 183 354 353 394 
347 136 354 353 388 
348 228 354 353 349 374 
349 263 354 353 385 379 
350 152 354 353 403 
351 256 354 353 387 384 
352 217 354 353 380 
353 313 354 356 366 368 363 355 397 358 361 401 362 389 367 360 370 371 396 369 388 364 385 404 390 393 395 377 392 405 375 
354 292 356 365 368 363 355 397 358 359 401 362 389 367 360 370 371 357 396 369 373 
355 117 385 
356 144 381 
357 138 358 
358 213 404 383 
359 148 361 
360 194 392 
361 156 362 386 388 
362 184 
363 158 364 
364 99 391 
365 84 366 
366 155 382 
367 166 393 
368 240 400 
369 209 382 
370 157 388 
371 225 379 
372 112 388 387 
373 197 388 387 
374 138 388 387 
375 219 388 387 
376 192 388 387 
377 144 388 387 
378 160 388 387 
379 263 388 387 
380 133 388 387 
381 193 388 387 
382 200 388 387 383 
383 216 388 387 
384 209 388 387 
385 191 388 387 
386 164 388 387 
387 294 388 399 391 398 404 392 403 402 405 390 393 395 394 
388 278 400 391 397 404 392 403 402 405 390 393 395 394 
389 141 390 
390 206 
391 140 
392 168 
393 226 
394 162 
395 181 396 
396 152 
397 173 398 
398 127 
399 141 400 
400 100 
401 235 402 
402 214 
403 190 
404 180 
405 127 
406 120 411 410 439 429 
407 214 411 410 425 433 
408 144 411 410 438 
409 208 411 410 437 439 
410 226 411 439 418 417 416 420 412 414 422 413 415 421 435 429 438 423 
411 229 418 417 416 412 414 422 413 415 421 439 432 431 
412 182 439 460 
413 151 434 438 
414 154 427 
415 155 426 
416 218 436 439 
417 124 437 
418 176 439 419 
419 116 439 435 450 
420 232 439 435 440 
421 233 439 422 
422 205 430 435 443 
423 85 439 424 
424 166 439 435 453 
425 187 439 435 447 
426 110 439 435 451 
427 138 439 435 446 
428 202 439 435 456 
429 316 439 435 471 444 
430 179 439 435 449 
431 196 439 435 455 
432 196 439 435 442 
433 165 439 435 452 
434 142 439 435 448 
435 225 439 451 450 436 456 445 458 438 437 454 441 
436 194 439 438 449 451 
437 200 439 450 
438 242 439 
439 284 460 451 458 456 445 
440 131 451 465 
441 143 451 467 
442 170 451 463 
443 125 451 473 
444 188 451 473 507 
445 197 451 471 
446 153 451 473 
447 173 451 472 
448 186 451 459 
449 239 451 466 468 
450 230 451 472 464 
451 248 471 454 456 455 452 453 457 473 466 470 472 
452 114 462 
453 194 461 
454 142 467 
455 170 470 
456 269 469 464 
457 165 458 473 472 503 
458 150 460 
459 164 473 472 507 
460 99 
461 144 473 472 497 
462 141 473 472 504 
463 171 473 472 481 
464 263 473 472 506 507 
465 152 473 472 496 
466 244 473 472 499 494 
467 215 473 472 495 493 
468 153 473 472 501 
469 155 473 472 470 498 503 
470 198 473 472 507 
471 160 473 472 492 
472 256 473 507 502 
473 257 500 505 
474 115 489 506 490 475 
475 83 490 508 
476 129 489 496 490 511 
477 153 489 504 490 510 
478 206 489 498 490 511 
479 186 489 506 490 512 
480 218 489 497 490 511 515 
481 147 507 489 
482 166 489 505 490 515 
483 184 489 494 490 509 
484 174 489 491 490 510 
485 208 489 502 490 511 
486 153 489 493 490 509 
487 196 489 506 490 514 
488 203 489 503 490 513 
489 206 506 490 499 500 501 505 
490 297 495 511 508 
491 134 507 492 506 
492 82 507 
493 159 507 506 
494 198 507 506 
495 128 507 506 
496 220 507 506 
497 140 507 506 
498 251 507 506 
499 168 507 506 
500 177 507 506 
501 216 507 506 
502 224 507 506 
503 194 507 505 506 
504 213 507 506 
505 146 507 506 
506 257 507 
507 291 
508 207 511 524 523 
509 167 511 523 
510 211 511 517 522 
511 225 513 514 515 512 523 519 524 520 
512 132 523 
513 219 523 524 526 
514 151 516 
515 143 521 523 
516 213 523 524 532 
517 139 523 524 519 
518 138 524 519 526 
519 184 523 524 537 
520 175 523 524 528 
521 210 523 524 526 525 
522 140 523 524 525 
523 279 524 
524 279 526 527 529 
525 183 526 527 532 
526 221 532 537 528 527 529 531 530 
527 233 532 531 
528 143 532 
529 123 530 
530 150 532 535 538 
531 165 532 540 538 
532 266 538 537 
533 152 534 539 536 
534 239 541 535 536 
535 112 538 540 
536 175 
537 166 538 541 
538 201 540 541 539 
539 143 540 541 
540 234 541 
541 230 
