name weight children
0 72 2 16 4 
1 97 15 25 2 
2 51 16 5 3 13 7 
3 80 9 8 
4 96 5 7 
5 95 11 7 8 
6 80 7 8 
7 41 8 
8 111 
9 81 16 14 
10 86 15 18 11 
11 94 16 
12 41 15 23 13 
13 78 16 
14 67 15 20 
15 80 25 24 16 
16 113 21 24 
17 67 24 28 18 
18 35 25 
19 84 24 35 20 
20 59 25 
21 54 24 34 25 
22 77 34 61 24 
23 89 24 33 25 
24 123 34 25 32 29 
25 130 31 26 
26 17 34 27 
27 84 34 58 
28 126 34 69 
29 99 34 30 
30 78 34 64 
31 102 34 67 
32 51 34 70 
33 124 34 70 
34 166 70 54 35 55 62 
35 116 66 
36 59 43 75 37 
37 88 44 69 
38 69 44 39 68 
39 61 43 99 
40 85 43 105 44 71 
41 74 43 95 44 65 
42 120 43 104 44 54 
43 116 100 80 44 86 46 79 52 53 47 49 90 
44 122 84 71 45 57 53 51 48 50 
45 89 46 70 
46 56 91 
47 71 102 48 
48 24 59 
49 88 99 50 
50 74 64 
51 87 53 63 
52 85 107 53 
53 159 93 60 
54 31 71 
55 97 70 56 
56 73 71 57 
57 82 79 
58 85 70 59 
59 73 71 
60 94 71 61 
61 89 70 
62 89 70 63 
63 66 71 
64 108 71 70 
65 90 71 66 
66 40 70 
67 52 70 68 
68 71 71 
69 88 71 70 
70 119 71 
71 122 86 
72 113 124 73 
73 66 124 74 
74 133 101 75 
75 100 100 
76 60 101 77 78 
77 89 101 126 
78 97 100 79 
79 92 
80 13 101 81 
81 91 101 117 
82 65 83 
83 44 124 101 
84 97 101 85 100 
85 62 101 139 
86 53 87 
87 94 101 88 100 
88 88 101 113 
89 69 101 129 90 
90 72 100 
91 58 100 92 
92 87 101 114 
93 91 100 94 
94 68 101 122 
95 55 100 97 
96 87 101 111 97 
97 73 101 
98 96 101 119 99 
99 67 101 100 
100 151 101 125 104 107 102 105 
101 145 124 103 106 102 131 135 104 107 105 
102 101 109 
103 51 138 104 
104 111 
105 87 
106 45 124 107 
107 106 
108 85 109 
109 120 124 
110 114 124 111 
111 58 124 
112 95 124 113 
113 78 124 
114 54 124 116 
115 31 116 
116 85 124 
117 72 124 118 
118 77 
119 78 124 120 
120 94 124 
121 65 122 
122 81 124 
123 100 124 
124 172 125 141 137 127 133 130 136 134 139 138 126 131 129 135 
125 157 
126 100 127 
127 82 128 
128 95 
129 84 130 
130 128 
131 91 133 
132 69 133 
133 67 
134 92 
135 30 136 
136 114 
137 87 138 
138 73 
139 56 141 
140 100 141 
141 97 
