name weight children
0 16 124 131 130 
1 60 124 6 34 
2 93 124 15 7 
3 38 124 5 128 
4 14 124 10 6 
5 38 124 7 
6 17 124 
7 97 124 
8 43 124 11 12 
9 42 11 
10 38 124 13 
11 37 124 
12 83 124 14 
13 78 124 120 
14 34 124 20 
15 72 124 17 
16 26 124 26 18 
17 26 124 19 
18 35 124 21 
19 81 124 22 
20 88 124 22 
21 47 124 
22 61 124 
23 96 124 27 24 
24 59 124 43 
25 78 124 31 27 
26 30 124 34 
27 74 124 
28 82 67 65 
29 56 124 32 30 
30 49 124 31 
31 33 124 
32 99 124 35 
33 39 35 
34 62 124 
35 18 124 
36 55 124 41 37 
37 29 124 39 
38 71 124 39 45 
39 23 124 
40 20 124 43 41 
41 49 124 
42 17 124 48 
43 96 124 
44 92 124 46 49 
45 67 124 46 
46 11 124 
47 71 124 49 
48 91 124 64 
49 79 124 
50 33 67 51 65 
51 45 67 
52 82 95 54 
53 86 67 54 56 
54 44 67 
55 97 67 56 
56 53 67 
57 71 67 60 58 
58 21 67 59 
59 29 67 
60 49 67 61 
61 62 95 
62 20 67 63 
63 99 67 
64 97 124 126 
65 81 67 
66 365 95 67 
67 8545 95 
68 53 124 76 69 
69 57 124 70 
70 89 124 73 
71 85 124 72 95 
72 39 124 74 
73 80 124 74 
74 46 124 
75 93 124 78 77 
76 92 124 77 
77 14 124 
78 72 124 79 
79 83 124 81 
80 27 124 81 
81 79 124 
82 97 95 83 87 
83 36 95 124 
84 48 95 85 
85 66 95 86 
86 48 95 87 
87 69 95 
88 99 95 90 89 
89 60 95 
90 120 95 91 
91 93 95 
92 170 95 93 
93 259 124 95 
94 456 95 124 
95 14172 124 99 
96 48 124 97 102 
97 84 124 98 
98 139 124 106 
99 32 124 100 
100 112 124 101 
101 117 124 102 
102 63 124 
103 91 124 104 
104 59 124 105 
105 128 124 109 
106 86 124 107 
107 80 124 108 
108 62 124 109 
109 100 124 
110 287 124 111 
111 352 124 112 
112 311 124 114 
113 89 124 114 
114 116 124 
115 553 124 116 117 
116 572 124 
117 169 124 118 
118 177 124 
119 382 124 125 
120 51 124 126 
121 368 124 122 
122 424 124 
123 868 124 
124 64979 126 128 127 131 125 130 129 
125 434 
126 83 
127 58 128 131 
128 43 
129 49 130 
130 26 
131 58 
