name weight children
0 150 4 153 1 18 
1 814 4 151 16 8 6 23 7 2 21 19 10 22 9 11 5 3 17 13 14 
2 740 4 152 151 5 17 16 14 
3 59 4 151 
4 906 151 145 16 8 6 23 5 7 19 10 22 9 11 150 154 152 155 167 
5 804 151 152 166 154 153 164 155 21 
6 327 145 156 151 17 
7 360 151 153 15 16 
8 675 151 153 152 21 20 16 
9 196 151 20 
10 417 154 155 20 16 
11 763 151 166 152 14 20 12 16 
12 191 16 13 27 
13 804 16 21 25 26 23 29 35 20 33 18 22 14 24 34 17 31 27 
14 643 16 26 41 28 
15 61 16 29 
16 945 152 21 17 23 19 20 18 22 25 29 33 24 34 
17 795 26 35 
18 201 25 
19 432 145 157 151 35 
20 777 25 34 29 28 
21 212 26 
22 458 151 28 27 
23 655 145 158 151 25 29 
24 82 26 
25 884 31 29 35 26 33 28 27 34 41 43 32 
26 739 32 31 30 40 
27 294 33 32 31 
28 381 32 31 
29 723 31 
30 90 31 42 
31 841 43 32 35 33 34 41 40 37 44 45 47 46 
32 676 43 44 47 46 45 
33 336 45 47 
34 386 45 43 
35 741 43 44 
36 89 37 43 49 
37 775 43 49 38 41 39 40 44 46 45 47 50 51 52 53 
38 673 44 43 45 49 50 51 48 58 
39 378 47 42 43 49 52 53 
40 334 43 47 49 51 
41 717 43 45 49 53 50 58 
42 42 43 
43 896 44 45 47 46 
44 691 49 
45 501 
46 294 
47 714 
48 90 49 54 
49 867 50 51 53 52 58 54 56 59 
50 686 58 56 59 57 67 
51 312 59 55 
52 367 58 59 68 
53 726 59 58 55 
54 257 58 67 68 70 
55 366 58 67 66 
56 724 58 67 71 
57 115 58 70 
58 905 59 67 68 71 69 
59 718 67 69 71 
60 195 64 67 65 95 
61 392 64 69 68 65 91 95 
62 902 64 71 67 68 65 92 91 
63 71 65 64 91 
64 906 67 65 70 71 68 69 66 91 95 
65 726 68 67 69 71 91 95 87 93 88 92 90 
66 88 67 
67 886 68 69 71 70 
68 666 
69 486 
70 392 87 
71 590 93 
72 85 73 89 77 
73 800 86 85 74 89 84 88 76 77 
74 668 85 86 87 89 76 75 
75 41 76 81 
76 767 77 83 
77 755 83 81 
78 67 79 82 
79 504 82 80 
80 504 
81 92 82 
82 903 83 
83 885 
84 71 86 85 
85 686 86 94 93 
86 804 94 88 89 87 95 
87 403 91 94 
88 339 91 94 
89 708 95 94 
90 108 91 94 
91 809 95 92 93 94 
92 684 94 
93 249 94 
94 732 95 
95 617 
96 73 97 128 103 
97 979 136 137 110 98 113 101 115 119 100 111 109 118 116 99 139 120 112 140 108 134 122 124 132 131 143 125 103 107 117 114 104 105 189 
98 841 136 128 127 125 142 103 104 105 106 
99 542 131 136 130 141 107 104 105 106 103 
100 376 129 123 103 104 189 
101 704 130 126 140 136 122 103 104 107 
102 90 189 103 169 
103 1033 110 113 115 119 104 111 109 118 116 107 105 117 112 114 106 108 189 191 188 184 182 186 190 
104 823 192 187 178 182 189 183 
105 527 189 185 182 190 169 
106 273 189 186 
107 785 139 192 185 182 188 181 
108 411 139 189 190 169 170 
109 483 122 120 189 174 
110 411 138 134 189 184 
111 294 136 192 
112 300 128 190 
113 812 121 127 133 189 192 170 176 
114 108 140 178 
115 323 142 189 187 
116 328 136 189 186 
117 242 137 182 
118 610 134 143 189 181 188 
119 1035 133 143 121 134 189 180 185 188 
120 363 137 136 
121 366 137 136 
122 717 137 136 
123 293 137 136 
124 369 137 136 
125 715 137 136 
126 182 137 136 
127 603 137 136 
128 619 137 136 
129 243 137 136 
130 378 137 136 
131 789 137 136 
132 166 137 136 
133 404 137 136 
134 986 137 136 
135 73 137 
136 917 137 138 142 143 140 139 141 
137 911 138 142 143 140 139 141 
138 260 
139 495 
140 831 
141 215 
142 473 
143 860 
144 135 145 159 154 
145 865 158 151 146 150 154 156 148 163 166 157 153 149 152 162 147 164 155 167 159 
146 687 159 161 157 160 151 152 
147 289 164 157 160 151 
148 391 163 158 157 152 153 
149 792 164 161 167 165 158 153 151 152 
150 146 167 151 
151 757 157 163 152 154 166 153 155 164 167 
152 691 158 
153 493 161 
154 444 158 
155 521 160 162 164 
156 45 158 177 
157 733 158 169 178 170 173 
158 930 169 168 175 159 167 177 161 163 166 164 162 160 165 170 171 176 179 172 
159 541 169 170 179 173 
160 391 169 173 171 
161 635 171 169 170 176 173 
162 160 174 
163 356 172 174 
164 901 174 173 169 178 
165 164 173 
166 676 177 
167 641 176 179 171 
168 82 169 191 
169 891 189 190 175 170 176 171 179 177 172 174 178 173 192 187 188 182 
170 779 189 190 192 181 185 186 183 
171 465 188 187 190 191 
172 272 185 181 
173 814 182 190 186 184 
174 436 189 190 182 
175 349 192 185 
176 642 190 186 180 185 
177 356 184 188 186 
178 575 189 190 
179 471 192 182 
180 147 189 190 
181 354 189 190 
182 912 189 190 
183 133 189 190 
184 487 189 190 
185 746 189 190 
186 477 189 190 191 
187 336 189 190 
188 638 189 190 
189 684 192 191 190 
190 681 192 191 
191 458 
192 711 
