name weight children
0 79 2 11 49 
1 677 2 11 6 8 12 50 49 47 48 
2 814 11 9 4 5 3 8 7 12 49 42 45 47 46 51 
3 194 9 18 11 45 
4 519 9 17 11 25 49 48 
5 613 11 10 12 51 48 49 
6 229 9 18 11 
7 370 9 15 11 
8 651 9 17 15 14 24 11 
9 653 17 23 22 10 25 18 12 24 15 14 13 11 
10 561 18 17 15 13 11 12 
11 564 22 12 
12 415 17 
13 223 17 23 20 
14 273 17 20 79 
15 795 17 25 20 19 21 
16 48 20 87 17 
17 885 20 23 22 18 25 24 21 
18 687 20 83 21 23 
19 66 20 80 
20 830 87 88 23 25 83 82 21 78 80 24 79 86 85 90 22 
21 654 87 90 86 
22 325 83 82 
23 584 89 90 81 
24 356 86 
25 594 84 85 
26 31 28 38 
27 650 28 38 37 31 29 
28 791 37 35 38 31 
29 60 31 
30 504 31 
31 870 
32 156 33 44 35 
33 715 41 44 39 35 34 40 37 38 36 
34 627 41 44 43 35 36 
35 517 42 37 36 38 
36 470 37 38 
37 429 38 
38 370 
39 80 40 51 
40 695 50 49 41 44 42 43 47 45 46 51 
41 732 50 42 44 43 
42 478 49 50 
43 248 50 
44 611 51 50 47 
45 335 49 50 48 
46 436 49 50 
47 545 49 50 
48 532 49 50 51 
49 638 50 51 
50 556 51 
51 465 
52 67 53 58 77 
53 783 61 167 74 54 68 57 55 56 69 73 59 62 58 64 63 60 66 75 71 72 76 
54 647 61 158 58 62 64 74 70 75 77 71 67 
55 488 61 168 64 60 58 70 76 73 71 72 
56 364 61 164 60 74 77 75 
57 515 61 181 167 180 76 77 
58 428 61 168 176 162 164 167 
59 257 61 167 161 
60 614 61 157 158 156 
61 672 167 175 62 68 64 63 69 73 161 164 160 156 158 74 
62 506 167 168 161 
63 289 168 158 
64 723 167 159 163 179 160 
65 71 66 73 101 
66 766 74 100 68 98 70 103 67 95 69 93 94 96 91 75 73 76 72 77 71 101 99 102 92 
67 647 74 77 71 75 73 100 103 101 96 95 
68 368 163 74 99 
69 366 178 74 93 
70 653 74 99 97 92 
71 466 74 103 93 
72 305 74 91 
73 575 167 74 
74 573 75 76 77 98 100 
75 520 95 94 96 
76 324 98 
77 637 
78 206 88 92 87 
79 265 88 91 87 
80 232 88 93 87 
81 290 100 99 88 87 
82 542 88 100 96 87 
83 1069 88 100 93 101 87 
84 174 88 102 87 
85 389 88 100 101 87 
86 780 88 103 102 94 96 87 
87 545 88 98 89 90 
88 726 100 99 89 90 101 97 103 95 98 
89 259 100 
90 714 96 92 91 103 
91 258 100 103 
92 314 100 
93 462 100 
94 300 100 
95 462 100 
96 690 100 
97 206 100 
98 454 100 
99 769 100 
100 720 101 103 102 
101 600 
102 405 
103 693 
104 290 109 108 144 137 
105 407 109 108 135 145 
106 975 109 108 144 142 145 
107 81 109 
108 990 109 129 121 115 119 110 111 114 123 125 116 112 122 128 118 113 120 126 124 127 117 144 155 143 148 133 135 139 
109 957 129 121 115 119 110 111 114 123 125 116 112 122 128 118 113 120 126 124 127 117 131 
110 295 145 
111 442 144 
112 675 146 145 135 
113 310 145 
114 208 146 
115 410 134 146 
116 981 148 144 147 132 
117 266 144 
118 248 147 
119 566 141 149 148 138 
120 245 141 
121 471 150 144 
122 727 147 138 144 
123 276 144 
124 221 148 
125 586 138 134 144 
126 247 137 
127 278 145 
128 507 136 145 
129 835 144 130 140 
130 282 144 155 198 
131 219 144 155 201 
132 277 144 155 195 
133 199 144 155 208 
134 638 144 155 197 194 
135 973 144 155 198 195 196 187 193 
136 311 144 155 198 
137 467 144 155 197 201 
138 539 144 155 197 198 205 
139 246 144 155 208 
140 415 144 155 198 189 
141 497 144 155 198 199 202 
142 546 144 155 198 197 182 
143 64 144 155 
144 918 155 150 145 148 146 149 147 151 152 154 153 
145 787 152 153 155 154 
146 353 151 155 
147 404 151 153 
148 771 152 154 155 153 
149 457 155 195 201 190 
150 258 155 203 208 
151 677 155 198 196 200 195 
152 355 155 207 208 199 201 
153 691 155 196 194 199 198 195 
154 546 155 200 195 208 199 198 
155 718 198 207 197 201 206 199 
156 288 165 177 167 
157 315 165 170 171 167 
158 754 165 177 170 171 167 
159 164 165 170 167 
160 338 165 177 181 167 
161 774 165 170 171 176 167 
162 233 165 172 167 
163 497 165 171 174 167 
164 715 165 170 177 174 167 
165 638 170 167 175 166 168 181 180 176 178 179 171 174 172 169 
166 578 179 172 173 174 167 168 
167 564 170 168 181 180 176 178 179 
168 544 181 172 
169 41 170 192 
170 911 183 184 171 175 186 177 174 181 172 180 176 178 173 179 192 190 185 193 187 
171 730 184 183 190 191 193 
172 448 194 188 189 183 
173 285 184 192 
174 690 188 190 189 184 183 
175 309 183 184 
176 521 183 194 
177 526 186 194 183 187 
178 321 187 
179 336 187 186 
180 355 190 
181 799 190 191 187 
182 69 203 183 
183 795 203 197 184 190 186 188 194 191 185 193 187 189 192 207 204 208 205 
184 722 203 208 204 
185 237 203 204 
186 372 206 204 
187 857 198 203 202 205 204 
188 211 208 204 
189 356 203 206 
190 812 198 203 197 207 
191 346 203 201 208 
192 287 203 
193 401 198 203 
194 815 198 203 204 
195 409 198 204 203 
196 297 198 203 204 
197 534 198 206 203 
198 622 203 199 207 208 200 201 206 205 202 204 
199 576 203 204 
200 257 206 203 
201 688 204 205 
202 60 203 
203 813 207 208 206 204 205 
204 681 
205 329 
206 317 
207 310 
208 863 
