name weight children
0 100 3 
1 116 3 27 
2 152 3 19 
3 136 18 5 12 28 4 21 11 25 13 8 6 14 
4 105 16 
5 143 20 
6 93 18 
7 126 43 9 34 54 
8 138 18 9 
9 124 20 43 
10 81 11 
11 79 18 
12 98 18 43 
13 156 23 
14 114 18 20 38 
15 139 20 16 43 34 
16 87 18 
17 89 18 
18 167 20 28 19 22 26 23 27 
19 131 20 37 
20 128 43 28 22 24 23 27 
21 136 22 
22 96 41 
23 155 36 
24 64 26 42 
25 112 26 
26 55 
27 129 40 
28 162 43 
29 157 34 42 47 
30 74 34 31 51 
31 127 34 39 43 52 
32 93 34 33 55 
33 154 34 41 36 56 
34 151 43 35 37 38 56 52 54 55 
35 88 40 56 
36 133 43 
37 93 43 
38 162 43 
39 96 43 
40 102 43 
41 121 43 
42 115 43 
43 140 
44 127 45 50 
45 147 49 48 46 
46 86 48 51 
47 139 56 57 48 
48 117 57 49 50 53 
49 99 57 50 
50 119 58 
51 122 56 57 
52 93 57 
53 116 57 54 
54 77 56 
55 124 56 57 
56 109 57 58 
57 110 58 
58 125 
