name weight children
0 91 27 71 3 
1 55 10 2 53 
2 78 3 16 12 
3 70 20 12 4 22 18 6 28 5 21 14 8 11 
4 66 20 10 
5 46 24 7 
6 99 20 75 13 
7 74 12 10 55 
8 62 12 9 
9 62 10 52 
10 65 12 53 11 51 13 32 
11 76 12 49 
12 88 26 56 51 13 32 
13 77 48 
14 79 20 15 
15 100 27 57 
16 57 20 17 
17 58 27 82 
18 122 20 19 51 
19 83 27 67 
20 86 27 61 26 23 21 30 24 
21 74 78 
22 50 23 56 
23 80 27 62 
24 81 25 
25 42 27 58 
26 68 27 64 
27 101 58 63 78 75 29 70 
28 72 30 32 
29 22 68 30 
30 98 
31 85 53 32 34 
32 81 
33 36 44 34 41 42 
34 73 53 
35 81 38 39 36 
36 40 38 42 
37 79 41 46 38 
38 97 41 
39 75 41 40 
40 98 41 45 
41 101 44 50 43 42 
42 77 
43 64 44 54 
44 61 53 52 46 45 
45 97 55 
46 52 47 
47 98 53 48 
48 87 53 
49 70 53 50 
50 54 53 
51 93 53 
52 63 53 
53 71 56 55 54 
54 71 
55 73 
56 77 
57 79 58 60 
58 88 100 65 60 61 71 64 70 62 82 78 67 74 68 59 
59 68 60 101 
60 75 100 95 63 72 64 69 62 82 80 67 73 68 90 102 61 
61 85 
62 101 110 
63 52 104 
64 104 99 
65 88 95 66 
66 21 97 186 
67 116 100 
68 56 100 
69 78 79 70 
70 85 
71 97 72 
72 98 103 
73 52 107 74 
74 85 75 
75 86 
76 46 196 220 77 
77 85 97 95 79 
78 83 80 
79 52 100 
80 76 111 
81 81 100 92 82 
82 137 
83 105 97 191 95 99 
84 85 97 175 85 
85 49 95 100 
86 81 95 87 100 
87 21 97 181 
88 46 95 89 101 
89 74 97 200 
90 77 95 91 100 
91 73 97 195 
92 49 95 93 
93 74 97 179 
94 92 95 97 104 
95 75 97 194 100 96 109 112 102 108 
96 61 97 172 103 
97 111 196 222 98 105 112 102 106 187 
98 55 190 100 
99 40 100 
100 137 104 103 110 111 102 107 101 
101 26 
102 134 185 
103 54 
104 95 
105 50 178 109 
106 71 174 108 
107 60 108 
108 61 
109 66 110 
110 65 
111 62 112 
112 98 182 
113 66 135 444 162 
114 70 135 115 167 
115 50 131 404 
116 46 131 407 135 144 
117 63 131 402 165 
118 70 131 414 135 164 
119 135 131 406 135 157 
120 97 131 406 135 147 
121 59 131 404 122 
122 63 135 168 
123 93 135 124 126 
124 67 131 411 
125 22 169 126 214 
126 53 165 
127 68 131 403 135 165 212 
128 84 131 415 135 171 
129 70 131 416 138 
130 62 131 403 135 169 
131 94 403 350 135 440 429 413 434 132 134 136 444 425 133 140 
132 82 451 421 135 141 163 
133 72 408 135 159 
134 85 404 135 170 
135 84 447 165 441 137 433 141 136 138 426 140 429 146 
136 67 422 153 
137 82 413 142 
138 43 165 139 
139 56 169 225 
140 98 405 145 
141 99 149 
142 110 165 169 205 
143 41 169 144 211 
144 82 165 
145 77 165 169 201 
146 36 165 169 209 
147 79 165 148 
148 63 169 210 
149 92 165 150 
150 90 169 207 
151 29 165 441 152 
152 84 169 221 
153 84 165 154 
154 77 169 219 
155 42 165 433 169 156 
156 75 212 213 
157 87 165 169 213 
158 56 212 159 180 
159 118 165 169 
160 69 165 426 161 
161 48 169 203 
162 63 165 169 204 
163 77 165 169 217 
164 89 165 169 208 
165 70 169 167 168 170 171 
166 73 169 167 213 
167 65 
168 54 169 197 
169 99 212 170 171 
170 69 227 
171 82 215 
172 78 198 226 196 
173 48 198 213 174 
174 77 196 
175 17 196 176 
176 79 198 213 
177 79 198 204 178 
178 94 196 
179 63 198 224 196 
180 85 213 181 
181 107 198 196 
182 44 196 183 
183 100 198 218 
184 40 198 202 185 
185 88 196 
186 68 196 188 
187 108 198 213 196 
188 31 198 214 
189 56 198 205 190 
190 99 196 
191 96 196 192 
192 63 198 216 
193 33 198 209 194 
194 53 196 
195 88 196 198 
196 122 198 211 210 200 
197 40 212 198 
198 119 213 222 220 199 206 
199 56 201 200 
200 88 
201 61 212 213 
202 73 213 203 
203 71 212 
204 116 212 213 
205 105 212 213 
206 80 213 207 
207 63 212 
208 91 212 213 
209 93 212 213 
210 140 212 213 
211 79 212 213 
212 84 213 221 214 227 215 219 225 217 
213 100 223 214 226 216 219 224 218 
214 66 
215 87 216 
216 86 
217 11 218 
218 68 
219 106 220 
220 28 
221 98 223 
222 53 223 
223 73 
224 97 225 
225 92 
226 86 227 
227 82 
228 35 229 256 310 
229 120 256 230 312 240 252 268 274 323 271 231 253 235 246 233 289 334 238 337 342 316 248 277 234 242 317 232 297 236 262 260 259 309 308 455 
230 103 265 267 296 285 
231 58 257 307 
232 88 276 264 311 313 
233 71 283 302 
234 86 280 294 
235 100 281 313 
236 61 237 299 
237 74 256 
238 62 256 239 299 
239 43 
240 77 241 387 
241 92 256 
242 88 243 418 
243 81 256 244 
244 39 
245 87 247 
246 67 247 326 
247 92 256 
248 88 256 249 300 
249 98 
250 32 256 251 252 
251 77 
252 76 330 
253 96 256 254 312 
254 96 
255 72 256 312 
256 58 269 274 324 265 272 257 267 281 283 262 288 333 260 335 259 340 314 278 280 319 276 264 298 258 
257 103 
258 80 
259 97 
260 55 261 
261 88 
262 97 263 
263 30 
264 87 
265 129 
266 47 267 
267 96 
268 38 269 286 
269 103 
270 70 272 
271 86 272 312 450 
272 45 
273 91 274 
274 115 301 
275 93 276 
276 11 
277 94 278 305 
278 43 
279 58 280 
280 37 
281 82 282 
282 76 
283 64 284 
284 14 
285 46 312 287 
286 53 312 363 
287 27 310 386 
288 118 289 
289 99 290 
290 46 312 291 
291 82 310 427 
292 91 312 297 310 394 
293 81 310 294 390 
294 60 312 
295 31 310 296 373 
296 72 312 
297 80 298 
298 100 
299 57 312 410 392 
300 59 312 310 400 
301 86 312 310 375 
302 72 312 303 
303 95 310 374 
304 71 310 305 456 
305 44 312 
306 71 310 307 384 
307 15 312 
308 115 312 310 432 
309 78 312 310 439 
310 84 312 380 329 363 321 450 357 325 332 410 338 454 341 315 419 318 311 392 313 372 
311 86 312 313 397 376 
312 78 387 330 322 313 326 331 337 455 342 316 418 317 357 
313 86 
314 72 327 316 
315 21 316 389 
316 89 
317 86 319 318 
318 97 379 
319 98 320 
320 92 
321 32 322 381 
322 81 323 
323 85 324 
324 99 328 
325 91 326 380 
326 97 
327 61 
328 72 
329 81 330 384 
330 98 
331 36 334 332 
332 74 382 
333 79 334 
334 69 
335 77 336 337 
336 50 
337 87 338 
338 74 377 
339 63 340 
340 80 342 
341 45 342 385 
342 65 
343 127 347 384 346 403 
344 80 347 376 345 
345 36 346 414 
346 65 347 375 403 350 448 354 358 348 361 442 430 365 435 412 366 452 351 423 445 368 421 369 356 398 371 349 407 
347 96 384 362 350 448 353 358 348 360 349 437 428 364 436 409 367 453 352 401 446 368 420 369 355 399 370 381 385 403 404 
348 102 372 404 
349 62 374 
350 124 373 
351 43 352 415 
352 47 388 
353 44 384 354 
354 52 402 
355 70 396 356 
356 99 406 
357 84 359 
358 78 359 403 
359 50 380 384 
360 71 384 361 
361 83 404 
362 53 380 363 
363 39 
364 62 382 365 
365 94 413 
366 60 367 406 
367 72 378 
368 81 391 416 
369 84 383 424 
370 49 393 371 
371 76 405 
372 82 380 384 
373 36 380 384 
374 79 380 384 
375 108 380 384 
376 53 380 384 
377 83 380 378 
378 57 384 
379 36 380 383 
380 112 387 384 381 450 386 439 427 382 432 409 453 385 389 400 456 390 417 397 394 392 
381 59 384 
382 102 384 
383 11 384 
384 135 449 438 427 431 409 453 385 388 400 457 391 420 396 395 393 386 
385 82 
386 83 
387 61 
388 95 389 
389 31 
390 68 391 
391 40 
392 124 393 
393 73 
394 28 395 
395 45 399 
396 89 397 
397 99 
398 76 399 408 
399 33 
400 77 401 
401 94 423 
402 83 403 
403 72 447 404 407 443 430 413 435 411 406 451 415 422 445 416 421 424 414 408 405 
404 71 
405 82 
406 80 
407 91 
408 57 
409 107 410 412 
410 55 
411 62 412 
412 91 
413 107 
414 51 
415 79 
416 57 
417 92 419 420 
418 96 419 
419 62 
420 87 421 
421 82 
422 63 423 
423 56 
424 28 425 
425 76 426 
426 100 
427 67 428 
428 72 430 
429 92 430 
430 120 
431 100 432 436 
432 84 
433 81 434 
434 19 435 
435 71 436 
436 61 
437 36 438 442 
438 100 439 
439 99 
440 73 443 441 
441 93 
442 99 443 
443 41 
444 71 445 
445 67 446 
446 95 457 
447 89 448 
448 45 449 
449 89 450 
450 101 
451 98 452 
452 76 453 
453 86 454 
454 89 455 
455 74 
456 70 457 
457 57 
