name weight children
0 34 1 14 8 
1 74 12 15 9 3 10 
2 72 18 21 4 
3 91 4 5 
4 78 12 
5 59 9 8 6 
6 99 7 
7 82 8 9 
8 68 9 
9 100 13 
10 96 12 17 
11 79 18 24 13 
12 113 18 20 13 14 
13 88 
14 90 18 27 
15 60 18 16 
16 57 18 23 
17 72 18 25 
18 103 23 37 24 22 
19 55 32 72 23 
20 61 23 39 
21 74 23 36 
22 86 23 30 
23 145 33 24 27 25 
24 73 31 
25 80 33 
26 78 32 62 28 
27 36 28 
28 66 33 
29 38 64 43 32 
30 105 32 66 33 
31 73 32 65 33 
32 90 68 33 37 39 35 75 79 
33 91 61 37 39 36 
34 100 68 40 35 
35 29 36 
36 44 
37 128 69 
38 60 68 50 39 
39 66 
40 69 42 41 64 
41 91 49 
42 97 49 64 68 43 56 73 44 50 76 52 59 45 48 62 
43 70 49 44 
44 78 47 66 
45 93 49 46 
46 77 
47 81 49 
48 87 49 
49 57 63 67 55 70 51 77 54 58 
50 93 51 64 
51 80 
52 55 54 60 
53 81 54 
54 53 
55 132 56 
56 51 61 
57 64 58 
58 93 59 
59 48 80 
60 11 64 65 
61 140 64 68 
62 46 64 68 
63 109 64 
64 125 68 74 66 76 80 69 
65 88 68 
66 58 68 
67 112 68 
68 123 72 69 75 79 
69 51 
70 93 71 73 
71 14 
72 97 74 
73 93 74 
74 81 
75 47 76 
76 92 77 
77 41 78 
78 83 
79 58 80 
80 70 
