name weight children
0 136 3 1 4 17 
1 129 78 85 3 
2 47 4 3 20 
3 1366 78 81 4 6 7 9 5 8 76 79 75 17 
4 1169 65 76 78 5 17 6 7 9 8 18 16 19 14 
5 294 76 78 20 
6 376 78 75 16 17 
7 236 79 17 13 
8 556 82 46 78 83 17 
9 936 78 80 77 17 20 11 
10 113 13 11 42 
11 141 16 
12 72 13 20 41 
13 1267 16 14 20 19 18 17 41 38 42 39 
14 1070 16 18 15 20 41 39 42 37 
15 86 16 17 
16 863 17 20 19 18 
17 839 18 20 19 
18 357 
19 400 
20 654 
21 227 25 22 
22 245 25 
23 82 24 31 25 
24 1045 31 30 25 
25 1002 
26 167 36 35 28 
27 694 36 39 28 32 31 30 
28 768 36 30 29 33 34 31 
29 154 36 30 
30 570 33 31 
31 759 
32 454 35 37 40 36 
33 443 35 42 36 
34 67 36 
35 917 41 42 36 39 40 38 
36 802 41 
37 214 41 
38 495 41 
39 715 41 
40 91 41 
41 892 42 
42 780 
43 197 62 44 56 58 64 
44 226 62 56 73 
45 294 62 56 73 
46 661 62 56 73 70 82 
47 1020 62 56 73 
48 206 62 49 56 63 73 69 
49 247 62 56 73 
50 381 62 56 73 71 
51 671 62 56 68 74 
52 883 62 56 73 74 70 
53 478 62 56 60 73 72 
54 602 62 56 60 59 70 65 67 68 
55 151 56 62 68 
56 899 62 57 63 58 60 73 74 67 
57 770 62 59 60 73 68 64 66 71 
58 181 62 
59 334 62 
60 992 62 
61 94 62 
62 1037 63 
63 792 
64 292 73 70 81 
65 477 73 70 82 78 
66 194 73 70 82 76 
67 393 73 70 81 84 
68 940 73 70 81 82 84 85 
69 152 73 70 82 
70 827 73 82 71 72 74 81 83 85 
71 730 73 74 82 83 76 
72 98 73 
73 982 74 82 
74 741 
75 258 78 81 83 
76 665 82 78 81 
77 109 78 85 
78 919 82 81 79 85 83 80 
79 741 82 84 
80 91 82 
81 739 82 
82 928 83 85 84 
83 459 
84 273 
85 731 
