name weight children
0 73 10 
1 67 9 
2 69 3 
3 62 10 4 
4 66 9 24 68 
5 89 10 11 9 25 
6 16 7 
7 84 10 9 27 
8 76 10 9 
9 74 10 24 41 29 12 18 78 34 15 31 
10 81 22 40 29 13 19 80 33 16 85 
11 82 
12 58 13 38 
13 59 14 
14 90 
15 85 16 24 
16 63 17 
17 44 
18 35 19 24 26 
19 99 20 
20 90 
21 82 22 
22 18 24 
23 76 31 25 70 
24 135 31 27 85 39 25 38 78 35 30 
25 51 
26 98 31 83 
27 29 28 
28 73 31 70 
29 80 31 
30 39 31 71 
31 119 68 84 39 37 75 36 66 
32 12 33 
33 86 34 
34 57 35 
35 58 36 
36 75 68 
37 98 38 81 
38 86 
39 88 41 64 
40 85 41 
41 84 
42 32 71 82 43 
43 95 52 49 
44 50 71 81 46 
45 77 48 46 59 
46 70 52 
47 65 48 51 55 
48 75 52 69 53 49 50 56 
49 69 54 
50 60 52 63 
51 96 52 71 
52 60 71 65 53 57 76 
53 83 74 59 54 63 56 55 
54 48 62 
55 61 58 
56 81 57 60 
57 68 72 
58 20 59 62 
59 76 62 63 60 
60 78 61 
61 59 62 63 
62 62 63 
63 81 
64 46 68 65 
65 97 70 
66 49 68 73 
67 82 68 84 71 
68 91 70 81 83 77 71 72 
69 93 71 70 
70 64 71 73 81 82 77 72 
71 71 74 76 72 
72 106 
73 86 74 
74 24 
75 56 78 77 
76 31 77 
77 89 
78 66 80 
79 40 80 
80 36 
81 97 
82 73 83 
83 77 
84 68 85 
85 97 
