name weight children
0 111 2 56 17 
1 174 2 56 55 18 13 
2 245 55 75 51 5 11 9 6 61 57 60 4 53 59 56 22 10 3 20 21 19 
3 76 57 22 16 
4 120 55 12 
5 142 55 22 
6 141 72 7 
7 158 22 8 
8 90 24 33 
9 144 62 21 
10 92 61 22 
11 136 52 23 
12 119 22 13 
13 108 22 14 24 37 
14 130 22 24 35 
15 77 35 24 34 
16 123 22 24 35 
17 185 22 24 29 
18 123 22 24 35 
19 154 22 24 36 
20 90 22 35 
21 177 22 24 23 
22 208 51 23 24 
23 116 24 34 
24 171 35 32 31 
25 158 29 35 30 48 
26 141 29 31 30 44 
27 128 29 34 30 49 
28 103 29 35 30 50 
29 174 35 30 33 37 34 
30 177 32 36 49 45 50 47 
31 144 35 
32 122 35 
33 131 35 49 
34 133 35 
35 272 36 37 
36 132 
37 129 45 
38 68 40 39 
39 175 43 40 41 
40 171 42 49 
41 143 42 47 43 
42 177 50 48 43 46 
43 159 44 
44 143 49 50 
45 91 46 
46 70 49 50 
47 152 49 50 
48 100 49 
49 177 50 
50 179 
51 132 55 65 
52 96 55 63 
53 125 55 64 68 
54 88 64 98 55 
55 239 65 56 62 72 61 57 59 60 66 67 
56 190 71 73 68 
57 133 74 
58 68 64 93 65 59 
59 94 
60 125 63 
61 173 100 82 62 69 
62 176 64 65 
63 158 64 78 87 65 
64 163 100 92 65 75 68 70 73 72 69 74 66 67 79 99 96 
65 164 80 75 68 71 73 72 69 74 66 67 
66 76 83 
67 160 88 
68 179 100 
69 129 95 
70 74 94 71 
71 63 
72 168 90 
73 125 85 
74 143 97 
75 157 89 
76 96 101 157 77 
77 46 101 78 
78 89 100 
79 148 101 176 100 
80 144 101 81 100 
81 97 101 177 
82 132 101 157 
83 66 101 84 100 
84 85 101 154 
85 213 101 175 100 
86 176 101 158 87 
87 164 101 158 88 100 
88 142 101 100 
89 152 101 170 100 
90 169 101 91 100 
91 88 101 155 
92 109 101 156 
93 176 101 155 100 
94 159 101 164 100 
95 151 101 153 100 
96 129 101 162 100 
97 177 101 173 100 
98 104 101 171 100 
99 158 101 158 100 
100 207 101 163 
101 230 157 153 161 159 156 
102 119 113 150 179 
103 121 113 127 199 
104 80 113 129 189 
105 116 113 138 190 
106 158 113 140 189 
107 263 113 130 143 192 182 
108 162 113 139 152 187 191 
109 117 113 137 181 
110 173 113 141 136 185 194 
111 154 113 134 132 189 197 
112 151 113 145 146 180 202 
113 234 139 394 117 122 165 118 120 125 123 124 126 119 131 137 189 121 185 186 
114 83 393 381 116 
115 175 139 116 119 
116 95 394 
117 126 135 188 
118 158 142 190 
119 133 195 
120 45 151 121 
121 85 190 
122 107 138 193 
123 124 149 200 
124 113 147 201 
125 110 148 188 
126 178 133 189 
127 155 139 407 
128 91 393 362 129 
129 146 394 139 
130 141 139 403 
131 127 139 393 
132 187 393 365 139 385 
133 117 139 386 
134 161 139 392 
135 183 394 387 139 388 
136 140 139 384 
137 212 394 392 139 389 
138 189 139 391 395 
139 272 394 140 145 166 142 146 150 141 151 148 149 147 152 143 382 405 
140 116 390 
141 112 407 
142 140 398 
143 126 390 
144 109 393 369 394 145 
145 150 
146 145 394 
147 99 394 
148 135 406 
149 108 385 
150 104 383 
151 99 391 
152 176 401 
153 143 158 187 199 157 
154 128 158 196 157 
155 162 158 201 183 157 
156 144 158 180 187 157 
157 200 158 186 179 200 161 163 177 171 170 176 162 159 164 175 173 
158 198 187 189 160 163 177 171 170 176 162 159 164 174 173 203 198 196 
159 149 185 
160 89 178 161 
161 94 
162 147 183 
163 144 181 
164 161 184 
165 185 166 168 
166 121 167 
167 152 393 378 394 
168 136 189 169 
169 81 187 170 
170 166 
171 190 187 193 
172 95 187 191 173 
173 132 
174 73 188 175 
175 96 
176 121 187 
177 138 186 
178 99 187 190 
179 115 189 187 
180 132 189 187 
181 182 189 187 
182 103 189 183 
183 156 189 192 187 
184 72 187 190 
185 198 189 186 187 
186 171 189 187 
187 189 189 203 188 200 201 199 198 196 190 
188 196 189 
189 195 190 193 202 192 200 201 199 191 197 195 194 
190 198 
191 141 
192 98 
193 164 
194 132 196 
195 146 196 
196 104 
197 111 198 
198 50 
199 177 
200 134 
201 151 
202 109 203 
203 100 
204 139 239 207 266 
205 124 243 206 
206 146 239 255 
207 121 243 
208 107 243 209 
209 131 239 263 
210 148 239 211 266 
211 126 243 212 
212 159 243 239 259 
213 113 239 215 262 
214 61 215 
215 79 243 
216 131 243 219 
217 93 243 218 
218 116 239 261 
219 118 239 267 
220 143 239 221 280 
221 79 243 
222 219 243 239 256 
223 155 243 224 
224 125 239 274 
225 141 243 239 226 
226 97 239 278 
227 106 239 228 262 
228 178 243 
229 141 243 239 262 
230 130 239 244 263 
231 111 239 248 258 
232 176 239 243 263 
233 137 239 242 304 
234 98 239 243 257 
235 137 239 243 291 
236 134 239 243 277 
237 188 239 247 246 279 305 
238 185 239 254 247 276 271 
239 238 243 275 269 294 300 241 302 240 288 285 281 290 253 298 245 250 244 262 268 283 264 260 265 
240 173 251 244 270 273 
241 156 252 254 262 259 
242 95 243 
243 268 245 275 269 294 247 299 254 250 252 302 251 246 244 287 285 282 289 253 296 248 
244 205 
245 100 
246 148 
247 223 
248 87 
249 95 250 
250 93 
251 157 
252 110 
253 168 264 
254 235 
255 103 262 307 
256 139 262 311 321 
257 146 262 319 
258 123 262 314 
259 152 262 311 309 
260 118 262 306 
261 97 262 311 
262 214 275 263 268 278 277 295 279 304 300 266 276 303 270 305 280 274 273 286 265 283 282 267 291 292 264 298 271 311 301 297 308 328 322 
263 224 310 399 
264 173 311 
265 100 330 
266 163 306 329 
267 169 311 309 
268 167 269 324 
269 118 
270 129 315 
271 125 272 
272 98 311 332 
273 159 311 312 
274 190 275 318 
275 129 
276 89 326 
277 139 308 
278 143 317 
279 155 307 
280 125 312 
281 117 282 
282 113 311 
283 139 285 323 
284 96 285 
285 114 
286 128 288 317 
287 100 288 
288 154 
289 151 290 
290 183 292 
291 187 311 327 
292 143 316 
293 96 311 295 320 
294 152 295 
295 184 
296 156 298 
297 118 298 311 325 
298 127 
299 132 300 
300 136 301 
301 95 313 
302 92 303 
303 104 313 
304 139 311 
305 190 311 320 
306 177 311 310 342 343 
307 178 311 310 333 336 
308 136 311 310 342 338 
309 139 311 310 353 344 
310 233 311 342 324 319 328 317 320 313 326 322 315 400 312 318 329 330 323 327 316 321 325 314 332 334 340 352 338 
311 227 324 319 328 317 313 326 322 315 399 312 318 329 330 323 316 314 356 
312 168 349 355 
313 143 335 343 
314 97 340 
315 85 348 
316 124 342 
317 216 342 349 
318 113 356 
319 139 337 
320 108 341 347 
321 78 345 
322 119 341 
323 166 354 
324 111 342 
325 50 331 
326 164 346 
327 120 342 368 
328 173 335 
329 157 350 
330 101 339 
331 148 342 377 
332 187 342 359 
333 84 342 361 
334 139 342 393 
335 124 342 364 367 
336 122 342 362 
337 96 342 361 
338 203 342 362 381 
339 127 342 357 
340 136 342 365 381 
341 156 342 357 368 
342 270 352 346 343 348 347 400 349 353 356 350 355 354 344 345 361 351 396 368 387 360 
343 139 363 372 
344 115 378 
345 108 379 
346 135 404 
347 147 366 
348 110 369 
349 192 378 361 
350 125 375 
351 55 352 358 
352 98 
353 143 361 
354 127 370 
355 176 356 373 380 
356 197 374 
357 160 361 393 391 
358 112 361 392 
359 130 361 384 
360 158 361 390 401 
361 195 393 364 365 387 362 367 404 363 368 372 369 366 397 378 374 375 373 370 380 379 381 377 371 376 398 407 
362 140 393 
363 76 388 
364 145 394 
365 156 
366 182 392 
367 111 382 
368 227 391 407 
369 165 
370 85 371 
371 100 406 
372 185 389 
373 108 383 
374 114 394 
375 120 402 
376 53 377 386 
377 99 
378 203 393 
379 113 390 
380 125 385 
381 209 385 
382 138 393 394 
383 78 393 394 
384 82 393 394 
385 152 393 394 
386 188 393 394 
387 130 393 
388 135 393 394 
389 133 393 394 
390 222 393 394 
391 155 393 394 
392 143 393 394 
393 186 394 405 395 398 402 407 406 401 
394 183 405 395 398 403 407 406 401 
395 152 397 
396 76 400 397 
397 155 
398 147 
399 75 400 
400 135 
401 129 
402 81 403 
403 73 
404 180 405 
405 94 
406 163 
407 230 
