name weight children
0 59 2 4 
1 63 3 6 2 
2 86 3 
3 85 5 8 4 
4 83 5 
5 92 8 7 6 9 
6 92 10 
7 260 19 22 8 10 9 21 17 18 
8 242 19 10 9 
9 104 13 
10 256 14 
11 83 25 37 12 
12 89 25 13 
13 32 19 
14 139 25 15 19 
15 102 39 35 25 
16 59 25 36 17 
17 151 25 19 
18 86 19 25 
19 197 25 39 21 24 23 
20 54 39 21 
21 71 25 
22 108 25 38 
23 53 25 37 
24 89 25 38 
25 214 39 36 
26 167 29 47 37 
27 197 29 47 46 39 
28 159 29 53 36 
29 305 47 50 32 31 30 34 45 54 46 39 35 38 36 
30 223 43 51 38 39 
31 194 42 50 39 37 
32 183 49 39 
33 67 47 52 34 
34 100 35 
35 164 39 
36 227 39 
37 262 39 
38 210 39 
39 375 
40 65 59 62 41 
41 77 48 47 42 
42 94 47 
43 102 47 44 
44 190 59 57 48 
45 248 48 66 47 
46 464 59 56 48 63 47 
47 335 48 59 50 49 54 51 53 52 
48 190 59 57 50 49 54 51 53 52 67 68 
49 192 59 57 
50 285 61 59 
51 185 60 
52 233 59 55 58 
53 208 59 57 
54 193 65 
55 23 57 75 
56 186 57 77 72 59 
57 306 79 87 59 67 61 66 64 62 65 60 68 58 74 76 81 71 
58 128 73 59 
59 290 69 78 67 61 66 63 65 60 68 
60 150 83 
61 123 78 
62 56 82 
63 50 64 
64 96 75 
65 155 79 
66 159 80 
67 313 97 113 79 
68 151 83 
69 98 79 98 
70 53 79 104 71 
71 21 79 
72 163 79 97 
73 141 79 97 
74 187 79 96 
75 248 79 113 88 
76 102 79 109 
77 200 79 103 96 
78 197 79 85 111 
79 226 97 93 80 82 81 83 95 
80 136 107 
81 166 97 102 
82 117 89 
83 235 100 98 
84 101 92 95 
85 119 97 86 
86 79 92 
87 170 97 112 
88 187 92 97 
89 272 92 97 
90 184 92 97 
91 103 92 96 
92 307 97 93 112 103 113 106 108 102 110 99 105 94 98 96 
93 155 97 
94 200 97 
95 112 97 
96 171 97 
97 318 98 103 113 107 109 102 111 101 104 100 
98 139 
99 46 101 
100 66 101 
101 33 
102 90 
103 229 
104 158 105 
105 96 
106 76 107 
107 84 
108 106 109 
109 147 
110 175 111 
111 108 
112 193 
113 475 
