name weight children
0 43 1 11 4 
1 291 11 2 4 5 3 
2 163 10 7 11 
3 60 4 5 
4 215 11 5 
5 352 
6 81 17 18 8 
7 544 8 17 15 10 9 
8 644 17 13 16 10 
9 56 10 11 
10 616 11 
11 524 
12 86 13 24 17 
13 498 21 23 17 14 18 16 20 22 19 
14 441 22 24 23 21 17 15 
15 59 17 
16 215 20 17 
17 556 21 
18 284 21 47 
19 149 21 45 
20 430 21 47 48 
21 417 47 46 23 22 24 44 43 
22 253 47 48 
23 226 46 48 
24 314 47 41 46 
25 178 35 34 40 
26 137 34 27 42 
27 187 35 
28 313 35 34 40 
29 463 35 34 42 43 
30 675 35 34 40 43 39 38 
31 302 35 34 39 
32 232 35 34 40 
33 598 35 34 40 
34 530 35 37 36 40 39 43 
35 501 37 36 40 
36 215 41 
37 624 40 39 
38 94 40 50 
39 515 40 50 49 46 
40 616 43 42 41 50 47 46 49 
41 231 50 
42 250 46 45 
43 559 50 44 49 47 
44 184 50 47 
45 252 50 47 
46 671 50 47 
47 464 50 48 49 
48 400 50 49 
49 307 50 
50 465 
