name weight children
0 80 10 68 1 
1 41 10 20 
2 121 10 88 19 
3 100 10 70 4 
4 77 20 43 
5 113 10 87 21 
6 124 10 84 16 
7 80 10 75 20 
8 73 10 78 11 
9 122 10 80 81 17 20 
10 136 88 71 85 76 20 13 15 
11 43 20 12 
12 90 21 43 
13 127 20 21 37 
14 87 21 15 42 
15 61 20 
16 98 20 21 41 
17 68 20 18 
18 98 21 40 
19 100 20 21 39 
20 127 21 44 
21 151 43 44 
22 127 24 30 23 
23 59 25 
24 93 28 31 26 29 25 
25 100 26 
26 81 27 
27 100 28 32 
28 78 31 36 29 30 
29 97 31 
30 95 31 
31 113 38 39 32 34 33 
32 71 38 
33 127 37 44 38 
34 64 38 35 
35 91 37 42 
36 118 37 40 38 
37 111 43 38 39 44 
38 114 41 
39 131 43 
40 81 43 
41 91 43 
42 81 43 
43 102 44 
44 87 
45 96 54 164 55 88 
46 147 54 165 55 80 
47 116 54 167 55 72 
48 72 55 49 85 
49 78 54 159 
50 68 54 169 90 
51 149 169 180 54 55 86 
52 105 54 162 55 79 
53 97 54 168 55 89 
54 141 169 166 55 58 63 60 59 66 175 62 90 77 
55 143 161 163 90 56 64 61 59 66 69 
56 74 58 73 
57 105 169 136 58 
58 65 
59 111 169 90 
60 97 169 173 61 
61 91 83 
62 69 169 170 
63 45 181 64 
64 62 82 
65 89 169 179 66 
66 120 67 
67 92 90 76 
68 114 89 69 88 
69 86 90 
70 97 88 90 
71 74 89 72 
72 81 90 
73 59 90 74 
74 96 89 75 
75 52 88 
76 130 89 88 
77 102 90 89 78 
78 79 88 
79 72 90 89 80 
80 111 90 81 88 
81 115 89 88 
82 86 90 88 
83 72 90 84 
84 133 89 88 
85 152 90 89 88 
86 81 90 89 87 
87 89 88 
88 144 90 89 
89 130 90 
90 140 
91 126 135 92 
92 129 126 140 
93 50 95 
94 136 126 95 152 
95 80 135 
96 51 97 
97 110 135 126 98 
98 86 126 156 
99 88 101 
100 48 126 101 142 
101 93 135 
102 95 135 103 
103 98 126 142 
104 67 105 
105 90 135 106 
106 177 126 154 
107 112 126 109 148 
108 84 109 
109 46 135 
110 97 135 112 
111 88 126 112 153 
112 64 126 
113 138 135 114 
114 115 126 142 
115 66 117 
116 62 126 117 141 
117 146 135 126 
118 99 132 
119 155 126 120 145 
120 84 135 
121 85 126 122 139 
122 84 135 123 126 
123 90 
124 102 126 134 137 
125 142 126 133 146 
126 233 135 131 127 129 171 177 132 130 134 142 147 176 144 143 
127 106 135 168 
128 79 129 
129 112 135 157 
130 151 135 
131 67 132 142 
132 97 135 
133 81 135 
134 166 135 
135 182 174 177 147 
136 79 142 137 
137 72 142 
138 91 142 176 163 
139 115 142 167 
140 117 142 169 
141 104 142 162 
142 148 168 145 144 157 146 143 152 156 153 148 172 150 154 169 158 151 149 170 155 160 180 
143 97 164 
144 118 161 
145 77 166 
146 167 168 
147 92 150 
148 94 149 
149 95 169 
150 93 179 
151 96 152 175 
152 54 
153 118 173 
154 71 155 
155 53 165 
156 132 181 
157 95 158 
158 89 169 
159 47 169 160 
160 97 169 
161 110 169 
162 63 169 
163 156 169 
164 121 169 
165 95 169 
166 68 169 
167 81 169 
168 155 169 
169 197 180 175 181 173 170 179 
170 63 172 
171 96 174 172 
172 86 
173 53 
174 84 
175 135 
176 95 177 
177 74 178 
178 72 
179 67 
180 55 
181 136 
