name weight children
0 120 3 36 7 17 
1 55 3 25 8 
2 59 3 31 9 
3 115 37 24 7 15 4 20 
4 49 33 6 
5 92 9 6 13 
6 45 7 
7 96 29 9 16 8 
8 74 9 13 
9 101 13 17 12 
10 76 13 18 11 
11 98 14 
12 80 13 14 
13 85 16 18 14 
14 89 
15 78 38 16 
16 91 
17 66 18 
18 95 
19 70 30 49 20 
20 138 35 37 
21 110 42 22 30 38 
22 100 43 71 
23 82 30 45 24 
24 57 35 
25 91 37 26 
26 63 35 27 
27 84 30 42 
28 116 30 51 35 29 
29 51 37 
30 73 42 46 35 37 32 56 41 34 
31 91 35 32 37 
32 85 40 
33 44 37 34 
34 89 35 
35 123 47 37 38 36 
36 52 37 
37 95 39 38 
38 112 
39 77 42 43 
40 90 43 54 42 
41 111 43 75 42 
42 107 43 59 47 45 51 56 49 
43 85 77 44 46 48 45 53 57 50 65 
44 58 78 
45 96 64 
46 77 73 
47 94 48 
48 97 62 
49 82 50 
50 44 68 
51 62 53 
52 157 78 77 53 
53 94 
54 47 77 55 
55 111 78 
56 81 57 
57 95 77 
58 76 78 59 
59 79 77 
60 79 77 
61 115 78 62 
62 64 77 
63 94 64 
64 80 78 77 
65 53 77 67 
66 24 67 
67 100 78 
68 87 77 69 
69 112 78 
70 58 72 
71 82 77 72 
72 83 78 
73 97 78 77 
74 65 78 75 
75 94 77 
76 81 78 77 
77 111 78 
78 112 
