name weight children
0 20 35 1 50 
1 96 35 2 
2 77 39 3 
3 20 
4 67 5 
5 117 39 35 6 
6 43 35 50 
7 124 39 8 
8 159 35 51 
9 199 39 35 72 
10 181 39 35 70 
11 43 12 
12 93 39 13 
13 86 35 57 
14 76 35 16 63 
15 83 16 
16 99 39 
17 95 19 
18 84 35 19 50 
19 46 39 
20 207 39 35 50 
21 249 39 35 61 
22 235 39 35 58 
23 253 39 35 55 
24 58 35 
25 123 39 26 
26 153 35 65 
27 159 39 35 54 
28 77 35 46 72 
29 140 35 40 71 
30 91 35 48 60 
31 96 35 43 51 
32 230 35 39 37 53 69 
33 149 35 38 45 67 64 
34 112 35 39 49 
35 283 39 47 36 42 41 50 61 71 
36 97 42 52 
37 113 39 
38 109 39 
39 245 42 47 43 40 46 41 45 48 
40 85 
41 87 
42 250 
43 82 44 
44 66 
45 165 
46 167 
47 261 50 
48 146 
49 10 50 90 
50 281 51 58 53 69 72 52 71 65 63 57 61 67 54 64 55 70 60 90 59 66 62 56 68 98 85 88 
51 213 92 73 
52 121 94 
53 106 86 
54 95 97 
55 74 87 
56 100 57 77 
57 55 
58 72 59 
59 95 90 
60 177 82 
61 304 84 90 
62 88 63 89 
63 56 
64 102 79 
65 99 66 
66 72 90 
67 92 68 
68 48 85 
69 127 99 
70 158 90 
71 256 83 90 
72 289 90 96 
73 88 90 75 
74 67 92 75 102 
75 10 92 
76 75 92 78 114 
77 55 90 78 
78 95 92 
79 37 90 81 
80 79 92 81 124 
81 51 92 
82 227 90 92 104 
83 182 90 92 119 
84 233 90 92 107 
85 303 90 92 103 125 
86 155 90 92 112 
87 132 90 92 109 
88 129 90 92 106 
89 101 90 92 105 
90 205 92 98 99 94 96 97 91 
91 126 92 125 116 
92 169 98 99 95 96 97 110 93 147 123 100 
93 99 95 110 
94 84 95 
95 30 
96 104 110 
97 194 108 
98 160 110 
99 191 110 
100 168 110 112 149 
101 96 112 102 138 
102 75 110 112 
103 126 110 112 136 
104 82 110 112 
105 155 110 112 142 
106 171 110 112 131 
107 81 110 111 
108 151 110 112 139 
109 65 110 112 
110 170 112 125 119 147 114 124 116 123 111 
111 193 112 135 138 
112 226 125 120 147 115 124 117 123 136 121 113 118 122 127 145 134 
113 62 115 136 
114 36 115 
115 81 
116 91 117 
117 97 118 
118 74 150 
119 65 120 
120 45 121 
121 91 133 
122 100 123 132 
123 155 
124 257 136 
125 314 135 137 
126 65 128 135 182 
127 140 136 128 134 185 
128 226 135 176 148 131 141 129 130 140 144 150 149 138 136 132 186 177 
129 95 136 177 
130 81 137 180 
131 169 136 135 175 
132 112 136 135 
133 142 136 135 176 
134 108 136 135 
135 153 136 148 143 138 137 140 146 150 149 
136 160 148 142 138 137 139 145 150 149 
137 97 
138 210 
139 33 140 
140 94 178 
141 97 143 184 
142 76 143 
143 40 
144 58 146 179 
145 38 146 
146 66 
147 248 148 
148 152 176 
149 258 176 
150 153 176 
151 105 156 166 155 157 
152 97 156 163 153 
153 72 155 159 
154 53 156 166 155 160 
155 131 156 166 159 158 
156 115 166 165 159 162 
157 97 159 160 
158 86 159 161 
159 131 164 160 161 
160 181 161 
161 195 
162 115 167 169 166 
163 133 167 173 166 
164 145 167 170 166 
165 50 167 174 
166 204 167 172 
167 208 171 200 168 
168 147 171 200 
169 139 171 200 
170 125 171 200 
171 256 200 191 172 174 173 195 199 
172 87 199 
173 129 198 
174 142 200 
175 29 176 191 
176 228 182 184 177 186 180 178 179 185 191 181 187 188 189 
177 189 191 
178 88 190 
179 105 193 
180 122 191 
181 87 182 191 
182 100 
183 100 191 184 200 
184 103 
185 154 197 
186 306 192 194 
187 124 191 199 
188 107 191 199 
189 106 191 200 
190 99 191 200 
191 241 192 194 193 197 200 196 198 
192 114 200 
193 124 200 
194 80 196 
195 27 200 196 
196 54 
197 91 198 
198 115 200 
199 152 200 
200 311 
