name weight children
0 59 13 56 1 
1 71 13 131 
2 40 13 77 3 
3 41 13 129 
4 109 42 5 13 127 
5 70 42 
6 118 13 43 130 
7 114 42 13 
8 331 13 53 69 126 107 
9 66 13 76 10 
10 70 13 131 
11 76 13 67 121 
12 170 13 57 48 109 131 
13 311 42 30 17 25 36 28 35 39 27 18 20 26 38 15 16 62 75 66 64 43 131 29 154 19 14 126 148 101 130 
14 71 15 136 
15 60 72 
16 107 42 147 
17 177 49 125 
18 219 47 45 135 133 
19 92 20 136 
20 17 22 
21 65 23 
22 25 42 23 
23 57 42 
24 93 42 25 
25 100 42 126 
26 246 42 124 
27 127 78 151 
28 225 46 55 119 130 
29 86 30 141 
30 76 32 
31 95 33 
32 96 42 33 
33 55 42 
34 129 42 35 
35 109 153 
36 168 59 122 
37 123 42 38 
38 131 42 134 
39 103 42 40 154 
40 29 
41 33 42 
42 313 63 56 50 60 43 46 57 75 78 47 45 66 52 55 64 77 67 48 70 73 76 51 62 49 59 53 69 72 131 
43 187 
44 73 45 
45 87 
46 128 
47 94 
48 140 
49 99 50 
50 100 
51 81 
52 89 53 
53 98 
54 91 55 
55 97 
56 193 
57 156 58 
58 93 
59 81 60 
60 141 
61 28 63 
62 67 63 
63 81 
64 47 65 
65 93 
66 115 
67 124 68 
68 69 
69 88 70 
70 125 
71 94 73 
72 91 73 
73 83 
74 86 75 
75 134 
76 191 
77 206 
78 190 
79 99 82 91 297 
80 133 82 94 92 294 295 
81 125 92 140 82 277 
82 179 92 294 114 83 85 116 115 86 272 104 84 111 105 281 300 279 304 97 91 90 96 269 290 302 284 295 
83 85 95 285 
84 157 144 120 92 293 
85 122 92 153 294 
86 74 87 267 
87 95 92 144 
88 72 92 138 89 
89 19 92 281 
90 67 92 137 
91 223 92 144 145 142 294 
92 311 144 125 93 113 95 116 97 115 100 103 112 96 106 99 117 141 108 149 94 104 111 105 98 304 
93 38 145 94 
94 99 
95 70 145 
96 211 144 145 
97 122 152 
98 68 99 300 
99 52 146 
100 134 144 102 272 
101 79 131 102 
102 71 131 
103 50 144 104 
104 89 291 
105 83 106 303 
106 72 144 107 
107 88 131 
108 95 131 109 144 
109 66 131 
110 71 144 124 112 
111 148 112 287 
112 70 
113 143 138 114 
114 83 289 
115 209 143 294 
116 211 144 283 
117 160 139 279 
118 77 131 119 138 
119 33 131 
120 73 131 121 
121 74 131 
122 97 131 123 
123 51 131 140 
124 119 131 
125 183 131 
126 317 131 141 145 137 
127 69 131 128 
128 37 131 144 
129 32 131 144 
130 259 131 145 144 
131 261 141 153 155 151 135 136 133 148 134 147 144 152 132 150 146 139 
132 73 133 143 
133 85 
134 72 145 
135 127 145 
136 250 142 138 
137 87 144 
138 96 144 
139 94 144 
140 80 144 
141 126 144 
142 57 144 
143 64 144 
144 295 145 153 152 149 146 155 
145 180 
146 114 147 
147 88 
148 83 150 
149 83 150 
150 90 
151 87 152 
152 82 
153 205 
154 98 155 
155 161 
156 86 158 165 161 
157 10 158 168 160 
158 28 164 167 159 
159 53 164 161 160 
160 17 161 
161 82 
162 86 189 175 164 
163 43 164 189 
164 253 189 167 165 170 188 169 168 
165 145 189 
166 31 189 186 167 
167 121 
168 99 169 
169 97 170 
170 12 189 
171 98 179 172 187 
172 33 179 193 
173 170 179 196 184 
174 147 179 194 185 
175 289 179 192 184 
176 82 179 177 184 
177 16 179 191 
178 150 179 193 181 
179 380 193 221 183 180 190 195 184 
180 234 193 192 185 
181 42 184 182 
182 96 184 189 
183 42 198 184 
184 418 187 185 189 188 
185 311 188 186 189 
186 75 189 
187 58 189 
188 193 189 
189 375 
190 96 193 203 
191 72 193 205 
192 169 193 207 203 
193 285 202 211 198 196 194 195 201 206 199 
194 83 202 
195 87 202 
196 54 208 
197 146 202 216 198 
198 72 
199 72 202 200 
200 18 202 227 
201 121 202 224 
202 255 213 215 221 204 203 207 206 208 212 217 220 205 
203 164 213 218 
204 49 214 205 
205 64 
206 139 225 
207 126 213 
208 132 210 
209 66 213 244 210 
210 69 213 
211 96 213 236 
212 122 213 230 
213 270 236 235 215 222 223 216 214 217 225 220 218 227 219 224 
214 124 246 
215 63 233 
216 106 236 
217 128 229 
218 98 231 
219 99 236 238 
220 73 242 
221 137 222 
222 165 236 
223 95 240 224 
224 58 
225 155 245 
226 81 236 237 227 
227 124 
228 48 236 256 229 
229 49 236 
230 139 236 258 
231 158 236 248 
232 28 236 260 233 
233 90 236 
234 18 261 289 236 
235 226 236 254 261 251 
236 326 261 238 240 246 245 244 243 237 256 262 265 266 260 242 
237 82 252 
238 42 255 
239 91 289 268 241 
240 76 261 241 
241 100 261 
242 45 243 
243 76 259 
244 189 249 
245 156 261 
246 101 264 
247 93 261 298 248 
248 37 261 
249 97 261 288 
250 50 261 305 251 
251 78 261 
252 95 261 253 
253 87 261 278 
254 137 261 270 
255 158 261 290 
256 246 261 283 289 
257 67 261 289 258 
258 63 261 
259 106 261 282 
260 205 261 296 284 
261 233 289 295 263 265 266 264 285 286 303 262 
262 89 263 
263 73 276 
264 125 289 
265 119 301 
266 120 273 
267 52 294 268 
268 65 294 
269 95 294 271 
270 25 289 271 
271 93 294 
272 100 274 
273 51 289 275 
274 92 294 275 
275 93 294 
276 68 289 277 
277 42 294 
278 85 289 280 
279 135 294 280 
280 96 294 
281 123 294 282 
282 96 294 289 
283 242 294 289 
284 140 294 289 
285 241 294 289 
286 56 289 287 
287 109 294 
288 77 289 295 
289 248 294 290 296 301 303 298 305 292 293 
290 166 294 
291 31 294 292 
292 71 294 
293 88 294 
294 300 295 297 302 303 299 304 301 298 305 
295 224 
296 72 297 
297 137 
298 120 299 
299 82 300 
300 80 
301 127 302 
302 87 
303 226 
304 117 305 
305 159 
