name weight children
0 100 1 19 4 
1 650 19 20 3 2 23 21 4 9 5 
2 493 19 21 22 5 4 
3 199 19 16 4 
4 545 9 5 10 11 
5 404 10 
6 59 7 8 
7 241 8 11 
8 260 11 
9 47 10 
10 616 11 
11 671 
12 47 13 25 20 
13 670 25 32 24 16 17 14 15 29 26 20 19 23 
14 500 26 25 27 20 22 
15 151 25 28 21 
16 319 29 26 20 
17 497 25 27 28 23 20 18 
18 75 20 19 
19 597 20 23 21 22 
20 580 23 21 22 
21 301 
22 252 
23 438 
24 44 25 32 
25 626 34 27 29 26 28 30 32 35 
26 495 34 31 32 
27 304 34 37 33 
28 200 35 34 
29 405 32 31 34 
30 98 34 47 
31 238 34 48 42 
32 702 34 48 46 47 41 
33 100 34 40 
34 675 48 46 35 39 44 47 45 43 38 
35 535 40 36 48 38 
36 187 45 48 
37 363 45 48 
38 282 45 48 
39 198 45 48 
40 504 45 48 
41 463 45 48 
42 253 45 48 
43 357 45 48 47 
44 456 45 48 
45 525 48 46 47 
46 384 48 
47 402 48 
48 510 
