name weight children
0 64 7 19 1 51 
1 86 7 57 133 16 29 3 127 5 65 44 18 61 91 142 2 85 180 174 163 20 14 169 138 76 73 25 89 15 39 69 80 83 148 33 35 64 58 22 11 42 26 8 9 52 55 
2 83 7 131 158 
3 44 10 57 
4 101 7 5 
5 77 108 
6 30 8 
7 100 32 132 17 31 10 122 66 45 8 18 62 91 144 86 181 174 161 20 13 167 138 75 74 24 89 15 38 68 79 83 149 34 35 64 9 59 21 11 41 28 
8 92 
9 54 
10 55 
11 121 56 
12 92 13 
13 52 14 
14 29 70 
15 137 56 
16 43 17 46 
17 109 
18 71 54 
19 85 
20 82 166 
21 104 22 
22 65 92 
23 63 24 
24 84 25 
25 88 52 
26 42 28 48 
27 69 28 
28 92 
29 69 31 47 
30 75 31 
31 24 
32 123 57 
33 100 34 50 
34 85 
35 59 36 71 
36 95 
37 100 57 39 114 
38 122 39 
39 62 
40 97 41 
41 29 42 
42 66 53 
43 32 45 
44 51 45 49 
45 90 
46 67 57 101 
47 77 57 103 
48 63 57 64 185 100 
49 83 57 99 
50 38 57 69 128 109 
51 86 57 98 
52 77 57 94 119 
53 47 57 152 
54 93 57 104 
55 62 57 130 
56 92 57 156 102 
57 93 101 126 108 65 61 90 140 158 84 180 175 162 166 70 171 137 77 88 80 82 145 71 92 58 112 135 
58 52 59 
59 82 60 
60 21 
61 70 62 102 
62 84 63 
63 54 
64 66 67 
65 91 66 97 
66 108 
67 67 
68 89 69 
69 97 
70 86 73 183 178 
71 90 110 
72 50 74 
73 59 74 
74 87 
75 94 76 
76 75 77 
77 95 160 
78 80 79 
79 31 80 
80 126 115 
81 60 83 
82 82 83 116 
83 111 
84 60 85 123 
85 31 86 
86 74 
87 65 89 
88 87 89 153 
89 75 
90 31 91 95 
91 108 93 
92 68 118 
93 91 
94 105 101 98 347 
95 62 101 96 
96 71 98 325 
97 77 101 98 327 
98 71 101 328 103 113 125 106 99 104 102 139 158 123 179 173 164 165 183 170 136 159 177 120 155 157 114 128 115 116 147 111 110 184 129 134 117 105 151 100 
99 101 101 335 
100 37 101 345 
101 103 133 103 112 125 107 104 102 141 158 123 180 175 162 166 183 172 136 160 178 119 153 156 114 128 115 116 146 109 110 185 130 135 118 152 328 
102 116 105 325 
103 111 329 
104 99 330 
105 20 370 
106 95 107 332 
107 96 108 
108 52 
109 40 111 
110 83 350 
111 46 352 
112 97 113 
113 73 291 
114 80 360 
115 80 328 
116 64 359 
117 62 118 365 
118 81 
119 81 120 
120 75 121 
121 95 328 323 
122 71 124 127 
123 96 343 
124 87 
125 86 126 369 
126 100 127 
127 31 
128 107 328 224 
129 48 130 356 
130 57 
131 52 
132 59 133 
133 96 
134 96 135 340 
135 80 
136 51 137 349 
137 95 138 
138 107 
139 94 141 342 
140 100 142 141 
141 27 
142 49 144 
143 87 144 
144 98 
145 73 148 146 
146 58 147 
147 94 366 
148 88 149 
149 71 150 
150 98 
151 52 152 357 
152 79 
153 53 155 
154 87 328 155 198 
155 92 
156 93 157 
157 90 337 
158 109 334 
159 65 160 351 
160 79 
161 96 163 
162 109 163 164 
163 60 
164 57 354 
165 91 166 331 
166 71 
167 50 168 169 
168 25 
169 81 171 
170 63 172 362 
171 59 172 
172 81 
173 67 175 368 
174 54 176 175 
175 84 
176 98 
177 44 178 329 
178 83 
179 89 180 316 
180 85 181 
181 65 182 
182 45 
183 93 339 
184 92 185 336 
185 93 
186 75 218 247 187 
187 77 423 188 
188 86 418 377 
189 53 423 190 437 
190 53 218 251 
191 85 218 261 438 
192 74 218 267 426 
193 34 218 249 416 
194 106 218 242 423 394 
195 87 218 243 244 418 419 
196 83 423 197 434 
197 47 218 260 
198 73 329 199 
199 97 296 200 
200 26 295 202 
201 86 218 203 450 
202 73 251 203 
203 55 250 
204 77 418 205 380 
205 70 423 206 
206 97 218 246 
207 51 218 258 423 
208 80 218 264 423 
209 66 218 250 417 
210 62 218 274 441 
211 32 218 240 432 
212 131 218 252 423 418 
213 71 218 275 459 
214 56 218 272 460 
215 94 218 249 428 
216 33 218 239 436 
217 34 218 235 446 
218 144 250 234 423 228 233 227 225 219 231 220 221 268 257 420 442 
219 73 266 451 
220 83 256 447 
221 96 253 449 
222 79 251 223 226 
223 60 296 224 295 
224 66 329 
225 70 270 453 
226 77 250 227 
227 66 455 
228 99 229 425 
229 94 250 230 
230 36 251 280 
231 63 277 443 
232 90 423 233 418 
233 90 254 
234 25 251 284 
235 89 250 236 
236 72 251 292 
237 126 251 288 250 423 
238 64 251 310 239 
239 99 250 
240 108 251 279 250 
241 87 251 299 242 
242 89 250 
243 104 251 300 250 
244 40 250 245 
245 39 251 295 
246 87 251 315 250 
247 116 251 286 250 
248 52 251 317 
249 90 251 297 313 250 
250 86 251 290 252 275 254 258 261 264 274 268 267 272 270 266 260 277 256 257 253 
251 88 295 296 252 276 254 259 261 263 273 269 265 272 270 266 262 278 256 255 253 306 
252 86 321 
253 101 301 
254 89 311 
255 46 294 257 
256 92 305 
257 40 
258 55 259 
259 74 318 
260 57 262 
261 129 295 
262 84 307 
263 77 304 264 
264 67 
265 95 303 267 
266 103 282 
267 58 
268 84 269 
269 66 322 
270 104 319 
271 82 295 296 272 
272 43 
273 76 324 274 
274 100 
275 62 276 
276 89 293 
277 90 278 
278 68 285 
279 82 296 341 295 
280 73 295 281 
281 74 296 367 
282 65 296 350 295 
283 79 296 335 284 
284 49 295 
285 74 296 340 295 
286 68 295 287 
287 43 296 334 
288 84 296 346 295 
289 97 296 326 290 
290 96 295 
291 95 328 296 
292 31 296 353 295 
293 82 296 331 295 
294 71 296 370 295 
295 80 296 369 351 300 299 297 315 321 311 313 318 304 324 322 303 319 306 307 310 305 301 317 
296 81 329 300 298 297 315 320 311 312 318 304 323 322 303 319 306 308 309 305 302 317 333 325 
297 84 344 
298 84 325 299 
299 37 
300 81 330 
301 77 302 
302 86 358 
303 81 361 
304 75 329 
305 108 364 
306 101 366 
307 69 308 
308 54 336 
309 59 356 310 
310 75 
311 98 338 
312 94 363 313 
313 51 
314 71 329 316 315 
315 105 
316 48 328 
317 56 345 
318 123 348 
319 43 359 
320 78 355 321 
321 76 
322 90 337 
323 106 329 324 
324 72 
325 87 328 329 
326 57 329 327 
327 65 328 
328 75 329 369 332 335 347 330 342 334 343 368 354 331 339 362 349 351 337 360 359 366 352 350 336 356 340 365 370 357 345 
329 78 369 333 335 346 330 341 334 344 367 355 331 338 363 348 351 337 361 359 366 353 350 336 356 340 364 370 358 345 
330 71 
331 86 
332 36 333 
333 84 
334 88 
335 76 
336 62 
337 104 
338 74 339 
339 93 
340 61 
341 86 342 
342 29 
343 43 344 
344 81 
345 135 
346 62 347 
347 93 
348 77 349 
349 20 
350 128 
351 104 
352 81 353 
353 45 
354 57 355 
355 79 
356 143 
357 54 358 
358 100 
359 105 
360 80 361 
361 26 
362 90 363 
363 97 
364 83 365 
365 15 
366 117 
367 69 368 
368 83 
369 89 
370 107 
371 68 394 448 393 372 
372 56 464 373 
373 99 470 526 
374 79 393 375 462 
375 89 394 439 
376 92 394 418 393 481 
377 79 394 378 
378 92 393 470 
379 85 393 380 468 
380 99 394 
381 51 393 382 483 
382 73 394 418 
383 60 394 440 393 482 
384 72 394 437 385 
385 54 393 503 
386 85 394 425 387 
387 48 393 469 
388 101 394 445 393 501 
389 115 394 416 393 463 
390 75 394 424 391 
391 31 393 466 
392 89 394 453 393 489 
393 83 394 419 450 464 456 429 396 408 406 407 403 401 395 414 411 400 398 413 472 
394 84 418 431 457 430 397 409 404 407 402 401 395 415 412 399 398 413 
395 96 452 502 
396 43 397 464 
397 91 422 
398 93 447 465 
399 39 444 400 
400 99 493 
401 117 417 497 
402 93 461 403 
403 62 478 
404 34 427 406 
405 44 464 406 475 
406 98 
407 164 454 495 
408 83 409 505 
409 86 421 
410 48 464 411 477 
411 59 412 
412 44 435 
413 101 442 486 
414 99 415 492 
415 71 434 
416 81 423 418 
417 52 423 418 
418 96 423 419 433 425 458 428 424 439 422 440 450 421 427 454 461 453 445 452 434 435 444 447 442 448 437 
419 92 423 
420 93 423 421 
421 17 
422 72 423 
423 102 432 425 459 428 438 441 450 426 455 460 453 446 451 436 443 447 442 449 424 
424 60 
425 98 
426 71 427 
427 32 
428 90 430 
429 41 430 467 
430 89 
431 69 433 464 
432 54 433 
433 74 
434 63 
435 75 436 
436 95 
437 70 
438 97 439 
439 47 
440 50 441 
441 100 
442 90 
443 92 444 
444 78 
445 100 446 
446 96 
447 100 
448 82 449 
449 83 
450 108 
451 12 452 
452 93 
453 129 
454 91 455 
455 17 
456 92 457 471 
457 95 458 
458 90 459 
459 82 
460 87 461 
461 27 
462 92 464 470 512 
463 37 464 513 
464 117 470 468 469 483 471 481 467 466 482 472 505 495 478 489 497 501 502 492 493 465 486 503 473 
465 34 470 513 
466 113 470 507 
467 60 470 521 
468 57 470 515 
469 52 470 531 
470 96 513 483 471 481 473 482 472 506 475 494 479 489 497 500 502 491 477 493 487 504 
471 111 528 
472 56 508 
473 83 550 
474 86 515 476 532 631 
475 88 476 
476 81 513 
477 68 515 
478 66 479 
479 85 517 
480 27 513 481 546 
481 109 
482 106 510 
483 101 484 
484 87 513 515 617 
485 89 513 487 552 
486 12 487 
487 65 
488 80 515 490 532 613 
489 123 490 
490 47 513 
491 98 492 525 
492 78 
493 106 527 
494 75 495 513 
495 83 
496 63 617 498 499 
497 68 513 498 
498 54 515 532 
499 82 620 634 
500 89 501 547 
501 56 
502 101 523 
503 87 504 
504 43 516 
505 91 506 
506 93 542 
507 106 513 515 535 
508 63 513 509 
509 76 515 533 
510 95 513 515 535 
511 40 515 512 532 
512 52 513 
513 79 515 531 528 521 550 542 517 547 523 525 527 526 516 514 518 
514 55 515 530 
515 119 532 529 546 520 551 543 517 549 522 526 527 518 552 524 516 541 536 
516 90 
517 90 553 
518 67 539 
519 92 532 520 608 
520 18 521 
521 100 
522 75 523 533 
523 49 
524 70 526 537 
525 43 526 
526 89 540 
527 117 532 
528 72 529 
529 99 534 
530 19 532 602 
531 26 532 
532 180 617 534 545 535 551 533 544 553 548 540 541 539 552 537 536 611 619 
533 77 644 621 
534 50 620 
535 76 612 617 
536 77 607 
537 76 538 
538 72 617 640 
539 71 614 
540 73 622 
541 80 605 
542 55 543 
543 85 544 
544 94 643 
545 91 546 624 
546 91 
547 55 549 
548 90 549 635 
549 59 
550 83 551 
551 63 606 
552 100 615 
553 74 616 
554 76 579 555 561 556 559 557 573 565 569 590 567 563 558 571 575 576 580 593 582 560 562 
555 67 586 625 
556 82 588 579 726 732 
557 84 581 561 720 
558 44 594 561 
559 94 580 561 726 
560 71 561 723 
561 77 566 726 562 573 564 569 738 732 568 563 570 575 577 727 718 
562 76 724 
563 101 597 722 
564 80 565 734 
565 41 599 
566 84 579 604 
567 62 601 568 
568 30 725 
569 96 585 726 
570 82 571 728 
571 85 596 
572 21 586 624 574 
573 62 574 728 
574 81 579 
575 81 578 717 
576 87 583 577 
577 99 730 
578 44 586 639 579 
579 87 586 626 588 580 581 593 582 599 585 592 601 597 594 596 583 584 
580 118 587 586 
581 98 586 630 
582 43 589 
583 72 586 
584 51 586 625 
585 55 586 636 
586 113 624 609 604 588 587 593 589 634 591 600 597 595 598 641 627 
587 78 645 
588 111 626 
589 50 629 
590 23 592 738 
591 66 632 592 
592 57 
593 158 626 
594 82 595 
595 84 633 
596 62 598 
597 83 628 
598 42 638 
599 29 634 
600 100 627 601 
601 70 
602 61 617 603 
603 70 620 626 
604 94 624 606 
605 31 617 620 627 
606 152 617 620 
607 53 617 620 627 
608 81 617 609 
609 90 620 
610 93 620 611 625 
611 72 617 
612 120 617 620 626 
613 68 617 620 624 
614 49 617 618 
615 54 617 620 638 
616 61 617 620 629 
617 126 620 624 644 643 631 635 621 622 619 
618 46 620 633 
619 107 620 628 
620 118 624 646 642 630 637 621 623 640 626 
621 115 632 
622 73 623 
623 19 625 
624 95 626 625 645 641 630 629 634 636 632 627 628 633 638 639 
625 80 
626 95 
627 82 
628 76 
629 93 
630 100 631 
631 97 
632 71 
633 31 
634 134 
635 36 637 
636 52 637 
637 89 
638 98 
639 62 640 
640 99 
641 61 642 
642 44 643 
643 99 
644 97 646 
645 78 646 
646 82 
647 28 659 673 649 
648 93 666 649 652 
649 98 659 
650 70 652 651 657 
651 92 665 666 
652 84 665 653 667 664 654 655 
653 70 665 654 657 
654 97 655 657 
655 67 656 
656 60 657 
657 100 
658 67 659 671 666 
659 67 672 682 676 663 679 661 689 674 666 662 669 660 
660 85 667 
661 90 672 666 
662 84 663 665 
663 53 675 
664 85 665 666 
665 64 666 667 668 
666 79 676 668 667 
667 107 
668 60 669 
669 62 679 
670 96 684 712 672 
671 56 672 685 
672 114 685 689 676 675 673 680 674 691 
673 96 687 
674 22 690 
675 75 684 
676 92 678 
677 68 684 731 678 
678 72 685 
679 87 680 
680 96 681 
681 84 684 716 685 
682 81 685 683 
683 44 713 702 684 
684 76 713 700 685 688 687 690 692 686 710 
685 97 713 689 687 690 691 686 
686 67 705 
687 95 695 
688 88 714 689 
689 42 
690 70 697 
691 72 692 
692 56 711 
693 71 701 721 694 
694 75 700 695 
695 31 713 
696 97 701 739 700 
697 61 713 698 
698 112 701 728 700 
699 82 701 717 700 711 
700 70 701 720 713 703 712 702 733 709 715 706 714 
701 91 727 726 713 704 736 702 733 708 737 707 724 
702 78 726 
703 88 704 713 
704 29 727 
705 21 713 706 
706 100 707 
707 85 729 
708 75 725 709 
709 79 710 
710 59 713 
711 69 713 
712 40 736 713 
713 140 723 714 731 716 
714 95 
715 37 737 716 
716 81 
717 78 726 727 
718 23 726 719 
719 77 727 737 
720 89 726 727 
721 70 727 722 
722 90 726 
723 114 726 727 
724 46 726 727 
725 109 726 727 
726 92 727 728 734 738 732 730 
727 88 735 739 732 728 729 
728 94 
729 61 730 
730 100 
731 52 733 
732 88 733 
733 65 
734 75 735 
735 80 736 
736 50 
737 85 
738 118 739 
739 94 
