name weight children
0 63 38 1 52 
1 88 
2 143 38 58 
3 113 38 4 
4 99 38 81 
5 90 6 
6 95 38 57 
7 124 38 60 
8 201 38 83 
9 152 38 63 
10 55 38 11 54 
11 107 38 
12 161 38 71 
13 119 38 14 82 
14 98 
15 114 38 67 
16 115 38 17 
17 68 38 79 
18 118 38 76 
19 125 38 49 
20 209 38 43 
21 83 38 22 69 
22 94 38 
23 135 38 24 82 
24 114 25 
25 117 38 44 
26 90 38 27 46 
27 93 38 
28 136 38 75 
29 147 38 82 
30 251 38 74 
31 152 38 82 
32 105 38 70 
33 135 38 78 
34 171 38 35 50 59 
35 155 38 
36 155 38 47 
37 196 38 79 77 
38 233 72 56 85 41 39 40 82 65 83 
39 143 82 
40 126 64 
41 167 62 
42 115 83 43 80 119 
43 36 82 
44 121 82 83 112 
45 94 80 46 124 
46 147 82 83 
47 125 82 83 48 
48 97 80 121 
49 163 82 83 80 122 
50 156 82 83 51 
51 63 80 121 
52 58 82 53 
53 96 83 108 
54 202 82 83 80 121 
55 101 82 56 83 95 
56 128 
57 117 82 83 80 117 
58 116 82 83 89 
59 102 82 83 80 93 
60 96 82 61 
61 111 83 80 145 
62 155 82 83 80 103 
63 104 82 83 80 64 99 102 
64 158 82 83 
65 152 82 83 80 115 
66 116 83 67 80 92 
67 76 82 
68 113 83 69 80 114 
69 96 82 
70 168 82 83 80 100 
71 178 82 83 80 98 
72 228 82 83 80 113 
73 67 83 74 80 116 
74 99 82 
75 134 82 83 80 121 
76 179 82 83 80 104 
77 162 82 83 80 96 
78 111 82 83 80 123 
79 173 82 83 80 122 
80 185 83 121 112 95 87 89 108 82 105 111 120 125 110 
81 99 82 83 121 
82 213 83 88 
83 218 87 
84 98 85 
85 94 88 
86 125 121 87 124 132 
87 81 88 
88 94 
89 171 121 90 
90 152 121 124 133 
91 72 121 92 124 158 
92 94 121 
93 165 121 124 166 
94 102 121 95 124 144 
95 126 121 
96 58 121 107 
97 113 121 98 124 155 
98 74 121 
99 119 121 124 150 
100 96 121 101 
101 109 121 124 140 
102 106 121 124 142 
103 130 121 124 157 
104 206 121 124 163 
105 95 121 106 
106 95 124 165 
107 96 121 109 
108 151 121 109 
109 148 124 154 136 
110 109 121 124 149 
111 122 121 124 126 
112 149 121 156 
113 146 121 124 157 
114 213 121 124 134 
115 156 121 124 152 
116 160 121 124 168 
117 185 121 124 167 
118 123 121 119 124 157 
119 86 121 
120 121 121 124 
121 232 124 122 145 125 123 128 
122 181 124 156 
123 105 124 160 
124 260 156 145 125 128 153 141 
125 167 147 
126 152 156 157 127 
127 86 153 197 
128 74 129 
129 122 156 157 130 
130 83 153 192 
131 70 153 132 201 
132 147 156 157 
133 136 156 157 153 208 
134 120 156 157 135 
135 72 153 193 
136 94 156 157 137 
137 116 153 210 192 
138 100 153 139 197 
139 99 157 140 
140 46 156 
141 189 156 157 153 202 
142 135 156 157 143 
143 54 153 200 
144 196 156 157 153 196 
145 197 146 
146 165 156 157 153 210 
147 192 156 157 153 208 
148 95 153 156 209 
149 160 156 157 153 210 
150 113 156 157 151 
151 82 153 205 
152 148 156 157 153 207 
153 183 156 157 210 164 163 159 168 166 167 154 162 155 204 199 190 
154 123 156 157 203 
155 125 156 157 
156 210 157 165 163 158 168 166 167 160 
157 218 164 163 159 168 166 167 161 210 
158 81 159 
159 109 190 
160 92 161 
161 89 162 
162 70 194 
163 155 195 
164 132 165 207 
165 92 
166 182 209 
167 169 168 
168 220 210 206 198 
169 142 188 209 189 229 
170 115 188 208 192 189 227 
171 132 188 191 189 216 
172 107 188 196 195 228 173 
173 84 189 227 
174 84 188 197 189 217 
175 106 188 209 189 213 
176 66 188 194 189 219 
177 142 188 193 189 226 
178 188 188 203 189 228 226 
179 162 188 200 189 230 
180 120 188 204 189 211 
181 76 188 206 189 228 
182 109 188 192 189 225 
183 179 188 210 205 189 220 221 
184 85 188 199 189 223 
185 197 188 210 190 189 224 231 
186 161 188 208 189 230 
187 168 188 202 198 189 212 224 
188 161 210 197 189 207 215 
189 145 207 201 228 222 
190 118 210 191 
191 94 210 
192 112 210 
193 131 210 
194 124 210 
195 137 210 
196 83 210 
197 110 210 
198 77 210 
199 152 210 
200 119 210 
201 104 210 
202 132 210 
203 167 210 
204 115 210 
205 102 210 
206 145 210 
207 184 210 
208 137 210 
209 171 210 
210 218 
211 132 228 227 240 
212 73 228 227 235 
213 61 228 227 252 
214 161 241 215 322 
215 149 228 227 
216 119 228 227 241 
217 91 228 241 
218 86 246 220 326 
219 141 228 227 241 220 
220 131 228 227 241 
221 84 228 227 242 
222 80 228 227 237 
223 112 228 227 233 
224 240 228 227 236 250 
225 147 228 227 238 
226 133 228 227 245 232 
227 172 228 241 229 230 231 239 248 
228 173 229 230 231 236 
229 77 251 
230 199 242 234 
231 135 239 
232 71 241 300 
233 109 241 243 
234 100 241 244 
235 138 241 246 
236 226 241 246 
237 100 241 244 
238 140 241 337 
239 182 241 247 319 
240 104 241 338 
241 189 245 252 251 242 250 248 246 249 247 
242 183 244 247 
243 87 246 338 
244 98 246 335 326 338 
245 75 246 
246 207 338 322 253 251 247 249 319 337 300 248 
247 175 320 330 331 
248 183 318 
249 117 250 336 
250 97 
251 144 328 
252 162 253 
253 85 329 
254 80 258 262 255 
255 121 258 261 257 273 
256 111 258 263 257 269 
257 189 258 262 292 273 260 266 
258 175 262 290 259 263 274 
259 100 262 294 260 
260 93 270 
261 100 262 285 
262 219 294 295 292 263 288 289 
263 152 286 293 
264 107 268 272 265 267 
265 101 268 
266 100 273 268 
267 84 268 271 
268 162 273 274 
269 90 273 272 
270 164 273 271 
271 100 273 
272 101 273 
273 158 274 
274 179 
275 113 279 314 294 
276 129 279 307 288 
277 81 279 310 295 
278 174 279 310 301 295 287 
279 226 310 316 282 283 284 280 304 309 308 295 281 285 291 293 
280 81 303 281 
281 85 295 
282 162 296 290 
283 120 306 295 
284 119 298 286 
285 139 295 294 
286 142 295 294 
287 79 295 289 
288 158 295 294 
289 75 294 
290 123 295 294 
291 140 295 294 292 
292 99 
293 122 295 294 
294 154 295 
295 142 
296 117 312 297 310 
297 92 313 334 
298 118 313 299 312 310 
299 135 338 300 334 
300 121 338 
301 118 312 302 310 
302 95 313 334 
303 144 313 317 312 310 
304 99 313 305 312 310 
305 182 338 329 334 
306 89 310 313 
307 94 310 314 
308 94 310 312 
309 162 310 312 311 
310 207 312 313 314 315 311 
311 138 313 327 332 312 
312 151 313 334 316 315 314 
313 152 334 338 316 315 314 335 321 333 325 
314 146 330 
315 134 329 
316 115 324 
317 136 338 318 334 
318 68 338 
319 114 338 321 
320 126 338 321 
321 124 338 334 
322 72 323 
323 80 338 324 
324 155 338 334 
325 132 338 326 334 
326 161 338 327 
327 101 338 334 
328 131 338 329 
329 119 338 334 
330 183 338 334 
331 100 338 332 
332 125 338 334 
333 71 334 337 
334 199 338 335 336 
335 121 338 337 
336 124 338 
337 208 338 
338 245 
