name weight children
0 133 6 89 7 23 
1 133 6 94 7 18 
2 135 6 84 7 29 
3 133 6 95 7 32 
4 141 6 90 7 5 32 22 
5 173 6 98 7 17 
6 174 97 93 7 8 11 9 12 14 15 91 32 27 
7 177 93 97 32 11 9 13 14 15 31 
8 41 96 32 
9 145 92 24 
10 175 97 71 11 
11 136 32 31 
12 83 87 13 
13 83 30 
14 164 97 85 20 
15 137 83 25 
16 79 31 17 64 
17 163 32 
18 74 32 19 
19 118 32 31 62 
20 91 32 21 
21 125 32 31 63 
22 162 32 31 60 
23 182 32 31 65 
24 141 32 27 
25 142 32 31 58 
26 114 32 27 31 57 
27 117 32 31 61 
28 74 31 32 64 
29 169 32 31 65 
30 156 32 31 59 
31 157 32 65 49 
32 227 65 
33 153 39 52 40 46 
34 84 40 38 47 
35 164 39 36 40 43 
36 85 53 50 
37 169 39 56 40 48 
38 64 39 53 
39 145 53 50 40 54 55 51 47 
40 165 49 47 48 45 
41 90 43 46 42 
42 145 43 44 
43 140 47 46 44 
44 122 45 
45 136 47 46 
46 177 47 48 
47 161 48 
48 158 
49 95 65 50 61 53 
50 143 64 53 54 52 55 51 56 62 60 
51 147 63 53 
52 131 64 53 
53 174 65 57 54 55 56 
54 98 64 
55 94 59 
56 151 58 
57 142 65 64 
58 124 65 64 
59 107 65 64 
60 159 65 64 
61 161 65 64 
62 92 65 64 
63 147 65 64 
64 181 65 
65 196 
66 130 130 129 76 67 
67 92 76 94 
68 138 76 120 93 
69 136 76 130 97 
70 132 76 122 93 
71 137 76 117 
72 138 130 125 76 73 
73 90 76 97 
74 100 76 101 95 
75 159 76 109 130 96 98 
76 249 130 105 92 81 77 78 79 86 80 82 111 121 131 97 87 89 90 
77 139 116 108 92 98 
78 110 128 84 
79 142 130 123 91 
80 137 113 85 
81 131 114 97 
82 132 104 83 
83 109 97 
84 130 97 
85 100 97 
86 116 130 89 87 
87 163 97 
88 118 124 89 
89 130 130 97 
90 126 97 
91 144 97 
92 133 130 97 
93 149 97 
94 115 97 
95 137 97 
96 137 97 
97 193 98 
98 210 
99 57 100 
100 59 124 102 
101 88 130 102 
102 94 130 
103 147 124 105 130 104 
104 76 130 
105 155 130 106 
106 120 124 
107 99 124 108 
108 124 130 
109 102 130 110 
110 109 124 
111 192 130 112 
112 102 124 
113 178 124 130 
114 258 124 130 
115 88 124 130 116 
116 67 130 
117 146 130 118 
118 105 124 
119 134 124 130 120 
120 168 124 121 130 
121 133 130 
122 216 124 130 
123 157 124 130 
124 228 130 127 125 126 128 131 129 
125 139 130 
126 185 130 
127 114 130 
128 150 130 
129 146 130 
130 273 131 
131 190 
