name weight children
0 144 5 7 6 32 
1 233 5 11 6 33 34 
2 360 5 12 9 6 30 34 31 
3 287 5 8 9 6 35 33 
4 272 5 13 10 6 35 30 
5 364 13 21 18 6 10 12 31 35 
6 366 13 9 8 11 33 31 32 29 
7 61 13 21 
8 279 13 21 26 
9 453 13 21 28 19 
10 242 13 20 17 33 
11 309 13 25 21 22 
12 327 13 28 27 14 
13 376 21 24 17 18 22 20 16 14 
14 146 24 97 21 28 
15 129 97 101 16 
16 168 24 21 
17 418 97 100 24 21 
18 308 24 97 21 
19 150 24 103 21 
20 408 97 91 24 21 
21 399 24 97 22 28 25 27 26 23 
22 284 24 95 
23 280 24 93 97 95 
24 423 97 99 28 25 27 26 101 89 102 96 
25 123 96 
26 189 92 
27 281 94 
28 562 103 96 100 
29 134 33 39 
30 266 33 39 37 
31 277 33 39 36 
32 243 33 43 39 
33 356 35 34 39 36 41 43 38 
34 230 39 42 
35 332 39 40 
36 325 39 40 37 41 43 38 42 56 55 
37 321 39 56 58 55 
38 175 39 57 
39 479 40 41 43 42 56 
40 147 56 
41 249 55 
42 197 58 
43 433 56 58 
44 15 45 46 
45 264 50 49 46 
46 156 49 
47 339 51 53 50 48 52 49 
48 343 51 52 50 
49 259 50 
50 327 51 
51 328 54 56 52 53 
52 302 54 57 58 53 
53 302 54 56 58 55 
54 362 56 55 58 
55 334 56 
56 433 58 57 
57 179 
58 403 
59 72 61 
60 85 73 61 87 
61 99 73 
62 208 73 85 
63 295 73 87 86 
64 342 73 87 88 
65 688 73 87 83 110 117 
66 155 73 81 
67 258 73 85 
68 214 73 87 108 
69 468 73 82 86 87 
70 237 73 87 
71 433 73 90 85 83 
72 324 73 88 81 
73 431 86 80 76 84 74 79 77 78 87 90 75 88 
74 245 87 88 118 
75 109 76 87 88 110 
76 143 
77 185 87 88 111 
78 220 87 88 95 
79 322 87 88 110 
80 707 87 88 91 112 104 
81 193 87 88 109 116 
82 179 87 88 113 
83 270 87 88 112 118 
84 434 87 88 111 
85 304 87 88 112 118 115 
86 271 87 88 110 112 
87 361 88 90 112 106 
88 366 112 90 110 108 117 107 111 
89 212 98 110 97 
90 204 112 
91 271 112 113 98 104 97 
92 158 98 118 97 
93 174 98 114 97 
94 197 98 113 97 
95 577 112 113 98 118 97 
96 285 97 98 
97 381 98 113 99 101 103 102 100 
98 407 113 99 101 100 103 102 114 110 118 116 108 115 111 
99 270 107 117 114 
100 283 109 105 
101 289 113 
102 188 110 
103 374 110 114 
104 222 112 113 
105 159 113 106 
106 99 112 
107 162 112 113 
108 286 112 113 
109 235 112 113 
110 657 112 113 
111 221 112 113 114 
112 391 113 118 116 117 115 114 
113 385 114 118 116 117 115 
114 384 
115 179 
116 245 
117 225 
118 472 
