name weight children
0 32 6 4 1 
1 96 6 68 
2 105 39 3 
3 70 36 4 
4 100 36 
5 113 6 35 16 
6 455 36 10 11 7 17 8 18 9 21 30 40 43 28 15 22 
7 386 36 42 35 15 13 14 
8 70 25 20 
9 258 27 45 67 12 
10 531 39 36 24 33 13 16 
11 167 35 15 64 66 
12 86 15 63 
13 254 15 58 
14 97 15 61 
15 331 17 20 19 67 16 21 22 68 58 64 66 65 60 
16 206 59 
17 198 36 38 58 
18 117 31 19 
19 122 62 
20 187 57 
21 292 32 58 
22 168 62 
23 139 39 24 
24 128 36 
25 93 36 44 
26 161 39 27 
27 164 36 
28 208 39 36 
29 192 39 30 
30 112 36 
31 251 39 36 
32 261 39 36 
33 275 39 36 
34 80 39 36 
35 328 36 38 39 
36 422 39 41 38 44 40 45 43 42 37 
37 111 39 
38 265 39 
39 278 44 40 45 43 42 
40 222 
41 66 
42 196 
43 227 
44 169 
45 252 
46 133 52 47 53 80 
47 130 52 58 53 55 84 
48 209 52 62 53 82 
49 211 52 59 53 83 
50 237 52 58 53 84 
51 20 53 52 84 
52 382 58 65 53 56 54 55 57 67 59 66 
53 286 60 61 84 54 56 86 85 81 
54 152 63 82 
55 122 68 
56 295 62 58 84 85 
57 95 58 
58 400 65 60 62 67 59 63 64 66 68 61 
59 232 
60 152 
61 133 
62 265 
63 124 
64 119 65 
65 115 
66 180 
67 231 
68 311 
69 76 75 74 70 
70 24 75 73 
71 11 73 75 72 
72 101 73 
73 161 75 76 
74 77 76 78 
75 377 76 79 
76 297 79 90 78 
77 180 87 80 88 79 
78 318 79 89 88 
79 349 88 87 91 
80 152 84 
81 172 84 87 
82 264 84 88 91 
83 131 84 90 
84 343 86 85 87 89 
85 248 87 88 
86 77 87 
87 271 88 90 91 89 
88 274 90 91 89 
89 171 
90 127 
91 150 
