name weight children
0 77 33 107 1 
1 45 34 51 
2 10 34 3 37 
3 93 33 136 
4 88 34 5 44 
5 63 33 112 
6 72 33 105 34 36 
7 143 33 127 34 60 
8 26 33 121 9 
9 64 34 45 
10 88 33 120 11 
11 75 34 40 
12 49 33 115 13 
13 78 34 42 
14 86 34 15 51 
15 38 33 16 
16 96 121 108 
17 20 34 18 57 
18 54 33 109 
19 98 34 20 38 
20 96 33 121 
21 34 34 22 52 
22 87 33 122 
23 120 33 114 34 50 
24 96 33 129 25 
25 81 34 55 
26 82 34 27 67 
27 75 33 133 
28 104 33 131 34 47 
29 100 33 137 34 49 
30 113 33 134 34 68 
31 64 33 124 34 63 
32 113 33 128 34 66 
33 122 121 71 34 48 116 46 
34 132 117 139 50 62 
35 65 197 36 183 
36 93 50 51 
37 128 50 51 195 
38 50 50 51 192 
39 78 197 40 202 
40 74 50 51 
41 44 51 42 198 
42 93 50 
43 100 51 44 197 175 
44 79 50 
45 107 50 51 197 
46 63 50 197 
47 138 50 51 207 
48 52 118 50 
49 94 50 51 197 
50 89 51 60 52 62 68 67 63 57 55 66 199 
51 103 197 59 52 61 69 67 64 56 55 65 196 
52 65 53 
53 75 197 188 
54 100 197 55 185 
55 63 
56 74 57 205 
57 99 
58 72 197 59 181 
59 49 60 
60 27 
61 93 62 193 
62 78 
63 60 64 
64 52 191 
65 89 66 204 
66 41 
67 103 194 
68 95 69 
69 50 201 
70 53 85 487 84 115 
71 107 85 496 84 119 
72 93 506 447 85 84 108 
73 100 85 495 84 118 
74 41 84 75 119 
75 96 85 485 
76 90 85 498 77 
77 38 84 117 
78 70 506 517 79 
79 114 85 84 111 
80 95 85 494 84 121 
81 64 85 504 84 119 
82 61 85 506 84 119 
83 113 85 505 509 84 105 123 
84 111 85 486 119 86 93 97 104 102 99 95 100 87 92 98 89 133 
85 108 506 438 106 86 93 96 103 102 99 95 101 88 91 98 90 512 107 
86 96 491 516 116 
87 95 88 125 
88 76 510 
89 74 90 128 
90 33 507 
91 87 489 92 
92 22 110 
93 124 501 135 
94 84 506 514 95 
95 96 137 
96 74 513 97 
97 75 126 
98 112 503 130 
99 73 515 134 
100 96 101 132 
101 30 500 
102 104 518 113 
103 63 502 104 
104 68 138 
105 106 119 121 
106 91 493 119 
107 118 119 121 
108 37 119 
109 94 121 110 
110 64 119 
111 96 119 112 
112 67 121 
113 51 119 114 
114 85 121 
115 86 119 121 
116 126 119 121 
117 91 119 121 
118 67 119 121 
119 99 121 135 126 123 138 134 133 137 132 125 130 128 120 
120 50 121 
121 145 136 127 122 139 134 133 137 131 124 129 128 
122 16 123 
123 64 
124 90 125 
125 80 
126 76 127 
127 86 
128 102 
129 76 130 
130 88 
131 72 132 
132 96 
133 75 
134 106 
135 80 136 
136 79 
137 90 
138 70 139 
139 12 
140 83 172 141 273 
141 85 171 142 
142 94 156 177 
143 53 156 175 171 144 
144 71 172 260 
145 142 156 179 171 146 
146 50 172 259 
147 99 172 148 149 
148 79 156 176 171 
149 81 267 248 
150 63 172 151 276 
151 105 156 173 171 
152 67 172 153 270 
153 73 171 154 
154 72 156 178 
155 20 156 182 165 
156 154 175 202 171 162 157 158 161 159 163 184 187 172 169 
157 82 189 172 
158 87 175 186 166 168 
159 94 176 171 172 160 
160 94 267 274 
161 84 180 164 
162 101 174 171 267 
163 37 185 170 
164 79 171 172 
165 142 171 172 267 
166 74 171 167 
167 72 172 264 
168 86 171 172 261 
169 76 171 172 266 
170 98 171 172 268 
171 86 175 172 
172 109 267 252 265 
173 85 175 193 
174 51 175 195 
175 95 197 184 182 189 180 187 186 179 176 185 178 177 196 200 201 
176 83 205 198 
177 90 192 
178 62 203 
179 67 190 
180 86 194 
181 100 197 182 
182 48 
183 38 197 184 
184 98 
185 88 197 
186 63 206 
187 87 196 
188 65 197 189 
189 90 
190 76 197 191 
191 84 197 
192 97 197 
193 85 197 
194 71 197 
195 80 197 
196 90 197 
197 91 199 201 207 205 204 198 202 200 206 203 
198 101 
199 41 200 
200 81 
201 120 
202 65 
203 39 204 
204 99 
205 121 
206 79 207 
207 64 
208 64 213 254 223 209 218 210 211 212 214 215 221 
209 101 213 255 232 
210 93 213 245 223 
211 94 213 216 
212 89 213 256 220 
213 103 258 263 246 217 214 215 253 257 
214 61 251 219 
215 100 250 222 
216 87 223 230 
217 89 243 218 
218 103 223 227 
219 74 223 232 239 
220 46 223 231 
221 88 223 229 
222 85 223 228 
223 74 246 232 
224 85 227 229 226 236 
225 96 227 228 226 233 
226 92 227 232 233 240 234 
227 94 232 230 239 231 
228 73 232 
229 84 232 
230 126 232 233 
231 49 232 
232 96 
233 114 236 234 241 235 
234 48 236 
235 87 236 237 
236 124 241 238 
237 90 238 
238 59 241 
239 99 240 
240 85 241 
241 61 
242 45 257 262 243 
243 99 258 
244 88 257 259 245 
245 68 258 
246 92 247 
247 46 258 249 
248 74 267 250 
249 78 257 265 
250 72 257 258 
251 96 257 272 258 
252 52 267 257 
253 104 257 274 258 
254 104 257 264 258 
255 60 257 267 258 
256 82 257 271 258 
257 86 267 258 263 269 
258 91 275 
259 98 267 
260 84 267 263 
261 55 267 262 
262 97 267 
263 67 267 
264 126 267 
265 93 267 
266 90 267 
267 94 276 268 270 273 275 274 269 271 272 
268 40 269 
269 54 
270 90 271 
271 60 
272 85 273 
273 91 
274 67 
275 36 276 
276 97 
277 56 278 
278 107 301 302 406 
279 96 302 280 365 
280 100 301 
281 119 301 282 
282 71 302 367 
283 79 284 
284 82 301 302 375 
285 34 286 
286 63 301 288 
287 61 379 288 415 
288 84 302 
289 77 301 290 
290 86 302 414 
291 78 301 302 359 
292 58 301 293 
293 97 302 370 
294 44 295 
295 85 301 302 399 
296 134 301 297 302 351 
297 84 301 302 
298 45 301 
299 117 301 302 412 
300 107 301 302 374 
301 96 302 348 321 327 357 354 316 386 336 402 390 393 343 323 305 330 315 307 337 311 332 329 340 303 313 
302 82 379 322 325 358 353 317 381 335 403 391 393 342 320 306 331 314 307 338 310 332 328 341 303 318 346 373 
303 48 304 362 
304 52 
305 127 306 
306 68 398 
307 119 308 364 
308 72 
309 77 311 
310 87 311 378 
311 68 
312 40 313 
313 96 318 
314 92 315 368 
315 159 
316 100 319 317 
317 96 350 
318 77 379 
319 100 
320 75 323 379 
321 132 322 
322 89 377 
323 81 324 
324 80 
325 94 327 372 
326 77 327 
327 85 
328 80 329 413 
329 105 
330 62 331 
331 68 410 
332 99 333 365 
333 82 
334 66 336 
335 43 336 408 
336 42 
337 57 339 338 
338 56 385 
339 96 
340 101 341 
341 88 395 
342 90 343 371 
343 47 344 
344 92 
345 156 377 346 415 452 
346 72 379 
347 47 348 
348 97 379 
349 78 377 350 415 457 
350 91 379 
351 50 379 352 
352 31 377 425 
353 78 354 356 
354 115 
355 95 415 356 459 
356 99 379 377 
357 99 358 
358 95 361 
359 71 379 377 416 
360 85 377 361 455 
361 38 379 
362 83 379 363 
363 15 377 443 
364 65 379 377 424 
365 185 379 377 418 421 
366 117 377 367 415 474 
367 77 379 
368 91 379 377 422 
369 26 377 370 418 
370 99 379 
371 119 379 377 434 
372 93 379 377 462 
373 61 379 377 427 
374 96 379 377 437 
375 78 379 377 423 
376 92 377 379 416 
377 95 379 415 382 407 409 399 405 389 392 397 414 411 384 378 413 396 412 
378 73 379 429 
379 108 380 406 408 399 404 389 392 398 414 410 385 413 395 412 421 
380 43 381 382 
381 77 386 
382 78 383 
383 95 415 461 
384 58 385 420 
385 41 
386 89 387 
387 50 
388 98 415 389 462 
389 36 391 
390 126 391 
391 67 
392 90 393 417 
393 82 
394 84 462 396 454 
395 87 396 
396 67 415 
397 85 398 430 
398 11 
399 118 400 
400 64 415 483 
401 75 402 
402 98 403 
403 68 404 
404 95 405 
405 71 448 
406 81 407 
407 14 415 
408 79 409 
409 113 415 465 
410 71 411 
411 79 416 
412 90 420 
413 111 419 
414 77 442 
415 103 462 416 425 455 437 418 448 427 417 434 430 442 423 422 424 420 429 419 443 421 451 
416 106 464 467 470 
417 68 475 
418 107 462 477 
419 71 481 
420 79 476 469 
421 89 453 472 
422 67 460 
423 92 466 
424 82 479 
425 75 426 
426 35 462 536 
427 61 462 428 
428 74 464 532 
429 63 465 
430 116 462 431 
431 64 464 536 505 
432 34 536 435 433 
433 70 535 506 
434 86 462 435 
435 70 464 
436 65 462 437 440 
437 73 
438 92 508 439 
439 52 535 440 
440 87 464 536 
441 39 462 442 446 
442 75 
443 100 444 
444 159 462 464 536 
445 45 536 446 524 
446 85 464 
447 106 535 449 508 
448 101 462 449 
449 95 464 536 
450 92 464 451 523 
451 28 462 
452 115 462 464 521 
453 129 462 464 547 
454 49 464 549 
455 101 462 456 
456 93 464 535 
457 77 462 458 
458 80 464 526 
459 117 462 464 508 
460 69 462 464 550 
461 23 462 463 
462 148 464 465 483 475 467 470 466 479 476 477 481 469 472 474 
463 20 464 531 
464 119 536 465 482 475 467 471 466 480 476 478 481 468 472 473 534 545 
465 115 525 533 
466 90 529 
467 121 548 
468 36 469 543 
469 78 
470 81 471 
471 86 537 
472 114 553 
473 48 474 520 
474 92 
475 57 536 530 
476 105 536 
477 66 478 
478 70 542 
479 95 480 
480 15 541 
481 93 540 
482 100 483 528 
483 66 
484 85 508 534 485 
485 61 506 
486 104 508 522 506 
487 101 508 519 506 
488 91 508 536 489 
489 16 506 
490 44 508 533 491 
491 79 506 
492 39 508 530 493 
493 90 506 
494 125 508 534 506 
495 91 508 528 506 
496 58 506 497 
497 96 508 523 
498 84 508 525 506 
499 76 508 539 500 
500 79 506 
501 122 508 524 506 
502 94 508 551 506 
503 61 508 546 506 
504 71 508 552 506 
505 65 535 508 506 
506 128 508 527 512 513 509 518 515 516 510 507 
507 94 508 543 
508 108 536 535 517 512 513 509 518 515 516 514 511 
509 86 529 
510 79 511 
511 64 549 
512 66 548 
513 121 538 
514 32 542 
515 104 535 
516 81 544 
517 91 530 
518 79 541 
519 91 535 520 
520 52 536 
521 93 536 522 
522 71 535 
523 65 536 535 
524 80 535 
525 103 536 535 
526 79 536 527 
527 59 535 
528 126 536 535 
529 90 536 535 
530 83 535 531 
531 73 536 
532 95 536 534 
533 111 536 535 
534 99 536 535 
535 87 536 548 538 551 541 544 542 539 549 546 543 552 
536 102 548 537 550 541 545 542 540 549 547 543 553 
537 82 538 
538 38 
539 87 540 
540 60 
541 110 
542 108 
543 126 
544 42 545 
545 85 
546 98 547 
547 56 
548 94 
549 90 
550 65 551 
551 97 
552 99 553 
553 58 
