name weight children
0 87 9 31 
1 71 9 29 
2 76 9 31 
3 120 9 33 
4 35 5 
5 72 9 34 
6 77 9 39 
7 75 9 8 32 
8 91 
9 106 31 53 103 23 91 10 68 11 49 45 85 13 18 52 21 12 43 
10 106 28 
11 118 27 
12 55 20 35 
13 136 14 
14 97 31 15 
15 71 30 95 
16 128 30 17 59 108 
17 34 31 18 
18 72 19 
19 99 
20 92 
21 94 22 37 
22 57 
23 83 24 
24 50 31 25 
25 49 30 26 
26 95 59 55 153 
27 95 31 30 88 
28 83 31 30 57 
29 98 31 30 80 
30 93 31 53 59 102 93 33 69 32 47 44 84 34 42 50 38 39 36 65 
31 89 40 102 93 33 70 32 47 46 84 34 43 51 37 39 35 59 
32 82 54 
33 98 58 
34 102 99 
35 51 36 
36 87 63 
37 83 38 
38 82 59 
39 136 105 
40 97 
41 81 45 
42 22 43 76 
43 66 
44 91 46 81 
45 91 46 
46 96 
47 84 49 77 
48 87 49 
49 59 
50 100 51 56 
51 94 52 
52 106 
53 85 
54 77 59 55 57 65 67 
55 45 59 102 65 80 94 58 73 90 77 82 87 96 99 75 108 56 60 105 62 
56 130 59 66 
57 67 59 
58 93 59 64 
59 110 65 80 94 71 88 77 81 86 95 99 76 105 63 60 
60 69 65 159 
61 61 65 62 156 
62 96 63 
63 93 
64 45 65 127 
65 120 153 79 94 72 67 89 78 83 87 97 98 74 107 66 106 
66 81 161 
67 108 153 146 
68 58 70 
69 88 70 71 
70 79 
71 96 73 
72 87 73 152 
73 99 
74 51 75 154 
75 95 76 
76 61 
77 132 78 
78 75 153 
79 98 80 139 
80 113 
81 74 82 
82 82 83 
83 119 153 142 
84 85 85 86 
85 53 
86 96 87 
87 108 156 
88 100 90 
89 80 90 157 
90 27 
91 96 92 93 
92 76 
93 110 94 
94 126 150 
95 99 96 
96 92 97 
97 31 151 
98 68 99 100 
99 99 
100 94 153 101 
101 32 139 130 
102 109 103 
103 68 104 
104 80 
105 106 106 
106 97 153 
107 70 108 131 
108 73 
109 61 120 110 195 
110 78 129 141 
111 93 129 164 116 
112 88 120 113 205 
113 98 120 128 
114 23 120 115 196 
115 93 120 123 
116 128 120 208 
117 56 120 118 198 
118 74 129 144 120 
119 92 129 142 120 193 
120 103 129 145 134 136 121 122 132 124 195 203 216 214 218 199 192 
121 61 126 195 
122 127 129 139 
123 81 129 158 
124 89 125 218 
125 66 129 162 
126 62 129 130 
127 126 153 139 129 
128 100 129 155 
129 89 141 133 135 132 143 140 199 
130 55 141 
131 76 153 139 132 
132 125 141 214 
133 96 149 134 
134 69 203 
135 50 148 136 
136 87 216 
137 56 139 153 141 
138 87 139 152 143 
139 105 153 141 146 144 163 142 149 147 162 160 155 140 154 
140 77 156 141 
141 106 150 145 143 144 164 142 149 148 162 158 155 
142 111 
143 36 
144 122 157 
145 92 146 
146 26 
147 49 151 148 
148 100 
149 129 156 
150 80 153 
151 44 153 
152 64 153 
153 133 157 156 154 161 159 163 155 
154 60 
155 113 
156 72 
157 86 
158 53 160 
159 67 160 
160 91 
161 83 162 
162 132 
163 83 164 
164 100 
165 87 175 166 171 168 169 
166 85 176 167 
167 73 177 189 
168 94 171 169 
169 58 170 
170 48 171 176 
171 125 175 173 
172 80 177 191 176 
173 69 176 174 
174 76 177 185 
175 101 176 177 
176 107 177 184 178 
177 96 185 183 178 
178 80 187 
179 64 180 210 188 
180 86 210 194 183 181 207 182 190 186 206 185 
181 89 209 212 185 184 
182 79 213 183 185 
183 95 202 185 184 188 191 186 207 
184 67 185 
185 109 189 191 187 
186 102 201 187 
187 86 
188 36 189 
189 83 
190 87 211 191 
191 180 
192 49 195 198 
193 96 195 194 
194 86 198 
195 87 198 208 203 216 215 218 196 205 200 
196 90 198 197 207 
197 96 198 210 
198 84 210 202 217 213 219 204 201 212 
199 71 200 
200 39 201 
201 119 210 
202 83 203 210 
203 127 
204 86 205 211 
205 57 
206 90 210 219 
207 114 210 
208 30 210 
209 79 210 217 
210 134 212 213 211 
211 59 
212 84 
213 144 215 
214 97 215 
215 61 
216 75 217 
217 23 
218 87 219 
219 92 
