name weight children
0 96 37 1 64 
1 71 40 
2 99 3 
3 105 40 37 4 
4 55 37 65 
5 47 37 6 52 
6 68 40 7 
7 52 
8 203 40 9 37 66 
9 155 40 10 
10 143 37 46 
11 135 40 37 12 
12 144 37 57 55 
13 95 14 
14 115 40 37 15 
15 57 37 53 
16 89 18 
17 80 37 18 60 
18 64 40 
19 248 40 37 47 
20 273 40 37 59 
21 197 40 37 58 
22 102 40 23 37 57 
23 98 
24 89 37 26 66 
25 109 40 26 
26 29 37 
27 225 40 37 57 45 
28 111 40 29 
29 92 37 57 
30 145 40 37 48 
31 194 40 37 49 
32 242 40 37 57 
33 111 37 41 61 
34 99 37 40 57 
35 229 40 37 56 
36 63 37 
37 272 40 38 42 41 44 57 62 51 
38 182 43 39 56 60 
39 78 40 
40 323 41 44 43 42 
41 187 
42 197 54 
43 110 
44 107 
45 62 57 84 
46 43 57 73 
47 206 57 84 80 48 149 
48 156 57 84 
49 139 57 77 
50 66 57 51 83 
51 89 57 
52 210 57 84 80 149 
53 111 57 67 
54 227 57 84 76 
55 23 57 89 
56 213 57 84 82 
57 232 62 66 64 58 59 60 61 65 84 63 80 88 
58 126 87 
59 80 84 
60 240 85 70 
61 115 78 
62 85 63 
63 100 74 
64 91 84 
65 148 90 
66 291 71 84 
67 44 84 68 
68 52 80 69 
69 85 80 154 
70 160 84 80 152 
71 68 84 72 
72 81 80 150 
73 124 84 80 74 
74 95 84 75 80 155 
75 128 80 156 
76 179 80 156 
77 223 84 80 159 
78 235 84 80 144 
79 15 80 83 149 
80 257 84 81 87 89 85 83 88 90 149 86 141 148 153 
81 207 84 82 153 157 149 
82 44 84 
83 118 84 
84 333 87 89 85 88 90 
85 112 86 
86 92 87 149 150 
87 102 
88 190 146 
89 143 151 
90 132 158 
91 65 101 109 92 
92 62 101 130 
93 125 101 107 130 
94 143 101 113 131 
95 175 101 105 126 
96 129 101 108 128 
97 157 101 102 111 128 
98 123 173 177 106 101 
99 69 101 104 129 
100 190 101 112 107 132 127 
101 191 106 128 127 
102 149 106 179 
103 81 106 174 104 
104 89 106 
105 71 106 173 
106 202 173 112 108 113 111 107 110 174 181 177 109 
107 205 178 176 
108 144 182 
109 72 110 
110 93 173 
111 120 173 
112 139 183 
113 145 175 
114 95 115 125 118 
115 54 121 120 119 116 
116 64 123 117 
117 62 119 118 
118 73 119 
119 42 121 
120 63 122 137 
121 207 122 136 125 123 
122 208 133 124 123 135 125 
123 167 134 
124 47 133 125 
125 118 
126 143 128 127 137 
127 187 128 133 131 130 129 134 
128 183 132 131 130 129 133 
129 148 133 
130 224 136 135 
131 139 133 
132 83 133 
133 325 136 137 135 134 
134 190 
135 175 
136 91 
137 147 
138 84 141 156 171 
139 93 141 149 165 
140 221 141 150 154 155 162 170 160 
141 314 149 162 142 145 143 144 147 157 151 150 159 158 161 163 166 171 
142 97 153 172 
143 57 152 167 
144 170 149 165 
145 131 148 153 169 162 
146 87 149 147 
147 114 149 164 
148 82 149 
149 276 156 150 153 157 151 154 159 152 158 155 
150 148 
151 76 
152 76 
153 207 
154 61 
155 124 
156 177 162 
157 136 
158 145 
159 124 
160 67 162 176 
161 186 162 173 174 
162 288 172 163 165 166 169 171 170 167 164 173 168 180 175 
163 108 173 
164 103 173 
165 216 174 178 
166 93 177 
167 78 168 
168 60 173 
169 191 181 
170 126 182 
171 236 177 183 
172 86 173 
173 270 174 177 181 180 183 182 175 178 176 179 
174 132 
175 107 
176 117 
177 154 
178 107 
179 64 180 
180 79 
181 145 
182 144 
183 123 
