name weight children
0 89 7 26 76 
1 131 7 26 88 
2 82 7 57 
3 46 7 26 
4 124 7 26 86 
5 78 7 26 90 
6 89 7 130 
7 108 26 78 29 64 47 15 18 13 11 35 9 8 69 61 20 31 17 22 44 53 118 39 28 41 32 73 85 
8 123 24 
9 67 10 23 
10 100 
11 100 26 
12 92 13 
13 71 26 54 
14 48 26 15 68 
15 85 16 
16 73 
17 105 27 
18 96 19 24 
19 67 
20 142 26 60 
21 93 22 
22 68 26 48 
23 87 26 75 
24 114 26 66 87 
25 77 26 
26 152 86 30 65 57 50 36 71 59 33 27 45 55 118 37 28 42 32 74 130 51 85 
27 75 82 
28 104 83 
29 122 30 
30 87 72 
31 72 33 
32 133 92 
33 63 80 
34 73 35 
35 95 36 
36 99 60 
37 97 39 84 
38 51 39 
39 50 
40 75 41 
41 80 42 
42 97 77 
43 89 44 
44 94 45 
45 97 81 
46 54 47 
47 93 50 
48 82 86 183 
49 97 85 50 167 
50 141 86 
51 84 86 85 170 
52 82 53 
53 66 55 
54 74 86 85 165 
55 123 86 56 
56 66 85 151 
57 104 86 162 
58 47 85 59 176 
59 80 61 86 
60 90 86 161 145 
61 91 62 
62 50 
63 114 86 65 85 165 
64 88 65 
65 94 
66 96 86 85 178 
67 73 85 68 169 
68 91 86 
69 112 71 
70 85 85 71 137 
71 72 86 
72 98 86 165 
73 93 74 
74 102 86 85 168 
75 118 86 85 172 
76 60 86 85 174 
77 79 86 85 181 
78 115 86 
79 99 85 80 186 
80 76 86 
81 106 86 85 136 
82 124 86 85 157 
83 56 86 85 122 
84 81 86 85 180 
85 102 86 165 162 161 89 145 91 183 118 92 129 88 163 
86 106 87 90 118 92 130 88 156 
87 99 89 
88 137 164 
89 88 175 
90 72 91 
91 69 184 
92 114 166 
93 88 113 169 220 
94 117 113 154 111 199 
95 87 113 178 111 219 
96 87 113 144 111 213 
97 64 113 147 111 249 
98 83 113 142 111 210 
99 78 111 100 221 
100 89 113 140 
101 122 113 141 111 220 
102 84 111 103 245 
103 68 113 148 
104 102 113 152 111 221 
105 102 113 179 111 216 
106 112 113 171 111 211 
107 113 113 117 111 214 
108 87 111 109 222 
109 33 113 143 
110 100 113 141 111 269 
111 90 113 141 143 220 114 138 112 127 134 125 119 120 131 115 233 219 
112 112 113 177 228 
113 94 141 170 114 138 126 135 124 119 121 131 115 
114 156 150 218 
115 51 144 
116 92 118 
117 122 165 118 141 
118 119 
119 132 148 232 
120 89 121 231 
121 55 149 
122 84 165 123 
123 77 165 141 124 
124 66 125 
125 79 224 
126 67 158 127 
127 87 212 
128 59 165 129 133 
129 91 130 
130 106 
131 78 132 226 
132 68 141 133 
133 61 165 
134 97 135 225 
135 67 141 136 
136 138 165 
137 54 165 139 
138 149 141 139 276 
139 97 165 
140 64 141 173 
141 139 165 160 169 154 178 142 144 150 148 177 147 158 143 152 179 171 149 167 185 
142 96 163 
143 93 184 182 
144 117 161 164 
145 114 165 146 
146 34 165 147 
147 84 
148 90 175 181 
149 84 168 
150 92 172 
151 95 165 153 
152 79 153 
153 58 165 
154 84 155 
155 96 165 156 
156 86 165 
157 92 165 159 
158 70 159 
159 46 165 
160 80 165 162 
161 180 165 
162 90 
163 107 165 
164 94 165 
165 113 170 167 169 174 178 172 175 176 186 184 183 180 181 166 168 173 185 182 179 
166 40 171 
167 106 
168 101 
169 126 
170 109 
171 23 
172 124 
173 95 174 
174 46 
175 71 
176 79 177 
177 55 
178 163 
179 84 180 
180 85 
181 115 
182 99 183 
183 98 
184 83 
185 68 186 
186 71 
187 19 205 188 238 
188 54 200 212 
189 143 200 223 205 255 
190 87 200 218 191 
191 82 205 236 
192 118 200 222 205 235 
193 96 205 194 254 
194 85 200 221 
195 126 200 227 205 234 
196 92 205 197 259 
197 63 200 213 
198 95 200 225 205 239 
199 75 220 200 
200 122 221 205 208 245 277 229 250 271 203 201 206 202 204 209 207 238 
201 60 215 205 
202 65 232 205 242 
203 139 233 205 237 
204 95 211 205 
205 102 221 238 208 246 277 252 248 270 206 209 207 274 264 
206 83 217 256 
207 99 219 241 
208 76 210 237 
209 105 231 243 
210 102 220 221 
211 77 220 221 
212 105 220 221 
213 114 220 221 
214 74 220 215 
215 84 221 
216 79 220 217 
217 27 221 
218 148 220 221 
219 101 220 221 
220 95 221 245 276 228 249 269 233 222 225 224 232 231 226 
221 110 245 276 230 250 269 233 222 225 223 232 231 227 
222 96 
223 95 224 
224 89 
225 87 
226 88 227 
227 96 
228 81 230 
229 41 230 252 
230 73 
231 87 
232 136 
233 87 
234 130 238 237 258 264 
235 68 238 237 257 
236 107 238 237 354 
237 82 238 259 247 278 253 248 272 239 254 273 256 255 242 265 244 241 262 
238 110 259 246 275 253 248 272 239 254 274 256 255 242 264 243 241 
239 98 240 
240 26 259 365 
241 148 259 
242 110 262 
243 26 244 
244 96 263 
245 148 246 
246 104 247 
247 79 258 
248 92 250 260 
249 73 250 
250 103 
251 52 259 253 353 
252 58 253 
253 87 
254 125 268 
255 84 267 
256 75 266 
257 89 259 352 
258 91 259 355 348 
259 99 354 260 261 262 268 280 266 267 265 263 264 278 358 356 
260 87 370 
261 84 272 347 
262 111 368 351 
263 92 362 
264 68 265 354 
265 88 355 
266 75 374 
267 49 367 
268 137 354 357 
269 110 271 
270 60 271 272 
271 83 
272 134 
273 80 274 280 
274 97 
275 89 277 278 
276 112 277 
277 108 
278 76 
279 63 354 280 369 
280 84 
281 67 284 292 282 289 
282 106 284 303 291 283 290 286 
283 98 285 288 
284 81 297 298 291 285 290 
285 95 297 300 296 
286 87 291 288 287 
287 88 288 290 
288 101 291 289 
289 81 291 
290 85 297 291 
291 84 297 
292 97 293 301 297 
293 85 300 318 297 298 302 296 295 294 
294 91 318 312 300 
295 90 309 297 
296 118 299 297 
297 66 300 303 
298 112 300 318 
299 14 300 317 
300 158 318 315 309 301 325 324 316 302 
301 94 318 311 
302 86 303 
303 90 
304 77 306 337 312 
305 55 306 333 313 
306 163 334 349 311 318 314 327 323 321 308 307 332 336 315 312 
307 77 335 311 
308 65 328 311 309 
309 98 318 
310 87 334 340 312 
311 92 312 318 315 326 313 324 319 314 
312 81 334 316 
313 86 318 
314 87 334 341 
315 100 
316 99 318 
317 50 318 319 
318 176 330 325 324 
319 94 321 
320 77 334 339 321 
321 108 334 
322 99 334 344 323 
323 93 334 324 
324 69 
325 90 326 
326 70 327 
327 69 334 343 
328 114 334 329 
329 47 341 361 
330 100 334 331 
331 59 341 359 
332 141 341 363 334 
333 99 341 372 334 
334 102 341 371 358 349 343 335 338 345 336 337 
335 82 341 
336 100 
337 71 338 
338 81 342 
339 68 341 358 
340 90 341 368 
341 152 358 353 345 349 343 344 342 357 
342 94 360 
343 90 369 
344 66 366 
345 28 346 
346 100 358 347 
347 104 354 355 
348 71 354 355 350 
349 146 350 
350 86 358 
351 102 354 355 358 
352 78 354 355 359 
353 91 354 355 
354 90 355 358 370 368 365 374 367 362 356 
355 107 358 371 368 364 357 369 373 366 361 356 
356 79 360 
357 77 358 
358 125 371 368 359 363 369 372 366 361 360 
359 88 
360 70 
361 91 362 
362 94 
363 81 364 
364 100 365 
365 21 
366 108 367 
367 76 
368 173 
369 90 
370 54 371 
371 137 
372 76 373 
373 76 374 
374 98 
