name weight children
0 18 31 65 1 
1 42 31 68 
2 97 31 3 4 
3 107 31 8 
4 90 31 5 
5 93 31 6 
6 112 31 
7 120 31 11 8 
8 95 31 
9 93 10 
10 77 31 11 
11 152 31 
12 90 31 13 
13 104 31 14 
14 86 31 16 
15 41 31 20 16 
16 94 31 
17 61 31 18 19 
18 116 31 
19 84 31 21 
20 126 31 21 
21 98 31 
22 136 31 23 
23 155 31 26 
24 152 31 25 
25 159 31 26 
26 133 31 
27 254 31 
28 871 31 
29 889 31 
30 789 31 
31 53595 57 58 55 56 62 63 60 64 61 66 59 65 52 51 54 68 50 67 47 49 48 46 53 43 37 39 45 
32 50 46 33 
33 56 46 53 
34 91 46 35 
35 51 46 36 
36 61 46 38 
37 84 46 38 
38 98 46 
39 84 46 41 
40 91 46 41 44 
41 82 46 
42 100 46 43 
43 161 46 
44 202 46 
45 225 46 
46 7343 53 
47 57 50 49 
48 30 49 
49 39 
50 81 54 
51 53 52 54 
52 86 59 
53 27 
54 98 
55 46 58 56 
56 49 62 
57 87 58 
58 84 
59 44 61 
60 51 62 61 
61 23 
62 100 
63 17 64 
64 63 66 
65 93 66 
66 71 
67 82 68 
68 86 
