name weight children
0 77 9 399 8 34 93 
1 71 9 2 8 94 
2 82 403 375 
3 95 381 384 9 
4 52 8 5 27 
5 92 9 403 
6 36 8 9 35 
7 82 8 10 30 
8 129 9 399 34 40 12 16 47 14 43 18 20 26 13 28 24 37 50 25 11 10 38 
9 78 403 35 41 12 16 10 48 15 45 19 22 26 13 28 23 37 52 25 396 
10 79 387 408 405 11 
11 32 101 
12 140 404 32 
13 118 409 33 
14 27 15 39 
15 90 402 
16 75 17 35 
17 96 403 376 
18 60 19 39 
19 92 400 
20 64 22 34 
21 92 403 397 22 
22 12 
23 69 422 24 
24 64 59 
25 115 406 31 
26 125 404 34 
27 75 34 40 89 86 
28 80 404 29 
29 62 34 47 106 91 
30 92 34 82 
31 31 34 81 
32 100 34 105 
33 68 34 94 
34 114 35 94 38 39 44 59 36 51 101 84 99 
35 77 401 96 92 
36 97 37 107 
37 38 407 
38 77 100 
39 122 85 88 
40 77 41 
41 65 42 
42 96 403 382 
43 77 45 44 
44 65 90 
45 32 46 
46 70 403 391 
47 61 48 
48 90 49 
49 98 403 377 
50 92 52 51 
51 96 98 
52 98 53 
53 92 403 389 
54 54 69 55 124 
55 74 71 56 
56 100 94 59 93 
57 51 71 99 69 109 
58 48 71 84 69 116 
59 98 
60 105 71 93 69 122 
61 99 71 95 62 
62 94 69 126 
63 95 71 100 69 64 
64 25 122 123 
65 89 71 106 66 
66 60 69 111 
67 77 71 102 69 
68 88 71 97 69 131 
69 83 71 87 122 73 78 75 76 80 77 72 133 
70 64 93 85 71 73 
71 99 93 89 104 78 74 76 79 77 72 81 113 
72 96 83 125 
73 69 115 
74 68 88 75 
75 60 121 
76 143 93 127 
77 66 107 132 
78 86 90 119 
79 75 91 80 
80 66 126 
81 93 94 93 
82 80 94 83 
83 51 93 
84 106 94 93 
85 77 94 
86 61 94 87 
87 59 93 
88 104 94 93 
89 62 94 
90 83 94 93 
91 111 94 93 
92 52 94 93 
93 70 94 105 95 100 106 99 107 97 102 
94 94 105 96 100 106 99 107 98 103 
95 73 96 
96 63 
97 98 98 
98 86 
99 85 
100 114 
101 31 103 
102 70 103 
103 93 
104 89 105 122 
105 89 
106 129 
107 89 
108 84 149 110 142 161 
109 87 122 110 
110 130 126 152 
111 83 122 126 144 
112 45 126 113 150 
113 83 122 
114 84 126 115 146 
115 77 122 
116 70 122 117 
117 96 126 137 
118 98 126 119 159 
119 84 122 
120 82 126 121 147 
121 84 122 
122 80 126 127 124 132 131 133 125 152 
123 19 126 149 
124 132 126 154 
125 78 126 151 
126 97 152 128 132 130 133 157 
127 67 128 
128 47 129 
129 80 152 134 
130 59 131 149 
131 46 
132 116 158 
133 128 152 
134 78 149 142 167 
135 91 142 159 161 
136 85 142 158 162 186 
137 76 152 138 
138 109 149 142 160 
139 60 142 151 162 
140 54 142 148 163 
141 100 142 149 172 
142 44 149 144 162 155 145 143 156 164 
143 107 149 162 161 
144 50 152 
145 103 150 162 166 
146 100 152 149 162 
147 91 152 148 
148 62 149 
149 92 152 159 156 154 158 150 151 
150 78 152 
151 49 152 
152 123 159 157 154 158 
153 83 162 155 161 
154 93 155 
155 85 
156 61 157 
157 81 
158 73 
159 112 
160 75 162 161 183 
161 86 162 184 168 165 186 171 166 173 180 175 
162 86 163 167 164 172 182 
163 86 184 
164 87 165 
165 65 184 
166 100 184 
167 98 168 
168 51 184 
169 90 184 171 170 
170 87 183 194 
171 86 172 
172 61 
173 74 184 177 
174 59 183 175 177 
175 100 184 
176 100 177 183 192 
177 48 183 189 198 178 194 179 181 210 187 
178 68 185 190 
179 86 182 189 
180 73 184 183 198 
181 39 183 184 
182 148 184 183 
183 98 184 188 185 
184 96 186 188 
185 84 186 
186 70 
187 48 189 193 
188 63 189 
189 124 192 199 190 195 210 197 
190 99 191 
191 80 192 213 
192 21 212 196 210 193 197 
193 95 209 
194 93 195 
195 74 196 
196 98 200 
197 76 207 
198 93 199 
199 97 212 
200 86 212 202 
201 78 202 209 204 
202 34 213 203 205 
203 47 213 204 205 
204 91 206 
205 79 208 206 
206 88 
207 69 212 208 
208 58 213 
209 127 212 213 
210 88 211 
211 81 212 213 
212 96 213 
213 73 
214 82 236 215 300 320 
215 47 236 216 
216 90 827 770 
217 99 236 819 291 
218 86 236 809 219 
219 69 236 295 
220 100 236 854 307 
221 85 236 222 300 
222 56 236 820 
223 111 236 811 300 
224 100 236 823 270 
225 65 236 823 294 
226 67 236 845 313 
227 69 236 228 312 
228 70 236 829 
229 48 236 828 285 
230 70 236 847 309 
231 90 236 853 315 
232 158 236 826 296 
233 79 236 816 301 
234 66 236 821 302 
235 86 236 807 282 
236 91 827 774 300 239 237 246 250 238 263 256 266 262 258 260 255 254 245 251 812 841 248 249 264 257 265 261 253 252 298 
237 94 832 269 
238 109 835 300 239 306 343 
239 99 829 
240 87 778 242 243 
241 95 705 718 242 
242 72 766 
243 59 824 244 
244 62 827 245 
245 147 310 
246 81 850 248 
247 73 300 248 294 325 
248 76 
249 21 250 303 
250 92 846 
251 78 803 252 
252 68 297 
253 53 255 290 
254 107 827 273 
255 86 804 
256 58 818 257 
257 68 318 
258 109 851 259 
259 74 300 419 
260 107 830 308 
261 72 262 299 
262 55 805 
263 49 825 264 
264 88 304 
265 96 266 286 
266 74 857 
267 87 277 296 321 
268 22 277 311 331 
269 146 300 294 277 322 
270 80 300 277 
271 95 277 301 329 
272 73 277 293 332 
273 119 300 294 277 326 
274 40 277 303 335 
275 95 277 305 330 
276 91 277 306 304 331 336 
277 94 294 329 355 323 343 280 302 325 284 279 278 286 341 288 283 419 287 289 319 291 327 338 
278 74 317 324 
279 86 316 308 337 425 
280 56 281 349 
281 74 294 282 
282 54 300 
283 94 309 412 
284 95 285 340 
285 156 300 294 
286 110 300 294 330 
287 95 312 353 
288 75 314 417 
289 138 294 290 328 
290 98 300 
291 71 300 294 
292 86 294 300 355 
293 95 294 300 
294 79 300 320 295 343 296 301 302 303 306 305 316 304 317 341 314 309 419 308 312 311 297 298 
295 106 300 323 
296 74 300 
297 72 300 319 
298 94 300 
299 32 300 341 
300 140 815 301 302 303 306 307 315 304 318 313 309 308 312 310 
301 44 
302 99 329 
303 69 
304 107 
305 69 307 
306 130 
307 34 
308 92 
309 120 
310 60 311 
311 50 
312 126 
313 69 314 
314 39 
315 91 316 
316 62 
317 30 318 
318 86 
319 115 329 357 
320 76 329 
321 80 329 354 
322 77 329 345 
323 74 329 364 
324 93 329 362 
325 108 329 348 
326 47 329 351 
327 97 329 361 384 
328 39 329 358 
329 128 361 332 344 349 335 331 338 340 330 337 336 342 417 412 418 425 353 368 347 
330 75 362 369 
331 94 370 365 
332 67 334 
333 41 364 334 381 
334 99 361 
335 80 359 
336 72 356 
337 69 367 
338 85 360 
339 87 361 340 364 395 
340 100 
341 62 342 
342 49 364 
343 130 344 
344 96 361 364 403 
345 113 361 364 379 
346 68 364 347 375 
347 87 361 
348 64 361 364 383 
349 34 350 
350 97 361 364 372 
351 48 361 364 385 
352 121 361 353 364 392 
353 64 
354 75 361 364 384 
355 82 361 
356 29 361 364 384 
357 134 361 364 380 
358 101 361 364 388 
359 67 361 364 382 
360 72 361 364 376 
361 96 364 368 370 362 367 369 416 411 413 425 365 
362 87 364 363 386 
363 76 364 391 
364 112 384 368 371 366 369 423 410 413 426 365 398 
365 65 390 
366 76 367 377 
367 77 
368 83 378 
369 102 393 
370 16 371 
371 95 373 
372 88 384 381 401 
373 20 384 374 
374 73 381 404 
375 103 384 381 
376 85 384 381 
377 150 384 381 
378 90 384 381 399 
379 68 384 381 399 
380 105 384 381 405 
381 83 384 403 382 395 387 391 394 397 424 409 414 421 392 389 385 390 383 
382 92 384 402 
383 30 384 
384 149 403 395 386 391 393 398 424 409 415 420 392 388 385 390 
385 81 406 
386 54 387 
387 74 403 
388 27 389 
389 97 
390 115 408 
391 86 
392 57 407 
393 69 394 
394 55 400 
395 57 396 
396 55 403 
397 78 398 
398 100 
399 64 403 
400 90 403 
401 48 403 
402 42 403 
403 141 404 409 422 407 406 408 405 
404 91 424 414 
405 92 
406 87 
407 99 
408 39 
409 102 410 
410 92 411 
411 31 412 
412 74 
413 113 418 415 
414 83 415 
415 41 
416 93 417 423 
417 77 
418 52 419 
419 126 
420 93 426 421 
421 94 422 
422 53 
423 62 424 
424 91 
425 97 426 
426 54 
427 58 428 
428 28 443 429 
429 92 442 561 600 
430 128 443 442 542 
431 79 432 
432 107 443 442 571 
433 54 443 434 442 562 
434 87 
435 82 443 436 
436 52 442 543 
437 133 443 438 442 563 
438 71 
439 94 443 442 580 
440 84 443 441 
441 50 442 561 
442 92 443 446 561 491 516 501 457 466 494 530 514 454 548 460 450 472 469 511 495 480 506 479 510 524 532 522 485 498 464 476 529 448 527 525 473 467 518 503 445 452 462 616 
443 80 489 491 462 517 500 458 466 493 531 515 455 547 461 449 471 469 511 496 484 507 479 509 526 533 521 487 498 465 477 528 448 527 525 475 467 518 502 445 452 444 560 
444 38 
445 149 568 
446 86 
447 80 561 448 556 
448 116 
449 92 450 
450 81 551 
451 96 452 
452 46 569 
453 46 455 
454 61 455 552 
455 70 
456 98 561 457 536 
457 64 458 
458 147 
459 93 461 
460 11 461 572 
461 66 
462 94 463 
463 72 
464 81 465 577 
465 107 
466 92 534 
467 68 468 554 
468 33 
469 113 470 566 
470 80 
471 137 472 
472 64 555 
473 69 475 585 
474 48 475 
475 82 
476 67 477 586 
477 58 
478 94 479 
479 123 584 
480 95 484 482 
481 66 545 482 661 
482 62 561 
483 73 484 
484 83 
485 77 487 546 
486 93 487 
487 59 
488 73 489 
489 72 561 
490 96 491 
491 172 545 
492 97 493 
493 87 494 
494 56 537 
495 58 496 565 
496 135 
497 19 498 
498 111 538 
499 56 500 
500 76 501 
501 119 561 545 504 
502 91 503 
503 84 541 
504 100 615 505 
505 42 601 710 
506 100 507 576 
507 51 508 
508 50 
509 123 510 
510 87 561 
511 69 512 545 
512 92 
513 85 515 
514 92 515 544 
515 92 
516 91 517 535 
517 38 
518 68 519 579 
519 71 
520 39 521 
521 66 522 
522 58 557 
523 76 545 524 601 
524 72 526 561 
525 70 575 
526 136 
527 81 529 559 
528 83 529 
529 88 561 
530 118 531 561 540 
531 78 
532 32 533 567 
533 125 
534 108 561 545 617 
535 95 561 545 588 
536 37 545 599 
537 100 561 545 601 
538 83 561 545 603 
539 39 545 561 591 
540 97 545 561 613 615 
541 95 561 545 627 
542 67 561 545 590 
543 66 561 545 594 
544 117 561 545 619 
545 89 561 615 600 563 553 549 573 582 550 555 562 566 560 564 576 583 570 567 558 546 577 586 556 559 574 585 554 578 568 569 623 
546 82 561 615 
547 70 548 
548 106 561 549 
549 67 607 
550 85 551 626 
551 33 561 
552 84 561 553 
553 79 587 
554 104 561 621 
555 94 561 602 
556 75 639 
557 36 561 558 
558 69 622 
559 73 561 635 
560 103 561 624 
561 110 616 563 572 580 562 566 565 576 584 571 567 577 586 575 585 579 568 569 637 
562 108 616 
563 60 614 
564 65 565 610 
565 47 
566 114 611 
567 73 640 
568 49 605 
569 123 593 
570 73 571 609 
571 74 
572 90 573 
573 62 618 
574 100 575 628 
575 69 
576 131 633 
577 94 631 
578 95 579 597 
579 60 
580 59 582 
581 80 615 582 681 
582 42 
583 98 584 615 655 
584 40 
585 120 630 
586 115 641 
587 56 615 601 664 
588 89 615 589 
589 63 601 678 
590 146 615 601 653 
591 95 615 592 
592 59 601 644 
593 113 615 601 648 
594 80 615 595 
595 91 601 642 
596 49 601 597 662 
597 98 615 
598 52 601 599 654 
599 54 615 
600 80 601 618 670 
601 88 615 643 617 612 620 607 681 626 602 606 604 623 625 610 660 634 655 608 636 640 727 739 603 632 641 638 635 628 629 621 627 605 652 839 
602 68 615 677 
603 94 615 692 
604 72 611 676 
605 56 615 686 
606 93 616 679 
607 114 615 666 
608 33 609 674 
609 99 615 
610 102 615 673 
611 69 615 
612 88 613 643 
613 54 615 
614 88 615 643 
615 81 616 617 619 618 626 623 624 661 633 637 640 622 631 641 639 635 628 630 621 627 739 744 
616 83 
617 95 647 
618 90 
619 76 620 
620 47 649 
621 83 791 
622 20 727 
623 131 667 
624 36 625 
625 64 689 
626 144 645 
627 80 750 
628 81 694 
629 39 630 688 
630 94 
631 67 632 
632 91 693 
633 96 634 
634 30 646 
635 106 685 
636 48 637 687 
637 72 
638 17 639 680 
639 100 
640 111 668 
641 161 659 
642 54 643 678 711 
643 99 678 710 644 654 653 647 652 649 664 666 670 682 645 677 679 676 667 689 673 660 646 657 674 687 839 668 726 738 692 693 659 744 680 685 694 688 791 662 750 686 648 
644 139 678 671 712 
645 66 672 
646 57 678 740 
647 128 678 695 
648 86 678 706 
649 88 650 
650 32 678 721 
651 32 678 652 709 
652 60 
653 139 678 714 
654 100 678 728 
655 95 657 
656 84 678 657 697 
657 84 
658 14 678 659 735 
659 67 
660 147 661 678 731 
661 79 
662 87 663 
663 84 678 707 
664 89 665 
665 41 678 708 
666 143 678 701 
667 56 678 745 
668 136 678 730 
669 36 678 670 719 
670 95 
671 87 678 705 
672 53 678 713 
673 82 678 
674 86 678 736 
675 88 678 676 716 
676 38 
677 94 678 720 
678 70 709 683 679 690 687 838 726 738 691 693 742 680 684 694 688 790 750 686 698 
679 119 733 
680 62 704 
681 81 682 
682 46 683 
683 91 715 
684 97 685 699 
685 32 
686 68 718 
687 114 834 
688 63 703 
689 74 690 
690 32 747 
691 81 692 723 
692 37 
693 117 725 
694 172 700 
695 75 709 705 755 
696 57 705 697 767 
697 76 709 
698 51 709 705 788 
699 68 709 705 794 
700 117 709 705 797 
701 116 709 705 760 
702 94 705 703 754 
703 15 709 
704 106 709 705 784 
705 71 709 766 728 762 712 721 759 719 765 713 720 734 717 746 748 732 740 737 833 837 729 724 741 722 725 735 743 789 707 751 706 
706 98 709 783 
707 95 709 800 
708 94 709 759 
709 65 710 711 728 714 712 721 719 715 713 720 733 716 745 747 731 740 736 834 837 730 724 738 723 725 735 743 789 750 718 775 
710 85 
711 59 766 
712 112 766 
713 75 764 
714 86 762 
715 98 765 
716 35 717 
717 88 780 
718 84 
719 71 771 
720 169 787 
721 83 757 
722 96 723 769 
723 44 
724 77 726 782 
725 95 795 
726 126 727 
727 64 
728 112 778 
729 35 730 776 
730 92 
731 79 732 
732 32 752 
733 86 734 
734 93 763 
735 144 749 
736 86 737 
737 66 802 
738 74 739 741 
739 85 
740 88 768 
741 56 796 
742 80 744 743 
743 100 772 
744 46 
745 49 746 
746 79 773 
747 74 748 
748 78 786 
749 44 766 779 
750 73 751 
751 87 766 780 
752 51 766 778 822 
753 85 778 754 830 
754 95 766 
755 87 766 778 827 
756 80 778 757 814 
757 60 766 
758 81 766 759 778 
759 86 
760 64 766 761 
761 77 778 823 
762 101 766 824 
763 81 766 781 
764 48 766 778 809 
765 115 766 777 
766 57 778 775 771 787 780 773 786 788 768 767 802 833 843 776 782 796 769 795 772 784 794 797 793 800 783 
767 102 778 849 
768 87 778 831 
769 104 778 825 
770 26 824 771 
771 71 778 
772 52 778 805 
773 130 778 826 
774 94 824 775 
775 110 778 
776 74 778 828 
777 17 778 810 
778 157 824 787 781 780 785 788 801 836 842 782 796 795 779 784 794 798 792 799 783 813 823 
779 86 856 
780 125 824 806 
781 78 820 
782 63 855 
783 68 803 
784 138 845 
785 43 786 816 
786 80 
787 125 819 
788 90 808 
789 89 790 793 
790 66 791 
791 67 
792 53 793 825 
793 70 
794 56 848 
795 109 817 
796 63 852 
797 74 798 
798 39 851 
799 51 800 804 
800 100 
801 90 802 844 
802 76 
803 88 824 827 
804 67 824 827 
805 106 824 827 
806 89 824 827 
807 73 827 808 
808 82 824 
809 78 824 827 
810 63 824 811 
811 71 827 
812 99 827 813 
813 91 824 
814 77 824 815 
815 90 827 
816 121 824 827 
817 59 824 818 
818 65 827 
819 117 824 827 
820 44 824 827 
821 55 827 822 
822 92 824 
823 78 824 827 
824 84 827 826 831 849 844 835 840 828 855 852 825 856 845 848 851 830 829 
825 98 827 829 
826 78 827 
827 119 829 832 850 846 835 841 828 854 853 857 845 847 851 830 
828 84 
829 64 
830 112 
831 96 832 
832 89 
833 54 834 836 
834 84 
835 84 836 
836 78 
837 97 838 843 
838 97 839 
839 39 
840 51 842 841 
841 94 
842 97 843 
843 21 
844 90 846 
845 126 
846 68 
847 81 848 
848 67 
849 61 850 
850 76 
851 63 
852 57 853 
853 79 
854 86 855 
855 67 
856 46 857 
857 70 
