name weight children
0 94 24 62 1 
1 100 23 56 
2 49 24 66 3 
3 62 23 52 
4 86 24 79 23 49 
5 60 24 82 23 45 
6 37 102 7 
7 64 79 24 
8 90 23 9 39 
9 52 24 81 
10 56 23 11 47 
11 83 24 76 
12 84 24 79 13 
13 94 23 34 
14 117 24 84 23 197 
15 45 23 16 40 
16 66 24 64 
17 62 24 78 18 
18 89 23 43 
19 73 23 20 50 
20 36 24 73 
21 93 24 61 23 187 
22 96 24 85 58 23 57 
23 92 24 83 70 74 51 27 25 28 53 46 54 
24 98 80 31 27 26 28 
25 87 26 51 191 
26 56 80 
27 81 69 37 
28 52 80 193 
29 77 79 33 30 
30 40 80 31 
31 86 51 
32 89 33 
33 96 102 
34 96 51 35 
35 20 53 187 
36 88 53 37 188 
37 76 51 
38 67 53 39 174 
39 47 51 
40 75 51 41 
41 82 53 201 
42 75 53 43 186 
43 71 51 
44 44 53 45 182 
45 84 51 
46 107 51 53 178 
47 100 51 53 180 
48 72 53 49 184 
49 84 51 
50 71 51 53 
51 84 53 187 52 197 54 56 57 193 
52 92 53 
53 72 187 191 196 55 56 57 192 185 176 
54 38 55 
55 64 199 
56 126 188 
57 108 181 
58 87 80 59 
59 92 79 109 
60 56 79 106 61 
61 53 80 
62 58 80 63 
63 64 79 103 
64 85 80 65 
65 52 79 96 
66 81 79 91 80 
67 142 102 80 
68 34 79 94 69 
69 66 80 
70 53 80 71 
71 99 79 98 
72 70 102 79 73 
73 63 80 
74 109 79 110 80 
75 47 79 88 76 
76 52 80 
77 91 79 102 78 
78 50 80 
79 90 102 86 80 83 81 85 84 82 107 115 113 
80 101 83 81 85 84 82 
81 94 93 
82 95 89 112 
83 103 104 
84 70 102 
85 68 101 
86 57 
87 62 88 
88 73 102 
89 133 102 
90 12 91 
91 68 102 
92 96 93 
93 81 102 
94 63 102 99 
95 91 96 
96 96 102 
97 85 98 
98 67 102 
99 89 
100 57 102 
101 144 102 
102 87 104 106 107 110 103 115 109 113 112 
103 93 
104 65 105 
105 70 
106 65 
107 105 
108 80 109 
109 54 
110 31 111 
111 92 
112 74 
113 120 
114 52 115 
115 81 
116 54 121 117 
117 98 121 118 
118 25 119 124 
119 62 123 120 121 122 
120 58 125 143 
121 41 130 122 
122 72 128 
123 65 125 142 130 128 124 
124 51 125 
125 76 143 131 129 127 126 
126 87 143 134 
127 86 144 128 
128 60 
129 43 143 130 
130 99 
131 67 138 133 
132 25 157 155 133 
133 96 141 
134 82 138 135 
135 68 141 137 
136 41 141 158 143 
137 90 157 153 
138 79 141 159 143 139 140 145 
139 67 141 154 142 143 
140 80 141 146 143 
141 68 157 153 145 150 
142 64 143 
143 101 144 
144 71 145 
145 73 157 
146 68 157 147 
147 74 153 163 
148 81 167 149 151 
149 86 227 218 
150 61 153 151 157 
151 79 167 
152 71 167 228 153 
153 112 167 157 159 158 155 154 156 161 171 
154 67 166 157 
155 64 172 
156 72 164 157 
157 76 165 159 158 
158 68 160 
159 99 169 
160 99 167 225 
161 85 167 214 
162 63 167 227 163 
163 49 167 
164 69 167 226 
165 101 167 215 
166 68 167 210 
167 106 227 217 168 173 170 230 169 172 171 
168 59 204 169 
169 88 
170 82 207 171 
171 90 
172 93 173 
173 88 227 
174 70 187 223 
175 64 188 176 212 
176 78 187 
177 68 188 178 231 
178 64 187 
179 70 188 180 222 
180 43 187 
181 84 187 188 219 
182 98 187 188 223 
183 55 188 184 216 
184 46 187 
185 86 187 188 224 
186 92 187 188 217 
187 97 188 190 196 199 194 201 
188 99 223 189 198 200 195 202 220 221 
189 42 190 229 
190 48 191 
191 85 
192 70 193 194 
193 96 
194 42 195 
195 93 211 
196 75 197 198 
197 65 
198 90 223 
199 91 200 
200 64 203 
201 95 202 
202 65 206 
203 92 223 205 
204 84 227 205 
205 54 222 
206 84 223 208 
207 49 227 208 
208 83 222 
209 92 222 211 210 
210 73 227 
211 100 223 
212 77 223 213 
213 50 222 214 
214 76 227 
215 52 227 222 
216 78 223 222 227 
217 98 223 222 
218 46 222 219 
219 85 223 
220 75 223 222 225 
221 71 223 222 227 
222 81 223 227 230 228 226 
223 89 224 231 229 
224 89 227 
225 69 227 
226 87 227 
227 72 230 228 
228 99 229 
229 68 
230 77 231 
231 75 
