name weight children
0 109 38 11 
1 88 11 35 2 
2 44 12 19 
3 140 11 33 12 17 
4 135 11 32 12 87 
5 70 11 51 12 13 
6 160 11 48 12 18 
7 56 11 31 12 18 
8 122 11 34 12 14 
9 103 11 45 12 16 
10 169 11 37 28 12 17 22 
11 141 37 12 15 21 25 41 36 39 
12 147 26 17 21 25 16 23 
13 85 17 91 
14 64 17 85 
15 94 37 17 
16 81 17 81 84 
17 190 87 18 21 23 24 19 22 90 78 
18 116 102 86 
19 56 82 
20 134 38 37 21 
21 123 79 
22 93 83 
23 95 88 
24 89 25 89 
25 120 44 
26 164 38 37 
27 100 38 28 
28 100 37 
29 58 37 
30 148 38 31 
31 70 37 
32 133 38 37 
33 94 38 37 
34 147 38 37 
35 141 38 37 
36 115 38 37 
37 155 38 42 48 51 41 45 44 39 
38 162 49 51 40 46 43 39 
39 135 
40 86 41 
41 94 
42 63 
43 107 44 
44 98 
45 44 46 
46 78 47 
47 100 
48 99 49 
49 137 
50 70 51 
51 120 
52 85 62 96 53 
53 43 62 54 
54 97 63 74 
55 108 62 95 56 
56 80 63 68 
57 205 62 99 63 65 
58 123 62 98 63 67 
59 101 62 60 63 66 
60 79 62 104 
61 114 62 104 66 
62 153 104 102 63 64 93 97 66 
63 150 101 66 64 
64 114 103 69 
65 99 66 76 
66 128 74 69 68 67 76 70 
67 78 77 
68 124 75 
69 95 70 
70 87 71 
71 66 76 73 
72 120 73 77 
73 160 76 75 
74 64 76 
75 109 76 
76 130 77 
77 104 
78 96 87 90 100 
79 100 87 80 
80 71 90 102 
81 145 87 90 101 
82 49 87 90 94 
83 168 87 90 98 
84 133 87 90 104 
85 116 87 90 97 
86 106 87 90 104 
87 123 90 102 91 88 89 
88 138 90 96 
89 127 90 103 
90 156 103 92 104 
91 61 92 
92 135 103 93 
93 94 104 
94 97 103 95 
95 93 104 
96 126 103 104 
97 118 103 104 
98 116 103 104 
99 65 104 100 
100 98 103 
101 96 103 104 
102 94 103 
103 146 104 
104 149 
