name weight children
0 98 1 35 55 
1 323 25 24 47 2 3 8 4 23 67 13 5 40 10 18 9 7 11 12 6 21 15 16 19 45 36 37 41 55 86 14 71 63 69 58 
2 285 29 26 28 55 62 59 
3 158 25 49 
4 131 47 54 
5 280 34 25 71 59 
6 132 26 51 
7 143 30 65 
8 92 32 86 
9 118 46 61 
10 239 43 27 59 56 
11 272 33 42 56 
12 182 25 60 
13 44 35 14 
14 92 55 
15 191 25 55 
16 135 17 55 
17 118 25 
18 234 25 19 
19 199 20 89 55 
20 186 25 
21 182 25 22 70 
22 152 25 
23 305 25 57 
24 46 25 
25 392 47 29 31 45 36 66 35 34 39 26 43 46 30 33 37 42 41 27 28 32 
26 279 
27 166 
28 168 
29 224 
30 141 
31 114 32 
32 99 
33 191 
34 194 
35 337 
36 127 
37 123 38 
38 83 
39 157 40 
40 141 41 71 
41 136 
42 166 
43 120 44 
44 94 
45 187 
46 153 
47 452 55 
48 23 49 56 82 
49 329 55 83 57 63 68 71 62 50 53 89 52 64 69 60 51 70 54 56 58 82 95 80 
50 247 59 55 75 91 74 83 
51 226 55 80 
52 189 55 61 56 82 93 
53 151 55 77 76 
54 58 55 
55 298 85 57 63 68 71 62 59 89 61 65 56 69 60 70 58 84 
56 293 
57 126 94 
58 105 
59 285 
60 194 72 
61 61 
62 153 88 
63 180 83 
64 54 65 87 
65 127 
66 130 67 
67 161 68 
68 146 78 
69 185 90 
70 187 83 
71 471 79 73 
72 129 83 82 148 
73 133 83 163 82 74 146 
74 158 83 
75 182 83 82 147 
76 172 83 82 154 
77 208 83 82 155 
78 139 83 82 158 
79 155 83 82 146 
80 253 83 82 155 
81 19 82 83 167 
82 328 83 146 95 163 162 92 89 87 93 90 155 149 145 165 
83 315 84 94 95 88 91 89 87 93 90 163 149 146 
84 67 85 
85 93 86 
86 58 
87 118 153 
88 132 162 
89 330 150 
90 186 152 
91 128 92 
92 98 146 
93 218 149 
94 182 146 
95 391 145 144 
96 96 97 98 
97 94 98 100 
98 117 100 101 
99 35 101 103 100 
100 290 101 102 
101 288 103 105 104 
102 49 103 106 
103 297 107 108 104 106 
104 202 107 113 
105 56 107 110 
106 208 107 109 112 
107 275 113 109 112 
108 121 113 118 
109 207 113 116 
110 140 113 119 
111 95 118 142 113 
112 183 113 115 118 
113 352 118 117 114 119 
114 148 118 140 
115 148 118 139 
116 277 118 139 138 
117 65 118 139 
118 309 139 130 119 141 
119 231 140 139 
120 61 122 189 134 
121 201 122 181 182 136 137 
122 330 182 180 130 127 131 125 124 123 126 129 183 191 185 134 128 139 132 
123 154 184 136 
124 126 186 133 
125 250 191 184 134 135 
126 156 182 134 140 
127 78 191 128 
128 71 134 
129 114 181 137 
130 215 185 134 
131 271 188 190 143 133 
132 78 134 138 
133 215 134 139 140 
134 324 139 143 136 135 137 142 140 
135 111 141 
136 187 139 141 
137 216 139 
138 58 139 
139 351 142 141 140 
140 184 
141 181 
142 163 143 
143 82 
144 78 146 158 
145 230 146 176 160 
146 378 158 164 162 147 155 150 153 149 152 148 167 154 165 151 166 157 159 160 
147 132 158 
148 133 157 
149 254 158 175 
150 116 161 
151 94 152 156 
152 41 
153 96 158 
154 177 158 174 
155 436 161 157 173 
156 13 158 178 
157 259 158 176 168 
158 349 176 164 163 159 161 160 173 166 165 179 172 
159 169 175 
160 164 177 171 
161 175 169 176 
162 191 163 
163 209 164 176 
164 172 182 
165 232 179 
166 134 167 170 
167 90 
168 127 176 191 
169 90 176 189 
170 111 176 184 
171 146 176 181 
172 165 176 191 
173 287 176 180 186 
174 51 176 182 
175 301 176 183 185 184 
176 314 182 177 179 178 191 181 
177 124 182 
178 114 187 
179 330 185 182 190 
180 39 182 
181 201 182 
182 372 183 189 191 185 187 186 184 190 188 
183 115 
184 211 
185 239 
186 148 
187 86 188 
188 92 
189 153 
190 160 
191 282 
