name weight children
0 64 1 14 4 
1 143 23 17 4 2 16 6 5 3 11 30 7 27 49 
2 98 31 43 
3 71 24 4 63 
4 108 17 43 16 6 10 5 50 49 7 45 46 
5 97 19 13 43 
6 86 21 45 
7 84 26 44 
8 72 23 11 
9 86 15 
10 51 11 43 
11 131 17 
12 65 23 13 
13 91 17 
14 111 23 17 
15 62 23 16 
16 105 17 43 
17 92 23 18 20 31 21 19 24 30 27 26 
18 82 
19 122 23 
20 51 
21 67 23 22 
22 79 
23 96 32 24 29 27 25 
24 115 
25 77 26 
26 56 
27 116 28 
28 66 
29 120 30 
30 130 50 
31 73 32 
32 67 33 
33 94 
34 120 38 45 56 53 55 37 35 40 58 
35 66 41 52 
36 78 38 42 37 
37 94 57 
38 115 43 45 39 53 40 41 48 55 
39 89 47 56 
40 64 50 
41 99 44 
42 93 43 
43 102 45 46 63 50 48 44 47 64 
44 77 
45 112 
46 72 47 
47 56 
48 68 49 
49 91 
50 154 
51 22 54 52 60 
52 78 56 
53 141 64 54 
54 102 56 59 57 58 
55 86 56 59 
56 81 57 58 
57 71 67 
58 107 62 
59 87 67 62 60 
60 86 66 
61 78 67 62 65 
62 91 
63 39 64 
64 89 
65 100 67 66 
66 77 67 
67 130 
