name weight children
0 92 27 1 61 
1 139 25 27 
2 71 4 
3 99 27 4 55 
4 189 25 27 
5 124 25 6 
6 48 27 50 
7 143 25 27 9 
8 146 25 27 9 
9 142 27 58 46 
10 136 27 11 63 
11 141 25 
12 91 27 13 61 
13 87 25 14 27 
14 86 
15 206 25 27 56 
16 125 25 17 
17 134 27 44 
18 157 25 20 
19 220 25 27 20 
20 136 27 52 63 
21 167 25 27 
22 132 25 27 
23 92 25 27 59 
24 202 25 26 28 
25 257 27 38 41 29 37 30 34 36 33 40 28 
26 134 27 62 
27 295 28 38 41 29 39 30 31 35 32 42 59 
28 180 47 45 
29 190 60 
30 179 31 
31 157 34 49 58 
32 52 33 48 
33 125 
34 164 
35 144 36 60 
36 98 
37 157 39 
38 211 39 
39 220 51 57 
40 151 42 
41 178 42 56 
42 156 53 
43 137 81 44 124 
44 113 59 79 
45 80 59 75 
46 148 59 74 
47 132 59 79 81 124 
48 125 59 79 
49 107 59 71 
50 124 59 79 84 
51 118 59 78 
52 188 59 81 
53 147 59 54 
54 71 79 80 
55 146 59 77 
56 194 59 57 72 
57 155 59 79 78 
58 126 59 73 78 
59 267 61 60 63 62 79 85 
60 165 79 67 
61 114 79 65 
62 131 76 
63 185 69 66 
64 90 81 65 114 
65 74 79 81 
66 194 79 81 126 
67 121 79 81 68 
68 92 81 127 
69 94 79 70 
70 91 81 118 
71 136 79 81 125 
72 190 79 81 107 
73 177 79 81 123 
74 169 79 81 128 
75 148 79 82 81 76 120 
76 110 79 81 
77 162 79 81 121 
78 175 79 82 80 84 
79 221 81 85 83 
80 144 81 119 124 
81 216 82 85 84 83 124 110 116 
82 174 124 122 
83 120 125 
84 157 127 117 
85 159 124 
86 132 89 111 90 155 
87 175 89 111 90 157 
88 99 89 117 90 
89 213 111 124 90 95 91 104 92 98 102 101 105 96 107 109 108 156 
90 293 113 94 91 104 98 102 93 101 106 97 92 156 99 103 152 157 150 
91 154 111 92 
92 149 111 162 
93 128 95 156 
94 124 95 159 
95 137 110 
96 97 111 97 
97 143 156 158 
98 136 116 99 
99 92 100 
100 94 156 170 
101 177 112 156 161 
102 164 115 103 
103 99 154 
104 97 111 106 
105 124 111 122 106 
106 133 156 160 151 
107 137 124 111 
108 84 111 125 
109 89 111 118 
110 169 124 111 119 
111 261 124 113 116 115 117 112 125 120 123 127 126 128 
112 100 121 
113 99 114 
114 170 124 
115 93 128 
116 195 124 
117 128 124 
118 128 124 
119 133 124 
120 178 124 
121 125 124 
122 124 124 
123 101 124 
124 278 125 127 126 128 
125 207 
126 121 
127 135 128 
128 171 
129 154 133 163 132 146 
130 97 133 161 131 
131 127 132 133 146 145 
132 232 133 168 138 135 136 146 137 147 
133 239 168 164 138 134 136 170 165 
134 97 169 135 
135 142 149 
136 216 171 144 
137 96 138 146 
138 126 166 
139 156 142 145 140 143 
140 126 142 
141 83 146 149 142 
142 175 146 143 148 
143 135 144 
144 132 146 
145 168 146 
146 178 149 147 148 
147 111 148 
148 63 
149 167 
150 156 156 159 169 
151 199 159 168 
152 176 156 159 167 
153 84 159 154 163 
154 110 156 159 
155 210 156 159 166 
156 198 159 157 162 160 
157 155 159 160 
158 149 159 171 
159 222 162 170 160 161 167 164 
160 198 165 167 
161 140 167 168 
162 96 167 
163 132 167 168 
164 84 167 
165 123 167 168 
166 121 167 168 
167 174 168 170 169 171 
168 178 170 169 171 
169 97 
170 195 
171 143 
