name weight children
0 44 13 2 
1 834 2 14 21 19 17 13 40 4 
2 1054 13 4 22 8 23 10 3 6 18 5 9 7 11 14 17 15 20 16 19 35 34 
3 140 13 4 43 
4 897 13 23 18 45 8 10 40 6 35 5 9 7 11 34 47 44 41 39 42 38 36 
5 760 23 16 45 46 
6 160 23 38 
7 558 13 17 41 43 
8 980 13 14 20 45 46 44 48 
9 178 17 41 
10 421 13 46 
11 1060 13 17 14 46 48 44 
12 99 13 
13 1107 22 14 23 21 18 19 17 15 20 16 
14 836 
15 147 
16 556 
17 966 
18 330 
19 441 
20 852 
21 261 
22 568 35 45 
23 788 
24 84 25 53 
25 1095 37 47 29 27 28 33 30 32 26 31 35 34 40 38 39 41 53 54 60 
26 831 37 44 36 52 53 
27 429 37 38 33 53 55 
28 437 38 37 53 58 
29 888 41 37 38 50 53 54 
30 257 37 53 50 
31 424 37 44 53 51 
32 946 37 48 53 54 50 51 
33 289 41 53 54 50 
34 602 45 47 37 53 59 
35 612 48 37 53 60 50 
36 271 45 47 37 
37 901 47 46 40 38 41 39 44 43 42 48 
38 769 45 47 46 44 
39 276 45 47 
40 321 45 47 
41 932 45 47 
42 155 45 47 
43 403 45 47 
44 1071 45 47 
45 656 47 46 48 
46 603 47 
47 676 48 
48 597 
49 97 50 53 57 
50 847 53 56 55 58 51 60 59 54 52 57 
51 719 53 54 60 56 57 71 
52 129 53 
53 966 54 60 55 58 59 56 
54 764 58 
55 145 56 69 
56 939 58 57 60 59 71 69 68 72 70 
57 706 69 67 71 72 
58 481 72 69 
59 366 69 68 
60 890 69 70 68 
61 124 65 72 62 90 
62 782 65 69 86 63 90 89 66 87 85 88 
63 777 65 68 69 71 86 90 
64 31 65 72 90 
65 937 69 67 70 66 72 68 71 86 
66 836 69 68 70 89 
67 67 69 
68 819 69 
69 956 70 71 72 
70 309 86 
71 566 
72 744 
73 82 75 78 
74 326 75 
75 824 78 77 
76 79 81 80 77 
77 678 81 80 78 
78 821 81 80 
79 75 83 84 80 
80 972 83 84 81 
81 957 83 84 
82 99 92 96 84 
83 971 92 97 84 93 
84 1071 92 97 93 
85 61 86 87 
86 944 87 90 88 89 94 96 
87 878 94 96 90 88 89 97 95 
88 200 94 
89 412 94 97 
90 1062 97 91 94 
91 95 94 92 
92 862 94 97 93 96 95 
93 776 95 94 
94 686 95 97 96 
95 534 
96 333 
97 774 
