name weight children
0 117 2 15 3 4 
1 161 2 16 3 4 
2 215 16 13 3 4 8 5 
3 222 14 11 4 5 7 
4 190 12 7 5 6 
5 117 6 
6 188 7 
7 174 
8 105 16 9 
9 175 33 34 16 
10 150 33 22 16 
11 147 16 29 
12 159 16 33 
13 143 16 30 
14 144 16 32 
15 211 33 34 16 27 
16 263 33 31 28 
17 134 20 32 
18 187 20 34 
19 161 20 33 30 
20 267 34 25 21 23 24 31 26 
21 99 34 22 
22 97 34 
23 149 29 
24 189 34 
25 238 33 28 
26 115 34 27 
27 142 34 33 
28 171 34 33 
29 242 34 33 
30 172 34 33 
31 122 34 33 
32 164 34 33 
33 180 34 
34 286 
