name weight children
0 75 9 14 8 
1 206 9 13 8 26 
2 207 9 16 8 23 
3 374 9 19 15 8 23 24 
4 1089 9 13 14 8 24 29 23 
5 329 9 118 14 8 23 25 
6 526 9 13 15 8 23 24 
7 70 8 9 26 
8 790 9 13 24 18 28 27 21 12 22 23 25 29 26 
9 851 13 14 18 11 27 17 12 16 19 10 24 
10 90 11 28 
11 146 13 105 
12 218 13 115 29 
13 1043 104 106 14 18 19 103 15 16 119 118 17 115 114 108 116 105 101 
14 900 119 104 102 115 120 
15 258 114 104 
16 517 113 117 104 102 
17 221 101 21 
18 372 104 24 
19 597 112 102 105 120 
20 177 24 21 33 
21 82 
22 86 24 33 
23 916 24 33 34 31 38 
24 1126 28 25 27 29 26 33 35 36 30 34 39 
25 243 36 37 
26 512 39 33 31 38 
27 336 119 39 
28 232 39 
29 631 33 34 78 
30 335 33 34 79 
31 595 33 34 79 76 
32 55 34 33 80 
33 763 34 35 39 36 38 37 
34 720 79 35 39 36 38 37 80 75 77 76 
35 146 75 
36 392 77 79 
37 160 80 
38 466 80 79 
39 892 77 79 75 
40 90 41 43 
41 93 43 
42 48 49 48 44 
43 674 44 46 
44 674 45 46 
45 276 49 48 46 
46 173 49 
47 63 59 58 48 
48 709 59 49 57 
49 712 59 
50 151 53 51 58 
51 187 63 62 53 
52 72 53 63 
53 1254 63 64 54 56 60 61 58 55 59 
54 1022 63 60 61 64 58 
55 153 56 58 59 
56 134 61 
57 81 59 
58 1211 59 
59 1005 
60 328 63 66 69 
61 436 63 66 67 68 
62 14 63 66 
63 715 68 64 69 65 66 
64 614 68 70 69 65 
65 222 68 71 73 
66 549 68 70 74 71 
67 134 68 73 
68 733 73 77 69 74 71 
69 647 73 72 74 
70 218 73 80 76 
71 579 73 75 79 77 76 
72 92 73 79 
73 786 79 75 77 74 80 
74 622 78 79 80 
75 195 79 
76 247 79 
77 719 79 
78 121 79 
79 782 80 
80 599 
81 324 84 130 134 127 90 89 
82 576 84 122 121 135 133 89 90 
83 56 84 127 89 
84 864 134 137 89 93 85 91 94 100 99 95 98 86 96 124 135 125 88 90 
85 698 123 135 126 129 134 130 89 90 
86 130 134 87 
87 138 89 115 
88 92 89 109 
89 1124 131 93 92 90 94 100 99 95 98 97 109 107 113 106 119 111 118 116 115 120 110 
90 912 114 109 110 115 106 
91 159 134 92 
92 176 109 
93 302 134 109 
94 555 135 125 109 110 
95 812 134 128 125 114 119 106 
96 189 134 97 
97 180 110 
98 239 125 110 
99 620 135 124 107 110 
100 759 135 134 110 109 
101 242 104 107 110 
102 573 104 109 
103 88 105 
104 873 109 106 114 119 108 107 105 112 113 118 117 115 120 110 116 
105 687 109 110 
106 450 109 
107 442 109 116 
108 118 109 
109 819 114 119 110 111 113 118 116 115 120 
110 627 
111 189 112 
112 158 
113 217 
114 493 
115 864 
116 213 117 
117 184 
118 332 
119 644 
120 547 
121 142 140 155 134 
122 175 140 158 134 
123 248 140 149 134 
124 435 140 144 147 134 
125 887 140 157 158 151 134 
126 137 140 158 134 
127 324 140 157 149 134 
128 386 160 157 140 134 
129 508 160 157 140 134 
130 537 140 150 146 152 134 
131 124 140 132 134 
132 152 157 160 140 
133 87 134 140 
134 1097 140 150 158 135 136 139 137 138 
135 973 140 142 154 155 137 139 
136 310 140 145 158 
137 556 140 157 155 143 150 
138 70 140 150 
139 714 140 157 148 155 158 
140 905 157 161 153 145 144 154 
141 134 160 142 
142 109 157 
143 235 160 157 
144 561 160 157 
145 955 160 157 
146 168 160 157 
147 248 160 157 
148 191 160 157 
149 450 160 157 
150 948 160 157 
151 126 160 157 
152 172 160 157 
153 279 160 157 
154 539 160 157 
155 1029 160 157 
156 61 160 158 
157 829 160 161 158 159 
158 679 160 161 
159 67 160 
160 812 161 
161 680 
