name weight children
0 54 68 523 1 
1 55 68 17 
2 144 17 54 20 114 
3 94 20 4 95 
4 91 17 44 
5 69 17 47 6 
6 79 20 119 
7 133 17 44 20 120 
8 162 17 44 20 105 
9 349 17 45 43 20 121 97 
10 77 17 49 11 
11 73 20 121 
12 165 17 46 20 108 
13 126 17 41 20 112 
14 220 17 51 53 20 116 124 
15 37 17 47 20 
16 147 17 43 60 20 18 
17 308 44 575 20 30 40 37 35 31 27 23 21 32 29 28 38 58 43 48 59 19 100 
18 61 20 102 
19 240 20 117 120 
20 250 42 30 39 37 35 165 26 25 22 34 29 28 38 121 89 36 113 100 24 33 116 104 95 123 122 118 124 
21 62 51 22 
22 100 110 
23 99 50 25 
24 66 25 150 
25 53 
26 39 27 101 
27 59 46 
28 156 44 121 
29 194 54 91 
30 340 55 77 89 104 
31 90 49 165 
32 64 44 34 
33 75 34 107 
34 70 
35 220 44 552 113 
36 62 37 113 
37 127 52 
38 178 44 118 
39 180 40 111 
40 90 56 
41 76 44 71 
42 95 44 64 
43 248 68 513 44 80 72 82 
44 299 68 45 49 55 56 52 58 46 50 51 48 60 47 54 53 77 59 63 81 82 61 67 75 65 
45 96 64 
46 131 66 68 
47 117 79 69 
48 90 70 
49 137 68 587 74 
50 97 78 
51 154 71 65 
52 140 68 567 
53 85 68 
54 156 76 68 
55 153 68 515 
56 81 57 
57 121 68 512 
58 166 68 565 
59 96 67 
60 97 67 
61 54 68 62 
62 51 68 518 
63 90 68 521 
64 184 68 511 522 
65 239 68 562 564 
66 18 68 514 
67 218 68 586 505 519 
68 239 522 520 577 587 567 81 551 80 82 74 565 73 514 78 71 70 79 69 76 77 75 507 521 513 519 517 575 552 72 
69 98 509 
70 113 524 
71 152 583 516 
72 73 73 
73 40 584 
74 98 514 
75 81 580 
76 98 563 
77 139 522 
78 101 525 
79 111 548 
80 118 579 
81 131 522 
82 307 560 508 
83 72 85 113 163 
84 41 85 112 133 
85 317 121 89 142 113 86 100 164 101 152 160 102 88 92 90 91 87 94 147 93 99 120 122 118 103 108 141 134 159 153 135 137 
86 252 123 117 124 118 138 125 154 142 
87 99 105 129 
88 143 106 116 157 132 
89 129 121 
90 61 119 131 
91 169 121 144 
92 80 124 134 
93 97 115 155 
94 69 96 155 
95 81 121 96 
96 83 121 
97 93 121 98 
98 98 121 99 
99 60 142 
100 279 121 139 
101 191 121 143 
102 189 121 145 
103 101 121 104 
104 33 
105 78 121 
106 98 121 107 
107 53 121 
108 113 121 
109 71 121 110 160 
110 83 121 
111 142 121 142 
112 131 121 
113 312 121 142 
114 69 121 115 
115 68 121 
116 159 121 
117 121 121 
118 224 121 
119 92 121 
120 164 121 
121 190 123 165 122 150 124 147 
122 85 
123 133 
124 237 
125 73 142 126 
126 139 141 181 
127 91 141 128 180 
128 16 141 129 
129 89 142 
130 38 141 131 210 
131 74 142 141 
132 217 142 141 185 
133 130 142 141 242 
134 337 142 141 183 174 
135 89 142 136 
136 81 141 184 
137 144 142 141 180 
138 150 142 141 189 
139 153 142 141 170 
140 32 141 142 168 
141 225 142 163 164 158 153 143 151 161 145 156 154 144 155 148 183 175 162 149 242 172 166 
142 245 163 164 159 153 143 152 161 145 157 154 144 155 146 
143 128 173 
144 165 175 
145 146 169 
146 18 147 148 
147 49 
148 87 149 
149 68 186 
150 169 152 
151 133 152 176 
152 131 
153 147 182 
154 157 183 
155 297 186 180 
156 48 157 178 
157 98 
158 97 159 175 
159 67 
160 77 161 
161 94 162 
162 84 179 
163 215 182 
164 215 165 183 
165 273 
166 15 183 167 
167 56 182 200 
168 142 183 182 195 
169 168 183 182 196 
170 81 183 182 191 
171 75 182 172 205 
172 25 183 
173 107 183 182 190 
174 112 183 182 191 
175 306 183 182 190 191 
176 79 183 177 
177 52 182 191 
178 118 183 182 190 
179 94 183 182 202 
180 289 183 182 197 203 191 
181 122 183 182 192 
182 195 183 191 210 185 184 186 243 187 198 
183 199 189 210 185 184 186 242 191 
184 129 194 
185 87 207 
186 234 199 206 
187 83 191 188 
188 24 191 237 
189 54 191 
190 271 191 228 225 217 
191 344 202 192 196 211 198 197 207 194 199 205 203 206 200 195 244 227 193 224 208 204 201 223 220 
192 21 193 
193 80 215 
194 154 248 
195 166 214 
196 193 221 
197 46 208 
198 87 224 
199 114 218 
200 80 201 
201 90 216 
202 138 222 
203 44 204 
204 76 217 
205 149 227 
206 185 226 
207 184 222 
208 140 227 209 
209 83 228 239 
210 116 211 
211 130 212 
212 147 227 228 231 
213 83 228 214 234 
214 36 227 
215 93 227 228 239 
216 131 227 228 249 
217 200 227 228 250 246 
218 84 227 219 
219 80 228 232 
220 118 227 228 235 
221 116 227 228 233 
222 186 227 228 238 245 
223 74 227 228 234 
224 148 227 228 230 
225 107 227 228 238 
226 97 227 228 236 
227 197 228 237 248 240 238 
228 205 238 248 240 233 
229 90 238 230 286 
230 23 238 
231 96 238 289 
232 99 238 286 
233 265 238 264 287 
234 145 238 287 253 
235 127 238 292 
236 101 238 291 
237 23 238 
238 302 239 250 245 248 246 249 241 287 247 286 288 
239 168 277 287 
240 123 244 241 
241 74 283 
242 102 243 
243 93 244 
244 119 
245 64 247 
246 128 293 
247 70 275 
248 221 287 
249 85 285 
250 129 292 
251 141 267 276 252 
252 99 267 312 
253 147 287 254 
254 116 282 267 255 
255 74 267 314 
256 84 267 257 313 
257 160 267 282 
258 99 267 281 313 
259 74 267 260 311 
260 93 267 278 
261 80 267 279 262 
262 78 267 309 
263 135 267 274 314 
264 170 287 267 
265 133 267 279 313 
266 46 267 281 
267 304 282 268 270 271 269 272 313 311 304 306 
268 159 280 296 
269 89 273 304 
270 134 274 310 
271 153 273 307 
272 90 282 292 
273 120 282 285 284 
274 130 282 287 286 
275 90 287 276 
276 92 287 282 
277 100 287 282 
278 86 282 287 
279 141 282 293 292 
280 88 282 288 
281 137 282 290 286 
282 244 287 286 291 
283 30 287 284 
284 88 287 
285 86 287 
286 286 287 
287 272 292 289 288 293 291 290 
288 119 
289 96 290 
290 50 
291 120 
292 199 
293 148 
294 21 298 295 325 
295 73 298 305 
296 25 313 298 
297 196 298 310 308 334 330 
298 289 313 302 303 300 301 306 312 314 311 334 299 332 335 
299 23 300 334 
300 79 313 
301 167 314 328 
302 118 309 335 
303 181 313 334 
304 160 313 305 
305 95 313 
306 131 313 
307 86 313 308 
308 92 313 
309 101 313 
310 122 313 
311 173 313 
312 49 313 
313 251 314 
314 133 
315 56 316 321 317 
316 80 321 323 318 320 
317 98 318 
318 94 321 
319 161 323 326 320 
320 95 321 
321 212 323 327 324 322 
322 118 323 329 
323 222 332 335 324 333 331 
324 148 332 
325 152 334 326 
326 69 332 
327 63 332 334 
328 173 334 329 
329 99 332 
330 130 334 332 
331 84 332 334 
332 209 334 333 
333 15 335 
334 224 335 
335 192 
336 74 340 359 650 
337 199 340 398 387 640 634 
338 27 340 387 635 
339 226 340 386 420 401 635 657 636 
340 324 382 381 341 365 344 345 372 364 350 366 377 631 355 354 347 353 349 342 672 352 615 351 374 356 614 655 348 343 363 358 346 369 384 409 410 408 385 635 670 616 625 373 613 656 652 669 641 357 647 661 636 645 
341 94 418 591 
342 28 382 670 
343 66 388 651 
344 218 419 382 638 646 
345 228 392 390 642 633 
346 39 382 652 
347 82 380 636 
348 105 378 644 
349 94 391 639 
350 253 409 412 396 635 667 646 
351 138 407 398 625 669 
352 103 397 649 
353 114 415 635 
354 126 381 658 
355 96 382 406 652 663 
356 96 398 671 
357 48 358 662 
358 71 393 
359 125 382 361 
360 120 500 361 
361 115 486 
362 118 382 473 363 
363 59 641 
364 136 414 662 
365 142 397 641 
366 273 404 381 635 672 
367 96 500 368 
368 112 486 370 
369 102 371 660 
370 92 382 371 
371 50 382 
372 131 381 635 
373 100 374 666 
374 97 382 
375 160 500 376 
376 159 486 377 
377 162 382 635 
378 46 382 379 
379 83 382 437 
380 57 382 453 
381 280 382 433 493 459 487 
382 327 486 491 383 387 386 418 397 419 392 390 413 409 404 420 411 412 417 415 391 402 398 407 408 385 394 399 405 396 389 393 401 498 487 441 481 444 384 414 410 416 403 395 406 388 
383 35 447 384 
384 94 
385 127 480 
386 102 474 
387 257 432 469 
388 90 389 
389 65 461 
390 109 439 
391 97 492 
392 101 486 
393 123 462 
394 47 477 395 
395 85 614 
396 123 460 
397 218 478 486 
398 341 465 428 468 
399 115 400 655 
400 100 486 488 
401 66 487 
402 87 421 403 
403 55 615 
404 131 484 
405 94 486 406 
406 87 
407 109 482 
408 196 486 498 
409 215 493 423 
410 25 411 
411 57 436 
412 101 486 
413 73 454 414 
414 84 
415 142 490 
416 76 417 631 
417 80 449 
418 167 427 
419 158 487 
420 296 486 488 457 672 
421 108 500 422 486 
422 61 
423 99 486 425 
424 70 425 
425 21 500 
426 95 500 427 
427 72 486 
428 104 486 429 
429 88 500 430 
430 97 
431 125 500 432 
432 111 486 
433 35 486 435 
434 83 435 
435 94 500 
436 233 500 486 
437 143 486 438 
438 124 500 
439 172 500 440 486 
440 149 441 
441 185 500 486 
442 94 443 
443 97 500 445 
444 25 486 445 
445 61 486 
446 55 448 
447 108 486 448 
448 47 500 
449 130 486 451 
450 41 451 
451 89 500 
452 110 500 453 
453 101 486 
454 87 486 456 
455 62 456 
456 33 500 
457 220 500 486 
458 133 500 459 
459 144 486 
460 231 500 486 
461 188 500 486 
462 313 500 486 
463 45 500 464 466 
464 78 
465 64 486 466 
466 91 486 
467 115 500 468 
468 143 486 
469 94 486 471 
470 98 471 
471 155 500 486 
472 87 473 
473 112 500 486 
474 75 486 476 
475 73 476 
476 152 500 486 
477 214 500 486 
478 107 486 479 
479 153 500 
480 220 500 486 
481 258 500 486 
482 268 500 486 
483 96 486 500 484 
484 32 486 
485 77 486 
486 373 500 491 498 487 493 488 490 492 503 504 502 497 
487 343 495 496 501 
488 136 497 500 
489 115 500 490 
490 87 
491 63 500 
492 140 504 
493 295 499 501 
494 80 495 
495 53 500 
496 101 500 
497 202 500 
498 284 500 
499 38 500 
500 296 503 501 504 502 
501 228 
502 80 
503 122 
504 247 
505 38 522 506 
506 59 522 530 
507 128 522 530 
508 109 522 535 
509 147 522 546 
510 76 522 543 511 
511 39 522 
512 115 522 544 
513 299 522 545 530 
514 294 522 546 533 
515 123 522 537 
516 59 522 534 
517 108 522 539 
518 131 522 540 
519 240 522 530 
520 43 522 541 
521 207 522 527 535 
522 340 530 528 523 574 588 569 555 579 559 566 584 525 583 524 586 547 562 563 582 564 529 538 532 576 587 568 553 560 565 548 580 
523 149 540 
524 154 529 
525 119 535 
526 21 530 592 527 
527 81 530 
528 46 530 593 
529 263 530 598 620 609 
530 360 593 637 541 545 540 543 572 588 536 544 571 538 554 578 557 546 566 585 533 535 583 586 549 561 563 531 581 539 564 534 598 592 630 626 608 573 537 570 555 558 550 532 
531 44 603 532 
532 82 
533 68 622 
534 152 619 
535 313 609 597 629 
536 23 631 537 
537 69 
538 140 607 
539 112 590 
540 310 593 599 596 
541 141 604 
542 88 593 594 543 
543 109 
544 131 593 
545 138 605 
546 245 590 593 
547 43 550 548 
548 66 
549 92 611 550 
550 80 
551 51 553 552 
552 85 
553 78 555 
554 88 593 639 555 
555 110 
556 57 593 600 557 
557 69 558 
558 93 559 
559 49 560 
560 57 
561 248 593 652 562 
562 108 
563 278 593 599 
564 236 589 
565 116 566 
566 195 617 
567 95 568 
568 54 569 
569 88 570 
570 77 571 
571 35 592 
572 68 606 573 
573 94 574 
574 79 576 
575 74 577 
576 43 577 
577 48 
578 120 620 579 
579 100 
580 78 582 
581 64 597 582 
582 91 
583 230 601 
584 139 585 
585 151 618 
586 270 595 
587 154 588 
588 220 627 
589 98 593 636 
590 163 593 648 646 
591 31 635 593 
592 213 593 635 659 636 
593 274 635 637 598 604 605 599 594 606 620 628 631 607 639 600 617 618 621 609 601 595 596 611 652 630 597 602 626 608 629 619 641 664 653 627 622 603 
594 43 647 
595 87 671 
596 105 645 
597 151 651 652 
598 206 643 632 
599 106 657 644 
600 78 672 
601 93 634 
602 53 672 603 
603 69 
604 105 662 
605 132 635 
606 97 661 
607 152 635 
608 235 641 662 
609 272 636 665 
610 53 635 612 611 
611 68 
612 57 635 613 
613 88 614 
614 63 
615 77 616 
616 75 635 617 
617 93 
618 152 640 
619 161 660 
620 351 667 670 
621 95 623 622 
622 24 
623 40 635 624 
624 89 635 625 
625 97 
626 137 668 
627 90 628 
628 70 635 
629 137 650 
630 142 646 
631 382 635 
632 27 635 633 
633 84 635 
634 88 635 
635 363 641 638 642 662 657 647 661 667 663 658 636 639 670 672 649 640 666 671 645 654 652 644 646 651 668 650 660 643 664 659 648 665 653 
636 268 
637 36 638 
638 103 
639 129 
640 133 
641 243 
642 66 643 
643 68 
644 86 
645 85 
646 260 
647 107 
648 97 649 
649 32 
650 125 
651 115 
652 316 
653 20 654 
654 67 656 
655 99 656 
656 45 
657 140 
658 96 659 
659 70 
660 197 
661 147 
662 324 
663 54 664 
664 94 
665 56 666 
666 77 
667 146 
668 118 669 
669 82 
670 164 
671 149 
672 340 
