name weight children
0 115 7 69 47 
1 27 7 2 46 
2 90 52 51 
3 181 7 56 49 
4 123 7 51 46 
5 355 7 54 73 58 38 43 40 
6 83 7 50 42 
7 377 52 59 9 22 8 10 21 13 11 24 16 12 23 15 18 72 68 51 61 53 46 14 45 41 31 33 
8 194 71 64 35 46 
9 138 52 46 
10 155 52 55 36 28 
11 256 55 54 29 46 
12 108 52 35 
13 147 52 56 14 
14 95 34 
15 116 74 48 
16 245 17 59 36 49 
17 329 96 52 
18 106 52 19 
19 84 46 20 
20 73 47 188 
21 221 52 82 45 
22 197 52 57 44 
23 203 52 51 37 
24 240 67 46 47 198 
25 88 47 30 26 
26 83 200 27 
27 85 200 157 
28 79 46 42 
29 80 46 30 
30 92 47 
31 152 46 47 192 
32 63 47 33 192 
33 124 46 47 
34 196 46 47 200 
35 305 46 47 193 196 
36 392 46 47 191 195 
37 154 46 47 194 
38 125 46 47 39 
39 91 47 189 
40 203 46 47 197 
41 203 46 47 184 
42 254 46 47 200 199 
43 121 46 47 193 
44 114 46 47 200 
45 326 46 47 200 198 
46 206 47 49 48 
47 299 48 49 200 199 195 196 
48 180 197 
49 256 179 
50 79 52 96 
51 252 52 85 80 95 86 
52 366 96 60 59 72 69 57 68 71 54 64 82 56 55 66 73 61 53 74 58 99 76 81 93 78 67 
53 97 99 
54 196 84 97 
55 249 89 91 
56 174 96 90 
57 96 88 
58 262 96 
59 172 92 98 
60 107 96 
61 309 96 
62 100 96 63 
63 60 96 64 
64 70 
65 96 96 66 
66 162 96 67 
67 95 
68 164 94 
69 145 70 
70 215 96 
71 157 79 
72 249 96 
73 166 75 
74 278 96 
75 147 96 
76 52 96 77 
77 72 
78 182 96 
79 223 96 
80 100 96 
81 148 96 
82 117 96 83 
83 142 96 
84 245 96 
85 247 96 
86 201 96 
87 60 99 
88 204 96 
89 179 96 
90 156 96 
91 202 96 
92 207 96 
93 185 96 
94 157 96 
95 217 96 
96 327 99 97 98 
97 166 
98 92 
99 240 
100 126 102 108 101 105 
101 109 102 108 105 104 
102 128 108 107 103 
103 14 107 105 
104 157 105 
105 158 
106 143 111 113 108 
107 220 111 113 108 110 
108 338 111 110 109 
109 134 111 114 
110 270 111 117 116 
111 284 114 112 115 
112 38 114 119 
113 255 122 149 114 123 118 
114 293 123 117 116 115 120 124 
115 105 123 
116 196 123 138 
117 90 123 
118 116 122 148 123 
119 151 122 149 123 
120 242 122 143 140 123 
121 95 122 149 123 
122 282 149 146 123 124 138 141 142 
123 246 145 124 
124 131 144 
125 146 129 152 147 
126 126 129 154 141 
127 205 129 155 153 142 148 
128 53 129 154 147 
129 367 154 156 132 136 130 135 134 131 158 160 155 147 133 143 137 146 
130 196 154 161 146 145 
131 136 159 147 
132 77 161 133 
133 63 147 
134 168 151 144 
135 198 154 150 147 
136 303 152 154 149 140 
137 98 147 139 
138 80 139 
139 46 147 149 
140 205 147 149 
141 209 147 149 
142 242 147 149 
143 128 147 149 
144 222 147 149 
145 134 147 149 
146 194 147 149 
147 264 149 148 
148 163 149 
149 226 
150 135 173 182 154 169 
151 114 154 172 
152 200 154 167 
153 92 154 170 
154 344 173 156 158 161 160 155 159 162 174 165 170 168 
155 202 166 173 
156 183 167 173 
157 115 184 186 173 158 
158 175 173 
159 128 171 
160 103 173 
161 291 174 172 
162 106 173 164 
163 73 184 198 164 
164 77 186 
165 82 173 180 
166 159 173 187 
167 380 186 184 173 180 185 
168 139 173 183 
169 145 173 187 
170 198 173 186 
171 132 173 175 
172 234 173 183 181 
173 327 186 184 174 178 179 176 
174 172 182 186 
175 77 184 197 186 
176 51 186 177 
177 83 184 188 
178 99 184 190 186 
179 279 200 184 186 
180 258 184 200 198 186 
181 73 184 197 186 
182 198 184 199 200 186 
183 274 184 193 194 186 
184 217 200 186 185 187 191 199 195 
185 177 196 192 186 
186 225 193 187 
187 170 196 192 
188 113 200 
189 60 200 190 
190 89 200 
191 119 200 
192 235 200 
193 302 200 
194 107 200 
195 276 200 
196 199 200 
197 170 200 
198 202 200 
199 200 200 
200 249 
