name weight children
0 1 18 1 
1 1 18 2 
2 2 18 46 
3 2 18 16 
4 1 18 5 6 
5 1 46 
6 1 18 8 
7 1 18 8 
8 1 18 
9 1 11 18 12 
10 1 11 18 12 
11 1 18 12 
12 4 18 
13 1 18 14 17 
14 1 18 15 
15 1 18 46 
16 4 46 18 
17 2 18 
18 131 46 42 33 
19 1 46 20 24 
20 1 46 22 
21 1 94 22 
22 2 46 
23 2 46 26 
24 1 46 25 
25 1 46 26 
26 1 46 
27 1 46 29 28 
28 1 46 31 
29 1 46 30 
30 1 46 
31 2 46 32 
32 1 46 34 
33 1 46 34 
34 1 46 
35 1 46 36 
36 1 46 37 
37 2 46 39 
38 1 94 92 40 
39 2 46 40 
40 2 46 
41 2 46 43 
42 2 46 43 
43 3 46 
44 10 46 94 
45 6 46 
46 305 94 91 48 61 70 
47 1 94 50 49 
48 1 94 49 
49 1 94 
50 1 94 52 
51 1 94 56 52 
52 1 94 
53 1 94 54 
54 2 94 55 
55 1 94 57 
56 1 94 57 
57 2 94 
58 1 94 60 62 
59 1 94 66 60 
60 1 94 
61 1 94 63 
62 1 94 63 
63 2 94 
64 1 94 67 65 
65 1 94 66 
66 2 94 
67 1 94 68 
68 1 94 69 
69 3 94 
70 1 94 72 
71 1 94 75 72 
72 2 94 
73 1 94 79 74 
74 1 94 75 
75 2 94 
76 1 94 78 80 
77 1 94 78 
78 2 94 
79 1 94 81 
80 2 94 81 
81 3 94 
82 2 94 86 84 
83 2 94 84 
84 2 94 
85 2 94 87 
86 2 94 87 
87 4 94 
88 5 94 89 
89 5 94 90 
90 6 94 
91 12 94 
92 11 94 
93 15 94 
94 911 
