name weight children
0 62 146 3 50 1 
1 70 50 2 
2 34 75 284 
3 83 146 4 
4 38 163 5 
5 67 
6 82 284 7 288 
7 70 50 8 75 
8 60 50 146 
9 130 50 138 75 320 
10 144 50 142 75 285 
11 320 50 160 129 75 300 285 
12 16 75 49 278 
13 69 50 14 75 294 
14 85 50 140 
15 94 50 97 16 
16 97 50 17 
17 68 75 288 
18 78 284 20 292 
19 96 50 157 20 
20 74 50 75 
21 191 50 121 75 284 
22 158 50 152 23 
23 85 75 308 
24 72 50 133 25 
25 71 75 28 
26 51 368 27 219 
27 70 288 28 
28 72 284 
29 96 30 
30 51 163 32 
31 54 50 33 75 289 
32 18 146 33 
33 91 146 
34 91 146 181 36 
35 101 50 36 75 288 
36 58 50 
37 143 50 39 75 299 
38 154 163 39 
39 135 146 
40 98 288 42 235 
41 126 50 154 42 
42 102 75 284 
43 241 50 111 75 284 303 
44 156 163 146 45 
45 247 146 50 75 298 
46 79 50 148 80 
47 75 50 114 74 
48 190 50 159 149 75 
49 50 50 98 
50 241 146 54 71 78 81 86 62 65 89 58 61 56 55 68 51 69 64 52 84 57 59 67 145 154 104 75 63 66 60 284 70 
51 118 150 114 75 92 
52 140 146 172 76 
53 72 54 
54 43 163 146 
55 135 107 88 
56 112 125 74 
57 212 143 75 73 297 
58 108 102 75 
59 73 119 60 
60 97 77 
61 104 123 72 
62 44 155 63 
63 87 74 
64 115 144 91 
65 85 147 66 
66 48 82 
67 118 149 79 
68 184 158 85 
69 396 141 135 137 75 70 72 
70 115 75 282 317 
71 96 103 75 
72 135 75 299 321 
73 90 75 319 
74 157 75 293 291 287 
75 259 284 78 81 87 82 90 88 85 92 91 80 76 83 77 79 299 288 311 307 309 282 
76 100 305 
77 60 310 
78 162 168 284 
79 95 277 
80 64 285 
81 197 101 279 
82 81 283 
83 97 84 281 
84 116 126 
85 87 284 287 
86 176 184 87 
87 98 280 
88 113 284 288 
89 167 132 90 
90 114 284 288 
91 144 284 304 
92 158 284 93 
93 66 288 366 
94 85 163 95 96 
95 24 
96 90 146 97 
97 62 146 
98 58 146 100 
99 55 100 
100 137 163 146 
101 124 163 146 
102 161 163 146 
103 218 163 146 
104 146 146 105 
105 85 163 106 
106 88 
107 105 146 108 
108 69 163 109 
109 61 
110 47 163 112 
111 82 146 112 
112 88 146 
113 167 163 146 114 
114 147 146 115 
115 159 163 146 
116 80 117 
117 83 163 118 
118 79 146 119 
119 51 146 
120 56 163 122 
121 82 146 122 
122 85 146 
123 100 146 124 
124 83 163 
125 157 163 146 
126 48 146 128 
127 132 163 128 
128 73 146 
129 110 146 130 
130 82 163 131 
131 46 
132 178 163 146 
133 89 146 134 
134 90 163 
135 268 163 146 
136 168 163 137 
137 92 146 
138 135 146 162 
139 92 146 
140 88 146 163 
141 63 146 178 
142 107 146 171 
143 248 146 177 165 
144 86 146 176 
145 128 146 162 
146 266 163 168 184 153 159 155 147 160 158 151 149 148 181 172 152 154 157 166 182 150 
147 103 167 
148 78 163 
149 195 161 179 
150 86 151 
151 73 164 
152 95 163 
153 183 163 154 
154 130 166 
155 149 183 
156 82 163 157 
157 151 
158 133 174 
159 163 173 
160 143 170 
161 57 163 
162 177 163 
163 283 166 169 184 173 183 167 170 174 164 178 176 181 172 171 177 182 165 179 
164 113 
165 91 
166 171 
167 118 
168 121 169 
169 99 
170 113 
171 83 
172 141 
173 102 
174 59 175 
175 73 
176 100 
177 91 
178 139 
179 117 
180 96 181 
181 88 
182 142 
183 111 
184 292 
185 99 197 232 186 
186 27 198 593 
187 90 197 267 198 575 
188 68 197 263 198 601 
189 185 197 265 249 198 583 602 
190 112 197 247 198 561 
191 75 197 251 192 
192 59 198 588 
193 138 197 258 198 572 
194 102 197 221 198 566 
195 269 197 246 242 198 586 569 
196 56 197 264 198 559 
197 212 232 237 198 236 199 214 201 228 223 225 210 218 202 206 200 208 217 205 227 229 216 224 213 212 203 207 253 233 576 564 
198 208 248 234 561 199 215 201 228 222 226 210 218 202 206 200 209 217 205 227 229 216 224 213 211 204 207 628 
199 122 240 569 
200 91 276 603 
201 95 231 650 
202 120 247 561 
203 86 268 204 
204 37 560 
205 78 231 561 
206 123 254 599 
207 265 232 276 580 592 
208 73 252 209 
209 68 589 
210 132 255 562 
211 77 212 564 
212 83 241 
213 149 232 591 
214 85 231 215 
215 90 561 
216 151 274 563 
217 164 245 567 
218 146 241 560 
219 96 368 220 
220 103 351 232 221 
221 93 232 
222 78 223 568 
223 66 262 
224 130 235 581 
225 75 271 226 
226 59 560 
227 153 246 573 
228 139 239 561 
229 265 275 243 597 579 
230 44 351 367 232 
231 212 232 328 341 313 
232 235 351 235 237 248 236 247 258 246 240 253 242 239 261 272 256 233 263 234 241 254 266 276 265 252 245 275 274 264 251 244 270 250 353 262 271 255 267 243 268 249 
233 84 351 
234 71 322 
235 205 368 351 363 
236 131 334 561 
237 94 238 
238 42 351 320 
239 92 355 
240 106 352 
241 214 345 350 
242 118 326 
243 48 244 
244 40 332 
245 86 338 
246 216 347 351 
247 185 348 349 
248 133 331 
249 59 250 
250 85 296 
251 104 351 
252 107 350 
253 125 351 
254 104 337 
255 62 256 
256 61 330 
257 87 368 301 259 
258 134 259 
259 77 351 
260 100 351 366 261 
261 29 262 
262 58 
263 144 348 
264 174 346 
265 174 351 368 
266 69 343 267 
267 74 
268 58 270 
269 58 368 292 351 270 
270 75 
271 40 272 
272 79 273 
273 98 351 309 
274 137 351 298 
275 182 368 297 351 
276 317 351 316 356 
277 87 284 288 367 
278 42 284 288 368 
279 138 284 288 368 
280 98 284 288 346 
281 85 284 288 357 
282 217 284 288 339 333 
283 46 284 288 335 
284 189 288 299 320 293 300 291 285 311 307 309 305 319 297 298 308 310 289 321 287 317 294 368 286 329 
285 163 288 354 344 343 
286 15 288 314 
287 117 288 340 358 
288 262 368 299 320 293 302 291 312 306 309 304 305 319 303 297 298 308 310 290 321 292 318 295 370 361 369 362 
289 42 290 
290 78 364 
291 130 328 
292 133 368 
293 84 331 
294 89 295 
295 122 368 296 
296 69 351 
297 114 368 
298 130 368 
299 342 367 359 355 
300 76 302 
301 97 368 302 
302 63 
303 78 365 
304 91 324 
305 148 337 
306 59 307 366 
307 98 
308 137 370 
309 193 368 
310 147 363 
311 74 312 
312 68 325 
313 77 351 315 
314 99 368 315 
315 71 368 
316 127 368 318 
317 80 318 
318 79 
319 146 368 
320 282 368 
321 133 363 
322 51 351 323 
323 27 368 324 
324 35 368 
325 91 368 327 
326 91 351 327 
327 30 368 
328 150 368 351 
329 179 368 330 
330 98 351 
331 162 368 351 
332 150 368 333 351 
333 66 368 
334 81 351 336 
335 24 368 336 
336 78 368 
337 92 368 351 
338 188 368 339 351 
339 93 368 
340 92 368 342 
341 48 351 342 
342 67 368 
343 194 368 351 
344 90 368 345 
345 116 368 351 
346 135 368 351 370 
347 92 351 361 
348 99 351 370 368 
349 46 351 362 
350 161 351 365 363 
351 280 368 352 353 355 356 369 366 364 367 358 
352 61 360 
353 105 368 354 
354 92 368 
355 192 368 
356 85 357 
357 134 368 
358 100 368 
359 82 368 360 
360 47 368 
361 128 368 
362 107 368 
363 213 368 
364 89 368 
365 103 368 
366 208 368 
367 117 368 
368 238 370 369 
369 59 
370 177 
371 118 376 493 375 382 
372 77 376 497 375 382 
373 180 376 492 489 375 382 
374 81 376 499 375 381 
375 153 376 488 493 382 410 379 393 381 413 416 391 385 389 
376 154 493 502 380 409 378 393 392 383 416 391 386 389 488 496 384 382 
377 52 493 511 378 
378 41 379 
379 116 382 402 
380 58 493 382 
381 173 392 382 400 402 404 
382 257 402 393 412 415 391 384 385 388 406 398 414 395 
383 42 493 413 
384 87 401 
385 107 386 397 
386 166 493 387 
387 82 501 469 
388 58 389 405 
389 84 390 
390 74 493 500 
391 179 493 411 
392 171 493 510 
393 159 490 403 
394 135 402 412 404 419 
395 74 402 396 
396 144 402 404 420 
397 145 402 404 419 
398 63 402 399 
399 75 402 404 418 
400 33 402 418 
401 93 402 404 
402 243 410 403 406 415 411 414 404 405 407 423 
403 55 404 
404 233 418 408 415 411 423 414 405 435 425 421 
405 121 418 
406 81 407 
407 33 408 
408 91 431 
409 82 491 410 
410 49 
411 186 427 
412 100 413 
413 91 
414 251 428 
415 177 416 422 
416 121 494 
417 43 418 423 419 439 
418 214 419 431 422 435 427 425 428 421 420 438 
419 214 433 422 437 427 424 426 421 420 434 
420 92 433 
421 81 429 
422 116 433 
423 72 
424 86 425 432 
425 52 
426 89 428 430 
427 191 433 
428 96 
429 131 433 454 
430 68 433 431 
431 134 433 459 
432 94 433 455 
433 157 436 439 434 438 454 440 458 463 
434 118 454 462 
435 92 437 
436 99 437 454 
437 75 
438 121 456 
439 95 440 
440 86 453 
441 100 445 446 443 
442 111 445 452 443 
443 115 445 
444 65 452 462 445 
445 180 452 446 451 448 
446 84 447 
447 123 452 464 
448 60 452 449 
449 95 452 458 
450 84 452 458 
451 102 452 461 
452 129 457 455 
453 61 454 457 
454 147 458 455 462 459 456 463 457 
455 107 458 
456 33 458 
457 154 458 462 461 464 
458 155 462 460 464 
459 79 460 
460 66 461 
461 59 
462 218 
463 74 464 
464 121 
465 38 467 530 501 
466 157 467 533 517 492 509 
467 245 530 552 475 485 487 486 471 483 478 468 472 470 476 469 481 482 474 516 527 531 501 484 477 473 480 
468 91 519 501 
469 78 556 501 
470 162 514 551 505 495 
471 112 529 510 
472 57 521 473 
473 61 504 
474 108 522 500 
475 146 515 502 
476 107 525 497 
477 52 478 502 
478 47 526 
479 86 501 480 489 
480 79 481 
481 55 527 
482 125 520 498 
483 63 513 484 
484 73 505 
485 143 529 508 
486 264 524 528 506 494 
487 224 530 532 503 511 
488 104 493 509 505 
489 104 501 493 
490 85 493 506 
491 30 493 503 
492 159 501 493 504 
493 207 501 494 497 499 496 507 505 502 
494 121 501 
495 83 501 496 
496 40 
497 112 501 
498 65 501 499 
499 98 501 
500 57 501 
501 253 502 509 508 503 511 506 510 505 504 507 
502 115 
503 72 
504 82 
505 181 
506 111 
507 91 508 
508 59 
509 125 
510 111 
511 148 
512 34 530 539 513 
513 93 530 
514 86 530 548 
515 124 530 545 
516 161 530 539 
517 143 530 543 
518 64 530 546 519 
519 89 530 
520 127 530 536 
521 131 530 538 
522 135 530 539 
523 95 530 536 524 
524 81 530 
525 110 530 537 
526 158 530 538 
527 195 530 539 540 
528 66 530 538 
529 180 530 547 558 
530 255 539 543 552 533 532 531 555 550 541 557 556 551 
531 109 544 
532 113 535 
533 117 534 
534 48 535 704 539 
535 224 704 667 539 543 542 554 703 710 545 547 557 536 558 745 747 729 544 746 736 726 555 540 738 706 741 
536 124 704 539 
537 39 539 726 
538 134 539 747 729 746 
539 218 701 541 553 545 543 547 557 558 546 544 548 555 540 549 703 710 745 
540 127 732 
541 88 542 
542 94 708 
543 117 701 724 
544 87 699 
545 108 705 
546 84 747 
547 142 704 
548 77 736 
549 73 738 550 
550 96 551 
551 97 
552 86 553 
553 79 554 
554 98 703 
555 183 709 556 
556 100 
557 124 702 
558 125 704 
559 61 561 572 
560 145 561 571 574 
561 270 572 566 586 569 576 593 650 568 562 564 601 628 599 575 603 583 589 567 573 597 563 581 588 591 579 580 592 602 565 587 578 600 584 590 596 611 638 
562 66 633 
563 122 635 
564 185 572 570 
565 80 566 620 
566 97 
567 88 594 
568 157 572 
569 258 613 572 
570 12 572 636 
571 157 572 622 645 
572 235 620 585 613 611 577 593 649 638 633 601 629 598 575 603 582 590 594 573 595 635 581 588 591 579 574 580 592 602 616 647 648 610 618 625 
573 106 626 
574 75 614 
575 160 604 
576 75 578 
577 59 578 619 
578 42 
579 173 627 
580 173 620 
581 124 620 
582 75 584 607 
583 34 584 
584 60 
585 53 587 620 
586 26 587 
587 48 
588 129 640 
589 81 590 
590 86 643 
591 172 618 
592 158 609 
593 252 617 
594 82 615 
595 90 596 606 
596 94 597 
597 25 
598 52 600 623 
599 90 600 
600 71 
601 199 621 
602 221 615 
603 221 621 
604 44 620 691 
605 55 620 606 654 
606 12 620 
607 97 620 669 
608 88 620 609 673 
609 92 620 
610 135 620 661 
611 62 612 
612 132 620 658 
613 129 620 658 
614 155 620 658 683 
615 271 620 663 655 
616 92 620 657 
617 101 620 660 
618 193 620 695 689 
619 76 620 677 
620 188 649 637 647 622 632 648 621 629 645 623 643 626 634 625 640 627 636 658 631 630 644 624 674 
621 180 659 
622 149 658 
623 73 658 
624 98 658 678 
625 104 665 
626 119 652 
627 128 672 
628 152 629 
629 150 630 
630 100 662 
631 88 632 651 
632 99 633 
633 91 
634 76 635 658 
635 81 
636 163 684 
637 104 638 668 
638 68 
639 72 658 641 693 
640 76 641 
641 71 658 
642 90 658 644 696 
643 67 644 
644 45 
645 139 670 
646 95 658 647 681 
647 116 
648 152 666 
649 183 650 656 
650 147 
651 95 658 686 
652 43 658 653 
653 55 658 697 
654 76 658 690 
655 164 658 677 
656 191 658 677 
657 82 658 677 
658 231 677 660 668 666 659 662 670 661 691 669 663 695 665 689 672 684 674 673 681 671 696 664 678 688 683 680 675 
659 144 676 680 
660 125 712 
661 80 687 
662 117 682 
663 84 686 
664 89 665 676 
665 61 
666 88 677 
667 94 712 668 
668 117 677 
669 154 679 
670 98 671 
671 79 679 
672 130 698 
673 119 682 
674 113 685 
675 28 677 721 
676 113 677 711 747 
677 268 712 681 680 686 682 679 687 692 696 694 697 690 678 693 688 698 684 683 685 700 713 730 740 
678 95 712 
679 106 707 718 
680 131 713 717 
681 127 722 
682 93 716 743 
683 76 734 
684 103 715 
685 64 712 
686 117 712 714 
687 72 720 
688 118 689 735 
689 84 
690 69 747 
691 162 692 
692 88 723 
693 98 746 
694 80 695 713 
695 101 
696 135 716 
697 98 744 
698 96 712 727 
699 89 704 712 
700 88 712 704 
701 153 704 722 713 
702 37 704 719 
703 139 704 713 711 
704 224 712 708 710 706 705 724 745 747 731 746 737 728 709 732 741 739 720 717 716 714 713 
705 87 721 
706 129 712 707 
707 78 712 
708 97 712 
709 83 715 
710 146 716 
711 56 712 
712 185 722 713 716 720 721 723 717 718 714 744 747 730 746 735 715 734 743 740 725 719 737 727 733 742 
713 192 
714 105 
715 93 
716 179 
717 114 
718 82 719 
719 86 
720 167 
721 119 
722 122 
723 89 725 
724 19 725 
725 61 
726 61 728 
727 59 728 
728 52 
729 84 731 
730 67 731 
731 47 
732 87 733 
733 65 734 
734 60 
735 83 737 
736 72 737 
737 149 
738 86 739 
739 50 740 
740 99 
741 95 742 
742 52 743 
743 65 
744 131 745 
745 181 
746 216 
747 525 
