name weight children
0 127 1 4 
1 149 4 
2 147 5 6 3 
3 653 6 5 4 
4 639 6 
5 755 8 6 7 
6 649 8 
7 91 8 
8 1156 9 
9 1156 14 13 10 11 
10 342 13 17 16 14 
11 691 13 17 16 14 
12 82 13 17 14 
13 1024 16 14 17 
14 807 16 17 
15 97 19 38 16 
16 965 19 39 17 20 18 
17 767 19 20 
18 95 19 41 
19 969 41 34 20 42 40 39 
20 816 38 37 39 41 33 42 
21 100 25 28 22 
22 187 25 35 
23 55 35 25 
24 1187 25 28 29 31 30 27 35 36 41 
25 1354 28 26 27 30 31 29 80 35 36 32 
26 29 28 80 
27 812 28 82 83 81 35 
28 978 82 85 29 31 30 80 78 77 
29 422 76 79 35 36 
30 400 82 83 35 
31 833 83 82 76 36 35 
32 148 35 33 
33 145 41 
34 98 41 35 
35 1376 36 41 42 38 39 
36 1165 41 39 42 38 37 
37 233 41 
38 410 41 
39 876 41 
40 81 41 42 
41 998 42 
42 926 
43 386 155 158 49 50 63 58 
44 695 155 159 162 49 50 61 60 
45 271 158 157 155 49 50 54 
46 392 49 155 50 61 60 
47 965 155 159 158 49 50 61 64 63 
48 68 50 49 64 
49 977 155 158 50 53 51 58 57 52 55 154 156 61 60 
50 882 155 158 156 61 53 51 58 60 57 52 55 63 54 62 64 
51 307 156 155 61 59 
52 511 155 153 60 64 
53 1025 155 162 156 60 58 55 56 61 
54 269 61 63 65 71 
55 756 155 161 61 63 72 71 79 
56 101 61 63 71 
57 544 158 159 155 61 63 72 
58 899 155 61 63 70 72 71 
59 40 61 69 
60 852 61 72 73 68 63 69 66 
61 1106 63 64 62 69 67 75 
62 204 63 75 
63 844 72 67 73 68 64 69 75 66 71 77 
64 696 72 71 65 
65 264 72 74 76 
66 314 72 74 83 
67 192 72 74 85 
68 487 72 74 84 80 
69 1266 72 74 86 85 80 83 
70 60 72 74 
71 893 72 85 74 75 
72 991 73 77 75 79 74 
73 250 86 
74 876 85 86 77 75 79 82 80 76 78 83 
75 798 85 86 77 80 83 
76 312 85 82 
77 520 85 82 
78 214 85 82 
79 419 85 82 
80 1225 85 82 
81 89 82 85 
82 883 85 83 84 86 
83 714 85 86 
84 118 85 
85 990 86 
86 799 
87 86 101 113 88 
88 149 104 142 
89 212 101 128 104 151 
90 546 101 128 110 104 142 144 
91 1489 101 115 126 117 112 116 104 146 142 144 148 145 
92 234 101 120 104 142 
93 345 101 126 120 128 104 145 
94 255 101 125 104 145 136 
95 547 101 115 119 104 151 141 
96 1104 101 117 121 122 114 112 104 150 145 141 148 
97 493 129 128 101 123 124 119 104 106 107 
98 652 101 121 122 111 128 103 105 104 
99 35 101 128 105 
100 987 101 118 109 128 120 125 103 104 105 107 
101 1130 128 102 107 106 123 112 115 114 126 108 109 111 104 105 103 
102 85 126 104 
103 855 104 145 144 151 149 
104 1034 105 107 106 145 148 151 150 144 
105 656 149 146 147 144 
106 371 128 126 145 146 
107 827 123 145 170 142 148 146 143 
108 308 129 128 
109 328 129 128 
110 260 129 128 
111 626 129 128 
112 1002 129 128 
113 271 129 128 
114 522 129 128 
115 812 129 128 
116 272 129 128 
117 443 129 128 
118 732 129 128 
119 414 129 128 
120 787 129 128 
121 286 129 128 
122 453 129 128 
123 894 129 128 
124 159 129 128 
125 520 129 128 
126 1268 129 128 
127 95 129 
128 1191 129 
129 1177 
130 283 136 141 149 167 166 
131 755 136 145 144 166 163 164 
132 272 136 151 164 
133 412 136 145 141 173 167 
134 858 136 144 141 142 166 168 173 
135 77 136 145 137 
136 1113 145 150 151 140 139 170 137 138 147 148 142 144 146 166 167 173 169 171 172 152 163 
137 932 142 148 145 143 149 152 166 167 164 
138 284 142 146 170 166 
139 376 149 146 164 
140 1081 145 148 144 142 158 166 165 172 
141 302 145 
142 796 145 169 
143 51 145 
144 915 145 
145 1029 150 151 149 146 170 148 147 173 
146 380 
147 618 169 173 
148 635 167 
149 400 
150 416 166 172 
151 814 171 166 
152 156 166 153 
153 153 158 155 
154 84 155 159 
155 1319 158 173 167 170 156 159 161 162 160 
156 1169 158 167 166 172 161 
157 83 158 166 
158 949 166 159 161 162 160 171 164 173 170 167 163 169 
159 801 170 166 167 165 
160 575 167 166 173 172 
161 389 168 169 164 
162 679 164 169 166 163 
163 348 166 
164 693 166 
165 104 166 
166 1069 171 173 170 168 167 169 172 
167 893 
168 79 
169 546 
170 1046 
171 187 
172 449 
173 1005 
