name weight children
0 113 8 23 11 
1 207 25 35 8 17 
2 210 8 21 23 16 13 
3 399 8 26 25 12 
4 177 8 22 23 16 14 
5 379 25 31 8 21 26 16 17 
6 140 8 20 17 
7 396 8 25 15 17 14 
8 456 25 13 9 18 22 19 26 17 10 16 14 
9 156 25 24 10 
10 143 17 67 
11 181 17 66 
12 473 17 68 73 
13 204 20 17 69 
14 286 17 70 65 66 
15 39 17 68 
16 465 17 68 65 74 
17 485 68 69 
18 126 25 30 
19 131 25 33 
20 294 25 32 30 
21 492 125 130 30 25 35 
22 182 25 31 28 
23 382 25 31 30 
24 42 25 36 
25 481 30 26 31 27 36 28 33 
26 409 28 34 36 
27 134 30 117 
28 395 30 121 125 
29 63 125 130 31 
30 476 125 128 32 31 36 33 35 34 121 120 123 126 114 115 
31 447 125 126 
32 196 116 
33 169 126 125 
34 177 113 
35 274 125 124 
36 475 126 125 119 
37 50 45 38 40 
38 73 45 41 
39 181 40 45 
40 131 45 43 
41 137 44 42 45 
42 97 50 49 44 
43 35 45 
44 776 50 48 45 49 
45 640 49 
46 155 54 47 55 49 
47 97 54 61 
48 86 50 55 
49 511 55 54 50 53 52 
50 671 55 54 51 52 
51 249 54 58 55 
52 315 54 64 55 
53 84 55 54 
54 519 63 64 55 59 61 60 
55 490 57 59 64 
56 149 63 73 57 
57 94 63 
58 212 63 73 
59 479 63 74 
60 176 63 73 
61 351 63 74 73 
62 46 63 73 
63 495 73 68 64 74 72 
64 409 74 71 73 
65 245 68 73 
66 286 68 73 72 
67 47 68 73 
68 541 73 74 69 70 
69 411 74 73 
70 83 71 
71 95 73 
72 34 73 
73 560 74 
74 469 
75 204 87 111 92 140 
76 242 92 88 85 87 133 149 144 
77 198 87 101 92 149 
78 188 87 111 92 142 150 
79 76 87 104 80 
80 146 87 92 150 
81 217 87 107 92 140 
82 418 87 102 98 92 146 145 
83 473 87 97 109 94 92 145 
84 264 87 112 101 116 92 
85 350 87 110 112 101 99 145 92 
86 58 87 95 92 
87 543 101 94 92 89 93 88 96 95 107 97 112 102 106 116 
88 431 99 97 101 102 93 91 92 
89 129 98 90 
90 92 92 138 
91 48 92 132 
92 626 107 145 93 116 144 143 141 150 135 139 142 148 140 
93 612 94 99 105 145 135 134 137 
94 308 101 152 153 
95 249 152 188 101 
96 203 152 163 101 
97 327 101 158 155 154 
98 255 101 151 152 
99 331 101 152 151 
100 46 152 188 102 
101 568 152 164 107 110 104 102 105 111 112 108 106 155 156 153 151 159 109 
102 418 152 153 159 
103 35 152 167 104 
104 131 
105 182 153 
106 262 152 161 
107 687 152 169 154 155 156 
108 93 152 109 
109 84 
110 210 152 184 
111 405 163 180 152 157 
112 534 152 187 183 154 
113 101 130 140 125 
114 161 130 144 125 
115 307 145 116 144 130 125 
116 333 145 130 133 125 
117 183 130 118 125 
118 93 144 145 
119 231 130 148 125 
120 231 130 141 125 
121 614 130 138 135 150 125 
122 77 130 142 123 
123 99 130 125 
124 130 130 144 125 
125 614 130 144 126 128 129 131 127 
126 499 130 134 136 127 131 
127 163 130 150 144 
128 352 130 144 147 140 
129 95 130 135 
130 500 144 150 131 132 149 139 142 140 
131 405 149 133 144 
132 198 145 144 
133 245 145 144 
134 149 145 144 
135 406 145 144 
136 102 145 137 144 
137 87 145 
138 214 145 144 
139 191 145 144 
140 577 145 144 
141 191 145 144 
142 398 145 144 
143 66 145 144 
144 536 145 147 150 149 148 
145 524 150 146 149 148 147 
146 98 147 
147 80 
148 250 
149 427 
150 555 
151 278 163 177 152 165 160 
152 360 163 155 154 158 156 153 159 157 161 164 168 169 160 
153 240 169 166 164 163 
154 248 169 165 163 
155 239 161 162 166 
156 259 163 178 164 
157 183 163 183 
158 188 163 170 
159 448 163 183 171 
160 217 163 178 173 
161 298 163 173 175 182 
162 83 163 178 
163 493 178 172 164 169 184 167 188 165 166 180 187 168 183 177 170 182 181 171 
164 441 175 171 179 174 
165 244 183 174 
166 185 177 178 
167 111 186 
168 269 176 178 
169 530 172 175 177 
170 177 178 190 194 191 
171 380 178 207 202 
172 288 178 192 195 199 
173 254 178 192 204 
174 212 178 201 194 
175 339 178 197 192 
176 62 178 205 
177 445 178 196 207 
178 557 196 194 185 186 188 183 182 206 187 179 205 181 193 202 203 197 189 180 
179 137 200 
180 68 206 
181 100 193 
182 287 207 196 
183 689 197 190 207 202 
184 147 185 
185 153 189 
186 139 196 
187 255 190 
188 577 196 201 
189 161 196 216 226 
190 305 196 221 224 210 
191 259 285 274 215 196 
192 320 196 211 214 215 
193 311 196 225 216 
194 241 196 216 221 226 
195 92 196 211 
196 541 215 209 197 202 199 203 207 201 206 200 205 204 211 210 226 218 217 213 
197 454 219 215 209 218 
198 137 285 268 215 199 
199 131 215 
200 123 220 
201 266 226 215 
202 622 212 209 216 213 
203 86 209 
204 161 208 
205 209 223 
206 211 213 
207 607 220 212 225 221 215 
208 205 285 278 215 
209 295 215 289 284 290 287 
210 192 215 285 294 
211 304 215 289 285 301 
212 218 215 284 292 
213 352 215 285 287 
214 93 215 302 
215 539 285 283 216 225 226 219 221 218 220 224 223 217 284 298 287 288 
216 395 295 287 286 
217 151 284 
218 146 284 292 
219 225 285 273 
220 272 297 285 
221 513 285 300 302 
222 92 285 275 223 
223 110 
224 117 286 
225 415 278 283 285 291 
226 581 296 288 286 285 
227 158 244 228 
228 103 239 283 
229 108 244 239 302 
230 317 244 239 268 277 
231 113 244 239 232 
232 89 239 267 
233 253 244 239 277 
234 527 244 239 300 266 
235 810 244 239 282 292 283 277 
236 231 239 244 242 278 277 
237 377 239 241 244 273 268 274 
238 45 239 245 292 
239 616 244 273 240 247 258 255 248 246 263 254 264 260 262 257 302 249 253 252 251 242 245 243 277 292 286 283 281 293 268 
240 513 244 241 242 282 296 277 272 275 
241 190 244 
242 491 244 
243 93 244 
244 552 273 245 247 259 256 248 246 263 254 264 260 262 257 302 249 253 252 250 
245 443 
246 128 301 
247 236 265 
248 148 277 
249 350 267 271 
250 158 251 
251 109 274 
252 245 278 
253 214 273 
254 585 290 291 275 
255 158 256 283 
256 110 
257 180 270 
258 91 259 295 
259 137 
260 125 261 297 
261 77 
262 269 277 
263 514 277 299 
264 750 279 283 288 
265 138 277 278 289 
266 195 277 278 285 
267 242 277 278 284 287 
268 441 277 278 285 287 
269 117 277 270 278 285 
270 128 277 278 283 286 
271 262 277 278 285 
272 180 277 278 285 
273 546 277 278 287 
274 278 277 278 287 289 
275 289 277 278 287 
276 14 278 277 285 
277 541 278 286 283 282 295 296 302 281 301 300 290 279 297 299 292 291 293 288 280 298 
278 480 285 283 282 295 296 302 281 301 300 290 280 297 298 292 291 294 288 284 286 
279 87 280 
280 84 284 
281 140 284 
282 302 284 289 
283 793 285 288 
284 250 285 
285 398 286 289 295 296 302 301 287 300 290 297 298 292 291 288 294 
286 278 
287 277 
288 252 
289 250 
290 224 
291 179 
292 498 
293 92 294 
294 101 
295 321 
296 268 
297 251 
298 140 299 
299 89 
300 294 
301 366 
302 759 
