name weight children
0 27 1 17 2 
1 613 20 21 2 6 11 3 9 5 4 10 8 14 16 17 19 12 7 47 49 
2 599 20 47 6 11 3 9 5 4 10 7 49 50 
3 207 15 50 
4 207 20 47 
5 629 13 20 47 48 49 
6 211 18 47 
7 157 8 48 
8 180 20 17 
9 553 21 20 48 
10 394 20 24 47 
11 577 20 22 48 49 
12 316 21 20 
13 138 21 20 
14 257 21 20 
15 213 21 20 
16 282 21 20 
17 664 21 20 
18 51 20 22 
19 304 21 20 
20 517 21 22 23 24 
21 580 22 23 24 
22 511 
23 494 
24 401 
25 36 26 30 27 
26 185 30 29 27 
27 139 
28 80 29 34 30 
29 354 35 30 34 
30 385 35 31 
31 90 35 32 
32 89 36 33 
33 91 42 
34 356 35 37 36 
35 391 36 42 37 
36 531 42 41 37 43 
37 395 43 42 
38 81 45 49 40 
39 820 45 50 48 42 40 46 43 
40 668 46 45 44 41 42 43 
41 30 42 
42 710 45 43 
43 596 
44 143 45 49 
45 721 47 49 50 46 48 
46 647 49 47 50 
47 646 49 50 48 
48 450 
49 468 
50 461 
