name weight children
0 1 2 
1 2 2 5 9 
2 2 6 16 
3 1 4 5 
4 1 
5 1 6 8 
6 2 21 
7 1 8 
8 1 9 13 
9 1 10 11 
10 2 
11 1 13 54 12 
12 1 
13 1 14 52 
14 2 
15 1 16 
16 1 18 21 
17 1 18 
18 2 22 30 
19 1 20 
20 1 21 
21 1 22 
22 2 29 
23 1 24 25 
24 1 
25 1 26 46 30 
26 2 45 29 
27 1 28 29 
28 1 
29 1 30 
30 2 
31 1 32 
32 1 33 37 42 
33 1 34 35 55 
34 2 
35 1 57 37 36 
36 1 
37 1 38 42 
38 2 
39 1 40 42 
40 1 
41 1 42 
42 2 46 45 
43 1 44 45 
44 1 
45 1 46 
46 2 
47 1 50 61 48 
48 1 54 
49 1 50 
50 2 54 60 
51 1 52 
52 1 54 
53 1 54 
54 2 
55 1 61 57 56 
56 1 
57 1 58 60 
58 2 
59 1 60 
60 1 61 
61 1 62 
62 2 
