dagC3.txt 3_2x4.txt 0.6075268817204301 0.7 122.0 [3, 2, 1, 2, 2, 4, 4, 4, 2, 3, 1, 3, 1, 1, 4, 3, 1, 2, 2, 4, 5, 5, 3, 6, 2, 0, 7, 1, 3, 4, 0, 5, 1, 6, 1, 3, 3, 6, 0, 0, 5, 7, 7, 5, 6, 0, 5, 6, 0, 7, 7, 1, 4, 4, 6, 6, 0, 5, 5, 5] 
dagC3.txt 3_2x4.txt 0.6075268817204301 0.9 122.0 [3, 2, 1, 2, 2, 4, 4, 4, 2, 3, 1, 3, 1, 1, 4, 3, 1, 2, 2, 4, 5, 5, 3, 6, 2, 0, 7, 1, 3, 4, 0, 5, 1, 6, 1, 3, 3, 6, 0, 0, 5, 7, 7, 5, 6, 0, 5, 6, 0, 7, 7, 1, 4, 4, 6, 6, 0, 5, 5, 5] 
dagC3.txt 3_2x4.txt 0.6075268817204301 0.8 122.0 [3, 2, 1, 2, 2, 4, 4, 4, 2, 3, 1, 3, 1, 1, 4, 3, 1, 2, 2, 4, 5, 5, 3, 6, 2, 0, 7, 1, 3, 4, 0, 5, 1, 6, 1, 3, 3, 6, 0, 0, 5, 7, 7, 5, 6, 0, 5, 6, 0, 7, 7, 1, 4, 4, 6, 6, 0, 5, 5, 5] 
dagC3.txt 3_2x4.txt 0.6075268817204301 1 122.0 [3, 2, 1, 2, 2, 4, 4, 4, 2, 3, 1, 3, 1, 1, 4, 3, 1, 2, 2, 4, 5, 5, 3, 6, 2, 0, 7, 1, 3, 4, 0, 5, 1, 6, 1, 3, 3, 6, 0, 0, 5, 7, 7, 5, 6, 0, 5, 6, 0, 7, 7, 1, 4, 4, 6, 6, 0, 5, 5, 5] 
dagC3.txt 3_2x4.txt 0.5967741935483871 0.6 121.0 [4, 2, 0, 3, 0, 1, 1, 1, 0, 1, 2, 3, 2, 2, 1, 3, 0, 0, 3, 1, 7, 2, 5, 0, 1, 4, 6, 2, 2, 2, 6, 4, 3, 0, 5, 1, 5, 5, 6, 6, 4, 7, 6, 7, 0, 7, 7, 5, 4, 5, 6, 3, 4, 2, 3, 5, 6, 7, 4, 7] 
dagC3.txt 3_2x4.txt 0.6075268817204301 0.65 122.0 [3, 2, 1, 2, 2, 4, 4, 4, 2, 3, 1, 3, 1, 1, 4, 3, 1, 2, 2, 4, 5, 5, 3, 6, 2, 0, 7, 1, 3, 4, 0, 5, 1, 6, 1, 3, 3, 6, 0, 0, 5, 7, 7, 5, 6, 0, 5, 6, 0, 7, 7, 1, 4, 4, 6, 6, 0, 5, 5, 5] 
dagC3.txt 3_2x4.txt 0.0967741935483871 0.1 558.0 [0, 0, 0, 0, 0, 0, 0, 0, 0, 0, 0, 0, 0, 0, 0, 0, 0, 0, 0, 0, 0, 0, 0, 0, 0, 0, 2, 6, 0, 0, 0, 0, 0, 0, 0, 0, 0, 0, 0, 0, 0, 2, 0, 0, 0, 0, 4, 0, 0, 0, 2, 0, 0, 6, 0, 0, 0, 4, 0, 0] 
dagC3.txt 5_4_3_2x2.txt 0.6075268817204301 0.7 116.0 [6, 4, 2, 4, 4, 1, 1, 1, 4, 6, 2, 6, 2, 2, 1, 6, 2, 4, 4, 1, 3, 3, 6, 5, 4, 0, 7, 2, 6, 1, 0, 3, 2, 5, 2, 6, 6, 5, 0, 0, 3, 7, 7, 3, 5, 0, 3, 5, 0, 7, 7, 2, 1, 1, 5, 5, 0, 3, 3, 3] 
dagC3.txt 5_4_3_2x2.txt 0.6075268817204301 0.8 116.0 [6, 4, 2, 4, 4, 1, 1, 1, 4, 6, 2, 6, 2, 2, 1, 6, 2, 4, 4, 1, 3, 3, 6, 5, 4, 0, 7, 2, 6, 1, 0, 3, 2, 5, 2, 6, 6, 5, 0, 0, 3, 7, 7, 3, 5, 0, 3, 5, 0, 7, 7, 2, 1, 1, 5, 5, 0, 3, 3, 3] 
dagC3.txt 5_4_3_2x2.txt 0.6075268817204301 0.9 116.0 [6, 4, 2, 4, 4, 1, 1, 1, 4, 6, 2, 6, 2, 2, 1, 6, 2, 4, 4, 1, 3, 3, 6, 5, 4, 0, 7, 2, 6, 1, 0, 3, 2, 5, 2, 6, 6, 5, 0, 0, 3, 7, 7, 3, 5, 0, 3, 5, 0, 7, 7, 2, 1, 1, 5, 5, 0, 3, 3, 3] 
dagC3.txt 5_4_3_2x2.txt 0.6075268817204301 1 116.0 [6, 4, 2, 4, 4, 1, 1, 1, 4, 6, 2, 6, 2, 2, 1, 6, 2, 4, 4, 1, 3, 3, 6, 5, 4, 0, 7, 2, 6, 1, 0, 3, 2, 5, 2, 6, 6, 5, 0, 0, 3, 7, 7, 3, 5, 0, 3, 5, 0, 7, 7, 2, 1, 1, 5, 5, 0, 3, 3, 3] 
dagC3.txt 3_2x4.txt 0.0967741935483871 0.2 558.0 [0, 0, 0, 0, 0, 0, 0, 0, 0, 0, 0, 0, 0, 0, 0, 0, 0, 0, 0, 0, 0, 0, 0, 0, 0, 0, 2, 6, 0, 0, 0, 0, 0, 0, 0, 0, 0, 0, 0, 0, 0, 2, 0, 0, 0, 0, 4, 0, 0, 0, 2, 0, 0, 6, 0, 0, 0, 4, 0, 0] 
dagC3.txt 3_2x4.txt 0.27419354838709675 0.3 407.6666666666667 [0, 0, 0, 0, 0, 4, 0, 0, 0, 0, 2, 0, 0, 0, 2, 0, 0, 0, 0, 0, 0, 0, 0, 0, 0, 0, 4, 2, 0, 0, 0, 6, 2, 2, 2, 0, 0, 2, 0, 0, 0, 4, 4, 0, 2, 0, 2, 2, 0, 0, 4, 2, 0, 2, 2, 0, 0, 6, 2, 0] 
dagC3.txt 5_4_3_2x2.txt 0.5967741935483871 0.6 115.0 [1, 4, 0, 6, 0, 2, 2, 2, 0, 2, 4, 6, 4, 4, 2, 6, 0, 0, 6, 2, 7, 4, 3, 0, 2, 1, 5, 4, 4, 4, 5, 1, 6, 0, 3, 2, 3, 3, 5, 5, 1, 7, 5, 7, 0, 7, 7, 3, 1, 3, 5, 6, 1, 4, 6, 3, 5, 7, 1, 7] 
dagC3.txt 5_4_3_2x2.txt 0.6075268817204301 0.65 116.0 [6, 4, 2, 4, 4, 1, 1, 1, 4, 6, 2, 6, 2, 2, 1, 6, 2, 4, 4, 1, 3, 3, 6, 5, 4, 0, 7, 2, 6, 1, 0, 3, 2, 5, 2, 6, 6, 5, 0, 0, 3, 7, 7, 3, 5, 0, 3, 5, 0, 7, 7, 2, 1, 1, 5, 5, 0, 3, 3, 3] 
dagC3.txt 4_1x5.txt None 0.1 20000000000.0 None 
dagC3.txt 3_2x4.txt 0.3924731182795699 0.4 259.6666666666667 [4, 4, 0, 4, 0, 4, 0, 0, 4, 0, 0, 0, 4, 4, 0, 0, 0, 4, 4, 0, 4, 0, 0, 4, 0, 2, 2, 0, 0, 4, 0, 6, 0, 0, 2, 0, 0, 0, 2, 0, 4, 2, 2, 6, 4, 2, 6, 0, 2, 2, 2, 0, 2, 0, 0, 2, 2, 6, 6, 6] 
dagC3.txt 5_4_3_2x2.txt 0.27419354838709675 0.3 244.6 [0, 0, 0, 0, 0, 1, 0, 0, 0, 0, 4, 0, 0, 0, 4, 0, 0, 0, 0, 0, 0, 0, 0, 0, 0, 0, 1, 4, 0, 0, 0, 5, 4, 4, 4, 0, 0, 4, 0, 0, 0, 1, 1, 0, 4, 0, 4, 4, 0, 0, 1, 4, 0, 4, 4, 0, 0, 5, 4, 0] 
dagC3.txt 3_2x4.txt 0.5 0.5 158.33333333333334 [0, 2, 2, 6, 0, 2, 2, 2, 3, 0, 2, 6, 6, 2, 2, 6, 6, 3, 6, 2, 3, 0, 0, 4, 1, 0, 7, 2, 2, 2, 2, 0, 2, 4, 5, 0, 0, 4, 0, 0, 0, 7, 7, 3, 4, 1, 1, 4, 0, 0, 5, 5, 0, 2, 4, 4, 5, 1, 4, 1] 
dagC3.txt 5_4_3_2x2.txt 0.0967741935483871 0.1 334.8 [0, 0, 0, 0, 0, 0, 0, 0, 0, 0, 0, 0, 0, 0, 0, 0, 0, 0, 0, 0, 0, 0, 0, 0, 0, 0, 4, 5, 0, 0, 0, 0, 0, 0, 0, 0, 0, 0, 0, 0, 0, 4, 0, 0, 0, 0, 1, 0, 0, 0, 4, 0, 0, 5, 0, 0, 0, 1, 0, 0] 
dagC3.txt 5_4_3_2x2.txt 0.0967741935483871 0.2 334.8 [0, 0, 0, 0, 0, 0, 0, 0, 0, 0, 0, 0, 0, 0, 0, 0, 0, 0, 0, 0, 0, 0, 0, 0, 0, 0, 4, 5, 0, 0, 0, 0, 0, 0, 0, 0, 0, 0, 0, 0, 0, 4, 0, 0, 0, 0, 1, 0, 0, 0, 4, 0, 0, 5, 0, 0, 0, 1, 0, 0] 
dagC3.txt 4_1x5.txt 0.12903225806451613 0.15 410.25 [0, 0, 0, 0, 0, 0, 0, 0, 0, 0, 3, 0, 0, 0, 0, 0, 0, 0, 0, 0, 0, 0, 0, 0, 0, 0, 8, 0, 0, 0, 0, 4, 0, 0, 0, 0, 0, 0, 0, 0, 0, 1, 0, 0, 0, 0, 0, 0, 2, 0, 6, 0, 2, 0, 0, 0, 0, 4, 0, 0] 
dagC3.txt 4_1x5.txt 0.07526881720430108 0.2 439.5 [0, 0, 0, 0, 0, 0, 0, 0, 0, 0, 0, 0, 0, 0, 0, 0, 0, 0, 0, 0, 0, 0, 0, 0, 0, 0, 0, 0, 0, 0, 0, 0, 0, 0, 0, 0, 0, 0, 0, 0, 0, 6, 0, 0, 0, 0, 2, 0, 0, 0, 0, 0, 0, 8, 0, 4, 0, 2, 0, 0] 
dagC3.txt 3_2x4.txt 0.0967741935483871 0.15 558.0 [0, 0, 0, 0, 0, 0, 0, 0, 0, 0, 0, 0, 0, 0, 0, 0, 0, 0, 0, 0, 0, 0, 0, 0, 0, 0, 2, 6, 0, 0, 0, 0, 0, 0, 0, 0, 0, 0, 0, 0, 0, 2, 0, 0, 0, 0, 4, 0, 0, 0, 2, 0, 0, 6, 0, 0, 0, 4, 0, 0] 
dagC3.txt 5_4_3_2x2.txt 0.3924731182795699 0.4 155.8 [1, 1, 0, 1, 0, 1, 0, 0, 1, 0, 0, 0, 1, 1, 0, 0, 0, 1, 1, 0, 1, 0, 0, 1, 0, 4, 4, 0, 0, 1, 0, 5, 0, 0, 4, 0, 0, 0, 4, 0, 1, 4, 4, 5, 1, 4, 5, 0, 4, 4, 4, 0, 4, 0, 0, 4, 4, 5, 5, 5] 
dagC3.txt 5_4_3_2x2.txt 0.5 0.5 95.0 [0, 4, 4, 5, 0, 4, 4, 4, 6, 0, 4, 5, 5, 4, 4, 5, 5, 6, 5, 4, 6, 0, 0, 1, 2, 0, 7, 4, 4, 4, 4, 0, 4, 1, 3, 0, 0, 1, 0, 0, 0, 7, 7, 6, 1, 2, 2, 1, 0, 0, 3, 3, 0, 4, 1, 1, 3, 2, 1, 2] 
dagC3.txt 4_1x5.txt 0.26881720430107525 0.3 323.5 [0, 0, 0, 0, 0, 0, 0, 0, 0, 0, 0, 0, 0, 0, 0, 0, 0, 0, 0, 0, 2, 0, 0, 0, 0, 8, 4, 0, 0, 0, 0, 0, 0, 0, 0, 0, 0, 0, 4, 0, 2, 3, 4, 2, 7, 2, 0, 0, 8, 6, 1, 0, 0, 0, 5, 6, 0, 0, 2, 2] 
dagC3.txt 4_1x5.txt 0.25806451612903225 0.4 316.25 [0, 0, 0, 0, 0, 0, 0, 0, 0, 0, 0, 0, 0, 0, 0, 0, 0, 0, 0, 0, 2, 0, 0, 0, 0, 4, 4, 0, 0, 0, 0, 0, 0, 0, 0, 0, 0, 0, 4, 0, 2, 3, 4, 2, 7, 2, 8, 0, 6, 0, 1, 0, 6, 0, 5, 2, 2, 8, 0, 2] 
dagC3.txt 4_1x5.txt 0.11827956989247312 0.25 419.75 [0, 0, 0, 0, 0, 0, 0, 0, 0, 0, 3, 0, 0, 0, 0, 0, 0, 0, 0, 0, 0, 0, 0, 0, 0, 0, 6, 0, 0, 0, 0, 0, 0, 0, 0, 0, 0, 0, 0, 0, 0, 8, 0, 2, 0, 0, 0, 0, 0, 0, 4, 0, 0, 1, 0, 0, 0, 0, 0, 2] 
dagC3.txt 3_2x4.txt 0.3225806451612903 0.35 320.3333333333333 [0, 0, 0, 0, 0, 0, 0, 0, 0, 0, 0, 0, 0, 0, 0, 0, 0, 0, 0, 0, 2, 0, 0, 2, 0, 4, 6, 0, 0, 0, 0, 2, 4, 2, 4, 0, 0, 0, 4, 0, 2, 6, 6, 2, 2, 4, 4, 2, 2, 4, 6, 4, 2, 0, 4, 2, 4, 4, 2, 4] 
dagC3.txt 4_1x5.txt 0.24731182795698925 0.35 326.75 [0, 0, 0, 0, 0, 2, 0, 0, 0, 0, 0, 0, 0, 0, 0, 0, 0, 0, 0, 0, 0, 0, 0, 0, 0, 1, 4, 0, 0, 2, 0, 0, 0, 0, 0, 0, 0, 0, 4, 0, 0, 5, 4, 6, 2, 0, 8, 0, 3, 0, 4, 0, 7, 2, 2, 0, 0, 8, 0, 6] 
dagC3.txt 3_2x4.txt 0.24731182795698925 0.25 443.6666666666667 [0, 0, 0, 0, 0, 2, 0, 0, 0, 0, 2, 0, 0, 0, 2, 0, 0, 0, 0, 0, 0, 0, 2, 0, 0, 0, 4, 2, 0, 0, 0, 2, 2, 0, 0, 0, 0, 2, 0, 0, 0, 4, 4, 0, 2, 0, 6, 2, 0, 0, 4, 0, 0, 0, 2, 0, 0, 6, 2, 0] 
dagC3.txt 4_1x5.txt 0.6236559139784946 0.7 191.0 [0, 5, 4, 5, 3, 0, 0, 6, 5, 0, 6, 4, 4, 6, 6, 4, 4, 5, 5, 0, 1, 0, 3, 2, 6, 8, 7, 6, 0, 1, 1, 7, 4, 9, 3, 0, 3, 9, 8, 8, 1, 7, 8, 2, 9, 2, 2, 9, 8, 3, 7, 4, 3, 1, 9, 2, 8, 7, 1, 2] 
dagC3.txt 4_1x5.txt 0.6290322580645161 0.9 193.0 [4, 7, 5, 7, 4, 9, 4, 1, 3, 4, 1, 7, 5, 1, 1, 5, 5, 7, 7, 4, 3, 4, 2, 6, 1, 0, 9, 1, 4, 3, 8, 0, 5, 3, 5, 4, 2, 2, 8, 8, 3, 9, 8, 6, 6, 8, 0, 2, 0, 2, 9, 5, 2, 3, 6, 6, 8, 0, 0, 6] 
dagC3.txt 4_1x5.txt 0.6236559139784946 0.8 189.0 [4, 8, 7, 6, 7, 0, 0, 3, 8, 0, 3, 2, 7, 3, 0, 7, 7, 7, 8, 0, 2, 4, 4, 6, 0, 5, 9, 3, 0, 8, 2, 4, 3, 6, 1, 0, 1, 4, 5, 2, 4, 9, 9, 2, 6, 2, 5, 1, 5, 1, 9, 3, 5, 8, 6, 1, 2, 4, 4, 6] 
dagC3.txt 4_1x5.txt 0.6129032258064516 1 191.0 [3, 1, 3, 1, 0, 1, 0, 8, 2, 0, 0, 9, 3, 3, 8, 3, 3, 1, 1, 0, 5, 0, 9, 2, 8, 7, 4, 8, 0, 2, 6, 8, 9, 2, 6, 0, 0, 9, 4, 6, 7, 4, 4, 5, 2, 5, 5, 9, 7, 6, 4, 6, 7, 2, 9, 7, 6, 5, 8, 5] 
dagC3.txt 4_1x5.txt 0.5967741935483871 0.6 190.0 [4, 1, 5, 4, 3, 1, 2, 2, 5, 3, 2, 8, 4, 2, 2, 4, 5, 1, 4, 2, 0, 3, 8, 5, 4, 6, 6, 2, 2, 1, 9, 8, 7, 5, 7, 3, 3, 8, 6, 9, 0, 6, 6, 7, 5, 9, 8, 3, 0, 0, 9, 7, 0, 1, 7, 0, 9, 8, 8, 7] 
dagC3.txt 4_1x5.txt 0.4032258064516129 0.45 253.5 [0, 8, 0, 2, 0, 6, 0, 0, 4, 0, 0, 0, 4, 0, 0, 0, 4, 2, 8, 0, 4, 0, 0, 2, 2, 5, 6, 0, 0, 4, 0, 1, 2, 0, 0, 0, 0, 0, 0, 0, 4, 6, 0, 9, 2, 2, 2, 0, 7, 0, 3, 0, 0, 0, 2, 0, 0, 1, 0, 2] 
dagC3.txt 4_1x5.txt 0.6290322580645161 0.65 187.0 [3, 1, 6, 1, 0, 3, 0, 7, 1, 0, 7, 6, 3, 3, 7, 6, 6, 1, 1, 0, 2, 0, 7, 2, 7, 5, 8, 7, 0, 3, 4, 4, 6, 4, 6, 0, 0, 9, 5, 8, 2, 8, 8, 2, 4, 5, 9, 9, 2, 5, 8, 6, 0, 4, 9, 2, 5, 9, 4, 2] 
dagC3.txt 4_1x5.txt 0.489247311827957 0.5 158.25 [6, 7, 1, 0, 0, 0, 0, 0, 0, 0, 6, 0, 0, 6, 0, 0, 0, 1, 0, 0, 2, 0, 0, 2, 0, 4, 8, 0, 0, 0, 4, 2, 6, 2, 6, 0, 0, 2, 4, 4, 2, 8, 4, 2, 2, 5, 2, 2, 4, 6, 3, 6, 9, 4, 2, 2, 4, 2, 2, 2] 
dagC3.txt 5_4_3_2x2.txt 0.3225806451612903 0.35 192.2 [0, 0, 0, 0, 0, 0, 0, 0, 0, 0, 0, 0, 0, 0, 0, 0, 0, 0, 0, 0, 4, 0, 0, 4, 0, 1, 5, 0, 0, 0, 0, 4, 1, 4, 1, 0, 0, 0, 1, 0, 4, 5, 5, 4, 4, 1, 1, 4, 4, 1, 5, 1, 4, 0, 1, 4, 1, 1, 4, 1] 
dagC3.txt 3_2x4.txt 0.3924731182795699 0.45 259.6666666666667 [4, 4, 0, 4, 0, 4, 0, 0, 4, 0, 0, 0, 4, 4, 0, 0, 0, 4, 4, 0, 4, 0, 0, 4, 0, 2, 2, 0, 0, 4, 0, 6, 0, 0, 2, 0, 0, 0, 2, 0, 4, 2, 2, 6, 4, 2, 6, 0, 2, 2, 2, 0, 2, 0, 0, 2, 2, 6, 6, 6] 
dagC3.txt 3_2x4.txt 0.5483870967741935 0.55 120.0 [1, 2, 4, 2, 1, 2, 0, 0, 2, 7, 0, 5, 7, 0, 0, 7, 4, 2, 2, 0, 5, 1, 6, 4, 7, 1, 3, 0, 0, 2, 4, 1, 0, 4, 7, 7, 6, 6, 3, 1, 1, 3, 3, 5, 4, 5, 5, 6, 1, 6, 3, 7, 6, 4, 0, 6, 3, 5, 4, 5] 
dagC3.txt 3_2x3.txt 0.521505376344086 0.6 164.0 [4, 3, 4, 3, 1, 3, 4, 4, 3, 1, 4, 1, 3, 4, 4, 1, 3, 3, 3, 4, 2, 1, 4, 0, 1, 5, 5, 4, 4, 3, 2, 2, 1, 0, 4, 1, 1, 0, 5, 2, 2, 5, 5, 2, 0, 2, 0, 0, 2, 5, 5, 1, 1, 0, 0, 0, 2, 2, 2, 0] 
dagC3.txt 3_2x3.txt 0.521505376344086 0.7 164.0 [4, 3, 4, 3, 1, 3, 4, 4, 3, 1, 4, 1, 3, 4, 4, 1, 3, 3, 3, 4, 2, 1, 4, 0, 1, 5, 5, 4, 4, 3, 2, 2, 1, 0, 4, 1, 1, 0, 5, 2, 2, 5, 5, 2, 0, 2, 0, 0, 2, 5, 5, 1, 1, 0, 0, 0, 2, 2, 2, 0] 
dagC3.txt 3_2x3.txt 0.521505376344086 0.65 164.0 [4, 3, 4, 3, 1, 3, 4, 4, 3, 1, 4, 1, 3, 4, 4, 1, 3, 3, 3, 4, 2, 1, 4, 0, 1, 5, 5, 4, 4, 3, 2, 2, 1, 0, 4, 1, 1, 0, 5, 2, 2, 5, 5, 2, 0, 2, 0, 0, 2, 5, 5, 1, 1, 0, 0, 0, 2, 2, 2, 0] 
dagC3.txt 3_2x3.txt 0.521505376344086 0.8 164.0 [4, 3, 4, 3, 1, 3, 4, 4, 3, 1, 4, 1, 3, 4, 4, 1, 3, 3, 3, 4, 2, 1, 4, 0, 1, 5, 5, 4, 4, 3, 2, 2, 1, 0, 4, 1, 1, 0, 5, 2, 2, 5, 5, 2, 0, 2, 0, 0, 2, 5, 5, 1, 1, 0, 0, 0, 2, 2, 2, 0] 
dagC3.txt 5_4_3_2x2.txt 0.0967741935483871 0.15 334.8 [0, 0, 0, 0, 0, 0, 0, 0, 0, 0, 0, 0, 0, 0, 0, 0, 0, 0, 0, 0, 0, 0, 0, 0, 0, 0, 4, 5, 0, 0, 0, 0, 0, 0, 0, 0, 0, 0, 0, 0, 0, 4, 0, 0, 0, 0, 1, 0, 0, 0, 4, 0, 0, 5, 0, 0, 0, 1, 0, 0] 
dagC3.txt 5_4_3_2x2.txt 0.24731182795698925 0.25 266.2 [0, 0, 0, 0, 0, 4, 0, 0, 0, 0, 4, 0, 0, 0, 4, 0, 0, 0, 0, 0, 0, 0, 4, 0, 0, 0, 1, 4, 0, 0, 0, 4, 4, 0, 0, 0, 0, 4, 0, 0, 0, 1, 1, 0, 4, 0, 5, 4, 0, 0, 1, 0, 0, 0, 4, 0, 0, 5, 4, 0] 
dagC3.txt 3_2x3.txt 0.521505376344086 0.9 164.0 [4, 3, 4, 3, 1, 3, 4, 4, 3, 1, 4, 1, 3, 4, 4, 1, 3, 3, 3, 4, 2, 1, 4, 0, 1, 5, 5, 4, 4, 3, 2, 2, 1, 0, 4, 1, 1, 0, 5, 2, 2, 5, 5, 2, 0, 2, 0, 0, 2, 5, 5, 1, 1, 0, 0, 0, 2, 2, 2, 0] 
dagC3.txt 3_2x3.txt 0.521505376344086 1 164.0 [4, 3, 4, 3, 1, 3, 4, 4, 3, 1, 4, 1, 3, 4, 4, 1, 3, 3, 3, 4, 2, 1, 4, 0, 1, 5, 5, 4, 4, 3, 2, 2, 1, 0, 4, 1, 1, 0, 5, 2, 2, 5, 5, 2, 0, 2, 0, 0, 2, 5, 5, 1, 1, 0, 0, 0, 2, 2, 2, 0] 
dagC3.txt 4_1x5.txt 0.5483870967741935 0.55 110.75 [2, 3, 2, 2, 8, 4, 2, 2, 4, 8, 2, 0, 4, 2, 2, 2, 4, 4, 3, 2, 0, 8, 0, 2, 2, 6, 5, 2, 2, 4, 6, 0, 0, 4, 0, 7, 8, 0, 6, 6, 0, 5, 6, 1, 4, 1, 0, 7, 6, 0, 9, 0, 6, 4, 0, 0, 9, 0, 0, 1] 
dagC3.txt 5_4_3_2x2.txt 0.5483870967741935 0.55 109.5 [2, 4, 1, 4, 2, 4, 0, 0, 4, 7, 0, 3, 7, 0, 0, 7, 1, 4, 4, 0, 3, 2, 5, 1, 7, 2, 6, 0, 0, 4, 1, 2, 0, 1, 7, 7, 5, 5, 6, 2, 2, 6, 6, 3, 1, 3, 3, 5, 2, 5, 6, 7, 5, 1, 0, 5, 6, 3, 1, 3] 
dagC3.txt 5_4_3_2x2.txt 0.3924731182795699 0.45 155.8 [1, 1, 0, 1, 0, 1, 0, 0, 1, 0, 0, 0, 1, 1, 0, 0, 0, 1, 1, 0, 1, 0, 0, 1, 0, 4, 4, 0, 0, 1, 0, 5, 0, 0, 4, 0, 0, 0, 4, 0, 1, 4, 4, 5, 1, 4, 5, 0, 4, 4, 4, 0, 4, 0, 0, 4, 4, 5, 5, 5] 
dagC3.txt 5_4_3_2x5.txt 0.16129032258064516 0.2 311.4 [0, 0, 0, 0, 0, 0, 0, 0, 0, 0, 0, 0, 0, 0, 0, 0, 0, 0, 0, 0, 17, 0, 0, 0, 0, 0, 16, 0, 0, 0, 0, 13, 0, 0, 8, 0, 0, 0, 0, 0, 0, 1, 0, 5, 4, 0, 0, 0, 0, 0, 12, 8, 0, 0, 4, 0, 0, 9, 0, 0] 
dagC3.txt 5_4_3_2x5.txt 0.15591397849462366 0.3 319.0 [0, 0, 0, 0, 0, 0, 0, 0, 0, 0, 0, 0, 0, 0, 0, 0, 0, 0, 0, 0, 0, 0, 0, 0, 0, 0, 1, 0, 0, 0, 0, 4, 0, 0, 13, 0, 0, 0, 0, 0, 0, 5, 0, 0, 0, 0, 0, 16, 0, 12, 8, 0, 0, 9, 0, 0, 0, 4, 0, 0] 
dagC3.txt 5_4_3_2x5.txt None 0.1 20000000000.0 None 
dagC3.txt 5_4_3_2x5.txt 0.3870967741935484 0.4 229.0 [0, 0, 0, 12, 0, 0, 0, 0, 0, 0, 0, 0, 0, 0, 17, 12, 0, 0, 0, 0, 0, 0, 0, 0, 12, 9, 8, 0, 0, 0, 4, 0, 0, 0, 14, 0, 0, 0, 8, 4, 0, 13, 8, 6, 0, 5, 1, 0, 4, 0, 16, 2, 4, 4, 0, 0, 16, 1, 0, 10] 
dagC3.txt 3_2x3.txt 0.24731182795698925 0.3 435.6666666666667 [0, 0, 0, 0, 0, 0, 0, 0, 0, 0, 0, 0, 1, 0, 0, 0, 1, 0, 1, 0, 2, 0, 0, 0, 0, 2, 4, 0, 0, 0, 0, 2, 0, 0, 0, 0, 0, 0, 0, 0, 2, 4, 4, 2, 0, 2, 2, 0, 2, 0, 4, 0, 0, 0, 0, 2, 0, 2, 0, 2] 
dagC3.txt 3_2x3.txt 0.03763440860215054 0.1 592.3333333333334 [0, 0, 0, 0, 0, 0, 0, 0, 0, 0, 0, 0, 0, 0, 0, 0, 0, 0, 0, 0, 0, 0, 0, 0, 0, 0, 0, 0, 0, 0, 0, 0, 0, 0, 0, 0, 0, 0, 0, 0, 0, 2, 0, 0, 0, 0, 4, 0, 0, 0, 2, 0, 0, 0, 0, 0, 0, 4, 0, 0] 
dagC3.txt 3_2x3.txt 0.4946236559139785 0.5 153.5 [5, 0, 0, 5, 5, 0, 0, 0, 3, 2, 0, 5, 5, 0, 0, 5, 5, 0, 5, 0, 3, 2, 2, 1, 5, 4, 4, 0, 0, 3, 3, 2, 1, 3, 2, 2, 2, 1, 4, 4, 3, 4, 4, 1, 3, 1, 1, 2, 4, 2, 4, 2, 2, 3, 1, 1, 4, 1, 3, 1] 
dagC3.txt 3_2x3.txt 0.13978494623655913 0.2 543.6666666666666 [0, 0, 0, 0, 0, 0, 0, 0, 1, 0, 0, 0, 1, 0, 0, 0, 1, 0, 0, 0, 0, 0, 0, 0, 0, 0, 2, 0, 0, 0, 0, 4, 0, 0, 0, 0, 0, 0, 0, 0, 0, 2, 0, 0, 0, 0, 4, 0, 0, 0, 2, 0, 0, 0, 0, 0, 0, 4, 0, 0] 
dagC3.txt 3_2x3.txt 0.521505376344086 0.55 164.0 [4, 3, 4, 3, 1, 3, 4, 4, 3, 1, 4, 1, 3, 4, 4, 1, 3, 3, 3, 4, 2, 1, 4, 0, 1, 5, 5, 4, 4, 3, 2, 2, 1, 0, 4, 1, 1, 0, 5, 2, 2, 5, 5, 2, 0, 2, 0, 0, 2, 5, 5, 1, 1, 0, 0, 0, 2, 2, 2, 0] 
dagC3.txt 3_2x3.txt 0.3709677419354839 0.4 216.33333333333334 [0, 2, 2, 2, 2, 2, 0, 0, 2, 0, 0, 0, 2, 0, 0, 2, 2, 2, 2, 0, 4, 0, 0, 2, 2, 4, 4, 0, 0, 2, 4, 4, 0, 2, 0, 0, 0, 0, 4, 4, 4, 4, 4, 1, 2, 1, 1, 0, 4, 0, 4, 0, 4, 2, 0, 4, 4, 1, 4, 1] 
dagC3.txt 5_4_3_2x5.txt 0.7526881720430108 0.9 44.5 [17, 3, 7, 9, 10, 9, 5, 1, 13, 15, 5, 6, 13, 5, 1, 15, 18, 9, 3, 5, 6, 17, 4, 7, 2, 12, 0, 1, 5, 13, 6, 12, 11, 18, 11, 2, 10, 14, 8, 17, 17, 19, 0, 16, 7, 16, 8, 2, 12, 4, 0, 11, 10, 18, 14, 4, 8, 8, 14, 16] 
dagC3.txt 5_4_3_2x5.txt 0.6989247311827957 0.7 40.4 [4, 15, 0, 0, 0, 8, 8, 8, 16, 7, 5, 16, 0, 5, 8, 0, 0, 0, 16, 8, 16, 4, 4, 14, 2, 13, 1, 5, 8, 8, 16, 4, 17, 3, 10, 4, 4, 12, 13, 9, 12, 1, 1, 14, 19, 11, 6, 4, 12, 18, 9, 10, 12, 5, 17, 12, 9, 6, 12, 2] 
dagC3.txt 5_4_3_2x5.txt 0.5698924731182796 0.6 125.4 [0, 9, 0, 7, 4, 1, 0, 0, 5, 0, 0, 0, 13, 0, 0, 0, 5, 9, 13, 0, 4, 0, 0, 17, 4, 6, 12, 3, 0, 1, 4, 8, 0, 5, 0, 0, 0, 8, 12, 4, 16, 10, 12, 4, 17, 4, 8, 0, 16, 0, 2, 0, 18, 1, 14, 16, 4, 8, 8, 4] 
dagC3.txt 5_4_3_2x5.txt 0.7634408602150538 1 44.0 [15, 11, 0, 14, 5, 12, 16, 16, 0, 13, 3, 9, 19, 3, 5, 14, 0, 11, 19, 16, 9, 15, 1, 6, 5, 8, 7, 3, 16, 12, 9, 1, 16, 0, 18, 13, 13, 1, 8, 2, 15, 7, 8, 10, 6, 2, 10, 17, 4, 17, 18, 14, 4, 12, 6, 4, 18, 2, 1, 10] 
dagC3.txt 5_4_3_2x5.txt 0.7526881720430108 0.8 42.5 [12, 14, 2, 2, 12, 8, 6, 1, 0, 15, 6, 3, 0, 6, 1, 15, 0, 2, 14, 6, 3, 12, 13, 9, 16, 4, 8, 1, 13, 0, 5, 11, 7, 9, 7, 18, 13, 17, 4, 12, 5, 10, 8, 3, 9, 16, 11, 19, 4, 18, 10, 7, 13, 19, 17, 17, 18, 11, 5, 16] 
dagC3.txt 5_4_3_2x5.txt 0.3817204301075269 0.5 223.4 [0, 4, 0, 12, 0, 4, 0, 0, 0, 0, 0, 0, 0, 0, 17, 0, 0, 4, 4, 0, 0, 0, 0, 12, 12, 16, 8, 0, 0, 0, 0, 0, 0, 0, 0, 0, 0, 0, 8, 0, 0, 9, 8, 6, 0, 5, 10, 0, 16, 0, 1, 0, 0, 0, 0, 13, 0, 14, 2, 12] 
dagC3.txt 5_4_3_2x5.txt 0.13978494623655913 0.25 326.0 [0, 0, 0, 0, 0, 0, 0, 0, 0, 16, 0, 0, 0, 0, 0, 0, 0, 0, 0, 0, 0, 0, 0, 0, 0, 0, 12, 0, 0, 0, 0, 4, 0, 0, 0, 0, 0, 0, 0, 0, 0, 1, 0, 0, 0, 0, 0, 0, 0, 0, 8, 5, 0, 9, 0, 0, 0, 4, 0, 0] 
dagC3.txt 4_1x1.txt 0.23655913978494625 0.3 962.0 [0, 1, 1, 1, 1, 1, 1, 1, 1, 1, 1, 0, 1, 1, 1, 1, 1, 1, 0, 1, 0, 0, 0, 1, 1, 0, 0, 1, 1, 1, 0, 0, 1, 1, 0, 1, 0, 0, 0, 0, 0, 0, 0, 0, 1, 1, 0, 0, 0, 0, 0, 1, 0, 1, 1, 0, 0, 0, 0, 1] 
dagC3.txt 4_1x1.txt 0.24193548387096775 0.35 962.0 [1, 0, 0, 0, 0, 0, 0, 0, 0, 0, 1, 1, 0, 0, 0, 0, 0, 0, 0, 0, 1, 1, 1, 0, 0, 1, 1, 0, 0, 0, 1, 1, 1, 0, 1, 0, 0, 1, 1, 1, 1, 1, 1, 1, 0, 1, 1, 0, 1, 1, 1, 0, 0, 0, 1, 1, 1, 1, 1, 1] 
dagC3.txt 5_4_3_2x5.txt 0.16129032258064516 0.35 321.4 [0, 0, 0, 0, 0, 0, 0, 0, 0, 0, 13, 0, 9, 0, 0, 0, 0, 0, 0, 0, 0, 0, 0, 0, 0, 0, 12, 0, 0, 0, 0, 0, 0, 0, 0, 0, 0, 0, 0, 0, 0, 16, 0, 1, 4, 0, 0, 0, 0, 0, 8, 0, 0, 0, 4, 0, 0, 0, 0, 5] 
dagC3.txt 4_1x1.txt 0.24193548387096775 0.4 962.0 [1, 0, 0, 0, 0, 0, 0, 0, 0, 0, 1, 1, 0, 0, 0, 0, 0, 0, 0, 0, 1, 1, 1, 0, 0, 1, 1, 0, 0, 0, 1, 1, 1, 0, 1, 0, 0, 1, 1, 1, 1, 1, 1, 1, 0, 1, 1, 0, 1, 1, 1, 0, 0, 0, 1, 1, 1, 1, 1, 1] 
dagC3.txt 5_4_3_2x5.txt 0.3870967741935484 0.45 234.6 [0, 0, 0, 4, 0, 0, 0, 0, 0, 0, 0, 0, 0, 0, 0, 0, 0, 0, 0, 0, 3, 8, 0, 4, 0, 8, 5, 0, 0, 0, 0, 14, 0, 0, 0, 0, 0, 0, 12, 18, 8, 9, 12, 6, 0, 4, 2, 1, 8, 0, 16, 0, 17, 0, 0, 4, 0, 10, 13, 4] 
dagC3.txt 4_1x1.txt 0.23655913978494625 0.5 962.0 [0, 1, 1, 1, 1, 1, 1, 1, 1, 1, 1, 0, 1, 1, 1, 1, 1, 1, 0, 1, 0, 0, 0, 1, 1, 0, 0, 1, 1, 1, 0, 0, 1, 1, 0, 1, 0, 0, 0, 0, 0, 0, 0, 0, 1, 1, 0, 0, 0, 0, 0, 1, 0, 1, 1, 0, 0, 0, 0, 1] 
dagC3.txt 4_1x1.txt 0.24731182795698925 0.45 962.0 [1, 1, 1, 1, 1, 1, 1, 1, 1, 1, 0, 0, 1, 1, 1, 1, 1, 1, 1, 1, 0, 1, 0, 1, 1, 0, 0, 0, 1, 1, 0, 0, 0, 1, 0, 1, 1, 0, 0, 0, 0, 0, 0, 0, 1, 0, 0, 1, 0, 0, 0, 1, 1, 0, 0, 0, 0, 0, 0, 0] 
dagC3.txt 5_4_3_2x5.txt None 0.15 20000000000.0 None 
dagC3.txt 4_1x1.txt 0.24731182795698925 0.6 962.0 [1, 1, 1, 1, 1, 1, 1, 1, 1, 1, 0, 0, 1, 1, 1, 1, 1, 1, 1, 1, 0, 1, 0, 1, 1, 0, 0, 0, 1, 1, 0, 0, 0, 1, 0, 1, 1, 0, 0, 0, 0, 0, 0, 0, 1, 0, 0, 1, 0, 0, 0, 1, 1, 0, 0, 0, 0, 0, 0, 0] 
dagC3.txt 4_1x1.txt 0.24193548387096775 0.55 962.0 [1, 0, 0, 0, 0, 0, 0, 0, 0, 0, 1, 1, 0, 0, 0, 0, 0, 0, 0, 0, 1, 1, 1, 0, 0, 1, 1, 0, 0, 0, 1, 1, 1, 0, 1, 0, 0, 1, 1, 1, 1, 1, 1, 1, 0, 1, 1, 0, 1, 1, 1, 0, 0, 0, 1, 1, 1, 1, 1, 1] 
dagC3.txt 4_1x1.txt 0.24731182795698925 0.7 962.0 [1, 1, 1, 1, 1, 1, 1, 1, 1, 1, 0, 0, 1, 1, 1, 1, 1, 1, 1, 1, 0, 1, 0, 1, 1, 0, 0, 0, 1, 1, 0, 0, 0, 1, 0, 1, 1, 0, 0, 0, 0, 0, 0, 0, 1, 0, 0, 1, 0, 0, 0, 1, 1, 0, 0, 0, 0, 0, 0, 0] 
dagC3.txt 4_1x1.txt 0.24731182795698925 0.9 962.0 [1, 1, 1, 1, 1, 1, 1, 1, 1, 1, 0, 0, 1, 1, 1, 1, 1, 1, 1, 1, 0, 1, 0, 1, 1, 0, 0, 0, 1, 1, 0, 0, 0, 1, 0, 1, 1, 0, 0, 0, 0, 0, 0, 0, 1, 0, 0, 1, 0, 0, 0, 1, 1, 0, 0, 0, 0, 0, 0, 0] 
dagC3.txt 4_1x1.txt 0.23655913978494625 0.8 962.0 [0, 1, 1, 1, 1, 1, 1, 1, 1, 1, 1, 0, 1, 1, 1, 1, 1, 1, 0, 1, 0, 0, 0, 1, 1, 0, 0, 1, 1, 1, 0, 0, 1, 1, 0, 1, 0, 0, 0, 0, 0, 0, 0, 0, 1, 1, 0, 0, 0, 0, 0, 1, 0, 1, 1, 0, 0, 0, 0, 1] 
dagC3.txt 4_1x1.txt 0.24731182795698925 0.65 962.0 [1, 1, 1, 1, 1, 1, 1, 1, 1, 1, 0, 0, 1, 1, 1, 1, 1, 1, 1, 1, 0, 1, 0, 1, 1, 0, 0, 0, 1, 1, 0, 0, 0, 1, 0, 1, 1, 0, 0, 0, 0, 0, 0, 0, 1, 0, 0, 1, 0, 0, 0, 1, 1, 0, 0, 0, 0, 0, 0, 0] 
dagC3.txt 4_1x1.txt 0.026881720430107527 0.1 469.0 [0, 0, 0, 0, 0, 0, 0, 0, 0, 0, 0, 0, 0, 0, 0, 0, 0, 0, 0, 0, 0, 0, 0, 0, 0, 0, 0, 0, 0, 0, 0, 1, 0, 0, 0, 0, 0, 0, 0, 0, 0, 0, 0, 0, 0, 0, 0, 0, 0, 0, 0, 0, 0, 0, 0, 0, 0, 1, 0, 0] 
dagC3.txt 4_1x1.txt 0.23655913978494625 1 962.0 [0, 1, 1, 1, 1, 1, 1, 1, 1, 1, 1, 0, 1, 1, 1, 1, 1, 1, 0, 1, 0, 0, 0, 1, 1, 0, 0, 1, 1, 1, 0, 0, 1, 1, 0, 1, 0, 0, 0, 0, 0, 0, 0, 0, 1, 1, 0, 0, 0, 0, 0, 1, 0, 1, 1, 0, 0, 0, 0, 1] 
dagC3.txt 5_4_3_2x5.txt 0.6344086021505376 0.65 73.4 [0, 12, 7, 12, 0, 10, 0, 8, 5, 0, 8, 3, 5, 8, 0, 18, 5, 12, 12, 0, 4, 0, 0, 4, 0, 16, 9, 8, 0, 5, 4, 13, 8, 4, 11, 0, 0, 1, 16, 16, 4, 6, 16, 4, 4, 17, 1, 1, 2, 0, 9, 8, 14, 4, 1, 4, 16, 13, 4, 4] 
dagC3.txt 4_1x1.txt 0.1989247311827957 0.2 784.0 [0, 0, 0, 0, 0, 0, 0, 0, 0, 0, 0, 0, 0, 0, 0, 0, 0, 0, 0, 0, 1, 0, 0, 0, 0, 1, 1, 0, 0, 0, 1, 1, 0, 0, 1, 0, 0, 0, 1, 1, 1, 1, 1, 1, 0, 1, 1, 0, 1, 1, 1, 0, 1, 0, 0, 1, 1, 1, 1, 1] 
dagC3.txt 4_1x1.txt 0.24193548387096775 0.25 962.0 [1, 0, 0, 0, 0, 0, 0, 0, 0, 0, 1, 1, 0, 0, 0, 0, 0, 0, 0, 0, 1, 1, 1, 0, 0, 1, 1, 0, 0, 0, 1, 1, 1, 0, 1, 0, 0, 1, 1, 1, 1, 1, 1, 1, 0, 1, 1, 0, 1, 1, 1, 0, 0, 0, 1, 1, 1, 1, 1, 1] 
dagC3.txt 5_4_3_2x5.txt 0.41397849462365593 0.55 221.4 [0, 17, 0, 0, 0, 0, 0, 0, 12, 0, 0, 0, 3, 0, 0, 0, 0, 12, 5, 0, 4, 0, 0, 0, 0, 0, 8, 0, 0, 0, 4, 0, 0, 0, 0, 0, 0, 0, 8, 4, 0, 13, 8, 6, 16, 4, 10, 9, 0, 0, 1, 0, 0, 0, 16, 0, 4, 18, 2, 14] 
dagC3.txt 5_4_3_2x3.txt 0.6505376344086021 0.7 74.5 [0, 7, 6, 2, 6, 7, 3, 4, 6, 3, 4, 10, 2, 4, 4, 2, 6, 6, 2, 3, 0, 0, 10, 8, 2, 5, 11, 4, 3, 7, 1, 0, 4, 8, 9, 3, 10, 10, 9, 1, 0, 11, 1, 0, 8, 1, 9, 10, 5, 9, 11, 3, 5, 7, 8, 5, 1, 9, 0, 8] 
dagC3.txt 5_4_3_2x3.txt 0.6612903225806451 0.8 76.0 [3, 9, 0, 11, 4, 4, 0, 0, 9, 5, 0, 3, 9, 0, 4, 3, 9, 4, 11, 0, 1, 1, 3, 11, 4, 1, 7, 0, 0, 9, 10, 5, 6, 10, 8, 2, 5, 3, 7, 1, 1, 7, 7, 6, 11, 8, 6, 2, 1, 2, 8, 8, 5, 10, 6, 2, 8, 5, 10, 6] 
dagC3.txt 5_4_3_2x3.txt 0.12365591397849462 0.2 332.2 [0, 0, 0, 0, 0, 0, 0, 0, 0, 0, 2, 0, 0, 0, 0, 0, 0, 0, 0, 0, 0, 0, 0, 0, 0, 0, 1, 0, 0, 0, 0, 0, 0, 0, 0, 0, 0, 0, 0, 0, 0, 5, 0, 0, 4, 0, 0, 0, 0, 0, 8, 0, 0, 0, 4, 0, 0, 0, 9, 0] 
dagC3.txt 5_4_3_2x3.txt 0.6720430107526881 0.9 77.5 [2, 7, 0, 7, 2, 11, 4, 4, 0, 8, 4, 5, 8, 4, 8, 3, 0, 7, 7, 4, 5, 2, 2, 0, 8, 1, 1, 4, 4, 11, 5, 2, 3, 0, 10, 8, 9, 6, 5, 10, 6, 1, 1, 3, 11, 10, 5, 9, 6, 9, 10, 3, 9, 0, 11, 6, 10, 2, 6, 3] 
dagC3.txt 5_4_3_2x3.txt 0.08602150537634409 0.1 347.6 [0, 0, 0, 0, 0, 0, 0, 0, 0, 0, 0, 0, 0, 0, 0, 0, 0, 0, 0, 0, 0, 0, 0, 0, 0, 0, 0, 0, 0, 0, 0, 4, 0, 0, 0, 0, 0, 0, 0, 0, 0, 0, 0, 0, 0, 0, 0, 1, 0, 0, 8, 0, 0, 0, 0, 5, 0, 4, 0, 0] 
dagC3.txt 4_1x1.txt 0.026881720430107527 0.15 447.5 [0, 0, 0, 0, 0, 0, 0, 0, 0, 0, 0, 0, 0, 0, 0, 0, 0, 0, 0, 0, 0, 0, 0, 0, 0, 0, 1, 0, 0, 0, 0, 0, 0, 0, 0, 0, 0, 0, 0, 0, 0, 1, 0, 0, 0, 0, 0, 0, 0, 0, 1, 0, 0, 0, 0, 0, 0, 0, 0, 0] 
dagC3.txt 5_4_3_2x3.txt 0.6505376344086021 1 79.0 [8, 5, 4, 3, 0, 5, 8, 9, 4, 8, 9, 2, 3, 9, 9, 3, 4, 5, 2, 8, 4, 8, 6, 7, 3, 0, 11, 9, 8, 5, 4, 1, 2, 7, 6, 8, 6, 2, 0, 0, 1, 11, 0, 10, 7, 3, 10, 7, 1, 6, 11, 10, 6, 4, 2, 1, 0, 10, 1, 10] 
dagC3.txt 5_4_3_2x3.txt 0.14516129032258066 0.3 322.8 [0, 0, 0, 0, 0, 0, 0, 0, 0, 0, 0, 0, 6, 0, 0, 0, 0, 0, 0, 0, 0, 0, 0, 0, 0, 0, 1, 0, 0, 0, 0, 0, 0, 0, 0, 0, 0, 0, 0, 0, 0, 5, 0, 0, 2, 0, 0, 0, 4, 0, 8, 0, 4, 0, 9, 0, 0, 0, 0, 0] 
dagC3.txt 5_4_3_2x3.txt 0.3870967741935484 0.4 236.8 [0, 8, 0, 0, 0, 7, 0, 4, 5, 0, 4, 0, 0, 0, 0, 0, 0, 5, 0, 0, 2, 0, 0, 0, 0, 0, 10, 4, 8, 0, 0, 0, 4, 1, 0, 0, 0, 0, 0, 0, 0, 3, 0, 2, 11, 0, 9, 0, 0, 0, 6, 0, 8, 0, 4, 0, 0, 9, 1, 4] 
dagC3.txt 5_4_3_2x3.txt 0.3709677419354839 0.5 236.6 [0, 4, 4, 4, 0, 0, 0, 0, 0, 1, 0, 0, 0, 0, 0, 1, 0, 4, 4, 0, 0, 0, 0, 0, 3, 0, 8, 0, 0, 0, 0, 0, 0, 0, 0, 0, 1, 0, 8, 0, 0, 8, 8, 0, 0, 6, 0, 2, 0, 5, 9, 10, 0, 0, 0, 5, 0, 0, 0, 0] 
dagC3.txt 3_2x3.txt 0.13978494623655913 0.15 543.6666666666666 [0, 0, 0, 0, 0, 0, 0, 0, 1, 0, 0, 0, 1, 0, 0, 0, 1, 0, 0, 0, 0, 0, 0, 0, 0, 0, 2, 0, 0, 0, 0, 4, 0, 0, 0, 0, 0, 0, 0, 0, 0, 2, 0, 0, 0, 0, 4, 0, 0, 0, 2, 0, 0, 0, 0, 0, 0, 4, 0, 0] 
dagC3.txt 3_2x3.txt 0.3225806451612903 0.35 322.6666666666667 [0, 0, 0, 0, 4, 0, 0, 0, 0, 4, 0, 0, 0, 0, 0, 0, 0, 0, 0, 0, 2, 4, 0, 0, 2, 4, 1, 0, 0, 0, 0, 4, 0, 0, 2, 2, 4, 0, 2, 4, 4, 1, 1, 2, 0, 2, 2, 4, 4, 2, 2, 2, 4, 0, 0, 4, 2, 2, 0, 2] 
dagC3.txt 5_4_3_2x3.txt 0.5860215053763441 0.6 65.0 [0, 5, 5, 5, 0, 11, 0, 6, 8, 0, 6, 4, 8, 6, 6, 0, 8, 5, 5, 0, 1, 0, 4, 5, 0, 9, 9, 6, 0, 8, 2, 1, 4, 8, 4, 0, 0, 4, 9, 2, 1, 7, 9, 1, 8, 2, 1, 10, 9, 4, 2, 4, 0, 8, 4, 3, 2, 1, 1, 1] 
dagC3.txt 3_2x3.txt 0.24731182795698925 0.25 435.6666666666667 [0, 0, 0, 0, 0, 0, 0, 0, 0, 0, 0, 0, 1, 0, 0, 0, 1, 0, 1, 0, 2, 0, 0, 0, 0, 2, 4, 0, 0, 0, 0, 2, 0, 0, 0, 0, 0, 0, 0, 0, 2, 4, 4, 2, 0, 2, 2, 0, 2, 0, 4, 0, 0, 0, 0, 2, 0, 2, 0, 2] 
dagC3.txt 3_2x3.txt 0.3709677419354839 0.45 216.33333333333334 [0, 2, 2, 2, 2, 2, 0, 0, 2, 0, 0, 0, 2, 0, 0, 2, 2, 2, 2, 0, 4, 0, 0, 2, 2, 4, 4, 0, 0, 2, 4, 4, 0, 2, 0, 0, 0, 0, 4, 4, 4, 4, 4, 1, 2, 1, 1, 0, 4, 0, 4, 0, 4, 2, 0, 4, 4, 1, 4, 1] 
dagC3.txt 5_4_3_2x3.txt 0.12903225806451613 0.25 329.6 [0, 0, 0, 0, 0, 0, 0, 0, 0, 0, 6, 0, 0, 0, 0, 0, 0, 0, 0, 0, 0, 0, 0, 0, 0, 0, 1, 0, 0, 0, 0, 0, 0, 0, 0, 0, 0, 0, 0, 0, 0, 5, 0, 0, 2, 0, 0, 0, 0, 8, 4, 0, 0, 0, 9, 0, 0, 0, 0, 0] 
dagC3.txt 5_4_3_2x3.txt 0.11290322580645161 0.15 327.8 [0, 0, 0, 0, 0, 0, 0, 0, 0, 0, 0, 0, 0, 0, 0, 0, 0, 0, 0, 0, 8, 0, 0, 0, 0, 0, 5, 0, 0, 0, 0, 0, 0, 0, 0, 0, 0, 0, 0, 0, 0, 9, 0, 8, 4, 0, 0, 0, 0, 0, 1, 0, 0, 2, 4, 0, 0, 0, 0, 0] 
dagC3.txt 5_4_3_2x3.txt 0.34946236559139787 0.35 234.6 [0, 3, 8, 0, 0, 5, 0, 0, 0, 0, 0, 1, 0, 0, 0, 0, 0, 5, 1, 0, 4, 0, 0, 0, 0, 0, 8, 0, 0, 0, 4, 0, 0, 0, 0, 0, 0, 0, 8, 0, 0, 10, 8, 4, 9, 4, 2, 0, 0, 0, 6, 0, 0, 0, 9, 0, 4, 2, 0, 4] 
dagC3.txt 4_1x4.txt 0.6075268817204301 0.9 244.0 [3, 2, 1, 2, 2, 4, 4, 4, 2, 3, 1, 3, 1, 1, 4, 3, 1, 2, 2, 4, 5, 5, 3, 6, 2, 0, 7, 1, 3, 4, 0, 5, 1, 6, 1, 3, 3, 6, 0, 0, 5, 7, 7, 5, 6, 0, 5, 6, 0, 7, 7, 1, 4, 4, 6, 6, 0, 5, 5, 5] 
dagC3.txt 4_1x4.txt 0.6075268817204301 0.7 244.0 [3, 2, 1, 2, 2, 4, 4, 4, 2, 3, 1, 3, 1, 1, 4, 3, 1, 2, 2, 4, 5, 5, 3, 6, 2, 0, 7, 1, 3, 4, 0, 5, 1, 6, 1, 3, 3, 6, 0, 0, 5, 7, 7, 5, 6, 0, 5, 6, 0, 7, 7, 1, 4, 4, 6, 6, 0, 5, 5, 5] 
dagC3.txt 5_4_3_2x3.txt 0.3279569892473118 0.45 242.0 [0, 4, 0, 4, 0, 0, 0, 0, 4, 1, 0, 0, 0, 0, 0, 1, 0, 4, 4, 0, 9, 0, 0, 0, 0, 5, 8, 0, 0, 0, 0, 0, 0, 0, 0, 0, 1, 0, 8, 0, 0, 10, 8, 9, 0, 0, 0, 6, 5, 0, 2, 0, 3, 0, 0, 0, 0, 0, 0, 0] 
dagC3.txt 5_4_3_2x3.txt 0.5 0.55 157.8 [0, 10, 0, 5, 0, 5, 0, 0, 1, 0, 0, 1, 6, 0, 4, 0, 1, 5, 6, 0, 1, 0, 0, 9, 4, 8, 2, 0, 0, 9, 8, 0, 4, 0, 0, 0, 0, 4, 8, 8, 0, 3, 8, 11, 9, 4, 4, 0, 8, 0, 2, 0, 7, 0, 4, 0, 8, 4, 0, 4] 
dagC3.txt 5_4_3_2x3.txt 0.6451612903225806 0.65 68.0 [0, 5, 5, 5, 0, 5, 0, 4, 9, 0, 4, 1, 9, 4, 4, 10, 9, 5, 9, 0, 1, 0, 8, 11, 4, 2, 3, 4, 0, 9, 7, 8, 1, 11, 6, 0, 10, 8, 2, 7, 8, 3, 2, 1, 11, 7, 8, 10, 2, 6, 3, 6, 10, 11, 1, 6, 7, 8, 8, 1] 
dagC3.txt 4_1x4.txt 0.6075268817204301 1 244.0 [3, 2, 1, 2, 2, 4, 4, 4, 2, 3, 1, 3, 1, 1, 4, 3, 1, 2, 2, 4, 5, 5, 3, 6, 2, 0, 7, 1, 3, 4, 0, 5, 1, 6, 1, 3, 3, 6, 0, 0, 5, 7, 7, 5, 6, 0, 5, 6, 0, 7, 7, 1, 4, 4, 6, 6, 0, 5, 5, 5] 
dagC3.txt 4_1x4.txt 0.6075268817204301 0.8 244.0 [3, 2, 1, 2, 2, 4, 4, 4, 2, 3, 1, 3, 1, 1, 4, 3, 1, 2, 2, 4, 5, 5, 3, 6, 2, 0, 7, 1, 3, 4, 0, 5, 1, 6, 1, 3, 3, 6, 0, 0, 5, 7, 7, 5, 6, 0, 5, 6, 0, 7, 7, 1, 4, 4, 6, 6, 0, 5, 5, 5] 
dagC3.txt 4_1x4.txt 0.5967741935483871 0.6 242.0 [4, 2, 0, 3, 0, 1, 1, 1, 0, 1, 2, 3, 2, 2, 1, 3, 0, 0, 3, 1, 7, 2, 5, 0, 1, 4, 6, 2, 2, 2, 6, 4, 3, 0, 5, 1, 5, 5, 6, 6, 4, 7, 6, 7, 0, 7, 7, 5, 4, 5, 6, 3, 4, 2, 3, 5, 6, 7, 4, 7] 
dagC3.txt 4_1x2.txt 0.43010752688172044 0.5 482.0 [2, 1, 1, 2, 2, 1, 1, 1, 2, 2, 1, 2, 2, 1, 1, 2, 2, 1, 2, 1, 3, 2, 2, 3, 2, 0, 0, 1, 1, 1, 0, 3, 1, 3, 1, 2, 2, 3, 0, 0, 3, 0, 0, 3, 3, 0, 3, 3, 0, 0, 0, 1, 2, 0, 3, 3, 0, 3, 3, 3] 
dagC3.txt 4_1x2.txt 0.43010752688172044 0.6 482.0 [2, 1, 1, 2, 2, 1, 1, 1, 2, 2, 1, 2, 2, 1, 1, 2, 2, 1, 2, 1, 3, 2, 2, 3, 2, 0, 0, 1, 1, 1, 0, 3, 1, 3, 1, 2, 2, 3, 0, 0, 3, 0, 0, 3, 3, 0, 3, 3, 0, 0, 0, 1, 2, 0, 3, 3, 0, 3, 3, 3] 
dagC3.txt 4_1x2.txt 0.43010752688172044 0.55 482.0 [2, 1, 1, 2, 2, 1, 1, 1, 2, 2, 1, 2, 2, 1, 1, 2, 2, 1, 2, 1, 3, 2, 2, 3, 2, 0, 0, 1, 1, 1, 0, 3, 1, 3, 1, 2, 2, 3, 0, 0, 3, 0, 0, 3, 3, 0, 3, 3, 0, 0, 0, 1, 2, 0, 3, 3, 0, 3, 3, 3] 
dagC3.txt 4_1x4.txt 0.6075268817204301 0.65 244.0 [3, 2, 1, 2, 2, 4, 4, 4, 2, 3, 1, 3, 1, 1, 4, 3, 1, 2, 2, 4, 5, 5, 3, 6, 2, 0, 7, 1, 3, 4, 0, 5, 1, 6, 1, 3, 3, 6, 0, 0, 5, 7, 7, 5, 6, 0, 5, 6, 0, 7, 7, 1, 4, 4, 6, 6, 0, 5, 5, 5] 
dagC3.txt 4_1x2.txt 0.43010752688172044 0.65 482.0 [2, 1, 1, 2, 2, 1, 1, 1, 2, 2, 1, 2, 2, 1, 1, 2, 2, 1, 2, 1, 3, 2, 2, 3, 2, 0, 0, 1, 1, 1, 0, 3, 1, 3, 1, 2, 2, 3, 0, 0, 3, 0, 0, 3, 3, 0, 3, 3, 0, 0, 0, 1, 2, 0, 3, 3, 0, 3, 3, 3] 
dagC3.txt 4_1x2.txt 0.43010752688172044 0.9 482.0 [2, 1, 1, 2, 2, 1, 1, 1, 2, 2, 1, 2, 2, 1, 1, 2, 2, 1, 2, 1, 3, 2, 2, 3, 2, 0, 0, 1, 1, 1, 0, 3, 1, 3, 1, 2, 2, 3, 0, 0, 3, 0, 0, 3, 3, 0, 3, 3, 0, 0, 0, 1, 2, 0, 3, 3, 0, 3, 3, 3] 
dagC3.txt 4_1x2.txt 0.43010752688172044 0.7 482.0 [2, 1, 1, 2, 2, 1, 1, 1, 2, 2, 1, 2, 2, 1, 1, 2, 2, 1, 2, 1, 3, 2, 2, 3, 2, 0, 0, 1, 1, 1, 0, 3, 1, 3, 1, 2, 2, 3, 0, 0, 3, 0, 0, 3, 3, 0, 3, 3, 0, 0, 0, 1, 2, 0, 3, 3, 0, 3, 3, 3] 
dagC3.txt 4_1x2.txt 0.43010752688172044 1 482.0 [2, 1, 1, 2, 2, 1, 1, 1, 2, 2, 1, 2, 2, 1, 1, 2, 2, 1, 2, 1, 3, 2, 2, 3, 2, 0, 0, 1, 1, 1, 0, 3, 1, 3, 1, 2, 2, 3, 0, 0, 3, 0, 0, 3, 3, 0, 3, 3, 0, 0, 0, 1, 2, 0, 3, 3, 0, 3, 3, 3] 
dagC3.txt 4_1x2.txt 0.43010752688172044 0.8 482.0 [2, 1, 1, 2, 2, 1, 1, 1, 2, 2, 1, 2, 2, 1, 1, 2, 2, 1, 2, 1, 3, 2, 2, 3, 2, 0, 0, 1, 1, 1, 0, 3, 1, 3, 1, 2, 2, 3, 0, 0, 3, 0, 0, 3, 3, 0, 3, 3, 0, 0, 0, 1, 2, 0, 3, 3, 0, 3, 3, 3] 
dagC3.txt 4_1x4.txt 0.0967741935483871 0.1 418.5 [0, 0, 0, 0, 0, 0, 0, 0, 0, 0, 0, 0, 0, 0, 0, 0, 0, 0, 0, 0, 0, 0, 0, 0, 0, 0, 2, 6, 0, 0, 0, 0, 0, 0, 0, 0, 0, 0, 0, 0, 0, 2, 0, 0, 0, 0, 4, 0, 0, 0, 2, 0, 0, 6, 0, 0, 0, 4, 0, 0] 
dagC3.txt 4_1x4.txt 0.0967741935483871 0.2 418.5 [0, 0, 0, 0, 0, 0, 0, 0, 0, 0, 0, 0, 0, 0, 0, 0, 0, 0, 0, 0, 0, 0, 0, 0, 0, 0, 2, 6, 0, 0, 0, 0, 0, 0, 0, 0, 0, 0, 0, 0, 0, 2, 0, 0, 0, 0, 4, 0, 0, 0, 2, 0, 0, 6, 0, 0, 0, 4, 0, 0] 
dagC3.txt 4_1x4.txt 0.27419354838709675 0.3 305.75 [0, 0, 0, 0, 0, 4, 0, 0, 0, 0, 2, 0, 0, 0, 2, 0, 0, 0, 0, 0, 0, 0, 0, 0, 0, 0, 4, 2, 0, 0, 0, 6, 2, 2, 2, 0, 0, 2, 0, 0, 0, 4, 4, 0, 2, 0, 2, 2, 0, 0, 4, 2, 0, 2, 2, 0, 0, 6, 2, 0] 
dagC3.txt 4_1x2.txt 0.043010752688172046 0.1 464.0 [0, 0, 0, 0, 0, 0, 0, 0, 0, 0, 0, 0, 0, 0, 0, 0, 0, 0, 0, 0, 0, 0, 0, 0, 0, 0, 0, 0, 0, 0, 0, 0, 0, 0, 2, 0, 0, 0, 0, 0, 0, 0, 0, 0, 0, 0, 0, 0, 0, 2, 0, 0, 0, 0, 0, 0, 0, 0, 0, 0] 
dagC3.txt 4_1x4.txt 0.5 0.5 165.0 [0, 2, 2, 6, 0, 2, 2, 2, 3, 0, 2, 6, 6, 2, 2, 6, 6, 3, 6, 2, 3, 0, 0, 4, 1, 0, 7, 2, 2, 2, 2, 0, 2, 4, 5, 0, 0, 4, 0, 0, 0, 7, 7, 3, 4, 1, 1, 4, 0, 0, 5, 5, 0, 2, 4, 4, 5, 1, 4, 1] 
dagC3.txt 4_1x2.txt 0.3978494623655914 0.4 442.0 [0, 1, 1, 1, 0, 1, 0, 0, 1, 0, 0, 3, 0, 0, 0, 0, 1, 1, 1, 0, 3, 0, 0, 1, 0, 2, 2, 0, 0, 1, 2, 3, 3, 1, 2, 0, 0, 3, 2, 2, 3, 2, 2, 3, 1, 3, 3, 0, 2, 2, 2, 0, 2, 1, 3, 3, 2, 3, 3, 3] 
dagC3.txt 4_1x2.txt 0.20430107526881722 0.3 303.0 [0, 0, 0, 0, 0, 0, 0, 0, 0, 0, 0, 0, 0, 0, 0, 0, 0, 0, 0, 0, 0, 0, 0, 0, 0, 2, 2, 0, 0, 0, 0, 0, 2, 0, 2, 0, 0, 0, 2, 0, 0, 2, 2, 1, 0, 1, 1, 0, 2, 2, 2, 2, 2, 0, 2, 2, 2, 1, 0, 1] 
dagC3.txt 4_1x2.txt 0.43010752688172044 0.45 482.0 [2, 1, 1, 2, 2, 1, 1, 1, 2, 2, 1, 2, 2, 1, 1, 2, 2, 1, 2, 1, 3, 2, 2, 3, 2, 0, 0, 1, 1, 1, 0, 3, 1, 3, 1, 2, 2, 3, 0, 0, 3, 0, 0, 3, 3, 0, 3, 3, 0, 0, 0, 1, 2, 0, 3, 3, 0, 3, 3, 3] 
dagC3.txt 4_1x4.txt 0.3924731182795699 0.4 194.75 [4, 4, 0, 4, 0, 4, 0, 0, 4, 0, 0, 0, 4, 4, 0, 0, 0, 4, 4, 0, 4, 0, 0, 4, 0, 2, 2, 0, 0, 4, 0, 6, 0, 0, 2, 0, 0, 0, 2, 0, 4, 2, 2, 6, 4, 2, 6, 0, 2, 2, 2, 0, 2, 0, 0, 2, 2, 6, 6, 6] 
dagC3.txt 4_1x2.txt 0.13978494623655913 0.2 364.5 [0, 0, 0, 0, 0, 0, 0, 0, 0, 0, 0, 0, 0, 0, 0, 0, 0, 0, 0, 0, 0, 0, 0, 0, 0, 2, 1, 0, 0, 0, 0, 0, 0, 0, 0, 0, 0, 0, 2, 0, 0, 1, 1, 0, 0, 0, 2, 0, 2, 2, 1, 0, 2, 0, 0, 2, 0, 2, 0, 0] 
dagC3.txt 3_2x2.txt 0.043010752688172046 0.1 618.6666666666666 [0, 0, 0, 0, 0, 0, 0, 0, 0, 0, 0, 0, 0, 0, 0, 0, 0, 0, 0, 0, 0, 0, 0, 0, 0, 0, 0, 0, 0, 0, 0, 0, 0, 0, 2, 0, 0, 0, 0, 0, 0, 0, 0, 0, 0, 0, 0, 0, 0, 2, 0, 0, 0, 0, 0, 0, 0, 0, 0, 0] 
dagC3.txt 3_2x2.txt 0.13978494623655913 0.2 486.0 [0, 0, 0, 0, 0, 0, 0, 0, 0, 0, 0, 0, 0, 0, 0, 0, 0, 0, 0, 0, 0, 0, 0, 0, 0, 2, 1, 0, 0, 0, 0, 0, 0, 0, 0, 0, 0, 0, 2, 0, 0, 1, 1, 0, 0, 0, 2, 0, 2, 2, 1, 0, 2, 0, 0, 2, 0, 2, 0, 0] 
dagC3.txt 3_2x2.txt 0.20430107526881722 0.3 404.0 [0, 0, 0, 0, 0, 0, 0, 0, 0, 0, 0, 0, 0, 0, 0, 0, 0, 0, 0, 0, 0, 0, 0, 0, 0, 2, 2, 0, 0, 0, 0, 0, 2, 0, 2, 0, 0, 0, 2, 0, 0, 2, 2, 1, 0, 1, 1, 0, 2, 2, 2, 2, 2, 0, 2, 2, 2, 1, 0, 1] 
dagC3.txt 4_1x4.txt 0.0967741935483871 0.15 418.5 [0, 0, 0, 0, 0, 0, 0, 0, 0, 0, 0, 0, 0, 0, 0, 0, 0, 0, 0, 0, 0, 0, 0, 0, 0, 0, 2, 6, 0, 0, 0, 0, 0, 0, 0, 0, 0, 0, 0, 0, 0, 2, 0, 0, 0, 0, 4, 0, 0, 0, 2, 0, 0, 6, 0, 0, 0, 4, 0, 0] 
dagC3.txt 3_2x2.txt 0.43010752688172044 0.5 241.0 [2, 1, 1, 2, 2, 1, 1, 1, 2, 2, 1, 2, 2, 1, 1, 2, 2, 1, 2, 1, 3, 2, 2, 3, 2, 0, 0, 1, 1, 1, 0, 3, 1, 3, 1, 2, 2, 3, 0, 0, 3, 0, 0, 3, 3, 0, 3, 3, 0, 0, 0, 1, 2, 0, 3, 3, 0, 3, 3, 3] 
dagC3.txt 4_1x2.txt 0.13978494623655913 0.15 364.5 [0, 0, 0, 0, 0, 0, 0, 0, 0, 0, 0, 0, 0, 0, 0, 0, 0, 0, 0, 0, 0, 0, 0, 0, 0, 2, 1, 0, 0, 0, 0, 0, 0, 0, 0, 0, 0, 0, 2, 0, 0, 1, 1, 0, 0, 0, 2, 0, 2, 2, 1, 0, 2, 0, 0, 2, 0, 2, 0, 0] 
dagC3.txt 3_2x2.txt 0.43010752688172044 0.55 241.0 [2, 1, 1, 2, 2, 1, 1, 1, 2, 2, 1, 2, 2, 1, 1, 2, 2, 1, 2, 1, 3, 2, 2, 3, 2, 0, 0, 1, 1, 1, 0, 3, 1, 3, 1, 2, 2, 3, 0, 0, 3, 0, 0, 3, 3, 0, 3, 3, 0, 0, 0, 1, 2, 0, 3, 3, 0, 3, 3, 3] 
dagC3.txt 3_2x2.txt 0.43010752688172044 0.6 241.0 [2, 1, 1, 2, 2, 1, 1, 1, 2, 2, 1, 2, 2, 1, 1, 2, 2, 1, 2, 1, 3, 2, 2, 3, 2, 0, 0, 1, 1, 1, 0, 3, 1, 3, 1, 2, 2, 3, 0, 0, 3, 0, 0, 3, 3, 0, 3, 3, 0, 0, 0, 1, 2, 0, 3, 3, 0, 3, 3, 3] 
dagC3.txt 3_2x2.txt 0.43010752688172044 0.7 241.0 [2, 1, 1, 2, 2, 1, 1, 1, 2, 2, 1, 2, 2, 1, 1, 2, 2, 1, 2, 1, 3, 2, 2, 3, 2, 0, 0, 1, 1, 1, 0, 3, 1, 3, 1, 2, 2, 3, 0, 0, 3, 0, 0, 3, 3, 0, 3, 3, 0, 0, 0, 1, 2, 0, 3, 3, 0, 3, 3, 3] 
dagC3.txt 3_2x2.txt 0.3978494623655914 0.4 221.0 [0, 1, 1, 1, 0, 1, 0, 0, 1, 0, 0, 3, 0, 0, 0, 0, 1, 1, 1, 0, 3, 0, 0, 1, 0, 2, 2, 0, 0, 1, 2, 3, 3, 1, 2, 0, 0, 3, 2, 2, 3, 2, 2, 3, 1, 3, 3, 0, 2, 2, 2, 0, 2, 1, 3, 3, 2, 3, 3, 3] 
dagC3.txt 4_1x2.txt 0.34408602150537637 0.35 271.0 [0, 1, 2, 2, 0, 1, 0, 0, 2, 0, 0, 2, 0, 0, 0, 0, 2, 2, 2, 0, 2, 0, 0, 2, 3, 0, 1, 0, 0, 1, 2, 0, 0, 2, 0, 0, 0, 0, 1, 0, 0, 1, 1, 3, 2, 3, 3, 0, 0, 0, 3, 0, 0, 2, 0, 0, 3, 3, 0, 3] 
dagC3.txt 3_2x2.txt 0.20430107526881722 0.25 404.0 [0, 0, 0, 0, 0, 0, 0, 0, 0, 0, 0, 0, 0, 0, 0, 0, 0, 0, 0, 0, 0, 0, 0, 0, 0, 2, 2, 0, 0, 0, 0, 0, 2, 0, 2, 0, 0, 0, 2, 0, 0, 2, 2, 1, 0, 1, 1, 0, 2, 2, 2, 2, 2, 0, 2, 2, 2, 1, 0, 1] 
dagC3.txt 4_1x2.txt 0.20430107526881722 0.25 303.0 [0, 0, 0, 0, 0, 0, 0, 0, 0, 0, 0, 0, 0, 0, 0, 0, 0, 0, 0, 0, 0, 0, 0, 0, 0, 2, 2, 0, 0, 0, 0, 0, 2, 0, 2, 0, 0, 0, 2, 0, 0, 2, 2, 1, 0, 1, 1, 0, 2, 2, 2, 2, 2, 0, 2, 2, 2, 1, 0, 1] 
dagC3.txt 4_1x4.txt 0.5483870967741935 0.55 240.0 [1, 2, 4, 2, 1, 2, 0, 0, 2, 7, 0, 5, 7, 0, 0, 7, 4, 2, 2, 0, 5, 1, 6, 4, 7, 1, 3, 0, 0, 2, 4, 1, 0, 4, 7, 7, 6, 6, 3, 1, 1, 3, 3, 5, 4, 5, 5, 6, 1, 6, 3, 7, 6, 4, 0, 6, 3, 5, 4, 5] 
dagC3.txt 3_2x2.txt 0.43010752688172044 0.65 241.0 [2, 1, 1, 2, 2, 1, 1, 1, 2, 2, 1, 2, 2, 1, 1, 2, 2, 1, 2, 1, 3, 2, 2, 3, 2, 0, 0, 1, 1, 1, 0, 3, 1, 3, 1, 2, 2, 3, 0, 0, 3, 0, 0, 3, 3, 0, 3, 3, 0, 0, 0, 1, 2, 0, 3, 3, 0, 3, 3, 3] 
dagC3.txt 3_2x2.txt 0.43010752688172044 0.8 241.0 [2, 1, 1, 2, 2, 1, 1, 1, 2, 2, 1, 2, 2, 1, 1, 2, 2, 1, 2, 1, 3, 2, 2, 3, 2, 0, 0, 1, 1, 1, 0, 3, 1, 3, 1, 2, 2, 3, 0, 0, 3, 0, 0, 3, 3, 0, 3, 3, 0, 0, 0, 1, 2, 0, 3, 3, 0, 3, 3, 3] 
dagC3.txt 3_2x2.txt 0.43010752688172044 0.45 241.0 [2, 1, 1, 2, 2, 1, 1, 1, 2, 2, 1, 2, 2, 1, 1, 2, 2, 1, 2, 1, 3, 2, 2, 3, 2, 0, 0, 1, 1, 1, 0, 3, 1, 3, 1, 2, 2, 3, 0, 0, 3, 0, 0, 3, 3, 0, 3, 3, 0, 0, 0, 1, 2, 0, 3, 3, 0, 3, 3, 3] 
dagC3.txt 3_2x2.txt 0.43010752688172044 0.9 241.0 [2, 1, 1, 2, 2, 1, 1, 1, 2, 2, 1, 2, 2, 1, 1, 2, 2, 1, 2, 1, 3, 2, 2, 3, 2, 0, 0, 1, 1, 1, 0, 3, 1, 3, 1, 2, 2, 3, 0, 0, 3, 0, 0, 3, 3, 0, 3, 3, 0, 0, 0, 1, 2, 0, 3, 3, 0, 3, 3, 3] 
dagC3.txt 5_4_3_2x1.txt 0.43010752688172044 0.5 234.0 [1, 2, 2, 1, 1, 2, 2, 2, 1, 1, 2, 1, 1, 2, 2, 1, 1, 2, 1, 2, 3, 1, 1, 3, 1, 0, 0, 2, 2, 2, 0, 3, 2, 3, 2, 1, 1, 3, 0, 0, 3, 0, 0, 3, 3, 0, 3, 3, 0, 0, 0, 2, 1, 0, 3, 3, 0, 3, 3, 3] 
dagC3.txt 5_4_3_2x1.txt 0.43010752688172044 0.6 234.0 [1, 2, 2, 1, 1, 2, 2, 2, 1, 1, 2, 1, 1, 2, 2, 1, 1, 2, 1, 2, 3, 1, 1, 3, 1, 0, 0, 2, 2, 2, 0, 3, 2, 3, 2, 1, 1, 3, 0, 0, 3, 0, 0, 3, 3, 0, 3, 3, 0, 0, 0, 2, 1, 0, 3, 3, 0, 3, 3, 3] 
dagC3.txt 3_2x2.txt 0.43010752688172044 1 241.0 [2, 1, 1, 2, 2, 1, 1, 1, 2, 2, 1, 2, 2, 1, 1, 2, 2, 1, 2, 1, 3, 2, 2, 3, 2, 0, 0, 1, 1, 1, 0, 3, 1, 3, 1, 2, 2, 3, 0, 0, 3, 0, 0, 3, 3, 0, 3, 3, 0, 0, 0, 1, 2, 0, 3, 3, 0, 3, 3, 3] 
dagC3.txt 5_4_3_2x1.txt 0.43010752688172044 0.55 234.0 [1, 2, 2, 1, 1, 2, 2, 2, 1, 1, 2, 1, 1, 2, 2, 1, 1, 2, 1, 2, 3, 1, 1, 3, 1, 0, 0, 2, 2, 2, 0, 3, 2, 3, 2, 1, 1, 3, 0, 0, 3, 0, 0, 3, 3, 0, 3, 3, 0, 0, 0, 2, 1, 0, 3, 3, 0, 3, 3, 3] 
dagC3.txt 3_2x2.txt 0.13978494623655913 0.15 486.0 [0, 0, 0, 0, 0, 0, 0, 0, 0, 0, 0, 0, 0, 0, 0, 0, 0, 0, 0, 0, 0, 0, 0, 0, 0, 2, 1, 0, 0, 0, 0, 0, 0, 0, 0, 0, 0, 0, 2, 0, 0, 1, 1, 0, 0, 0, 2, 0, 2, 2, 1, 0, 2, 0, 0, 2, 0, 2, 0, 0] 
dagC3.txt 4_1x4.txt 0.3225806451612903 0.35 240.25 [0, 0, 0, 0, 0, 0, 0, 0, 0, 0, 0, 0, 0, 0, 0, 0, 0, 0, 0, 0, 2, 0, 0, 2, 0, 4, 6, 0, 0, 0, 0, 2, 4, 2, 4, 0, 0, 0, 4, 0, 2, 6, 6, 2, 2, 4, 4, 2, 2, 4, 6, 4, 2, 0, 4, 2, 4, 4, 2, 4] 
dagC3.txt 5_4_3_2x1.txt 0.43010752688172044 0.65 234.0 [1, 2, 2, 1, 1, 2, 2, 2, 1, 1, 2, 1, 1, 2, 2, 1, 1, 2, 1, 2, 3, 1, 1, 3, 1, 0, 0, 2, 2, 2, 0, 3, 2, 3, 2, 1, 1, 3, 0, 0, 3, 0, 0, 3, 3, 0, 3, 3, 0, 0, 0, 2, 1, 0, 3, 3, 0, 3, 3, 3] 
dagC3.txt 5_4_3_2x1.txt 0.43010752688172044 0.7 234.0 [1, 2, 2, 1, 1, 2, 2, 2, 1, 1, 2, 1, 1, 2, 2, 1, 1, 2, 1, 2, 3, 1, 1, 3, 1, 0, 0, 2, 2, 2, 0, 3, 2, 3, 2, 1, 1, 3, 0, 0, 3, 0, 0, 3, 3, 0, 3, 3, 0, 0, 0, 2, 1, 0, 3, 3, 0, 3, 3, 3] 
dagC3.txt 5_4_3_2x1.txt 0.43010752688172044 0.9 234.0 [1, 2, 2, 1, 1, 2, 2, 2, 1, 1, 2, 1, 1, 2, 2, 1, 1, 2, 1, 2, 3, 1, 1, 3, 1, 0, 0, 2, 2, 2, 0, 3, 2, 3, 2, 1, 1, 3, 0, 0, 3, 0, 0, 3, 3, 0, 3, 3, 0, 0, 0, 2, 1, 0, 3, 3, 0, 3, 3, 3] 
dagC3.txt 5_4_3_2x1.txt 0.43010752688172044 0.8 234.0 [1, 2, 2, 1, 1, 2, 2, 2, 1, 1, 2, 1, 1, 2, 2, 1, 1, 2, 1, 2, 3, 1, 1, 3, 1, 0, 0, 2, 2, 2, 0, 3, 2, 3, 2, 1, 1, 3, 0, 0, 3, 0, 0, 3, 3, 0, 3, 3, 0, 0, 0, 2, 1, 0, 3, 3, 0, 3, 3, 3] 
dagC3.txt 5_4_3_2x1.txt 0.43010752688172044 1 234.0 [1, 2, 2, 1, 1, 2, 2, 2, 1, 1, 2, 1, 1, 2, 2, 1, 1, 2, 1, 2, 3, 1, 1, 3, 1, 0, 0, 2, 2, 2, 0, 3, 2, 3, 2, 1, 1, 3, 0, 0, 3, 0, 0, 3, 3, 0, 3, 3, 0, 0, 0, 2, 1, 0, 3, 3, 0, 3, 3, 3] 
dagC3.txt 3_2x2.txt 0.34408602150537637 0.35 323.6666666666667 [0, 1, 2, 2, 0, 1, 0, 0, 2, 0, 0, 2, 0, 0, 0, 0, 2, 2, 2, 0, 2, 0, 0, 2, 3, 0, 1, 0, 0, 1, 2, 0, 0, 2, 0, 0, 0, 0, 1, 0, 0, 1, 1, 3, 2, 3, 3, 0, 0, 0, 3, 0, 0, 2, 0, 0, 3, 3, 0, 3] 
dagC3.txt 4_1x4.txt 0.24731182795698925 0.25 332.75 [0, 0, 0, 0, 0, 2, 0, 0, 0, 0, 2, 0, 0, 0, 2, 0, 0, 0, 0, 0, 0, 0, 2, 0, 0, 0, 4, 2, 0, 0, 0, 2, 2, 0, 0, 0, 0, 2, 0, 0, 0, 4, 4, 0, 2, 0, 6, 2, 0, 0, 4, 0, 0, 0, 2, 0, 0, 6, 2, 0] 
dagC3.txt 4_1x4.txt 0.3924731182795699 0.45 194.75 [4, 4, 0, 4, 0, 4, 0, 0, 4, 0, 0, 0, 4, 4, 0, 0, 0, 4, 4, 0, 4, 0, 0, 4, 0, 2, 2, 0, 0, 4, 0, 6, 0, 0, 2, 0, 0, 0, 2, 0, 4, 2, 2, 6, 4, 2, 6, 0, 2, 2, 2, 0, 2, 0, 0, 2, 2, 6, 6, 6] 
dagC3.txt 5_4_3_2x4.txt 0.7096774193548387 0.9 56.0 [4, 13, 14, 12, 4, 13, 7, 0, 15, 7, 10, 15, 12, 10, 0, 12, 15, 14, 12, 7, 15, 4, 8, 1, 0, 11, 2, 0, 7, 13, 14, 11, 10, 1, 6, 7, 3, 8, 6, 4, 4, 2, 2, 9, 1, 6, 9, 3, 11, 8, 5, 10, 3, 1, 5, 8, 6, 9, 5, 9] 
dagC3.txt 5_4_3_2x4.txt 0.0913978494623656 0.2 332.0 [0, 0, 0, 0, 0, 0, 0, 0, 0, 0, 0, 0, 0, 0, 0, 0, 0, 0, 0, 0, 0, 0, 0, 0, 0, 0, 4, 0, 0, 0, 0, 5, 0, 0, 0, 0, 0, 0, 0, 0, 0, 4, 4, 0, 0, 0, 0, 12, 0, 0, 8, 0, 0, 0, 0, 0, 0, 1, 0, 0] 
dagC3.txt 5_4_3_2x4.txt 0.7258064516129032 1 57.0 [15, 13, 9, 9, 7, 13, 7, 1, 5, 4, 1, 14, 6, 1, 7, 6, 5, 13, 9, 7, 14, 15, 4, 9, 12, 0, 2, 1, 7, 3, 14, 0, 12, 5, 11, 6, 4, 14, 8, 15, 15, 2, 2, 10, 3, 12, 8, 10, 0, 11, 8, 6, 4, 5, 3, 11, 8, 0, 10, 12] 
dagC3.txt 5_4_3_2x4.txt 0.12365591397849462 0.3 326.0 [0, 0, 0, 0, 0, 0, 0, 0, 0, 0, 0, 0, 0, 0, 0, 0, 0, 0, 0, 0, 0, 0, 0, 0, 0, 0, 4, 0, 0, 0, 0, 13, 0, 0, 0, 0, 0, 0, 0, 0, 0, 4, 0, 1, 0, 0, 0, 12, 0, 0, 8, 0, 0, 0, 0, 0, 0, 9, 0, 5] 
dagC3.txt 5_4_3_2x4.txt None 0.1 20000000000.0 None 
dagC3.txt 5_4_3_2x4.txt 0.3978494623655914 0.4 224.0 [0, 4, 0, 4, 0, 6, 0, 0, 8, 0, 0, 0, 14, 0, 0, 0, 0, 4, 4, 0, 5, 0, 0, 1, 0, 0, 12, 0, 0, 13, 0, 0, 0, 8, 0, 0, 0, 0, 12, 0, 5, 2, 12, 1, 8, 0, 0, 0, 0, 0, 9, 0, 0, 10, 8, 5, 0, 0, 0, 1] 
dagC3.txt 5_4_3_2x1.txt 0.043010752688172046 0.1 371.2 [0, 0, 0, 0, 0, 0, 0, 0, 0, 0, 0, 0, 0, 0, 0, 0, 0, 0, 0, 0, 0, 0, 0, 0, 0, 0, 0, 0, 0, 0, 0, 0, 0, 0, 1, 0, 0, 0, 0, 0, 0, 0, 0, 0, 0, 0, 0, 0, 0, 1, 0, 0, 0, 0, 0, 0, 0, 0, 0, 0] 
dagC3.txt 5_4_3_2x1.txt 0.3978494623655914 0.4 209.5 [0, 2, 2, 2, 0, 2, 0, 0, 2, 0, 0, 3, 0, 0, 0, 0, 2, 2, 2, 0, 3, 0, 0, 2, 0, 1, 1, 0, 0, 2, 1, 3, 3, 2, 1, 0, 0, 3, 1, 1, 3, 1, 1, 3, 2, 3, 3, 0, 1, 1, 1, 0, 1, 2, 3, 3, 1, 3, 3, 3] 
dagC3.txt 5_4_3_2x1.txt 0.20430107526881722 0.3 242.4 [0, 0, 0, 0, 0, 0, 0, 0, 0, 0, 0, 0, 0, 0, 0, 0, 0, 0, 0, 0, 0, 0, 0, 0, 0, 1, 1, 0, 0, 0, 0, 0, 1, 0, 1, 0, 0, 0, 1, 0, 0, 1, 1, 2, 0, 2, 2, 0, 1, 1, 1, 1, 1, 0, 1, 1, 1, 2, 0, 2] 
dagC3.txt 5_4_3_2x4.txt 0.4032258064516129 0.5 216.6 [0, 4, 0, 4, 0, 8, 0, 0, 6, 0, 0, 5, 14, 0, 0, 0, 3, 4, 4, 0, 5, 0, 0, 0, 0, 0, 12, 0, 0, 8, 0, 9, 0, 0, 0, 0, 0, 0, 12, 0, 0, 2, 12, 5, 8, 1, 10, 0, 0, 0, 13, 0, 0, 0, 8, 0, 1, 9, 0, 1] 
dagC3.txt 5_4_3_2x4.txt 0.43010752688172044 0.6 191.0 [0, 1, 0, 9, 0, 12, 0, 0, 6, 0, 0, 0, 0, 0, 0, 0, 0, 1, 9, 0, 5, 0, 0, 4, 0, 0, 8, 0, 0, 12, 8, 0, 0, 4, 0, 0, 0, 4, 8, 0, 5, 2, 8, 5, 4, 0, 10, 4, 0, 0, 13, 0, 0, 12, 4, 4, 8, 14, 4, 0] 
dagC3.txt 5_4_3_2x1.txt 0.43010752688172044 0.45 234.0 [1, 2, 2, 1, 1, 2, 2, 2, 1, 1, 2, 1, 1, 2, 2, 1, 1, 2, 1, 2, 3, 1, 1, 3, 1, 0, 0, 2, 2, 2, 0, 3, 2, 3, 2, 1, 1, 3, 0, 0, 3, 0, 0, 3, 3, 0, 3, 3, 0, 0, 0, 2, 1, 0, 3, 3, 0, 3, 3, 3] 
dagC3.txt 5_4_3_2x4.txt 0.6827956989247311 0.7 50.0 [3, 13, 6, 3, 2, 6, 0, 0, 13, 2, 0, 4, 4, 0, 0, 3, 4, 6, 4, 0, 8, 2, 4, 5, 7, 1, 9, 0, 0, 13, 8, 8, 15, 5, 14, 7, 2, 4, 1, 12, 8, 9, 9, 10, 5, 10, 1, 7, 12, 14, 11, 14, 12, 5, 15, 12, 11, 1, 8, 10] 
dagC3.txt 5_4_3_2x1.txt 0.13978494623655913 0.2 291.6 [0, 0, 0, 0, 0, 0, 0, 0, 0, 0, 0, 0, 0, 0, 0, 0, 0, 0, 0, 0, 0, 0, 0, 0, 0, 1, 2, 0, 0, 0, 0, 0, 0, 0, 0, 0, 0, 0, 1, 0, 0, 2, 2, 0, 0, 0, 1, 0, 1, 1, 2, 0, 1, 0, 0, 1, 0, 1, 0, 0] 
dagC3.txt 5_4_3_2x4.txt 0.6989247311827957 0.8 55.0 [6, 4, 15, 4, 4, 7, 0, 9, 13, 0, 9, 1, 13, 9, 0, 15, 13, 4, 13, 0, 1, 6, 8, 15, 12, 6, 3, 9, 0, 7, 1, 2, 12, 10, 5, 0, 14, 8, 3, 6, 2, 11, 3, 1, 10, 12, 11, 14, 2, 8, 5, 5, 14, 7, 10, 8, 5, 11, 2, 12] 
dagC3.txt 5_4_3_2x4.txt 0.11290322580645161 0.25 324.8 [0, 0, 0, 0, 0, 0, 0, 0, 0, 0, 0, 0, 0, 0, 0, 0, 0, 0, 0, 0, 0, 0, 0, 0, 0, 0, 4, 0, 0, 0, 0, 0, 0, 0, 8, 0, 0, 0, 0, 0, 0, 4, 0, 0, 0, 0, 5, 1, 0, 0, 12, 8, 0, 0, 0, 0, 0, 9, 0, 0] 
dagC3.txt 5_4_3_2x4.txt 0.15053763440860216 0.35 318.4 [0, 0, 0, 0, 0, 0, 0, 0, 0, 0, 0, 0, 0, 0, 0, 0, 0, 0, 0, 0, 0, 0, 0, 0, 0, 0, 12, 0, 0, 0, 0, 13, 0, 0, 2, 0, 0, 0, 0, 0, 0, 1, 0, 0, 0, 0, 0, 0, 0, 4, 8, 5, 0, 0, 0, 4, 0, 9, 0, 0] 
dagC3.txt 5_4_3_2x4.txt 0.12903225806451613 0.15 326.6 [0, 0, 0, 0, 0, 0, 0, 0, 0, 0, 0, 0, 0, 0, 0, 0, 0, 0, 0, 0, 0, 0, 0, 0, 0, 0, 8, 0, 0, 0, 0, 2, 0, 0, 0, 0, 0, 0, 0, 0, 0, 12, 0, 0, 9, 0, 0, 0, 0, 0, 4, 0, 0, 0, 1, 0, 0, 13, 5, 0] 
dagC3.txt 4_1x3.txt 0.521505376344086 0.6 328.0 [4, 3, 4, 3, 1, 3, 4, 4, 3, 1, 4, 1, 3, 4, 4, 1, 3, 3, 3, 4, 2, 1, 4, 0, 1, 5, 5, 4, 4, 3, 2, 2, 1, 0, 4, 1, 1, 0, 5, 2, 2, 5, 5, 2, 0, 2, 0, 0, 2, 5, 5, 1, 1, 0, 0, 0, 2, 2, 2, 0] 
dagC3.txt 5_4_3_2x4.txt 0.43010752688172044 0.45 200.6 [8, 8, 0, 0, 0, 0, 0, 0, 0, 0, 0, 4, 10, 0, 0, 0, 0, 0, 8, 0, 0, 0, 0, 0, 0, 1, 5, 0, 8, 0, 0, 1, 4, 0, 14, 0, 0, 4, 5, 0, 0, 2, 5, 12, 0, 12, 12, 0, 1, 13, 9, 0, 6, 0, 4, 4, 9, 1, 0, 12] 
dagC3.txt 5_4_3_2x4.txt 0.41397849462365593 0.55 218.6 [2, 12, 8, 8, 0, 1, 0, 0, 0, 0, 0, 0, 0, 5, 0, 8, 0, 1, 12, 0, 0, 0, 0, 8, 0, 10, 4, 0, 0, 0, 0, 0, 0, 0, 5, 0, 0, 0, 4, 0, 0, 14, 4, 9, 0, 6, 0, 0, 0, 13, 4, 8, 0, 0, 0, 0, 5, 0, 0, 9] 
dagC3.txt 4_1x3.txt 0.521505376344086 0.65 328.0 [4, 3, 4, 3, 1, 3, 4, 4, 3, 1, 4, 1, 3, 4, 4, 1, 3, 3, 3, 4, 2, 1, 4, 0, 1, 5, 5, 4, 4, 3, 2, 2, 1, 0, 4, 1, 1, 0, 5, 2, 2, 5, 5, 2, 0, 2, 0, 0, 2, 5, 5, 1, 1, 0, 0, 0, 2, 2, 2, 0] 
dagC3.txt 5_4_3_2x4.txt 0.6236559139784946 0.65 86.8 [0, 7, 5, 5, 0, 1, 0, 0, 4, 0, 0, 4, 4, 12, 0, 14, 4, 5, 4, 0, 4, 0, 0, 5, 14, 2, 1, 0, 0, 4, 6, 2, 0, 8, 12, 0, 0, 8, 10, 6, 13, 1, 10, 9, 8, 9, 11, 8, 13, 12, 3, 12, 0, 8, 8, 13, 6, 15, 2, 9] 
dagC3.txt 4_1x3.txt 0.521505376344086 0.7 328.0 [4, 3, 4, 3, 1, 3, 4, 4, 3, 1, 4, 1, 3, 4, 4, 1, 3, 3, 3, 4, 2, 1, 4, 0, 1, 5, 5, 4, 4, 3, 2, 2, 1, 0, 4, 1, 1, 0, 5, 2, 2, 5, 5, 2, 0, 2, 0, 0, 2, 5, 5, 1, 1, 0, 0, 0, 2, 2, 2, 0] 
dagC3.txt 4_1x3.txt 0.521505376344086 0.9 328.0 [4, 3, 4, 3, 1, 3, 4, 4, 3, 1, 4, 1, 3, 4, 4, 1, 3, 3, 3, 4, 2, 1, 4, 0, 1, 5, 5, 4, 4, 3, 2, 2, 1, 0, 4, 1, 1, 0, 5, 2, 2, 5, 5, 2, 0, 2, 0, 0, 2, 5, 5, 1, 1, 0, 0, 0, 2, 2, 2, 0] 
dagC3.txt 4_1x3.txt 0.521505376344086 0.8 328.0 [4, 3, 4, 3, 1, 3, 4, 4, 3, 1, 4, 1, 3, 4, 4, 1, 3, 3, 3, 4, 2, 1, 4, 0, 1, 5, 5, 4, 4, 3, 2, 2, 1, 0, 4, 1, 1, 0, 5, 2, 2, 5, 5, 2, 0, 2, 0, 0, 2, 5, 5, 1, 1, 0, 0, 0, 2, 2, 2, 0] 
dagC3.txt 4_1x3.txt 0.521505376344086 1 328.0 [4, 3, 4, 3, 1, 3, 4, 4, 3, 1, 4, 1, 3, 4, 4, 1, 3, 3, 3, 4, 2, 1, 4, 0, 1, 5, 5, 4, 4, 3, 2, 2, 1, 0, 4, 1, 1, 0, 5, 2, 2, 5, 5, 2, 0, 2, 0, 0, 2, 5, 5, 1, 1, 0, 0, 0, 2, 2, 2, 0] 
dagC3.txt 5_4_3_2x1.txt 0.13978494623655913 0.15 291.6 [0, 0, 0, 0, 0, 0, 0, 0, 0, 0, 0, 0, 0, 0, 0, 0, 0, 0, 0, 0, 0, 0, 0, 0, 0, 1, 2, 0, 0, 0, 0, 0, 0, 0, 0, 0, 0, 0, 1, 0, 0, 2, 2, 0, 0, 0, 1, 0, 1, 1, 2, 0, 1, 0, 0, 1, 0, 1, 0, 0] 
dagC3.txt 3_2x1.txt 0.24731182795698925 0.3 481.0 [1, 1, 1, 1, 1, 1, 1, 1, 1, 1, 0, 0, 1, 1, 1, 1, 1, 1, 1, 1, 0, 1, 0, 1, 1, 0, 0, 0, 1, 1, 0, 0, 0, 1, 0, 1, 1, 0, 0, 0, 0, 0, 0, 0, 1, 0, 0, 1, 0, 0, 0, 1, 1, 0, 0, 0, 0, 0, 0, 0] 
dagC3.txt 3_2x1.txt 0.24731182795698925 0.4 481.0 [1, 1, 1, 1, 1, 1, 1, 1, 1, 1, 0, 0, 1, 1, 1, 1, 1, 1, 1, 1, 0, 1, 0, 1, 1, 0, 0, 0, 1, 1, 0, 0, 0, 1, 0, 1, 1, 0, 0, 0, 0, 0, 0, 0, 1, 0, 0, 1, 0, 0, 0, 1, 1, 0, 0, 0, 0, 0, 0, 0] 
dagC3.txt 3_2x1.txt 0.24193548387096775 0.35 481.0 [1, 0, 0, 0, 0, 0, 0, 0, 0, 0, 1, 1, 0, 0, 0, 0, 0, 0, 0, 0, 1, 1, 1, 0, 0, 1, 1, 0, 0, 0, 1, 1, 1, 0, 1, 0, 0, 1, 1, 1, 1, 1, 1, 1, 0, 1, 1, 0, 1, 1, 1, 0, 0, 0, 1, 1, 1, 1, 1, 1] 
dagC3.txt 3_2x1.txt 0.24731182795698925 0.5 481.5 [0, 1, 1, 1, 0, 1, 1, 1, 1, 1, 1, 0, 1, 1, 1, 1, 0, 1, 1, 1, 0, 0, 0, 1, 1, 0, 0, 1, 1, 1, 0, 0, 1, 1, 0, 1, 0, 0, 0, 0, 0, 0, 0, 0, 1, 1, 0, 0, 0, 0, 0, 1, 0, 1, 1, 0, 0, 0, 0, 1] 
dagC3.txt 5_4_3_2x1.txt 0.34408602150537637 0.35 194.2 [0, 2, 1, 1, 0, 2, 0, 0, 1, 0, 0, 1, 0, 0, 0, 0, 1, 1, 1, 0, 1, 0, 0, 1, 3, 0, 2, 0, 0, 2, 1, 0, 0, 1, 0, 0, 0, 0, 2, 0, 0, 2, 2, 3, 1, 3, 3, 0, 0, 0, 3, 0, 0, 1, 0, 0, 3, 3, 0, 3] 
dagC3.txt 3_2x1.txt 0.24193548387096775 0.45 481.0 [1, 0, 0, 0, 0, 0, 0, 0, 0, 0, 1, 1, 0, 0, 0, 0, 0, 0, 0, 0, 1, 1, 1, 0, 0, 1, 1, 0, 0, 0, 1, 1, 1, 0, 1, 0, 0, 1, 1, 1, 1, 1, 1, 1, 0, 1, 1, 0, 1, 1, 1, 0, 0, 0, 1, 1, 1, 1, 1, 1] 
dagC3.txt 3_2x1.txt 0.24193548387096775 0.6 481.0 [1, 0, 0, 0, 0, 0, 0, 0, 0, 0, 1, 1, 0, 0, 0, 0, 0, 0, 0, 0, 1, 1, 1, 0, 0, 1, 1, 0, 0, 0, 1, 1, 1, 0, 1, 0, 0, 1, 1, 1, 1, 1, 1, 1, 0, 1, 1, 0, 1, 1, 1, 0, 0, 0, 1, 1, 1, 1, 1, 1] 
dagC3.txt 3_2x1.txt 0.24731182795698925 0.55 481.0 [1, 1, 1, 1, 1, 1, 1, 1, 1, 1, 0, 0, 1, 1, 1, 1, 1, 1, 1, 1, 0, 1, 0, 1, 1, 0, 0, 0, 1, 1, 0, 0, 0, 1, 0, 1, 1, 0, 0, 0, 0, 0, 0, 0, 1, 0, 0, 1, 0, 0, 0, 1, 1, 0, 0, 0, 0, 0, 0, 0] 
dagC3.txt 3_2x1.txt 0.24193548387096775 0.7 481.0 [1, 0, 0, 0, 1, 0, 0, 0, 0, 0, 0, 1, 0, 0, 0, 0, 0, 0, 1, 0, 1, 1, 1, 0, 0, 1, 1, 0, 0, 0, 1, 1, 0, 0, 1, 0, 1, 1, 1, 1, 1, 1, 1, 0, 0, 0, 1, 1, 1, 1, 1, 0, 1, 0, 0, 1, 1, 1, 1, 0] 
dagC3.txt 3_2x1.txt 0.24731182795698925 0.9 481.0 [1, 1, 1, 1, 1, 1, 1, 1, 1, 1, 0, 0, 1, 1, 1, 1, 1, 1, 1, 1, 0, 1, 0, 1, 1, 0, 0, 0, 1, 1, 0, 0, 0, 1, 0, 1, 1, 0, 0, 0, 0, 0, 0, 0, 1, 0, 0, 1, 0, 0, 0, 1, 1, 0, 0, 0, 0, 0, 0, 0] 
dagC3.txt 3_2x1.txt 0.24731182795698925 0.8 481.0 [1, 1, 1, 1, 1, 1, 1, 1, 1, 1, 0, 0, 1, 1, 1, 1, 1, 1, 1, 1, 0, 1, 0, 1, 1, 0, 0, 0, 1, 1, 0, 0, 0, 1, 0, 1, 1, 0, 0, 0, 0, 0, 0, 0, 1, 0, 0, 1, 0, 0, 0, 1, 1, 0, 0, 0, 0, 0, 0, 0] 
dagC3.txt 3_2x1.txt 0.23655913978494625 0.65 481.0 [0, 1, 1, 1, 1, 1, 1, 1, 1, 1, 1, 0, 1, 1, 1, 1, 1, 1, 0, 1, 0, 0, 0, 1, 1, 0, 0, 1, 1, 1, 0, 0, 1, 1, 0, 1, 0, 0, 0, 0, 0, 0, 0, 0, 1, 1, 0, 0, 0, 0, 0, 1, 0, 1, 1, 0, 0, 0, 0, 1] 
dagC3.txt 3_2x1.txt 0.24193548387096775 1 481.0 [1, 0, 0, 0, 1, 0, 0, 0, 0, 0, 0, 1, 0, 0, 0, 0, 0, 0, 1, 0, 1, 1, 1, 0, 0, 1, 1, 0, 0, 0, 1, 1, 0, 0, 1, 0, 1, 1, 1, 1, 1, 1, 1, 0, 0, 0, 1, 1, 1, 1, 1, 0, 1, 0, 0, 1, 1, 1, 1, 0] 
dagC3.txt 4_1x3.txt 0.03763440860215054 0.1 444.25 [0, 0, 0, 0, 0, 0, 0, 0, 0, 0, 0, 0, 0, 0, 0, 0, 0, 0, 0, 0, 0, 0, 0, 0, 0, 0, 0, 0, 0, 0, 0, 0, 0, 0, 0, 0, 0, 0, 0, 0, 0, 2, 0, 0, 0, 0, 4, 0, 0, 0, 2, 0, 0, 0, 0, 0, 0, 4, 0, 0] 
dagC3.txt 5_4_3_2x1.txt 0.20430107526881722 0.25 242.4 [0, 0, 0, 0, 0, 0, 0, 0, 0, 0, 0, 0, 0, 0, 0, 0, 0, 0, 0, 0, 0, 0, 0, 0, 0, 1, 1, 0, 0, 0, 0, 0, 1, 0, 1, 0, 0, 0, 1, 0, 0, 1, 1, 2, 0, 2, 2, 0, 1, 1, 1, 1, 1, 0, 1, 1, 1, 2, 0, 2] 
dagC3.txt 3_2x1.txt 0.026881720430107527 0.1 596.6666666666666 [0, 0, 0, 0, 0, 0, 0, 0, 0, 0, 0, 0, 0, 0, 0, 0, 0, 0, 0, 0, 0, 0, 0, 0, 0, 0, 1, 0, 0, 0, 0, 0, 0, 0, 0, 0, 0, 0, 0, 0, 0, 1, 0, 0, 0, 0, 0, 0, 0, 0, 1, 0, 0, 0, 0, 0, 0, 0, 0, 0] 
dagC3.txt 4_1x3.txt 0.13978494623655913 0.2 407.75 [0, 0, 0, 0, 0, 0, 0, 0, 1, 0, 0, 0, 1, 0, 0, 0, 1, 0, 0, 0, 0, 0, 0, 0, 0, 0, 2, 0, 0, 0, 0, 4, 0, 0, 0, 0, 0, 0, 0, 0, 0, 2, 0, 0, 0, 0, 4, 0, 0, 0, 2, 0, 0, 0, 0, 0, 0, 4, 0, 0] 
dagC3.txt 3_2x1.txt 0.1935483870967742 0.2 392.0 [0, 0, 0, 0, 0, 0, 0, 0, 0, 0, 0, 0, 0, 0, 0, 0, 0, 0, 0, 0, 1, 0, 0, 0, 0, 1, 1, 0, 0, 0, 1, 1, 0, 0, 1, 0, 0, 0, 1, 1, 1, 1, 1, 1, 0, 1, 1, 0, 1, 1, 1, 0, 0, 0, 0, 1, 1, 1, 1, 1] 
dagC3.txt 3_2x1.txt 0.24193548387096775 0.25 481.0 [1, 0, 0, 0, 0, 0, 0, 0, 0, 0, 1, 1, 0, 0, 0, 0, 0, 0, 0, 0, 1, 1, 1, 0, 0, 1, 1, 0, 0, 0, 1, 1, 1, 0, 1, 0, 0, 1, 1, 1, 1, 1, 1, 1, 0, 1, 1, 0, 1, 1, 1, 0, 0, 0, 1, 1, 1, 1, 1, 1] 
dagC3.txt 3_2x5.txt 0.14516129032258066 0.2 528.6666666666666 [0, 0, 0, 0, 0, 0, 0, 0, 0, 8, 0, 0, 0, 0, 0, 0, 0, 0, 0, 0, 0, 0, 0, 0, 0, 2, 6, 0, 0, 0, 0, 0, 0, 0, 0, 0, 0, 0, 0, 0, 0, 1, 0, 0, 5, 0, 0, 0, 2, 0, 4, 0, 0, 0, 3, 0, 0, 0, 0, 0] 
dagC3.txt 3_2x5.txt 0.0967741935483871 0.1 571.0 [0, 0, 0, 0, 0, 0, 0, 0, 0, 0, 0, 0, 8, 0, 0, 0, 0, 0, 0, 0, 0, 0, 0, 0, 0, 0, 2, 0, 0, 0, 0, 1, 0, 0, 0, 0, 0, 0, 0, 0, 0, 2, 0, 0, 0, 0, 0, 0, 0, 0, 4, 0, 0, 0, 0, 0, 0, 6, 0, 0] 
dagC3.txt 4_1x3.txt 0.3709677419354839 0.4 166.0 [0, 2, 2, 2, 2, 2, 0, 0, 2, 0, 0, 0, 2, 0, 0, 2, 2, 2, 2, 0, 4, 0, 0, 2, 2, 4, 4, 0, 0, 2, 4, 4, 0, 2, 0, 0, 0, 0, 4, 4, 4, 4, 4, 1, 2, 1, 1, 0, 4, 0, 4, 0, 4, 2, 0, 4, 4, 1, 4, 1] 
dagC3.txt 3_2x5.txt 0.26344086021505375 0.3 458.6666666666667 [0, 1, 0, 0, 0, 0, 0, 0, 0, 0, 0, 0, 0, 0, 0, 0, 0, 0, 4, 0, 0, 0, 0, 0, 0, 0, 2, 0, 0, 2, 0, 6, 0, 0, 0, 0, 0, 4, 2, 0, 0, 3, 2, 0, 7, 0, 2, 8, 0, 0, 2, 0, 0, 0, 5, 0, 0, 6, 0, 0] 
dagC3.txt 3_2x5.txt 0.24731182795698925 0.4 439.6666666666667 [0, 2, 0, 0, 0, 0, 0, 0, 2, 0, 0, 0, 0, 0, 0, 0, 0, 0, 2, 0, 2, 0, 0, 0, 0, 3, 4, 0, 0, 0, 0, 0, 0, 0, 7, 0, 0, 0, 4, 0, 0, 4, 4, 2, 6, 0, 8, 0, 0, 0, 1, 5, 0, 0, 6, 0, 0, 8, 0, 0] 
dagC3.txt 3_2x5.txt 0.4731182795698925 0.5 210.0 [0, 7, 6, 8, 6, 6, 0, 0, 9, 0, 0, 0, 0, 0, 0, 0, 6, 6, 8, 6, 2, 0, 0, 4, 6, 2, 2, 0, 0, 0, 2, 2, 0, 4, 0, 0, 0, 4, 2, 2, 2, 5, 2, 1, 4, 3, 2, 4, 2, 0, 2, 0, 2, 4, 4, 4, 2, 2, 2, 1] 
dagC3.txt 4_1x3.txt 0.24731182795698925 0.3 326.75 [0, 0, 0, 0, 0, 0, 0, 0, 0, 0, 0, 0, 1, 0, 0, 0, 1, 0, 1, 0, 2, 0, 0, 0, 0, 2, 4, 0, 0, 0, 0, 2, 0, 0, 0, 0, 0, 0, 0, 0, 2, 4, 4, 2, 0, 2, 2, 0, 2, 0, 4, 0, 0, 0, 0, 2, 0, 2, 0, 2] 
dagC3.txt 4_1x3.txt 0.4946236559139785 0.5 307.0 [5, 0, 0, 5, 5, 0, 0, 0, 3, 2, 0, 5, 5, 0, 0, 5, 5, 0, 5, 0, 3, 2, 2, 1, 5, 4, 4, 0, 0, 3, 3, 2, 1, 3, 2, 2, 2, 1, 4, 4, 3, 4, 4, 1, 3, 1, 1, 2, 4, 2, 4, 2, 2, 3, 1, 1, 4, 1, 3, 1] 
dagC3.txt 3_2x1.txt 0.026881720430107527 0.15 596.6666666666666 [0, 0, 0, 0, 0, 0, 0, 0, 0, 0, 0, 0, 0, 0, 0, 0, 0, 0, 0, 0, 0, 0, 0, 0, 0, 0, 1, 0, 0, 0, 0, 0, 0, 0, 0, 0, 0, 0, 0, 0, 0, 1, 0, 0, 0, 0, 0, 0, 0, 0, 1, 0, 0, 0, 0, 0, 0, 0, 0, 0] 
dagC3.txt 3_2x5.txt 0.6236559139784946 0.7 97.0 [1, 4, 7, 7, 7, 6, 6, 1, 4, 6, 1, 4, 4, 1, 6, 7, 4, 7, 4, 6, 2, 6, 1, 3, 7, 0, 9, 1, 6, 2, 0, 2, 8, 3, 8, 6, 8, 5, 0, 0, 2, 9, 9, 2, 3, 5, 5, 3, 0, 8, 9, 8, 8, 2, 5, 3, 0, 5, 2, 5] 
dagC3.txt 4_1x3.txt 0.521505376344086 0.55 328.0 [4, 3, 4, 3, 1, 3, 4, 4, 3, 1, 4, 1, 3, 4, 4, 1, 3, 3, 3, 4, 2, 1, 4, 0, 1, 5, 5, 4, 4, 3, 2, 2, 1, 0, 4, 1, 1, 0, 5, 2, 2, 5, 5, 2, 0, 2, 0, 0, 2, 5, 5, 1, 1, 0, 0, 0, 2, 2, 2, 0] 
dagC3.txt 3_2x5.txt 0.6129032258064516 0.8 95.0 [0, 1, 5, 8, 8, 1, 4, 4, 5, 6, 4, 2, 8, 4, 4, 8, 5, 1, 8, 4, 2, 0, 0, 5, 8, 7, 9, 4, 4, 1, 2, 0, 6, 5, 3, 6, 3, 0, 7, 2, 0, 9, 9, 2, 5, 2, 7, 3, 7, 3, 9, 6, 3, 1, 6, 0, 2, 7, 0, 6] 
dagC3.txt 3_2x5.txt 0.6075268817204301 0.9 92.5 [3, 0, 9, 9, 1, 0, 0, 0, 7, 1, 3, 4, 7, 3, 0, 9, 7, 9, 4, 0, 8, 1, 3, 7, 9, 5, 6, 3, 0, 0, 2, 6, 4, 7, 2, 1, 1, 4, 2, 2, 5, 6, 2, 8, 7, 8, 8, 4, 5, 1, 6, 2, 5, 3, 4, 5, 2, 8, 6, 8] 
dagC3.txt 3_2x5.txt 0.5913978494623656 0.6 97.0 [6, 8, 7, 7, 6, 2, 2, 2, 8, 6, 2, 0, 8, 2, 2, 7, 8, 7, 8, 2, 0, 6, 0, 5, 6, 1, 1, 2, 2, 8, 3, 4, 0, 5, 9, 6, 6, 0, 1, 3, 4, 1, 1, 0, 5, 3, 0, 5, 4, 9, 3, 9, 4, 5, 0, 4, 3, 4, 4, 0] 
dagC3.txt 3_2x5.txt 0.6236559139784946 1 95.5 [3, 0, 2, 9, 9, 0, 0, 4, 2, 4, 4, 1, 0, 4, 4, 9, 2, 9, 1, 0, 1, 3, 6, 2, 9, 3, 8, 4, 0, 0, 5, 3, 7, 2, 6, 0, 6, 1, 5, 5, 3, 8, 5, 1, 2, 7, 8, 6, 3, 6, 8, 7, 6, 2, 7, 1, 5, 8, 5, 7] 
dagC3.txt 3_2x5.txt 0.12365591397849462 0.25 570.6666666666666 [0, 0, 0, 0, 0, 0, 0, 0, 0, 0, 1, 0, 0, 0, 0, 0, 0, 0, 0, 0, 4, 0, 0, 0, 0, 0, 0, 0, 0, 0, 0, 0, 0, 0, 0, 0, 0, 0, 0, 0, 0, 0, 0, 4, 8, 0, 0, 0, 0, 0, 2, 0, 0, 0, 6, 0, 2, 0, 0, 0] 
dagC3.txt 3_2x5.txt 0.6129032258064516 0.65 96.5 [0, 6, 7, 7, 0, 7, 0, 1, 6, 0, 1, 4, 6, 1, 1, 7, 6, 7, 6, 0, 4, 0, 4, 5, 1, 8, 8, 1, 0, 6, 3, 4, 4, 5, 2, 0, 0, 4, 8, 3, 2, 8, 8, 9, 5, 3, 9, 5, 2, 2, 3, 2, 9, 5, 4, 2, 3, 9, 4, 9] 
dagC3.txt 3_2x5.txt 0.26344086021505375 0.35 430.3333333333333 [0, 0, 0, 0, 0, 6, 0, 0, 0, 0, 0, 0, 0, 0, 0, 0, 0, 6, 0, 0, 0, 0, 0, 0, 0, 4, 4, 0, 0, 0, 0, 2, 0, 0, 0, 0, 0, 0, 4, 0, 2, 5, 4, 0, 8, 0, 0, 3, 2, 0, 1, 0, 0, 0, 8, 2, 0, 2, 2, 0] 
dagC3.txt 3_2x5.txt 0.12365591397849462 0.15 558.6666666666666 [0, 0, 0, 0, 0, 0, 0, 0, 0, 0, 0, 0, 0, 0, 1, 0, 0, 0, 0, 0, 0, 0, 0, 0, 0, 0, 6, 0, 0, 0, 0, 2, 0, 0, 0, 0, 0, 0, 0, 0, 0, 8, 0, 0, 0, 0, 0, 0, 0, 0, 4, 0, 0, 3, 0, 0, 0, 2, 0, 0] 
dagC3.txt 3_2x5.txt 0.5268817204301075 0.55 156.66666666666666 [4, 2, 2, 2, 0, 2, 0, 0, 2, 0, 0, 8, 2, 0, 0, 2, 2, 2, 2, 0, 8, 4, 4, 1, 0, 4, 6, 0, 0, 2, 8, 4, 0, 2, 7, 0, 5, 1, 6, 4, 4, 3, 6, 8, 1, 0, 3, 5, 4, 7, 6, 0, 9, 2, 1, 1, 6, 3, 8, 0] 
dagC3.txt 3_2x5.txt 0.44623655913978494 0.45 314.6666666666667 [0, 0, 0, 0, 2, 6, 0, 0, 0, 6, 6, 0, 0, 0, 2, 0, 0, 0, 0, 6, 0, 2, 0, 0, 2, 3, 4, 6, 0, 0, 0, 2, 0, 0, 8, 2, 0, 0, 4, 2, 0, 4, 4, 2, 0, 2, 7, 0, 2, 1, 4, 8, 0, 0, 0, 5, 2, 9, 6, 2] 
dagC3.txt 4_1x3.txt 0.24731182795698925 0.25 326.75 [0, 0, 0, 0, 0, 0, 0, 0, 0, 0, 0, 0, 1, 0, 0, 0, 1, 0, 1, 0, 2, 0, 0, 0, 0, 2, 4, 0, 0, 0, 0, 2, 0, 0, 0, 0, 0, 0, 0, 0, 2, 4, 4, 2, 0, 2, 2, 0, 2, 0, 4, 0, 0, 0, 0, 2, 0, 2, 0, 2] 
dagC3.txt 4_1x3.txt 0.13978494623655913 0.15 407.75 [0, 0, 0, 0, 0, 0, 0, 0, 1, 0, 0, 0, 1, 0, 0, 0, 1, 0, 0, 0, 0, 0, 0, 0, 0, 0, 2, 0, 0, 0, 0, 4, 0, 0, 0, 0, 0, 0, 0, 0, 0, 2, 0, 0, 0, 0, 4, 0, 0, 0, 2, 0, 0, 0, 0, 0, 0, 4, 0, 0] 
dagC3.txt 4_1x3.txt 0.3709677419354839 0.45 166.0 [0, 2, 2, 2, 2, 2, 0, 0, 2, 0, 0, 0, 2, 0, 0, 2, 2, 2, 2, 0, 4, 0, 0, 2, 2, 4, 4, 0, 0, 2, 4, 4, 0, 2, 0, 0, 0, 0, 4, 4, 4, 4, 4, 1, 2, 1, 1, 0, 4, 0, 4, 0, 4, 2, 0, 4, 4, 1, 4, 1] 
dagC3.txt 4_1x3.txt 0.3225806451612903 0.35 242.0 [0, 0, 0, 0, 4, 0, 0, 0, 0, 4, 0, 0, 0, 0, 0, 0, 0, 0, 0, 0, 2, 4, 0, 0, 2, 4, 1, 0, 0, 0, 0, 4, 0, 0, 2, 2, 4, 0, 2, 4, 4, 1, 1, 2, 0, 2, 2, 4, 4, 2, 2, 2, 4, 0, 0, 4, 2, 2, 0, 2] 
