dagE40.txt 3_2x4.txt 0.5627906976744186 0.7 130.0 [5, 7, 7, 0, 5, 0, 7, 5, 0, 0, 0, 7, 5, 0, 0, 0, 7, 6, 5, 6, 5, 4, 4, 7, 7, 6, 5, 0, 6, 3, 5, 4, 7, 6, 2, 4, 1, 5, 4, 3, 6, 4, 2, 4, 3, 4, 2, 3, 1, 2, 6, 2, 3, 1, 3, 6, 2, 3, 1, 3, 1, 1, 3, 2, 3, 2, 4, 1, 2, 1] 
dagE40.txt 3_2x4.txt 0.5627906976744186 0.6 130.0 [5, 7, 7, 0, 5, 0, 7, 5, 0, 0, 0, 7, 5, 0, 0, 0, 7, 6, 5, 6, 5, 4, 4, 7, 7, 6, 5, 0, 6, 3, 5, 4, 7, 6, 2, 4, 1, 5, 4, 3, 6, 4, 2, 4, 3, 4, 2, 3, 1, 2, 6, 2, 3, 1, 3, 6, 2, 3, 1, 3, 1, 1, 3, 2, 3, 2, 4, 1, 2, 1] 
dagE40.txt 3_2x4.txt 0.5627906976744186 0.9 130.0 [5, 7, 7, 0, 5, 0, 7, 5, 0, 0, 0, 7, 5, 0, 0, 0, 7, 6, 5, 6, 5, 4, 4, 7, 7, 6, 5, 0, 6, 3, 5, 4, 7, 6, 2, 4, 1, 5, 4, 3, 6, 4, 2, 4, 3, 4, 2, 3, 1, 2, 6, 2, 3, 1, 3, 6, 2, 3, 1, 3, 1, 1, 3, 2, 3, 2, 4, 1, 2, 1] 
dagE40.txt 3_2x4.txt 0.5627906976744186 0.8 130.0 [5, 7, 7, 0, 5, 0, 7, 5, 0, 0, 0, 7, 5, 0, 0, 0, 7, 6, 5, 6, 5, 4, 4, 7, 7, 6, 5, 0, 6, 3, 5, 4, 7, 6, 2, 4, 1, 5, 4, 3, 6, 4, 2, 4, 3, 4, 2, 3, 1, 2, 6, 2, 3, 1, 3, 6, 2, 3, 1, 3, 1, 1, 3, 2, 3, 2, 4, 1, 2, 1] 
dagE40.txt 3_2x4.txt 0.5627906976744186 0.65 130.0 [5, 7, 7, 0, 5, 0, 7, 5, 0, 0, 0, 7, 5, 0, 0, 0, 7, 6, 5, 6, 5, 4, 4, 7, 7, 6, 5, 0, 6, 3, 5, 4, 7, 6, 2, 4, 1, 5, 4, 3, 6, 4, 2, 4, 3, 4, 2, 3, 1, 2, 6, 2, 3, 1, 3, 6, 2, 3, 1, 3, 1, 1, 3, 2, 3, 2, 4, 1, 2, 1] 
dagE40.txt 3_2x4.txt 0.5627906976744186 1 130.0 [5, 7, 7, 0, 5, 0, 7, 5, 0, 0, 0, 7, 5, 0, 0, 0, 7, 6, 5, 6, 5, 4, 4, 7, 7, 6, 5, 0, 6, 3, 5, 4, 7, 6, 2, 4, 1, 5, 4, 3, 6, 4, 2, 4, 3, 4, 2, 3, 1, 2, 6, 2, 3, 1, 3, 6, 2, 3, 1, 3, 1, 1, 3, 2, 3, 2, 4, 1, 2, 1] 
dagE40.txt 3_2x4.txt 0.17674418604651163 0.2 487.3333333333333 [0, 0, 0, 0, 0, 0, 0, 0, 0, 0, 0, 0, 0, 0, 0, 0, 0, 0, 0, 0, 0, 0, 0, 0, 0, 0, 0, 0, 0, 0, 0, 6, 0, 0, 0, 0, 0, 0, 0, 0, 0, 0, 4, 2, 6, 6, 2, 6, 2, 4, 0, 0, 0, 2, 0, 0, 4, 6, 0, 0, 2, 2, 6, 4, 4, 4, 0, 2, 4, 2] 
dagE40.txt 3_2x4.txt 0.06046511627906977 0.1 615.3333333333334 [0, 0, 0, 0, 0, 0, 0, 0, 0, 0, 0, 0, 0, 0, 0, 0, 0, 0, 0, 0, 0, 0, 0, 0, 0, 0, 0, 0, 0, 0, 0, 0, 0, 0, 0, 0, 0, 0, 0, 0, 0, 0, 0, 0, 0, 6, 0, 0, 0, 2, 0, 0, 0, 4, 0, 0, 0, 0, 0, 0, 0, 4, 0, 0, 0, 2, 0, 0, 2, 4] 
dagE40.txt 5_4_3_2x2.txt 0.5627906976744186 0.6 129.0 [3, 7, 7, 0, 3, 0, 7, 3, 0, 0, 0, 7, 3, 0, 0, 0, 7, 5, 3, 5, 3, 1, 1, 7, 7, 5, 3, 0, 5, 6, 3, 1, 7, 5, 4, 1, 2, 3, 1, 6, 5, 1, 4, 1, 6, 1, 4, 6, 2, 4, 5, 4, 6, 2, 6, 5, 4, 6, 2, 6, 2, 2, 6, 4, 6, 4, 1, 2, 4, 2] 
dagE40.txt 5_4_3_2x2.txt 0.5627906976744186 0.7 129.0 [3, 7, 7, 0, 3, 0, 7, 3, 0, 0, 0, 7, 3, 0, 0, 0, 7, 5, 3, 5, 3, 1, 1, 7, 7, 5, 3, 0, 5, 6, 3, 1, 7, 5, 4, 1, 2, 3, 1, 6, 5, 1, 4, 1, 6, 1, 4, 6, 2, 4, 5, 4, 6, 2, 6, 5, 4, 6, 2, 6, 2, 2, 6, 4, 6, 4, 1, 2, 4, 2] 
dagE40.txt 3_2x4.txt 0.29767441860465116 0.3 351.6666666666667 [0, 0, 0, 0, 0, 0, 0, 0, 0, 0, 0, 0, 0, 0, 0, 2, 0, 0, 4, 0, 0, 0, 0, 0, 4, 0, 0, 0, 0, 2, 0, 4, 0, 4, 2, 0, 4, 0, 2, 2, 0, 0, 4, 2, 2, 4, 2, 4, 4, 2, 2, 4, 2, 4, 2, 0, 2, 4, 4, 2, 2, 6, 4, 2, 2, 2, 0, 2, 2, 6] 
dagE40.txt 5_4_3_2x2.txt 0.5627906976744186 0.65 129.0 [3, 7, 7, 0, 3, 0, 7, 3, 0, 0, 0, 7, 3, 0, 0, 0, 7, 5, 3, 5, 3, 1, 1, 7, 7, 5, 3, 0, 5, 6, 3, 1, 7, 5, 4, 1, 2, 3, 1, 6, 5, 1, 4, 1, 6, 1, 4, 6, 2, 4, 5, 4, 6, 2, 6, 5, 4, 6, 2, 6, 2, 2, 6, 4, 6, 4, 1, 2, 4, 2] 
dagE40.txt 5_4_3_2x2.txt 0.5627906976744186 0.8 129.0 [3, 7, 7, 0, 3, 0, 7, 3, 0, 0, 0, 7, 3, 0, 0, 0, 7, 5, 3, 5, 3, 1, 1, 7, 7, 5, 3, 0, 5, 6, 3, 1, 7, 5, 4, 1, 2, 3, 1, 6, 5, 1, 4, 1, 6, 1, 4, 6, 2, 4, 5, 4, 6, 2, 6, 5, 4, 6, 2, 6, 2, 2, 6, 4, 6, 4, 1, 2, 4, 2] 
dagE40.txt 5_4_3_2x2.txt 0.5627906976744186 0.9 129.0 [3, 7, 7, 0, 3, 0, 7, 3, 0, 0, 0, 7, 3, 0, 0, 0, 7, 5, 3, 5, 3, 1, 1, 7, 7, 5, 3, 0, 5, 6, 3, 1, 7, 5, 4, 1, 2, 3, 1, 6, 5, 1, 4, 1, 6, 1, 4, 6, 2, 4, 5, 4, 6, 2, 6, 5, 4, 6, 2, 6, 2, 2, 6, 4, 6, 4, 1, 2, 4, 2] 
dagE40.txt 3_2x4.txt 0.3813953488372093 0.4 235.33333333333334 [0, 1, 0, 0, 0, 0, 0, 1, 1, 0, 0, 0, 0, 0, 0, 0, 0, 2, 0, 0, 0, 6, 6, 0, 0, 2, 2, 0, 0, 2, 0, 2, 0, 2, 4, 2, 2, 2, 2, 2, 0, 6, 4, 4, 2, 2, 4, 2, 2, 4, 2, 4, 2, 3, 2, 0, 4, 2, 2, 2, 2, 3, 2, 4, 2, 4, 6, 4, 4, 3] 
dagE40.txt 5_4_3_2x2.txt 0.5627906976744186 1 129.0 [3, 7, 7, 0, 3, 0, 7, 3, 0, 0, 0, 7, 3, 0, 0, 0, 7, 5, 3, 5, 3, 1, 1, 7, 7, 5, 3, 0, 5, 6, 3, 1, 7, 5, 4, 1, 2, 3, 1, 6, 5, 1, 4, 1, 6, 1, 4, 6, 2, 4, 5, 4, 6, 2, 6, 5, 4, 6, 2, 6, 2, 2, 6, 4, 6, 4, 1, 2, 4, 2] 
dagE40.txt 3_2x4.txt 0.4930232558139535 0.5 136.33333333333334 [4, 2, 1, 1, 2, 2, 1, 2, 2, 2, 1, 1, 4, 2, 2, 3, 2, 4, 7, 4, 4, 6, 0, 1, 1, 4, 0, 2, 4, 0, 4, 5, 1, 7, 3, 0, 0, 0, 0, 0, 4, 6, 5, 6, 0, 5, 3, 7, 6, 3, 0, 5, 0, 5, 0, 4, 3, 7, 5, 0, 0, 6, 7, 5, 0, 3, 6, 6, 3, 6] 
dagE40.txt 5_4_3_2x2.txt 0.06046511627906977 0.1 369.2 [0, 0, 0, 0, 0, 0, 0, 0, 0, 0, 0, 0, 0, 0, 0, 0, 0, 0, 0, 0, 0, 0, 0, 0, 0, 0, 0, 0, 0, 0, 0, 0, 0, 0, 0, 0, 0, 0, 0, 0, 0, 0, 0, 0, 0, 5, 0, 0, 0, 4, 0, 0, 0, 1, 0, 0, 0, 0, 0, 0, 0, 1, 0, 0, 0, 4, 0, 0, 4, 1] 
dagE40.txt 5_4_3_2x2.txt 0.17674418604651163 0.2 292.4 [0, 0, 0, 0, 0, 0, 0, 0, 0, 0, 0, 0, 0, 0, 0, 0, 0, 0, 0, 0, 0, 0, 0, 0, 0, 0, 0, 0, 0, 0, 0, 5, 0, 0, 0, 0, 0, 0, 0, 0, 0, 0, 1, 4, 5, 5, 4, 5, 4, 1, 0, 0, 0, 4, 0, 0, 1, 5, 0, 0, 4, 4, 5, 1, 1, 1, 0, 4, 1, 4] 
dagE40.txt 5_4_3_2x2.txt 0.29767441860465116 0.3 211.0 [0, 0, 0, 0, 0, 0, 0, 0, 0, 0, 0, 0, 0, 0, 0, 4, 0, 0, 1, 0, 0, 0, 0, 0, 1, 0, 0, 0, 0, 4, 0, 1, 0, 1, 4, 0, 1, 0, 4, 4, 0, 0, 1, 4, 4, 1, 4, 1, 1, 4, 4, 1, 4, 1, 4, 0, 4, 1, 1, 4, 4, 5, 1, 4, 4, 4, 0, 4, 4, 5] 
dagE40.txt 4_1x5.txt None 0.1 20000000000.0 None 
dagE40.txt 4_1x5.txt 0.11627906976744186 0.2 444.5 [0, 0, 0, 0, 0, 0, 0, 0, 0, 0, 0, 0, 0, 0, 0, 1, 0, 0, 0, 0, 0, 0, 0, 0, 0, 0, 0, 3, 0, 0, 0, 0, 0, 0, 0, 0, 0, 0, 0, 0, 0, 0, 0, 4, 0, 0, 4, 0, 8, 2, 0, 0, 0, 0, 0, 0, 0, 0, 0, 0, 0, 5, 0, 0, 0, 0, 0, 4, 2, 6] 
dagE40.txt 3_2x4.txt 0.5395348837209303 0.55 131.0 [1, 1, 0, 0, 7, 7, 0, 7, 1, 7, 0, 0, 1, 7, 7, 7, 1, 5, 4, 4, 1, 4, 4, 0, 0, 5, 5, 7, 4, 1, 1, 3, 0, 5, 1, 4, 5, 2, 2, 5, 4, 4, 6, 2, 2, 3, 2, 3, 3, 6, 5, 6, 2, 3, 2, 0, 6, 6, 6, 2, 2, 3, 6, 6, 2, 2, 4, 3, 6, 3] 
dagE40.txt 3_2x4.txt 0.06046511627906977 0.15 615.3333333333334 [0, 0, 0, 0, 0, 0, 0, 0, 0, 0, 0, 0, 0, 0, 0, 0, 0, 0, 0, 0, 0, 0, 0, 0, 0, 0, 0, 0, 0, 0, 0, 0, 0, 0, 0, 0, 0, 0, 0, 0, 0, 0, 0, 0, 0, 6, 0, 0, 0, 2, 0, 0, 0, 4, 0, 0, 0, 0, 0, 0, 0, 4, 0, 0, 0, 2, 0, 0, 2, 4] 
dagE40.txt 4_1x5.txt 0.11627906976744186 0.15 438.0 [0, 0, 0, 0, 0, 0, 0, 0, 0, 0, 0, 0, 0, 0, 0, 0, 0, 0, 0, 0, 0, 0, 0, 0, 0, 0, 0, 0, 0, 0, 0, 0, 0, 0, 0, 0, 0, 0, 0, 0, 0, 0, 0, 0, 0, 0, 0, 4, 8, 2, 0, 0, 3, 0, 0, 0, 0, 4, 0, 0, 0, 5, 1, 2, 0, 0, 0, 0, 2, 6] 
dagE40.txt 3_2x4.txt 0.24186046511627907 0.25 442.3333333333333 [0, 0, 0, 0, 0, 0, 0, 0, 0, 0, 0, 0, 0, 0, 0, 0, 0, 0, 2, 0, 0, 0, 0, 0, 0, 0, 0, 0, 0, 0, 6, 2, 0, 2, 0, 0, 0, 0, 0, 0, 6, 0, 2, 4, 2, 2, 4, 2, 4, 6, 0, 2, 0, 4, 0, 0, 6, 2, 2, 0, 4, 4, 2, 6, 6, 6, 0, 4, 6, 4] 
dagE40.txt 4_1x5.txt 0.5953488372093023 0.6 209.0 [9, 7, 7, 7, 4, 4, 7, 4, 4, 4, 1, 7, 9, 4, 4, 0, 7, 0, 9, 9, 9, 6, 2, 1, 7, 0, 1, 0, 9, 2, 9, 3, 1, 0, 2, 2, 2, 1, 6, 2, 9, 5, 3, 6, 6, 3, 6, 3, 5, 8, 0, 2, 6, 5, 8, 1, 8, 3, 3, 2, 6, 5, 3, 8, 8, 8, 5, 6, 8, 5] 
dagE40.txt 4_1x5.txt 0.5953488372093023 0.65 209.0 [4, 9, 5, 1, 1, 1, 5, 9, 9, 1, 5, 5, 4, 1, 1, 4, 4, 2, 1, 0, 4, 0, 0, 5, 4, 8, 8, 1, 0, 9, 9, 6, 5, 2, 4, 0, 2, 8, 8, 8, 0, 0, 6, 7, 3, 6, 7, 6, 6, 7, 8, 2, 8, 3, 3, 0, 7, 2, 2, 3, 3, 6, 2, 3, 3, 7, 9, 7, 7, 6] 
dagE40.txt 4_1x5.txt 0.10232558139534884 0.25 438.75 [0, 0, 0, 0, 0, 0, 0, 0, 0, 0, 0, 0, 0, 0, 0, 0, 0, 0, 1, 0, 0, 0, 0, 0, 0, 0, 0, 0, 0, 0, 0, 0, 0, 0, 0, 0, 0, 0, 0, 0, 0, 0, 0, 0, 0, 0, 0, 4, 0, 2, 0, 0, 0, 8, 0, 0, 0, 4, 0, 0, 0, 3, 4, 2, 0, 0, 0, 0, 2, 6] 
dagE40.txt 4_1x5.txt 0.5953488372093023 0.7 209.0 [9, 5, 5, 5, 2, 2, 5, 2, 2, 2, 1, 5, 9, 2, 2, 0, 5, 0, 9, 9, 9, 4, 4, 1, 5, 0, 1, 0, 9, 6, 9, 7, 1, 0, 6, 4, 4, 1, 4, 6, 9, 7, 3, 6, 4, 7, 6, 3, 7, 8, 0, 3, 6, 8, 6, 1, 3, 3, 3, 6, 4, 8, 3, 3, 6, 8, 7, 7, 8, 8] 
dagE40.txt 4_1x5.txt 0.586046511627907 0.9 205.0 [8, 3, 3, 3, 2, 2, 3, 2, 2, 2, 6, 3, 8, 2, 2, 4, 3, 8, 4, 8, 8, 9, 9, 6, 3, 4, 6, 4, 8, 0, 8, 1, 6, 4, 0, 9, 9, 6, 9, 0, 8, 5, 1, 0, 0, 1, 0, 1, 5, 7, 4, 9, 0, 5, 0, 6, 7, 1, 1, 0, 9, 5, 1, 7, 0, 7, 5, 7, 7, 5] 
dagE40.txt 4_1x5.txt 0.26046511627906976 0.3 356.5 [0, 0, 0, 0, 0, 0, 0, 0, 0, 0, 0, 0, 0, 0, 0, 0, 0, 0, 0, 0, 0, 4, 0, 0, 0, 0, 0, 0, 4, 0, 0, 0, 0, 0, 2, 0, 0, 0, 4, 0, 0, 0, 0, 3, 0, 0, 3, 6, 0, 2, 0, 0, 0, 1, 0, 0, 2, 6, 0, 2, 1, 8, 6, 2, 2, 7, 0, 5, 2, 8] 
dagE40.txt 4_1x5.txt 0.5953488372093023 0.8 209.0 [5, 3, 3, 3, 8, 8, 3, 8, 8, 8, 1, 3, 5, 8, 8, 6, 3, 6, 5, 5, 5, 9, 2, 1, 3, 6, 1, 6, 5, 9, 5, 4, 1, 6, 0, 2, 2, 1, 9, 0, 5, 2, 4, 9, 4, 4, 9, 4, 7, 0, 6, 2, 9, 7, 2, 1, 0, 4, 2, 0, 7, 7, 0, 2, 0, 0, 4, 7, 9, 7] 
dagE40.txt 4_1x5.txt 0.5953488372093023 1 213.0 [4, 7, 0, 0, 9, 7, 0, 9, 7, 9, 0, 0, 4, 9, 7, 4, 7, 4, 4, 7, 4, 2, 2, 0, 7, 6, 9, 4, 6, 8, 4, 3, 0, 6, 8, 2, 5, 9, 2, 8, 6, 2, 1, 8, 8, 3, 8, 3, 3, 1, 6, 5, 8, 5, 2, 6, 1, 3, 5, 8, 5, 1, 5, 5, 8, 1, 2, 3, 1, 1] 
dagE40.txt 5_4_3_2x2.txt 0.3813953488372093 0.4 141.2 [0, 2, 0, 0, 0, 0, 0, 2, 2, 0, 0, 0, 0, 0, 0, 0, 0, 4, 0, 0, 0, 5, 5, 0, 0, 4, 4, 0, 0, 4, 0, 4, 0, 4, 1, 4, 4, 4, 4, 4, 0, 5, 1, 1, 4, 4, 1, 4, 4, 1, 4, 1, 4, 6, 4, 0, 1, 4, 4, 4, 4, 6, 4, 1, 4, 1, 5, 1, 1, 6] 
dagE40.txt 5_4_3_2x2.txt 0.4930232558139535 0.5 96.0 [1, 4, 2, 2, 4, 4, 2, 4, 4, 4, 2, 2, 1, 4, 4, 6, 4, 1, 7, 1, 1, 5, 0, 2, 2, 1, 0, 4, 1, 0, 1, 3, 2, 7, 6, 0, 0, 0, 0, 0, 1, 5, 3, 5, 0, 3, 6, 7, 5, 6, 0, 3, 0, 3, 0, 1, 6, 7, 3, 0, 0, 5, 7, 3, 0, 6, 5, 5, 6, 5] 
dagE40.txt 4_1x5.txt 0.386046511627907 0.4 217.25 [0, 0, 0, 0, 0, 0, 0, 0, 0, 0, 0, 0, 0, 0, 0, 0, 0, 2, 0, 0, 2, 6, 0, 0, 0, 2, 2, 0, 0, 2, 0, 8, 0, 2, 4, 0, 2, 2, 4, 4, 0, 6, 7, 4, 2, 5, 4, 8, 6, 4, 2, 2, 2, 4, 2, 0, 4, 2, 2, 4, 4, 4, 2, 2, 4, 4, 6, 4, 3, 1] 
dagE40.txt 4_1x5.txt 0.42790697674418604 0.5 203.0 [6, 2, 2, 2, 6, 2, 2, 2, 2, 2, 3, 2, 6, 2, 2, 2, 6, 4, 6, 2, 6, 0, 0, 5, 2, 4, 4, 2, 0, 0, 6, 0, 2, 4, 0, 0, 4, 0, 0, 0, 0, 0, 0, 0, 0, 0, 0, 4, 4, 0, 4, 0, 0, 1, 0, 9, 0, 4, 1, 0, 0, 8, 0, 0, 0, 0, 0, 0, 7, 8] 
dagE40.txt 3_2x4.txt 0.33488372093023255 0.35 283.3333333333333 [2, 0, 0, 0, 0, 0, 0, 0, 0, 0, 0, 0, 2, 0, 0, 4, 0, 2, 2, 0, 2, 0, 4, 0, 2, 2, 0, 2, 2, 0, 2, 0, 0, 2, 4, 0, 2, 0, 2, 2, 2, 0, 2, 4, 0, 0, 4, 6, 2, 4, 2, 2, 2, 2, 0, 2, 2, 6, 2, 4, 2, 2, 6, 4, 4, 2, 0, 2, 4, 2] 
dagE40.txt 4_1x5.txt 0.26976744186046514 0.35 356.75 [2, 0, 0, 0, 0, 0, 0, 0, 0, 0, 2, 0, 0, 0, 0, 0, 0, 0, 0, 0, 0, 6, 0, 0, 0, 2, 0, 0, 0, 0, 0, 4, 0, 0, 0, 0, 0, 0, 0, 0, 9, 0, 4, 6, 0, 5, 6, 4, 4, 8, 2, 0, 0, 0, 0, 0, 4, 0, 0, 0, 0, 7, 0, 3, 0, 0, 0, 4, 8, 1] 
dagE40.txt 3_2x4.txt 0.42790697674418604 0.45 199.0 [2, 2, 4, 2, 2, 2, 4, 2, 2, 2, 4, 4, 2, 2, 2, 2, 2, 0, 2, 2, 2, 6, 0, 4, 0, 0, 0, 2, 0, 2, 2, 5, 4, 0, 2, 0, 0, 0, 0, 0, 0, 6, 0, 6, 5, 5, 6, 5, 6, 1, 0, 0, 0, 7, 3, 4, 1, 0, 0, 3, 0, 7, 0, 3, 3, 1, 6, 6, 1, 7] 
dagE40.txt 5_4_3_2x2.txt 0.06046511627906977 0.15 369.2 [0, 0, 0, 0, 0, 0, 0, 0, 0, 0, 0, 0, 0, 0, 0, 0, 0, 0, 0, 0, 0, 0, 0, 0, 0, 0, 0, 0, 0, 0, 0, 0, 0, 0, 0, 0, 0, 0, 0, 0, 0, 0, 0, 0, 0, 5, 0, 0, 0, 4, 0, 0, 0, 1, 0, 0, 0, 0, 0, 0, 0, 1, 0, 0, 0, 4, 0, 0, 4, 1] 
dagE40.txt 5_4_3_2x2.txt 0.5395348837209303 0.55 127.5 [2, 2, 0, 0, 7, 7, 0, 7, 2, 7, 0, 0, 2, 7, 7, 7, 2, 3, 1, 1, 2, 1, 1, 0, 0, 3, 3, 7, 1, 2, 2, 6, 0, 3, 2, 1, 3, 4, 4, 3, 1, 1, 5, 4, 4, 6, 4, 6, 6, 5, 3, 5, 4, 6, 4, 0, 5, 5, 5, 4, 4, 6, 5, 5, 4, 4, 1, 6, 5, 6] 
dagE40.txt 3_2x3.txt 0.5162790697674419 0.6 174.0 [2, 2, 2, 2, 0, 0, 2, 0, 0, 0, 2, 2, 4, 0, 0, 4, 2, 4, 0, 2, 0, 5, 5, 2, 2, 4, 0, 4, 4, 0, 4, 3, 0, 4, 1, 5, 5, 0, 1, 1, 4, 5, 3, 1, 1, 3, 1, 3, 3, 1, 4, 5, 1, 3, 5, 4, 1, 3, 3, 1, 1, 3, 3, 5, 5, 1, 5, 1, 5, 3] 
dagE40.txt 4_1x5.txt 0.42790697674418604 0.45 202.5 [6, 5, 2, 2, 6, 2, 2, 3, 2, 2, 2, 2, 6, 2, 2, 6, 6, 0, 6, 2, 6, 0, 0, 2, 2, 0, 0, 6, 0, 4, 6, 8, 2, 0, 4, 0, 0, 0, 0, 0, 0, 0, 8, 0, 0, 8, 4, 1, 0, 4, 0, 0, 0, 0, 4, 9, 4, 1, 0, 0, 0, 4, 0, 4, 4, 4, 0, 0, 7, 4] 
dagE40.txt 3_2x3.txt 0.5162790697674419 0.7 174.0 [2, 2, 2, 2, 0, 0, 2, 0, 0, 0, 2, 2, 4, 0, 0, 4, 2, 4, 0, 2, 0, 5, 5, 2, 2, 4, 0, 4, 4, 0, 4, 3, 0, 4, 1, 5, 5, 0, 1, 1, 4, 5, 3, 1, 1, 3, 1, 3, 3, 1, 4, 5, 1, 3, 5, 4, 1, 3, 3, 1, 1, 3, 3, 5, 5, 1, 5, 1, 5, 3] 
dagE40.txt 5_4_3_2x2.txt 0.24186046511627907 0.25 265.4 [0, 0, 0, 0, 0, 0, 0, 0, 0, 0, 0, 0, 0, 0, 0, 0, 0, 0, 4, 0, 0, 0, 0, 0, 0, 0, 0, 0, 0, 0, 5, 4, 0, 4, 0, 0, 0, 0, 0, 0, 5, 0, 4, 1, 4, 4, 1, 4, 1, 5, 0, 4, 0, 1, 0, 0, 5, 4, 4, 0, 1, 1, 4, 5, 5, 5, 0, 1, 5, 1] 
dagE40.txt 4_1x5.txt 0.5209302325581395 0.55 131.0 [6, 8, 8, 4, 4, 4, 8, 9, 4, 4, 4, 8, 6, 4, 4, 4, 8, 6, 1, 8, 6, 2, 0, 8, 8, 6, 0, 4, 6, 0, 6, 7, 8, 1, 2, 0, 0, 0, 0, 0, 6, 3, 7, 2, 0, 7, 2, 1, 5, 2, 0, 2, 0, 3, 0, 6, 2, 1, 3, 0, 0, 5, 2, 2, 0, 2, 3, 2, 2, 5] 
dagE40.txt 3_2x3.txt 0.5162790697674419 0.65 174.0 [2, 2, 2, 2, 0, 0, 2, 0, 0, 0, 2, 2, 4, 0, 0, 4, 2, 4, 0, 2, 0, 5, 5, 2, 2, 4, 0, 4, 4, 0, 4, 3, 0, 4, 1, 5, 5, 0, 1, 1, 4, 5, 3, 1, 1, 3, 1, 3, 3, 1, 4, 5, 1, 3, 5, 4, 1, 3, 3, 1, 1, 3, 3, 5, 5, 1, 5, 1, 5, 3] 
dagE40.txt 3_2x3.txt 0.5162790697674419 0.9 174.0 [2, 2, 2, 2, 0, 0, 2, 0, 0, 0, 2, 2, 4, 0, 0, 4, 2, 4, 0, 2, 0, 5, 5, 2, 2, 4, 0, 4, 4, 0, 4, 3, 0, 4, 1, 5, 5, 0, 1, 1, 4, 5, 3, 1, 1, 3, 1, 3, 3, 1, 4, 5, 1, 3, 5, 4, 1, 3, 3, 1, 1, 3, 3, 5, 5, 1, 5, 1, 5, 3] 
dagE40.txt 3_2x3.txt 0.5162790697674419 0.8 174.0 [2, 2, 2, 2, 0, 0, 2, 0, 0, 0, 2, 2, 4, 0, 0, 4, 2, 4, 0, 2, 0, 5, 5, 2, 2, 4, 0, 4, 4, 0, 4, 3, 0, 4, 1, 5, 5, 0, 1, 1, 4, 5, 3, 1, 1, 3, 1, 3, 3, 1, 4, 5, 1, 3, 5, 4, 1, 3, 3, 1, 1, 3, 3, 5, 5, 1, 5, 1, 5, 3] 
dagE40.txt 3_2x3.txt 0.5162790697674419 1 174.0 [2, 2, 2, 2, 0, 0, 2, 0, 0, 0, 2, 2, 4, 0, 0, 4, 2, 4, 0, 2, 0, 5, 5, 2, 2, 4, 0, 4, 4, 0, 4, 3, 0, 4, 1, 5, 5, 0, 1, 1, 4, 5, 3, 1, 1, 3, 1, 3, 3, 1, 4, 5, 1, 3, 5, 4, 1, 3, 3, 1, 1, 3, 3, 5, 5, 1, 5, 1, 5, 3] 
dagE40.txt 5_4_3_2x2.txt 0.33488372093023255 0.35 170.0 [4, 0, 0, 0, 0, 0, 0, 0, 0, 0, 0, 0, 4, 0, 0, 1, 0, 4, 4, 0, 4, 0, 1, 0, 4, 4, 0, 4, 4, 0, 4, 0, 0, 4, 1, 0, 4, 0, 4, 4, 4, 0, 4, 1, 0, 0, 1, 5, 4, 1, 4, 4, 4, 4, 0, 4, 4, 5, 4, 1, 4, 4, 5, 1, 1, 4, 0, 4, 1, 4] 
dagE40.txt 3_2x3.txt 0.48372093023255813 0.5 174.0 [4, 2, 3, 3, 4, 4, 3, 4, 4, 3, 3, 3, 4, 4, 3, 3, 4, 5, 2, 2, 4, 2, 2, 3, 5, 5, 5, 3, 2, 4, 4, 1, 3, 0, 4, 2, 5, 5, 2, 5, 2, 2, 0, 1, 1, 1, 1, 1, 1, 0, 5, 0, 0, 1, 5, 2, 0, 0, 0, 5, 1, 1, 0, 0, 5, 0, 2, 1, 0, 1] 
dagE40.txt 3_2x3.txt 0.5162790697674419 0.55 174.0 [2, 2, 2, 2, 0, 0, 2, 0, 0, 0, 2, 2, 4, 0, 0, 4, 2, 4, 0, 2, 0, 5, 5, 2, 2, 4, 0, 4, 4, 0, 4, 3, 0, 4, 1, 5, 5, 0, 1, 1, 4, 5, 3, 1, 1, 3, 1, 3, 3, 1, 4, 5, 1, 3, 5, 4, 1, 3, 3, 1, 1, 3, 3, 5, 5, 1, 5, 1, 5, 3] 
dagE40.txt 5_4_3_2x5.txt 0.15813953488372093 0.2 344.0 [0, 0, 0, 0, 0, 0, 0, 0, 0, 0, 0, 16, 0, 0, 0, 0, 0, 0, 0, 0, 0, 0, 0, 0, 0, 0, 0, 0, 0, 0, 0, 0, 4, 0, 0, 0, 0, 0, 0, 0, 0, 0, 0, 0, 0, 0, 0, 17, 1, 0, 0, 0, 0, 9, 0, 4, 0, 12, 0, 0, 0, 2, 13, 0, 0, 0, 0, 5, 0, 8] 
dagE40.txt 5_4_3_2x5.txt 0.14883720930232558 0.3 343.8 [0, 0, 0, 0, 0, 0, 0, 0, 0, 0, 0, 0, 0, 0, 0, 0, 0, 0, 0, 0, 0, 0, 0, 0, 0, 0, 0, 0, 0, 0, 0, 0, 0, 0, 0, 0, 0, 0, 0, 0, 0, 13, 0, 4, 0, 0, 4, 0, 1, 16, 0, 8, 0, 0, 0, 0, 0, 0, 0, 0, 0, 17, 0, 8, 0, 0, 5, 4, 9, 12] 
dagE40.txt 5_4_3_2x5.txt None 0.1 20000000000.0 None 
dagE40.txt 5_4_3_2x5.txt 0.3581395348837209 0.4 256.8 [4, 0, 0, 0, 0, 0, 0, 0, 0, 0, 4, 0, 0, 0, 0, 14, 0, 0, 0, 0, 0, 0, 0, 0, 0, 4, 0, 0, 0, 0, 0, 1, 0, 0, 17, 0, 0, 0, 0, 0, 0, 0, 0, 10, 5, 18, 10, 1, 2, 8, 4, 0, 0, 16, 0, 0, 13, 9, 16, 0, 5, 12, 13, 0, 0, 0, 0, 6, 8, 12] 
dagE40.txt 3_2x3.txt 0.07906976744186046 0.2 591.3333333333334 [0, 0, 0, 0, 0, 0, 0, 0, 0, 0, 0, 0, 0, 0, 0, 0, 0, 0, 0, 0, 0, 0, 0, 0, 0, 0, 0, 0, 0, 0, 0, 0, 0, 0, 0, 0, 0, 0, 0, 0, 0, 0, 0, 2, 0, 4, 2, 4, 2, 0, 0, 0, 0, 1, 0, 0, 0, 4, 0, 0, 0, 1, 0, 0, 0, 0, 0, 2, 0, 1] 
dagE40.txt 5_4_3_2x5.txt 0.3813953488372093 0.5 233.8 [4, 0, 0, 0, 0, 0, 0, 0, 0, 0, 4, 0, 0, 0, 0, 1, 0, 0, 0, 0, 0, 8, 0, 0, 0, 4, 0, 1, 8, 0, 0, 16, 0, 0, 0, 0, 0, 0, 0, 0, 0, 14, 0, 12, 16, 6, 3, 7, 12, 17, 4, 0, 0, 8, 0, 0, 5, 13, 0, 0, 0, 12, 18, 0, 0, 5, 2, 12, 10, 9] 
dagE40.txt 5_4_3_2x5.txt 0.5906976744186047 0.6 73.8 [4, 6, 8, 8, 4, 4, 8, 13, 4, 4, 8, 8, 4, 4, 4, 18, 4, 0, 0, 4, 4, 12, 0, 8, 8, 0, 0, 4, 0, 16, 4, 12, 8, 0, 16, 12, 0, 0, 1, 16, 0, 11, 12, 1, 16, 7, 1, 12, 5, 2, 17, 12, 16, 5, 16, 12, 1, 12, 0, 16, 1, 5, 15, 10, 16, 1, 14, 1, 3, 9] 
dagE40.txt 3_2x3.txt 0.2837209302325581 0.3 382.0 [0, 0, 0, 0, 0, 0, 0, 0, 0, 0, 0, 0, 0, 0, 0, 2, 0, 0, 4, 0, 0, 0, 0, 0, 0, 0, 0, 0, 0, 2, 0, 4, 0, 4, 2, 0, 0, 0, 0, 2, 0, 0, 4, 2, 2, 4, 2, 4, 1, 2, 0, 2, 4, 1, 2, 1, 2, 4, 4, 2, 2, 1, 4, 2, 2, 2, 0, 2, 2, 1] 
dagE40.txt 5_4_3_2x5.txt 0.6883720930232559 0.7 35.8 [8, 14, 5, 1, 17, 2, 1, 17, 2, 2, 5, 1, 16, 17, 2, 15, 14, 16, 11, 8, 16, 6, 12, 5, 1, 16, 0, 15, 8, 13, 16, 4, 1, 11, 13, 4, 4, 0, 7, 13, 8, 12, 4, 6, 0, 12, 13, 3, 10, 9, 7, 4, 13, 10, 0, 8, 18, 3, 4, 0, 4, 10, 18, 9, 0, 18, 12, 6, 9, 19] 
dagE40.txt 5_4_3_2x5.txt 0.7255813953488373 0.8 49.0 [9, 15, 4, 4, 19, 13, 4, 19, 13, 13, 4, 1, 9, 14, 13, 14, 15, 8, 19, 18, 9, 7, 2, 1, 15, 8, 5, 14, 18, 2, 9, 12, 1, 8, 2, 7, 3, 5, 16, 16, 18, 6, 3, 7, 12, 17, 7, 17, 6, 11, 5, 3, 16, 12, 0, 18, 11, 17, 3, 0, 12, 10, 16, 0, 0, 16, 10, 6, 11, 10] 
dagE40.txt 5_4_3_2x5.txt 0.7302325581395349 0.9 46.5 [17, 7, 8, 8, 0, 2, 8, 0, 2, 2, 8, 1, 17, 14, 2, 14, 7, 9, 0, 9, 17, 3, 12, 1, 7, 9, 0, 14, 13, 5, 17, 18, 1, 13, 5, 6, 6, 12, 11, 12, 9, 16, 6, 3, 5, 18, 5, 19, 18, 4, 11, 6, 11, 10, 15, 13, 4, 19, 10, 12, 6, 10, 10, 15, 15, 4, 16, 3, 4, 16] 
dagE40.txt 5_4_3_2x5.txt 0.7348837209302326 1 50.5 [4, 11, 0, 17, 8, 17, 19, 8, 11, 17, 0, 0, 4, 8, 14, 14, 17, 4, 5, 15, 4, 1, 18, 19, 17, 5, 13, 14, 15, 13, 15, 3, 19, 5, 18, 10, 2, 9, 2, 18, 15, 1, 16, 16, 9, 3, 16, 7, 3, 12, 2, 10, 9, 10, 13, 11, 16, 7, 10, 9, 10, 6, 7, 6, 13, 12, 1, 16, 12, 6] 
dagE40.txt 3_2x3.txt 0.4 0.4 202.33333333333334 [1, 0, 0, 0, 0, 0, 0, 0, 0, 0, 0, 0, 1, 0, 0, 0, 0, 1, 3, 0, 1, 4, 5, 0, 0, 1, 2, 0, 4, 2, 1, 4, 0, 3, 2, 4, 4, 2, 2, 2, 1, 5, 4, 4, 2, 4, 2, 3, 4, 2, 2, 4, 2, 4, 2, 4, 2, 3, 4, 2, 4, 4, 2, 2, 2, 2, 5, 4, 2, 4] 
dagE40.txt 3_2x3.txt 0.07906976744186046 0.1 591.3333333333334 [0, 0, 0, 0, 0, 0, 0, 0, 0, 0, 0, 0, 0, 0, 0, 0, 0, 0, 0, 0, 0, 0, 0, 0, 0, 0, 0, 0, 0, 0, 0, 0, 0, 0, 0, 0, 0, 0, 0, 0, 0, 0, 0, 2, 0, 4, 2, 4, 2, 0, 0, 0, 0, 1, 0, 0, 0, 4, 0, 0, 0, 1, 0, 0, 0, 0, 0, 2, 0, 1] 
dagE40.txt 5_4_3_2x5.txt 0.13023255813953488 0.25 360.2 [0, 0, 0, 0, 0, 0, 0, 0, 0, 0, 0, 0, 0, 0, 0, 8, 0, 0, 0, 0, 0, 0, 0, 0, 0, 0, 0, 8, 0, 0, 0, 0, 0, 0, 0, 0, 0, 0, 0, 0, 9, 0, 0, 0, 0, 0, 0, 1, 0, 0, 0, 0, 5, 4, 0, 0, 0, 12, 0, 0, 0, 4, 16, 0, 0, 0, 0, 0, 0, 4] 
dagE40.txt 5_4_3_2x5.txt 0.13953488372093023 0.35 353.6 [0, 0, 0, 0, 0, 0, 0, 0, 0, 0, 0, 0, 0, 0, 0, 0, 0, 1, 0, 0, 0, 0, 0, 0, 0, 0, 0, 0, 0, 0, 0, 0, 0, 0, 0, 0, 0, 0, 0, 0, 0, 0, 0, 0, 0, 0, 0, 8, 4, 0, 0, 0, 0, 16, 0, 0, 0, 8, 0, 0, 9, 13, 5, 0, 0, 0, 0, 4, 0, 12] 
dagE40.txt 5_4_3_2x5.txt 0.33488372093023255 0.45 251.2 [4, 0, 0, 0, 0, 0, 0, 0, 0, 0, 4, 0, 0, 0, 13, 6, 0, 0, 0, 0, 0, 0, 0, 0, 0, 4, 0, 18, 0, 0, 0, 1, 0, 0, 17, 0, 0, 0, 0, 0, 0, 0, 0, 12, 0, 1, 12, 14, 5, 8, 4, 0, 0, 0, 0, 0, 8, 16, 0, 0, 0, 5, 16, 2, 0, 8, 0, 12, 10, 9] 
dagE40.txt 5_4_3_2x2.txt 0.42790697674418604 0.45 119.4 [4, 4, 1, 4, 4, 4, 1, 4, 4, 4, 1, 1, 4, 4, 4, 4, 4, 0, 4, 4, 4, 5, 0, 1, 0, 0, 0, 4, 0, 4, 4, 3, 1, 0, 4, 0, 0, 0, 0, 0, 0, 5, 0, 5, 3, 3, 5, 3, 5, 2, 0, 0, 0, 7, 6, 1, 2, 0, 0, 6, 0, 7, 0, 6, 6, 2, 5, 5, 2, 7] 
dagE40.txt 4_1x1.txt 0.21395348837209302 0.3 1043.0 [0, 0, 0, 0, 0, 0, 0, 0, 0, 0, 0, 0, 0, 0, 0, 0, 0, 0, 0, 0, 0, 1, 1, 0, 0, 0, 1, 0, 0, 0, 0, 0, 0, 0, 1, 1, 1, 1, 1, 1, 0, 1, 1, 1, 1, 1, 1, 0, 1, 1, 1, 1, 1, 1, 1, 0, 1, 0, 1, 1, 1, 1, 1, 1, 1, 1, 1, 1, 1, 1] 
dagE40.txt 5_4_3_2x5.txt None 0.15 20000000000.0 None 
dagE40.txt 4_1x1.txt 0.20930232558139536 0.4 1044.0 [1, 1, 1, 1, 1, 1, 1, 1, 1, 1, 1, 1, 1, 1, 1, 1, 1, 1, 1, 1, 1, 0, 0, 1, 1, 1, 1, 1, 1, 0, 1, 0, 1, 1, 0, 0, 0, 0, 0, 0, 1, 0, 0, 0, 0, 0, 0, 0, 0, 0, 1, 0, 0, 0, 0, 0, 0, 1, 0, 0, 0, 0, 0, 0, 0, 0, 0, 0, 0, 0] 
dagE40.txt 4_1x1.txt 0.20465116279069767 0.35 1044.0 [1, 1, 1, 1, 1, 1, 1, 1, 1, 1, 1, 1, 1, 1, 1, 1, 1, 1, 1, 1, 1, 0, 0, 1, 1, 1, 1, 1, 1, 0, 1, 0, 1, 1, 0, 0, 0, 1, 0, 0, 1, 0, 0, 0, 0, 0, 0, 0, 0, 0, 1, 0, 0, 0, 0, 1, 0, 0, 0, 0, 0, 0, 0, 0, 0, 0, 0, 0, 0, 0] 
dagE40.txt 4_1x1.txt 0.20465116279069767 0.5 1044.0 [1, 1, 1, 1, 1, 1, 1, 1, 1, 1, 1, 1, 1, 1, 1, 1, 1, 1, 1, 1, 1, 0, 0, 1, 1, 1, 1, 1, 0, 0, 1, 1, 1, 1, 0, 0, 0, 0, 0, 0, 1, 0, 0, 0, 0, 1, 0, 1, 0, 0, 0, 0, 0, 0, 0, 0, 0, 1, 0, 0, 0, 0, 0, 0, 0, 0, 0, 0, 0, 0] 
dagE40.txt 5_4_3_2x5.txt 0.641860465116279 0.65 48.6 [12, 7, 0, 0, 6, 16, 0, 6, 19, 16, 0, 0, 12, 16, 16, 11, 16, 12, 10, 9, 12, 8, 4, 0, 0, 12, 3, 16, 9, 5, 12, 4, 0, 10, 5, 4, 4, 5, 1, 1, 9, 8, 4, 8, 5, 15, 5, 2, 8, 17, 1, 4, 1, 14, 13, 9, 1, 2, 4, 5, 4, 14, 1, 13, 13, 1, 8, 8, 17, 18] 
dagE40.txt 5_4_3_2x5.txt 0.5488372093023256 0.55 102.2 [0, 0, 12, 0, 0, 0, 12, 0, 0, 0, 0, 12, 0, 0, 0, 10, 0, 0, 8, 0, 0, 4, 4, 12, 4, 8, 17, 0, 4, 2, 3, 4, 12, 8, 1, 4, 4, 12, 4, 1, 11, 4, 4, 16, 2, 18, 16, 8, 4, 1, 13, 4, 8, 5, 16, 4, 1, 8, 4, 16, 5, 7, 8, 16, 16, 1, 4, 6, 14, 9] 
dagE40.txt 4_1x1.txt 0.22325581395348837 0.6 1044.0 [1, 1, 1, 1, 1, 1, 1, 1, 1, 1, 1, 1, 1, 1, 1, 1, 1, 1, 0, 1, 1, 0, 0, 1, 0, 0, 1, 1, 0, 1, 1, 1, 1, 0, 0, 1, 0, 1, 0, 0, 0, 0, 0, 0, 1, 1, 0, 1, 0, 0, 0, 0, 0, 0, 1, 1, 0, 0, 0, 1, 0, 0, 0, 0, 1, 0, 0, 0, 0, 0] 
dagE40.txt 4_1x1.txt 0.20465116279069767 0.7 1044.0 [1, 1, 1, 1, 1, 1, 1, 1, 1, 1, 1, 1, 1, 1, 1, 1, 1, 1, 1, 1, 1, 0, 0, 1, 1, 1, 1, 1, 1, 0, 1, 0, 1, 1, 0, 0, 0, 1, 0, 0, 1, 0, 0, 0, 0, 0, 0, 0, 0, 0, 1, 0, 0, 0, 0, 1, 0, 0, 0, 0, 0, 0, 0, 0, 0, 0, 0, 0, 0, 0] 
dagE40.txt 4_1x1.txt 0.2186046511627907 0.55 1044.0 [0, 0, 0, 0, 0, 0, 0, 0, 0, 0, 0, 0, 0, 0, 0, 0, 0, 0, 0, 0, 0, 1, 1, 0, 0, 0, 0, 0, 1, 1, 0, 1, 0, 0, 1, 1, 1, 0, 0, 0, 1, 1, 1, 1, 1, 1, 1, 1, 1, 1, 0, 1, 0, 1, 1, 1, 1, 1, 1, 1, 1, 1, 1, 1, 1, 0, 1, 1, 1, 1] 
dagE40.txt 4_1x1.txt 0.21395348837209302 0.9 1044.0 [1, 1, 1, 1, 1, 1, 1, 1, 1, 1, 1, 1, 1, 1, 1, 1, 1, 1, 1, 1, 1, 0, 0, 1, 1, 1, 0, 1, 0, 0, 1, 1, 1, 1, 0, 1, 0, 0, 0, 0, 0, 0, 1, 0, 0, 1, 0, 1, 0, 0, 0, 0, 0, 0, 0, 1, 0, 1, 0, 0, 0, 0, 0, 0, 0, 0, 0, 0, 0, 0] 
dagE40.txt 4_1x1.txt 0.2 0.2 1039.0 [0, 0, 0, 0, 0, 0, 0, 0, 0, 0, 0, 0, 0, 0, 0, 0, 0, 0, 0, 0, 0, 1, 1, 0, 0, 0, 1, 0, 0, 1, 0, 1, 0, 0, 1, 1, 1, 1, 1, 1, 0, 1, 1, 1, 1, 1, 1, 0, 1, 1, 0, 1, 1, 1, 1, 0, 1, 0, 1, 1, 1, 1, 1, 1, 1, 1, 1, 1, 1, 1] 
dagE40.txt 4_1x1.txt 0.20930232558139536 0.45 1044.0 [0, 0, 0, 0, 0, 0, 0, 0, 0, 0, 0, 0, 0, 0, 0, 0, 0, 0, 0, 0, 0, 1, 1, 1, 0, 0, 1, 0, 0, 1, 0, 0, 0, 0, 1, 1, 1, 1, 1, 1, 0, 1, 0, 1, 1, 0, 1, 0, 1, 1, 1, 1, 1, 1, 1, 0, 1, 0, 1, 1, 1, 1, 1, 1, 1, 1, 1, 1, 1, 1] 
dagE40.txt 4_1x1.txt 0.22790697674418606 0.8 1044.0 [0, 0, 0, 0, 0, 0, 0, 0, 0, 0, 0, 0, 0, 0, 0, 0, 0, 0, 0, 0, 0, 1, 1, 0, 0, 0, 0, 0, 0, 1, 0, 1, 0, 0, 1, 0, 1, 1, 1, 1, 1, 1, 1, 1, 1, 1, 1, 0, 1, 1, 1, 1, 1, 1, 1, 0, 1, 0, 1, 1, 1, 1, 1, 1, 1, 1, 1, 1, 1, 1] 
dagE40.txt 4_1x1.txt 0.20465116279069767 1 1044.0 [1, 1, 1, 1, 1, 1, 1, 1, 1, 1, 1, 1, 1, 1, 1, 1, 1, 1, 1, 1, 1, 0, 0, 1, 1, 1, 1, 1, 1, 0, 1, 0, 1, 1, 0, 0, 0, 1, 0, 0, 1, 0, 0, 0, 0, 0, 0, 0, 0, 0, 1, 0, 0, 0, 0, 1, 0, 0, 0, 0, 0, 0, 0, 0, 0, 0, 0, 0, 0, 0] 
dagE40.txt 4_1x1.txt 0.21395348837209302 0.65 1044.0 [1, 1, 1, 1, 1, 1, 1, 1, 1, 1, 1, 1, 1, 1, 1, 1, 1, 1, 1, 1, 1, 0, 0, 1, 1, 1, 0, 1, 0, 0, 1, 1, 1, 1, 0, 1, 0, 0, 0, 0, 0, 0, 1, 0, 0, 1, 0, 1, 0, 0, 0, 0, 0, 0, 0, 1, 0, 1, 0, 0, 0, 0, 0, 0, 0, 0, 0, 0, 0, 0] 
dagE40.txt 4_1x1.txt 0.20465116279069767 0.25 1044.0 [1, 1, 1, 1, 1, 1, 1, 1, 1, 1, 1, 1, 1, 1, 1, 1, 1, 1, 1, 1, 1, 0, 0, 1, 1, 1, 1, 1, 1, 0, 1, 0, 1, 1, 0, 0, 0, 1, 0, 0, 1, 0, 0, 0, 0, 0, 0, 0, 0, 0, 1, 0, 0, 0, 0, 1, 0, 0, 0, 0, 0, 0, 0, 0, 0, 0, 0, 0, 0, 0] 
dagE40.txt 4_1x1.txt 0.023255813953488372 0.1 497.5 [0, 0, 0, 0, 0, 0, 0, 0, 0, 0, 0, 0, 0, 0, 0, 0, 0, 0, 0, 0, 0, 0, 0, 0, 0, 0, 0, 0, 0, 0, 0, 0, 0, 0, 0, 0, 0, 0, 0, 0, 0, 0, 0, 0, 0, 0, 0, 0, 0, 0, 0, 0, 0, 1, 0, 0, 0, 0, 0, 0, 0, 1, 0, 0, 0, 0, 0, 0, 0, 1] 
dagE40.txt 5_4_3_2x3.txt 0.6465116279069767 0.7 83.5 [2, 0, 0, 8, 2, 0, 8, 11, 0, 8, 7, 0, 2, 11, 7, 8, 0, 2, 2, 4, 2, 10, 9, 8, 8, 4, 11, 7, 4, 5, 2, 9, 8, 4, 5, 10, 10, 11, 10, 5, 4, 9, 3, 1, 5, 9, 5, 3, 6, 1, 7, 10, 5, 6, 1, 4, 3, 3, 10, 1, 10, 6, 3, 1, 1, 5, 9, 6, 3, 6] 
dagE40.txt 5_4_3_2x3.txt 0.6372093023255814 0.8 81.5 [7, 10, 7, 10, 8, 8, 10, 8, 10, 8, 7, 9, 4, 8, 10, 6, 8, 4, 7, 7, 4, 11, 0, 9, 10, 4, 9, 6, 6, 0, 4, 5, 9, 4, 0, 0, 3, 9, 5, 0, 4, 11, 2, 3, 3, 5, 3, 5, 11, 1, 6, 2, 5, 2, 0, 6, 2, 5, 2, 0, 3, 1, 2, 2, 0, 1, 11, 3, 1, 1] 
dagE40.txt 5_4_3_2x3.txt 0.6325581395348837 0.9 84.0 [6, 7, 4, 7, 5, 7, 7, 5, 2, 7, 4, 4, 9, 5, 2, 2, 7, 9, 6, 6, 9, 1, 1, 4, 7, 9, 5, 2, 6, 8, 9, 0, 4, 9, 8, 1, 3, 5, 1, 1, 6, 10, 3, 8, 8, 0, 0, 0, 10, 11, 2, 3, 1, 3, 8, 6, 11, 0, 3, 8, 1, 10, 0, 3, 8, 11, 10, 11, 11, 10] 
dagE40.txt 5_4_3_2x3.txt 0.6093023255813953 1 82.5 [8, 2, 3, 4, 8, 2, 3, 2, 2, 4, 3, 2, 8, 4, 4, 4, 8, 1, 8, 1, 8, 10, 10, 3, 5, 1, 0, 4, 1, 11, 8, 6, 3, 6, 11, 10, 5, 0, 0, 0, 1, 10, 5, 11, 11, 6, 11, 6, 9, 7, 0, 5, 0, 9, 7, 1, 5, 6, 5, 11, 5, 9, 5, 7, 7, 0, 10, 9, 7, 9] 
dagE40.txt 4_1x1.txt 0.14418604651162792 0.15 607.0 [0, 0, 0, 0, 0, 0, 0, 0, 0, 0, 0, 0, 0, 0, 0, 0, 0, 0, 0, 0, 0, 0, 0, 0, 0, 0, 0, 0, 0, 0, 0, 1, 0, 0, 0, 0, 0, 0, 0, 0, 0, 0, 1, 0, 1, 1, 0, 1, 1, 1, 0, 1, 0, 1, 0, 0, 1, 1, 1, 0, 1, 1, 1, 1, 0, 1, 0, 1, 1, 1] 
dagE40.txt 5_4_3_2x3.txt None 0.1 20000000000.0 None 
dagE40.txt 5_4_3_2x3.txt 0.12558139534883722 0.3 353.8 [0, 0, 0, 0, 0, 0, 0, 0, 0, 0, 0, 0, 0, 0, 0, 8, 0, 0, 0, 0, 0, 0, 0, 0, 0, 0, 0, 8, 0, 0, 0, 4, 0, 0, 0, 0, 0, 0, 0, 0, 0, 0, 0, 10, 0, 4, 2, 4, 5, 0, 0, 0, 0, 0, 0, 0, 0, 0, 0, 0, 0, 6, 0, 0, 0, 0, 0, 9, 0, 1] 
dagE40.txt 5_4_3_2x3.txt 0.5906976744186047 0.6 65.5 [9, 0, 1, 1, 0, 0, 1, 0, 0, 0, 11, 1, 9, 0, 11, 9, 0, 9, 3, 10, 9, 5, 4, 1, 1, 10, 6, 9, 10, 8, 9, 4, 1, 3, 8, 4, 4, 6, 6, 6, 10, 5, 4, 5, 8, 4, 8, 3, 5, 2, 6, 4, 6, 7, 8, 10, 2, 3, 4, 8, 4, 7, 2, 2, 8, 2, 5, 5, 2, 7] 
dagE40.txt 5_4_3_2x3.txt 0.4558139534883721 0.5 117.4 [8, 4, 4, 4, 4, 4, 4, 4, 4, 4, 4, 4, 8, 4, 4, 2, 4, 8, 8, 4, 8, 0, 0, 4, 4, 8, 0, 2, 1, 0, 5, 0, 4, 1, 3, 0, 0, 0, 0, 0, 5, 0, 5, 0, 0, 7, 11, 1, 0, 9, 10, 5, 0, 5, 0, 1, 5, 1, 5, 0, 0, 9, 5, 9, 0, 9, 0, 0, 9, 6] 
dagE40.txt 5_4_3_2x3.txt 0.627906976744186 0.65 85.5 [7, 8, 2, 2, 9, 8, 2, 9, 10, 8, 2, 8, 6, 9, 10, 10, 8, 6, 7, 7, 6, 11, 0, 2, 2, 6, 9, 10, 7, 0, 6, 3, 8, 6, 0, 4, 4, 9, 0, 0, 7, 11, 5, 11, 4, 3, 11, 3, 3, 1, 10, 5, 0, 1, 4, 7, 5, 3, 5, 4, 4, 1, 5, 5, 4, 0, 11, 5, 1, 1] 
dagE40.txt 5_4_3_2x3.txt 0.11162790697674418 0.2 351.0 [0, 0, 0, 0, 0, 0, 0, 0, 0, 0, 0, 0, 0, 0, 0, 0, 0, 0, 0, 0, 0, 0, 0, 0, 0, 0, 0, 0, 0, 0, 0, 8, 0, 0, 0, 0, 0, 0, 0, 0, 0, 0, 0, 0, 0, 8, 0, 4, 5, 0, 0, 0, 0, 2, 0, 0, 0, 4, 0, 0, 0, 6, 4, 0, 0, 0, 0, 9, 0, 1] 
dagE40.txt 3_2x3.txt 0.20465116279069767 0.25 472.0 [0, 0, 0, 0, 0, 0, 0, 0, 0, 0, 0, 0, 0, 0, 0, 0, 0, 0, 0, 0, 0, 0, 0, 0, 0, 0, 0, 0, 0, 0, 2, 2, 0, 0, 0, 0, 0, 0, 0, 0, 0, 0, 2, 4, 2, 2, 4, 2, 4, 1, 0, 0, 0, 4, 0, 0, 1, 2, 2, 0, 4, 4, 2, 1, 1, 1, 0, 4, 1, 4] 
dagE40.txt 5_4_3_2x3.txt 0.33488372093023255 0.4 245.2 [8, 0, 0, 0, 0, 0, 0, 0, 0, 0, 8, 0, 0, 0, 0, 0, 0, 0, 8, 0, 0, 0, 8, 0, 0, 0, 0, 0, 0, 5, 0, 1, 0, 0, 4, 0, 0, 0, 0, 0, 0, 0, 0, 1, 1, 10, 7, 5, 1, 4, 0, 0, 5, 3, 0, 0, 4, 5, 0, 0, 1, 11, 5, 4, 0, 4, 2, 1, 6, 9] 
dagE40.txt 3_2x3.txt 0.3302325581395349 0.35 249.66666666666666 [2, 2, 2, 2, 2, 2, 2, 2, 2, 2, 2, 2, 2, 2, 2, 2, 2, 0, 1, 2, 2, 4, 0, 2, 2, 0, 0, 2, 1, 0, 2, 3, 2, 1, 0, 0, 0, 0, 0, 0, 2, 4, 0, 4, 3, 3, 4, 3, 4, 0, 0, 0, 0, 1, 0, 1, 0, 3, 0, 0, 0, 4, 0, 0, 0, 0, 4, 4, 0, 4] 
dagE40.txt 5_4_3_2x3.txt 0.11627906976744186 0.15 352.4 [0, 0, 0, 0, 0, 0, 0, 0, 0, 0, 0, 0, 0, 0, 0, 5, 0, 0, 0, 0, 0, 0, 0, 0, 0, 0, 0, 6, 0, 0, 0, 0, 0, 0, 0, 0, 0, 0, 0, 0, 0, 0, 0, 0, 0, 0, 0, 2, 8, 0, 0, 0, 0, 4, 0, 0, 0, 1, 0, 0, 0, 4, 9, 0, 0, 0, 0, 8, 0, 4] 
dagE40.txt 5_4_3_2x3.txt 0.3488372093023256 0.35 262.6 [2, 0, 8, 8, 0, 0, 8, 0, 0, 0, 6, 8, 3, 0, 0, 0, 0, 0, 7, 0, 0, 4, 0, 8, 0, 0, 0, 0, 4, 0, 0, 0, 8, 9, 0, 0, 0, 0, 0, 0, 0, 0, 0, 4, 0, 0, 4, 11, 4, 0, 0, 0, 9, 0, 0, 10, 0, 1, 0, 0, 0, 5, 1, 0, 0, 0, 0, 4, 0, 5] 
dagE40.txt 3_2x3.txt 0.07906976744186046 0.15 591.3333333333334 [0, 0, 0, 0, 0, 0, 0, 0, 0, 0, 0, 0, 0, 0, 0, 0, 0, 0, 0, 0, 0, 0, 0, 0, 0, 0, 0, 0, 0, 0, 0, 0, 0, 0, 0, 0, 0, 0, 0, 0, 0, 0, 0, 2, 0, 4, 2, 4, 2, 0, 0, 0, 0, 1, 0, 0, 0, 4, 0, 0, 0, 1, 0, 0, 0, 0, 0, 2, 0, 1] 
dagE40.txt 3_2x3.txt 0.4418604651162791 0.45 178.33333333333334 [1, 2, 2, 5, 2, 2, 5, 2, 2, 2, 2, 2, 1, 2, 2, 5, 2, 1, 1, 2, 1, 0, 0, 2, 5, 1, 0, 5, 1, 0, 1, 4, 2, 1, 0, 0, 4, 0, 0, 0, 1, 4, 4, 0, 0, 4, 0, 4, 4, 3, 5, 4, 0, 3, 0, 1, 0, 4, 4, 0, 0, 3, 4, 3, 0, 0, 4, 0, 3, 3] 
dagE40.txt 5_4_3_2x3.txt 0.5302325581395348 0.55 71.4 [2, 8, 1, 1, 8, 8, 1, 8, 8, 8, 1, 1, 5, 8, 8, 7, 8, 5, 2, 5, 5, 0, 4, 1, 1, 5, 4, 8, 5, 9, 5, 0, 1, 2, 9, 0, 4, 4, 4, 4, 5, 0, 0, 10, 4, 0, 10, 3, 0, 9, 4, 0, 4, 6, 0, 5, 9, 3, 0, 4, 4, 6, 0, 0, 0, 9, 11, 10, 9, 6] 
dagE40.txt 4_1x4.txt 0.5627906976744186 0.6 260.0 [5, 7, 7, 0, 5, 0, 7, 5, 0, 0, 0, 7, 5, 0, 0, 0, 7, 6, 5, 6, 5, 4, 4, 7, 7, 6, 5, 0, 6, 3, 5, 4, 7, 6, 2, 4, 1, 5, 4, 3, 6, 4, 2, 4, 3, 4, 2, 3, 1, 2, 6, 2, 3, 1, 3, 6, 2, 3, 1, 3, 1, 1, 3, 2, 3, 2, 4, 1, 2, 1] 
dagE40.txt 4_1x4.txt 0.5627906976744186 0.7 260.0 [5, 7, 7, 0, 5, 0, 7, 5, 0, 0, 0, 7, 5, 0, 0, 0, 7, 6, 5, 6, 5, 4, 4, 7, 7, 6, 5, 0, 6, 3, 5, 4, 7, 6, 2, 4, 1, 5, 4, 3, 6, 4, 2, 4, 3, 4, 2, 3, 1, 2, 6, 2, 3, 1, 3, 6, 2, 3, 1, 3, 1, 1, 3, 2, 3, 2, 4, 1, 2, 1] 
dagE40.txt 4_1x4.txt 0.5627906976744186 0.9 260.0 [5, 7, 7, 0, 5, 0, 7, 5, 0, 0, 0, 7, 5, 0, 0, 0, 7, 6, 5, 6, 5, 4, 4, 7, 7, 6, 5, 0, 6, 3, 5, 4, 7, 6, 2, 4, 1, 5, 4, 3, 6, 4, 2, 4, 3, 4, 2, 3, 1, 2, 6, 2, 3, 1, 3, 6, 2, 3, 1, 3, 1, 1, 3, 2, 3, 2, 4, 1, 2, 1] 
dagE40.txt 4_1x4.txt 0.5627906976744186 0.65 260.0 [5, 7, 7, 0, 5, 0, 7, 5, 0, 0, 0, 7, 5, 0, 0, 0, 7, 6, 5, 6, 5, 4, 4, 7, 7, 6, 5, 0, 6, 3, 5, 4, 7, 6, 2, 4, 1, 5, 4, 3, 6, 4, 2, 4, 3, 4, 2, 3, 1, 2, 6, 2, 3, 1, 3, 6, 2, 3, 1, 3, 1, 1, 3, 2, 3, 2, 4, 1, 2, 1] 
dagE40.txt 4_1x4.txt 0.5627906976744186 0.8 260.0 [5, 7, 7, 0, 5, 0, 7, 5, 0, 0, 0, 7, 5, 0, 0, 0, 7, 6, 5, 6, 5, 4, 4, 7, 7, 6, 5, 0, 6, 3, 5, 4, 7, 6, 2, 4, 1, 5, 4, 3, 6, 4, 2, 4, 3, 4, 2, 3, 1, 2, 6, 2, 3, 1, 3, 6, 2, 3, 1, 3, 1, 1, 3, 2, 3, 2, 4, 1, 2, 1] 
dagE40.txt 5_4_3_2x3.txt 0.34418604651162793 0.45 272.8 [8, 10, 0, 0, 0, 0, 0, 0, 0, 0, 0, 0, 8, 0, 0, 4, 0, 0, 5, 9, 8, 6, 0, 0, 0, 0, 0, 0, 9, 0, 0, 0, 0, 5, 4, 0, 0, 0, 0, 0, 0, 0, 0, 4, 0, 0, 4, 1, 0, 4, 0, 0, 0, 7, 0, 0, 0, 1, 0, 0, 0, 11, 0, 4, 0, 0, 0, 3, 4, 2] 
dagE40.txt 5_4_3_2x3.txt 0.11627906976744186 0.25 357.6 [0, 0, 0, 0, 0, 0, 0, 0, 0, 0, 0, 0, 0, 0, 0, 0, 0, 0, 0, 0, 0, 0, 0, 0, 0, 0, 0, 0, 0, 0, 0, 0, 0, 0, 0, 0, 0, 0, 0, 0, 0, 0, 0, 4, 0, 0, 4, 0, 0, 5, 0, 8, 0, 2, 0, 0, 0, 0, 0, 0, 0, 6, 0, 8, 0, 0, 0, 4, 9, 1] 
dagE40.txt 4_1x2.txt 0.4 0.5 522.0 [0, 3, 3, 3, 3, 3, 3, 3, 0, 3, 0, 3, 0, 3, 0, 3, 3, 0, 0, 0, 0, 2, 2, 3, 3, 0, 3, 0, 0, 2, 0, 1, 3, 0, 2, 2, 2, 3, 2, 2, 0, 2, 1, 1, 2, 1, 1, 1, 1, 1, 0, 2, 2, 2, 2, 0, 1, 1, 2, 2, 2, 1, 1, 1, 2, 1, 2, 1, 1, 1] 
dagE40.txt 4_1x2.txt 0.4 0.4 522.0 [0, 3, 3, 3, 3, 3, 3, 3, 0, 3, 0, 3, 0, 3, 0, 3, 3, 0, 0, 0, 0, 2, 2, 3, 3, 0, 3, 0, 0, 2, 0, 1, 3, 0, 2, 2, 2, 3, 2, 2, 0, 2, 1, 1, 2, 1, 1, 1, 1, 1, 0, 2, 2, 2, 2, 0, 1, 1, 2, 2, 2, 1, 1, 1, 2, 1, 2, 1, 1, 1] 
dagE40.txt 4_1x4.txt 0.5627906976744186 1 260.0 [5, 7, 7, 0, 5, 0, 7, 5, 0, 0, 0, 7, 5, 0, 0, 0, 7, 6, 5, 6, 5, 4, 4, 7, 7, 6, 5, 0, 6, 3, 5, 4, 7, 6, 2, 4, 1, 5, 4, 3, 6, 4, 2, 4, 3, 4, 2, 3, 1, 2, 6, 2, 3, 1, 3, 6, 2, 3, 1, 3, 1, 1, 3, 2, 3, 2, 4, 1, 2, 1] 
dagE40.txt 4_1x2.txt 0.4 0.6 522.0 [0, 3, 3, 3, 3, 3, 3, 3, 0, 3, 0, 3, 0, 3, 0, 3, 3, 0, 0, 0, 0, 2, 2, 3, 3, 0, 3, 0, 0, 2, 0, 1, 3, 0, 2, 2, 2, 3, 2, 2, 0, 2, 1, 1, 2, 1, 1, 1, 1, 1, 0, 2, 2, 2, 2, 0, 1, 1, 2, 2, 2, 1, 1, 1, 2, 1, 2, 1, 1, 1] 
dagE40.txt 4_1x2.txt 0.4 0.45 522.0 [0, 3, 3, 3, 3, 3, 3, 3, 0, 3, 0, 3, 0, 3, 0, 3, 3, 0, 0, 0, 0, 2, 2, 3, 3, 0, 3, 0, 0, 2, 0, 1, 3, 0, 2, 2, 2, 3, 2, 2, 0, 2, 1, 1, 2, 1, 1, 1, 1, 1, 0, 2, 2, 2, 2, 0, 1, 1, 2, 2, 2, 1, 1, 1, 2, 1, 2, 1, 1, 1] 
dagE40.txt 4_1x2.txt 0.4 0.55 522.0 [0, 3, 3, 3, 3, 3, 3, 3, 0, 3, 0, 3, 0, 3, 0, 3, 3, 0, 0, 0, 0, 2, 2, 3, 3, 0, 3, 0, 0, 2, 0, 1, 3, 0, 2, 2, 2, 3, 2, 2, 0, 2, 1, 1, 2, 1, 1, 1, 1, 1, 0, 2, 2, 2, 2, 0, 1, 1, 2, 2, 2, 1, 1, 1, 2, 1, 2, 1, 1, 1] 
dagE40.txt 4_1x2.txt 0.4 0.7 522.0 [0, 3, 3, 3, 3, 3, 3, 3, 0, 3, 0, 3, 0, 3, 0, 3, 3, 0, 0, 0, 0, 2, 2, 3, 3, 0, 3, 0, 0, 2, 0, 1, 3, 0, 2, 2, 2, 3, 2, 2, 0, 2, 1, 1, 2, 1, 1, 1, 1, 1, 0, 2, 2, 2, 2, 0, 1, 1, 2, 2, 2, 1, 1, 1, 2, 1, 2, 1, 1, 1] 
dagE40.txt 4_1x2.txt 0.4 0.65 522.0 [0, 3, 3, 3, 3, 3, 3, 3, 0, 3, 0, 3, 0, 3, 0, 3, 3, 0, 0, 0, 0, 2, 2, 3, 3, 0, 3, 0, 0, 2, 0, 1, 3, 0, 2, 2, 2, 3, 2, 2, 0, 2, 1, 1, 2, 1, 1, 1, 1, 1, 0, 2, 2, 2, 2, 0, 1, 1, 2, 2, 2, 1, 1, 1, 2, 1, 2, 1, 1, 1] 
dagE40.txt 4_1x2.txt 0.4 0.9 522.0 [0, 3, 3, 3, 3, 3, 3, 3, 0, 3, 0, 3, 0, 3, 0, 3, 3, 0, 0, 0, 0, 2, 2, 3, 3, 0, 3, 0, 0, 2, 0, 1, 3, 0, 2, 2, 2, 3, 2, 2, 0, 2, 1, 1, 2, 1, 1, 1, 1, 1, 0, 2, 2, 2, 2, 0, 1, 1, 2, 2, 2, 1, 1, 1, 2, 1, 2, 1, 1, 1] 
dagE40.txt 4_1x2.txt 0.4 0.8 522.0 [0, 3, 3, 3, 3, 3, 3, 3, 0, 3, 0, 3, 0, 3, 0, 3, 3, 0, 0, 0, 0, 2, 2, 3, 3, 0, 3, 0, 0, 2, 0, 1, 3, 0, 2, 2, 2, 3, 2, 2, 0, 2, 1, 1, 2, 1, 1, 1, 1, 1, 0, 2, 2, 2, 2, 0, 1, 1, 2, 2, 2, 1, 1, 1, 2, 1, 2, 1, 1, 1] 
dagE40.txt 4_1x2.txt 0.4 1 522.0 [0, 3, 3, 3, 3, 3, 3, 3, 0, 3, 0, 3, 0, 3, 0, 3, 3, 0, 0, 0, 0, 2, 2, 3, 3, 0, 3, 0, 0, 2, 0, 1, 3, 0, 2, 2, 2, 3, 2, 2, 0, 2, 1, 1, 2, 1, 1, 1, 1, 1, 0, 2, 2, 2, 2, 0, 1, 1, 2, 2, 2, 1, 1, 1, 2, 1, 2, 1, 1, 1] 
dagE40.txt 3_2x2.txt 0.4 0.4 261.0 [0, 3, 3, 3, 3, 3, 3, 3, 0, 3, 0, 3, 0, 3, 0, 3, 3, 0, 0, 0, 0, 2, 2, 3, 3, 0, 3, 0, 0, 2, 0, 1, 3, 0, 2, 2, 2, 3, 2, 2, 0, 2, 1, 1, 2, 1, 1, 1, 1, 1, 0, 2, 2, 2, 2, 0, 1, 1, 2, 2, 2, 1, 1, 1, 2, 1, 2, 1, 1, 1] 
dagE40.txt 3_2x2.txt 0.4 0.45 261.0 [0, 3, 3, 3, 3, 3, 3, 3, 0, 3, 0, 3, 0, 3, 0, 3, 3, 0, 0, 0, 0, 2, 2, 3, 3, 0, 3, 0, 0, 2, 0, 1, 3, 0, 2, 2, 2, 3, 2, 2, 0, 2, 1, 1, 2, 1, 1, 1, 1, 1, 0, 2, 2, 2, 2, 0, 1, 1, 2, 2, 2, 1, 1, 1, 2, 1, 2, 1, 1, 1] 
dagE40.txt 3_2x2.txt 0.4 0.5 261.0 [0, 3, 3, 3, 3, 3, 3, 3, 0, 3, 0, 3, 0, 3, 0, 3, 3, 0, 0, 0, 0, 2, 2, 3, 3, 0, 3, 0, 0, 2, 0, 1, 3, 0, 2, 2, 2, 3, 2, 2, 0, 2, 1, 1, 2, 1, 1, 1, 1, 1, 0, 2, 2, 2, 2, 0, 1, 1, 2, 2, 2, 1, 1, 1, 2, 1, 2, 1, 1, 1] 
dagE40.txt 3_2x2.txt 0.4 0.55 261.0 [0, 3, 3, 3, 3, 3, 3, 3, 0, 3, 0, 3, 0, 3, 0, 3, 3, 0, 0, 0, 0, 2, 2, 3, 3, 0, 3, 0, 0, 2, 0, 1, 3, 0, 2, 2, 2, 3, 2, 2, 0, 2, 1, 1, 2, 1, 1, 1, 1, 1, 0, 2, 2, 2, 2, 0, 1, 1, 2, 2, 2, 1, 1, 1, 2, 1, 2, 1, 1, 1] 
dagE40.txt 4_1x4.txt 0.17674418604651163 0.2 365.5 [0, 0, 0, 0, 0, 0, 0, 0, 0, 0, 0, 0, 0, 0, 0, 0, 0, 0, 0, 0, 0, 0, 0, 0, 0, 0, 0, 0, 0, 0, 0, 6, 0, 0, 0, 0, 0, 0, 0, 0, 0, 0, 4, 2, 6, 6, 2, 6, 2, 4, 0, 0, 0, 2, 0, 0, 4, 6, 0, 0, 2, 2, 6, 4, 4, 4, 0, 2, 4, 2] 
dagE40.txt 4_1x2.txt 0.04186046511627907 0.1 491.0 [0, 0, 0, 0, 0, 0, 0, 0, 0, 0, 0, 0, 0, 0, 0, 1, 0, 0, 0, 0, 0, 0, 0, 0, 0, 0, 0, 1, 0, 0, 0, 0, 0, 0, 0, 0, 0, 0, 0, 0, 0, 0, 0, 0, 0, 0, 0, 2, 0, 0, 0, 0, 0, 0, 0, 0, 0, 2, 0, 0, 0, 0, 0, 0, 0, 0, 0, 0, 0, 0] 
dagE40.txt 3_2x2.txt 0.4 0.6 261.0 [0, 3, 3, 3, 3, 3, 3, 3, 0, 3, 0, 3, 0, 3, 0, 3, 3, 0, 0, 0, 0, 2, 2, 3, 3, 0, 3, 0, 0, 2, 0, 1, 3, 0, 2, 2, 2, 3, 2, 2, 0, 2, 1, 1, 2, 1, 1, 1, 1, 1, 0, 2, 2, 2, 2, 0, 1, 1, 2, 2, 2, 1, 1, 1, 2, 1, 2, 1, 1, 1] 
dagE40.txt 3_2x2.txt 0.4 0.65 261.0 [0, 3, 3, 3, 3, 3, 3, 3, 0, 3, 0, 3, 0, 3, 0, 3, 3, 0, 0, 0, 0, 2, 2, 3, 3, 0, 3, 0, 0, 2, 0, 1, 3, 0, 2, 2, 2, 3, 2, 2, 0, 2, 1, 1, 2, 1, 1, 1, 1, 1, 0, 2, 2, 2, 2, 0, 1, 1, 2, 2, 2, 1, 1, 1, 2, 1, 2, 1, 1, 1] 
dagE40.txt 4_1x2.txt 0.14883720930232558 0.2 431.5 [0, 0, 0, 0, 0, 0, 0, 0, 0, 0, 0, 0, 0, 0, 0, 2, 0, 0, 1, 0, 0, 0, 0, 0, 0, 2, 0, 2, 0, 0, 0, 0, 0, 1, 0, 0, 0, 0, 0, 0, 0, 0, 0, 0, 0, 0, 0, 1, 0, 0, 2, 0, 1, 0, 0, 0, 0, 1, 0, 0, 0, 0, 1, 0, 0, 2, 0, 0, 0, 0] 
dagE40.txt 4_1x4.txt 0.06046511627906977 0.1 461.5 [0, 0, 0, 0, 0, 0, 0, 0, 0, 0, 0, 0, 0, 0, 0, 0, 0, 0, 0, 0, 0, 0, 0, 0, 0, 0, 0, 0, 0, 0, 0, 0, 0, 0, 0, 0, 0, 0, 0, 0, 0, 0, 0, 0, 0, 6, 0, 0, 0, 2, 0, 0, 0, 4, 0, 0, 0, 0, 0, 0, 0, 4, 0, 0, 0, 2, 0, 0, 2, 4] 
dagE40.txt 3_2x2.txt 0.4 0.7 261.0 [0, 3, 3, 3, 3, 3, 3, 3, 0, 3, 0, 3, 0, 3, 0, 3, 3, 0, 0, 0, 0, 2, 2, 3, 3, 0, 3, 0, 0, 2, 0, 1, 3, 0, 2, 2, 2, 3, 2, 2, 0, 2, 1, 1, 2, 1, 1, 1, 1, 1, 0, 2, 2, 2, 2, 0, 1, 1, 2, 2, 2, 1, 1, 1, 2, 1, 2, 1, 1, 1] 
dagE40.txt 4_1x4.txt 0.29767441860465116 0.3 263.75 [0, 0, 0, 0, 0, 0, 0, 0, 0, 0, 0, 0, 0, 0, 0, 2, 0, 0, 4, 0, 0, 0, 0, 0, 4, 0, 0, 0, 0, 2, 0, 4, 0, 4, 2, 0, 4, 0, 2, 2, 0, 0, 4, 2, 2, 4, 2, 4, 4, 2, 2, 4, 2, 4, 2, 0, 2, 4, 4, 2, 2, 6, 4, 2, 2, 2, 0, 2, 2, 6] 
dagE40.txt 4_1x4.txt 0.3813953488372093 0.4 176.5 [0, 1, 0, 0, 0, 0, 0, 1, 1, 0, 0, 0, 0, 0, 0, 0, 0, 2, 0, 0, 0, 6, 6, 0, 0, 2, 2, 0, 0, 2, 0, 2, 0, 2, 4, 2, 2, 2, 2, 2, 0, 6, 4, 4, 2, 2, 4, 2, 2, 4, 2, 4, 2, 3, 2, 0, 4, 2, 2, 2, 2, 3, 2, 4, 2, 4, 6, 4, 4, 3] 
dagE40.txt 3_2x2.txt 0.4 0.8 261.0 [0, 3, 3, 3, 3, 3, 3, 3, 0, 3, 0, 3, 0, 3, 0, 3, 3, 0, 0, 0, 0, 2, 2, 3, 3, 0, 3, 0, 0, 2, 0, 1, 3, 0, 2, 2, 2, 3, 2, 2, 0, 2, 1, 1, 2, 1, 1, 1, 1, 1, 0, 2, 2, 2, 2, 0, 1, 1, 2, 2, 2, 1, 1, 1, 2, 1, 2, 1, 1, 1] 
dagE40.txt 3_2x2.txt 0.4 0.9 261.0 [0, 3, 3, 3, 3, 3, 3, 3, 0, 3, 0, 3, 0, 3, 0, 3, 3, 0, 0, 0, 0, 2, 2, 3, 3, 0, 3, 0, 0, 2, 0, 1, 3, 0, 2, 2, 2, 3, 2, 2, 0, 2, 1, 1, 2, 1, 1, 1, 1, 1, 0, 2, 2, 2, 2, 0, 1, 1, 2, 2, 2, 1, 1, 1, 2, 1, 2, 1, 1, 1] 
dagE40.txt 3_2x2.txt 0.04186046511627907 0.1 654.6666666666666 [0, 0, 0, 0, 0, 0, 0, 0, 0, 0, 0, 0, 0, 0, 0, 1, 0, 0, 0, 0, 0, 0, 0, 0, 0, 0, 0, 1, 0, 0, 0, 0, 0, 0, 0, 0, 0, 0, 0, 0, 0, 0, 0, 0, 0, 0, 0, 2, 0, 0, 0, 0, 0, 0, 0, 0, 0, 2, 0, 0, 0, 0, 0, 0, 0, 0, 0, 0, 0, 0] 
dagE40.txt 4_1x2.txt 0.22325581395348837 0.3 326.25 [1, 2, 2, 2, 2, 2, 2, 2, 2, 2, 2, 2, 0, 2, 2, 2, 2, 0, 1, 2, 0, 0, 0, 2, 2, 0, 0, 2, 0, 0, 0, 0, 2, 1, 0, 0, 0, 0, 0, 0, 0, 0, 0, 0, 0, 0, 0, 1, 0, 0, 0, 0, 0, 0, 0, 0, 0, 1, 0, 0, 0, 0, 0, 0, 0, 0, 0, 0, 0, 0] 
dagE40.txt 3_2x2.txt 0.4 1 261.0 [0, 3, 3, 3, 3, 3, 3, 3, 0, 3, 0, 3, 0, 3, 0, 3, 3, 0, 0, 0, 0, 2, 2, 3, 3, 0, 3, 0, 0, 2, 0, 1, 3, 0, 2, 2, 2, 3, 2, 2, 0, 2, 1, 1, 2, 1, 1, 1, 1, 1, 0, 2, 2, 2, 2, 0, 1, 1, 2, 2, 2, 1, 1, 1, 2, 1, 2, 1, 1, 1] 
dagE40.txt 3_2x2.txt 0.14883720930232558 0.2 575.3333333333334 [0, 0, 0, 0, 0, 0, 0, 0, 0, 0, 0, 0, 0, 0, 0, 2, 0, 0, 1, 0, 0, 0, 0, 0, 0, 2, 0, 2, 0, 0, 0, 0, 0, 1, 0, 0, 0, 0, 0, 0, 0, 0, 0, 0, 0, 0, 0, 1, 0, 0, 2, 0, 1, 0, 0, 0, 0, 1, 0, 0, 0, 0, 1, 0, 0, 2, 0, 0, 0, 0] 
dagE40.txt 4_1x4.txt 0.4930232558139535 0.5 243.0 [4, 2, 1, 1, 2, 2, 1, 2, 2, 2, 1, 1, 4, 2, 2, 3, 2, 4, 7, 4, 4, 6, 0, 1, 1, 4, 0, 2, 4, 0, 4, 5, 1, 7, 3, 0, 0, 0, 0, 0, 4, 6, 5, 6, 0, 5, 3, 7, 6, 3, 0, 5, 0, 5, 0, 4, 3, 7, 5, 0, 0, 6, 7, 5, 0, 3, 6, 6, 3, 6] 
dagE40.txt 3_2x2.txt 0.22325581395348837 0.3 435.0 [1, 2, 2, 2, 2, 2, 2, 2, 2, 2, 2, 2, 0, 2, 2, 2, 2, 0, 1, 2, 0, 0, 0, 2, 2, 0, 0, 2, 0, 0, 0, 0, 2, 1, 0, 0, 0, 0, 0, 0, 0, 0, 0, 0, 0, 0, 0, 1, 0, 0, 0, 0, 0, 0, 0, 0, 0, 1, 0, 0, 0, 0, 0, 0, 0, 0, 0, 0, 0, 0] 
dagE40.txt 4_1x2.txt 0.14883720930232558 0.15 431.5 [0, 0, 0, 0, 0, 0, 0, 0, 0, 0, 0, 0, 0, 0, 0, 2, 0, 0, 1, 0, 0, 0, 0, 0, 0, 2, 0, 2, 0, 0, 0, 0, 0, 1, 0, 0, 0, 0, 0, 0, 0, 0, 0, 0, 0, 0, 0, 1, 0, 0, 2, 0, 1, 0, 0, 0, 0, 1, 0, 0, 0, 0, 1, 0, 0, 2, 0, 0, 0, 0] 
dagE40.txt 4_1x4.txt 0.5395348837209303 0.55 262.0 [1, 1, 0, 0, 7, 7, 0, 7, 1, 7, 0, 0, 1, 7, 7, 7, 1, 5, 4, 4, 1, 4, 4, 0, 0, 5, 5, 7, 4, 1, 1, 3, 0, 5, 1, 4, 5, 2, 2, 5, 4, 4, 6, 2, 2, 3, 2, 3, 3, 6, 5, 6, 2, 3, 2, 0, 6, 6, 6, 2, 2, 3, 6, 6, 2, 2, 4, 3, 6, 3] 
dagE40.txt 4_1x2.txt 0.22325581395348837 0.25 326.25 [1, 2, 2, 2, 2, 2, 2, 2, 2, 2, 2, 2, 0, 2, 2, 2, 2, 0, 1, 2, 0, 0, 0, 2, 2, 0, 0, 2, 0, 0, 0, 0, 2, 1, 0, 0, 0, 0, 0, 0, 0, 0, 0, 0, 0, 0, 0, 1, 0, 0, 0, 0, 0, 0, 0, 0, 0, 1, 0, 0, 0, 0, 0, 0, 0, 0, 0, 0, 0, 0] 
dagE40.txt 5_4_3_2x1.txt 0.4 0.4 258.0 [0, 3, 3, 3, 3, 3, 3, 3, 0, 3, 0, 3, 0, 3, 0, 3, 3, 0, 0, 0, 0, 1, 1, 3, 3, 0, 3, 0, 0, 1, 0, 2, 3, 0, 1, 1, 1, 3, 1, 1, 0, 1, 2, 2, 1, 2, 2, 2, 2, 2, 0, 1, 1, 1, 1, 0, 2, 2, 1, 1, 1, 2, 2, 2, 1, 2, 1, 2, 2, 2] 
dagE40.txt 5_4_3_2x1.txt 0.4 0.45 258.0 [0, 3, 3, 3, 3, 3, 3, 3, 0, 3, 0, 3, 0, 3, 0, 3, 3, 0, 0, 0, 0, 1, 1, 3, 3, 0, 3, 0, 0, 1, 0, 2, 3, 0, 1, 1, 1, 3, 1, 1, 0, 1, 2, 2, 1, 2, 2, 2, 2, 2, 0, 1, 1, 1, 1, 0, 2, 2, 1, 1, 1, 2, 2, 2, 1, 2, 1, 2, 2, 2] 
dagE40.txt 3_2x2.txt 0.14883720930232558 0.15 575.3333333333334 [0, 0, 0, 0, 0, 0, 0, 0, 0, 0, 0, 0, 0, 0, 0, 2, 0, 0, 1, 0, 0, 0, 0, 0, 0, 2, 0, 2, 0, 0, 0, 0, 0, 1, 0, 0, 0, 0, 0, 0, 0, 0, 0, 0, 0, 0, 0, 1, 0, 0, 2, 0, 1, 0, 0, 0, 0, 1, 0, 0, 0, 0, 1, 0, 0, 2, 0, 0, 0, 0] 
dagE40.txt 5_4_3_2x1.txt 0.4 0.5 258.0 [0, 3, 3, 3, 3, 3, 3, 3, 0, 3, 0, 3, 0, 3, 0, 3, 3, 0, 0, 0, 0, 1, 1, 3, 3, 0, 3, 0, 0, 1, 0, 2, 3, 0, 1, 1, 1, 3, 1, 1, 0, 1, 2, 2, 1, 2, 2, 2, 2, 2, 0, 1, 1, 1, 1, 0, 2, 2, 1, 1, 1, 2, 2, 2, 1, 2, 1, 2, 2, 2] 
dagE40.txt 5_4_3_2x1.txt 0.4 0.6 258.0 [0, 3, 3, 3, 3, 3, 3, 3, 0, 3, 0, 3, 0, 3, 0, 3, 3, 0, 0, 0, 0, 1, 1, 3, 3, 0, 3, 0, 0, 1, 0, 2, 3, 0, 1, 1, 1, 3, 1, 1, 0, 1, 2, 2, 1, 2, 2, 2, 2, 2, 0, 1, 1, 1, 1, 0, 2, 2, 1, 1, 1, 2, 2, 2, 1, 2, 1, 2, 2, 2] 
dagE40.txt 3_2x2.txt 0.22325581395348837 0.25 435.0 [1, 2, 2, 2, 2, 2, 2, 2, 2, 2, 2, 2, 0, 2, 2, 2, 2, 0, 1, 2, 0, 0, 0, 2, 2, 0, 0, 2, 0, 0, 0, 0, 2, 1, 0, 0, 0, 0, 0, 0, 0, 0, 0, 0, 0, 0, 0, 1, 0, 0, 0, 0, 0, 0, 0, 0, 0, 1, 0, 0, 0, 0, 0, 0, 0, 0, 0, 0, 0, 0] 
dagE40.txt 5_4_3_2x1.txt 0.4 0.55 258.0 [0, 3, 3, 3, 3, 3, 3, 3, 0, 3, 0, 3, 0, 3, 0, 3, 3, 0, 0, 0, 0, 1, 1, 3, 3, 0, 3, 0, 0, 1, 0, 2, 3, 0, 1, 1, 1, 3, 1, 1, 0, 1, 2, 2, 1, 2, 2, 2, 2, 2, 0, 1, 1, 1, 1, 0, 2, 2, 1, 1, 1, 2, 2, 2, 1, 2, 1, 2, 2, 2] 
dagE40.txt 5_4_3_2x1.txt 0.04186046511627907 0.1 392.8 [0, 0, 0, 0, 0, 0, 0, 0, 0, 0, 0, 0, 0, 0, 0, 2, 0, 0, 0, 0, 0, 0, 0, 0, 0, 0, 0, 2, 0, 0, 0, 0, 0, 0, 0, 0, 0, 0, 0, 0, 0, 0, 0, 0, 0, 0, 0, 1, 0, 0, 0, 0, 0, 0, 0, 0, 0, 1, 0, 0, 0, 0, 0, 0, 0, 0, 0, 0, 0, 0] 
dagE40.txt 4_1x2.txt 0.3302325581395349 0.35 362.0 [1, 2, 2, 2, 2, 2, 2, 2, 2, 2, 2, 2, 1, 2, 2, 2, 2, 1, 1, 1, 1, 1, 0, 2, 2, 1, 0, 2, 1, 0, 1, 3, 2, 1, 0, 0, 0, 0, 0, 0, 1, 3, 0, 0, 0, 3, 0, 3, 3, 0, 0, 0, 0, 3, 0, 2, 0, 3, 0, 0, 0, 3, 0, 0, 0, 0, 3, 0, 0, 3] 
dagE40.txt 5_4_3_2x1.txt 0.4 0.65 258.0 [0, 3, 3, 3, 3, 3, 3, 3, 0, 3, 0, 3, 0, 3, 0, 3, 3, 0, 0, 0, 0, 1, 1, 3, 3, 0, 3, 0, 0, 1, 0, 2, 3, 0, 1, 1, 1, 3, 1, 1, 0, 1, 2, 2, 1, 2, 2, 2, 2, 2, 0, 1, 1, 1, 1, 0, 2, 2, 1, 1, 1, 2, 2, 2, 1, 2, 1, 2, 2, 2] 
dagE40.txt 5_4_3_2x1.txt 0.4 0.7 258.0 [0, 3, 3, 3, 3, 3, 3, 3, 0, 3, 0, 3, 0, 3, 0, 3, 3, 0, 0, 0, 0, 1, 1, 3, 3, 0, 3, 0, 0, 1, 0, 2, 3, 0, 1, 1, 1, 3, 1, 1, 0, 1, 2, 2, 1, 2, 2, 2, 2, 2, 0, 1, 1, 1, 1, 0, 2, 2, 1, 1, 1, 2, 2, 2, 1, 2, 1, 2, 2, 2] 
dagE40.txt 5_4_3_2x1.txt 0.4 0.9 258.0 [0, 3, 3, 3, 3, 3, 3, 3, 0, 3, 0, 3, 0, 3, 0, 3, 3, 0, 0, 0, 0, 1, 1, 3, 3, 0, 3, 0, 0, 1, 0, 2, 3, 0, 1, 1, 1, 3, 1, 1, 0, 1, 2, 2, 1, 2, 2, 2, 2, 2, 0, 1, 1, 1, 1, 0, 2, 2, 1, 1, 1, 2, 2, 2, 1, 2, 1, 2, 2, 2] 
dagE40.txt 4_1x4.txt 0.24186046511627907 0.25 331.75 [0, 0, 0, 0, 0, 0, 0, 0, 0, 0, 0, 0, 0, 0, 0, 0, 0, 0, 2, 0, 0, 0, 0, 0, 0, 0, 0, 0, 0, 0, 6, 2, 0, 2, 0, 0, 0, 0, 0, 0, 6, 0, 2, 4, 2, 2, 4, 2, 4, 6, 0, 2, 0, 4, 0, 0, 6, 2, 2, 0, 4, 4, 2, 6, 6, 6, 0, 4, 6, 4] 
dagE40.txt 5_4_3_2x1.txt 0.4 0.8 258.0 [0, 3, 3, 3, 3, 3, 3, 3, 0, 3, 0, 3, 0, 3, 0, 3, 3, 0, 0, 0, 0, 1, 1, 3, 3, 0, 3, 0, 0, 1, 0, 2, 3, 0, 1, 1, 1, 3, 1, 1, 0, 1, 2, 2, 1, 2, 2, 2, 2, 2, 0, 1, 1, 1, 1, 0, 2, 2, 1, 1, 1, 2, 2, 2, 1, 2, 1, 2, 2, 2] 
dagE40.txt 5_4_3_2x1.txt 0.4 1 258.0 [0, 3, 3, 3, 3, 3, 3, 3, 0, 3, 0, 3, 0, 3, 0, 3, 3, 0, 0, 0, 0, 1, 1, 3, 3, 0, 3, 0, 0, 1, 0, 2, 3, 0, 1, 1, 1, 3, 1, 1, 0, 1, 2, 2, 1, 2, 2, 2, 2, 2, 0, 1, 1, 1, 1, 0, 2, 2, 1, 1, 1, 2, 2, 2, 1, 2, 1, 2, 2, 2] 
dagE40.txt 4_1x4.txt 0.06046511627906977 0.15 461.5 [0, 0, 0, 0, 0, 0, 0, 0, 0, 0, 0, 0, 0, 0, 0, 0, 0, 0, 0, 0, 0, 0, 0, 0, 0, 0, 0, 0, 0, 0, 0, 0, 0, 0, 0, 0, 0, 0, 0, 0, 0, 0, 0, 0, 0, 6, 0, 0, 0, 2, 0, 0, 0, 4, 0, 0, 0, 0, 0, 0, 0, 4, 0, 0, 0, 2, 0, 0, 2, 4] 
dagE40.txt 3_2x2.txt 0.3302325581395349 0.35 258.0 [1, 2, 2, 2, 2, 2, 2, 2, 2, 2, 2, 2, 1, 2, 2, 2, 2, 1, 1, 1, 1, 1, 0, 2, 2, 1, 0, 2, 1, 0, 1, 3, 2, 1, 0, 0, 0, 0, 0, 0, 1, 3, 0, 0, 0, 3, 0, 3, 3, 0, 0, 0, 0, 3, 0, 2, 0, 3, 0, 0, 0, 3, 0, 0, 0, 0, 3, 0, 0, 3] 
dagE40.txt 5_4_3_2x4.txt 0.6930232558139535 0.7 61.5 [12, 3, 0, 11, 6, 10, 0, 6, 10, 6, 11, 0, 1, 6, 10, 3, 11, 14, 12, 10, 14, 15, 7, 0, 11, 14, 12, 10, 1, 13, 1, 7, 0, 14, 5, 7, 4, 12, 5, 5, 1, 15, 4, 5, 13, 7, 5, 9, 8, 2, 3, 4, 5, 4, 13, 1, 2, 9, 4, 13, 4, 8, 9, 2, 13, 2, 15, 8, 9, 8] 
dagE40.txt 5_4_3_2x4.txt 0.6883720930232559 0.8 62.5 [4, 7, 12, 6, 4, 7, 12, 8, 7, 6, 0, 6, 4, 8, 0, 6, 7, 11, 4, 15, 4, 13, 1, 12, 6, 11, 8, 0, 15, 2, 4, 14, 12, 11, 2, 1, 5, 12, 13, 13, 15, 1, 14, 2, 14, 14, 2, 9, 5, 10, 0, 10, 13, 3, 1, 15, 14, 9, 3, 2, 5, 3, 9, 10, 1, 13, 9, 5, 10, 3] 
dagE40.txt 4_1x4.txt 0.33488372093023255 0.35 212.5 [2, 0, 0, 0, 0, 0, 0, 0, 0, 0, 0, 0, 2, 0, 0, 4, 0, 2, 2, 0, 2, 0, 4, 0, 2, 2, 0, 2, 2, 0, 2, 0, 0, 2, 4, 0, 2, 0, 2, 2, 2, 0, 2, 4, 0, 0, 4, 6, 2, 4, 2, 2, 2, 2, 0, 2, 2, 6, 2, 4, 2, 2, 6, 4, 4, 2, 0, 2, 4, 2] 
dagE40.txt 5_4_3_2x1.txt 0.14883720930232558 0.2 345.2 [0, 0, 0, 0, 0, 0, 0, 0, 0, 0, 0, 0, 0, 0, 0, 1, 0, 0, 2, 0, 0, 0, 0, 0, 0, 1, 0, 1, 0, 0, 0, 0, 0, 2, 0, 0, 0, 0, 0, 0, 0, 0, 0, 0, 0, 0, 0, 2, 0, 0, 1, 0, 2, 0, 0, 0, 0, 2, 0, 0, 0, 0, 2, 0, 0, 1, 0, 0, 0, 0] 
dagE40.txt 5_4_3_2x4.txt 0.6930232558139535 0.9 63.0 [8, 12, 5, 5, 2, 2, 5, 12, 8, 2, 5, 6, 9, 2, 8, 7, 2, 11, 7, 8, 11, 1, 1, 6, 5, 11, 12, 7, 9, 0, 9, 13, 6, 11, 10, 1, 0, 6, 0, 10, 9, 1, 13, 10, 0, 13, 10, 13, 14, 3, 7, 4, 0, 14, 4, 9, 3, 15, 13, 10, 0, 14, 15, 4, 4, 3, 4, 14, 3, 15] 
dagE40.txt 4_1x4.txt 0.42790697674418604 0.45 149.25 [2, 2, 4, 2, 2, 2, 4, 2, 2, 2, 4, 4, 2, 2, 2, 2, 2, 0, 2, 2, 2, 6, 0, 4, 0, 0, 0, 2, 0, 2, 2, 5, 4, 0, 2, 0, 0, 0, 0, 0, 0, 6, 0, 6, 5, 5, 6, 5, 6, 1, 0, 0, 0, 7, 3, 4, 1, 0, 0, 3, 0, 7, 0, 3, 3, 1, 6, 6, 1, 7] 
dagE40.txt 5_4_3_2x4.txt 0.6837209302325581 1 63.0 [8, 1, 8, 1, 11, 11, 1, 12, 11, 11, 8, 6, 9, 12, 11, 3, 1, 7, 3, 8, 7, 15, 5, 6, 1, 7, 12, 3, 9, 14, 9, 4, 6, 7, 2, 5, 5, 6, 2, 2, 9, 15, 4, 2, 14, 4, 2, 13, 0, 10, 3, 5, 2, 4, 14, 9, 10, 13, 4, 14, 5, 0, 13, 10, 14, 10, 15, 0, 13, 0] 
dagE40.txt 5_4_3_2x4.txt 0.13488372093023257 0.2 356.6 [0, 0, 0, 0, 0, 0, 0, 0, 0, 0, 0, 0, 0, 0, 0, 0, 0, 0, 0, 0, 0, 0, 0, 0, 0, 0, 0, 0, 0, 0, 0, 0, 0, 0, 0, 0, 0, 0, 0, 0, 0, 0, 0, 0, 0, 0, 0, 0, 0, 12, 0, 0, 0, 9, 0, 0, 4, 0, 0, 0, 2, 6, 0, 0, 13, 4, 0, 1, 5, 8] 
dagE40.txt 5_4_3_2x4.txt 0.12093023255813953 0.3 340.8 [0, 0, 0, 0, 0, 0, 0, 0, 0, 0, 0, 0, 0, 0, 0, 0, 0, 0, 0, 0, 0, 0, 0, 0, 0, 0, 0, 0, 0, 0, 0, 0, 0, 0, 0, 0, 0, 0, 0, 0, 0, 0, 0, 0, 0, 0, 0, 8, 1, 4, 0, 0, 0, 9, 0, 0, 0, 8, 0, 0, 0, 2, 13, 4, 0, 0, 0, 5, 4, 12] 
dagE40.txt 5_4_3_2x4.txt None 0.1 20000000000.0 None 
dagE40.txt 5_4_3_2x1.txt 0.22325581395348837 0.3 261.0 [2, 1, 1, 1, 1, 1, 1, 1, 1, 1, 1, 1, 0, 1, 1, 1, 1, 0, 2, 1, 0, 0, 0, 1, 1, 0, 0, 1, 0, 0, 0, 0, 1, 2, 0, 0, 0, 0, 0, 0, 0, 0, 0, 0, 0, 0, 0, 2, 0, 0, 0, 0, 0, 0, 0, 0, 0, 2, 0, 0, 0, 0, 0, 0, 0, 0, 0, 0, 0, 0] 
dagE40.txt 5_4_3_2x4.txt 0.3953488372093023 0.5 223.2 [8, 0, 0, 0, 0, 0, 0, 0, 0, 0, 8, 0, 0, 0, 0, 0, 0, 0, 8, 0, 0, 0, 0, 0, 0, 0, 12, 0, 0, 0, 0, 5, 0, 8, 0, 0, 0, 0, 1, 12, 0, 4, 0, 0, 5, 10, 0, 7, 4, 1, 2, 0, 0, 4, 12, 0, 1, 13, 0, 12, 4, 4, 3, 6, 12, 1, 4, 4, 14, 9] 
dagE40.txt 5_4_3_2x4.txt 0.12093023255813953 0.4 351.6 [0, 0, 0, 0, 0, 0, 0, 0, 0, 0, 0, 0, 0, 0, 0, 0, 0, 0, 0, 0, 0, 0, 0, 0, 0, 0, 0, 0, 0, 0, 0, 0, 0, 0, 0, 0, 0, 0, 0, 0, 0, 0, 0, 0, 0, 0, 0, 13, 0, 4, 0, 0, 0, 5, 0, 0, 0, 12, 0, 0, 2, 6, 9, 1, 0, 0, 0, 0, 4, 8] 
dagE40.txt 5_4_3_2x4.txt 0.3953488372093023 0.6 242.2 [1, 0, 0, 0, 0, 0, 4, 0, 0, 0, 1, 0, 0, 0, 6, 0, 0, 0, 0, 0, 0, 0, 0, 0, 0, 12, 0, 0, 0, 8, 0, 13, 4, 0, 8, 0, 0, 0, 0, 0, 0, 0, 0, 5, 0, 13, 5, 9, 0, 8, 12, 0, 0, 0, 4, 4, 8, 9, 0, 0, 0, 3, 14, 4, 4, 8, 0, 5, 10, 2] 
dagE40.txt 5_4_3_2x1.txt 0.14883720930232558 0.15 345.2 [0, 0, 0, 0, 0, 0, 0, 0, 0, 0, 0, 0, 0, 0, 0, 1, 0, 0, 2, 0, 0, 0, 0, 0, 0, 1, 0, 1, 0, 0, 0, 0, 0, 2, 0, 0, 0, 0, 0, 0, 0, 0, 0, 0, 0, 0, 0, 2, 0, 0, 1, 0, 2, 0, 0, 0, 0, 2, 0, 0, 0, 0, 2, 0, 0, 1, 0, 0, 0, 0] 
dagE40.txt 5_4_3_2x4.txt 0.09767441860465116 0.15 367.8 [0, 0, 0, 0, 0, 0, 0, 0, 0, 0, 0, 0, 0, 0, 0, 0, 0, 0, 0, 0, 0, 0, 0, 0, 0, 0, 0, 0, 0, 0, 0, 9, 0, 0, 0, 0, 0, 0, 0, 0, 0, 0, 0, 0, 0, 1, 0, 13, 12, 0, 8, 0, 0, 0, 0, 0, 0, 4, 0, 0, 0, 0, 0, 0, 0, 0, 0, 0, 5, 0] 
dagE40.txt 5_4_3_2x4.txt 0.12093023255813953 0.25 353.0 [0, 0, 0, 0, 0, 0, 0, 0, 0, 0, 0, 0, 0, 0, 0, 0, 0, 0, 0, 0, 0, 0, 0, 0, 0, 0, 0, 0, 0, 0, 0, 0, 0, 0, 0, 0, 0, 0, 0, 0, 0, 0, 0, 0, 0, 0, 0, 2, 0, 1, 0, 4, 0, 9, 0, 0, 0, 12, 0, 0, 0, 6, 13, 4, 0, 0, 0, 0, 5, 8] 
dagE40.txt 5_4_3_2x4.txt 0.12558139534883722 0.35 341.0 [0, 0, 0, 0, 0, 0, 0, 0, 0, 0, 0, 0, 0, 0, 0, 0, 0, 0, 0, 0, 0, 0, 0, 0, 0, 0, 0, 0, 0, 0, 0, 0, 0, 0, 0, 0, 0, 0, 0, 0, 0, 0, 0, 1, 0, 0, 1, 2, 0, 4, 0, 0, 0, 9, 0, 0, 0, 12, 0, 0, 0, 6, 13, 4, 0, 0, 0, 5, 4, 8] 
dagE40.txt 5_4_3_2x4.txt 0.386046511627907 0.55 244.0 [0, 1, 0, 0, 0, 0, 0, 1, 0, 0, 0, 0, 0, 0, 4, 0, 0, 0, 0, 4, 0, 0, 0, 0, 0, 0, 0, 0, 0, 12, 0, 9, 0, 0, 8, 0, 0, 0, 0, 0, 0, 4, 0, 6, 9, 10, 6, 7, 4, 8, 0, 8, 0, 0, 12, 0, 11, 13, 0, 12, 0, 5, 3, 8, 12, 0, 4, 2, 14, 5] 
dagE40.txt 4_1x3.txt 0.5162790697674419 0.7 348.0 [2, 2, 2, 2, 0, 0, 2, 0, 0, 0, 2, 2, 4, 0, 0, 4, 2, 4, 0, 2, 0, 5, 5, 2, 2, 4, 0, 4, 4, 0, 4, 3, 0, 4, 1, 5, 5, 0, 1, 1, 4, 5, 3, 1, 1, 3, 1, 3, 3, 1, 4, 5, 1, 3, 5, 4, 1, 3, 3, 1, 1, 3, 3, 5, 5, 1, 5, 1, 5, 3] 
dagE40.txt 4_1x3.txt 0.5162790697674419 0.6 348.0 [2, 2, 2, 2, 0, 0, 2, 0, 0, 0, 2, 2, 4, 0, 0, 4, 2, 4, 0, 2, 0, 5, 5, 2, 2, 4, 0, 4, 4, 0, 4, 3, 0, 4, 1, 5, 5, 0, 1, 1, 4, 5, 3, 1, 1, 3, 1, 3, 3, 1, 4, 5, 1, 3, 5, 4, 1, 3, 3, 1, 1, 3, 3, 5, 5, 1, 5, 1, 5, 3] 
dagE40.txt 5_4_3_2x4.txt 0.413953488372093 0.45 217.6 [8, 0, 0, 0, 0, 0, 0, 0, 0, 0, 0, 0, 0, 0, 0, 0, 0, 0, 8, 8, 0, 4, 0, 0, 0, 0, 0, 0, 4, 9, 0, 12, 0, 1, 5, 4, 0, 0, 0, 0, 0, 8, 0, 5, 9, 12, 5, 12, 12, 13, 0, 14, 1, 4, 0, 4, 0, 1, 0, 5, 9, 12, 1, 6, 13, 0, 8, 9, 10, 2] 
dagE40.txt 4_1x3.txt 0.5162790697674419 0.9 348.0 [2, 2, 2, 2, 0, 0, 2, 0, 0, 0, 2, 2, 4, 0, 0, 4, 2, 4, 0, 2, 0, 5, 5, 2, 2, 4, 0, 4, 4, 0, 4, 3, 0, 4, 1, 5, 5, 0, 1, 1, 4, 5, 3, 1, 1, 3, 1, 3, 3, 1, 4, 5, 1, 3, 5, 4, 1, 3, 3, 1, 1, 3, 3, 5, 5, 1, 5, 1, 5, 3] 
dagE40.txt 5_4_3_2x4.txt 0.6232558139534884 0.65 75.2 [5, 13, 15, 4, 5, 4, 2, 13, 4, 4, 7, 11, 5, 4, 4, 4, 14, 1, 5, 13, 5, 8, 8, 2, 14, 0, 12, 4, 8, 12, 5, 10, 2, 1, 0, 8, 0, 12, 8, 0, 0, 9, 0, 9, 12, 10, 9, 10, 6, 0, 4, 0, 1, 6, 12, 8, 0, 1, 0, 12, 8, 6, 1, 0, 12, 0, 9, 9, 0, 3] 
dagE40.txt 5_4_3_2x1.txt 0.22325581395348837 0.25 261.0 [2, 1, 1, 1, 1, 1, 1, 1, 1, 1, 1, 1, 0, 1, 1, 1, 1, 0, 2, 1, 0, 0, 0, 1, 1, 0, 0, 1, 0, 0, 0, 0, 1, 2, 0, 0, 0, 0, 0, 0, 0, 0, 0, 0, 0, 0, 0, 2, 0, 0, 0, 0, 0, 0, 0, 0, 0, 2, 0, 0, 0, 0, 0, 0, 0, 0, 0, 0, 0, 0] 
dagE40.txt 4_1x3.txt 0.5162790697674419 0.8 348.0 [2, 2, 2, 2, 0, 0, 2, 0, 0, 0, 2, 2, 4, 0, 0, 4, 2, 4, 0, 2, 0, 5, 5, 2, 2, 4, 0, 4, 4, 0, 4, 3, 0, 4, 1, 5, 5, 0, 1, 1, 4, 5, 3, 1, 1, 3, 1, 3, 3, 1, 4, 5, 1, 3, 5, 4, 1, 3, 3, 1, 1, 3, 3, 5, 5, 1, 5, 1, 5, 3] 
dagE40.txt 4_1x3.txt 0.5162790697674419 0.65 348.0 [2, 2, 2, 2, 0, 0, 2, 0, 0, 0, 2, 2, 4, 0, 0, 4, 2, 4, 0, 2, 0, 5, 5, 2, 2, 4, 0, 4, 4, 0, 4, 3, 0, 4, 1, 5, 5, 0, 1, 1, 4, 5, 3, 1, 1, 3, 1, 3, 3, 1, 4, 5, 1, 3, 5, 4, 1, 3, 3, 1, 1, 3, 3, 5, 5, 1, 5, 1, 5, 3] 
dagE40.txt 3_2x1.txt 0.21395348837209302 0.3 522.0 [1, 1, 1, 1, 1, 1, 1, 1, 1, 1, 1, 1, 1, 1, 1, 1, 1, 1, 1, 1, 1, 0, 0, 1, 1, 1, 0, 1, 0, 0, 1, 1, 1, 1, 0, 1, 0, 0, 0, 0, 0, 0, 1, 0, 0, 1, 0, 1, 0, 0, 0, 0, 0, 0, 0, 1, 0, 1, 0, 0, 0, 0, 0, 0, 0, 0, 0, 0, 0, 0] 
dagE40.txt 4_1x3.txt 0.5162790697674419 1 348.0 [2, 2, 2, 2, 0, 0, 2, 0, 0, 0, 2, 2, 4, 0, 0, 4, 2, 4, 0, 2, 0, 5, 5, 2, 2, 4, 0, 4, 4, 0, 4, 3, 0, 4, 1, 5, 5, 0, 1, 1, 4, 5, 3, 1, 1, 3, 1, 3, 3, 1, 4, 5, 1, 3, 5, 4, 1, 3, 3, 1, 1, 3, 3, 5, 5, 1, 5, 1, 5, 3] 
dagE40.txt 3_2x1.txt 0.20465116279069767 0.4 522.0 [1, 1, 1, 1, 1, 1, 1, 1, 1, 1, 1, 1, 1, 1, 1, 1, 1, 1, 1, 1, 1, 0, 0, 1, 1, 1, 1, 1, 1, 0, 1, 0, 1, 1, 0, 0, 0, 1, 0, 0, 1, 0, 0, 0, 0, 0, 0, 0, 0, 0, 1, 0, 0, 0, 0, 1, 0, 0, 0, 0, 0, 0, 0, 0, 0, 0, 0, 0, 0, 0] 
dagE40.txt 3_2x1.txt 0.22790697674418606 0.35 522.0 [0, 0, 0, 0, 0, 0, 0, 0, 0, 0, 0, 0, 0, 0, 0, 0, 0, 0, 0, 0, 0, 1, 1, 0, 0, 0, 0, 0, 0, 1, 0, 1, 0, 0, 1, 0, 1, 1, 1, 1, 1, 1, 1, 1, 1, 1, 1, 0, 1, 1, 1, 1, 1, 1, 1, 0, 1, 0, 1, 1, 1, 1, 1, 1, 1, 1, 1, 1, 1, 1] 
dagE40.txt 3_2x1.txt 0.20465116279069767 0.5 522.5 [0, 0, 0, 0, 0, 0, 0, 0, 0, 0, 0, 0, 0, 0, 0, 0, 0, 0, 0, 0, 0, 1, 1, 0, 0, 0, 1, 0, 1, 1, 0, 0, 0, 0, 1, 1, 1, 1, 1, 1, 0, 1, 1, 1, 1, 0, 1, 0, 1, 1, 0, 1, 1, 1, 1, 1, 1, 0, 1, 1, 1, 1, 1, 1, 1, 1, 1, 1, 1, 1] 
dagE40.txt 3_2x1.txt 0.20930232558139536 0.6 522.5 [1, 1, 1, 1, 1, 1, 1, 1, 1, 1, 1, 1, 1, 1, 1, 1, 1, 1, 1, 1, 1, 0, 0, 1, 1, 1, 1, 1, 0, 0, 1, 0, 1, 1, 0, 0, 0, 1, 0, 0, 1, 0, 0, 0, 0, 0, 0, 1, 0, 0, 1, 0, 0, 0, 0, 0, 0, 1, 0, 0, 0, 0, 0, 0, 0, 0, 0, 0, 0, 0] 
dagE40.txt 3_2x1.txt 0.2186046511627907 0.45 522.0 [0, 0, 0, 0, 0, 0, 0, 0, 0, 0, 0, 0, 0, 0, 0, 0, 0, 0, 0, 0, 0, 0, 0, 0, 0, 1, 0, 0, 0, 1, 1, 1, 0, 1, 1, 0, 1, 0, 1, 1, 1, 0, 1, 1, 1, 1, 1, 1, 1, 1, 1, 1, 1, 1, 1, 0, 1, 1, 1, 1, 1, 1, 1, 1, 1, 1, 0, 1, 1, 1] 
dagE40.txt 3_2x1.txt 0.21395348837209302 0.7 522.0 [1, 1, 1, 1, 1, 1, 1, 1, 1, 1, 1, 1, 1, 1, 1, 1, 1, 1, 1, 1, 1, 0, 0, 1, 0, 1, 1, 1, 0, 0, 1, 1, 1, 1, 0, 0, 0, 0, 0, 0, 0, 0, 0, 0, 0, 1, 0, 1, 0, 0, 0, 0, 0, 0, 0, 1, 0, 1, 0, 0, 0, 0, 0, 0, 0, 0, 0, 0, 0, 0] 
dagE40.txt 3_2x1.txt 0.20465116279069767 0.55 522.0 [1, 1, 1, 1, 1, 1, 1, 1, 1, 1, 1, 1, 1, 1, 1, 1, 1, 1, 1, 1, 1, 0, 0, 1, 1, 1, 1, 1, 0, 0, 1, 1, 1, 1, 0, 0, 0, 0, 0, 0, 1, 0, 0, 0, 0, 1, 0, 1, 0, 0, 0, 0, 0, 0, 0, 0, 0, 1, 0, 0, 0, 0, 0, 0, 0, 0, 0, 0, 0, 0] 
dagE40.txt 3_2x1.txt 0.21395348837209302 0.9 522.0 [1, 1, 1, 1, 1, 1, 1, 1, 1, 1, 1, 1, 1, 1, 1, 1, 1, 1, 1, 1, 1, 0, 0, 1, 1, 1, 0, 1, 0, 0, 1, 1, 1, 1, 0, 1, 0, 0, 0, 0, 0, 0, 1, 0, 0, 1, 0, 1, 0, 0, 0, 0, 0, 0, 0, 1, 0, 1, 0, 0, 0, 0, 0, 0, 0, 0, 0, 0, 0, 0] 
dagE40.txt 3_2x1.txt 0.20465116279069767 0.65 522.5 [0, 0, 0, 0, 0, 0, 0, 0, 0, 0, 0, 0, 0, 0, 0, 0, 0, 0, 0, 0, 0, 0, 1, 0, 0, 0, 1, 0, 0, 1, 0, 1, 0, 0, 1, 1, 1, 1, 1, 1, 0, 0, 1, 1, 1, 1, 1, 1, 1, 1, 1, 1, 1, 1, 1, 0, 1, 1, 1, 1, 1, 1, 1, 1, 1, 1, 0, 1, 1, 1] 
dagE40.txt 3_2x1.txt 0.20930232558139536 0.8 522.0 [0, 0, 0, 0, 0, 0, 0, 0, 0, 0, 0, 0, 0, 0, 0, 0, 0, 0, 0, 0, 0, 1, 1, 1, 0, 0, 1, 0, 0, 1, 0, 0, 0, 0, 1, 1, 1, 1, 1, 1, 0, 1, 0, 1, 1, 0, 1, 0, 1, 1, 1, 1, 1, 1, 1, 0, 1, 0, 1, 1, 1, 1, 1, 1, 1, 1, 1, 1, 1, 1] 
dagE40.txt 3_2x1.txt 0.20465116279069767 1 522.5 [0, 0, 0, 0, 0, 0, 0, 0, 0, 0, 0, 0, 0, 0, 0, 0, 0, 0, 0, 0, 0, 1, 1, 0, 0, 0, 1, 0, 1, 1, 0, 0, 0, 0, 1, 1, 1, 1, 1, 1, 0, 1, 1, 1, 1, 0, 1, 0, 1, 1, 0, 1, 1, 1, 1, 1, 1, 0, 1, 1, 1, 1, 1, 1, 1, 1, 1, 1, 1, 1] 
dagE40.txt 4_1x3.txt 0.07906976744186046 0.1 443.5 [0, 0, 0, 0, 0, 0, 0, 0, 0, 0, 0, 0, 0, 0, 0, 0, 0, 0, 0, 0, 0, 0, 0, 0, 0, 0, 0, 0, 0, 0, 0, 0, 0, 0, 0, 0, 0, 0, 0, 0, 0, 0, 0, 2, 0, 4, 2, 4, 2, 0, 0, 0, 0, 1, 0, 0, 0, 4, 0, 0, 0, 1, 0, 0, 0, 0, 0, 2, 0, 1] 
dagE40.txt 4_1x3.txt 0.48372093023255813 0.5 348.0 [4, 2, 3, 3, 4, 4, 3, 4, 4, 3, 3, 3, 4, 4, 3, 3, 4, 5, 2, 2, 4, 2, 2, 3, 5, 5, 5, 3, 2, 4, 4, 1, 3, 0, 4, 2, 5, 5, 2, 5, 2, 2, 0, 1, 1, 1, 1, 1, 1, 0, 5, 0, 0, 1, 5, 2, 0, 0, 0, 5, 1, 1, 0, 0, 5, 0, 2, 1, 0, 1] 
dagE40.txt 5_4_3_2x1.txt 0.3302325581395349 0.35 167.5 [2, 1, 1, 1, 1, 1, 1, 1, 1, 1, 1, 1, 2, 1, 1, 1, 1, 2, 2, 2, 2, 2, 0, 1, 1, 2, 0, 1, 2, 0, 2, 3, 1, 2, 0, 0, 0, 0, 0, 0, 2, 3, 0, 0, 0, 3, 0, 3, 3, 0, 0, 0, 0, 3, 0, 1, 0, 3, 0, 0, 0, 3, 0, 0, 0, 0, 3, 0, 0, 3] 
dagE40.txt 4_1x3.txt 0.07906976744186046 0.2 443.5 [0, 0, 0, 0, 0, 0, 0, 0, 0, 0, 0, 0, 0, 0, 0, 0, 0, 0, 0, 0, 0, 0, 0, 0, 0, 0, 0, 0, 0, 0, 0, 0, 0, 0, 0, 0, 0, 0, 0, 0, 0, 0, 0, 2, 0, 4, 2, 4, 2, 0, 0, 0, 0, 1, 0, 0, 0, 4, 0, 0, 0, 1, 0, 0, 0, 0, 0, 2, 0, 1] 
dagE40.txt 3_2x1.txt 0.2 0.2 519.5 [0, 0, 0, 0, 0, 0, 0, 0, 0, 0, 0, 0, 0, 0, 0, 0, 0, 0, 0, 0, 0, 1, 1, 0, 0, 0, 1, 0, 0, 1, 0, 1, 0, 0, 1, 1, 1, 1, 1, 1, 0, 1, 1, 1, 1, 1, 1, 0, 1, 1, 0, 1, 1, 1, 1, 0, 1, 0, 1, 1, 1, 1, 1, 1, 1, 1, 1, 1, 1, 1] 
dagE40.txt 4_1x3.txt 0.5162790697674419 0.55 348.0 [2, 2, 2, 2, 0, 0, 2, 0, 0, 0, 2, 2, 4, 0, 0, 4, 2, 4, 0, 2, 0, 5, 5, 2, 2, 4, 0, 4, 4, 0, 4, 3, 0, 4, 1, 5, 5, 0, 1, 1, 4, 5, 3, 1, 1, 3, 1, 3, 3, 1, 4, 5, 1, 3, 5, 4, 1, 3, 3, 1, 1, 3, 3, 5, 5, 1, 5, 1, 5, 3] 
dagE40.txt 3_2x1.txt 0.21395348837209302 0.25 522.0 [1, 1, 1, 1, 1, 1, 1, 1, 1, 1, 1, 1, 1, 1, 1, 1, 1, 1, 1, 1, 1, 0, 0, 1, 1, 1, 0, 1, 0, 0, 1, 1, 1, 1, 0, 1, 0, 0, 0, 0, 0, 0, 1, 0, 0, 1, 0, 1, 0, 0, 0, 0, 0, 0, 0, 1, 0, 1, 0, 0, 0, 0, 0, 0, 0, 0, 0, 0, 0, 0] 
dagE40.txt 3_2x5.txt 0.586046511627907 0.6 104.5 [5, 3, 3, 3, 6, 6, 3, 6, 6, 6, 1, 3, 5, 6, 6, 4, 3, 4, 5, 5, 5, 9, 0, 1, 3, 4, 1, 4, 5, 2, 5, 0, 1, 4, 2, 0, 0, 1, 7, 2, 5, 9, 0, 2, 2, 0, 2, 7, 9, 8, 4, 0, 7, 8, 2, 1, 7, 7, 0, 2, 0, 8, 7, 8, 2, 7, 9, 9, 8, 8] 
dagE40.txt 3_2x1.txt 0.023255813953488372 0.1 663.3333333333334 [0, 0, 0, 0, 0, 0, 0, 0, 0, 0, 0, 0, 0, 0, 0, 0, 0, 0, 0, 0, 0, 0, 0, 0, 0, 0, 0, 0, 0, 0, 0, 0, 0, 0, 0, 0, 0, 0, 0, 0, 0, 0, 0, 0, 0, 0, 0, 0, 0, 0, 0, 0, 0, 1, 0, 0, 0, 0, 0, 0, 0, 1, 0, 0, 0, 0, 0, 0, 0, 1] 
dagE40.txt 3_2x5.txt 0.5813953488372093 0.7 102.5 [3, 9, 1, 4, 3, 4, 1, 9, 9, 4, 1, 1, 3, 4, 4, 4, 3, 0, 3, 2, 3, 2, 2, 1, 4, 0, 0, 4, 2, 9, 9, 5, 1, 0, 3, 2, 0, 8, 7, 7, 2, 2, 5, 8, 8, 5, 8, 5, 6, 6, 7, 0, 7, 7, 8, 2, 5, 5, 0, 8, 7, 6, 5, 8, 8, 7, 9, 6, 6, 6] 
dagE40.txt 3_2x5.txt 0.586046511627907 0.65 104.0 [8, 6, 6, 5, 8, 5, 6, 8, 9, 5, 5, 6, 8, 8, 5, 9, 5, 4, 8, 6, 9, 3, 9, 6, 5, 4, 4, 9, 3, 1, 9, 0, 6, 2, 1, 3, 4, 9, 3, 4, 9, 2, 7, 1, 1, 0, 1, 0, 0, 7, 4, 7, 2, 3, 1, 3, 7, 2, 2, 1, 3, 0, 2, 7, 1, 7, 2, 0, 7, 0] 
dagE40.txt 3_2x5.txt 0.6 0.8 105.0 [6, 6, 6, 5, 8, 8, 5, 8, 3, 8, 6, 5, 3, 8, 3, 1, 6, 3, 8, 6, 3, 7, 4, 5, 5, 1, 8, 3, 9, 3, 3, 2, 5, 9, 1, 2, 4, 4, 9, 1, 3, 7, 2, 7, 4, 2, 1, 2, 7, 0, 1, 2, 9, 0, 2, 5, 0, 9, 2, 4, 4, 0, 9, 2, 4, 0, 7, 7, 0, 0] 
dagE40.txt 3_2x5.txt 0.6 0.9 105.0 [3, 6, 5, 2, 6, 2, 2, 6, 6, 2, 5, 5, 7, 2, 2, 2, 6, 7, 3, 3, 7, 4, 8, 5, 2, 7, 6, 7, 3, 1, 7, 9, 5, 3, 1, 4, 8, 5, 1, 1, 3, 8, 8, 4, 4, 9, 1, 9, 9, 0, 7, 8, 1, 0, 4, 3, 1, 9, 8, 4, 4, 0, 1, 0, 0, 1, 8, 4, 0, 0] 
dagE40.txt 4_1x3.txt 0.2837209302325581 0.3 286.5 [0, 0, 0, 0, 0, 0, 0, 0, 0, 0, 0, 0, 0, 0, 0, 2, 0, 0, 4, 0, 0, 0, 0, 0, 0, 0, 0, 0, 0, 2, 0, 4, 0, 4, 2, 0, 0, 0, 0, 2, 0, 0, 4, 2, 2, 4, 2, 4, 1, 2, 0, 2, 4, 1, 2, 1, 2, 4, 4, 2, 2, 1, 4, 2, 2, 2, 0, 2, 2, 1] 
dagE40.txt 3_2x5.txt 0.6 1 104.5 [7, 5, 5, 5, 6, 6, 5, 6, 6, 6, 1, 5, 7, 6, 6, 2, 5, 2, 7, 7, 7, 3, 4, 1, 5, 2, 1, 2, 7, 0, 7, 4, 1, 2, 0, 4, 4, 1, 9, 0, 7, 3, 4, 3, 0, 4, 3, 8, 8, 9, 2, 4, 9, 3, 0, 1, 9, 8, 3, 0, 4, 8, 9, 0, 0, 9, 3, 8, 9, 8] 
dagE40.txt 3_2x5.txt 0.10697674418604651 0.2 599.3333333333334 [0, 0, 0, 0, 0, 0, 0, 0, 0, 0, 0, 0, 0, 0, 0, 0, 0, 0, 0, 0, 0, 0, 0, 0, 0, 0, 0, 0, 0, 0, 0, 0, 0, 0, 0, 0, 0, 0, 0, 0, 0, 0, 0, 2, 0, 0, 2, 4, 0, 0, 0, 0, 0, 8, 0, 0, 0, 4, 0, 0, 3, 5, 1, 0, 0, 0, 0, 2, 0, 6] 
dagE40.txt 3_2x5.txt 0.3627906976744186 0.4 296.6666666666667 [0, 0, 0, 0, 0, 0, 0, 0, 0, 0, 0, 0, 0, 0, 0, 0, 0, 2, 2, 0, 0, 0, 2, 0, 0, 2, 2, 0, 0, 4, 0, 4, 0, 2, 4, 0, 2, 0, 0, 2, 0, 2, 4, 4, 4, 7, 4, 4, 6, 4, 2, 4, 8, 6, 2, 0, 4, 1, 2, 2, 4, 6, 8, 4, 2, 4, 3, 4, 5, 6] 
dagE40.txt 3_2x5.txt None 0.1 20000000000.0 None 
dagE40.txt 3_2x5.txt 0.27906976744186046 0.3 487.6666666666667 [2, 0, 0, 7, 0, 0, 0, 0, 0, 0, 2, 0, 0, 0, 0, 1, 0, 0, 0, 0, 0, 0, 0, 0, 0, 2, 0, 2, 0, 0, 0, 0, 0, 0, 4, 0, 0, 0, 0, 0, 0, 0, 0, 8, 0, 0, 5, 0, 0, 4, 2, 4, 0, 0, 0, 0, 4, 0, 0, 0, 0, 9, 0, 4, 0, 4, 0, 8, 3, 6] 
dagE40.txt 3_2x5.txt 0.4232558139534884 0.5 210.33333333333334 [6, 2, 2, 2, 2, 2, 2, 2, 2, 2, 6, 2, 6, 2, 2, 2, 2, 6, 1, 6, 6, 0, 0, 2, 2, 6, 0, 2, 6, 4, 6, 0, 2, 1, 4, 0, 0, 0, 0, 0, 6, 0, 0, 4, 0, 7, 4, 8, 3, 4, 0, 0, 0, 0, 0, 9, 4, 8, 0, 0, 0, 3, 0, 4, 4, 4, 0, 4, 4, 5] 
dagE40.txt 3_2x1.txt 0.14418604651162792 0.15 494.3333333333333 [0, 0, 0, 0, 0, 0, 0, 0, 0, 0, 0, 0, 0, 0, 0, 0, 0, 0, 0, 0, 0, 0, 0, 0, 0, 0, 0, 0, 0, 0, 0, 1, 0, 0, 0, 0, 0, 0, 0, 0, 0, 0, 1, 0, 1, 1, 0, 1, 1, 1, 0, 1, 0, 1, 0, 0, 1, 1, 1, 0, 1, 1, 1, 1, 0, 1, 0, 1, 1, 1] 
dagE40.txt 3_2x5.txt 0.40930232558139534 0.45 220.0 [0, 0, 0, 0, 0, 0, 0, 0, 0, 0, 0, 0, 0, 0, 0, 7, 0, 2, 2, 2, 0, 4, 2, 0, 0, 2, 2, 0, 2, 2, 0, 8, 0, 2, 6, 4, 2, 2, 2, 2, 2, 2, 8, 4, 2, 8, 4, 1, 2, 6, 2, 6, 2, 3, 4, 2, 6, 1, 2, 4, 4, 3, 2, 6, 4, 6, 9, 4, 6, 5] 
dagE40.txt 3_2x5.txt 0.09767441860465116 0.15 585.3333333333334 [0, 0, 0, 0, 0, 0, 0, 0, 0, 0, 0, 0, 0, 0, 0, 0, 0, 0, 0, 0, 0, 0, 0, 0, 0, 0, 0, 0, 0, 0, 0, 0, 0, 0, 0, 0, 0, 0, 0, 0, 0, 0, 0, 0, 0, 0, 0, 3, 0, 2, 0, 0, 0, 4, 0, 0, 0, 8, 0, 0, 0, 4, 1, 2, 5, 0, 0, 0, 2, 6] 
dagE40.txt 3_2x5.txt 0.11627906976744186 0.25 586.3333333333334 [0, 0, 0, 0, 0, 0, 0, 0, 0, 0, 0, 0, 0, 0, 0, 0, 0, 0, 0, 0, 0, 0, 0, 0, 0, 0, 0, 0, 0, 0, 0, 0, 0, 0, 0, 0, 0, 0, 0, 0, 0, 0, 3, 0, 0, 0, 0, 2, 0, 4, 0, 0, 0, 1, 0, 0, 0, 2, 0, 0, 0, 5, 2, 8, 0, 0, 0, 0, 4, 6] 
dagE40.txt 4_1x3.txt 0.4 0.4 198.0 [1, 0, 0, 0, 0, 0, 0, 0, 0, 0, 0, 0, 1, 0, 0, 0, 0, 1, 3, 0, 1, 4, 5, 0, 0, 1, 2, 0, 4, 2, 1, 4, 0, 3, 2, 4, 4, 2, 2, 2, 1, 5, 4, 4, 2, 4, 2, 3, 4, 2, 2, 4, 2, 4, 2, 4, 2, 3, 4, 2, 4, 4, 2, 2, 2, 2, 5, 4, 2, 4] 
dagE40.txt 3_2x5.txt 0.5209302325581395 0.55 134.0 [9, 4, 4, 2, 2, 2, 4, 2, 2, 2, 5, 4, 2, 2, 2, 2, 4, 2, 9, 4, 2, 6, 0, 4, 4, 5, 0, 2, 4, 0, 2, 8, 4, 1, 0, 6, 8, 0, 0, 0, 4, 6, 6, 0, 0, 8, 0, 1, 8, 7, 0, 6, 0, 3, 6, 4, 6, 1, 6, 0, 8, 3, 6, 6, 6, 0, 6, 8, 7, 3] 
dagE40.txt 3_2x5.txt 0.24651162790697675 0.35 496.6666666666667 [2, 0, 0, 0, 0, 0, 0, 0, 0, 0, 2, 0, 0, 0, 0, 5, 0, 0, 2, 0, 0, 0, 0, 0, 0, 2, 0, 0, 0, 0, 0, 0, 0, 2, 6, 0, 0, 0, 0, 0, 0, 0, 0, 0, 0, 0, 6, 4, 0, 8, 0, 1, 0, 0, 0, 0, 0, 4, 0, 0, 0, 8, 9, 1, 0, 0, 0, 0, 7, 3] 
dagE40.txt 4_1x3.txt 0.07906976744186046 0.15 443.5 [0, 0, 0, 0, 0, 0, 0, 0, 0, 0, 0, 0, 0, 0, 0, 0, 0, 0, 0, 0, 0, 0, 0, 0, 0, 0, 0, 0, 0, 0, 0, 0, 0, 0, 0, 0, 0, 0, 0, 0, 0, 0, 0, 2, 0, 4, 2, 4, 2, 0, 0, 0, 0, 1, 0, 0, 0, 4, 0, 0, 0, 1, 0, 0, 0, 0, 0, 2, 0, 1] 
dagE40.txt 4_1x3.txt 0.20465116279069767 0.25 354.0 [0, 0, 0, 0, 0, 0, 0, 0, 0, 0, 0, 0, 0, 0, 0, 0, 0, 0, 0, 0, 0, 0, 0, 0, 0, 0, 0, 0, 0, 0, 2, 2, 0, 0, 0, 0, 0, 0, 0, 0, 0, 0, 2, 4, 2, 2, 4, 2, 4, 1, 0, 0, 0, 4, 0, 0, 1, 2, 2, 0, 4, 4, 2, 1, 1, 1, 0, 4, 1, 4] 
dagE40.txt 4_1x3.txt 0.3302325581395349 0.35 187.25 [2, 2, 2, 2, 2, 2, 2, 2, 2, 2, 2, 2, 2, 2, 2, 2, 2, 0, 1, 2, 2, 4, 0, 2, 2, 0, 0, 2, 1, 0, 2, 3, 2, 1, 0, 0, 0, 0, 0, 0, 2, 4, 0, 4, 3, 3, 4, 3, 4, 0, 0, 0, 0, 1, 0, 1, 0, 3, 0, 0, 0, 4, 0, 0, 0, 0, 4, 4, 0, 4] 
dagE40.txt 4_1x3.txt 0.4418604651162791 0.45 328.0 [1, 2, 2, 5, 2, 2, 5, 2, 2, 2, 2, 2, 1, 2, 2, 5, 2, 1, 1, 2, 1, 0, 0, 2, 5, 1, 0, 5, 1, 0, 1, 4, 2, 1, 0, 0, 4, 0, 0, 0, 1, 4, 4, 0, 0, 4, 0, 4, 4, 3, 5, 4, 0, 3, 0, 1, 0, 4, 4, 0, 0, 3, 4, 3, 0, 0, 4, 0, 3, 3] 
