dagF5.txt 3_2x4.txt 0.5278969957081545 0.6 150.0 [4, 3, 1, 1, 6, 4, 6, 3, 4, 6, 6, 1, 6, 6, 3, 1, 4, 1, 6, 3, 3, 1, 6, 6, 4, 1, 3, 3, 4, 3, 3, 4, 2, 4, 5, 0, 1, 4, 5, 5, 1, 4, 0, 0, 4, 2, 0, 0, 0, 5, 2, 2, 5, 5, 2, 0, 7, 7, 0, 7, 2, 2, 7, 5, 0, 0, 2, 7, 7, 5, 7, 2, 5, 0, 5] 
dagF5.txt 3_2x4.txt 0.5278969957081545 0.7 150.0 [4, 3, 1, 1, 6, 4, 6, 3, 4, 6, 6, 1, 6, 6, 3, 1, 4, 1, 6, 3, 3, 1, 6, 6, 4, 1, 3, 3, 4, 3, 3, 4, 2, 4, 5, 0, 1, 4, 5, 5, 1, 4, 0, 0, 4, 2, 0, 0, 0, 5, 2, 2, 5, 5, 2, 0, 7, 7, 0, 7, 2, 2, 7, 5, 0, 0, 2, 7, 7, 5, 7, 2, 5, 0, 5] 
dagF5.txt 3_2x4.txt 0.5278969957081545 0.9 150.0 [4, 3, 1, 1, 6, 4, 6, 3, 4, 6, 6, 1, 6, 6, 3, 1, 4, 1, 6, 3, 3, 1, 6, 6, 4, 1, 3, 3, 4, 3, 3, 4, 2, 4, 5, 0, 1, 4, 5, 5, 1, 4, 0, 0, 4, 2, 0, 0, 0, 5, 2, 2, 5, 5, 2, 0, 7, 7, 0, 7, 2, 2, 7, 5, 0, 0, 2, 7, 7, 5, 7, 2, 5, 0, 5] 
dagF5.txt 3_2x4.txt 0.5278969957081545 0.65 150.0 [4, 3, 1, 1, 6, 4, 6, 3, 4, 6, 6, 1, 6, 6, 3, 1, 4, 1, 6, 3, 3, 1, 6, 6, 4, 1, 3, 3, 4, 3, 3, 4, 2, 4, 5, 0, 1, 4, 5, 5, 1, 4, 0, 0, 4, 2, 0, 0, 0, 5, 2, 2, 5, 5, 2, 0, 7, 7, 0, 7, 2, 2, 7, 5, 0, 0, 2, 7, 7, 5, 7, 2, 5, 0, 5] 
dagF5.txt 3_2x4.txt 0.5278969957081545 0.8 150.0 [4, 3, 1, 1, 6, 4, 6, 3, 4, 6, 6, 1, 6, 6, 3, 1, 4, 1, 6, 3, 3, 1, 6, 6, 4, 1, 3, 3, 4, 3, 3, 4, 2, 4, 5, 0, 1, 4, 5, 5, 1, 4, 0, 0, 4, 2, 0, 0, 0, 5, 2, 2, 5, 5, 2, 0, 7, 7, 0, 7, 2, 2, 7, 5, 0, 0, 2, 7, 7, 5, 7, 2, 5, 0, 5] 
dagF5.txt 3_2x4.txt 0.5278969957081545 1 150.0 [4, 3, 1, 1, 6, 4, 6, 3, 4, 6, 6, 1, 6, 6, 3, 1, 4, 1, 6, 3, 3, 1, 6, 6, 4, 1, 3, 3, 4, 3, 3, 4, 2, 4, 5, 0, 1, 4, 5, 5, 1, 4, 0, 0, 4, 2, 0, 0, 0, 5, 2, 2, 5, 5, 2, 0, 7, 7, 0, 7, 2, 2, 7, 5, 0, 0, 2, 7, 7, 5, 7, 2, 5, 0, 5] 
dagF5.txt 3_2x4.txt 0.15450643776824036 0.2 432.3333333333333 [0, 0, 0, 0, 0, 0, 0, 0, 0, 0, 0, 0, 0, 0, 0, 0, 0, 0, 0, 0, 0, 0, 0, 0, 0, 0, 0, 0, 0, 0, 0, 0, 2, 4, 0, 0, 2, 0, 2, 2, 0, 4, 2, 0, 0, 2, 2, 2, 2, 2, 2, 2, 0, 2, 2, 2, 2, 2, 2, 2, 2, 2, 2, 2, 0, 0, 2, 2, 2, 2, 2, 2, 2, 2, 2] 
dagF5.txt 3_2x4.txt 0.0944206008583691 0.1 705.6666666666666 [0, 0, 0, 0, 0, 0, 0, 0, 0, 4, 0, 0, 0, 0, 0, 0, 0, 0, 4, 0, 0, 0, 0, 0, 0, 0, 0, 0, 0, 0, 0, 2, 0, 0, 0, 2, 0, 0, 0, 0, 0, 0, 0, 0, 2, 0, 0, 0, 0, 0, 0, 0, 2, 0, 0, 0, 0, 0, 0, 0, 0, 0, 0, 0, 2, 0, 0, 0, 0, 0, 0, 0, 2, 0, 0] 
dagF5.txt 5_4_3_2x2.txt 0.5278969957081545 0.6 145.5 [1, 6, 2, 2, 5, 1, 5, 6, 1, 5, 5, 2, 5, 5, 6, 2, 1, 2, 5, 6, 6, 2, 5, 5, 1, 2, 6, 6, 1, 6, 6, 1, 4, 1, 3, 0, 2, 1, 3, 3, 2, 1, 0, 0, 1, 4, 0, 0, 0, 3, 4, 4, 3, 3, 4, 0, 7, 7, 0, 7, 4, 4, 7, 3, 0, 0, 4, 7, 7, 3, 7, 4, 3, 0, 3] 
dagF5.txt 5_4_3_2x2.txt 0.5278969957081545 0.65 145.5 [1, 6, 2, 2, 5, 1, 5, 6, 1, 5, 5, 2, 5, 5, 6, 2, 1, 2, 5, 6, 6, 2, 5, 5, 1, 2, 6, 6, 1, 6, 6, 1, 4, 1, 3, 0, 2, 1, 3, 3, 2, 1, 0, 0, 1, 4, 0, 0, 0, 3, 4, 4, 3, 3, 4, 0, 7, 7, 0, 7, 4, 4, 7, 3, 0, 0, 4, 7, 7, 3, 7, 4, 3, 0, 3] 
dagF5.txt 3_2x4.txt 0.4978540772532189 0.5 143.0 [1, 2, 4, 3, 2, 2, 2, 1, 1, 2, 4, 3, 2, 2, 1, 3, 4, 3, 2, 3, 1, 1, 2, 2, 4, 3, 3, 3, 4, 3, 1, 4, 3, 4, 6, 6, 0, 4, 0, 5, 1, 4, 6, 6, 4, 5, 0, 6, 0, 0, 0, 5, 6, 0, 5, 6, 7, 7, 6, 7, 5, 5, 7, 0, 6, 6, 5, 7, 7, 0, 7, 5, 0, 0, 0] 
dagF5.txt 3_2x4.txt 0.296137339055794 0.3 300.0 [0, 0, 0, 0, 6, 0, 1, 0, 0, 0, 1, 0, 6, 1, 0, 0, 0, 0, 6, 0, 0, 0, 6, 0, 1, 0, 0, 0, 0, 0, 0, 0, 2, 0, 3, 2, 2, 0, 2, 4, 0, 0, 2, 2, 0, 2, 2, 2, 2, 4, 2, 2, 3, 2, 2, 2, 2, 2, 2, 2, 2, 2, 4, 2, 3, 2, 2, 2, 2, 4, 4, 2, 3, 2, 2] 
dagF5.txt 5_4_3_2x2.txt 0.5278969957081545 0.7 145.5 [1, 6, 2, 2, 5, 1, 5, 6, 1, 5, 5, 2, 5, 5, 6, 2, 1, 2, 5, 6, 6, 2, 5, 5, 1, 2, 6, 6, 1, 6, 6, 1, 4, 1, 3, 0, 2, 1, 3, 3, 2, 1, 0, 0, 1, 4, 0, 0, 0, 3, 4, 4, 3, 3, 4, 0, 7, 7, 0, 7, 4, 4, 7, 3, 0, 0, 4, 7, 7, 3, 7, 4, 3, 0, 3] 
dagF5.txt 5_4_3_2x2.txt 0.5278969957081545 0.9 145.5 [1, 6, 2, 2, 5, 1, 5, 6, 1, 5, 5, 2, 5, 5, 6, 2, 1, 2, 5, 6, 6, 2, 5, 5, 1, 2, 6, 6, 1, 6, 6, 1, 4, 1, 3, 0, 2, 1, 3, 3, 2, 1, 0, 0, 1, 4, 0, 0, 0, 3, 4, 4, 3, 3, 4, 0, 7, 7, 0, 7, 4, 4, 7, 3, 0, 0, 4, 7, 7, 3, 7, 4, 3, 0, 3] 
dagF5.txt 3_2x4.txt 0.5278969957081545 0.55 150.0 [4, 3, 1, 1, 6, 4, 6, 3, 4, 6, 6, 1, 6, 6, 3, 1, 4, 1, 6, 3, 3, 1, 6, 6, 4, 1, 3, 3, 4, 3, 3, 4, 2, 4, 5, 0, 1, 4, 5, 5, 1, 4, 0, 0, 4, 2, 0, 0, 0, 5, 2, 2, 5, 5, 2, 0, 7, 7, 0, 7, 2, 2, 7, 5, 0, 0, 2, 7, 7, 5, 7, 2, 5, 0, 5] 
dagF5.txt 5_4_3_2x2.txt 0.5278969957081545 0.8 145.5 [1, 6, 2, 2, 5, 1, 5, 6, 1, 5, 5, 2, 5, 5, 6, 2, 1, 2, 5, 6, 6, 2, 5, 5, 1, 2, 6, 6, 1, 6, 6, 1, 4, 1, 3, 0, 2, 1, 3, 3, 2, 1, 0, 0, 1, 4, 0, 0, 0, 3, 4, 4, 3, 3, 4, 0, 7, 7, 0, 7, 4, 4, 7, 3, 0, 0, 4, 7, 7, 3, 7, 4, 3, 0, 3] 
dagF5.txt 5_4_3_2x2.txt 0.5278969957081545 1 145.5 [1, 6, 2, 2, 5, 1, 5, 6, 1, 5, 5, 2, 5, 5, 6, 2, 1, 2, 5, 6, 6, 2, 5, 5, 1, 2, 6, 6, 1, 6, 6, 1, 4, 1, 3, 0, 2, 1, 3, 3, 2, 1, 0, 0, 1, 4, 0, 0, 0, 3, 4, 4, 3, 3, 4, 0, 7, 7, 0, 7, 4, 4, 7, 3, 0, 0, 4, 7, 7, 3, 7, 4, 3, 0, 3] 
dagF5.txt 3_2x4.txt 0.36909871244635195 0.4 246.33333333333334 [0, 0, 0, 0, 3, 0, 0, 0, 0, 0, 7, 0, 3, 0, 0, 0, 1, 0, 3, 0, 0, 0, 3, 0, 7, 0, 0, 0, 1, 0, 0, 1, 4, 7, 5, 2, 2, 1, 2, 6, 1, 7, 2, 2, 1, 4, 2, 2, 2, 6, 4, 2, 5, 2, 4, 2, 4, 2, 2, 2, 2, 2, 6, 2, 5, 2, 2, 2, 2, 6, 6, 2, 5, 2, 2] 
dagF5.txt 5_4_3_2x2.txt 0.15450643776824036 0.2 259.4 [0, 0, 0, 0, 0, 0, 0, 0, 0, 0, 0, 0, 0, 0, 0, 0, 0, 0, 0, 0, 0, 0, 0, 0, 0, 0, 0, 0, 0, 0, 0, 0, 4, 1, 0, 0, 4, 0, 4, 4, 0, 1, 4, 0, 0, 4, 4, 4, 4, 4, 4, 4, 0, 4, 4, 4, 4, 4, 4, 4, 4, 4, 4, 4, 0, 0, 4, 4, 4, 4, 4, 4, 4, 4, 4] 
dagF5.txt 5_4_3_2x2.txt 0.0944206008583691 0.1 423.4 [0, 0, 0, 0, 0, 0, 0, 0, 0, 1, 0, 0, 0, 0, 0, 0, 0, 0, 1, 0, 0, 0, 0, 0, 0, 0, 0, 0, 0, 0, 0, 4, 0, 0, 0, 4, 0, 0, 0, 0, 0, 0, 0, 0, 4, 0, 0, 0, 0, 0, 0, 0, 4, 0, 0, 0, 0, 0, 0, 0, 0, 0, 0, 0, 4, 0, 0, 0, 0, 0, 0, 0, 4, 0, 0] 
dagF5.txt 5_4_3_2x2.txt 0.296137339055794 0.3 180.0 [0, 0, 0, 0, 5, 0, 2, 0, 0, 0, 2, 0, 5, 2, 0, 0, 0, 0, 5, 0, 0, 0, 5, 0, 2, 0, 0, 0, 0, 0, 0, 0, 4, 0, 6, 4, 4, 0, 4, 1, 0, 0, 4, 4, 0, 4, 4, 4, 4, 1, 4, 4, 6, 4, 4, 4, 4, 4, 4, 4, 4, 4, 1, 4, 6, 4, 4, 4, 4, 1, 1, 4, 6, 4, 4] 
dagF5.txt 4_1x5.txt None 0.1 20000000000.0 None 
dagF5.txt 4_1x5.txt 0.2446351931330472 0.3 426.25 [0, 0, 0, 0, 0, 0, 0, 0, 0, 0, 0, 0, 0, 0, 0, 0, 0, 0, 0, 0, 0, 4, 0, 0, 0, 1, 0, 0, 0, 0, 0, 0, 0, 0, 2, 2, 0, 0, 2, 4, 4, 0, 0, 2, 0, 0, 0, 0, 0, 4, 0, 0, 2, 3, 0, 8, 0, 0, 8, 0, 0, 0, 4, 2, 2, 2, 0, 0, 0, 5, 6, 0, 2, 0, 2] 
dagF5.txt 5_4_3_2x2.txt 0.4978540772532189 0.5 139.5 [2, 4, 1, 6, 4, 4, 4, 2, 2, 4, 1, 6, 4, 4, 2, 6, 1, 6, 4, 6, 2, 2, 4, 4, 1, 6, 6, 6, 1, 6, 2, 1, 6, 1, 5, 5, 0, 1, 0, 3, 2, 1, 5, 5, 1, 3, 0, 5, 0, 0, 0, 3, 5, 0, 3, 5, 7, 7, 5, 7, 3, 3, 7, 0, 5, 5, 3, 7, 7, 0, 7, 3, 0, 0, 0] 
dagF5.txt 5_4_3_2x2.txt 0.36909871244635195 0.4 147.8 [0, 0, 0, 0, 6, 0, 0, 0, 0, 0, 7, 0, 6, 0, 0, 0, 2, 0, 6, 0, 0, 0, 6, 0, 7, 0, 0, 0, 2, 0, 0, 2, 1, 7, 3, 4, 4, 2, 4, 5, 2, 7, 4, 4, 2, 1, 4, 4, 4, 5, 1, 4, 3, 4, 1, 4, 1, 4, 4, 4, 4, 4, 5, 4, 3, 4, 4, 4, 4, 5, 5, 4, 3, 4, 4] 
dagF5.txt 4_1x5.txt 0.12875536480686695 0.2 519.5 [0, 0, 0, 0, 0, 0, 0, 0, 0, 0, 0, 0, 0, 0, 0, 0, 0, 0, 0, 4, 0, 0, 0, 0, 0, 0, 0, 4, 0, 0, 0, 0, 0, 0, 0, 0, 0, 0, 0, 0, 0, 0, 0, 0, 0, 0, 0, 0, 0, 0, 0, 0, 0, 0, 0, 0, 0, 5, 0, 0, 0, 0, 2, 1, 0, 0, 0, 0, 6, 0, 2, 0, 8, 3, 0] 
dagF5.txt 5_4_3_2x2.txt 0.5278969957081545 0.55 145.5 [1, 6, 2, 2, 5, 1, 5, 6, 1, 5, 5, 2, 5, 5, 6, 2, 1, 2, 5, 6, 6, 2, 5, 5, 1, 2, 6, 6, 1, 6, 6, 1, 4, 1, 3, 0, 2, 1, 3, 3, 2, 1, 0, 0, 1, 4, 0, 0, 0, 3, 4, 4, 3, 3, 4, 0, 7, 7, 0, 7, 4, 4, 7, 3, 0, 0, 4, 7, 7, 3, 7, 4, 3, 0, 3] 
dagF5.txt 3_2x4.txt 0.15450643776824036 0.25 432.3333333333333 [0, 0, 0, 0, 0, 0, 0, 0, 0, 0, 0, 0, 0, 0, 0, 0, 0, 0, 0, 0, 0, 0, 0, 0, 0, 0, 0, 0, 0, 0, 0, 0, 2, 4, 0, 0, 2, 0, 2, 2, 0, 4, 2, 0, 0, 2, 2, 2, 2, 2, 2, 2, 0, 2, 2, 2, 2, 2, 2, 2, 2, 2, 2, 2, 0, 0, 2, 2, 2, 2, 2, 2, 2, 2, 2] 
dagF5.txt 4_1x5.txt 0.1459227467811159 0.15 494.5 [0, 0, 0, 0, 0, 0, 0, 0, 0, 0, 6, 0, 0, 0, 0, 0, 0, 0, 0, 0, 0, 0, 0, 0, 6, 0, 0, 0, 0, 0, 0, 0, 0, 0, 2, 0, 0, 0, 4, 0, 0, 0, 0, 0, 0, 0, 0, 0, 0, 4, 3, 0, 2, 0, 0, 0, 0, 0, 0, 0, 0, 0, 5, 0, 1, 0, 0, 0, 0, 4, 8, 0, 2, 0, 0] 
dagF5.txt 4_1x5.txt 0.27896995708154504 0.35 408.5 [0, 0, 0, 0, 1, 0, 0, 0, 0, 0, 0, 0, 0, 7, 0, 0, 0, 0, 0, 6, 0, 0, 0, 0, 0, 0, 0, 6, 0, 2, 0, 0, 8, 0, 0, 0, 0, 0, 4, 4, 0, 0, 0, 0, 0, 2, 0, 0, 0, 4, 8, 2, 0, 4, 2, 0, 0, 0, 0, 2, 0, 2, 4, 0, 0, 0, 2, 2, 0, 5, 3, 0, 0, 0, 4] 
dagF5.txt 4_1x5.txt 0.5708154506437768 0.6 241.0 [2, 3, 4, 4, 3, 2, 6, 2, 6, 2, 6, 4, 3, 2, 2, 4, 6, 4, 3, 3, 6, 9, 3, 2, 9, 4, 4, 4, 6, 2, 2, 9, 0, 8, 7, 9, 0, 6, 8, 5, 9, 7, 7, 1, 9, 0, 1, 1, 7, 8, 0, 0, 7, 8, 5, 1, 0, 1, 1, 8, 1, 5, 5, 1, 7, 9, 0, 5, 8, 8, 5, 1, 7, 1, 8] 
dagF5.txt 4_1x5.txt 0.2446351931330472 0.25 416.25 [0, 0, 0, 0, 0, 0, 0, 0, 0, 0, 0, 0, 0, 0, 0, 0, 0, 0, 0, 8, 0, 0, 0, 0, 0, 0, 0, 7, 0, 0, 0, 0, 0, 6, 0, 0, 0, 0, 4, 2, 0, 0, 0, 0, 0, 0, 0, 0, 0, 4, 3, 2, 0, 4, 0, 0, 6, 2, 0, 2, 2, 0, 2, 4, 0, 0, 0, 2, 4, 5, 2, 0, 1, 0, 4] 
dagF5.txt 4_1x5.txt 0.5836909871244635 0.7 239.0 [3, 1, 3, 8, 1, 3, 6, 6, 6, 1, 5, 8, 1, 6, 3, 3, 6, 8, 1, 8, 6, 8, 1, 6, 5, 3, 8, 8, 6, 1, 3, 7, 0, 0, 8, 5, 2, 7, 2, 2, 2, 7, 9, 5, 7, 0, 0, 9, 9, 2, 2, 0, 5, 2, 9, 9, 0, 4, 9, 4, 0, 0, 2, 4, 5, 5, 7, 4, 4, 2, 7, 0, 4, 9, 4] 
dagF5.txt 3_2x4.txt 0.0944206008583691 0.15 705.6666666666666 [0, 0, 0, 0, 0, 0, 0, 0, 0, 4, 0, 0, 0, 0, 0, 0, 0, 0, 4, 0, 0, 0, 0, 0, 0, 0, 0, 0, 0, 0, 0, 2, 0, 0, 0, 2, 0, 0, 0, 0, 0, 0, 0, 0, 2, 0, 0, 0, 0, 0, 0, 0, 2, 0, 0, 0, 0, 0, 0, 0, 0, 0, 0, 0, 2, 0, 0, 0, 0, 0, 0, 0, 2, 0, 0] 
dagF5.txt 4_1x5.txt 0.5708154506437768 0.65 236.0 [0, 0, 9, 8, 4, 4, 4, 0, 0, 4, 9, 1, 4, 4, 0, 8, 0, 8, 8, 1, 0, 8, 8, 4, 9, 9, 8, 1, 4, 1, 0, 6, 5, 6, 1, 1, 6, 2, 6, 3, 6, 2, 2, 1, 6, 5, 6, 2, 2, 3, 6, 5, 1, 6, 5, 2, 7, 7, 2, 7, 7, 5, 3, 3, 9, 1, 5, 7, 7, 3, 3, 5, 3, 2, 6] 
dagF5.txt 4_1x5.txt 0.5579399141630901 0.9 229.0 [0, 7, 6, 9, 6, 0, 9, 0, 6, 0, 1, 9, 7, 0, 0, 9, 1, 9, 7, 7, 0, 6, 7, 0, 1, 9, 7, 7, 1, 9, 0, 6, 2, 6, 4, 3, 5, 1, 4, 4, 6, 1, 5, 3, 1, 2, 8, 8, 5, 4, 2, 5, 3, 8, 2, 8, 2, 8, 8, 5, 8, 2, 4, 3, 3, 3, 5, 2, 8, 4, 4, 8, 3, 5, 4] 
dagF5.txt 4_1x5.txt 0.5536480686695279 0.8 238.0 [0, 7, 2, 2, 7, 0, 4, 0, 4, 0, 9, 2, 7, 0, 0, 2, 4, 2, 7, 7, 4, 9, 7, 0, 9, 2, 2, 2, 4, 0, 0, 4, 6, 6, 3, 9, 8, 4, 1, 1, 9, 8, 8, 5, 4, 6, 5, 5, 8, 1, 1, 8, 3, 1, 6, 5, 6, 5, 5, 8, 5, 6, 1, 3, 3, 9, 8, 6, 5, 1, 3, 5, 3, 3, 1] 
dagF5.txt 4_1x5.txt 0.34763948497854075 0.4 212.75 [0, 6, 0, 0, 6, 0, 0, 0, 0, 6, 0, 0, 6, 0, 0, 0, 0, 0, 6, 0, 0, 0, 6, 6, 0, 0, 7, 0, 0, 0, 0, 0, 2, 9, 4, 4, 2, 0, 4, 2, 0, 3, 4, 4, 0, 2, 2, 2, 2, 2, 2, 2, 8, 2, 2, 2, 2, 2, 2, 2, 2, 2, 2, 4, 5, 4, 4, 2, 2, 2, 1, 2, 8, 4, 2] 
dagF5.txt 4_1x5.txt 0.5708154506437768 1 234.0 [5, 0, 9, 3, 0, 0, 0, 5, 0, 3, 9, 8, 0, 0, 5, 9, 5, 3, 3, 8, 5, 3, 0, 0, 9, 9, 9, 8, 5, 8, 5, 4, 7, 4, 8, 8, 4, 2, 4, 1, 4, 2, 2, 8, 4, 7, 4, 2, 2, 1, 4, 7, 8, 4, 6, 2, 6, 6, 2, 6, 7, 7, 1, 1, 3, 8, 7, 6, 6, 1, 1, 7, 1, 2, 4] 
dagF5.txt 4_1x5.txt 0.4592274678111588 0.5 123.0 [2, 2, 4, 4, 2, 2, 2, 2, 2, 7, 9, 4, 2, 2, 2, 4, 2, 4, 7, 4, 2, 4, 4, 2, 9, 4, 4, 4, 2, 4, 2, 8, 0, 8, 6, 6, 5, 8, 6, 1, 4, 8, 6, 0, 8, 0, 0, 0, 6, 6, 5, 5, 3, 6, 0, 0, 0, 0, 0, 6, 0, 0, 1, 6, 3, 0, 6, 0, 0, 6, 1, 0, 3, 6, 6] 
dagF5.txt 5_4_3_2x2.txt 0.15450643776824036 0.25 259.4 [0, 0, 0, 0, 0, 0, 0, 0, 0, 0, 0, 0, 0, 0, 0, 0, 0, 0, 0, 0, 0, 0, 0, 0, 0, 0, 0, 0, 0, 0, 0, 0, 4, 1, 0, 0, 4, 0, 4, 4, 0, 1, 4, 0, 0, 4, 4, 4, 4, 4, 4, 4, 0, 4, 4, 4, 4, 4, 4, 4, 4, 4, 4, 4, 0, 0, 4, 4, 4, 4, 4, 4, 4, 4, 4] 
dagF5.txt 4_1x5.txt 0.40772532188841204 0.45 178.75 [2, 2, 2, 2, 4, 2, 4, 4, 4, 2, 4, 2, 4, 4, 2, 2, 8, 2, 2, 2, 8, 4, 9, 4, 4, 2, 2, 2, 4, 2, 2, 8, 0, 3, 6, 6, 0, 4, 6, 6, 4, 3, 0, 6, 4, 0, 0, 0, 0, 6, 1, 0, 6, 0, 0, 0, 0, 0, 0, 0, 0, 0, 1, 6, 6, 6, 0, 0, 0, 7, 5, 0, 6, 0, 0] 
dagF5.txt 3_2x4.txt 0.296137339055794 0.35 300.0 [0, 0, 0, 0, 6, 0, 1, 0, 0, 0, 1, 0, 6, 1, 0, 0, 0, 0, 6, 0, 0, 0, 6, 0, 1, 0, 0, 0, 0, 0, 0, 0, 2, 0, 3, 2, 2, 0, 2, 4, 0, 0, 2, 2, 0, 2, 2, 2, 2, 4, 2, 2, 3, 2, 2, 2, 2, 2, 2, 2, 2, 2, 4, 2, 3, 2, 2, 2, 2, 4, 4, 2, 3, 2, 2] 
dagF5.txt 3_2x3.txt 0.48068669527896996 0.5 196.5 [4, 3, 3, 3, 4, 4, 4, 4, 4, 4, 0, 3, 3, 4, 4, 3, 0, 3, 3, 0, 4, 0, 3, 4, 0, 3, 3, 0, 3, 5, 4, 0, 5, 0, 1, 1, 5, 0, 1, 1, 0, 0, 5, 2, 0, 5, 2, 2, 5, 1, 5, 5, 1, 0, 5, 2, 5, 2, 2, 2, 2, 2, 1, 2, 1, 1, 5, 2, 2, 1, 1, 2, 1, 5, 2] 
dagF5.txt 3_2x3.txt 0.48068669527896996 0.6 196.5 [4, 3, 3, 3, 4, 4, 4, 4, 4, 4, 0, 3, 3, 4, 4, 3, 0, 3, 3, 0, 4, 0, 3, 4, 0, 3, 3, 0, 3, 5, 4, 0, 5, 0, 1, 1, 5, 0, 1, 1, 0, 0, 5, 2, 0, 5, 2, 2, 5, 1, 5, 5, 1, 0, 5, 2, 5, 2, 2, 2, 2, 2, 1, 2, 1, 1, 5, 2, 2, 1, 1, 2, 1, 5, 2] 
dagF5.txt 3_2x3.txt 0.48068669527896996 0.7 196.5 [4, 3, 3, 3, 4, 4, 4, 4, 4, 4, 0, 3, 3, 4, 4, 3, 0, 3, 3, 0, 4, 0, 3, 4, 0, 3, 3, 0, 3, 5, 4, 0, 5, 0, 1, 1, 5, 0, 1, 1, 0, 0, 5, 2, 0, 5, 2, 2, 5, 1, 5, 5, 1, 0, 5, 2, 5, 2, 2, 2, 2, 2, 1, 2, 1, 1, 5, 2, 2, 1, 1, 2, 1, 5, 2] 
dagF5.txt 3_2x4.txt 0.4334763948497854 0.45 210.66666666666666 [0, 7, 0, 0, 5, 0, 0, 0, 0, 0, 0, 0, 5, 0, 0, 0, 6, 0, 5, 7, 0, 0, 5, 0, 6, 0, 7, 7, 6, 7, 0, 6, 2, 2, 1, 1, 1, 6, 2, 4, 1, 6, 1, 2, 6, 2, 2, 2, 1, 4, 2, 3, 4, 1, 2, 2, 2, 2, 2, 3, 2, 2, 4, 2, 4, 2, 3, 2, 2, 4, 4, 2, 4, 2, 3] 
dagF5.txt 5_4_3_2x2.txt 0.0944206008583691 0.15 423.4 [0, 0, 0, 0, 0, 0, 0, 0, 0, 1, 0, 0, 0, 0, 0, 0, 0, 0, 1, 0, 0, 0, 0, 0, 0, 0, 0, 0, 0, 0, 0, 4, 0, 0, 0, 4, 0, 0, 0, 0, 0, 0, 0, 0, 4, 0, 0, 0, 0, 0, 0, 0, 4, 0, 0, 0, 0, 0, 0, 0, 0, 0, 0, 0, 4, 0, 0, 0, 0, 0, 0, 0, 4, 0, 0] 
dagF5.txt 3_2x3.txt 0.48068669527896996 0.55 196.5 [4, 3, 3, 3, 4, 4, 4, 4, 4, 4, 0, 3, 3, 4, 4, 3, 0, 3, 3, 0, 4, 0, 3, 4, 0, 3, 3, 0, 3, 5, 4, 0, 5, 0, 1, 1, 5, 0, 1, 1, 0, 0, 5, 2, 0, 5, 2, 2, 5, 1, 5, 5, 1, 0, 5, 2, 5, 2, 2, 2, 2, 2, 1, 2, 1, 1, 5, 2, 2, 1, 1, 2, 1, 5, 2] 
dagF5.txt 3_2x3.txt 0.48068669527896996 0.65 196.5 [4, 3, 3, 3, 4, 4, 4, 4, 4, 4, 0, 3, 3, 4, 4, 3, 0, 3, 3, 0, 4, 0, 3, 4, 0, 3, 3, 0, 3, 5, 4, 0, 5, 0, 1, 1, 5, 0, 1, 1, 0, 0, 5, 2, 0, 5, 2, 2, 5, 1, 5, 5, 1, 0, 5, 2, 5, 2, 2, 2, 2, 2, 1, 2, 1, 1, 5, 2, 2, 1, 1, 2, 1, 5, 2] 
dagF5.txt 3_2x3.txt 0.48068669527896996 0.8 196.5 [4, 3, 3, 3, 4, 4, 4, 4, 4, 4, 0, 3, 3, 4, 4, 3, 0, 3, 3, 0, 4, 0, 3, 4, 0, 3, 3, 0, 3, 5, 4, 0, 5, 0, 1, 1, 5, 0, 1, 1, 0, 0, 5, 2, 0, 5, 2, 2, 5, 1, 5, 5, 1, 0, 5, 2, 5, 2, 2, 2, 2, 2, 1, 2, 1, 1, 5, 2, 2, 1, 1, 2, 1, 5, 2] 
dagF5.txt 4_1x5.txt 0.5493562231759657 0.55 232.0 [0, 7, 2, 7, 9, 0, 2, 0, 9, 0, 9, 2, 7, 0, 0, 2, 1, 2, 7, 7, 0, 9, 7, 0, 1, 2, 2, 2, 1, 0, 0, 1, 4, 1, 3, 5, 4, 1, 6, 6, 9, 1, 3, 5, 1, 4, 4, 3, 3, 6, 4, 4, 5, 6, 8, 3, 8, 8, 3, 8, 4, 4, 6, 5, 5, 5, 3, 8, 8, 6, 6, 4, 5, 3, 6] 
dagF5.txt 3_2x3.txt 0.48068669527896996 0.9 196.5 [4, 3, 3, 3, 4, 4, 4, 4, 4, 4, 0, 3, 3, 4, 4, 3, 0, 3, 3, 0, 4, 0, 3, 4, 0, 3, 3, 0, 3, 5, 4, 0, 5, 0, 1, 1, 5, 0, 1, 1, 0, 0, 5, 2, 0, 5, 2, 2, 5, 1, 5, 5, 1, 0, 5, 2, 5, 2, 2, 2, 2, 2, 1, 2, 1, 1, 5, 2, 2, 1, 1, 2, 1, 5, 2] 
dagF5.txt 3_2x3.txt 0.48068669527896996 1 196.5 [4, 3, 3, 3, 4, 4, 4, 4, 4, 4, 0, 3, 3, 4, 4, 3, 0, 3, 3, 0, 4, 0, 3, 4, 0, 3, 3, 0, 3, 5, 4, 0, 5, 0, 1, 1, 5, 0, 1, 1, 0, 0, 5, 2, 0, 5, 2, 2, 5, 1, 5, 5, 1, 0, 5, 2, 5, 2, 2, 2, 2, 2, 1, 2, 1, 1, 5, 2, 2, 1, 1, 2, 1, 5, 2] 
dagF5.txt 5_4_3_2x2.txt 0.296137339055794 0.35 180.0 [0, 0, 0, 0, 5, 0, 2, 0, 0, 0, 2, 0, 5, 2, 0, 0, 0, 0, 5, 0, 0, 0, 5, 0, 2, 0, 0, 0, 0, 0, 0, 0, 4, 0, 6, 4, 4, 0, 4, 1, 0, 0, 4, 4, 0, 4, 4, 4, 4, 1, 4, 4, 6, 4, 4, 4, 4, 4, 4, 4, 4, 4, 1, 4, 6, 4, 4, 4, 4, 1, 1, 4, 6, 4, 4] 
dagF5.txt 5_4_3_2x2.txt 0.4334763948497854 0.45 126.4 [0, 7, 0, 0, 3, 0, 0, 0, 0, 0, 0, 0, 3, 0, 0, 0, 5, 0, 3, 7, 0, 0, 3, 0, 5, 0, 7, 7, 5, 7, 0, 5, 4, 4, 2, 2, 2, 5, 4, 1, 2, 5, 2, 4, 5, 4, 4, 4, 2, 1, 4, 6, 1, 2, 4, 4, 4, 4, 4, 6, 4, 4, 1, 4, 1, 4, 6, 4, 4, 1, 1, 4, 1, 4, 6] 
dagF5.txt 5_4_3_2x5.txt 0.721030042918455 0.9 53.0 [3, 11, 2, 7, 16, 0, 0, 16, 16, 3, 18, 4, 0, 0, 19, 7, 19, 7, 3, 8, 19, 18, 11, 0, 2, 2, 18, 8, 0, 8, 11, 13, 13, 13, 4, 4, 10, 17, 5, 9, 10, 17, 17, 8, 13, 12, 12, 1, 5, 5, 10, 9, 4, 5, 14, 1, 13, 14, 1, 6, 12, 12, 10, 15, 4, 8, 1, 14, 6, 5, 9, 12, 15, 15, 6] 
dagF5.txt 5_4_3_2x5.txt 0.7167381974248928 1 54.5 [5, 14, 14, 2, 7, 6, 10, 16, 5, 3, 10, 2, 7, 7, 16, 2, 8, 2, 3, 6, 16, 17, 3, 7, 10, 17, 6, 6, 8, 6, 14, 8, 0, 5, 1, 1, 15, 8, 4, 13, 17, 5, 9, 11, 8, 0, 15, 12, 12, 4, 0, 13, 1, 4, 18, 11, 0, 15, 11, 13, 15, 18, 19, 19, 12, 11, 9, 18, 19, 4, 9, 15, 1, 12, 4] 
dagF5.txt 5_4_3_2x5.txt 0.16738197424892703 0.3 389.0 [0, 0, 0, 0, 0, 0, 0, 0, 0, 0, 8, 0, 0, 0, 0, 0, 0, 0, 0, 0, 0, 0, 0, 0, 8, 0, 0, 0, 0, 0, 0, 0, 0, 0, 0, 9, 0, 0, 0, 0, 0, 16, 0, 0, 0, 0, 0, 0, 0, 17, 4, 1, 0, 0, 0, 0, 0, 0, 0, 0, 0, 0, 4, 0, 0, 0, 12, 0, 0, 13, 4, 0, 0, 0, 5] 
dagF5.txt 5_4_3_2x5.txt 0.15450643776824036 0.2 395.8 [0, 0, 0, 0, 0, 0, 0, 0, 0, 0, 8, 0, 0, 0, 0, 0, 0, 0, 0, 0, 0, 0, 0, 0, 8, 0, 13, 17, 0, 0, 0, 0, 0, 0, 0, 0, 0, 0, 0, 0, 0, 16, 0, 0, 0, 0, 0, 0, 0, 0, 0, 4, 9, 0, 0, 0, 0, 0, 0, 12, 0, 0, 0, 0, 1, 0, 4, 0, 0, 0, 0, 0, 5, 0, 0] 
dagF5.txt 3_2x3.txt 0.07296137339055794 0.1 736.0 [0, 0, 0, 0, 4, 0, 0, 0, 0, 0, 0, 0, 0, 4, 0, 0, 0, 0, 0, 0, 0, 0, 0, 4, 0, 0, 0, 0, 0, 0, 0, 0, 0, 0, 0, 0, 0, 0, 0, 0, 0, 0, 0, 0, 0, 0, 0, 0, 0, 0, 0, 0, 0, 0, 0, 0, 0, 0, 0, 0, 0, 0, 0, 0, 2, 0, 0, 0, 0, 0, 0, 0, 2, 0, 0] 
dagF5.txt 3_2x3.txt 0.19742489270386265 0.2 355.0 [2, 2, 2, 2, 2, 2, 2, 2, 2, 2, 2, 2, 2, 2, 2, 2, 2, 2, 2, 2, 2, 2, 2, 2, 2, 2, 2, 2, 2, 2, 2, 2, 0, 0, 2, 4, 0, 0, 0, 0, 0, 0, 0, 1, 4, 0, 0, 0, 0, 0, 0, 0, 4, 0, 0, 1, 0, 0, 1, 0, 0, 0, 0, 0, 4, 1, 0, 0, 0, 0, 0, 0, 4, 0, 0] 
dagF5.txt 5_4_3_2x5.txt None 0.1 20000000000.0 None 
dagF5.txt 5_4_3_2x5.txt 0.38197424892703863 0.4 159.6 [4, 8, 4, 4, 4, 4, 4, 4, 4, 4, 6, 4, 4, 4, 4, 4, 12, 4, 13, 8, 4, 4, 8, 4, 10, 4, 4, 8, 12, 4, 4, 3, 0, 5, 16, 0, 0, 12, 16, 1, 4, 5, 0, 0, 12, 0, 0, 0, 0, 1, 0, 0, 16, 0, 0, 0, 0, 0, 0, 0, 0, 0, 1, 0, 16, 17, 0, 0, 0, 18, 9, 0, 2, 0, 14] 
dagF5.txt 5_4_3_2x5.txt 0.4978540772532189 0.5 126.2 [12, 0, 9, 0, 0, 0, 0, 0, 0, 0, 14, 0, 0, 0, 0, 0, 1, 0, 0, 17, 0, 12, 0, 0, 9, 12, 0, 11, 1, 0, 12, 1, 8, 7, 16, 16, 8, 1, 5, 5, 12, 2, 16, 4, 1, 8, 4, 4, 4, 5, 8, 8, 16, 4, 8, 4, 8, 4, 4, 4, 4, 4, 18, 4, 16, 10, 8, 4, 4, 3, 13, 4, 6, 4, 4] 
dagF5.txt 3_2x3.txt 0.2145922746781116 0.3 333.6666666666667 [0, 0, 0, 0, 0, 0, 0, 0, 0, 0, 0, 0, 0, 0, 0, 0, 0, 0, 0, 0, 0, 0, 0, 0, 0, 0, 0, 0, 0, 0, 0, 1, 2, 1, 2, 4, 2, 1, 2, 2, 1, 1, 2, 4, 1, 2, 2, 2, 2, 2, 2, 2, 4, 2, 2, 2, 2, 2, 2, 2, 2, 2, 2, 2, 4, 4, 2, 2, 2, 2, 2, 2, 4, 2, 2] 
dagF5.txt 3_2x3.txt 0.3905579399141631 0.4 195.66666666666666 [0, 3, 0, 0, 3, 0, 0, 0, 0, 0, 5, 0, 3, 0, 0, 0, 5, 0, 3, 3, 0, 1, 3, 0, 5, 0, 3, 3, 5, 0, 0, 5, 0, 5, 2, 2, 1, 5, 2, 1, 1, 5, 2, 2, 5, 4, 2, 2, 2, 1, 1, 4, 2, 2, 4, 2, 4, 4, 2, 4, 4, 4, 1, 2, 2, 2, 4, 4, 4, 1, 1, 2, 2, 2, 2] 
dagF5.txt 5_4_3_2x5.txt 0.5407725321888412 0.6 110.4 [0, 0, 5, 13, 0, 0, 0, 0, 5, 16, 0, 16, 0, 0, 0, 0, 1, 13, 0, 16, 1, 2, 0, 0, 18, 16, 0, 16, 0, 16, 0, 5, 8, 5, 12, 12, 8, 1, 9, 9, 3, 6, 12, 12, 1, 8, 4, 4, 4, 9, 8, 8, 12, 4, 8, 4, 8, 4, 4, 4, 4, 4, 7, 4, 14, 12, 10, 4, 4, 11, 17, 4, 12, 4, 4] 
dagF5.txt 4_1x1.txt 0.030042918454935622 0.1 571.0 [0, 0, 0, 0, 0, 0, 0, 0, 0, 0, 0, 0, 0, 0, 0, 0, 0, 0, 0, 1, 0, 0, 0, 0, 0, 0, 1, 1, 0, 0, 0, 0, 0, 0, 0, 0, 0, 0, 0, 0, 0, 0, 0, 0, 0, 0, 0, 0, 0, 0, 0, 0, 0, 0, 0, 0, 0, 0, 0, 0, 0, 0, 0, 0, 0, 0, 0, 0, 0, 0, 0, 0, 0, 0, 0] 
dagF5.txt 5_4_3_2x5.txt 0.6995708154506438 0.7 53.5 [12, 3, 12, 11, 4, 1, 4, 6, 6, 1, 19, 1, 4, 4, 12, 11, 9, 11, 3, 19, 6, 5, 3, 4, 13, 5, 1, 1, 9, 1, 12, 13, 14, 13, 15, 15, 7, 9, 2, 10, 5, 13, 15, 8, 9, 14, 8, 8, 16, 2, 2, 7, 18, 0, 14, 16, 17, 0, 16, 0, 8, 17, 10, 8, 18, 16, 7, 17, 0, 2, 10, 8, 18, 16, 0] 
dagF5.txt 4_1x1.txt 0.14163090128755365 0.15 1183.0 [1, 1, 1, 1, 1, 1, 1, 1, 1, 1, 1, 1, 1, 1, 1, 1, 1, 1, 1, 1, 1, 1, 1, 1, 1, 1, 1, 1, 1, 1, 1, 0, 0, 0, 1, 1, 0, 0, 0, 0, 0, 0, 0, 1, 0, 0, 0, 0, 0, 0, 0, 0, 1, 0, 0, 0, 0, 0, 0, 0, 0, 0, 0, 0, 0, 1, 0, 0, 0, 0, 0, 0, 1, 0, 0] 
dagF5.txt 5_4_3_2x5.txt 0.7081545064377682 0.8 52.0 [7, 11, 17, 8, 7, 8, 0, 9, 7, 14, 0, 17, 0, 0, 9, 8, 16, 8, 14, 11, 9, 10, 14, 0, 15, 17, 8, 11, 16, 17, 10, 16, 6, 15, 5, 1, 4, 16, 5, 1, 10, 15, 19, 12, 16, 2, 12, 3, 19, 5, 4, 4, 1, 5, 6, 19, 6, 18, 19, 18, 2, 2, 13, 12, 3, 12, 4, 18, 13, 5, 13, 2, 1, 3, 12] 
dagF5.txt 4_1x1.txt 0.1630901287553648 0.2 1186.0 [1, 1, 1, 1, 1, 1, 1, 1, 1, 1, 1, 1, 1, 1, 1, 1, 1, 1, 1, 1, 1, 1, 1, 1, 1, 1, 1, 1, 1, 0, 1, 1, 1, 0, 0, 0, 1, 1, 0, 0, 1, 1, 0, 0, 1, 0, 0, 0, 0, 0, 0, 0, 0, 0, 0, 0, 0, 0, 0, 0, 0, 0, 0, 0, 0, 0, 0, 0, 0, 0, 0, 0, 0, 0, 0] 
dagF5.txt 4_1x1.txt 0.15021459227467812 0.25 1184.0 [1, 1, 1, 1, 1, 1, 1, 1, 1, 1, 1, 1, 1, 1, 1, 1, 1, 1, 1, 1, 1, 1, 1, 1, 1, 1, 1, 1, 1, 1, 0, 1, 1, 1, 0, 0, 0, 1, 0, 0, 0, 1, 0, 0, 1, 0, 0, 0, 0, 0, 0, 0, 0, 0, 0, 0, 1, 0, 0, 0, 0, 0, 0, 0, 0, 0, 0, 0, 0, 0, 0, 0, 0, 0, 0] 
dagF5.txt 4_1x1.txt 0.15879828326180256 0.3 1185.0 [1, 1, 1, 1, 1, 1, 1, 1, 1, 1, 1, 1, 1, 1, 1, 1, 1, 1, 1, 1, 1, 1, 1, 1, 1, 1, 1, 1, 1, 0, 1, 1, 1, 1, 0, 0, 0, 1, 0, 0, 0, 1, 0, 0, 0, 0, 0, 0, 0, 0, 0, 0, 0, 0, 0, 0, 1, 0, 0, 0, 0, 0, 0, 0, 0, 0, 0, 0, 0, 0, 0, 0, 0, 0, 0] 
dagF5.txt 4_1x1.txt 0.1459227467811159 0.4 1186.0 [0, 0, 0, 0, 0, 0, 0, 0, 0, 0, 0, 0, 0, 0, 0, 0, 0, 0, 0, 0, 0, 0, 0, 0, 0, 0, 0, 0, 0, 0, 0, 0, 1, 0, 0, 1, 1, 0, 1, 1, 1, 0, 0, 1, 1, 1, 1, 1, 1, 1, 1, 1, 1, 1, 1, 1, 1, 1, 1, 1, 1, 1, 1, 1, 1, 1, 1, 1, 1, 1, 1, 1, 1, 1, 1] 
dagF5.txt 4_1x1.txt 0.15021459227467812 0.35 1185.0 [1, 1, 1, 1, 1, 1, 1, 1, 1, 1, 1, 1, 1, 1, 1, 1, 0, 1, 1, 1, 1, 1, 1, 1, 1, 1, 1, 1, 1, 1, 1, 0, 1, 0, 1, 1, 0, 0, 0, 0, 0, 0, 0, 1, 0, 0, 0, 0, 0, 0, 0, 0, 1, 0, 0, 0, 0, 0, 0, 0, 0, 0, 0, 0, 0, 1, 0, 0, 0, 0, 0, 0, 1, 0, 0] 
dagF5.txt 4_1x1.txt 0.13733905579399142 0.5 1185.0 [1, 1, 1, 1, 1, 1, 1, 1, 1, 1, 1, 1, 1, 1, 1, 1, 1, 1, 1, 1, 1, 1, 1, 1, 1, 1, 1, 1, 1, 1, 1, 1, 0, 0, 0, 1, 0, 1, 0, 0, 1, 0, 0, 0, 1, 0, 0, 0, 0, 0, 0, 0, 0, 0, 0, 0, 0, 0, 0, 0, 0, 0, 0, 0, 0, 1, 0, 0, 0, 0, 0, 0, 0, 0, 0] 
dagF5.txt 4_1x1.txt 0.15021459227467812 0.45 1185.0 [1, 1, 1, 1, 1, 1, 1, 1, 1, 1, 1, 1, 1, 1, 1, 1, 1, 1, 1, 1, 1, 1, 1, 1, 1, 1, 1, 1, 1, 1, 1, 1, 1, 0, 1, 1, 0, 0, 0, 0, 0, 0, 1, 1, 0, 0, 0, 0, 0, 0, 0, 0, 0, 0, 0, 0, 0, 0, 0, 0, 0, 0, 0, 0, 0, 1, 0, 0, 0, 0, 0, 0, 0, 0, 0] 
dagF5.txt 4_1x1.txt 0.15450643776824036 0.55 1186.0 [1, 1, 1, 1, 1, 1, 1, 1, 1, 1, 1, 1, 1, 1, 1, 1, 1, 1, 1, 1, 1, 1, 1, 1, 1, 1, 1, 1, 1, 1, 1, 0, 0, 0, 1, 1, 0, 0, 0, 1, 0, 0, 1, 0, 0, 0, 0, 0, 0, 0, 0, 0, 1, 0, 0, 0, 0, 0, 0, 0, 0, 0, 0, 0, 0, 0, 0, 0, 0, 0, 0, 0, 1, 0, 0] 
dagF5.txt 4_1x1.txt 0.1459227467811159 0.6 1186.0 [1, 1, 1, 1, 1, 1, 1, 1, 1, 1, 1, 1, 1, 1, 1, 1, 1, 1, 1, 1, 1, 1, 1, 1, 1, 1, 1, 1, 1, 1, 1, 1, 0, 1, 1, 0, 0, 1, 0, 0, 0, 1, 1, 0, 0, 0, 0, 0, 0, 0, 0, 0, 0, 0, 0, 0, 0, 0, 0, 0, 0, 0, 0, 0, 0, 0, 0, 0, 0, 0, 0, 0, 0, 0, 0] 
dagF5.txt 5_4_3_2x5.txt 0.15021459227467812 0.25 393.4 [0, 0, 0, 0, 0, 0, 0, 0, 0, 0, 4, 0, 0, 0, 0, 0, 0, 0, 0, 12, 0, 0, 0, 0, 4, 0, 0, 12, 0, 0, 0, 0, 0, 0, 0, 0, 0, 0, 0, 5, 0, 0, 0, 0, 0, 0, 0, 0, 0, 17, 0, 0, 8, 0, 0, 0, 0, 0, 0, 0, 0, 0, 9, 0, 1, 0, 0, 0, 0, 13, 16, 0, 8, 0, 0] 
dagF5.txt 4_1x1.txt 0.1630901287553648 0.7 1185.0 [1, 1, 1, 1, 1, 1, 1, 1, 1, 1, 1, 1, 1, 1, 1, 1, 1, 1, 1, 1, 1, 1, 1, 1, 1, 1, 1, 1, 1, 0, 1, 0, 0, 0, 1, 1, 0, 1, 0, 0, 0, 1, 1, 0, 0, 0, 0, 0, 1, 0, 0, 0, 0, 0, 0, 0, 0, 0, 0, 0, 0, 0, 0, 0, 0, 0, 0, 0, 0, 0, 0, 0, 0, 0, 0] 
dagF5.txt 4_1x1.txt 0.15450643776824036 0.65 1186.0 [1, 1, 1, 1, 1, 1, 1, 1, 1, 1, 1, 1, 1, 1, 1, 1, 1, 1, 1, 1, 1, 1, 1, 1, 1, 1, 1, 1, 1, 1, 1, 0, 0, 0, 1, 1, 0, 0, 0, 1, 0, 0, 1, 0, 0, 0, 0, 0, 0, 0, 0, 0, 1, 0, 0, 0, 0, 0, 0, 0, 0, 0, 0, 0, 0, 0, 0, 0, 0, 0, 0, 0, 1, 0, 0] 
dagF5.txt 5_4_3_2x5.txt 0.17167381974248927 0.35 387.6 [0, 0, 0, 0, 0, 0, 0, 0, 0, 0, 5, 0, 0, 0, 0, 0, 0, 0, 0, 4, 0, 0, 0, 0, 13, 0, 4, 4, 0, 0, 0, 0, 0, 0, 0, 17, 0, 0, 0, 9, 0, 16, 0, 0, 0, 0, 0, 0, 0, 8, 1, 0, 0, 0, 0, 0, 0, 0, 0, 0, 0, 0, 2, 0, 0, 0, 0, 0, 0, 8, 12, 0, 0, 0, 0] 
dagF5.txt 4_1x1.txt 0.1459227467811159 0.9 1186.0 [0, 0, 0, 0, 0, 0, 0, 0, 0, 0, 0, 0, 0, 0, 0, 0, 0, 0, 0, 0, 0, 0, 0, 0, 0, 0, 0, 0, 0, 0, 0, 0, 0, 1, 1, 1, 1, 0, 1, 0, 1, 0, 1, 1, 0, 1, 1, 1, 1, 1, 1, 1, 1, 1, 1, 1, 1, 1, 1, 1, 1, 1, 1, 1, 1, 1, 1, 1, 1, 1, 1, 1, 1, 1, 1] 
dagF5.txt 4_1x1.txt 0.1459227467811159 0.8 1186.0 [0, 0, 0, 0, 0, 0, 0, 0, 0, 0, 0, 0, 0, 0, 0, 0, 0, 0, 0, 0, 0, 0, 0, 0, 0, 0, 0, 0, 0, 0, 0, 0, 1, 0, 0, 1, 1, 0, 1, 1, 1, 0, 0, 1, 1, 1, 1, 1, 1, 1, 1, 1, 1, 1, 1, 1, 1, 1, 1, 1, 1, 1, 1, 1, 1, 1, 1, 1, 1, 1, 1, 1, 1, 1, 1] 
dagF5.txt 4_1x1.txt 0.1630901287553648 1 1185.0 [1, 1, 1, 1, 1, 1, 1, 1, 1, 1, 1, 1, 1, 1, 1, 1, 1, 1, 1, 1, 1, 1, 1, 1, 1, 1, 1, 1, 1, 0, 1, 0, 0, 0, 1, 1, 0, 1, 0, 0, 0, 1, 1, 0, 0, 0, 0, 0, 1, 0, 0, 0, 0, 0, 0, 0, 0, 0, 0, 0, 0, 0, 0, 0, 0, 0, 0, 0, 0, 0, 0, 0, 0, 0, 0] 
dagF5.txt 5_4_3_2x5.txt None 0.15 20000000000.0 None 
dagF5.txt 5_4_3_2x5.txt 0.5321888412017167 0.55 99.6 [1, 8, 4, 13, 8, 4, 4, 4, 1, 8, 14, 4, 8, 4, 4, 4, 1, 13, 8, 4, 4, 2, 8, 4, 18, 4, 4, 4, 1, 4, 4, 1, 12, 9, 16, 0, 5, 1, 16, 16, 3, 9, 0, 0, 1, 12, 0, 0, 0, 16, 5, 5, 0, 16, 12, 0, 12, 11, 0, 0, 0, 12, 7, 0, 0, 10, 6, 12, 0, 16, 17, 0, 0, 0, 16] 
dagF5.txt 5_4_3_2x5.txt 0.36909871244635195 0.45 178.4 [0, 0, 0, 0, 0, 0, 0, 0, 0, 0, 0, 0, 0, 0, 0, 0, 0, 0, 0, 0, 0, 0, 0, 0, 16, 0, 13, 13, 0, 0, 12, 4, 4, 4, 1, 16, 4, 8, 4, 4, 4, 12, 8, 16, 4, 4, 4, 8, 12, 4, 4, 4, 1, 4, 4, 10, 4, 4, 18, 5, 4, 4, 4, 4, 17, 2, 9, 4, 4, 4, 4, 4, 6, 14, 4] 
dagF5.txt 5_4_3_2x3.txt 0.6180257510729614 0.7 91.5 [5, 6, 8, 6, 4, 3, 4, 3, 5, 5, 4, 8, 5, 4, 3, 8, 11, 8, 5, 6, 3, 6, 5, 5, 4, 8, 8, 8, 4, 3, 3, 11, 0, 11, 2, 2, 0, 11, 10, 2, 6, 11, 1, 1, 11, 9, 10, 1, 1, 10, 0, 9, 2, 10, 0, 1, 0, 7, 10, 7, 9, 9, 7, 10, 2, 1, 9, 0, 7, 10, 7, 9, 2, 1, 10] 
dagF5.txt 5_4_3_2x5.txt 0.6223175965665236 0.65 59.6 [16, 4, 8, 5, 4, 4, 4, 8, 8, 18, 2, 5, 4, 4, 8, 5, 16, 5, 19, 11, 8, 7, 4, 4, 2, 16, 5, 5, 16, 18, 8, 17, 6, 17, 9, 14, 10, 16, 1, 1, 16, 17, 14, 0, 16, 13, 0, 0, 12, 1, 1, 10, 9, 12, 6, 0, 13, 0, 0, 12, 0, 0, 1, 12, 9, 0, 15, 0, 12, 1, 3, 0, 9, 12, 12] 
dagF5.txt 5_4_3_2x3.txt 0.592274678111588 0.8 89.5 [10, 3, 10, 0, 11, 0, 4, 4, 11, 0, 4, 0, 3, 4, 10, 0, 9, 0, 3, 3, 11, 11, 3, 4, 4, 10, 0, 0, 4, 0, 10, 9, 8, 9, 5, 5, 7, 9, 6, 5, 9, 9, 1, 1, 9, 8, 6, 1, 1, 6, 7, 8, 5, 6, 8, 1, 2, 2, 6, 2, 8, 8, 7, 6, 5, 1, 7, 2, 2, 6, 7, 8, 5, 1, 6] 
dagF5.txt 5_4_3_2x3.txt 0.6137339055793991 0.9 91.0 [4, 5, 4, 7, 0, 0, 11, 5, 5, 0, 11, 7, 0, 0, 4, 4, 11, 7, 0, 7, 5, 5, 0, 0, 11, 4, 7, 7, 11, 7, 4, 10, 6, 10, 3, 3, 10, 8, 1, 9, 10, 8, 8, 3, 10, 2, 10, 2, 8, 1, 10, 9, 3, 1, 6, 6, 6, 10, 10, 9, 2, 2, 9, 1, 2, 3, 8, 6, 1, 1, 9, 2, 3, 8, 1] 
dagF5.txt 5_4_3_2x3.txt 0.5965665236051502 1 90.5 [10, 7, 10, 0, 11, 0, 4, 4, 11, 0, 4, 0, 7, 4, 10, 0, 9, 0, 7, 7, 11, 11, 7, 4, 4, 10, 0, 0, 4, 0, 10, 9, 8, 9, 2, 2, 8, 9, 6, 2, 9, 9, 5, 5, 9, 1, 6, 5, 5, 6, 8, 8, 2, 6, 1, 5, 8, 3, 6, 3, 1, 1, 3, 6, 2, 5, 8, 1, 3, 6, 3, 1, 2, 5, 6] 
dagF5.txt 5_4_3_2x3.txt 0.5965665236051502 0.6 95.0 [10, 2, 1, 1, 11, 10, 0, 0, 11, 10, 0, 1, 2, 0, 10, 1, 9, 1, 2, 2, 11, 11, 2, 0, 0, 1, 10, 2, 0, 10, 10, 9, 3, 9, 4, 4, 6, 9, 5, 5, 9, 9, 7, 4, 9, 3, 5, 7, 7, 5, 3, 6, 4, 5, 3, 7, 3, 8, 5, 6, 8, 8, 8, 4, 7, 4, 6, 8, 8, 5, 6, 8, 4, 7, 5] 
dagF5.txt 5_4_3_2x3.txt 0.6008583690987125 0.65 96.0 [3, 6, 5, 5, 11, 3, 0, 0, 11, 3, 0, 5, 6, 0, 3, 5, 2, 5, 6, 6, 11, 11, 6, 0, 0, 5, 3, 6, 0, 3, 3, 2, 4, 2, 10, 10, 4, 2, 9, 9, 2, 2, 10, 8, 2, 1, 8, 8, 8, 9, 4, 4, 10, 9, 4, 8, 1, 7, 8, 7, 1, 1, 7, 9, 10, 8, 4, 1, 7, 9, 7, 1, 10, 8, 9] 
dagF5.txt 5_4_3_2x3.txt 0.12875536480686695 0.2 404.0 [0, 0, 0, 0, 0, 0, 0, 0, 0, 5, 0, 0, 0, 0, 0, 0, 0, 0, 2, 0, 0, 0, 0, 0, 0, 0, 0, 0, 0, 0, 0, 0, 0, 0, 0, 0, 0, 0, 0, 0, 0, 0, 0, 0, 0, 0, 0, 0, 0, 0, 0, 4, 6, 0, 0, 0, 0, 0, 0, 8, 0, 0, 0, 0, 1, 0, 4, 0, 0, 0, 0, 0, 9, 0, 8] 
dagF5.txt 5_4_3_2x3.txt 0.2918454935622318 0.4 297.2 [0, 0, 0, 0, 0, 0, 0, 0, 0, 0, 0, 0, 0, 0, 0, 0, 0, 0, 0, 0, 0, 0, 0, 0, 0, 0, 0, 0, 0, 0, 0, 0, 4, 0, 0, 0, 3, 8, 0, 5, 0, 8, 0, 0, 0, 4, 0, 8, 0, 5, 6, 1, 0, 0, 4, 0, 4, 8, 0, 1, 4, 4, 5, 0, 8, 0, 2, 4, 8, 10, 9, 4, 0, 0, 1] 
dagF5.txt 5_4_3_2x3.txt None 0.1 20000000000.0 None 
dagF5.txt 5_4_3_2x3.txt 0.45493562231759654 0.5 131.6 [0, 5, 6, 5, 0, 0, 0, 0, 0, 5, 7, 0, 5, 0, 0, 0, 1, 0, 5, 0, 0, 0, 11, 0, 6, 0, 0, 0, 1, 0, 0, 1, 8, 1, 9, 9, 8, 1, 2, 2, 0, 1, 9, 4, 1, 8, 4, 4, 4, 2, 8, 8, 9, 4, 8, 4, 8, 4, 4, 4, 4, 4, 8, 4, 3, 4, 8, 4, 4, 2, 10, 4, 9, 4, 4] 
dagF5.txt 5_4_3_2x3.txt 0.12875536480686695 0.3 413.8 [0, 0, 0, 0, 0, 0, 0, 0, 0, 0, 1, 0, 0, 0, 0, 0, 0, 0, 0, 0, 0, 0, 0, 0, 5, 0, 0, 0, 0, 0, 0, 0, 0, 0, 0, 0, 0, 0, 0, 0, 0, 8, 0, 0, 0, 0, 0, 0, 0, 10, 0, 0, 0, 2, 0, 0, 0, 0, 0, 0, 0, 0, 4, 0, 0, 0, 0, 0, 0, 6, 4, 0, 0, 0, 9] 
dagF5.txt 3_2x3.txt 0.44635193133047213 0.45 199.0 [1, 3, 1, 3, 3, 1, 3, 1, 1, 1, 5, 3, 3, 1, 1, 3, 5, 3, 3, 5, 1, 5, 3, 1, 5, 1, 3, 3, 5, 1, 1, 5, 2, 4, 0, 0, 4, 5, 4, 4, 5, 5, 0, 0, 5, 2, 4, 0, 0, 4, 4, 2, 0, 4, 2, 0, 2, 4, 0, 2, 2, 2, 4, 0, 0, 0, 2, 2, 4, 4, 4, 2, 0, 0, 4] 
dagF5.txt 3_2x3.txt 0.13733905579399142 0.15 667.0 [0, 0, 0, 0, 1, 0, 0, 0, 0, 4, 2, 0, 0, 1, 0, 0, 0, 0, 4, 0, 0, 0, 0, 1, 2, 0, 0, 0, 0, 0, 0, 0, 0, 0, 0, 2, 0, 0, 0, 0, 0, 0, 0, 0, 0, 0, 0, 0, 0, 0, 0, 0, 2, 0, 0, 0, 0, 0, 0, 0, 0, 0, 0, 0, 2, 0, 0, 0, 0, 0, 0, 0, 2, 0, 0] 
dagF5.txt 3_2x3.txt 0.31759656652360513 0.35 262.6666666666667 [2, 4, 2, 4, 4, 4, 4, 2, 2, 4, 2, 4, 4, 4, 2, 4, 2, 4, 4, 4, 2, 2, 4, 4, 2, 2, 4, 4, 2, 4, 2, 2, 0, 2, 4, 1, 2, 2, 0, 2, 2, 2, 1, 0, 2, 0, 0, 0, 0, 0, 0, 2, 1, 0, 0, 0, 0, 0, 0, 0, 0, 0, 0, 0, 1, 0, 1, 0, 0, 1, 1, 0, 1, 0, 0] 
dagF5.txt 3_2x3.txt 0.2145922746781116 0.25 333.6666666666667 [0, 0, 0, 0, 0, 0, 0, 0, 0, 0, 0, 0, 0, 0, 0, 0, 0, 0, 0, 0, 0, 0, 0, 0, 0, 0, 0, 0, 0, 0, 0, 1, 2, 1, 2, 4, 2, 1, 2, 2, 1, 1, 2, 4, 1, 2, 2, 2, 2, 2, 2, 2, 4, 2, 2, 2, 2, 2, 2, 2, 2, 2, 2, 2, 4, 4, 2, 2, 2, 2, 2, 2, 4, 2, 2] 
dagF5.txt 4_1x4.txt 0.5278969957081545 0.6 300.0 [4, 3, 1, 1, 6, 4, 6, 3, 4, 6, 6, 1, 6, 6, 3, 1, 4, 1, 6, 3, 3, 1, 6, 6, 4, 1, 3, 3, 4, 3, 3, 4, 2, 4, 5, 0, 1, 4, 5, 5, 1, 4, 0, 0, 4, 2, 0, 0, 0, 5, 2, 2, 5, 5, 2, 0, 7, 7, 0, 7, 2, 2, 7, 5, 0, 0, 2, 7, 7, 5, 7, 2, 5, 0, 5] 
dagF5.txt 4_1x4.txt 0.5278969957081545 0.7 300.0 [4, 3, 1, 1, 6, 4, 6, 3, 4, 6, 6, 1, 6, 6, 3, 1, 4, 1, 6, 3, 3, 1, 6, 6, 4, 1, 3, 3, 4, 3, 3, 4, 2, 4, 5, 0, 1, 4, 5, 5, 1, 4, 0, 0, 4, 2, 0, 0, 0, 5, 2, 2, 5, 5, 2, 0, 7, 7, 0, 7, 2, 2, 7, 5, 0, 0, 2, 7, 7, 5, 7, 2, 5, 0, 5] 
dagF5.txt 4_1x4.txt 0.5278969957081545 0.65 300.0 [4, 3, 1, 1, 6, 4, 6, 3, 4, 6, 6, 1, 6, 6, 3, 1, 4, 1, 6, 3, 3, 1, 6, 6, 4, 1, 3, 3, 4, 3, 3, 4, 2, 4, 5, 0, 1, 4, 5, 5, 1, 4, 0, 0, 4, 2, 0, 0, 0, 5, 2, 2, 5, 5, 2, 0, 7, 7, 0, 7, 2, 2, 7, 5, 0, 0, 2, 7, 7, 5, 7, 2, 5, 0, 5] 
dagF5.txt 4_1x4.txt 0.5278969957081545 0.8 300.0 [4, 3, 1, 1, 6, 4, 6, 3, 4, 6, 6, 1, 6, 6, 3, 1, 4, 1, 6, 3, 3, 1, 6, 6, 4, 1, 3, 3, 4, 3, 3, 4, 2, 4, 5, 0, 1, 4, 5, 5, 1, 4, 0, 0, 4, 2, 0, 0, 0, 5, 2, 2, 5, 5, 2, 0, 7, 7, 0, 7, 2, 2, 7, 5, 0, 0, 2, 7, 7, 5, 7, 2, 5, 0, 5] 
dagF5.txt 5_4_3_2x3.txt 0.1459227467811159 0.25 405.6 [0, 0, 0, 0, 0, 0, 0, 0, 0, 0, 8, 0, 0, 0, 0, 0, 0, 0, 0, 0, 0, 0, 0, 0, 8, 0, 0, 0, 0, 0, 0, 0, 0, 0, 0, 0, 0, 0, 0, 4, 0, 0, 0, 0, 0, 0, 0, 0, 0, 10, 5, 4, 0, 0, 0, 0, 0, 0, 0, 0, 0, 0, 2, 0, 0, 0, 0, 0, 0, 6, 1, 0, 0, 0, 9] 
dagF5.txt 5_4_3_2x3.txt 0.11587982832618025 0.15 426.4 [0, 0, 0, 0, 0, 0, 0, 0, 0, 0, 1, 0, 0, 0, 0, 0, 0, 0, 0, 0, 0, 0, 0, 0, 5, 0, 0, 0, 0, 0, 0, 0, 0, 0, 0, 0, 0, 0, 0, 0, 0, 0, 0, 0, 0, 0, 0, 0, 0, 0, 0, 0, 0, 0, 0, 0, 0, 9, 9, 4, 0, 0, 0, 2, 0, 0, 0, 0, 0, 0, 0, 0, 8, 6, 0] 
dagF5.txt 5_4_3_2x3.txt 0.33905579399141633 0.45 194.0 [4, 3, 4, 1, 4, 4, 4, 4, 4, 4, 4, 4, 4, 4, 4, 1, 4, 1, 6, 9, 4, 4, 11, 4, 4, 4, 1, 9, 4, 4, 4, 4, 0, 8, 8, 0, 0, 0, 8, 5, 0, 0, 0, 0, 0, 0, 0, 0, 0, 5, 0, 0, 8, 0, 0, 0, 0, 0, 0, 0, 0, 0, 5, 0, 8, 10, 0, 0, 0, 7, 2, 0, 8, 0, 0] 
dagF5.txt 5_4_3_2x3.txt 0.5364806866952789 0.55 77.66666666666667 [0, 4, 0, 9, 3, 4, 9, 0, 0, 4, 9, 9, 4, 4, 0, 9, 6, 9, 4, 4, 0, 11, 4, 4, 6, 0, 9, 9, 6, 4, 0, 6, 8, 6, 2, 2, 8, 6, 1, 10, 0, 6, 2, 1, 6, 8, 1, 1, 1, 10, 8, 8, 2, 1, 5, 1, 5, 5, 1, 5, 8, 8, 5, 1, 2, 2, 8, 5, 5, 10, 7, 8, 2, 1, 1] 
dagF5.txt 4_1x4.txt 0.5278969957081545 0.9 300.0 [4, 3, 1, 1, 6, 4, 6, 3, 4, 6, 6, 1, 6, 6, 3, 1, 4, 1, 6, 3, 3, 1, 6, 6, 4, 1, 3, 3, 4, 3, 3, 4, 2, 4, 5, 0, 1, 4, 5, 5, 1, 4, 0, 0, 4, 2, 0, 0, 0, 5, 2, 2, 5, 5, 2, 0, 7, 7, 0, 7, 2, 2, 7, 5, 0, 0, 2, 7, 7, 5, 7, 2, 5, 0, 5] 
dagF5.txt 4_1x2.txt 0.351931330472103 0.4 593.0 [1, 1, 1, 1, 3, 1, 3, 3, 3, 1, 3, 1, 1, 3, 1, 1, 3, 1, 1, 1, 3, 3, 1, 3, 3, 1, 1, 1, 3, 1, 1, 3, 0, 3, 2, 2, 0, 3, 2, 2, 3, 3, 2, 0, 3, 0, 0, 0, 0, 2, 0, 0, 2, 2, 0, 0, 0, 0, 0, 2, 0, 0, 2, 2, 2, 2, 0, 0, 2, 2, 2, 0, 2, 0, 2] 
dagF5.txt 5_4_3_2x3.txt 0.3090128755364807 0.35 214.0 [0, 0, 0, 0, 0, 0, 0, 0, 0, 0, 0, 0, 0, 0, 0, 0, 0, 0, 0, 0, 0, 9, 0, 0, 0, 0, 0, 0, 0, 0, 0, 4, 4, 4, 0, 0, 4, 1, 4, 8, 4, 4, 1, 0, 4, 4, 4, 1, 4, 8, 4, 10, 5, 4, 4, 3, 4, 4, 7, 2, 4, 4, 8, 4, 1, 0, 6, 4, 4, 8, 8, 4, 5, 4, 4] 
dagF5.txt 4_1x2.txt 0.34334763948497854 0.5 593.0 [1, 1, 1, 1, 3, 1, 3, 3, 3, 1, 3, 1, 1, 3, 1, 1, 3, 1, 1, 1, 3, 3, 1, 3, 3, 1, 1, 1, 3, 1, 1, 3, 2, 3, 0, 0, 2, 3, 0, 0, 3, 3, 0, 0, 3, 2, 0, 0, 0, 0, 2, 2, 0, 0, 2, 0, 2, 2, 0, 2, 2, 2, 2, 0, 0, 0, 2, 2, 2, 0, 2, 2, 0, 0, 0] 
dagF5.txt 4_1x2.txt 0.34334763948497854 0.45 593.0 [1, 1, 1, 1, 3, 1, 3, 3, 3, 1, 3, 1, 1, 3, 1, 1, 3, 1, 1, 1, 3, 3, 1, 3, 3, 1, 1, 1, 3, 1, 1, 3, 2, 3, 0, 0, 2, 3, 0, 0, 3, 3, 0, 0, 3, 2, 0, 0, 0, 0, 2, 2, 0, 0, 2, 0, 2, 2, 0, 2, 2, 2, 2, 0, 0, 0, 2, 2, 2, 0, 2, 2, 0, 0, 0] 
dagF5.txt 4_1x2.txt 0.34334763948497854 0.6 593.0 [1, 1, 1, 1, 3, 1, 3, 3, 3, 1, 3, 1, 1, 3, 1, 1, 3, 1, 1, 1, 3, 3, 1, 3, 3, 1, 1, 1, 3, 1, 1, 3, 2, 3, 0, 0, 2, 3, 0, 0, 3, 3, 0, 0, 3, 2, 0, 0, 0, 0, 2, 2, 0, 0, 2, 0, 2, 2, 0, 2, 2, 2, 2, 0, 0, 0, 2, 2, 2, 0, 2, 2, 0, 0, 0] 
dagF5.txt 4_1x4.txt 0.5278969957081545 1 300.0 [4, 3, 1, 1, 6, 4, 6, 3, 4, 6, 6, 1, 6, 6, 3, 1, 4, 1, 6, 3, 3, 1, 6, 6, 4, 1, 3, 3, 4, 3, 3, 4, 2, 4, 5, 0, 1, 4, 5, 5, 1, 4, 0, 0, 4, 2, 0, 0, 0, 5, 2, 2, 5, 5, 2, 0, 7, 7, 0, 7, 2, 2, 7, 5, 0, 0, 2, 7, 7, 5, 7, 2, 5, 0, 5] 
dagF5.txt 4_1x2.txt 0.34334763948497854 0.7 593.0 [1, 1, 1, 1, 3, 1, 3, 3, 3, 1, 3, 1, 1, 3, 1, 1, 3, 1, 1, 1, 3, 3, 1, 3, 3, 1, 1, 1, 3, 1, 1, 3, 2, 3, 0, 0, 2, 3, 0, 0, 3, 3, 0, 0, 3, 2, 0, 0, 0, 0, 2, 2, 0, 0, 2, 0, 2, 2, 0, 2, 2, 2, 2, 0, 0, 0, 2, 2, 2, 0, 2, 2, 0, 0, 0] 
dagF5.txt 4_1x2.txt 0.34334763948497854 0.55 593.0 [1, 1, 1, 1, 3, 1, 3, 3, 3, 1, 3, 1, 1, 3, 1, 1, 3, 1, 1, 1, 3, 3, 1, 3, 3, 1, 1, 1, 3, 1, 1, 3, 2, 3, 0, 0, 2, 3, 0, 0, 3, 3, 0, 0, 3, 2, 0, 0, 0, 0, 2, 2, 0, 0, 2, 0, 2, 2, 0, 2, 2, 2, 2, 0, 0, 0, 2, 2, 2, 0, 2, 2, 0, 0, 0] 
dagF5.txt 4_1x2.txt 0.351931330472103 0.65 593.0 [1, 1, 1, 1, 3, 1, 3, 3, 3, 1, 3, 1, 1, 3, 1, 1, 3, 1, 1, 1, 3, 3, 1, 3, 3, 1, 1, 1, 3, 1, 1, 3, 0, 3, 2, 2, 0, 3, 2, 2, 3, 3, 2, 0, 3, 0, 0, 0, 0, 2, 0, 0, 2, 2, 0, 0, 0, 0, 0, 2, 0, 0, 2, 2, 2, 2, 0, 0, 2, 2, 2, 0, 2, 0, 2] 
dagF5.txt 4_1x2.txt 0.34334763948497854 0.9 593.0 [1, 1, 1, 1, 3, 1, 3, 3, 3, 1, 3, 1, 1, 3, 1, 1, 3, 1, 1, 1, 3, 3, 1, 3, 3, 1, 1, 1, 3, 1, 1, 3, 2, 3, 0, 0, 2, 3, 0, 0, 3, 3, 0, 0, 3, 2, 0, 0, 0, 0, 2, 2, 0, 0, 2, 0, 2, 2, 0, 2, 2, 2, 2, 0, 0, 0, 2, 2, 2, 0, 2, 2, 0, 0, 0] 
dagF5.txt 4_1x2.txt 0.351931330472103 0.8 593.0 [1, 1, 1, 1, 3, 1, 3, 3, 3, 1, 3, 1, 1, 3, 1, 1, 3, 1, 1, 1, 3, 3, 1, 3, 3, 1, 1, 1, 3, 1, 1, 3, 0, 3, 2, 2, 0, 3, 2, 2, 3, 3, 2, 0, 3, 0, 0, 0, 0, 2, 0, 0, 2, 2, 0, 0, 0, 0, 0, 2, 0, 0, 2, 2, 2, 2, 0, 0, 2, 2, 2, 0, 2, 0, 2] 
dagF5.txt 4_1x2.txt 0.34334763948497854 1 593.0 [1, 1, 1, 1, 3, 1, 3, 3, 3, 1, 3, 1, 1, 3, 1, 1, 3, 1, 1, 1, 3, 3, 1, 3, 3, 1, 1, 1, 3, 1, 1, 3, 2, 3, 0, 0, 2, 3, 0, 0, 3, 3, 0, 0, 3, 2, 0, 0, 0, 0, 2, 2, 0, 0, 2, 0, 2, 2, 0, 2, 2, 2, 2, 0, 0, 0, 2, 2, 2, 0, 2, 2, 0, 0, 0] 
dagF5.txt 3_2x2.txt 0.34334763948497854 0.4 296.5 [1, 1, 1, 1, 3, 1, 3, 3, 3, 1, 3, 1, 1, 3, 1, 1, 3, 1, 1, 1, 3, 3, 1, 3, 3, 1, 1, 1, 3, 1, 1, 3, 2, 3, 0, 0, 2, 3, 0, 0, 3, 3, 0, 0, 3, 2, 0, 0, 0, 0, 2, 2, 0, 0, 2, 0, 2, 2, 0, 2, 2, 2, 2, 0, 0, 0, 2, 2, 2, 0, 2, 2, 0, 0, 0] 
dagF5.txt 3_2x2.txt 0.351931330472103 0.45 296.5 [1, 1, 1, 1, 3, 1, 3, 3, 3, 1, 3, 1, 1, 3, 1, 1, 3, 1, 1, 1, 3, 3, 1, 3, 3, 1, 1, 1, 3, 1, 1, 3, 0, 3, 2, 2, 0, 3, 2, 2, 3, 3, 2, 0, 3, 0, 0, 0, 0, 2, 0, 0, 2, 2, 0, 0, 0, 0, 0, 2, 0, 0, 2, 2, 2, 2, 0, 0, 2, 2, 2, 0, 2, 0, 2] 
dagF5.txt 3_2x2.txt 0.34334763948497854 0.5 296.5 [1, 1, 1, 1, 3, 1, 3, 3, 3, 1, 3, 1, 1, 3, 1, 1, 3, 1, 1, 1, 3, 3, 1, 3, 3, 1, 1, 1, 3, 1, 1, 3, 2, 3, 0, 0, 2, 3, 0, 0, 3, 3, 0, 0, 3, 2, 0, 0, 0, 0, 2, 2, 0, 0, 2, 0, 2, 2, 0, 2, 2, 2, 2, 0, 0, 0, 2, 2, 2, 0, 2, 2, 0, 0, 0] 
dagF5.txt 3_2x2.txt 0.34334763948497854 0.55 296.5 [1, 1, 1, 1, 3, 1, 3, 3, 3, 1, 3, 1, 1, 3, 1, 1, 3, 1, 1, 1, 3, 3, 1, 3, 3, 1, 1, 1, 3, 1, 1, 3, 2, 3, 0, 0, 2, 3, 0, 0, 3, 3, 0, 0, 3, 2, 0, 0, 0, 0, 2, 2, 0, 0, 2, 0, 2, 2, 0, 2, 2, 2, 2, 0, 0, 0, 2, 2, 2, 0, 2, 2, 0, 0, 0] 
dagF5.txt 4_1x4.txt 0.0944206008583691 0.1 529.25 [0, 0, 0, 0, 0, 0, 0, 0, 0, 4, 0, 0, 0, 0, 0, 0, 0, 0, 4, 0, 0, 0, 0, 0, 0, 0, 0, 0, 0, 0, 0, 2, 0, 0, 0, 2, 0, 0, 0, 0, 0, 0, 0, 0, 2, 0, 0, 0, 0, 0, 0, 0, 2, 0, 0, 0, 0, 0, 0, 0, 0, 0, 0, 0, 2, 0, 0, 0, 0, 0, 0, 0, 2, 0, 0] 
dagF5.txt 3_2x2.txt 0.34334763948497854 0.6 296.5 [1, 1, 1, 1, 3, 1, 3, 3, 3, 1, 3, 1, 1, 3, 1, 1, 3, 1, 1, 1, 3, 3, 1, 3, 3, 1, 1, 1, 3, 1, 1, 3, 2, 3, 0, 0, 2, 3, 0, 0, 3, 3, 0, 0, 3, 2, 0, 0, 0, 0, 2, 2, 0, 0, 2, 0, 2, 2, 0, 2, 2, 2, 2, 0, 0, 0, 2, 2, 2, 0, 2, 2, 0, 0, 0] 
dagF5.txt 4_1x4.txt 0.15450643776824036 0.2 324.25 [0, 0, 0, 0, 0, 0, 0, 0, 0, 0, 0, 0, 0, 0, 0, 0, 0, 0, 0, 0, 0, 0, 0, 0, 0, 0, 0, 0, 0, 0, 0, 0, 2, 4, 0, 0, 2, 0, 2, 2, 0, 4, 2, 0, 0, 2, 2, 2, 2, 2, 2, 2, 0, 2, 2, 2, 2, 2, 2, 2, 2, 2, 2, 2, 0, 0, 2, 2, 2, 2, 2, 2, 2, 2, 2] 
dagF5.txt 3_2x2.txt 0.34334763948497854 0.65 296.5 [1, 1, 1, 1, 3, 1, 3, 3, 3, 1, 3, 1, 1, 3, 1, 1, 3, 1, 1, 1, 3, 3, 1, 3, 3, 1, 1, 1, 3, 1, 1, 3, 2, 3, 0, 0, 2, 3, 0, 0, 3, 3, 0, 0, 3, 2, 0, 0, 0, 0, 2, 2, 0, 0, 2, 0, 2, 2, 0, 2, 2, 2, 2, 0, 0, 0, 2, 2, 2, 0, 2, 2, 0, 0, 0] 
dagF5.txt 4_1x2.txt 0.06866952789699571 0.1 568.5 [0, 0, 0, 0, 0, 0, 0, 0, 0, 0, 0, 0, 0, 0, 0, 0, 0, 0, 0, 0, 0, 0, 0, 0, 2, 0, 0, 0, 0, 0, 0, 1, 0, 0, 0, 2, 0, 0, 0, 0, 0, 0, 0, 0, 1, 0, 0, 0, 0, 0, 0, 0, 0, 0, 0, 0, 0, 0, 0, 0, 0, 0, 0, 0, 0, 0, 0, 0, 0, 0, 0, 0, 0, 0, 0] 
dagF5.txt 3_2x2.txt 0.34334763948497854 0.7 296.5 [1, 1, 1, 1, 3, 1, 3, 3, 3, 1, 3, 1, 1, 3, 1, 1, 3, 1, 1, 1, 3, 3, 1, 3, 3, 1, 1, 1, 3, 1, 1, 3, 2, 3, 0, 0, 2, 3, 0, 0, 3, 3, 0, 0, 3, 2, 0, 0, 0, 0, 2, 2, 0, 0, 2, 0, 2, 2, 0, 2, 2, 2, 2, 0, 0, 0, 2, 2, 2, 0, 2, 2, 0, 0, 0] 
dagF5.txt 4_1x2.txt 0.2532188841201717 0.3 245.5 [2, 2, 1, 2, 2, 2, 2, 2, 2, 2, 2, 2, 2, 2, 2, 2, 2, 2, 2, 2, 2, 2, 2, 2, 1, 2, 2, 2, 2, 2, 2, 1, 0, 1, 0, 0, 0, 1, 0, 3, 2, 1, 0, 0, 1, 0, 0, 0, 0, 3, 0, 0, 0, 0, 0, 0, 0, 0, 0, 0, 0, 0, 3, 0, 0, 0, 0, 3, 0, 3, 3, 0, 0, 0, 0] 
dagF5.txt 4_1x2.txt 0.18025751072961374 0.2 446.25 [0, 0, 0, 0, 0, 0, 0, 0, 0, 0, 1, 0, 0, 0, 0, 0, 0, 0, 0, 0, 0, 0, 0, 0, 1, 0, 0, 0, 0, 0, 0, 0, 0, 0, 2, 1, 0, 0, 2, 1, 0, 0, 0, 0, 0, 0, 0, 0, 0, 2, 0, 1, 1, 2, 0, 0, 0, 0, 0, 2, 0, 0, 0, 2, 1, 0, 1, 0, 0, 2, 0, 0, 2, 2, 2] 
dagF5.txt 3_2x2.txt 0.34334763948497854 0.8 296.5 [1, 1, 1, 1, 3, 1, 3, 3, 3, 1, 3, 1, 1, 3, 1, 1, 3, 1, 1, 1, 3, 3, 1, 3, 3, 1, 1, 1, 3, 1, 1, 3, 2, 3, 0, 0, 2, 3, 0, 0, 3, 3, 0, 0, 3, 2, 0, 0, 0, 0, 2, 2, 0, 0, 2, 0, 2, 2, 0, 2, 2, 2, 2, 0, 0, 0, 2, 2, 2, 0, 2, 2, 0, 0, 0] 
dagF5.txt 4_1x2.txt 0.34334763948497854 0.35 593.0 [1, 1, 1, 1, 3, 1, 3, 3, 3, 1, 3, 1, 1, 3, 1, 1, 3, 1, 1, 1, 3, 3, 1, 3, 3, 1, 1, 1, 3, 1, 1, 3, 2, 3, 0, 0, 2, 3, 0, 0, 3, 3, 0, 0, 3, 2, 0, 0, 0, 0, 2, 2, 0, 0, 2, 0, 2, 2, 0, 2, 2, 2, 2, 0, 0, 0, 2, 2, 2, 0, 2, 2, 0, 0, 0] 
dagF5.txt 3_2x2.txt 0.351931330472103 0.9 296.5 [1, 1, 1, 1, 3, 1, 3, 3, 3, 1, 3, 1, 1, 3, 1, 1, 3, 1, 1, 1, 3, 3, 1, 3, 3, 1, 1, 1, 3, 1, 1, 3, 0, 3, 2, 2, 0, 3, 2, 2, 3, 3, 2, 0, 3, 0, 0, 0, 0, 2, 0, 0, 2, 2, 0, 0, 0, 0, 0, 2, 0, 0, 2, 2, 2, 2, 0, 0, 2, 2, 2, 0, 2, 0, 2] 
dagF5.txt 4_1x4.txt 0.4978540772532189 0.5 286.0 [1, 2, 4, 3, 2, 2, 2, 1, 1, 2, 4, 3, 2, 2, 1, 3, 4, 3, 2, 3, 1, 1, 2, 2, 4, 3, 3, 3, 4, 3, 1, 4, 3, 4, 6, 6, 0, 4, 0, 5, 1, 4, 6, 6, 4, 5, 0, 6, 0, 0, 0, 5, 6, 0, 5, 6, 7, 7, 6, 7, 5, 5, 7, 0, 6, 6, 5, 7, 7, 0, 7, 5, 0, 0, 0] 
dagF5.txt 4_1x4.txt 0.296137339055794 0.3 225.0 [0, 0, 0, 0, 6, 0, 1, 0, 0, 0, 1, 0, 6, 1, 0, 0, 0, 0, 6, 0, 0, 0, 6, 0, 1, 0, 0, 0, 0, 0, 0, 0, 2, 0, 3, 2, 2, 0, 2, 4, 0, 0, 2, 2, 0, 2, 2, 2, 2, 4, 2, 2, 3, 2, 2, 2, 2, 2, 2, 2, 2, 2, 4, 2, 3, 2, 2, 2, 2, 4, 4, 2, 3, 2, 2] 
dagF5.txt 3_2x2.txt 0.34334763948497854 1 296.5 [1, 1, 1, 1, 3, 1, 3, 3, 3, 1, 3, 1, 1, 3, 1, 1, 3, 1, 1, 1, 3, 3, 1, 3, 3, 1, 1, 1, 3, 1, 1, 3, 2, 3, 0, 0, 2, 3, 0, 0, 3, 3, 0, 0, 3, 2, 0, 0, 0, 0, 2, 2, 0, 0, 2, 0, 2, 2, 0, 2, 2, 2, 2, 0, 0, 0, 2, 2, 2, 0, 2, 2, 0, 0, 0] 
dagF5.txt 3_2x2.txt 0.06866952789699571 0.1 758.0 [0, 0, 0, 0, 0, 0, 0, 0, 0, 0, 0, 0, 0, 0, 0, 0, 0, 0, 0, 0, 0, 0, 0, 0, 2, 0, 0, 0, 0, 0, 0, 1, 0, 0, 0, 2, 0, 0, 0, 0, 0, 0, 0, 0, 1, 0, 0, 0, 0, 0, 0, 0, 0, 0, 0, 0, 0, 0, 0, 0, 0, 0, 0, 0, 0, 0, 0, 0, 0, 0, 0, 0, 0, 0, 0] 
dagF5.txt 3_2x2.txt 0.18025751072961374 0.2 595.0 [0, 0, 0, 0, 0, 0, 0, 0, 0, 0, 1, 0, 0, 0, 0, 0, 0, 0, 0, 0, 0, 0, 0, 0, 1, 0, 0, 0, 0, 0, 0, 0, 0, 0, 2, 1, 0, 0, 2, 1, 0, 0, 0, 0, 0, 0, 0, 0, 0, 2, 0, 1, 1, 2, 0, 0, 0, 0, 0, 2, 0, 0, 0, 2, 1, 0, 1, 0, 0, 2, 0, 0, 2, 2, 2] 
dagF5.txt 4_1x4.txt 0.5278969957081545 0.55 300.0 [4, 3, 1, 1, 6, 4, 6, 3, 4, 6, 6, 1, 6, 6, 3, 1, 4, 1, 6, 3, 3, 1, 6, 6, 4, 1, 3, 3, 4, 3, 3, 4, 2, 4, 5, 0, 1, 4, 5, 5, 1, 4, 0, 0, 4, 2, 0, 0, 0, 5, 2, 2, 5, 5, 2, 0, 7, 7, 0, 7, 2, 2, 7, 5, 0, 0, 2, 7, 7, 5, 7, 2, 5, 0, 5] 
dagF5.txt 4_1x4.txt 0.36909871244635195 0.4 184.75 [0, 0, 0, 0, 3, 0, 0, 0, 0, 0, 7, 0, 3, 0, 0, 0, 1, 0, 3, 0, 0, 0, 3, 0, 7, 0, 0, 0, 1, 0, 0, 1, 4, 7, 5, 2, 2, 1, 2, 6, 1, 7, 2, 2, 1, 4, 2, 2, 2, 6, 4, 2, 5, 2, 4, 2, 4, 2, 2, 2, 2, 2, 6, 2, 5, 2, 2, 2, 2, 6, 6, 2, 5, 2, 2] 
dagF5.txt 3_2x2.txt 0.2532188841201717 0.3 327.3333333333333 [2, 2, 1, 2, 2, 2, 2, 2, 2, 2, 2, 2, 2, 2, 2, 2, 2, 2, 2, 2, 2, 2, 2, 2, 1, 2, 2, 2, 2, 2, 2, 1, 0, 1, 0, 0, 0, 1, 0, 3, 2, 1, 0, 0, 1, 0, 0, 0, 0, 3, 0, 0, 0, 0, 0, 0, 0, 0, 0, 0, 0, 0, 3, 0, 0, 0, 0, 3, 0, 3, 3, 0, 0, 0, 0] 
dagF5.txt 3_2x2.txt 0.34334763948497854 0.35 296.5 [1, 1, 1, 1, 3, 1, 3, 3, 3, 1, 3, 1, 1, 3, 1, 1, 3, 1, 1, 1, 3, 3, 1, 3, 3, 1, 1, 1, 3, 1, 1, 3, 2, 3, 0, 0, 2, 3, 0, 0, 3, 3, 0, 0, 3, 2, 0, 0, 0, 0, 2, 2, 0, 0, 2, 0, 2, 2, 0, 2, 2, 2, 2, 0, 0, 0, 2, 2, 2, 0, 2, 2, 0, 0, 0] 
dagF5.txt 5_4_3_2x1.txt 0.34334763948497854 0.4 293.0 [2, 2, 2, 2, 3, 2, 3, 3, 3, 2, 3, 2, 2, 3, 2, 2, 3, 2, 2, 2, 3, 3, 2, 3, 3, 2, 2, 2, 3, 2, 2, 3, 1, 3, 0, 0, 1, 3, 0, 0, 3, 3, 0, 0, 3, 1, 0, 0, 0, 0, 1, 1, 0, 0, 1, 0, 1, 1, 0, 1, 1, 1, 1, 0, 0, 0, 1, 1, 1, 0, 1, 1, 0, 0, 0] 
dagF5.txt 5_4_3_2x1.txt 0.34334763948497854 0.45 293.0 [2, 2, 2, 2, 3, 2, 3, 3, 3, 2, 3, 2, 2, 3, 2, 2, 3, 2, 2, 2, 3, 3, 2, 3, 3, 2, 2, 2, 3, 2, 2, 3, 1, 3, 0, 0, 1, 3, 0, 0, 3, 3, 0, 0, 3, 1, 0, 0, 0, 0, 1, 1, 0, 0, 1, 0, 1, 1, 0, 1, 1, 1, 1, 0, 0, 0, 1, 1, 1, 0, 1, 1, 0, 0, 0] 
dagF5.txt 5_4_3_2x1.txt 0.34334763948497854 0.5 293.0 [2, 2, 2, 2, 3, 2, 3, 3, 3, 2, 3, 2, 2, 3, 2, 2, 3, 2, 2, 2, 3, 3, 2, 3, 3, 2, 2, 2, 3, 2, 2, 3, 1, 3, 0, 0, 1, 3, 0, 0, 3, 3, 0, 0, 3, 1, 0, 0, 0, 0, 1, 1, 0, 0, 1, 0, 1, 1, 0, 1, 1, 1, 1, 0, 0, 0, 1, 1, 1, 0, 1, 1, 0, 0, 0] 
dagF5.txt 5_4_3_2x1.txt 0.351931330472103 0.55 293.0 [2, 2, 2, 2, 3, 2, 3, 3, 3, 2, 3, 2, 2, 3, 2, 2, 3, 2, 2, 2, 3, 3, 2, 3, 3, 2, 2, 2, 3, 2, 2, 3, 0, 3, 1, 1, 0, 3, 1, 1, 3, 3, 1, 0, 3, 0, 0, 0, 0, 1, 0, 0, 1, 1, 0, 0, 0, 0, 0, 1, 0, 0, 1, 1, 1, 1, 0, 0, 1, 1, 1, 0, 1, 0, 1] 
dagF5.txt 5_4_3_2x1.txt 0.34334763948497854 0.6 293.0 [2, 2, 2, 2, 3, 2, 3, 3, 3, 2, 3, 2, 2, 3, 2, 2, 3, 2, 2, 2, 3, 3, 2, 3, 3, 2, 2, 2, 3, 2, 2, 3, 1, 3, 0, 0, 1, 3, 0, 0, 3, 3, 0, 0, 3, 1, 0, 0, 0, 0, 1, 1, 0, 0, 1, 0, 1, 1, 0, 1, 1, 1, 1, 0, 0, 0, 1, 1, 1, 0, 1, 1, 0, 0, 0] 
dagF5.txt 5_4_3_2x1.txt 0.351931330472103 0.65 293.0 [2, 2, 2, 2, 3, 2, 3, 3, 3, 2, 3, 2, 2, 3, 2, 2, 3, 2, 2, 2, 3, 3, 2, 3, 3, 2, 2, 2, 3, 2, 2, 3, 0, 3, 1, 1, 0, 3, 1, 1, 3, 3, 1, 0, 3, 0, 0, 0, 0, 1, 0, 0, 1, 1, 0, 0, 0, 0, 0, 1, 0, 0, 1, 1, 1, 1, 0, 0, 1, 1, 1, 0, 1, 0, 1] 
dagF5.txt 4_1x2.txt 0.14163090128755365 0.15 488.0 [0, 0, 0, 0, 0, 0, 0, 0, 0, 0, 1, 0, 0, 0, 0, 0, 2, 0, 0, 0, 0, 0, 0, 0, 1, 0, 0, 0, 0, 0, 0, 2, 0, 2, 0, 1, 0, 2, 0, 0, 0, 2, 0, 0, 2, 0, 0, 0, 0, 0, 0, 0, 1, 0, 0, 0, 2, 0, 0, 0, 0, 0, 0, 0, 1, 0, 0, 0, 0, 0, 0, 0, 1, 0, 0] 
dagF5.txt 5_4_3_2x1.txt 0.351931330472103 0.7 293.0 [2, 2, 2, 2, 3, 2, 3, 3, 3, 2, 3, 2, 2, 3, 2, 2, 3, 2, 2, 2, 3, 3, 2, 3, 3, 2, 2, 2, 3, 2, 2, 3, 0, 3, 1, 1, 0, 3, 1, 1, 3, 3, 1, 0, 3, 0, 0, 0, 0, 1, 0, 0, 1, 1, 0, 0, 0, 0, 0, 1, 0, 0, 1, 1, 1, 1, 0, 0, 1, 1, 1, 0, 1, 0, 1] 
dagF5.txt 4_1x2.txt 0.22746781115879827 0.25 371.25 [0, 0, 0, 0, 0, 0, 0, 0, 0, 0, 1, 0, 0, 0, 0, 0, 0, 0, 0, 0, 0, 2, 0, 0, 1, 0, 0, 0, 0, 0, 0, 0, 0, 0, 0, 1, 2, 0, 2, 2, 2, 1, 1, 0, 0, 0, 2, 0, 1, 2, 2, 2, 0, 2, 0, 0, 0, 2, 2, 2, 0, 0, 2, 2, 0, 0, 1, 0, 2, 2, 2, 0, 2, 1, 2] 
dagF5.txt 5_4_3_2x1.txt 0.34334763948497854 0.9 293.0 [2, 2, 2, 2, 3, 2, 3, 3, 3, 2, 3, 2, 2, 3, 2, 2, 3, 2, 2, 2, 3, 3, 2, 3, 3, 2, 2, 2, 3, 2, 2, 3, 1, 3, 0, 0, 1, 3, 0, 0, 3, 3, 0, 0, 3, 1, 0, 0, 0, 0, 1, 1, 0, 0, 1, 0, 1, 1, 0, 1, 1, 1, 1, 0, 0, 0, 1, 1, 1, 0, 1, 1, 0, 0, 0] 
dagF5.txt 5_4_3_2x1.txt 0.03862660944206009 0.1 460.0 [0, 0, 0, 0, 0, 0, 0, 0, 0, 0, 0, 0, 0, 0, 0, 0, 0, 0, 0, 0, 0, 0, 0, 0, 0, 0, 0, 0, 0, 0, 0, 0, 0, 0, 0, 0, 0, 0, 0, 0, 0, 0, 1, 0, 0, 0, 0, 0, 0, 0, 0, 0, 0, 0, 0, 0, 0, 0, 0, 0, 0, 0, 0, 0, 0, 0, 1, 0, 0, 0, 0, 0, 0, 0, 0] 
dagF5.txt 5_4_3_2x1.txt 0.34334763948497854 0.8 293.0 [2, 2, 2, 2, 3, 2, 3, 3, 3, 2, 3, 2, 2, 3, 2, 2, 3, 2, 2, 2, 3, 3, 2, 3, 3, 2, 2, 2, 3, 2, 2, 3, 1, 3, 0, 0, 1, 3, 0, 0, 3, 3, 0, 0, 3, 1, 0, 0, 0, 0, 1, 1, 0, 0, 1, 0, 1, 1, 0, 1, 1, 1, 1, 0, 0, 0, 1, 1, 1, 0, 1, 1, 0, 0, 0] 
dagF5.txt 5_4_3_2x1.txt 0.34334763948497854 1 293.0 [2, 2, 2, 2, 3, 2, 3, 3, 3, 2, 3, 2, 2, 3, 2, 2, 3, 2, 2, 2, 3, 3, 2, 3, 3, 2, 2, 2, 3, 2, 2, 3, 1, 3, 0, 0, 1, 3, 0, 0, 3, 3, 0, 0, 3, 1, 0, 0, 0, 0, 1, 1, 0, 0, 1, 0, 1, 1, 0, 1, 1, 1, 1, 0, 0, 0, 1, 1, 1, 0, 1, 1, 0, 0, 0] 
dagF5.txt 3_2x2.txt 0.14163090128755365 0.15 650.6666666666666 [0, 0, 0, 0, 0, 0, 0, 0, 0, 0, 1, 0, 0, 0, 0, 0, 2, 0, 0, 0, 0, 0, 0, 0, 1, 0, 0, 0, 0, 0, 0, 2, 0, 2, 0, 1, 0, 2, 0, 0, 0, 2, 0, 0, 2, 0, 0, 0, 0, 0, 0, 0, 1, 0, 0, 0, 2, 0, 0, 0, 0, 0, 0, 0, 1, 0, 0, 0, 0, 0, 0, 0, 1, 0, 0] 
dagF5.txt 5_4_3_2x1.txt 0.18025751072961374 0.2 357.0 [0, 0, 0, 0, 0, 0, 0, 0, 0, 0, 2, 0, 0, 0, 0, 0, 0, 0, 0, 0, 0, 0, 0, 0, 2, 0, 0, 0, 0, 0, 0, 0, 0, 0, 1, 2, 0, 0, 1, 2, 0, 0, 0, 0, 0, 0, 0, 0, 0, 1, 0, 2, 2, 1, 0, 0, 0, 0, 0, 1, 0, 0, 0, 1, 2, 0, 2, 0, 0, 1, 0, 0, 1, 1, 1] 
dagF5.txt 3_2x2.txt 0.22746781115879827 0.25 495.0 [0, 0, 0, 0, 0, 0, 0, 0, 0, 0, 1, 0, 0, 0, 0, 0, 0, 0, 0, 0, 0, 2, 0, 0, 1, 0, 0, 0, 0, 0, 0, 0, 0, 0, 0, 1, 2, 0, 2, 2, 2, 1, 1, 0, 0, 0, 2, 0, 1, 2, 2, 2, 0, 2, 0, 0, 0, 2, 2, 2, 0, 0, 2, 2, 0, 0, 1, 0, 2, 2, 2, 0, 2, 1, 2] 
dagF5.txt 4_1x4.txt 0.0944206008583691 0.15 529.25 [0, 0, 0, 0, 0, 0, 0, 0, 0, 4, 0, 0, 0, 0, 0, 0, 0, 0, 4, 0, 0, 0, 0, 0, 0, 0, 0, 0, 0, 0, 0, 2, 0, 0, 0, 2, 0, 0, 0, 0, 0, 0, 0, 0, 2, 0, 0, 0, 0, 0, 0, 0, 2, 0, 0, 0, 0, 0, 0, 0, 0, 0, 0, 0, 2, 0, 0, 0, 0, 0, 0, 0, 2, 0, 0] 
dagF5.txt 5_4_3_2x1.txt 0.2532188841201717 0.3 238.25 [1, 1, 2, 1, 1, 1, 1, 1, 1, 1, 1, 1, 1, 1, 1, 1, 1, 1, 1, 1, 1, 1, 1, 1, 2, 1, 1, 1, 1, 1, 1, 2, 0, 2, 0, 0, 0, 2, 0, 3, 1, 2, 0, 0, 2, 0, 0, 0, 0, 3, 0, 0, 0, 0, 0, 0, 0, 0, 0, 0, 0, 0, 3, 0, 0, 0, 0, 3, 0, 3, 3, 0, 0, 0, 0] 
dagF5.txt 5_4_3_2x1.txt 0.34334763948497854 0.35 293.0 [2, 2, 2, 2, 3, 2, 3, 3, 3, 2, 3, 2, 2, 3, 2, 2, 3, 2, 2, 2, 3, 3, 2, 3, 3, 2, 2, 2, 3, 2, 2, 3, 1, 3, 0, 0, 1, 3, 0, 0, 3, 3, 0, 0, 3, 1, 0, 0, 0, 0, 1, 1, 0, 0, 1, 0, 1, 1, 0, 1, 1, 1, 1, 0, 0, 0, 1, 1, 1, 0, 1, 1, 0, 0, 0] 
dagF5.txt 5_4_3_2x4.txt 0.6566523605150214 0.7 67.0 [8, 3, 14, 6, 4, 8, 4, 9, 4, 8, 4, 14, 3, 8, 9, 6, 8, 6, 3, 12, 9, 6, 3, 8, 14, 14, 12, 12, 8, 12, 9, 2, 1, 2, 15, 15, 2, 1, 7, 0, 2, 2, 10, 12, 2, 5, 13, 10, 10, 0, 7, 11, 15, 13, 1, 10, 1, 13, 13, 11, 5, 5, 0, 7, 15, 12, 11, 5, 13, 0, 0, 5, 7, 10, 13] 
dagF5.txt 4_1x4.txt 0.15450643776824036 0.25 324.25 [0, 0, 0, 0, 0, 0, 0, 0, 0, 0, 0, 0, 0, 0, 0, 0, 0, 0, 0, 0, 0, 0, 0, 0, 0, 0, 0, 0, 0, 0, 0, 0, 2, 4, 0, 0, 2, 0, 2, 2, 0, 4, 2, 0, 0, 2, 2, 2, 2, 2, 2, 2, 0, 2, 2, 2, 2, 2, 2, 2, 2, 2, 2, 2, 0, 0, 2, 2, 2, 2, 2, 2, 2, 2, 2] 
dagF5.txt 5_4_3_2x4.txt 0.6652360515021459 0.8 65.5 [1, 6, 8, 8, 9, 4, 9, 11, 7, 13, 9, 4, 13, 9, 6, 8, 1, 4, 13, 4, 6, 11, 13, 13, 7, 8, 4, 4, 1, 4, 6, 1, 15, 7, 5, 12, 15, 1, 5, 5, 11, 7, 2, 12, 1, 0, 10, 2, 2, 10, 15, 0, 12, 10, 15, 2, 3, 14, 10, 3, 0, 0, 14, 5, 12, 12, 0, 14, 3, 10, 14, 0, 5, 2, 10] 
dagF5.txt 5_4_3_2x4.txt 0.15021459227467812 0.2 399.2 [0, 0, 0, 0, 0, 0, 0, 0, 0, 0, 9, 0, 0, 0, 0, 0, 0, 0, 0, 12, 0, 0, 0, 0, 13, 0, 0, 6, 0, 0, 0, 0, 0, 0, 0, 0, 0, 0, 0, 0, 0, 1, 0, 0, 0, 0, 0, 0, 0, 4, 5, 0, 0, 0, 0, 0, 0, 0, 0, 0, 0, 0, 2, 0, 0, 0, 0, 0, 0, 4, 8, 0, 0, 0, 4] 
dagF5.txt 5_4_3_2x4.txt 0.6609442060085837 0.9 64.5 [8, 14, 12, 12, 3, 4, 3, 1, 1, 8, 15, 12, 14, 3, 4, 12, 8, 12, 14, 4, 1, 1, 14, 3, 15, 6, 4, 4, 8, 6, 4, 13, 0, 13, 7, 6, 13, 8, 10, 7, 13, 15, 9, 6, 13, 0, 13, 5, 11, 10, 0, 9, 7, 10, 0, 5, 0, 13, 5, 9, 5, 2, 2, 11, 7, 6, 9, 2, 5, 10, 2, 13, 11, 11, 10] 
dagF5.txt 5_4_3_2x4.txt None 0.1 20000000000.0 None 
dagF5.txt 5_4_3_2x4.txt 0.13733905579399142 0.3 416.4 [0, 0, 0, 0, 0, 0, 0, 0, 0, 0, 0, 0, 0, 0, 0, 0, 0, 0, 0, 8, 0, 0, 0, 0, 0, 0, 0, 6, 0, 0, 0, 0, 0, 0, 0, 5, 0, 0, 0, 12, 0, 0, 0, 0, 0, 0, 0, 0, 0, 2, 0, 0, 0, 0, 0, 0, 0, 0, 0, 0, 0, 0, 9, 0, 0, 0, 0, 0, 0, 13, 4, 0, 0, 0, 1] 
dagF5.txt 5_4_3_2x4.txt 0.6566523605150214 1 68.0 [9, 7, 6, 8, 0, 9, 0, 12, 12, 9, 0, 8, 7, 0, 9, 8, 11, 8, 7, 6, 12, 12, 7, 0, 15, 6, 8, 8, 11, 6, 9, 11, 13, 15, 10, 10, 4, 11, 3, 2, 15, 15, 5, 10, 11, 13, 4, 1, 4, 3, 2, 5, 10, 3, 13, 4, 13, 4, 4, 5, 1, 1, 2, 14, 14, 10, 5, 1, 4, 3, 2, 1, 14, 14, 3] 
dagF5.txt 5_4_3_2x4.txt 0.3905579399141631 0.4 279.0 [0, 0, 0, 0, 0, 0, 0, 0, 0, 8, 0, 0, 0, 0, 0, 0, 4, 0, 8, 0, 0, 10, 0, 8, 0, 0, 0, 0, 0, 0, 0, 0, 0, 0, 8, 0, 12, 4, 0, 9, 12, 0, 0, 0, 0, 0, 0, 4, 0, 5, 12, 9, 1, 5, 0, 6, 4, 13, 6, 14, 0, 0, 12, 0, 1, 0, 0, 13, 4, 3, 2, 0, 1, 0, 5] 
dagF5.txt 5_4_3_2x4.txt 0.4334763948497854 0.5 165.2 [4, 3, 4, 12, 4, 4, 6, 4, 4, 4, 9, 12, 4, 4, 4, 12, 4, 12, 4, 14, 4, 4, 7, 4, 9, 4, 12, 11, 4, 4, 4, 4, 0, 0, 8, 8, 2, 0, 0, 1, 13, 0, 8, 0, 0, 0, 0, 0, 0, 1, 2, 5, 8, 0, 0, 0, 0, 0, 0, 0, 0, 0, 13, 0, 8, 0, 5, 0, 0, 1, 10, 0, 8, 0, 0] 
dagF5.txt 5_4_3_2x4.txt 0.5965665236051502 0.6 76.2 [13, 1, 4, 12, 1, 13, 15, 4, 4, 13, 3, 12, 1, 13, 4, 12, 9, 12, 1, 12, 4, 4, 1, 13, 3, 4, 12, 12, 9, 13, 4, 9, 8, 7, 11, 2, 0, 9, 11, 5, 4, 7, 14, 2, 9, 8, 0, 0, 0, 5, 5, 8, 2, 0, 8, 0, 8, 0, 0, 0, 0, 8, 5, 6, 6, 2, 14, 10, 0, 5, 10, 0, 6, 0, 0] 
dagF5.txt 5_4_3_2x1.txt 0.14163090128755365 0.15 390.4 [0, 0, 0, 0, 0, 0, 0, 0, 0, 0, 2, 0, 0, 0, 0, 0, 1, 0, 0, 0, 0, 0, 0, 0, 2, 0, 0, 0, 0, 0, 0, 1, 0, 1, 0, 2, 0, 1, 0, 0, 0, 1, 0, 0, 1, 0, 0, 0, 0, 0, 0, 0, 2, 0, 0, 0, 1, 0, 0, 0, 0, 0, 0, 0, 2, 0, 0, 0, 0, 0, 0, 0, 2, 0, 0] 
dagF5.txt 4_1x4.txt 0.296137339055794 0.35 225.0 [0, 0, 0, 0, 6, 0, 1, 0, 0, 0, 1, 0, 6, 1, 0, 0, 0, 0, 6, 0, 0, 0, 6, 0, 1, 0, 0, 0, 0, 0, 0, 0, 2, 0, 3, 2, 2, 0, 2, 4, 0, 0, 2, 2, 0, 2, 2, 2, 2, 4, 2, 2, 3, 2, 2, 2, 2, 2, 2, 2, 2, 2, 4, 2, 3, 2, 2, 2, 2, 4, 4, 2, 3, 2, 2] 
dagF5.txt 4_1x4.txt 0.4334763948497854 0.45 182.0 [0, 7, 0, 0, 5, 0, 0, 0, 0, 0, 0, 0, 5, 0, 0, 0, 6, 0, 5, 7, 0, 0, 5, 0, 6, 0, 7, 7, 6, 7, 0, 6, 2, 2, 1, 1, 1, 6, 2, 4, 1, 6, 1, 2, 6, 2, 2, 2, 1, 4, 2, 3, 4, 1, 2, 2, 2, 2, 2, 3, 2, 2, 4, 2, 4, 2, 3, 2, 2, 4, 4, 2, 4, 2, 3] 
dagF5.txt 5_4_3_2x1.txt 0.22746781115879827 0.25 297.0 [0, 0, 0, 0, 0, 0, 0, 0, 0, 0, 2, 0, 0, 0, 0, 0, 0, 0, 0, 0, 0, 1, 0, 0, 2, 0, 0, 0, 0, 0, 0, 0, 0, 0, 0, 2, 1, 0, 1, 1, 1, 2, 2, 0, 0, 0, 1, 0, 2, 1, 1, 1, 0, 1, 0, 0, 0, 1, 1, 1, 0, 0, 1, 1, 0, 0, 2, 0, 1, 1, 1, 0, 1, 2, 1] 
dagF5.txt 5_4_3_2x4.txt 0.1459227467811159 0.15 406.0 [0, 4, 0, 0, 0, 0, 0, 0, 0, 0, 5, 0, 0, 0, 0, 0, 0, 0, 1, 12, 0, 0, 4, 0, 9, 0, 2, 6, 0, 0, 0, 0, 0, 0, 0, 13, 0, 0, 0, 0, 0, 0, 0, 0, 0, 0, 0, 0, 0, 0, 0, 0, 0, 0, 0, 8, 0, 0, 8, 0, 0, 0, 0, 0, 0, 0, 0, 0, 0, 0, 0, 0, 0, 0, 0] 
dagF5.txt 4_1x3.txt 0.48068669527896996 0.5 393.0 [4, 3, 3, 3, 4, 4, 4, 4, 4, 4, 0, 3, 3, 4, 4, 3, 0, 3, 3, 0, 4, 0, 3, 4, 0, 3, 3, 0, 3, 5, 4, 0, 5, 0, 1, 1, 5, 0, 1, 1, 0, 0, 5, 2, 0, 5, 2, 2, 5, 1, 5, 5, 1, 0, 5, 2, 5, 2, 2, 2, 2, 2, 1, 2, 1, 1, 5, 2, 2, 1, 1, 2, 1, 5, 2] 
dagF5.txt 5_4_3_2x4.txt 0.1459227467811159 0.35 411.6 [0, 0, 0, 5, 4, 0, 0, 0, 0, 0, 0, 0, 0, 4, 0, 0, 0, 0, 0, 0, 0, 8, 0, 0, 0, 0, 0, 0, 0, 0, 0, 0, 0, 0, 0, 0, 0, 0, 0, 1, 0, 0, 0, 0, 0, 0, 0, 0, 0, 2, 0, 0, 0, 0, 0, 0, 0, 0, 0, 12, 0, 0, 0, 0, 0, 0, 0, 0, 0, 13, 0, 0, 0, 0, 9] 
dagF5.txt 5_4_3_2x4.txt 0.13733905579399142 0.25 405.2 [0, 4, 0, 0, 8, 0, 0, 0, 0, 0, 0, 0, 0, 13, 0, 0, 0, 0, 4, 12, 0, 0, 4, 0, 0, 0, 0, 2, 0, 0, 0, 0, 0, 0, 0, 0, 0, 0, 0, 0, 0, 0, 0, 0, 0, 0, 0, 0, 0, 0, 0, 0, 9, 0, 0, 0, 0, 0, 0, 0, 0, 0, 0, 0, 1, 0, 0, 0, 0, 0, 0, 0, 5, 0, 0] 
dagF5.txt 4_1x3.txt 0.48068669527896996 0.6 393.0 [4, 3, 3, 3, 4, 4, 4, 4, 4, 4, 0, 3, 3, 4, 4, 3, 0, 3, 3, 0, 4, 0, 3, 4, 0, 3, 3, 0, 3, 5, 4, 0, 5, 0, 1, 1, 5, 0, 1, 1, 0, 0, 5, 2, 0, 5, 2, 2, 5, 1, 5, 5, 1, 0, 5, 2, 5, 2, 2, 2, 2, 2, 1, 2, 1, 1, 5, 2, 2, 1, 1, 2, 1, 5, 2] 
dagF5.txt 4_1x3.txt 0.48068669527896996 0.55 393.0 [4, 3, 3, 3, 4, 4, 4, 4, 4, 4, 0, 3, 3, 4, 4, 3, 0, 3, 3, 0, 4, 0, 3, 4, 0, 3, 3, 0, 3, 5, 4, 0, 5, 0, 1, 1, 5, 0, 1, 1, 0, 0, 5, 2, 0, 5, 2, 2, 5, 1, 5, 5, 1, 0, 5, 2, 5, 2, 2, 2, 2, 2, 1, 2, 1, 1, 5, 2, 2, 1, 1, 2, 1, 5, 2] 
dagF5.txt 4_1x3.txt 0.48068669527896996 0.7 393.0 [4, 3, 3, 3, 4, 4, 4, 4, 4, 4, 0, 3, 3, 4, 4, 3, 0, 3, 3, 0, 4, 0, 3, 4, 0, 3, 3, 0, 3, 5, 4, 0, 5, 0, 1, 1, 5, 0, 1, 1, 0, 0, 5, 2, 0, 5, 2, 2, 5, 1, 5, 5, 1, 0, 5, 2, 5, 2, 2, 2, 2, 2, 1, 2, 1, 1, 5, 2, 2, 1, 1, 2, 1, 5, 2] 
dagF5.txt 3_2x1.txt 0.1459227467811159 0.2 592.5 [1, 1, 1, 1, 1, 1, 1, 1, 1, 1, 1, 1, 1, 1, 1, 1, 1, 1, 1, 1, 1, 1, 1, 1, 1, 1, 1, 1, 1, 1, 1, 1, 0, 0, 0, 1, 0, 0, 0, 1, 0, 0, 0, 1, 1, 0, 0, 0, 0, 0, 0, 0, 1, 0, 0, 0, 0, 0, 0, 0, 0, 0, 0, 0, 0, 1, 0, 0, 0, 0, 0, 0, 0, 0, 0] 
dagF5.txt 4_1x3.txt 0.48068669527896996 0.9 393.0 [4, 3, 3, 3, 4, 4, 4, 4, 4, 4, 0, 3, 3, 4, 4, 3, 0, 3, 3, 0, 4, 0, 3, 4, 0, 3, 3, 0, 3, 5, 4, 0, 5, 0, 1, 1, 5, 0, 1, 1, 0, 0, 5, 2, 0, 5, 2, 2, 5, 1, 5, 5, 1, 0, 5, 2, 5, 2, 2, 2, 2, 2, 1, 2, 1, 1, 5, 2, 2, 1, 1, 2, 1, 5, 2] 
dagF5.txt 5_4_3_2x4.txt 0.39914163090128757 0.45 161.4 [0, 9, 0, 1, 0, 0, 0, 0, 0, 0, 0, 0, 0, 0, 0, 1, 0, 1, 0, 13, 0, 5, 9, 0, 0, 0, 1, 13, 0, 0, 0, 0, 4, 4, 4, 0, 12, 8, 4, 5, 12, 6, 4, 0, 8, 4, 4, 8, 4, 2, 4, 4, 8, 4, 4, 14, 4, 4, 3, 4, 4, 4, 12, 4, 8, 0, 4, 4, 4, 2, 12, 4, 10, 4, 4] 
dagF5.txt 4_1x3.txt 0.48068669527896996 0.65 393.0 [4, 3, 3, 3, 4, 4, 4, 4, 4, 4, 0, 3, 3, 4, 4, 3, 0, 3, 3, 0, 4, 0, 3, 4, 0, 3, 3, 0, 3, 5, 4, 0, 5, 0, 1, 1, 5, 0, 1, 1, 0, 0, 5, 2, 0, 5, 2, 2, 5, 1, 5, 5, 1, 0, 5, 2, 5, 2, 2, 2, 2, 2, 1, 2, 1, 1, 5, 2, 2, 1, 1, 2, 1, 5, 2] 
dagF5.txt 3_2x1.txt 0.15021459227467812 0.25 592.5 [1, 1, 1, 1, 1, 1, 1, 1, 1, 1, 1, 1, 1, 1, 1, 1, 1, 1, 1, 1, 1, 1, 1, 1, 1, 1, 1, 1, 1, 1, 1, 1, 1, 0, 1, 1, 0, 0, 0, 0, 0, 0, 1, 1, 0, 0, 0, 0, 0, 0, 0, 0, 0, 0, 0, 0, 0, 0, 0, 0, 0, 0, 0, 0, 0, 1, 0, 0, 0, 0, 0, 0, 0, 0, 0] 
dagF5.txt 4_1x3.txt 0.48068669527896996 0.8 393.0 [4, 3, 3, 3, 4, 4, 4, 4, 4, 4, 0, 3, 3, 4, 4, 3, 0, 3, 3, 0, 4, 0, 3, 4, 0, 3, 3, 0, 3, 5, 4, 0, 5, 0, 1, 1, 5, 0, 1, 1, 0, 0, 5, 2, 0, 5, 2, 2, 5, 1, 5, 5, 1, 0, 5, 2, 5, 2, 2, 2, 2, 2, 1, 2, 1, 1, 5, 2, 2, 1, 1, 2, 1, 5, 2] 
dagF5.txt 3_2x1.txt 0.15021459227467812 0.3 592.5 [1, 1, 1, 1, 1, 1, 1, 1, 1, 1, 1, 1, 1, 1, 1, 1, 1, 1, 1, 1, 1, 1, 1, 1, 1, 1, 1, 1, 1, 1, 1, 1, 1, 0, 1, 1, 0, 0, 0, 0, 0, 0, 1, 1, 0, 0, 0, 0, 0, 0, 0, 0, 0, 0, 0, 0, 0, 0, 0, 0, 0, 0, 0, 0, 0, 1, 0, 0, 0, 0, 0, 0, 0, 0, 0] 
dagF5.txt 3_2x1.txt 0.1630901287553648 0.4 592.0 [0, 0, 0, 0, 0, 0, 0, 0, 0, 0, 0, 0, 0, 0, 0, 0, 0, 1, 0, 0, 0, 0, 0, 0, 0, 0, 0, 0, 0, 0, 0, 0, 1, 0, 1, 1, 0, 0, 1, 1, 0, 0, 1, 1, 0, 1, 0, 1, 1, 1, 1, 1, 1, 1, 1, 1, 1, 1, 1, 1, 1, 1, 1, 1, 1, 1, 1, 1, 1, 1, 1, 1, 1, 1, 1] 
dagF5.txt 3_2x1.txt 0.13733905579399142 0.5 592.5 [1, 1, 1, 1, 1, 1, 1, 1, 1, 1, 1, 1, 1, 1, 1, 1, 1, 1, 1, 1, 1, 1, 1, 1, 1, 1, 1, 1, 1, 1, 1, 1, 0, 0, 0, 1, 0, 1, 0, 0, 1, 0, 0, 0, 1, 0, 0, 0, 0, 0, 0, 0, 0, 0, 0, 0, 0, 0, 0, 0, 0, 0, 0, 0, 0, 1, 0, 0, 0, 0, 0, 0, 0, 0, 0] 
dagF5.txt 5_4_3_2x4.txt 0.4206008583690987 0.55 184.4 [4, 9, 4, 2, 4, 4, 4, 4, 4, 1, 4, 4, 4, 4, 4, 10, 4, 2, 1, 13, 4, 4, 9, 4, 4, 4, 7, 13, 4, 1, 4, 4, 12, 0, 0, 0, 0, 8, 0, 5, 0, 0, 8, 0, 0, 12, 0, 0, 0, 5, 14, 0, 0, 0, 12, 0, 0, 0, 0, 0, 0, 0, 5, 0, 0, 0, 8, 0, 0, 3, 6, 0, 0, 0, 0] 
dagF5.txt 3_2x1.txt 0.13733905579399142 0.45 592.5 [1, 1, 1, 1, 1, 1, 1, 1, 1, 1, 1, 1, 1, 1, 1, 1, 1, 1, 1, 1, 1, 1, 1, 1, 1, 1, 1, 1, 1, 1, 1, 1, 0, 0, 0, 1, 0, 1, 0, 0, 1, 0, 0, 0, 1, 0, 0, 0, 0, 0, 0, 0, 0, 0, 0, 0, 0, 0, 0, 0, 0, 0, 0, 0, 0, 1, 0, 0, 0, 0, 0, 0, 0, 0, 0] 
dagF5.txt 3_2x1.txt 0.15021459227467812 0.35 592.5 [1, 1, 1, 1, 1, 1, 1, 1, 1, 1, 1, 1, 1, 1, 1, 1, 1, 1, 1, 1, 1, 1, 1, 1, 1, 1, 1, 1, 1, 1, 1, 1, 1, 0, 1, 1, 0, 0, 0, 0, 0, 0, 1, 1, 0, 0, 0, 0, 0, 0, 0, 0, 0, 0, 0, 0, 0, 0, 0, 0, 0, 0, 0, 0, 0, 1, 0, 0, 0, 0, 0, 0, 0, 0, 0] 
dagF5.txt 3_2x1.txt 0.14163090128755365 0.55 592.0 [1, 1, 1, 1, 1, 1, 1, 1, 1, 1, 1, 1, 1, 1, 1, 1, 1, 1, 1, 1, 1, 1, 1, 1, 1, 1, 1, 1, 1, 1, 1, 0, 0, 0, 1, 1, 0, 0, 0, 0, 0, 0, 0, 1, 0, 0, 0, 0, 0, 0, 0, 0, 1, 0, 0, 0, 0, 0, 0, 0, 0, 0, 0, 0, 1, 1, 0, 0, 0, 0, 0, 0, 0, 0, 0] 
dagF5.txt 3_2x1.txt 0.1630901287553648 0.6 592.5 [1, 1, 1, 1, 1, 1, 1, 1, 1, 1, 1, 1, 1, 1, 1, 1, 1, 1, 1, 1, 1, 1, 1, 1, 1, 1, 1, 1, 1, 0, 1, 0, 0, 0, 1, 1, 0, 1, 0, 0, 0, 1, 1, 0, 0, 0, 0, 0, 1, 0, 0, 0, 0, 0, 0, 0, 0, 0, 0, 0, 0, 0, 0, 0, 0, 0, 0, 0, 0, 0, 0, 0, 0, 0, 0] 
dagF5.txt 4_1x3.txt 0.48068669527896996 1 393.0 [4, 3, 3, 3, 4, 4, 4, 4, 4, 4, 0, 3, 3, 4, 4, 3, 0, 3, 3, 0, 4, 0, 3, 4, 0, 3, 3, 0, 3, 5, 4, 0, 5, 0, 1, 1, 5, 0, 1, 1, 0, 0, 5, 2, 0, 5, 2, 2, 5, 1, 5, 5, 1, 0, 5, 2, 5, 2, 2, 2, 2, 2, 1, 2, 1, 1, 5, 2, 2, 1, 1, 2, 1, 5, 2] 
dagF5.txt 3_2x1.txt 0.1459227467811159 0.7 593.0 [0, 0, 0, 0, 0, 0, 0, 0, 0, 0, 0, 0, 0, 0, 0, 0, 0, 0, 0, 0, 0, 0, 0, 0, 0, 0, 0, 0, 0, 0, 0, 0, 1, 0, 0, 1, 1, 0, 1, 1, 1, 0, 0, 1, 1, 1, 1, 1, 1, 1, 1, 1, 1, 1, 1, 1, 1, 1, 1, 1, 1, 1, 1, 1, 1, 1, 1, 1, 1, 1, 1, 1, 1, 1, 1] 
dagF5.txt 3_2x1.txt 0.1459227467811159 0.9 592.5 [0, 0, 0, 0, 0, 0, 0, 0, 0, 0, 0, 0, 0, 0, 0, 0, 0, 0, 0, 0, 0, 0, 0, 0, 0, 0, 0, 0, 0, 0, 0, 0, 0, 1, 0, 0, 1, 1, 1, 1, 0, 1, 1, 0, 1, 1, 1, 1, 1, 1, 1, 1, 1, 1, 1, 1, 1, 1, 1, 1, 1, 1, 1, 1, 1, 0, 1, 1, 1, 1, 1, 1, 1, 1, 1] 
dagF5.txt 3_2x1.txt 0.14163090128755365 0.65 592.0 [1, 1, 1, 1, 1, 1, 1, 1, 1, 1, 1, 1, 1, 1, 1, 1, 1, 1, 1, 1, 1, 1, 1, 1, 1, 1, 1, 1, 1, 1, 1, 1, 0, 1, 0, 0, 0, 1, 0, 1, 0, 1, 0, 0, 1, 0, 0, 0, 0, 0, 0, 0, 0, 0, 0, 0, 0, 0, 0, 0, 0, 0, 0, 0, 0, 0, 0, 0, 0, 0, 0, 0, 0, 0, 0] 
dagF5.txt 5_4_3_2x4.txt 0.648068669527897 0.65 67.0 [5, 3, 4, 11, 2, 2, 9, 12, 12, 2, 14, 9, 3, 2, 4, 11, 5, 11, 3, 9, 12, 12, 3, 2, 14, 4, 11, 9, 5, 9, 4, 5, 15, 14, 8, 8, 15, 5, 13, 13, 4, 14, 8, 8, 5, 0, 7, 1, 1, 13, 15, 0, 8, 13, 15, 1, 10, 6, 7, 10, 0, 0, 6, 7, 1, 8, 0, 10, 6, 13, 6, 0, 7, 1, 7] 
dagF5.txt 3_2x1.txt 0.15879828326180256 0.8 592.5 [1, 1, 1, 1, 1, 1, 1, 1, 1, 1, 1, 1, 1, 1, 1, 1, 1, 1, 1, 1, 1, 1, 1, 1, 1, 1, 1, 1, 1, 0, 1, 1, 1, 1, 0, 0, 0, 1, 0, 0, 0, 1, 0, 0, 0, 0, 0, 0, 0, 0, 0, 0, 0, 0, 0, 0, 1, 0, 0, 0, 0, 0, 0, 0, 0, 0, 0, 0, 0, 0, 0, 0, 0, 0, 0] 
dagF5.txt 3_2x1.txt 0.13733905579399142 1 592.5 [1, 1, 1, 1, 1, 1, 1, 1, 1, 1, 1, 1, 1, 1, 1, 1, 1, 1, 1, 1, 1, 1, 1, 1, 1, 1, 1, 1, 1, 1, 1, 1, 0, 0, 0, 1, 0, 1, 0, 0, 1, 0, 0, 0, 1, 0, 0, 0, 0, 0, 0, 0, 0, 0, 0, 0, 0, 0, 0, 0, 0, 0, 0, 0, 0, 1, 0, 0, 0, 0, 0, 0, 0, 0, 0] 
dagF5.txt 3_2x5.txt 0.5708154506437768 0.7 118.5 [4, 6, 7, 7, 6, 4, 8, 4, 4, 6, 8, 7, 6, 4, 4, 7, 8, 7, 6, 2, 4, 2, 6, 6, 2, 7, 2, 2, 8, 7, 4, 8, 1, 8, 3, 3, 0, 8, 1, 9, 2, 2, 3, 0, 8, 1, 0, 0, 0, 9, 1, 9, 3, 0, 1, 0, 1, 5, 0, 5, 5, 1, 9, 0, 3, 5, 3, 5, 5, 9, 9, 0, 3, 0, 0] 
dagF5.txt 3_2x5.txt 0.5708154506437768 0.6 116.5 [6, 9, 4, 4, 3, 6, 4, 8, 6, 6, 8, 4, 9, 3, 6, 4, 3, 4, 9, 9, 6, 8, 9, 6, 8, 4, 9, 9, 3, 6, 6, 3, 5, 7, 7, 8, 2, 3, 7, 2, 3, 7, 1, 0, 3, 5, 0, 0, 1, 1, 2, 2, 7, 1, 5, 0, 5, 0, 0, 1, 0, 5, 2, 0, 7, 8, 2, 5, 0, 1, 2, 0, 7, 1, 1] 
dagF5.txt 3_2x5.txt 0.5665236051502146 0.8 119.0 [0, 9, 4, 4, 5, 0, 0, 5, 0, 9, 5, 4, 0, 5, 0, 4, 3, 4, 9, 9, 0, 5, 9, 0, 3, 4, 4, 4, 3, 9, 0, 3, 7, 3, 1, 1, 2, 3, 2, 8, 5, 3, 1, 2, 3, 7, 2, 6, 2, 8, 2, 1, 1, 2, 7, 2, 7, 6, 2, 1, 6, 7, 8, 6, 6, 2, 1, 7, 6, 8, 8, 6, 8, 6, 8] 
dagF5.txt 3_2x5.txt 0.5622317596566524 0.65 111.5 [2, 3, 6, 5, 1, 2, 5, 2, 1, 2, 6, 5, 3, 2, 2, 5, 6, 5, 3, 3, 2, 1, 3, 2, 6, 5, 3, 3, 6, 5, 2, 6, 0, 1, 7, 4, 9, 6, 7, 7, 1, 1, 9, 4, 6, 0, 8, 8, 8, 7, 9, 9, 4, 8, 0, 8, 0, 8, 8, 9, 0, 0, 7, 4, 4, 4, 9, 0, 8, 7, 7, 0, 4, 4, 8] 
dagF5.txt 3_2x1.txt 0.030042918454935622 0.1 761.3333333333334 [0, 0, 0, 0, 0, 0, 0, 0, 0, 0, 0, 0, 0, 0, 0, 0, 0, 0, 0, 1, 0, 0, 0, 0, 0, 0, 1, 1, 0, 0, 0, 0, 0, 0, 0, 0, 0, 0, 0, 0, 0, 0, 0, 0, 0, 0, 0, 0, 0, 0, 0, 0, 0, 0, 0, 0, 0, 0, 0, 0, 0, 0, 0, 0, 0, 0, 0, 0, 0, 0, 0, 0, 0, 0, 0] 
dagF5.txt 3_2x5.txt 0.5622317596566524 0.9 119.0 [2, 4, 3, 5, 4, 2, 2, 3, 3, 2, 7, 5, 4, 2, 3, 4, 2, 5, 4, 5, 3, 5, 4, 2, 7, 2, 4, 5, 2, 2, 3, 7, 6, 7, 9, 9, 1, 7, 8, 8, 5, 7, 1, 0, 7, 6, 0, 0, 1, 8, 8, 1, 9, 8, 6, 0, 6, 6, 0, 1, 0, 6, 8, 0, 9, 1, 1, 6, 0, 8, 9, 0, 9, 0, 8] 
dagF5.txt 3_2x5.txt 0.575107296137339 1 119.0 [3, 8, 3, 6, 8, 3, 0, 0, 0, 8, 9, 6, 8, 0, 3, 3, 0, 6, 8, 6, 0, 6, 8, 0, 9, 3, 6, 6, 0, 8, 3, 2, 5, 2, 6, 9, 2, 1, 4, 7, 7, 1, 1, 9, 2, 5, 2, 1, 1, 7, 7, 5, 9, 4, 5, 1, 5, 2, 2, 4, 2, 2, 7, 4, 9, 9, 5, 2, 4, 7, 7, 2, 4, 1, 4] 
dagF5.txt 3_2x1.txt 0.13304721030042918 0.15 590.5 [1, 1, 1, 1, 1, 1, 1, 1, 1, 1, 1, 1, 1, 1, 1, 1, 1, 1, 1, 1, 1, 1, 1, 1, 1, 1, 1, 1, 1, 1, 1, 1, 1, 0, 0, 0, 0, 1, 0, 0, 1, 1, 0, 0, 1, 0, 0, 0, 0, 0, 0, 0, 0, 0, 0, 0, 0, 0, 0, 0, 0, 0, 0, 0, 0, 0, 0, 0, 0, 0, 0, 0, 0, 0, 0] 
dagF5.txt 3_2x5.txt 0.12875536480686695 0.2 683.6666666666666 [0, 0, 0, 0, 4, 0, 0, 0, 0, 0, 8, 0, 0, 5, 0, 0, 0, 0, 0, 0, 0, 0, 0, 0, 1, 0, 0, 0, 0, 0, 0, 0, 0, 0, 0, 0, 0, 0, 0, 0, 0, 6, 0, 0, 0, 0, 0, 0, 0, 0, 0, 0, 2, 0, 0, 0, 0, 0, 0, 0, 0, 0, 0, 0, 2, 0, 0, 0, 0, 0, 0, 0, 2, 0, 3] 
dagF5.txt 3_2x5.txt 0.2875536480686695 0.3 403.0 [2, 2, 2, 2, 4, 2, 4, 2, 2, 2, 6, 2, 4, 4, 2, 2, 2, 2, 2, 2, 2, 2, 5, 2, 6, 2, 2, 2, 4, 2, 2, 2, 0, 0, 0, 0, 0, 0, 0, 0, 0, 1, 0, 0, 0, 0, 0, 0, 0, 8, 0, 0, 0, 0, 0, 3, 0, 0, 7, 0, 0, 0, 0, 0, 0, 0, 0, 0, 0, 8, 0, 0, 0, 0, 0] 
dagF5.txt 4_1x3.txt 0.07296137339055794 0.1 552.0 [0, 0, 0, 0, 4, 0, 0, 0, 0, 0, 0, 0, 0, 4, 0, 0, 0, 0, 0, 0, 0, 0, 0, 4, 0, 0, 0, 0, 0, 0, 0, 0, 0, 0, 0, 0, 0, 0, 0, 0, 0, 0, 0, 0, 0, 0, 0, 0, 0, 0, 0, 0, 0, 0, 0, 0, 0, 0, 0, 0, 0, 0, 0, 0, 2, 0, 0, 0, 0, 0, 0, 0, 2, 0, 0] 
dagF5.txt 3_2x5.txt 0.36909871244635195 0.4 276.6666666666667 [2, 6, 2, 2, 6, 2, 6, 2, 2, 6, 5, 2, 6, 6, 2, 2, 2, 2, 6, 2, 2, 2, 9, 6, 7, 2, 2, 2, 6, 2, 2, 2, 0, 0, 4, 4, 0, 8, 0, 0, 0, 3, 4, 4, 0, 0, 0, 4, 4, 0, 0, 0, 4, 0, 0, 4, 0, 0, 4, 0, 0, 0, 0, 0, 4, 4, 0, 0, 0, 0, 1, 0, 4, 4, 0] 
dagF5.txt 3_2x5.txt 0.4721030042918455 0.5 169.0 [2, 4, 2, 4, 4, 2, 2, 2, 2, 4, 9, 2, 4, 2, 2, 5, 2, 5, 4, 4, 2, 4, 4, 2, 9, 2, 5, 2, 2, 2, 2, 1, 0, 1, 3, 8, 6, 1, 6, 6, 4, 1, 3, 8, 1, 0, 0, 0, 0, 6, 6, 6, 8, 6, 0, 0, 0, 0, 0, 3, 0, 0, 7, 0, 8, 8, 6, 0, 0, 6, 7, 0, 8, 0, 6] 
dagF5.txt 3_2x5.txt None 0.1 20000000000.0 None 
dagF5.txt 4_1x3.txt 0.19742489270386265 0.2 266.25 [2, 2, 2, 2, 2, 2, 2, 2, 2, 2, 2, 2, 2, 2, 2, 2, 2, 2, 2, 2, 2, 2, 2, 2, 2, 2, 2, 2, 2, 2, 2, 2, 0, 0, 2, 4, 0, 0, 0, 0, 0, 0, 0, 1, 4, 0, 0, 0, 0, 0, 0, 0, 4, 0, 0, 1, 0, 0, 1, 0, 0, 0, 0, 0, 4, 1, 0, 0, 0, 0, 0, 0, 4, 0, 0] 
dagF5.txt 3_2x5.txt 0.5493562231759657 0.55 116.0 [9, 5, 9, 1, 5, 1, 0, 0, 0, 1, 0, 1, 5, 0, 9, 1, 3, 1, 5, 5, 0, 0, 5, 0, 3, 9, 1, 1, 3, 1, 9, 3, 6, 3, 8, 2, 8, 3, 7, 7, 9, 3, 2, 2, 3, 6, 4, 2, 2, 7, 7, 8, 8, 4, 6, 2, 6, 4, 2, 4, 4, 6, 7, 4, 8, 2, 8, 6, 4, 7, 7, 6, 8, 2, 4] 
dagF5.txt 4_1x3.txt 0.2145922746781116 0.3 250.25 [0, 0, 0, 0, 0, 0, 0, 0, 0, 0, 0, 0, 0, 0, 0, 0, 0, 0, 0, 0, 0, 0, 0, 0, 0, 0, 0, 0, 0, 0, 0, 1, 2, 1, 2, 4, 2, 1, 2, 2, 1, 1, 2, 4, 1, 2, 2, 2, 2, 2, 2, 2, 4, 2, 2, 2, 2, 2, 2, 2, 2, 2, 2, 2, 4, 4, 2, 2, 2, 2, 2, 2, 4, 2, 2] 
dagF5.txt 3_2x5.txt 0.23605150214592274 0.25 329.0 [2, 2, 2, 2, 2, 2, 2, 2, 2, 2, 4, 2, 2, 2, 2, 2, 2, 2, 2, 2, 2, 2, 3, 2, 4, 2, 2, 2, 2, 2, 2, 2, 0, 5, 0, 0, 0, 4, 0, 6, 2, 4, 0, 0, 4, 0, 0, 0, 0, 6, 0, 0, 0, 0, 0, 0, 0, 0, 0, 0, 0, 0, 6, 0, 0, 8, 0, 0, 0, 1, 6, 0, 0, 0, 0] 
dagF5.txt 4_1x3.txt 0.3905579399141631 0.4 299.0 [0, 3, 0, 0, 3, 0, 0, 0, 0, 0, 5, 0, 3, 0, 0, 0, 5, 0, 3, 3, 0, 1, 3, 0, 5, 0, 3, 3, 5, 0, 0, 5, 0, 5, 2, 2, 1, 5, 2, 1, 1, 5, 2, 2, 5, 4, 2, 2, 2, 1, 1, 4, 2, 2, 4, 2, 4, 4, 2, 4, 4, 4, 1, 2, 2, 2, 4, 4, 4, 1, 1, 2, 2, 2, 2] 
dagF5.txt 3_2x5.txt 0.24892703862660945 0.35 566.0 [0, 0, 0, 0, 0, 0, 0, 0, 0, 0, 2, 0, 0, 0, 0, 0, 0, 0, 0, 0, 0, 0, 0, 0, 2, 0, 0, 0, 0, 0, 0, 2, 0, 2, 4, 3, 0, 0, 4, 4, 0, 2, 0, 0, 0, 0, 0, 0, 2, 4, 0, 0, 4, 0, 0, 8, 2, 0, 8, 0, 0, 0, 4, 0, 4, 0, 0, 0, 0, 5, 6, 0, 1, 2, 4] 
dagF5.txt 3_2x5.txt 0.40772532188841204 0.45 186.66666666666666 [0, 8, 0, 6, 6, 6, 6, 0, 0, 6, 6, 6, 6, 6, 0, 6, 0, 6, 6, 5, 0, 0, 8, 6, 0, 0, 6, 6, 0, 6, 0, 0, 2, 0, 4, 4, 2, 0, 4, 1, 0, 7, 4, 4, 0, 2, 2, 4, 4, 4, 2, 2, 4, 4, 2, 4, 2, 2, 4, 2, 2, 2, 1, 4, 4, 4, 2, 2, 2, 9, 3, 2, 4, 4, 4] 
dagF5.txt 3_2x5.txt 0.13304721030042918 0.15 672.0 [0, 4, 0, 0, 0, 0, 0, 0, 0, 0, 2, 0, 0, 0, 0, 0, 0, 0, 1, 8, 0, 0, 4, 0, 2, 0, 3, 5, 0, 0, 0, 0, 0, 0, 0, 0, 0, 0, 0, 0, 0, 2, 0, 0, 0, 0, 0, 0, 0, 0, 0, 0, 0, 0, 0, 6, 0, 0, 6, 0, 0, 0, 0, 0, 0, 0, 0, 0, 0, 0, 0, 0, 0, 0, 0] 
dagF5.txt 4_1x3.txt 0.13733905579399142 0.15 500.25 [0, 0, 0, 0, 1, 0, 0, 0, 0, 4, 2, 0, 0, 1, 0, 0, 0, 0, 4, 0, 0, 0, 0, 1, 2, 0, 0, 0, 0, 0, 0, 0, 0, 0, 0, 2, 0, 0, 0, 0, 0, 0, 0, 0, 0, 0, 0, 0, 0, 0, 0, 0, 2, 0, 0, 0, 0, 0, 0, 0, 0, 0, 0, 0, 2, 0, 0, 0, 0, 0, 0, 0, 2, 0, 0] 
dagF5.txt 4_1x3.txt 0.2145922746781116 0.25 250.25 [0, 0, 0, 0, 0, 0, 0, 0, 0, 0, 0, 0, 0, 0, 0, 0, 0, 0, 0, 0, 0, 0, 0, 0, 0, 0, 0, 0, 0, 0, 0, 1, 2, 1, 2, 4, 2, 1, 2, 2, 1, 1, 2, 4, 1, 2, 2, 2, 2, 2, 2, 2, 4, 2, 2, 2, 2, 2, 2, 2, 2, 2, 2, 2, 4, 4, 2, 2, 2, 2, 2, 2, 4, 2, 2] 
dagF5.txt 4_1x3.txt 0.44635193133047213 0.45 398.0 [1, 3, 1, 3, 3, 1, 3, 1, 1, 1, 5, 3, 3, 1, 1, 3, 5, 3, 3, 5, 1, 5, 3, 1, 5, 1, 3, 3, 5, 1, 1, 5, 2, 4, 0, 0, 4, 5, 4, 4, 5, 5, 0, 0, 5, 2, 4, 0, 0, 4, 4, 2, 0, 4, 2, 0, 2, 4, 0, 2, 2, 2, 4, 0, 0, 0, 2, 2, 4, 4, 4, 2, 0, 0, 4] 
dagF5.txt 4_1x3.txt 0.31759656652360513 0.35 285.0 [2, 4, 2, 4, 4, 4, 4, 2, 2, 4, 2, 4, 4, 4, 2, 4, 2, 4, 4, 4, 2, 2, 4, 4, 2, 2, 4, 4, 2, 4, 2, 2, 0, 2, 4, 1, 2, 2, 0, 2, 2, 2, 1, 0, 2, 0, 0, 0, 0, 0, 0, 2, 1, 0, 0, 0, 0, 0, 0, 0, 0, 0, 0, 0, 1, 0, 1, 0, 0, 1, 1, 0, 1, 0, 0] 
