dagA20.txt 3_2x4.txt 0.6643356643356644 0.7 79.66666666666667 [2, 3, 6, 4, 5, 0, 4, 7, 6, 1, 0, 0, 2, 2, 6, 0, 2, 1, 4, 3, 7, 7, 5, 6, 4, 3, 5, 4, 0, 0, 6, 0, 2, 6, 4, 5, 4, 2, 0, 7, 5, 1, 6, 6, 7, 1, 7, 2, 5, 1] 
dagA20.txt 3_2x4.txt 0.6643356643356644 0.8 79.66666666666667 [2, 3, 6, 4, 5, 0, 4, 7, 6, 1, 0, 0, 2, 2, 6, 0, 2, 1, 4, 3, 7, 7, 5, 6, 4, 3, 5, 4, 0, 0, 6, 0, 2, 6, 4, 5, 4, 2, 0, 7, 5, 1, 6, 6, 7, 1, 7, 2, 5, 1] 
dagA20.txt 3_2x4.txt 0.6643356643356644 0.9 79.66666666666667 [2, 3, 6, 4, 5, 0, 4, 7, 6, 1, 0, 0, 2, 2, 6, 0, 2, 1, 4, 3, 7, 7, 5, 6, 4, 3, 5, 4, 0, 0, 6, 0, 2, 6, 4, 5, 4, 2, 0, 7, 5, 1, 6, 6, 7, 1, 7, 2, 5, 1] 
dagA20.txt 3_2x4.txt 0.6643356643356644 1 79.66666666666667 [2, 3, 6, 4, 5, 0, 4, 7, 6, 1, 0, 0, 2, 2, 6, 0, 2, 1, 4, 3, 7, 7, 5, 6, 4, 3, 5, 4, 0, 0, 6, 0, 2, 6, 4, 5, 4, 2, 0, 7, 5, 1, 6, 6, 7, 1, 7, 2, 5, 1] 
dagA20.txt 3_2x4.txt 0.18181818181818182 0.2 414.0 [0, 0, 0, 0, 0, 0, 0, 0, 0, 0, 0, 0, 0, 2, 0, 0, 0, 0, 0, 0, 0, 0, 0, 0, 0, 0, 0, 4, 6, 0, 0, 2, 0, 0, 0, 2, 0, 0, 0, 0, 0, 0, 0, 0, 0, 0, 0, 0, 2, 0] 
dagA20.txt 3_2x4.txt 0.0979020979020979 0.1 454.6666666666667 [0, 0, 0, 0, 0, 0, 0, 0, 0, 0, 0, 0, 0, 2, 0, 0, 0, 0, 0, 0, 0, 0, 0, 0, 0, 0, 0, 2, 0, 0, 0, 0, 0, 0, 0, 0, 0, 0, 0, 0, 0, 0, 0, 0, 0, 0, 0, 0, 0, 0] 
dagA20.txt 3_2x4.txt 0.2937062937062937 0.3 291.6666666666667 [2, 0, 0, 0, 0, 2, 0, 0, 0, 0, 0, 0, 0, 2, 0, 0, 2, 0, 2, 0, 0, 0, 0, 0, 0, 0, 0, 2, 2, 2, 0, 2, 0, 0, 0, 2, 0, 2, 2, 2, 0, 2, 2, 0, 0, 2, 2, 0, 2, 2] 
dagA20.txt 3_2x4.txt 0.5944055944055944 0.6 91.0 [7, 6, 6, 0, 3, 5, 0, 6, 1, 2, 5, 4, 7, 1, 6, 5, 7, 2, 3, 4, 6, 6, 3, 4, 0, 1, 3, 0, 5, 5, 4, 7, 0, 6, 2, 3, 0, 7, 4, 1, 3, 2, 6, 4, 5, 2, 1, 0, 3, 2] 
dagA20.txt 3_2x4.txt 0.6433566433566433 0.65 85.5 [2, 3, 6, 4, 5, 0, 4, 7, 7, 1, 0, 0, 2, 2, 6, 0, 2, 1, 4, 3, 7, 7, 5, 6, 4, 3, 5, 4, 0, 0, 6, 0, 2, 6, 4, 5, 4, 2, 0, 7, 5, 1, 6, 6, 7, 1, 7, 2, 5, 1] 
dagA20.txt 3_2x4.txt 0.3986013986013986 0.4 215.66666666666666 [2, 0, 0, 0, 0, 2, 0, 0, 4, 2, 0, 0, 0, 4, 0, 0, 0, 2, 2, 0, 0, 4, 0, 0, 0, 2, 4, 4, 2, 2, 0, 4, 0, 0, 2, 4, 0, 2, 4, 4, 0, 2, 2, 0, 0, 2, 4, 2, 4, 2] 
dagA20.txt 5_4_3_2x2.txt 0.2937062937062937 0.3 175.0 [4, 0, 0, 0, 0, 4, 0, 0, 0, 0, 0, 0, 0, 4, 0, 0, 4, 0, 4, 0, 0, 0, 0, 0, 0, 0, 0, 4, 4, 4, 0, 4, 0, 0, 0, 4, 0, 4, 4, 4, 0, 4, 4, 0, 0, 4, 4, 0, 4, 4] 
dagA20.txt 5_4_3_2x2.txt 0.3986013986013986 0.4 129.4 [4, 0, 0, 0, 0, 4, 0, 0, 1, 4, 0, 0, 0, 1, 0, 0, 0, 4, 4, 0, 0, 1, 0, 0, 0, 4, 1, 1, 4, 4, 0, 1, 0, 0, 4, 1, 0, 4, 1, 1, 0, 4, 4, 0, 0, 4, 1, 4, 1, 4] 
dagA20.txt 5_4_3_2x2.txt 0.18181818181818182 0.2 248.4 [0, 0, 0, 0, 0, 0, 0, 0, 0, 0, 0, 0, 0, 4, 0, 0, 0, 0, 0, 0, 0, 0, 0, 0, 0, 0, 0, 1, 5, 0, 0, 4, 0, 0, 0, 4, 0, 0, 0, 0, 0, 0, 0, 0, 0, 0, 0, 0, 4, 0] 
dagA20.txt 3_2x4.txt 0.11188811188811189 0.15 430.3333333333333 [0, 0, 0, 0, 0, 0, 0, 0, 0, 0, 0, 0, 0, 0, 0, 0, 0, 0, 0, 0, 0, 0, 0, 0, 0, 0, 0, 4, 6, 0, 0, 2, 0, 0, 0, 2, 0, 0, 0, 0, 0, 0, 0, 0, 0, 0, 0, 0, 2, 0] 
dagA20.txt 5_4_3_2x2.txt 0.6923076923076923 0.7 58.25 [4, 6, 5, 1, 4, 0, 1, 7, 0, 2, 0, 0, 4, 1, 5, 0, 4, 2, 4, 6, 7, 7, 3, 5, 1, 6, 3, 1, 0, 0, 5, 5, 4, 5, 1, 3, 1, 4, 0, 7, 3, 2, 5, 5, 7, 2, 0, 4, 3, 2] 
dagA20.txt 3_2x4.txt 0.4965034965034965 0.5 126.66666666666667 [2, 5, 0, 3, 1, 4, 6, 6, 4, 2, 4, 0, 3, 0, 0, 0, 2, 2, 4, 5, 6, 4, 1, 0, 3, 0, 1, 7, 4, 2, 0, 2, 2, 0, 6, 7, 2, 2, 0, 4, 1, 2, 0, 0, 0, 2, 4, 2, 4, 2] 
dagA20.txt 5_4_3_2x2.txt 0.6923076923076923 0.9 58.25 [4, 6, 5, 1, 4, 0, 1, 7, 0, 2, 0, 0, 4, 1, 5, 0, 4, 2, 4, 6, 7, 7, 3, 5, 1, 6, 3, 1, 0, 0, 5, 5, 4, 5, 1, 3, 1, 4, 0, 7, 3, 2, 5, 5, 7, 2, 0, 4, 3, 2] 
dagA20.txt 5_4_3_2x2.txt 0.0979020979020979 0.1 272.8 [0, 0, 0, 0, 0, 0, 0, 0, 0, 0, 0, 0, 0, 4, 0, 0, 0, 0, 0, 0, 0, 0, 0, 0, 0, 0, 0, 4, 0, 0, 0, 0, 0, 0, 0, 0, 0, 0, 0, 0, 0, 0, 0, 0, 0, 0, 0, 0, 0, 0] 
dagA20.txt 5_4_3_2x2.txt 0.6923076923076923 0.8 58.25 [4, 6, 5, 1, 4, 0, 1, 7, 0, 2, 0, 0, 4, 1, 5, 0, 4, 2, 4, 6, 7, 7, 3, 5, 1, 6, 3, 1, 0, 0, 5, 5, 4, 5, 1, 3, 1, 4, 0, 7, 3, 2, 5, 5, 7, 2, 0, 4, 3, 2] 
dagA20.txt 5_4_3_2x2.txt 0.6923076923076923 1 58.25 [4, 6, 5, 1, 4, 0, 1, 7, 0, 2, 0, 0, 4, 1, 5, 0, 4, 2, 4, 6, 7, 7, 3, 5, 1, 6, 3, 1, 0, 0, 5, 5, 4, 5, 1, 3, 1, 4, 0, 7, 3, 2, 5, 5, 7, 2, 0, 4, 3, 2] 
dagA20.txt 3_2x4.txt 0.23776223776223776 0.25 340.0 [2, 0, 0, 0, 0, 2, 0, 0, 0, 0, 0, 0, 0, 0, 0, 0, 0, 0, 2, 0, 0, 0, 0, 0, 0, 0, 0, 2, 2, 2, 0, 2, 0, 0, 0, 0, 0, 2, 2, 2, 0, 0, 0, 0, 0, 2, 2, 0, 2, 0] 
dagA20.txt 5_4_3_2x2.txt 0.5944055944055944 0.6 89.0 [7, 5, 5, 0, 6, 3, 0, 5, 2, 4, 3, 1, 7, 2, 5, 3, 7, 4, 6, 1, 5, 5, 6, 1, 0, 2, 6, 0, 3, 3, 1, 7, 0, 5, 4, 6, 0, 7, 1, 2, 6, 4, 5, 1, 3, 4, 2, 0, 6, 4] 
dagA20.txt 3_2x4.txt 0.34965034965034963 0.35 259.6666666666667 [2, 0, 0, 0, 0, 2, 0, 0, 0, 0, 0, 0, 0, 2, 0, 0, 2, 0, 2, 0, 0, 0, 0, 0, 0, 2, 0, 2, 2, 2, 0, 2, 0, 0, 2, 2, 0, 2, 2, 2, 0, 2, 2, 0, 0, 2, 2, 0, 2, 2] 
dagA20.txt 5_4_3_2x2.txt 0.6363636363636364 0.65 69.0 [4, 6, 5, 1, 3, 0, 1, 7, 0, 2, 0, 0, 4, 6, 5, 0, 4, 2, 0, 6, 7, 7, 3, 5, 1, 6, 3, 1, 0, 0, 5, 2, 4, 5, 1, 3, 1, 4, 0, 7, 3, 2, 5, 5, 7, 2, 7, 4, 3, 2] 
dagA20.txt 4_1x5.txt 0.13286713286713286 0.2 307.5 [0, 0, 0, 0, 0, 0, 0, 0, 0, 0, 0, 0, 0, 0, 0, 0, 0, 0, 0, 2, 0, 0, 1, 0, 0, 0, 0, 0, 8, 0, 2, 0, 0, 0, 0, 0, 0, 4, 0, 0, 3, 0, 0, 6, 0, 0, 0, 0, 0, 0] 
dagA20.txt 5_4_3_2x2.txt 0.4965034965034965 0.5 76.0 [4, 3, 0, 6, 2, 1, 5, 5, 1, 4, 1, 0, 6, 0, 0, 0, 4, 4, 1, 3, 5, 1, 2, 0, 6, 0, 2, 7, 1, 4, 0, 4, 4, 0, 5, 7, 4, 4, 0, 1, 2, 4, 0, 0, 0, 4, 1, 4, 1, 4] 
dagA20.txt 4_1x5.txt None 0.1 20000000000.0 None 
dagA20.txt 4_1x5.txt 0.2517482517482518 0.3 268.25 [8, 0, 0, 2, 2, 0, 0, 0, 0, 0, 0, 0, 0, 0, 0, 3, 0, 0, 4, 0, 2, 0, 2, 0, 2, 0, 0, 0, 1, 0, 0, 0, 0, 0, 0, 0, 0, 6, 0, 0, 7, 0, 0, 0, 5, 0, 0, 0, 0, 0] 
dagA20.txt 3_2x4.txt 0.44755244755244755 0.45 181.33333333333334 [2, 1, 0, 2, 6, 4, 2, 2, 0, 2, 0, 0, 2, 4, 0, 0, 2, 2, 2, 1, 2, 0, 6, 0, 2, 0, 6, 4, 4, 2, 4, 0, 2, 0, 2, 4, 6, 2, 0, 0, 6, 2, 0, 0, 6, 2, 0, 2, 0, 2] 
dagA20.txt 4_1x5.txt 0.3706293706293706 0.4 234.5 [0, 8, 0, 0, 0, 0, 0, 0, 2, 0, 0, 0, 2, 2, 0, 0, 0, 0, 2, 6, 0, 0, 3, 1, 0, 2, 0, 4, 0, 0, 7, 0, 0, 0, 2, 0, 0, 0, 5, 0, 9, 0, 0, 0, 0, 0, 0, 0, 0, 0] 
dagA20.txt 4_1x5.txt 0.22377622377622378 0.25 290.75 [0, 0, 0, 0, 0, 0, 3, 0, 0, 0, 0, 0, 0, 2, 0, 2, 0, 0, 0, 0, 0, 0, 8, 0, 0, 0, 0, 2, 6, 0, 0, 0, 0, 0, 0, 0, 0, 4, 0, 0, 1, 0, 0, 0, 2, 0, 0, 0, 0, 0] 
dagA20.txt 4_1x5.txt 0.6853146853146853 0.7 63.75 [5, 0, 2, 0, 2, 7, 4, 9, 0, 4, 6, 2, 8, 6, 2, 2, 8, 4, 6, 0, 9, 6, 1, 2, 9, 0, 1, 8, 4, 7, 3, 8, 0, 2, 4, 6, 9, 4, 3, 6, 1, 8, 2, 8, 2, 4, 6, 8, 6, 8] 
dagA20.txt 4_1x5.txt 0.44755244755244755 0.45 188.0 [0, 3, 0, 4, 6, 0, 7, 2, 0, 2, 0, 0, 4, 0, 5, 0, 0, 2, 6, 8, 2, 0, 6, 0, 4, 0, 2, 0, 0, 0, 0, 0, 4, 0, 2, 0, 4, 1, 0, 0, 9, 2, 0, 0, 2, 2, 0, 4, 0, 2] 
dagA20.txt 4_1x5.txt 0.7482517482517482 0.8 61.25 [8, 2, 6, 4, 0, 5, 1, 2, 4, 2, 4, 5, 0, 6, 6, 4, 0, 1, 8, 0, 2, 6, 3, 6, 3, 2, 7, 6, 4, 4, 5, 0, 8, 6, 8, 7, 8, 8, 2, 9, 3, 0, 6, 2, 4, 0, 9, 0, 7, 1] 
dagA20.txt 5_4_3_2x2.txt 0.34965034965034963 0.35 155.8 [4, 0, 0, 0, 0, 4, 0, 0, 0, 0, 0, 0, 0, 4, 0, 0, 4, 0, 4, 0, 0, 0, 0, 0, 0, 4, 0, 4, 4, 4, 0, 4, 0, 0, 4, 4, 0, 4, 4, 4, 0, 4, 4, 0, 0, 4, 4, 0, 4, 4] 
dagA20.txt 4_1x5.txt 0.7062937062937062 0.9 63.5 [5, 0, 1, 0, 4, 7, 4, 3, 2, 8, 6, 6, 0, 8, 1, 6, 6, 8, 2, 6, 3, 0, 4, 0, 0, 2, 4, 2, 4, 8, 6, 4, 2, 0, 8, 7, 0, 4, 2, 9, 4, 8, 1, 6, 3, 8, 6, 0, 9, 8] 
dagA20.txt 4_1x5.txt 0.3356643356643357 0.35 247.0 [0, 8, 0, 0, 2, 0, 0, 4, 1, 0, 0, 0, 0, 2, 0, 0, 0, 0, 0, 6, 0, 0, 3, 0, 0, 4, 0, 2, 0, 0, 0, 0, 2, 0, 0, 0, 2, 2, 0, 0, 5, 0, 0, 0, 0, 0, 0, 2, 0, 0] 
dagA20.txt 4_1x5.txt 0.46853146853146854 0.5 114.0 [6, 3, 2, 0, 0, 2, 0, 4, 4, 0, 2, 2, 0, 4, 2, 2, 6, 0, 6, 1, 4, 2, 7, 2, 0, 4, 9, 8, 5, 2, 2, 6, 0, 2, 0, 9, 0, 0, 2, 2, 0, 0, 2, 2, 4, 0, 2, 0, 6, 0] 
dagA20.txt 4_1x5.txt 0.5944055944055944 0.6 85.0 [2, 1, 0, 4, 6, 7, 6, 6, 3, 2, 0, 0, 5, 5, 0, 0, 0, 2, 4, 1, 6, 0, 9, 0, 4, 3, 8, 8, 7, 2, 0, 4, 4, 0, 6, 8, 4, 2, 8, 0, 6, 2, 2, 2, 6, 2, 0, 4, 0, 2] 
dagA20.txt 4_1x5.txt 0.7202797202797203 1 64.75 [8, 2, 0, 6, 6, 4, 2, 5, 0, 2, 7, 0, 9, 6, 0, 2, 7, 2, 4, 0, 5, 2, 6, 0, 9, 4, 6, 4, 4, 3, 3, 8, 8, 0, 6, 4, 6, 8, 0, 1, 6, 8, 4, 0, 5, 2, 2, 8, 1, 8] 
dagA20.txt 4_1x5.txt 0.6433566433566433 0.65 144.0 [2, 5, 8, 7, 6, 1, 0, 3, 3, 0, 4, 1, 0, 5, 8, 4, 9, 0, 7, 0, 3, 8, 6, 8, 6, 3, 6, 7, 4, 4, 1, 9, 2, 8, 0, 6, 2, 2, 3, 5, 6, 9, 8, 1, 4, 9, 5, 2, 6, 9] 
dagA20.txt 4_1x5.txt 0.14685314685314685 0.15 300.25 [0, 2, 0, 0, 0, 0, 0, 0, 0, 0, 0, 0, 0, 2, 0, 0, 0, 0, 0, 2, 0, 0, 6, 0, 0, 0, 0, 0, 4, 0, 0, 0, 0, 0, 0, 0, 0, 4, 0, 0, 8, 0, 0, 0, 0, 0, 0, 0, 0, 0] 
dagA20.txt 5_4_3_2x2.txt 0.44755244755244755 0.45 108.8 [4, 2, 0, 4, 5, 1, 4, 4, 0, 4, 0, 0, 4, 1, 0, 0, 4, 4, 4, 2, 4, 0, 5, 0, 4, 0, 5, 1, 1, 4, 1, 0, 4, 0, 4, 1, 5, 4, 0, 0, 5, 4, 0, 0, 5, 4, 0, 4, 0, 4] 
dagA20.txt 3_2x3.txt 0.5734265734265734 0.6 99.33333333333333 [3, 2, 0, 3, 1, 5, 4, 2, 2, 4, 5, 0, 3, 2, 0, 5, 3, 4, 1, 2, 2, 0, 1, 0, 1, 2, 1, 2, 0, 5, 0, 4, 4, 0, 4, 1, 3, 3, 0, 5, 1, 4, 0, 0, 5, 4, 5, 3, 1, 4] 
dagA20.txt 3_2x3.txt 0.5734265734265734 0.7 99.33333333333333 [3, 2, 0, 3, 1, 5, 4, 2, 2, 4, 5, 0, 3, 2, 0, 5, 3, 4, 1, 2, 2, 0, 1, 0, 1, 2, 1, 2, 0, 5, 0, 4, 4, 0, 4, 1, 3, 3, 0, 5, 1, 4, 0, 0, 5, 4, 5, 3, 1, 4] 
dagA20.txt 3_2x3.txt 0.5734265734265734 0.8 99.33333333333333 [3, 2, 0, 3, 1, 5, 4, 2, 2, 4, 5, 0, 3, 2, 0, 5, 3, 4, 1, 2, 2, 0, 1, 0, 1, 2, 1, 2, 0, 5, 0, 4, 4, 0, 4, 1, 3, 3, 0, 5, 1, 4, 0, 0, 5, 4, 5, 3, 1, 4] 
dagA20.txt 3_2x3.txt 0.5734265734265734 0.65 99.33333333333333 [3, 2, 0, 3, 1, 5, 4, 2, 2, 4, 5, 0, 3, 2, 0, 5, 3, 4, 1, 2, 2, 0, 1, 0, 1, 2, 1, 2, 0, 5, 0, 4, 4, 0, 4, 1, 3, 3, 0, 5, 1, 4, 0, 0, 5, 4, 5, 3, 1, 4] 
dagA20.txt 3_2x3.txt 0.5734265734265734 0.9 99.33333333333333 [3, 2, 0, 3, 1, 5, 4, 2, 2, 4, 5, 0, 3, 2, 0, 5, 3, 4, 1, 2, 2, 0, 1, 0, 1, 2, 1, 2, 0, 5, 0, 4, 4, 0, 4, 1, 3, 3, 0, 5, 1, 4, 0, 0, 5, 4, 5, 3, 1, 4] 
dagA20.txt 5_4_3_2x2.txt 0.11188811188811189 0.15 258.2 [0, 0, 0, 0, 0, 0, 0, 0, 0, 0, 0, 0, 0, 0, 0, 0, 0, 0, 0, 0, 0, 0, 0, 0, 0, 0, 0, 1, 5, 0, 0, 4, 0, 0, 0, 4, 0, 0, 0, 0, 0, 0, 0, 0, 0, 0, 0, 0, 4, 0] 
dagA20.txt 3_2x3.txt 0.5734265734265734 1 99.33333333333333 [3, 2, 0, 3, 1, 5, 4, 2, 2, 4, 5, 0, 3, 2, 0, 5, 3, 4, 1, 2, 2, 0, 1, 0, 1, 2, 1, 2, 0, 5, 0, 4, 4, 0, 4, 1, 3, 3, 0, 5, 1, 4, 0, 0, 5, 4, 5, 3, 1, 4] 
dagA20.txt 5_4_3_2x2.txt 0.23776223776223776 0.25 204.0 [4, 0, 0, 0, 0, 4, 0, 0, 0, 0, 0, 0, 0, 0, 0, 0, 0, 0, 4, 0, 0, 0, 0, 0, 0, 0, 0, 4, 4, 4, 0, 4, 0, 0, 0, 0, 0, 4, 4, 4, 0, 0, 0, 0, 0, 4, 4, 0, 4, 0] 
dagA20.txt 3_2x4.txt 0.5384615384615384 0.55 85.66666666666667 [4, 5, 0, 1, 6, 3, 6, 6, 2, 2, 4, 0, 1, 2, 0, 0, 7, 3, 4, 5, 6, 2, 6, 0, 1, 5, 3, 3, 4, 7, 0, 7, 1, 0, 6, 3, 1, 4, 0, 2, 6, 7, 0, 0, 6, 7, 2, 1, 2, 3] 
dagA20.txt 4_1x5.txt 0.5454545454545454 0.55 95.25 [6, 3, 0, 2, 2, 4, 2, 2, 0, 0, 0, 0, 2, 4, 0, 0, 4, 4, 6, 8, 2, 0, 7, 0, 2, 4, 2, 6, 5, 4, 8, 4, 2, 0, 2, 2, 2, 1, 0, 0, 2, 4, 0, 4, 2, 4, 0, 4, 9, 4] 
dagA20.txt 5_4_3_2x2.txt 0.5384615384615384 0.55 61.0 [1, 3, 0, 2, 5, 6, 5, 5, 4, 4, 1, 0, 2, 4, 0, 0, 7, 6, 1, 3, 5, 4, 5, 0, 2, 0, 6, 6, 1, 7, 0, 4, 2, 0, 5, 6, 2, 1, 0, 4, 5, 7, 0, 0, 5, 7, 4, 2, 4, 6] 
dagA20.txt 5_4_3_2x5.txt 0.1958041958041958 0.2 248.6 [0, 0, 0, 0, 0, 0, 0, 16, 0, 0, 0, 0, 0, 4, 0, 0, 0, 0, 0, 4, 0, 0, 0, 0, 0, 0, 0, 4, 8, 0, 0, 0, 0, 0, 0, 0, 0, 0, 0, 0, 12, 0, 0, 0, 0, 0, 0, 1, 0, 0] 
dagA20.txt 5_4_3_2x5.txt 0.26573426573426573 0.3 216.6 [0, 0, 0, 0, 0, 0, 0, 0, 0, 0, 0, 0, 0, 4, 0, 0, 0, 0, 4, 12, 0, 0, 1, 0, 0, 4, 0, 4, 16, 0, 0, 0, 0, 0, 0, 9, 0, 8, 0, 0, 5, 0, 0, 0, 0, 0, 0, 0, 0, 0] 
dagA20.txt 3_2x3.txt 0.055944055944055944 0.1 450.6666666666667 [0, 0, 0, 0, 0, 0, 0, 0, 0, 0, 0, 0, 0, 0, 0, 0, 0, 0, 0, 0, 0, 0, 4, 0, 0, 0, 0, 2, 0, 0, 0, 0, 0, 0, 0, 2, 0, 0, 0, 0, 4, 0, 0, 0, 0, 0, 0, 0, 0, 0] 
dagA20.txt 3_2x3.txt 0.18181818181818182 0.2 395.3333333333333 [0, 0, 0, 0, 2, 0, 0, 0, 0, 0, 0, 0, 0, 2, 0, 0, 0, 0, 0, 0, 0, 0, 2, 0, 2, 0, 0, 1, 4, 0, 0, 0, 0, 0, 0, 0, 0, 4, 0, 0, 2, 0, 0, 0, 0, 0, 0, 0, 0, 0] 
dagA20.txt 5_4_3_2x5.txt None 0.1 20000000000.0 None 
dagA20.txt 5_4_3_2x5.txt 0.6853146853146853 0.7 32.0 [12, 14, 1, 0, 17, 12, 5, 5, 8, 8, 4, 4, 0, 16, 1, 4, 4, 12, 12, 10, 5, 8, 18, 1, 0, 16, 3, 2, 9, 13, 4, 6, 0, 1, 5, 3, 0, 9, 16, 8, 17, 13, 15, 4, 7, 13, 8, 0, 11, 19] 
dagA20.txt 3_2x3.txt 0.27972027972027974 0.3 244.0 [2, 0, 0, 2, 4, 2, 0, 0, 0, 0, 2, 2, 0, 0, 0, 2, 2, 0, 2, 2, 0, 0, 4, 0, 4, 0, 0, 2, 2, 2, 2, 0, 2, 0, 0, 0, 2, 2, 2, 0, 4, 0, 0, 2, 2, 0, 0, 2, 0, 0] 
dagA20.txt 5_4_3_2x5.txt 0.2097902097902098 0.25 235.2 [0, 0, 0, 0, 0, 0, 0, 0, 0, 0, 0, 0, 8, 4, 0, 4, 0, 0, 0, 0, 0, 0, 16, 0, 8, 0, 0, 4, 12, 0, 0, 0, 0, 0, 0, 0, 0, 0, 0, 0, 1, 0, 0, 0, 4, 0, 0, 0, 0, 0] 
dagA20.txt 3_2x3.txt 0.4965034965034965 0.5 122.5 [1, 4, 2, 5, 5, 1, 0, 4, 4, 0, 3, 3, 4, 4, 2, 3, 3, 0, 1, 3, 5, 2, 5, 2, 5, 4, 2, 5, 1, 0, 3, 0, 1, 2, 0, 2, 5, 1, 4, 2, 5, 0, 2, 3, 3, 0, 2, 0, 2, 0] 
dagA20.txt 5_4_3_2x5.txt 0.7832167832167832 0.8 26.2 [12, 19, 16, 8, 10, 1, 2, 7, 0, 14, 4, 13, 8, 0, 16, 6, 11, 2, 16, 15, 7, 18, 10, 6, 8, 0, 2, 5, 1, 1, 13, 12, 17, 16, 9, 18, 17, 12, 5, 4, 3, 14, 16, 13, 8, 9, 4, 17, 18, 2] 
dagA20.txt 5_4_3_2x5.txt 0.3776223776223776 0.4 180.6 [5, 0, 0, 0, 13, 0, 0, 0, 0, 0, 4, 4, 0, 0, 0, 4, 4, 0, 8, 1, 0, 0, 17, 0, 0, 0, 0, 0, 9, 0, 0, 0, 12, 0, 0, 0, 6, 16, 0, 0, 10, 0, 0, 4, 4, 0, 2, 6, 0, 0] 
dagA20.txt 5_4_3_2x5.txt 0.7902097902097902 0.9 26.6 [16, 12, 8, 4, 13, 18, 3, 7, 17, 1, 5, 8, 2, 11, 17, 5, 5, 1, 4, 12, 7, 9, 2, 0, 2, 19, 13, 15, 18, 6, 8, 10, 14, 0, 8, 13, 14, 16, 6, 17, 13, 10, 0, 8, 4, 6, 9, 14, 9, 1] 
dagA20.txt 5_4_3_2x5.txt 0.32167832167832167 0.35 206.8 [0, 0, 0, 0, 0, 0, 0, 0, 0, 0, 0, 0, 0, 4, 0, 16, 0, 0, 4, 0, 0, 0, 1, 0, 0, 4, 0, 4, 12, 0, 0, 0, 0, 0, 0, 0, 0, 8, 0, 0, 9, 0, 4, 0, 5, 4, 0, 0, 0, 0] 
dagA20.txt 3_2x3.txt 0.5174825174825175 0.55 121.0 [3, 2, 0, 3, 1, 5, 4, 2, 2, 4, 5, 0, 3, 2, 0, 5, 3, 4, 1, 2, 2, 0, 1, 0, 1, 2, 1, 0, 5, 5, 0, 4, 3, 0, 4, 1, 3, 3, 0, 5, 1, 4, 0, 0, 5, 4, 5, 3, 1, 4] 
dagA20.txt 5_4_3_2x5.txt 0.46153846153846156 0.5 166.2 [0, 13, 4, 9, 8, 0, 0, 0, 17, 0, 0, 0, 0, 12, 0, 0, 0, 0, 1, 5, 0, 0, 2, 4, 8, 4, 4, 16, 0, 0, 0, 0, 0, 0, 4, 4, 0, 0, 4, 0, 10, 0, 0, 0, 0, 0, 6, 0, 0, 0] 
dagA20.txt 5_4_3_2x5.txt 0.7902097902097902 1 26.4 [4, 8, 12, 8, 0, 13, 18, 3, 1, 16, 17, 2, 0, 9, 12, 13, 4, 5, 14, 15, 3, 12, 19, 4, 0, 8, 6, 6, 17, 13, 2, 10, 18, 12, 16, 6, 11, 12, 9, 1, 0, 5, 7, 2, 0, 10, 1, 5, 14, 5] 
dagA20.txt 4_1x1.txt 0.27972027972027974 0.3 681.0 [0, 1, 1, 0, 0, 0, 1, 1, 1, 0, 1, 1, 1, 0, 1, 1, 1, 0, 0, 1, 1, 1, 0, 1, 0, 1, 0, 0, 0, 0, 1, 0, 0, 1, 0, 0, 0, 0, 1, 1, 0, 0, 1, 1, 1, 0, 1, 0, 1, 0] 
dagA20.txt 5_4_3_2x5.txt 0.5804195804195804 0.6 93.2 [6, 4, 0, 12, 16, 0, 8, 0, 4, 8, 0, 0, 12, 4, 0, 0, 0, 8, 9, 2, 0, 1, 16, 0, 12, 4, 7, 5, 10, 0, 0, 17, 12, 0, 8, 3, 12, 8, 0, 13, 18, 0, 0, 0, 0, 0, 1, 12, 13, 14] 
dagA20.txt 4_1x1.txt 0.35664335664335667 0.4 296.75 [0, 0, 1, 0, 0, 0, 1, 1, 0, 0, 0, 1, 0, 0, 1, 0, 1, 0, 0, 0, 1, 1, 0, 0, 0, 0, 0, 0, 0, 0, 1, 0, 0, 0, 0, 0, 0, 0, 0, 1, 0, 0, 1, 0, 1, 0, 1, 0, 1, 0] 
dagA20.txt 4_1x1.txt 0.34965034965034963 0.35 506.0 [0, 0, 1, 0, 0, 0, 1, 1, 1, 0, 1, 1, 1, 0, 1, 1, 1, 0, 0, 0, 1, 1, 0, 1, 0, 0, 0, 0, 0, 0, 1, 0, 0, 1, 0, 0, 0, 0, 1, 1, 0, 0, 1, 0, 1, 0, 1, 0, 1, 0] 
dagA20.txt 4_1x1.txt 0.35664335664335667 0.45 296.75 [0, 0, 1, 0, 0, 0, 1, 1, 0, 0, 0, 1, 0, 0, 1, 0, 1, 0, 0, 0, 1, 1, 0, 0, 0, 0, 0, 0, 0, 0, 1, 0, 0, 0, 0, 0, 0, 0, 0, 1, 0, 0, 1, 0, 1, 0, 1, 0, 1, 0] 
dagA20.txt 4_1x1.txt 0.35664335664335667 0.5 296.75 [0, 0, 1, 0, 0, 0, 1, 1, 0, 0, 0, 1, 0, 0, 1, 0, 1, 0, 0, 0, 1, 1, 0, 0, 0, 0, 0, 0, 0, 0, 1, 0, 0, 0, 0, 0, 0, 0, 0, 1, 0, 0, 1, 0, 1, 0, 1, 0, 1, 0] 
dagA20.txt 4_1x1.txt 0.35664335664335667 0.6 296.75 [0, 0, 1, 0, 0, 0, 1, 1, 0, 0, 0, 1, 0, 0, 1, 0, 1, 0, 0, 0, 1, 1, 0, 0, 0, 0, 0, 0, 0, 0, 1, 0, 0, 0, 0, 0, 0, 0, 0, 1, 0, 0, 1, 0, 1, 0, 1, 0, 1, 0] 
dagA20.txt 4_1x1.txt 0.35664335664335667 0.55 296.75 [0, 0, 1, 0, 0, 0, 1, 1, 0, 0, 0, 1, 0, 0, 1, 0, 1, 0, 0, 0, 1, 1, 0, 0, 0, 0, 0, 0, 0, 0, 1, 0, 0, 0, 0, 0, 0, 0, 0, 1, 0, 0, 1, 0, 1, 0, 1, 0, 1, 0] 
dagA20.txt 4_1x1.txt 0.35664335664335667 0.65 296.75 [0, 0, 1, 0, 0, 0, 1, 1, 0, 0, 0, 1, 0, 0, 1, 0, 1, 0, 0, 0, 1, 1, 0, 0, 0, 0, 0, 0, 0, 0, 1, 0, 0, 0, 0, 0, 0, 0, 0, 1, 0, 0, 1, 0, 1, 0, 1, 0, 1, 0] 
dagA20.txt 4_1x1.txt 0.35664335664335667 0.7 296.75 [0, 0, 1, 0, 0, 0, 1, 1, 0, 0, 0, 1, 0, 0, 1, 0, 1, 0, 0, 0, 1, 1, 0, 0, 0, 0, 0, 0, 0, 0, 1, 0, 0, 0, 0, 0, 0, 0, 0, 1, 0, 0, 1, 0, 1, 0, 1, 0, 1, 0] 
dagA20.txt 4_1x1.txt 0.35664335664335667 0.9 296.75 [0, 0, 1, 0, 0, 0, 1, 1, 0, 0, 0, 1, 0, 0, 1, 0, 1, 0, 0, 0, 1, 1, 0, 0, 0, 0, 0, 0, 0, 0, 1, 0, 0, 0, 0, 0, 0, 0, 0, 1, 0, 0, 1, 0, 1, 0, 1, 0, 1, 0] 
dagA20.txt 4_1x1.txt 0.35664335664335667 0.8 296.75 [0, 0, 1, 0, 0, 0, 1, 1, 0, 0, 0, 1, 0, 0, 1, 0, 1, 0, 0, 0, 1, 1, 0, 0, 0, 0, 0, 0, 0, 0, 1, 0, 0, 0, 0, 0, 0, 0, 0, 1, 0, 0, 1, 0, 1, 0, 1, 0, 1, 0] 
dagA20.txt 4_1x1.txt 0.35664335664335667 1 296.75 [0, 0, 1, 0, 0, 0, 1, 1, 0, 0, 0, 1, 0, 0, 1, 0, 1, 0, 0, 0, 1, 1, 0, 0, 0, 0, 0, 0, 0, 0, 1, 0, 0, 0, 0, 0, 0, 0, 0, 1, 0, 0, 1, 0, 1, 0, 1, 0, 1, 0] 
dagA20.txt 4_1x1.txt 0.1888111888111888 0.2 295.75 [0, 1, 0, 0, 0, 0, 0, 0, 0, 0, 0, 0, 0, 1, 0, 0, 0, 0, 1, 1, 0, 0, 0, 0, 0, 1, 0, 1, 0, 0, 0, 0, 0, 0, 0, 0, 0, 0, 0, 0, 0, 0, 0, 0, 0, 0, 0, 0, 0, 0] 
dagA20.txt 3_2x3.txt 0.3776223776223776 0.4 156.66666666666666 [2, 0, 0, 4, 1, 4, 2, 0, 4, 2, 4, 0, 2, 0, 0, 0, 2, 2, 4, 0, 4, 4, 1, 0, 1, 0, 1, 4, 4, 0, 0, 2, 2, 0, 2, 4, 2, 2, 0, 4, 1, 2, 0, 0, 4, 2, 4, 2, 4, 2] 
dagA20.txt 4_1x1.txt 0.03496503496503497 0.1 345.25 [0, 0, 0, 0, 0, 0, 0, 0, 0, 0, 0, 0, 0, 0, 0, 0, 0, 0, 0, 0, 0, 0, 0, 0, 0, 0, 0, 0, 1, 0, 0, 0, 0, 0, 0, 0, 0, 1, 0, 0, 0, 0, 0, 0, 0, 0, 0, 0, 0, 0] 
dagA20.txt 5_4_3_2x5.txt 0.5454545454545454 0.55 130.8 [4, 4, 0, 9, 8, 4, 0, 0, 0, 0, 0, 0, 0, 16, 0, 0, 0, 0, 1, 5, 0, 0, 13, 0, 8, 4, 0, 12, 4, 0, 4, 4, 4, 0, 4, 0, 0, 4, 2, 0, 10, 0, 6, 0, 0, 0, 17, 0, 0, 0] 
dagA20.txt 5_4_3_2x5.txt 0.13286713286713286 0.15 254.8 [0, 0, 0, 0, 0, 0, 0, 0, 0, 0, 0, 0, 0, 0, 0, 0, 0, 0, 0, 0, 0, 0, 12, 0, 0, 0, 5, 4, 8, 0, 0, 0, 0, 0, 0, 1, 0, 0, 4, 0, 16, 0, 0, 0, 0, 0, 0, 0, 0, 0] 
dagA20.txt 4_1x1.txt 0.23776223776223776 0.25 728.0 [0, 1, 1, 0, 0, 0, 0, 1, 1, 0, 1, 1, 0, 1, 1, 1, 1, 0, 0, 1, 1, 1, 0, 1, 0, 1, 0, 0, 0, 0, 1, 1, 0, 1, 0, 0, 0, 0, 1, 1, 0, 0, 1, 1, 1, 0, 1, 0, 1, 0] 
dagA20.txt 3_2x3.txt 0.11188811188811189 0.15 411.6666666666667 [0, 0, 0, 0, 2, 0, 0, 0, 0, 0, 0, 0, 0, 0, 0, 0, 0, 0, 0, 0, 0, 0, 2, 0, 2, 0, 0, 1, 4, 0, 0, 0, 0, 0, 0, 0, 0, 4, 0, 0, 2, 0, 0, 0, 0, 0, 0, 0, 0, 0] 
dagA20.txt 5_4_3_2x5.txt 0.4195804195804196 0.45 179.8 [5, 0, 0, 1, 8, 0, 0, 0, 4, 0, 4, 0, 17, 0, 0, 4, 14, 0, 12, 0, 4, 0, 2, 0, 8, 0, 0, 0, 13, 0, 0, 0, 0, 0, 0, 0, 0, 16, 0, 0, 10, 0, 0, 9, 4, 0, 0, 0, 0, 6] 
dagA20.txt 5_4_3_2x3.txt 0.6993006993006993 0.7 49.5 [4, 6, 5, 10, 8, 7, 1, 9, 0, 1, 3, 9, 1, 0, 9, 9, 2, 1, 10, 0, 9, 5, 8, 5, 10, 6, 11, 11, 3, 7, 7, 2, 4, 5, 8, 11, 10, 4, 6, 0, 8, 2, 5, 0, 9, 2, 0, 2, 11, 1] 
dagA20.txt 5_4_3_2x3.txt None 0.1 20000000000.0 None 
dagA20.txt 5_4_3_2x3.txt 0.18181818181818182 0.2 235.8 [0, 0, 0, 0, 0, 0, 0, 0, 0, 0, 0, 0, 0, 4, 0, 0, 0, 0, 0, 1, 0, 0, 5, 0, 0, 0, 0, 8, 4, 0, 0, 0, 0, 0, 0, 2, 0, 4, 0, 0, 9, 0, 0, 0, 0, 0, 0, 0, 0, 0] 
dagA20.txt 5_4_3_2x3.txt 0.7622377622377622 0.8 40.333333333333336 [5, 7, 3, 11, 4, 10, 8, 3, 0, 8, 9, 1, 4, 4, 3, 9, 1, 8, 4, 0, 3, 9, 6, 1, 4, 8, 6, 6, 5, 10, 1, 0, 0, 0, 8, 6, 11, 5, 7, 2, 6, 10, 4, 1, 9, 10, 2, 11, 2, 10] 
dagA20.txt 5_4_3_2x3.txt 0.6993006993006993 0.9 39.666666666666664 [9, 7, 0, 4, 8, 3, 4, 6, 6, 9, 10, 0, 1, 5, 0, 3, 1, 1, 8, 8, 6, 10, 8, 0, 4, 5, 11, 4, 0, 3, 0, 2, 1, 10, 4, 11, 4, 9, 5, 6, 8, 2, 10, 0, 6, 2, 7, 1, 11, 2] 
dagA20.txt 5_4_3_2x3.txt 0.7202797202797203 1 40.8 [5, 9, 0, 1, 4, 7, 10, 1, 9, 5, 3, 4, 10, 6, 4, 3, 4, 10, 0, 4, 1, 0, 2, 4, 2, 9, 0, 8, 7, 11, 11, 8, 10, 0, 1, 0, 6, 5, 11, 8, 2, 6, 0, 4, 2, 8, 8, 6, 0, 6] 
dagA20.txt 5_4_3_2x5.txt 0.6293706293706294 0.65 64.8 [17, 2, 16, 0, 0, 1, 0, 0, 10, 4, 12, 12, 0, 4, 16, 14, 12, 0, 5, 13, 0, 8, 18, 16, 0, 4, 0, 1, 6, 4, 4, 8, 0, 16, 4, 1, 0, 9, 4, 8, 0, 4, 7, 12, 3, 4, 8, 0, 8, 4] 
dagA20.txt 4_1x1.txt 0.13286713286713286 0.15 320.75 [0, 0, 0, 0, 0, 0, 0, 0, 0, 0, 0, 0, 0, 1, 0, 0, 0, 0, 0, 0, 0, 0, 0, 0, 0, 0, 0, 1, 1, 0, 0, 0, 0, 0, 0, 0, 0, 1, 0, 0, 0, 0, 0, 0, 0, 0, 0, 0, 0, 0] 
dagA20.txt 5_4_3_2x3.txt 0.27972027972027974 0.3 208.0 [0, 0, 0, 0, 0, 0, 0, 0, 0, 0, 0, 0, 0, 4, 0, 4, 0, 0, 4, 1, 0, 0, 9, 0, 0, 4, 0, 4, 5, 0, 0, 0, 0, 0, 0, 0, 0, 8, 0, 0, 2, 0, 0, 0, 4, 0, 0, 0, 0, 0] 
dagA20.txt 5_4_3_2x3.txt 0.4825174825174825 0.5 156.8 [0, 2, 0, 5, 8, 0, 0, 0, 1, 4, 0, 0, 0, 1, 0, 0, 0, 0, 8, 9, 0, 4, 6, 0, 5, 4, 0, 4, 0, 0, 0, 0, 4, 0, 4, 4, 0, 0, 0, 0, 3, 0, 0, 0, 0, 0, 10, 0, 4, 0] 
dagA20.txt 5_4_3_2x3.txt 0.5734265734265734 0.6 46.0 [2, 8, 4, 1, 1, 9, 0, 8, 8, 0, 4, 4, 3, 8, 4, 4, 4, 0, 1, 6, 8, 5, 7, 10, 1, 8, 9, 9, 9, 0, 6, 5, 2, 4, 0, 9, 1, 2, 6, 5, 1, 0, 4, 4, 11, 0, 5, 0, 5, 0] 
dagA20.txt 5_4_3_2x3.txt 0.35664335664335667 0.4 187.2 [0, 4, 0, 9, 8, 5, 0, 0, 0, 1, 0, 0, 0, 0, 4, 0, 0, 0, 8, 4, 0, 0, 6, 0, 9, 0, 0, 2, 5, 0, 4, 0, 0, 0, 0, 0, 0, 1, 0, 0, 3, 0, 0, 0, 0, 0, 0, 0, 0, 10] 
dagA20.txt 5_4_3_2x3.txt 0.11188811188811189 0.15 251.2 [0, 0, 0, 0, 0, 0, 0, 0, 0, 0, 0, 0, 0, 0, 0, 8, 0, 0, 0, 0, 0, 0, 5, 0, 0, 0, 0, 4, 1, 0, 0, 0, 0, 0, 0, 4, 0, 0, 0, 0, 9, 0, 0, 0, 8, 0, 0, 0, 0, 0] 
dagA20.txt 3_2x3.txt 0.34265734265734266 0.35 227.33333333333334 [2, 0, 0, 2, 4, 2, 0, 0, 0, 0, 2, 2, 0, 2, 0, 2, 2, 0, 2, 2, 0, 0, 4, 0, 4, 4, 0, 2, 2, 2, 2, 0, 2, 0, 0, 0, 2, 2, 2, 0, 4, 0, 0, 2, 2, 0, 0, 2, 0, 0] 
dagA20.txt 3_2x3.txt 0.24475524475524477 0.25 363.3333333333333 [0, 0, 0, 0, 2, 0, 0, 0, 0, 0, 0, 0, 0, 2, 0, 0, 0, 0, 2, 0, 0, 0, 2, 0, 2, 2, 0, 1, 4, 0, 0, 0, 0, 0, 0, 0, 0, 4, 0, 0, 2, 0, 0, 0, 0, 0, 0, 0, 0, 0] 
dagA20.txt 5_4_3_2x3.txt 0.23776223776223776 0.25 219.6 [0, 0, 0, 0, 0, 0, 0, 0, 0, 0, 0, 0, 0, 4, 0, 0, 0, 0, 4, 1, 0, 0, 5, 0, 0, 4, 0, 8, 4, 0, 0, 0, 0, 0, 0, 0, 0, 4, 0, 0, 9, 0, 0, 0, 0, 0, 0, 0, 0, 0] 
dagA20.txt 4_1x4.txt 0.6923076923076923 0.7 117.75 [2, 3, 6, 4, 0, 0, 4, 7, 0, 0, 0, 0, 2, 2, 6, 0, 2, 1, 0, 3, 7, 7, 5, 6, 4, 0, 5, 4, 0, 0, 6, 0, 2, 6, 4, 5, 4, 2, 0, 7, 5, 1, 6, 6, 7, 1, 0, 2, 5, 1] 
dagA20.txt 5_4_3_2x3.txt 0.32867132867132864 0.35 209.4 [0, 0, 0, 0, 0, 0, 0, 0, 0, 0, 0, 0, 0, 4, 0, 4, 0, 0, 4, 0, 0, 0, 1, 0, 0, 4, 0, 4, 0, 0, 0, 8, 0, 0, 4, 0, 0, 0, 0, 0, 9, 0, 0, 0, 4, 0, 0, 0, 5, 0] 
dagA20.txt 5_4_3_2x3.txt 0.5314685314685315 0.55 81.2 [5, 4, 0, 4, 9, 0, 4, 8, 8, 4, 0, 0, 4, 8, 0, 0, 0, 4, 10, 4, 8, 6, 9, 0, 4, 8, 9, 2, 3, 0, 0, 1, 4, 0, 4, 2, 4, 5, 0, 1, 11, 0, 0, 0, 8, 0, 6, 4, 1, 7] 
dagA20.txt 5_4_3_2x3.txt 0.6433566433566433 0.65 39.8 [5, 11, 9, 4, 10, 2, 1, 8, 8, 1, 0, 0, 4, 8, 9, 0, 0, 1, 10, 0, 8, 6, 7, 9, 10, 8, 7, 4, 5, 2, 0, 6, 4, 9, 1, 7, 4, 5, 3, 6, 10, 2, 9, 0, 8, 2, 3, 4, 6, 2] 
dagA20.txt 4_1x4.txt 0.7202797202797203 0.9 81.5 [2, 3, 6, 4, 0, 0, 4, 7, 0, 6, 0, 0, 2, 4, 6, 0, 2, 1, 4, 6, 7, 2, 2, 6, 4, 2, 5, 4, 0, 0, 6, 4, 2, 6, 4, 5, 4, 2, 0, 7, 5, 2, 6, 6, 6, 1, 0, 2, 5, 1] 
dagA20.txt 4_1x4.txt 0.7202797202797203 0.8 81.5 [2, 3, 6, 4, 0, 0, 4, 7, 0, 6, 0, 0, 2, 4, 6, 0, 2, 1, 4, 6, 7, 2, 2, 6, 4, 2, 5, 4, 0, 0, 6, 4, 2, 6, 4, 5, 4, 2, 0, 7, 5, 2, 6, 6, 6, 1, 0, 2, 5, 1] 
dagA20.txt 4_1x4.txt 0.7202797202797203 1 81.5 [2, 3, 6, 4, 0, 0, 4, 7, 0, 6, 0, 0, 2, 4, 6, 0, 2, 1, 4, 6, 7, 2, 2, 6, 4, 2, 5, 4, 0, 0, 6, 4, 2, 6, 4, 5, 4, 2, 0, 7, 5, 2, 6, 6, 6, 1, 0, 2, 5, 1] 
dagA20.txt 5_4_3_2x3.txt 0.44755244755244755 0.45 162.4 [0, 0, 0, 4, 4, 2, 0, 0, 0, 0, 8, 0, 0, 4, 0, 8, 0, 0, 4, 0, 0, 0, 9, 0, 4, 0, 6, 1, 8, 0, 0, 5, 0, 0, 4, 6, 0, 8, 0, 0, 7, 0, 0, 0, 8, 0, 0, 0, 10, 3] 
dagA20.txt 4_1x2.txt 0.4965034965034965 0.5 149.25 [2, 0, 0, 0, 2, 0, 1, 3, 2, 2, 0, 0, 2, 2, 0, 0, 2, 2, 0, 0, 3, 0, 1, 0, 1, 0, 1, 2, 0, 0, 0, 2, 2, 0, 2, 1, 1, 2, 3, 3, 1, 2, 0, 0, 3, 2, 3, 2, 1, 2] 
dagA20.txt 4_1x4.txt 0.5944055944055944 0.6 182.0 [7, 6, 6, 0, 3, 5, 0, 6, 1, 2, 5, 4, 7, 1, 6, 5, 7, 2, 3, 4, 6, 6, 3, 4, 0, 1, 3, 0, 5, 5, 4, 7, 0, 6, 2, 3, 0, 7, 4, 1, 3, 2, 6, 4, 5, 2, 1, 0, 3, 2] 
dagA20.txt 4_1x4.txt 0.6433566433566433 0.65 138.0 [2, 3, 6, 4, 5, 0, 4, 7, 0, 1, 0, 0, 2, 0, 6, 0, 2, 1, 0, 3, 7, 7, 5, 6, 4, 3, 5, 4, 0, 0, 6, 0, 2, 6, 4, 5, 4, 2, 0, 7, 5, 1, 6, 6, 7, 1, 7, 2, 5, 1] 
dagA20.txt 4_1x2.txt 0.5244755244755245 0.55 149.25 [2, 0, 0, 0, 2, 0, 1, 3, 2, 2, 0, 0, 2, 2, 0, 0, 2, 2, 2, 0, 3, 0, 1, 0, 1, 0, 1, 2, 0, 0, 0, 2, 2, 0, 0, 1, 1, 2, 3, 3, 1, 2, 0, 0, 3, 2, 3, 2, 1, 2] 
dagA20.txt 4_1x2.txt 0.5244755244755245 0.6 149.25 [2, 0, 0, 0, 2, 0, 1, 3, 2, 2, 0, 0, 2, 2, 0, 0, 2, 2, 2, 0, 3, 0, 1, 0, 1, 0, 1, 2, 0, 0, 0, 2, 2, 0, 0, 1, 1, 2, 3, 3, 1, 2, 0, 0, 3, 2, 3, 2, 1, 2] 
dagA20.txt 4_1x2.txt 0.5244755244755245 0.7 149.25 [2, 0, 0, 0, 2, 0, 1, 3, 2, 2, 0, 0, 2, 2, 0, 0, 2, 2, 2, 0, 3, 0, 1, 0, 1, 0, 1, 2, 0, 0, 0, 2, 2, 0, 0, 1, 1, 2, 3, 3, 1, 2, 0, 0, 3, 2, 3, 2, 1, 2] 
dagA20.txt 4_1x2.txt 0.5244755244755245 0.65 149.25 [2, 0, 0, 0, 2, 0, 1, 3, 2, 2, 0, 0, 2, 2, 0, 0, 2, 2, 2, 0, 3, 0, 1, 0, 1, 0, 1, 2, 0, 0, 0, 2, 2, 0, 0, 1, 1, 2, 3, 3, 1, 2, 0, 0, 3, 2, 3, 2, 1, 2] 
dagA20.txt 4_1x2.txt 0.5244755244755245 0.8 149.25 [2, 0, 0, 0, 2, 0, 1, 3, 2, 2, 0, 0, 2, 2, 0, 0, 2, 2, 2, 0, 3, 0, 1, 0, 1, 0, 1, 2, 0, 0, 0, 2, 2, 0, 0, 1, 1, 2, 3, 3, 1, 2, 0, 0, 3, 2, 3, 2, 1, 2] 
dagA20.txt 4_1x2.txt 0.5244755244755245 0.9 149.25 [2, 0, 0, 0, 2, 0, 1, 3, 2, 2, 0, 0, 2, 2, 0, 0, 2, 2, 2, 0, 3, 0, 1, 0, 1, 0, 1, 2, 0, 0, 0, 2, 2, 0, 0, 1, 1, 2, 3, 3, 1, 2, 0, 0, 3, 2, 3, 2, 1, 2] 
dagA20.txt 4_1x2.txt 0.5244755244755245 1 149.25 [2, 0, 0, 0, 2, 0, 1, 3, 2, 2, 0, 0, 2, 2, 0, 0, 2, 2, 2, 0, 3, 0, 1, 0, 1, 0, 1, 2, 0, 0, 0, 2, 2, 0, 0, 1, 1, 2, 3, 3, 1, 2, 0, 0, 3, 2, 3, 2, 1, 2] 
dagA20.txt 3_2x3.txt 0.44755244755244755 0.45 132.33333333333334 [1, 3, 2, 4, 4, 2, 4, 4, 0, 0, 2, 2, 0, 0, 2, 2, 2, 0, 4, 3, 4, 0, 4, 2, 4, 3, 5, 5, 2, 2, 2, 0, 1, 2, 4, 5, 4, 1, 2, 0, 4, 0, 2, 2, 4, 0, 0, 1, 0, 0] 
dagA20.txt 4_1x4.txt 0.2937062937062937 0.3 218.75 [2, 0, 0, 0, 0, 2, 0, 0, 0, 0, 0, 0, 0, 2, 0, 0, 2, 0, 2, 0, 0, 0, 0, 0, 0, 0, 0, 2, 2, 2, 0, 2, 0, 0, 0, 2, 0, 2, 2, 2, 0, 2, 2, 0, 0, 2, 2, 0, 2, 2] 
dagA20.txt 4_1x2.txt 0.0979020979020979 0.1 341.0 [0, 0, 0, 0, 0, 0, 0, 0, 0, 0, 0, 0, 0, 2, 0, 0, 0, 0, 0, 0, 0, 0, 0, 0, 0, 0, 0, 2, 0, 0, 0, 0, 0, 0, 0, 0, 0, 0, 0, 0, 0, 0, 0, 0, 0, 0, 0, 0, 0, 0] 
dagA20.txt 4_1x2.txt 0.2937062937062937 0.3 218.5 [1, 0, 0, 2, 2, 2, 0, 0, 0, 0, 0, 0, 2, 2, 0, 0, 0, 0, 2, 0, 0, 0, 2, 0, 2, 0, 2, 2, 1, 0, 0, 0, 2, 0, 0, 2, 2, 1, 0, 0, 2, 0, 0, 0, 0, 0, 0, 2, 2, 0] 
dagA20.txt 4_1x4.txt 0.4965034965034965 0.5 95.0 [2, 5, 0, 3, 1, 4, 6, 6, 4, 2, 4, 0, 3, 0, 0, 0, 2, 2, 4, 5, 6, 4, 1, 0, 3, 0, 1, 7, 4, 2, 0, 2, 2, 0, 6, 7, 2, 2, 0, 4, 1, 2, 0, 0, 0, 2, 4, 2, 4, 2] 
dagA20.txt 4_1x4.txt 0.18181818181818182 0.2 310.5 [0, 0, 0, 0, 0, 0, 0, 0, 0, 0, 0, 0, 0, 2, 0, 0, 0, 0, 0, 0, 0, 0, 0, 0, 0, 0, 0, 4, 6, 0, 0, 2, 0, 0, 0, 2, 0, 0, 0, 0, 0, 0, 0, 0, 0, 0, 0, 0, 2, 0] 
dagA20.txt 4_1x2.txt 0.18181818181818182 0.2 300.25 [1, 0, 0, 0, 0, 0, 0, 0, 0, 0, 0, 0, 0, 0, 0, 0, 2, 0, 0, 0, 0, 0, 0, 0, 0, 0, 0, 0, 1, 0, 0, 2, 0, 0, 0, 2, 0, 1, 0, 0, 0, 0, 0, 2, 0, 0, 0, 0, 2, 0] 
dagA20.txt 4_1x2.txt 0.3986013986013986 0.4 304.0 [0, 1, 2, 3, 3, 2, 0, 1, 1, 0, 2, 2, 0, 1, 2, 2, 0, 0, 3, 1, 1, 2, 3, 2, 3, 1, 3, 3, 2, 2, 2, 0, 0, 2, 0, 3, 3, 0, 2, 2, 3, 0, 2, 2, 1, 0, 1, 0, 3, 0] 
dagA20.txt 4_1x4.txt 0.0979020979020979 0.1 341.0 [0, 0, 0, 0, 0, 0, 0, 0, 0, 0, 0, 0, 0, 2, 0, 0, 0, 0, 0, 0, 0, 0, 0, 0, 0, 0, 0, 2, 0, 0, 0, 0, 0, 0, 0, 0, 0, 0, 0, 0, 0, 0, 0, 0, 0, 0, 0, 0, 0, 0] 
dagA20.txt 4_1x2.txt 0.4405594405594406 0.45 356.0 [2, 3, 0, 1, 1, 0, 1, 3, 3, 2, 0, 0, 2, 3, 0, 0, 2, 2, 1, 3, 3, 0, 1, 0, 1, 3, 1, 0, 0, 0, 0, 2, 2, 0, 1, 1, 1, 2, 3, 3, 1, 2, 0, 0, 3, 2, 3, 2, 1, 2] 
dagA20.txt 3_2x2.txt 0.18181818181818182 0.2 400.3333333333333 [1, 0, 0, 0, 0, 0, 0, 0, 0, 0, 0, 0, 0, 0, 0, 0, 2, 0, 0, 0, 0, 0, 0, 0, 0, 0, 0, 0, 1, 0, 0, 2, 0, 0, 0, 2, 0, 1, 0, 0, 0, 0, 0, 2, 0, 0, 0, 0, 2, 0] 
dagA20.txt 4_1x4.txt 0.3986013986013986 0.4 161.75 [2, 0, 0, 0, 0, 2, 0, 0, 4, 2, 0, 0, 0, 4, 0, 0, 0, 2, 2, 0, 0, 4, 0, 0, 0, 2, 4, 4, 2, 2, 0, 4, 0, 0, 2, 4, 0, 2, 4, 4, 0, 2, 2, 0, 0, 2, 4, 2, 4, 2] 
dagA20.txt 4_1x2.txt 0.13986013986013987 0.15 329.0 [0, 0, 0, 0, 0, 0, 0, 0, 0, 0, 0, 0, 0, 2, 0, 0, 0, 0, 2, 0, 0, 0, 0, 0, 0, 0, 0, 2, 0, 0, 0, 0, 0, 0, 0, 0, 0, 0, 0, 0, 0, 0, 0, 0, 0, 0, 0, 0, 0, 0] 
dagA20.txt 3_2x2.txt 0.46853146853146854 0.5 155.0 [2, 3, 0, 1, 1, 0, 1, 3, 3, 2, 0, 0, 2, 2, 0, 0, 2, 2, 2, 3, 3, 0, 1, 0, 1, 3, 1, 0, 0, 0, 0, 2, 2, 0, 1, 1, 1, 2, 3, 3, 1, 2, 0, 0, 3, 2, 3, 2, 1, 2] 
dagA20.txt 3_2x2.txt 0.46853146853146854 0.55 155.0 [2, 3, 0, 1, 1, 0, 1, 3, 3, 2, 0, 0, 2, 2, 0, 0, 2, 2, 2, 3, 3, 0, 1, 0, 1, 3, 1, 0, 0, 0, 0, 2, 2, 0, 1, 1, 1, 2, 3, 3, 1, 2, 0, 0, 3, 2, 3, 2, 1, 2] 
dagA20.txt 3_2x2.txt 0.0979020979020979 0.1 454.6666666666667 [0, 0, 0, 0, 0, 0, 0, 0, 0, 0, 0, 0, 0, 2, 0, 0, 0, 0, 0, 0, 0, 0, 0, 0, 0, 0, 0, 2, 0, 0, 0, 0, 0, 0, 0, 0, 0, 0, 0, 0, 0, 0, 0, 0, 0, 0, 0, 0, 0, 0] 
dagA20.txt 3_2x2.txt 0.46853146853146854 0.6 155.0 [2, 3, 0, 1, 1, 0, 1, 3, 3, 2, 0, 0, 2, 2, 0, 0, 2, 2, 2, 3, 3, 0, 1, 0, 1, 3, 1, 0, 0, 0, 0, 2, 2, 0, 1, 1, 1, 2, 3, 3, 1, 2, 0, 0, 3, 2, 3, 2, 1, 2] 
dagA20.txt 4_1x2.txt 0.21678321678321677 0.25 272.25 [2, 0, 0, 0, 0, 2, 0, 0, 0, 0, 0, 0, 0, 0, 0, 0, 0, 0, 2, 0, 0, 0, 0, 0, 0, 0, 0, 2, 2, 0, 0, 1, 0, 0, 0, 1, 0, 2, 0, 0, 0, 0, 0, 1, 0, 0, 0, 0, 1, 0] 
dagA20.txt 3_2x2.txt 0.46853146853146854 0.65 155.0 [2, 3, 0, 1, 1, 0, 1, 3, 3, 2, 0, 0, 2, 2, 0, 0, 2, 2, 2, 3, 3, 0, 1, 0, 1, 3, 1, 0, 0, 0, 0, 2, 2, 0, 1, 1, 1, 2, 3, 3, 1, 2, 0, 0, 3, 2, 3, 2, 1, 2] 
dagA20.txt 3_2x2.txt 0.46853146853146854 0.7 155.0 [2, 3, 0, 1, 1, 0, 1, 3, 3, 2, 0, 0, 2, 2, 0, 0, 2, 2, 2, 3, 3, 0, 1, 0, 1, 3, 1, 0, 0, 0, 0, 2, 2, 0, 1, 1, 1, 2, 3, 3, 1, 2, 0, 0, 3, 2, 3, 2, 1, 2] 
dagA20.txt 4_1x2.txt 0.34965034965034963 0.35 219.75 [2, 1, 0, 2, 0, 2, 0, 0, 1, 0, 0, 0, 1, 0, 0, 0, 0, 0, 2, 1, 0, 0, 0, 0, 2, 0, 0, 2, 2, 0, 0, 0, 2, 0, 0, 0, 2, 2, 1, 0, 0, 0, 0, 0, 0, 0, 1, 2, 0, 0] 
dagA20.txt 3_2x2.txt 0.46853146853146854 0.9 155.0 [2, 3, 0, 1, 1, 0, 1, 3, 3, 2, 0, 0, 2, 2, 0, 0, 2, 2, 2, 3, 3, 0, 1, 0, 1, 3, 1, 0, 0, 0, 0, 2, 2, 0, 1, 1, 1, 2, 3, 3, 1, 2, 0, 0, 3, 2, 3, 2, 1, 2] 
dagA20.txt 3_2x2.txt 0.46853146853146854 0.8 155.0 [2, 3, 0, 1, 1, 0, 1, 3, 3, 2, 0, 0, 2, 2, 0, 0, 2, 2, 2, 3, 3, 0, 1, 0, 1, 3, 1, 0, 0, 0, 0, 2, 2, 0, 1, 1, 1, 2, 3, 3, 1, 2, 0, 0, 3, 2, 3, 2, 1, 2] 
dagA20.txt 3_2x2.txt 0.3986013986013986 0.4 152.0 [0, 1, 2, 3, 3, 2, 0, 1, 1, 0, 2, 2, 0, 1, 2, 2, 0, 0, 3, 1, 1, 2, 3, 2, 3, 1, 3, 3, 2, 2, 2, 0, 0, 2, 0, 3, 3, 0, 2, 2, 3, 0, 2, 2, 1, 0, 1, 0, 3, 0] 
dagA20.txt 3_2x2.txt 0.46853146853146854 1 155.0 [2, 3, 0, 1, 1, 0, 1, 3, 3, 2, 0, 0, 2, 2, 0, 0, 2, 2, 2, 3, 3, 0, 1, 0, 1, 3, 1, 0, 0, 0, 0, 2, 2, 0, 1, 1, 1, 2, 3, 3, 1, 2, 0, 0, 3, 2, 3, 2, 1, 2] 
dagA20.txt 3_2x2.txt 0.4405594405594406 0.45 178.0 [2, 3, 0, 1, 1, 0, 1, 3, 3, 2, 0, 0, 2, 3, 0, 0, 2, 2, 1, 3, 3, 0, 1, 0, 1, 3, 1, 0, 0, 0, 0, 2, 2, 0, 1, 1, 1, 2, 3, 3, 1, 2, 0, 0, 3, 2, 3, 2, 1, 2] 
dagA20.txt 3_2x2.txt 0.21678321678321677 0.25 363.0 [2, 0, 0, 0, 0, 2, 0, 0, 0, 0, 0, 0, 0, 0, 0, 0, 0, 0, 2, 0, 0, 0, 0, 0, 0, 0, 0, 2, 2, 0, 0, 1, 0, 0, 0, 1, 0, 2, 0, 0, 0, 0, 0, 1, 0, 0, 0, 0, 1, 0] 
dagA20.txt 3_2x2.txt 0.2937062937062937 0.3 291.3333333333333 [1, 0, 0, 2, 2, 2, 0, 0, 0, 0, 0, 0, 2, 2, 0, 0, 0, 0, 2, 0, 0, 0, 2, 0, 2, 0, 2, 2, 1, 0, 0, 0, 2, 0, 0, 2, 2, 1, 0, 0, 2, 0, 0, 0, 0, 0, 0, 2, 2, 0] 
dagA20.txt 5_4_3_2x1.txt 0.4755244755244755 0.5 108.0 [1, 3, 0, 2, 2, 0, 2, 3, 3, 1, 0, 0, 1, 1, 0, 0, 1, 1, 2, 0, 3, 0, 2, 0, 2, 0, 2, 0, 0, 0, 0, 1, 1, 0, 2, 2, 2, 1, 3, 3, 2, 1, 0, 0, 3, 1, 3, 1, 2, 1] 
dagA20.txt 5_4_3_2x1.txt 0.4755244755244755 0.55 108.0 [1, 3, 0, 2, 2, 0, 2, 3, 3, 1, 0, 0, 1, 1, 0, 0, 1, 1, 2, 0, 3, 0, 2, 0, 2, 0, 2, 0, 0, 0, 0, 1, 1, 0, 2, 2, 2, 1, 3, 3, 2, 1, 0, 0, 3, 1, 3, 1, 2, 1] 
dagA20.txt 5_4_3_2x1.txt 0.4755244755244755 0.6 108.0 [1, 3, 0, 2, 2, 0, 2, 3, 3, 1, 0, 0, 1, 1, 0, 0, 1, 1, 2, 0, 3, 0, 2, 0, 2, 0, 2, 0, 0, 0, 0, 1, 1, 0, 2, 2, 2, 1, 3, 3, 2, 1, 0, 0, 3, 1, 3, 1, 2, 1] 
dagA20.txt 4_1x4.txt 0.23776223776223776 0.25 255.0 [2, 0, 0, 0, 0, 2, 0, 0, 0, 0, 0, 0, 0, 0, 0, 0, 0, 0, 2, 0, 0, 0, 0, 0, 0, 0, 0, 2, 2, 2, 0, 2, 0, 0, 0, 0, 0, 2, 2, 2, 0, 0, 0, 0, 0, 2, 2, 0, 2, 0] 
dagA20.txt 5_4_3_2x1.txt 0.4755244755244755 0.65 108.0 [1, 3, 0, 2, 2, 0, 2, 3, 3, 1, 0, 0, 1, 1, 0, 0, 1, 1, 2, 0, 3, 0, 2, 0, 2, 0, 2, 0, 0, 0, 0, 1, 1, 0, 2, 2, 2, 1, 3, 3, 2, 1, 0, 0, 3, 1, 3, 1, 2, 1] 
dagA20.txt 4_1x4.txt 0.5454545454545454 0.55 146.0 [4, 5, 0, 1, 6, 3, 6, 6, 2, 2, 4, 0, 1, 2, 0, 0, 7, 3, 4, 5, 6, 2, 6, 0, 1, 5, 3, 3, 4, 7, 0, 7, 4, 0, 6, 3, 1, 4, 0, 2, 6, 7, 0, 0, 6, 7, 2, 1, 2, 3] 
dagA20.txt 5_4_3_2x1.txt 0.4755244755244755 0.7 108.0 [1, 3, 0, 2, 2, 0, 2, 3, 3, 1, 0, 0, 1, 1, 0, 0, 1, 1, 2, 0, 3, 0, 2, 0, 2, 0, 2, 0, 0, 0, 0, 1, 1, 0, 2, 2, 2, 1, 3, 3, 2, 1, 0, 0, 3, 1, 3, 1, 2, 1] 
dagA20.txt 5_4_3_2x1.txt 0.4755244755244755 0.9 108.0 [1, 3, 0, 2, 2, 0, 2, 3, 3, 1, 0, 0, 1, 1, 0, 0, 1, 1, 2, 0, 3, 0, 2, 0, 2, 0, 2, 0, 0, 0, 0, 1, 1, 0, 2, 2, 2, 1, 3, 3, 2, 1, 0, 0, 3, 1, 3, 1, 2, 1] 
dagA20.txt 5_4_3_2x1.txt 0.4755244755244755 0.8 108.0 [1, 3, 0, 2, 2, 0, 2, 3, 3, 1, 0, 0, 1, 1, 0, 0, 1, 1, 2, 0, 3, 0, 2, 0, 2, 0, 2, 0, 0, 0, 0, 1, 1, 0, 2, 2, 2, 1, 3, 3, 2, 1, 0, 0, 3, 1, 3, 1, 2, 1] 
dagA20.txt 5_4_3_2x1.txt 0.4755244755244755 1 108.0 [1, 3, 0, 2, 2, 0, 2, 3, 3, 1, 0, 0, 1, 1, 0, 0, 1, 1, 2, 0, 3, 0, 2, 0, 2, 0, 2, 0, 0, 0, 0, 1, 1, 0, 2, 2, 2, 1, 3, 3, 2, 1, 0, 0, 3, 1, 3, 1, 2, 1] 
dagA20.txt 5_4_3_2x1.txt 0.18181818181818182 0.2 240.2 [2, 0, 0, 0, 0, 0, 0, 0, 0, 0, 0, 0, 0, 0, 0, 0, 1, 0, 0, 0, 0, 0, 0, 0, 0, 0, 0, 0, 2, 0, 0, 1, 0, 0, 0, 1, 0, 2, 0, 0, 0, 0, 0, 1, 0, 0, 0, 0, 1, 0] 
dagA20.txt 5_4_3_2x1.txt 0.0979020979020979 0.1 272.8 [0, 0, 0, 0, 0, 0, 0, 0, 0, 0, 0, 0, 0, 1, 0, 0, 0, 0, 0, 0, 0, 0, 0, 0, 0, 0, 0, 1, 0, 0, 0, 0, 0, 0, 0, 0, 0, 0, 0, 0, 0, 0, 0, 0, 0, 0, 0, 0, 0, 0] 
dagA20.txt 5_4_3_2x1.txt 0.3986013986013986 0.4 125.5 [0, 2, 1, 3, 3, 1, 0, 2, 2, 0, 1, 1, 0, 2, 1, 1, 0, 0, 3, 2, 2, 1, 3, 1, 3, 2, 3, 1, 1, 1, 1, 0, 0, 1, 0, 3, 3, 0, 1, 1, 3, 0, 1, 1, 2, 0, 2, 0, 3, 0] 
dagA20.txt 3_2x2.txt 0.13986013986013987 0.15 438.6666666666667 [0, 0, 0, 0, 0, 0, 0, 0, 0, 0, 0, 0, 0, 2, 0, 0, 0, 0, 2, 0, 0, 0, 0, 0, 0, 0, 0, 2, 0, 0, 0, 0, 0, 0, 0, 0, 0, 0, 0, 0, 0, 0, 0, 0, 0, 0, 0, 0, 0, 0] 
dagA20.txt 5_4_3_2x4.txt 0.09090909090909091 0.1 265.0 [0, 0, 0, 0, 0, 0, 0, 0, 4, 0, 0, 0, 0, 0, 0, 8, 0, 0, 0, 0, 0, 0, 12, 0, 0, 0, 0, 0, 0, 0, 0, 0, 0, 0, 0, 0, 0, 0, 0, 0, 5, 0, 0, 0, 1, 0, 0, 0, 0, 0] 
dagA20.txt 4_1x4.txt 0.34965034965034963 0.35 194.75 [2, 0, 0, 0, 0, 2, 0, 0, 0, 0, 0, 0, 0, 2, 0, 0, 2, 0, 2, 0, 0, 0, 0, 0, 0, 2, 0, 2, 2, 2, 0, 2, 0, 0, 2, 2, 0, 2, 2, 2, 0, 2, 2, 0, 0, 2, 2, 0, 2, 2] 
dagA20.txt 5_4_3_2x1.txt 0.44755244755244755 0.45 153.5 [1, 3, 0, 2, 2, 0, 2, 3, 3, 1, 0, 0, 1, 1, 0, 0, 1, 1, 2, 3, 3, 0, 2, 0, 2, 3, 2, 2, 0, 0, 0, 1, 1, 0, 2, 2, 2, 1, 3, 3, 2, 1, 0, 0, 3, 1, 3, 1, 2, 1] 
dagA20.txt 5_4_3_2x1.txt 0.2937062937062937 0.3 174.8 [2, 0, 0, 1, 1, 1, 0, 0, 0, 0, 0, 0, 1, 1, 0, 0, 0, 0, 1, 0, 0, 0, 1, 0, 1, 0, 1, 1, 2, 0, 0, 0, 1, 0, 0, 1, 1, 2, 0, 0, 1, 0, 0, 0, 0, 0, 0, 1, 1, 0] 
dagA20.txt 4_1x4.txt 0.44755244755244755 0.45 136.0 [2, 1, 0, 2, 6, 4, 2, 2, 0, 2, 0, 0, 2, 4, 0, 0, 2, 2, 2, 1, 2, 0, 6, 0, 2, 0, 6, 4, 4, 2, 4, 0, 2, 0, 2, 4, 6, 2, 0, 0, 6, 2, 0, 0, 6, 2, 0, 2, 0, 2] 
dagA20.txt 5_4_3_2x4.txt 0.15384615384615385 0.2 241.6 [0, 0, 0, 0, 0, 0, 0, 0, 0, 0, 0, 0, 0, 0, 0, 0, 0, 0, 0, 4, 0, 0, 5, 0, 0, 0, 0, 8, 1, 0, 4, 0, 0, 0, 0, 13, 0, 12, 0, 0, 9, 0, 0, 0, 0, 0, 0, 0, 0, 0] 
dagA20.txt 5_4_3_2x4.txt 0.27972027972027974 0.3 223.2 [0, 0, 0, 0, 0, 0, 0, 0, 0, 0, 0, 0, 0, 4, 0, 8, 0, 0, 4, 0, 0, 0, 12, 0, 0, 4, 5, 4, 4, 0, 0, 0, 0, 0, 0, 5, 0, 0, 0, 0, 0, 0, 0, 0, 1, 0, 0, 0, 0, 0] 
dagA20.txt 5_4_3_2x4.txt 0.0979020979020979 0.15 261.4 [0, 0, 0, 0, 0, 0, 0, 5, 0, 0, 0, 0, 0, 0, 0, 4, 0, 0, 0, 0, 0, 0, 12, 0, 0, 0, 0, 0, 8, 0, 0, 0, 0, 0, 0, 0, 0, 0, 0, 0, 1, 0, 0, 0, 4, 0, 0, 0, 0, 0] 
dagA20.txt 5_4_3_2x4.txt 0.7692307692307693 0.9 30.666666666666668 [10, 14, 4, 8, 15, 3, 0, 13, 13, 7, 6, 5, 8, 1, 5, 6, 8, 0, 10, 14, 13, 9, 2, 4, 8, 1, 2, 4, 0, 3, 5, 12, 12, 4, 8, 9, 15, 0, 11, 6, 2, 12, 4, 5, 13, 12, 9, 15, 9, 0] 
dagA20.txt 5_4_3_2x4.txt 0.7902097902097902 1 30.666666666666668 [0, 1, 2, 0, 13, 11, 15, 2, 0, 9, 12, 5, 7, 8, 1, 12, 7, 9, 14, 6, 2, 1, 13, 5, 0, 8, 13, 12, 4, 11, 6, 4, 10, 1, 8, 14, 15, 10, 6, 3, 13, 4, 2, 5, 12, 4, 3, 9, 14, 9] 
dagA20.txt 5_4_3_2x4.txt 0.5874125874125874 0.6 101.0 [13, 8, 0, 2, 4, 4, 0, 0, 0, 4, 0, 0, 10, 4, 0, 0, 0, 4, 5, 8, 0, 0, 4, 4, 14, 4, 4, 4, 6, 0, 1, 4, 12, 0, 4, 0, 12, 9, 0, 0, 4, 0, 0, 1, 0, 0, 0, 12, 0, 4] 
dagA20.txt 5_4_3_2x4.txt 0.6993006993006993 0.7 34.6 [9, 11, 5, 13, 2, 1, 12, 12, 4, 6, 0, 0, 13, 8, 11, 0, 0, 1, 9, 7, 12, 4, 2, 5, 13, 8, 10, 10, 1, 14, 7, 15, 8, 5, 12, 10, 3, 6, 8, 4, 2, 14, 5, 0, 12, 14, 4, 3, 4, 1] 
dagA20.txt 5_4_3_2x4.txt 0.7832167832167832 0.8 30.666666666666668 [10, 6, 8, 0, 12, 9, 5, 13, 13, 14, 15, 7, 5, 1, 8, 7, 3, 5, 8, 2, 13, 4, 12, 0, 12, 6, 5, 2, 11, 9, 9, 12, 10, 8, 14, 8, 0, 0, 9, 4, 12, 1, 8, 4, 13, 3, 4, 5, 4, 1] 
dagA20.txt 5_4_3_2x4.txt 0.22377622377622378 0.25 228.2 [0, 0, 0, 0, 0, 0, 0, 0, 0, 0, 0, 0, 0, 4, 0, 0, 0, 0, 4, 4, 0, 0, 12, 0, 0, 4, 0, 4, 8, 0, 0, 0, 0, 0, 0, 0, 0, 0, 0, 0, 1, 0, 0, 0, 0, 0, 0, 0, 0, 0] 
dagA20.txt 5_4_3_2x4.txt 0.3916083916083916 0.4 197.2 [0, 0, 0, 0, 0, 0, 0, 0, 0, 0, 0, 0, 0, 4, 0, 0, 0, 0, 4, 0, 0, 0, 1, 0, 0, 4, 0, 4, 12, 0, 0, 4, 4, 0, 4, 9, 0, 8, 0, 0, 5, 0, 0, 0, 0, 0, 0, 0, 0, 0] 
dagA20.txt 5_4_3_2x1.txt 0.21678321678321677 0.25 217.8 [1, 0, 0, 0, 0, 1, 0, 0, 0, 0, 0, 0, 0, 0, 0, 0, 0, 0, 1, 0, 0, 0, 0, 0, 0, 0, 0, 1, 1, 0, 0, 2, 0, 0, 0, 2, 0, 1, 0, 0, 0, 0, 0, 2, 0, 0, 0, 0, 2, 0] 
dagA20.txt 5_4_3_2x1.txt 0.13986013986013987 0.15 263.2 [0, 0, 0, 0, 0, 0, 0, 0, 0, 0, 0, 0, 0, 1, 0, 0, 0, 0, 1, 0, 0, 0, 0, 0, 0, 0, 0, 1, 0, 0, 0, 0, 0, 0, 0, 0, 0, 0, 0, 0, 0, 0, 0, 0, 0, 0, 0, 0, 0, 0] 
dagA20.txt 5_4_3_2x4.txt 0.3356643356643357 0.35 212.4 [0, 0, 0, 0, 0, 4, 0, 0, 0, 0, 0, 0, 0, 4, 0, 0, 0, 0, 4, 0, 0, 0, 12, 0, 0, 4, 0, 8, 4, 0, 0, 0, 4, 0, 4, 0, 0, 0, 0, 0, 1, 0, 0, 0, 0, 0, 0, 0, 0, 0] 
dagA20.txt 5_4_3_2x4.txt 0.4965034965034965 0.5 136.2 [2, 4, 0, 8, 8, 0, 0, 0, 0, 0, 0, 0, 0, 12, 0, 0, 0, 0, 5, 4, 0, 0, 10, 0, 8, 4, 0, 1, 6, 0, 4, 0, 9, 0, 4, 0, 8, 13, 1, 0, 8, 0, 0, 4, 0, 0, 12, 14, 0, 0] 
dagA20.txt 4_1x3.txt 0.5874125874125874 0.6 107.25 [0, 2, 0, 4, 2, 5, 4, 2, 2, 4, 0, 0, 3, 4, 0, 0, 3, 4, 2, 2, 2, 0, 2, 0, 1, 2, 1, 4, 0, 5, 0, 4, 2, 0, 4, 1, 3, 4, 0, 5, 1, 4, 0, 0, 5, 4, 2, 3, 1, 4] 
dagA20.txt 4_1x4.txt 0.11188811188811189 0.15 322.75 [0, 0, 0, 0, 0, 0, 0, 0, 0, 0, 0, 0, 0, 0, 0, 0, 0, 0, 0, 0, 0, 0, 0, 0, 0, 0, 0, 4, 6, 0, 0, 2, 0, 0, 0, 2, 0, 0, 0, 0, 0, 0, 0, 0, 0, 0, 0, 0, 2, 0] 
dagA20.txt 4_1x3.txt 0.5874125874125874 0.65 107.25 [0, 2, 0, 4, 2, 5, 4, 2, 2, 4, 0, 0, 3, 4, 0, 0, 3, 4, 2, 2, 2, 0, 2, 0, 1, 2, 1, 4, 0, 5, 0, 4, 2, 0, 4, 1, 3, 4, 0, 5, 1, 4, 0, 0, 5, 4, 2, 3, 1, 4] 
dagA20.txt 5_4_3_2x4.txt 0.6363636363636364 0.65 72.0 [1, 4, 0, 13, 5, 9, 8, 12, 12, 3, 0, 0, 4, 4, 0, 0, 6, 8, 9, 4, 12, 0, 5, 4, 13, 4, 0, 10, 7, 0, 0, 6, 14, 0, 8, 0, 13, 1, 0, 0, 5, 2, 0, 4, 12, 8, 0, 2, 0, 2] 
dagA20.txt 5_4_3_2x1.txt 0.32167832167832167 0.35 156.4 [1, 2, 0, 1, 0, 1, 0, 0, 2, 0, 0, 0, 2, 2, 0, 0, 0, 0, 1, 2, 0, 0, 0, 0, 1, 2, 0, 1, 1, 0, 0, 0, 1, 0, 0, 0, 1, 1, 2, 0, 0, 0, 0, 0, 0, 0, 2, 1, 0, 0] 
dagA20.txt 4_1x3.txt 0.5874125874125874 0.9 107.25 [0, 2, 0, 4, 2, 5, 4, 2, 2, 4, 0, 0, 3, 4, 0, 0, 3, 4, 2, 2, 2, 0, 2, 0, 1, 2, 1, 4, 0, 5, 0, 4, 2, 0, 4, 1, 3, 4, 0, 5, 1, 4, 0, 0, 5, 4, 2, 3, 1, 4] 
dagA20.txt 4_1x3.txt 0.5874125874125874 1 107.25 [0, 2, 0, 4, 2, 5, 4, 2, 2, 4, 0, 0, 3, 4, 0, 0, 3, 4, 2, 2, 2, 0, 2, 0, 1, 2, 1, 4, 0, 5, 0, 4, 2, 0, 4, 1, 3, 4, 0, 5, 1, 4, 0, 0, 5, 4, 2, 3, 1, 4] 
dagA20.txt 4_1x3.txt 0.5874125874125874 0.7 107.25 [0, 2, 0, 4, 2, 5, 4, 2, 2, 4, 0, 0, 3, 4, 0, 0, 3, 4, 2, 2, 2, 0, 2, 0, 1, 2, 1, 4, 0, 5, 0, 4, 2, 0, 4, 1, 3, 4, 0, 5, 1, 4, 0, 0, 5, 4, 2, 3, 1, 4] 
dagA20.txt 3_2x1.txt 0.27972027972027974 0.3 340.5 [0, 1, 1, 0, 0, 0, 1, 1, 1, 0, 1, 1, 1, 0, 1, 1, 1, 0, 0, 1, 1, 1, 0, 1, 0, 1, 0, 0, 0, 0, 1, 0, 0, 1, 0, 0, 0, 0, 1, 1, 0, 0, 1, 1, 1, 0, 1, 0, 1, 0] 
dagA20.txt 3_2x1.txt 0.2867132867132867 0.35 295.0 [0, 1, 1, 0, 0, 1, 0, 1, 1, 0, 1, 1, 0, 0, 1, 1, 0, 0, 0, 0, 1, 1, 0, 1, 0, 0, 0, 0, 1, 1, 1, 0, 0, 1, 0, 0, 0, 0, 1, 1, 0, 0, 1, 1, 1, 0, 1, 0, 0, 0] 
dagA20.txt 3_2x2.txt 0.32167832167832167 0.35 260.6666666666667 [2, 1, 0, 2, 0, 2, 0, 0, 1, 0, 0, 0, 1, 1, 0, 0, 0, 0, 2, 1, 0, 0, 0, 0, 2, 1, 0, 2, 2, 0, 0, 0, 2, 0, 0, 0, 2, 2, 1, 0, 0, 0, 0, 0, 0, 0, 1, 2, 0, 0] 
dagA20.txt 5_4_3_2x4.txt 0.44755244755244755 0.45 147.8 [4, 4, 0, 4, 12, 0, 0, 0, 0, 0, 0, 0, 0, 4, 0, 0, 0, 0, 4, 4, 0, 0, 1, 0, 9, 4, 0, 4, 8, 0, 0, 4, 4, 0, 4, 0, 0, 4, 0, 0, 5, 0, 0, 4, 0, 0, 0, 0, 0, 0] 
dagA20.txt 3_2x1.txt 0.32867132867132864 0.5 295.0 [0, 1, 1, 0, 0, 0, 1, 1, 1, 0, 1, 1, 1, 0, 1, 1, 1, 0, 0, 0, 1, 1, 0, 1, 0, 0, 0, 0, 0, 0, 1, 0, 0, 1, 0, 0, 0, 0, 1, 1, 0, 0, 1, 1, 1, 0, 1, 0, 1, 0] 
dagA20.txt 3_2x1.txt 0.32867132867132864 0.6 295.0 [0, 1, 1, 0, 0, 0, 1, 1, 1, 0, 1, 1, 1, 0, 1, 1, 1, 0, 0, 0, 1, 1, 0, 1, 0, 0, 0, 0, 0, 0, 1, 0, 0, 1, 0, 0, 0, 0, 1, 1, 0, 0, 1, 1, 1, 0, 1, 0, 1, 0] 
dagA20.txt 3_2x1.txt 0.32867132867132864 0.55 295.0 [0, 1, 1, 0, 0, 0, 1, 1, 1, 0, 1, 1, 1, 0, 1, 1, 1, 0, 0, 0, 1, 1, 0, 1, 0, 0, 0, 0, 0, 0, 1, 0, 0, 1, 0, 0, 0, 0, 1, 1, 0, 0, 1, 1, 1, 0, 1, 0, 1, 0] 
dagA20.txt 3_2x1.txt 0.32867132867132864 0.4 295.0 [0, 1, 1, 0, 0, 0, 1, 1, 1, 0, 1, 1, 1, 0, 1, 1, 1, 0, 0, 0, 1, 1, 0, 1, 0, 0, 0, 0, 0, 0, 1, 0, 0, 1, 0, 0, 0, 0, 1, 1, 0, 0, 1, 1, 1, 0, 1, 0, 1, 0] 
dagA20.txt 4_1x3.txt 0.5874125874125874 0.8 107.25 [0, 2, 0, 4, 2, 5, 4, 2, 2, 4, 0, 0, 3, 4, 0, 0, 3, 4, 2, 2, 2, 0, 2, 0, 1, 2, 1, 4, 0, 5, 0, 4, 2, 0, 4, 1, 3, 4, 0, 5, 1, 4, 0, 0, 5, 4, 2, 3, 1, 4] 
dagA20.txt 3_2x1.txt 0.32867132867132864 0.7 295.0 [0, 1, 1, 0, 0, 0, 1, 1, 1, 0, 1, 1, 1, 0, 1, 1, 1, 0, 0, 0, 1, 1, 0, 1, 0, 0, 0, 0, 0, 0, 1, 0, 0, 1, 0, 0, 0, 0, 1, 1, 0, 0, 1, 1, 1, 0, 1, 0, 1, 0] 
dagA20.txt 3_2x1.txt 0.32867132867132864 0.65 295.0 [0, 1, 1, 0, 0, 0, 1, 1, 1, 0, 1, 1, 1, 0, 1, 1, 1, 0, 0, 0, 1, 1, 0, 1, 0, 0, 0, 0, 0, 0, 1, 0, 0, 1, 0, 0, 0, 0, 1, 1, 0, 0, 1, 1, 1, 0, 1, 0, 1, 0] 
dagA20.txt 3_2x1.txt 0.03496503496503497 0.1 460.3333333333333 [0, 0, 0, 0, 0, 0, 0, 0, 0, 0, 0, 0, 0, 0, 0, 0, 0, 0, 0, 0, 0, 0, 0, 0, 0, 0, 0, 0, 1, 0, 0, 0, 0, 0, 0, 0, 0, 1, 0, 0, 0, 0, 0, 0, 0, 0, 0, 0, 0, 0] 
dagA20.txt 3_2x1.txt 0.32867132867132864 0.45 295.0 [0, 1, 1, 0, 0, 0, 1, 1, 1, 0, 1, 1, 1, 0, 1, 1, 1, 0, 0, 0, 1, 1, 0, 1, 0, 0, 0, 0, 0, 0, 1, 0, 0, 1, 0, 0, 0, 0, 1, 1, 0, 0, 1, 1, 1, 0, 1, 0, 1, 0] 
dagA20.txt 3_2x1.txt 0.17482517482517482 0.2 411.6666666666667 [0, 0, 0, 0, 0, 0, 0, 0, 0, 0, 0, 0, 0, 1, 0, 0, 0, 0, 1, 0, 0, 0, 0, 0, 0, 0, 0, 1, 1, 0, 0, 0, 0, 0, 0, 0, 0, 1, 0, 0, 0, 0, 0, 0, 0, 0, 0, 0, 0, 0] 
dagA20.txt 3_2x1.txt 0.32867132867132864 0.9 295.0 [0, 1, 1, 0, 0, 0, 1, 1, 1, 0, 1, 1, 1, 0, 1, 1, 1, 0, 0, 0, 1, 1, 0, 1, 0, 0, 0, 0, 0, 0, 1, 0, 0, 1, 0, 0, 0, 0, 1, 1, 0, 0, 1, 1, 1, 0, 1, 0, 1, 0] 
dagA20.txt 3_2x1.txt 0.32867132867132864 0.8 295.0 [0, 1, 1, 0, 0, 0, 1, 1, 1, 0, 1, 1, 1, 0, 1, 1, 1, 0, 0, 0, 1, 1, 0, 1, 0, 0, 0, 0, 0, 0, 1, 0, 0, 1, 0, 0, 0, 0, 1, 1, 0, 0, 1, 1, 1, 0, 1, 0, 1, 0] 
dagA20.txt 3_2x1.txt 0.32867132867132864 1 295.0 [0, 1, 1, 0, 0, 0, 1, 1, 1, 0, 1, 1, 1, 0, 1, 1, 1, 0, 0, 0, 1, 1, 0, 1, 0, 0, 0, 0, 0, 0, 1, 0, 0, 1, 0, 0, 0, 0, 1, 1, 0, 0, 1, 1, 1, 0, 1, 0, 1, 0] 
dagA20.txt 5_4_3_2x4.txt 0.5454545454545454 0.55 154.2 [2, 0, 0, 13, 12, 0, 4, 4, 0, 0, 1, 0, 0, 4, 8, 0, 1, 0, 5, 0, 4, 0, 10, 0, 12, 0, 0, 0, 6, 0, 0, 8, 4, 0, 4, 0, 0, 9, 0, 8, 3, 0, 0, 0, 14, 0, 0, 0, 8, 0] 
dagA20.txt 4_1x3.txt 0.055944055944055944 0.1 338.0 [0, 0, 0, 0, 0, 0, 0, 0, 0, 0, 0, 0, 0, 0, 0, 0, 0, 0, 0, 0, 0, 0, 4, 0, 0, 0, 0, 2, 0, 0, 0, 0, 0, 0, 0, 2, 0, 0, 0, 0, 4, 0, 0, 0, 0, 0, 0, 0, 0, 0] 
dagA20.txt 3_2x1.txt 0.23776223776223776 0.25 364.0 [0, 1, 1, 0, 0, 0, 0, 1, 1, 0, 1, 1, 0, 1, 1, 1, 1, 0, 0, 1, 1, 1, 0, 1, 0, 1, 0, 0, 0, 0, 1, 1, 0, 1, 0, 0, 0, 0, 1, 1, 0, 0, 1, 1, 1, 0, 1, 0, 1, 0] 
dagA20.txt 4_1x3.txt 0.18181818181818182 0.2 296.5 [0, 0, 0, 0, 2, 0, 0, 0, 0, 0, 0, 0, 0, 2, 0, 0, 0, 0, 0, 0, 0, 0, 2, 0, 2, 0, 0, 1, 4, 0, 0, 0, 0, 0, 0, 0, 0, 4, 0, 0, 2, 0, 0, 0, 0, 0, 0, 0, 0, 0] 
dagA20.txt 4_1x3.txt 0.4965034965034965 0.5 245.0 [1, 4, 2, 5, 5, 1, 0, 4, 4, 0, 3, 3, 4, 4, 2, 3, 3, 0, 1, 3, 5, 2, 5, 2, 5, 4, 2, 5, 1, 0, 3, 0, 1, 2, 0, 2, 5, 1, 4, 2, 5, 0, 2, 3, 3, 0, 2, 0, 2, 0] 
dagA20.txt 3_2x5.txt 0.09090909090909091 0.1 444.0 [0, 0, 0, 0, 0, 0, 0, 0, 0, 0, 0, 0, 6, 0, 0, 0, 0, 0, 0, 0, 0, 0, 2, 0, 8, 0, 0, 0, 4, 0, 0, 0, 0, 0, 0, 0, 0, 0, 0, 0, 2, 0, 0, 0, 0, 0, 0, 0, 0, 0] 
dagA20.txt 4_1x3.txt 0.3776223776223776 0.4 117.5 [2, 0, 0, 4, 1, 4, 2, 0, 4, 2, 4, 0, 2, 0, 0, 0, 2, 2, 4, 0, 4, 4, 1, 0, 1, 0, 1, 4, 4, 0, 0, 2, 2, 0, 2, 4, 2, 2, 0, 4, 1, 2, 0, 0, 4, 2, 4, 2, 4, 2] 
dagA20.txt 3_2x1.txt 0.13286713286713286 0.15 435.3333333333333 [0, 0, 0, 0, 0, 0, 0, 0, 0, 0, 0, 0, 0, 1, 0, 1, 0, 0, 0, 0, 0, 0, 0, 0, 0, 0, 0, 1, 0, 0, 0, 0, 0, 0, 0, 0, 0, 0, 0, 0, 0, 0, 0, 0, 1, 0, 0, 0, 0, 0] 
dagA20.txt 3_2x5.txt 0.6783216783216783 0.7 66.66666666666667 [2, 6, 1, 0, 0, 3, 4, 6, 7, 4, 8, 3, 5, 8, 1, 8, 5, 4, 0, 2, 6, 1, 9, 0, 0, 6, 9, 9, 8, 8, 3, 4, 2, 1, 4, 9, 2, 2, 6, 7, 0, 5, 1, 3, 8, 4, 7, 2, 9, 5] 
dagA20.txt 3_2x5.txt 0.6573426573426573 0.8 67.0 [2, 4, 8, 5, 1, 3, 0, 4, 7, 0, 6, 3, 0, 7, 8, 6, 9, 0, 6, 2, 4, 8, 1, 8, 1, 4, 5, 8, 6, 6, 3, 9, 2, 8, 0, 5, 2, 2, 4, 7, 1, 9, 8, 3, 6, 9, 7, 2, 5, 9] 
dagA20.txt 3_2x5.txt 0.6713286713286714 0.9 67.33333333333333 [2, 9, 0, 6, 3, 7, 8, 1, 1, 8, 4, 0, 6, 9, 0, 0, 5, 8, 4, 9, 1, 4, 3, 4, 6, 6, 3, 6, 8, 7, 0, 2, 2, 4, 8, 6, 2, 2, 0, 7, 3, 5, 4, 0, 1, 5, 7, 2, 5, 8] 
dagA20.txt 3_2x5.txt 0.18181818181818182 0.2 408.3333333333333 [0, 0, 0, 0, 0, 0, 0, 0, 0, 0, 0, 0, 4, 2, 0, 2, 0, 0, 0, 0, 0, 0, 8, 0, 4, 0, 0, 0, 6, 0, 0, 0, 0, 0, 0, 0, 0, 0, 0, 0, 1, 0, 0, 0, 2, 0, 0, 0, 0, 0] 
dagA20.txt 3_2x5.txt 0.6783216783216783 1 67.33333333333333 [6, 1, 8, 3, 5, 7, 4, 1, 0, 6, 2, 2, 3, 0, 8, 2, 2, 4, 4, 0, 1, 8, 5, 8, 5, 0, 7, 6, 7, 4, 2, 9, 8, 8, 4, 7, 3, 6, 0, 9, 5, 6, 8, 2, 1, 4, 9, 3, 9, 4] 
dagA20.txt 4_1x3.txt 0.5174825174825175 0.55 242.0 [3, 2, 0, 3, 1, 5, 4, 2, 2, 4, 5, 0, 3, 2, 0, 5, 3, 4, 1, 2, 2, 0, 1, 0, 1, 2, 1, 0, 5, 5, 0, 4, 3, 0, 4, 1, 3, 3, 0, 5, 1, 4, 0, 0, 5, 4, 5, 3, 1, 4] 
dagA20.txt 3_2x5.txt 0.5944055944055944 0.6 80.33333333333333 [3, 4, 8, 2, 2, 0, 3, 1, 1, 0, 6, 6, 3, 4, 8, 6, 6, 0, 2, 4, 1, 8, 7, 8, 2, 1, 7, 7, 9, 0, 6, 5, 3, 8, 0, 7, 2, 9, 4, 5, 2, 0, 8, 6, 1, 0, 5, 0, 5, 0] 
dagA20.txt 4_1x3.txt 0.27972027972027974 0.3 183.0 [2, 0, 0, 2, 4, 2, 0, 0, 0, 0, 2, 2, 0, 0, 0, 2, 2, 0, 2, 2, 0, 0, 4, 0, 4, 0, 0, 2, 2, 2, 2, 0, 2, 0, 0, 0, 2, 2, 2, 0, 4, 0, 0, 2, 2, 0, 0, 2, 0, 0] 
dagA20.txt 3_2x5.txt 0.6433566433566433 0.65 71.5 [3, 9, 0, 4, 4, 7, 8, 5, 5, 8, 2, 0, 1, 9, 0, 0, 1, 8, 6, 9, 5, 2, 4, 2, 4, 5, 6, 6, 7, 7, 0, 6, 3, 2, 8, 6, 4, 3, 0, 7, 4, 1, 2, 0, 5, 1, 7, 3, 6, 8] 
dagA20.txt 3_2x5.txt 0.2937062937062937 0.3 363.0 [0, 0, 0, 0, 0, 0, 0, 0, 0, 0, 0, 0, 0, 2, 0, 2, 0, 0, 2, 0, 0, 0, 8, 0, 0, 2, 0, 4, 0, 0, 0, 0, 0, 0, 2, 0, 0, 6, 0, 0, 0, 0, 0, 0, 2, 0, 0, 0, 0, 0] 
dagA20.txt 3_2x5.txt 0.38461538461538464 0.4 295.6666666666667 [0, 2, 0, 6, 4, 0, 0, 0, 2, 0, 0, 0, 0, 2, 0, 0, 0, 0, 4, 1, 0, 0, 3, 0, 6, 2, 0, 2, 0, 0, 0, 0, 2, 0, 8, 0, 0, 0, 0, 0, 5, 0, 0, 0, 0, 0, 2, 0, 0, 0] 
dagA20.txt 3_2x5.txt 0.13286713286713286 0.15 414.6666666666667 [0, 2, 0, 0, 0, 0, 0, 0, 0, 0, 0, 0, 0, 2, 0, 0, 0, 0, 0, 2, 0, 0, 6, 0, 0, 0, 0, 0, 4, 0, 0, 0, 0, 0, 0, 0, 0, 0, 0, 0, 8, 0, 0, 0, 0, 0, 0, 0, 0, 0] 
dagA20.txt 3_2x5.txt 0.4965034965034965 0.5 200.66666666666666 [2, 0, 0, 4, 4, 0, 1, 8, 0, 2, 0, 0, 5, 2, 0, 0, 2, 1, 4, 0, 4, 0, 7, 0, 4, 8, 6, 6, 2, 0, 0, 0, 2, 0, 3, 6, 2, 2, 0, 0, 4, 2, 0, 0, 4, 0, 9, 2, 0, 1] 
dagA20.txt 3_2x5.txt 0.23076923076923078 0.25 375.6666666666667 [0, 2, 0, 0, 0, 0, 0, 0, 0, 0, 0, 0, 0, 2, 0, 0, 0, 0, 2, 2, 0, 0, 8, 0, 0, 0, 0, 4, 0, 0, 0, 0, 0, 0, 0, 3, 0, 6, 0, 0, 1, 0, 0, 0, 0, 0, 0, 0, 0, 0] 
dagA20.txt 3_2x5.txt 0.34965034965034963 0.35 304.6666666666667 [0, 2, 0, 8, 4, 0, 0, 2, 0, 0, 0, 0, 0, 2, 0, 6, 0, 0, 4, 2, 2, 0, 3, 0, 8, 2, 0, 8, 1, 0, 0, 0, 0, 0, 0, 0, 0, 0, 0, 0, 5, 0, 0, 0, 6, 0, 0, 0, 0, 0] 
dagA20.txt 3_2x5.txt 0.4405594405594406 0.45 213.66666666666666 [2, 0, 0, 2, 2, 6, 2, 0, 4, 0, 0, 0, 1, 0, 0, 0, 0, 0, 2, 8, 2, 4, 3, 0, 2, 0, 4, 6, 6, 0, 7, 4, 2, 0, 0, 4, 2, 6, 0, 4, 2, 0, 0, 0, 5, 0, 4, 2, 4, 0] 
dagA20.txt 3_2x5.txt 0.5454545454545454 0.55 100.0 [0, 6, 2, 4, 4, 9, 0, 6, 6, 0, 2, 2, 4, 6, 2, 5, 0, 0, 7, 8, 6, 2, 4, 2, 4, 6, 4, 1, 3, 9, 8, 0, 4, 2, 0, 1, 4, 3, 8, 2, 4, 0, 2, 2, 5, 0, 2, 4, 1, 0] 
dagA20.txt 4_1x3.txt 0.24475524475524477 0.25 272.5 [0, 0, 0, 0, 2, 0, 0, 0, 0, 0, 0, 0, 0, 2, 0, 0, 0, 0, 2, 0, 0, 0, 2, 0, 2, 2, 0, 1, 4, 0, 0, 0, 0, 0, 0, 0, 0, 4, 0, 0, 2, 0, 0, 0, 0, 0, 0, 0, 0, 0] 
dagA20.txt 4_1x3.txt 0.34265734265734266 0.35 170.5 [2, 0, 0, 2, 4, 2, 0, 0, 0, 0, 2, 2, 0, 2, 0, 2, 2, 0, 2, 2, 0, 0, 4, 0, 4, 4, 0, 2, 2, 2, 2, 0, 2, 0, 0, 0, 2, 2, 2, 0, 4, 0, 0, 2, 2, 0, 0, 2, 0, 0] 
dagA20.txt 4_1x3.txt 0.11188811188811189 0.15 308.75 [0, 0, 0, 0, 2, 0, 0, 0, 0, 0, 0, 0, 0, 0, 0, 0, 0, 0, 0, 0, 0, 0, 2, 0, 2, 0, 0, 1, 4, 0, 0, 0, 0, 0, 0, 0, 0, 4, 0, 0, 2, 0, 0, 0, 0, 0, 0, 0, 0, 0] 
dagA20.txt 4_1x3.txt 0.43356643356643354 0.45 111.25 [1, 3, 2, 4, 4, 2, 4, 4, 0, 0, 2, 2, 0, 0, 2, 2, 2, 0, 4, 3, 4, 0, 4, 2, 4, 0, 5, 5, 2, 2, 2, 0, 4, 2, 4, 5, 4, 1, 2, 0, 4, 0, 2, 2, 4, 0, 0, 1, 0, 0] 
dagA20.txt 3_2x4.txt 0.6643356643356644 0.7 79.66666666666667 [2, 3, 6, 4, 5, 0, 4, 7, 6, 1, 0, 0, 2, 2, 6, 0, 2, 1, 4, 3, 7, 7, 5, 6, 4, 3, 5, 4, 0, 0, 6, 0, 2, 6, 4, 5, 4, 2, 0, 7, 5, 1, 6, 6, 7, 1, 7, 2, 5, 1] 
dagA20.txt 3_2x4.txt 0.6643356643356644 0.8 79.66666666666667 [2, 3, 6, 4, 5, 0, 4, 7, 6, 1, 0, 0, 2, 2, 6, 0, 2, 1, 4, 3, 7, 7, 5, 6, 4, 3, 5, 4, 0, 0, 6, 0, 2, 6, 4, 5, 4, 2, 0, 7, 5, 1, 6, 6, 7, 1, 7, 2, 5, 1] 
dagA20.txt 3_2x4.txt 0.6643356643356644 0.9 79.66666666666667 [2, 3, 6, 4, 5, 0, 4, 7, 6, 1, 0, 0, 2, 2, 6, 0, 2, 1, 4, 3, 7, 7, 5, 6, 4, 3, 5, 4, 0, 0, 6, 0, 2, 6, 4, 5, 4, 2, 0, 7, 5, 1, 6, 6, 7, 1, 7, 2, 5, 1] 
dagA20.txt 3_2x4.txt 0.6643356643356644 1 79.66666666666667 [2, 3, 6, 4, 5, 0, 4, 7, 6, 1, 0, 0, 2, 2, 6, 0, 2, 1, 4, 3, 7, 7, 5, 6, 4, 3, 5, 4, 0, 0, 6, 0, 2, 6, 4, 5, 4, 2, 0, 7, 5, 1, 6, 6, 7, 1, 7, 2, 5, 1] 
dagA20.txt 3_2x4.txt 0.5944055944055944 0.6 91.0 [7, 6, 6, 0, 3, 5, 0, 6, 1, 2, 5, 4, 7, 1, 6, 5, 7, 2, 3, 4, 6, 6, 3, 4, 0, 1, 3, 0, 5, 5, 4, 7, 0, 6, 2, 3, 0, 7, 4, 1, 3, 2, 6, 4, 5, 2, 1, 0, 3, 2] 
dagA20.txt 3_2x4.txt 0.6433566433566433 0.65 85.5 [2, 3, 6, 4, 5, 0, 4, 7, 7, 1, 0, 0, 2, 2, 6, 0, 2, 1, 4, 3, 7, 7, 5, 6, 4, 3, 5, 4, 0, 0, 6, 0, 2, 6, 4, 5, 4, 2, 0, 7, 5, 1, 6, 6, 7, 1, 7, 2, 5, 1] 
dagA20.txt 3_2x4.txt 0.0979020979020979 0.1 454.6666666666667 [0, 0, 0, 0, 0, 0, 0, 0, 0, 0, 0, 0, 0, 2, 0, 0, 0, 0, 0, 0, 0, 0, 0, 0, 0, 0, 0, 2, 0, 0, 0, 0, 0, 0, 0, 0, 0, 0, 0, 0, 0, 0, 0, 0, 0, 0, 0, 0, 0, 0] 
dagA20.txt 5_4_3_2x2.txt 0.6923076923076923 0.7 58.25 [4, 6, 5, 1, 4, 0, 1, 7, 0, 2, 0, 0, 4, 1, 5, 0, 4, 2, 4, 6, 7, 7, 3, 5, 1, 6, 3, 1, 0, 0, 5, 5, 4, 5, 1, 3, 1, 4, 0, 7, 3, 2, 5, 5, 7, 2, 0, 4, 3, 2] 
dagA20.txt 3_2x4.txt 0.18181818181818182 0.2 414.0 [0, 0, 0, 0, 0, 0, 0, 0, 0, 0, 0, 0, 0, 2, 0, 0, 0, 0, 0, 0, 0, 0, 0, 0, 0, 0, 0, 4, 6, 0, 0, 2, 0, 0, 0, 2, 0, 0, 0, 0, 0, 0, 0, 0, 0, 0, 0, 0, 2, 0] 
dagA20.txt 5_4_3_2x2.txt 0.6923076923076923 0.8 58.25 [4, 6, 5, 1, 4, 0, 1, 7, 0, 2, 0, 0, 4, 1, 5, 0, 4, 2, 4, 6, 7, 7, 3, 5, 1, 6, 3, 1, 0, 0, 5, 5, 4, 5, 1, 3, 1, 4, 0, 7, 3, 2, 5, 5, 7, 2, 0, 4, 3, 2] 
dagA20.txt 5_4_3_2x2.txt 0.6923076923076923 0.9 58.25 [4, 6, 5, 1, 4, 0, 1, 7, 0, 2, 0, 0, 4, 1, 5, 0, 4, 2, 4, 6, 7, 7, 3, 5, 1, 6, 3, 1, 0, 0, 5, 5, 4, 5, 1, 3, 1, 4, 0, 7, 3, 2, 5, 5, 7, 2, 0, 4, 3, 2] 
dagA20.txt 3_2x4.txt 0.2937062937062937 0.3 291.6666666666667 [2, 0, 0, 0, 0, 2, 0, 0, 0, 0, 0, 0, 0, 2, 0, 0, 2, 0, 2, 0, 0, 0, 0, 0, 0, 0, 0, 2, 2, 2, 0, 2, 0, 0, 0, 2, 0, 2, 2, 2, 0, 2, 2, 0, 0, 2, 2, 0, 2, 2] 
dagA20.txt 3_2x4.txt 0.4965034965034965 0.5 126.66666666666667 [2, 5, 0, 3, 1, 4, 6, 6, 4, 2, 4, 0, 3, 0, 0, 0, 2, 2, 4, 5, 6, 4, 1, 0, 3, 0, 1, 7, 4, 2, 0, 2, 2, 0, 6, 7, 2, 2, 0, 4, 1, 2, 0, 0, 0, 2, 4, 2, 4, 2] 
dagA20.txt 5_4_3_2x2.txt 0.6923076923076923 1 58.25 [4, 6, 5, 1, 4, 0, 1, 7, 0, 2, 0, 0, 4, 1, 5, 0, 4, 2, 4, 6, 7, 7, 3, 5, 1, 6, 3, 1, 0, 0, 5, 5, 4, 5, 1, 3, 1, 4, 0, 7, 3, 2, 5, 5, 7, 2, 0, 4, 3, 2] 
dagA20.txt 3_2x4.txt 0.3986013986013986 0.4 215.66666666666666 [2, 0, 0, 0, 0, 2, 0, 0, 4, 2, 0, 0, 0, 4, 0, 0, 0, 2, 2, 0, 0, 4, 0, 0, 0, 2, 4, 4, 2, 2, 0, 4, 0, 0, 2, 4, 0, 2, 4, 4, 0, 2, 2, 0, 0, 2, 4, 2, 4, 2] 
dagA20.txt 5_4_3_2x2.txt 0.5944055944055944 0.6 89.0 [7, 5, 5, 0, 6, 3, 0, 5, 2, 4, 3, 1, 7, 2, 5, 3, 7, 4, 6, 1, 5, 5, 6, 1, 0, 2, 6, 0, 3, 3, 1, 7, 0, 5, 4, 6, 0, 7, 1, 2, 6, 4, 5, 1, 3, 4, 2, 0, 6, 4] 
dagA20.txt 5_4_3_2x2.txt 0.6363636363636364 0.65 69.0 [4, 6, 5, 1, 3, 0, 1, 7, 0, 2, 0, 0, 4, 6, 5, 0, 4, 2, 0, 6, 7, 7, 3, 5, 1, 6, 3, 1, 0, 0, 5, 2, 4, 5, 1, 3, 1, 4, 0, 7, 3, 2, 5, 5, 7, 2, 7, 4, 3, 2] 
dagA20.txt 4_1x5.txt 0.07692307692307693 0.1 328.5 [0, 0, 0, 0, 0, 0, 0, 0, 0, 0, 0, 0, 0, 0, 0, 0, 0, 0, 0, 0, 0, 0, 6, 0, 0, 0, 0, 2, 4, 0, 0, 0, 0, 0, 0, 2, 0, 0, 0, 0, 8, 0, 0, 0, 0, 0, 0, 0, 0, 0] 
dagA20.txt 5_4_3_2x2.txt 0.0979020979020979 0.1 272.8 [0, 0, 0, 0, 0, 0, 0, 0, 0, 0, 0, 0, 0, 4, 0, 0, 0, 0, 0, 0, 0, 0, 0, 0, 0, 0, 0, 4, 0, 0, 0, 0, 0, 0, 0, 0, 0, 0, 0, 0, 0, 0, 0, 0, 0, 0, 0, 0, 0, 0] 
dagA20.txt 4_1x5.txt 0.14685314685314685 0.15 324.75 [0, 0, 0, 0, 0, 0, 0, 0, 0, 0, 0, 0, 4, 2, 0, 0, 0, 0, 0, 0, 0, 0, 6, 0, 8, 0, 0, 0, 2, 0, 0, 0, 0, 0, 0, 0, 0, 0, 0, 0, 0, 0, 0, 0, 0, 0, 0, 0, 0, 0] 
dagA20.txt 5_4_3_2x2.txt 0.2937062937062937 0.3 175.0 [4, 0, 0, 0, 0, 4, 0, 0, 0, 0, 0, 0, 0, 4, 0, 0, 4, 0, 4, 0, 0, 0, 0, 0, 0, 0, 0, 4, 4, 4, 0, 4, 0, 0, 0, 4, 0, 4, 4, 4, 0, 4, 4, 0, 0, 4, 4, 0, 4, 4] 
dagA20.txt 3_2x4.txt 0.11188811188811189 0.15 430.3333333333333 [0, 0, 0, 0, 0, 0, 0, 0, 0, 0, 0, 0, 0, 0, 0, 0, 0, 0, 0, 0, 0, 0, 0, 0, 0, 0, 0, 4, 6, 0, 0, 2, 0, 0, 0, 2, 0, 0, 0, 0, 0, 0, 0, 0, 0, 0, 0, 0, 2, 0] 
dagA20.txt 3_2x4.txt 0.23776223776223776 0.25 340.0 [2, 0, 0, 0, 0, 2, 0, 0, 0, 0, 0, 0, 0, 0, 0, 0, 0, 0, 2, 0, 0, 0, 0, 0, 0, 0, 0, 2, 2, 2, 0, 2, 0, 0, 0, 0, 0, 2, 2, 2, 0, 0, 0, 0, 0, 2, 2, 0, 2, 0] 
dagA20.txt 4_1x5.txt 0.1958041958041958 0.2 291.5 [0, 0, 0, 0, 0, 0, 0, 0, 0, 0, 0, 0, 0, 2, 0, 2, 0, 0, 0, 6, 0, 0, 0, 0, 0, 0, 0, 2, 8, 0, 0, 0, 0, 0, 0, 0, 0, 4, 0, 0, 1, 0, 0, 0, 2, 0, 0, 0, 0, 0] 
dagA20.txt 5_4_3_2x2.txt 0.3986013986013986 0.4 129.4 [4, 0, 0, 0, 0, 4, 0, 0, 1, 4, 0, 0, 0, 1, 0, 0, 0, 4, 4, 0, 0, 1, 0, 0, 0, 4, 1, 1, 4, 4, 0, 1, 0, 0, 4, 1, 0, 4, 1, 1, 0, 4, 4, 0, 0, 4, 1, 4, 1, 4] 
dagA20.txt 4_1x5.txt 0.2867132867132867 0.3 281.25 [0, 0, 0, 0, 0, 0, 0, 0, 0, 0, 0, 0, 0, 2, 0, 0, 0, 0, 2, 0, 0, 0, 4, 0, 0, 2, 0, 2, 6, 0, 0, 0, 0, 0, 2, 0, 0, 0, 0, 0, 4, 0, 0, 0, 0, 0, 0, 8, 0, 0] 
dagA20.txt 3_2x4.txt 0.5384615384615384 0.55 85.66666666666667 [4, 5, 0, 1, 6, 3, 6, 6, 2, 2, 4, 0, 1, 2, 0, 0, 7, 3, 4, 5, 6, 2, 6, 0, 1, 5, 3, 3, 4, 7, 0, 7, 1, 0, 6, 3, 1, 4, 0, 2, 6, 7, 0, 0, 6, 7, 2, 1, 2, 3] 
dagA20.txt 5_4_3_2x2.txt 0.4965034965034965 0.5 76.0 [4, 3, 0, 6, 2, 1, 5, 5, 1, 4, 1, 0, 6, 0, 0, 0, 4, 4, 1, 3, 5, 1, 2, 0, 6, 0, 2, 7, 1, 4, 0, 4, 4, 0, 5, 7, 4, 4, 0, 1, 2, 4, 0, 0, 0, 4, 1, 4, 1, 4] 
dagA20.txt 3_2x4.txt 0.34965034965034963 0.35 259.6666666666667 [2, 0, 0, 0, 0, 2, 0, 0, 0, 0, 0, 0, 0, 2, 0, 0, 2, 0, 2, 0, 0, 0, 0, 0, 0, 2, 0, 2, 2, 2, 0, 2, 0, 0, 2, 2, 0, 2, 2, 2, 0, 2, 2, 0, 0, 2, 2, 0, 2, 2] 
dagA20.txt 5_4_3_2x2.txt 0.18181818181818182 0.2 248.4 [0, 0, 0, 0, 0, 0, 0, 0, 0, 0, 0, 0, 0, 4, 0, 0, 0, 0, 0, 0, 0, 0, 0, 0, 0, 0, 0, 1, 5, 0, 0, 4, 0, 0, 0, 4, 0, 0, 0, 0, 0, 0, 0, 0, 0, 0, 0, 0, 4, 0] 
dagA20.txt 4_1x5.txt 0.6993006993006993 0.7 85.0 [3, 9, 0, 2, 2, 7, 8, 5, 0, 8, 4, 0, 0, 2, 0, 4, 1, 8, 6, 9, 5, 4, 2, 0, 2, 2, 6, 6, 0, 7, 0, 0, 4, 4, 8, 6, 2, 2, 0, 7, 2, 1, 4, 0, 5, 1, 2, 3, 6, 8] 
dagA20.txt 4_1x5.txt 0.3776223776223776 0.4 231.0 [6, 0, 0, 2, 2, 0, 0, 0, 0, 0, 0, 0, 0, 2, 0, 0, 9, 0, 2, 0, 2, 0, 3, 0, 2, 0, 0, 2, 1, 0, 0, 0, 0, 0, 0, 0, 0, 4, 0, 0, 7, 0, 0, 8, 2, 0, 5, 0, 0, 0] 
dagA20.txt 4_1x5.txt 0.4965034965034965 0.5 107.0 [8, 0, 0, 4, 4, 2, 4, 0, 2, 2, 0, 0, 4, 2, 0, 0, 8, 2, 6, 0, 4, 2, 4, 0, 4, 4, 6, 1, 2, 2, 0, 3, 4, 0, 2, 6, 4, 5, 0, 2, 7, 2, 0, 0, 4, 2, 2, 4, 6, 2] 
dagA20.txt 4_1x5.txt 0.7482517482517482 0.8 64.75 [6, 9, 0, 2, 2, 2, 4, 3, 0, 4, 2, 0, 8, 6, 0, 0, 8, 4, 4, 4, 3, 2, 5, 2, 1, 6, 5, 8, 0, 7, 0, 8, 6, 2, 4, 1, 6, 6, 0, 7, 5, 8, 2, 8, 3, 4, 0, 8, 1, 8] 
dagA20.txt 4_1x5.txt 0.7132867132867133 0.9 65.5 [8, 2, 0, 2, 4, 3, 2, 2, 7, 1, 6, 6, 5, 6, 0, 6, 6, 2, 6, 0, 2, 0, 4, 0, 5, 4, 4, 4, 2, 8, 3, 8, 4, 0, 8, 9, 4, 0, 2, 6, 4, 8, 0, 6, 9, 8, 0, 4, 8, 1] 
dagA20.txt 4_1x5.txt 0.7132867132867133 1 68.0 [5, 2, 2, 0, 0, 8, 6, 9, 4, 6, 8, 7, 4, 6, 2, 0, 7, 6, 8, 6, 9, 6, 0, 2, 9, 4, 0, 8, 8, 3, 7, 8, 4, 2, 6, 3, 0, 4, 3, 1, 0, 0, 2, 2, 4, 6, 2, 0, 1, 0] 
dagA20.txt 4_1x5.txt 0.5944055944055944 0.6 85.0 [8, 9, 0, 6, 4, 1, 4, 4, 5, 2, 0, 0, 6, 2, 0, 0, 0, 4, 8, 9, 4, 5, 7, 0, 6, 2, 7, 0, 1, 2, 0, 2, 6, 0, 4, 1, 6, 8, 2, 3, 7, 2, 2, 0, 4, 2, 3, 6, 3, 4] 
dagA20.txt 4_1x5.txt 0.34965034965034963 0.35 223.0 [2, 0, 0, 6, 4, 0, 0, 0, 0, 0, 0, 0, 0, 2, 0, 0, 0, 0, 4, 8, 0, 0, 3, 0, 6, 0, 0, 2, 1, 0, 0, 0, 2, 0, 0, 0, 2, 2, 0, 0, 5, 2, 0, 0, 0, 0, 0, 2, 0, 2] 
dagA20.txt 4_1x5.txt 0.6433566433566433 0.65 144.0 [0, 5, 4, 1, 9, 6, 8, 3, 3, 8, 2, 2, 7, 5, 4, 2, 7, 8, 9, 6, 3, 4, 9, 4, 1, 3, 9, 6, 6, 6, 6, 7, 0, 4, 8, 1, 0, 0, 3, 5, 9, 7, 4, 2, 2, 7, 5, 0, 1, 8] 
dagA20.txt 4_1x5.txt 0.44755244755244755 0.45 177.75 [2, 0, 0, 6, 4, 0, 2, 0, 0, 4, 0, 0, 2, 2, 0, 0, 2, 4, 6, 1, 0, 0, 5, 0, 6, 0, 4, 2, 3, 0, 0, 0, 2, 0, 4, 0, 2, 8, 0, 0, 4, 2, 0, 0, 0, 0, 0, 2, 0, 7] 
dagA20.txt 4_1x5.txt 0.24475524475524477 0.25 279.0 [0, 0, 0, 0, 0, 0, 0, 0, 0, 0, 0, 0, 0, 2, 0, 6, 0, 0, 2, 0, 0, 0, 8, 0, 0, 0, 0, 4, 2, 0, 0, 0, 0, 0, 0, 4, 0, 2, 0, 0, 3, 0, 0, 0, 1, 0, 0, 0, 0, 0] 
dagA20.txt 4_1x5.txt 0.5384615384615384 0.55 117.5 [2, 2, 0, 6, 4, 0, 6, 6, 0, 2, 0, 0, 4, 2, 0, 0, 0, 2, 1, 3, 6, 0, 4, 2, 4, 2, 4, 4, 0, 0, 8, 2, 2, 0, 6, 4, 2, 2, 0, 0, 7, 2, 0, 8, 6, 0, 0, 2, 0, 5] 
dagA20.txt 5_4_3_2x2.txt 0.11188811188811189 0.15 258.2 [0, 0, 0, 0, 0, 0, 0, 0, 0, 0, 0, 0, 0, 0, 0, 0, 0, 0, 0, 0, 0, 0, 0, 0, 0, 0, 0, 1, 5, 0, 0, 4, 0, 0, 0, 4, 0, 0, 0, 0, 0, 0, 0, 0, 0, 0, 0, 0, 4, 0] 
dagA20.txt 3_2x3.txt 0.5734265734265734 0.6 99.33333333333333 [3, 2, 0, 3, 1, 5, 4, 2, 2, 4, 5, 0, 3, 2, 0, 5, 3, 4, 1, 2, 2, 0, 1, 0, 1, 2, 1, 2, 0, 5, 0, 4, 4, 0, 4, 1, 3, 3, 0, 5, 1, 4, 0, 0, 5, 4, 5, 3, 1, 4] 
dagA20.txt 3_2x3.txt 0.5734265734265734 0.7 99.33333333333333 [3, 2, 0, 3, 1, 5, 4, 2, 2, 4, 5, 0, 3, 2, 0, 5, 3, 4, 1, 2, 2, 0, 1, 0, 1, 2, 1, 2, 0, 5, 0, 4, 4, 0, 4, 1, 3, 3, 0, 5, 1, 4, 0, 0, 5, 4, 5, 3, 1, 4] 
dagA20.txt 3_2x4.txt 0.44755244755244755 0.45 181.33333333333334 [2, 1, 0, 2, 6, 4, 2, 2, 0, 2, 0, 0, 2, 4, 0, 0, 2, 2, 2, 1, 2, 0, 6, 0, 2, 0, 6, 4, 4, 2, 4, 0, 2, 0, 2, 4, 6, 2, 0, 0, 6, 2, 0, 0, 6, 2, 0, 2, 0, 2] 
dagA20.txt 3_2x3.txt 0.5734265734265734 0.65 99.33333333333333 [3, 2, 0, 3, 1, 5, 4, 2, 2, 4, 5, 0, 3, 2, 0, 5, 3, 4, 1, 2, 2, 0, 1, 0, 1, 2, 1, 2, 0, 5, 0, 4, 4, 0, 4, 1, 3, 3, 0, 5, 1, 4, 0, 0, 5, 4, 5, 3, 1, 4] 
dagA20.txt 3_2x3.txt 0.5734265734265734 0.8 99.33333333333333 [3, 2, 0, 3, 1, 5, 4, 2, 2, 4, 5, 0, 3, 2, 0, 5, 3, 4, 1, 2, 2, 0, 1, 0, 1, 2, 1, 2, 0, 5, 0, 4, 4, 0, 4, 1, 3, 3, 0, 5, 1, 4, 0, 0, 5, 4, 5, 3, 1, 4] 
dagA20.txt 3_2x3.txt 0.5734265734265734 0.9 99.33333333333333 [3, 2, 0, 3, 1, 5, 4, 2, 2, 4, 5, 0, 3, 2, 0, 5, 3, 4, 1, 2, 2, 0, 1, 0, 1, 2, 1, 2, 0, 5, 0, 4, 4, 0, 4, 1, 3, 3, 0, 5, 1, 4, 0, 0, 5, 4, 5, 3, 1, 4] 
dagA20.txt 5_4_3_2x2.txt 0.34965034965034963 0.35 155.8 [4, 0, 0, 0, 0, 4, 0, 0, 0, 0, 0, 0, 0, 4, 0, 0, 4, 0, 4, 0, 0, 0, 0, 0, 0, 4, 0, 4, 4, 4, 0, 4, 0, 0, 4, 4, 0, 4, 4, 4, 0, 4, 4, 0, 0, 4, 4, 0, 4, 4] 
dagA20.txt 3_2x3.txt 0.5734265734265734 1 99.33333333333333 [3, 2, 0, 3, 1, 5, 4, 2, 2, 4, 5, 0, 3, 2, 0, 5, 3, 4, 1, 2, 2, 0, 1, 0, 1, 2, 1, 2, 0, 5, 0, 4, 4, 0, 4, 1, 3, 3, 0, 5, 1, 4, 0, 0, 5, 4, 5, 3, 1, 4] 
dagA20.txt 3_2x3.txt 0.055944055944055944 0.1 450.6666666666667 [0, 0, 0, 0, 0, 0, 0, 0, 0, 0, 0, 0, 0, 0, 0, 0, 0, 0, 0, 0, 0, 0, 4, 0, 0, 0, 0, 2, 0, 0, 0, 0, 0, 0, 0, 2, 0, 0, 0, 0, 4, 0, 0, 0, 0, 0, 0, 0, 0, 0] 
dagA20.txt 5_4_3_2x5.txt None 0.1 20000000000.0 None 
dagA20.txt 5_4_3_2x5.txt 0.18181818181818182 0.2 234.4 [0, 12, 0, 0, 0, 0, 0, 0, 0, 0, 0, 0, 0, 0, 0, 16, 0, 0, 0, 8, 0, 0, 1, 0, 0, 0, 0, 0, 4, 0, 9, 0, 0, 0, 0, 0, 0, 4, 0, 0, 13, 0, 0, 0, 5, 0, 0, 0, 0, 0] 
dagA20.txt 5_4_3_2x5.txt 0.26573426573426573 0.3 222.6 [0, 0, 0, 0, 0, 0, 0, 5, 0, 0, 0, 0, 0, 4, 0, 4, 0, 0, 4, 0, 0, 0, 16, 0, 0, 4, 0, 8, 12, 0, 0, 0, 0, 0, 0, 0, 0, 0, 0, 0, 1, 0, 0, 0, 4, 0, 0, 0, 0, 0] 
dagA20.txt 5_4_3_2x5.txt 0.38461538461538464 0.4 188.8 [16, 0, 0, 4, 9, 2, 0, 0, 0, 0, 0, 0, 0, 0, 0, 0, 14, 0, 8, 0, 0, 0, 13, 0, 4, 0, 0, 0, 5, 0, 0, 0, 4, 0, 0, 0, 4, 12, 0, 0, 10, 0, 0, 1, 6, 0, 17, 4, 0, 0] 
dagA20.txt 3_2x3.txt 0.18181818181818182 0.2 395.3333333333333 [0, 0, 0, 0, 2, 0, 0, 0, 0, 0, 0, 0, 0, 2, 0, 0, 0, 0, 0, 0, 0, 0, 2, 0, 2, 0, 0, 1, 4, 0, 0, 0, 0, 0, 0, 0, 0, 4, 0, 0, 2, 0, 0, 0, 0, 0, 0, 0, 0, 0] 
dagA20.txt 3_2x3.txt 0.27972027972027974 0.3 244.0 [2, 0, 0, 2, 4, 2, 0, 0, 0, 0, 2, 2, 0, 0, 0, 2, 2, 0, 2, 2, 0, 0, 4, 0, 4, 0, 0, 2, 2, 2, 2, 0, 2, 0, 0, 0, 2, 2, 2, 0, 4, 0, 0, 2, 2, 0, 0, 2, 0, 0] 
dagA20.txt 5_4_3_2x2.txt 0.44755244755244755 0.45 108.8 [4, 2, 0, 4, 5, 1, 4, 4, 0, 4, 0, 0, 4, 1, 0, 0, 4, 4, 4, 2, 4, 0, 5, 0, 4, 0, 5, 1, 1, 4, 1, 0, 4, 0, 4, 1, 5, 4, 0, 0, 5, 4, 0, 0, 5, 4, 0, 4, 0, 4] 
dagA20.txt 3_2x3.txt 0.3776223776223776 0.4 156.66666666666666 [2, 0, 0, 4, 1, 4, 2, 0, 4, 2, 4, 0, 2, 0, 0, 0, 2, 2, 4, 0, 4, 4, 1, 0, 1, 0, 1, 4, 4, 0, 0, 2, 2, 0, 2, 4, 2, 2, 0, 4, 1, 2, 0, 0, 4, 2, 4, 2, 4, 2] 
dagA20.txt 5_4_3_2x2.txt 0.5384615384615384 0.55 61.0 [1, 3, 0, 2, 5, 6, 5, 5, 4, 4, 1, 0, 2, 4, 0, 0, 7, 6, 1, 3, 5, 4, 5, 0, 2, 0, 6, 6, 1, 7, 0, 4, 2, 0, 5, 6, 2, 1, 0, 4, 5, 7, 0, 0, 5, 7, 4, 2, 4, 6] 
dagA20.txt 3_2x3.txt 0.4965034965034965 0.5 122.5 [1, 4, 2, 5, 5, 1, 0, 4, 4, 0, 3, 3, 4, 4, 2, 3, 3, 0, 1, 3, 5, 2, 5, 2, 5, 4, 2, 5, 1, 0, 3, 0, 1, 2, 0, 2, 5, 1, 4, 2, 5, 0, 2, 3, 3, 0, 2, 0, 2, 0] 
dagA20.txt 5_4_3_2x5.txt 0.22377622377622378 0.25 226.8 [0, 0, 0, 0, 0, 0, 0, 0, 0, 0, 0, 0, 0, 4, 0, 4, 0, 0, 0, 0, 0, 0, 1, 0, 0, 0, 0, 4, 16, 0, 0, 8, 0, 0, 0, 0, 0, 12, 0, 0, 5, 0, 0, 0, 4, 0, 0, 0, 0, 0] 
dagA20.txt 5_4_3_2x5.txt 0.14685314685314685 0.15 242.8 [0, 0, 0, 0, 0, 0, 0, 0, 0, 0, 0, 0, 0, 0, 0, 4, 0, 0, 0, 8, 0, 0, 1, 0, 0, 0, 0, 0, 16, 0, 5, 0, 0, 0, 0, 0, 0, 12, 0, 0, 9, 0, 0, 0, 4, 0, 0, 0, 0, 0] 
dagA20.txt 3_2x3.txt 0.5174825174825175 0.55 121.0 [3, 2, 0, 3, 1, 5, 4, 2, 2, 4, 5, 0, 3, 2, 0, 5, 3, 4, 1, 2, 2, 0, 1, 0, 1, 2, 1, 0, 5, 5, 0, 4, 3, 0, 4, 1, 3, 3, 0, 5, 1, 4, 0, 0, 5, 4, 5, 3, 1, 4] 
dagA20.txt 5_4_3_2x5.txt 0.34965034965034963 0.35 208.6 [0, 0, 0, 0, 0, 0, 0, 0, 0, 0, 0, 0, 16, 4, 0, 0, 0, 0, 4, 0, 0, 0, 8, 0, 1, 4, 0, 4, 12, 0, 0, 0, 16, 0, 4, 0, 0, 0, 0, 0, 8, 0, 0, 0, 0, 0, 0, 0, 0, 0] 
dagA20.txt 5_4_3_2x5.txt 0.7762237762237763 0.9 24.6 [16, 8, 1, 12, 13, 14, 18, 10, 9, 5, 4, 3, 12, 9, 1, 4, 4, 5, 17, 19, 10, 11, 17, 10, 12, 8, 13, 15, 14, 2, 3, 0, 6, 1, 18, 13, 6, 16, 0, 0, 13, 2, 1, 4, 7, 2, 8, 6, 0, 5] 
dagA20.txt 5_4_3_2x2.txt 0.23776223776223776 0.25 204.0 [4, 0, 0, 0, 0, 4, 0, 0, 0, 0, 0, 0, 0, 0, 0, 0, 0, 0, 4, 0, 0, 0, 0, 0, 0, 0, 0, 4, 4, 4, 0, 4, 0, 0, 0, 0, 0, 4, 4, 4, 0, 0, 0, 0, 0, 4, 4, 0, 4, 0] 
dagA20.txt 5_4_3_2x5.txt 0.7972027972027972 1 26.0 [0, 0, 8, 4, 16, 13, 6, 11, 12, 1, 2, 3, 4, 12, 8, 5, 3, 6, 5, 19, 6, 9, 16, 8, 4, 12, 6, 13, 2, 10, 15, 18, 14, 9, 16, 8, 14, 1, 15, 17, 16, 10, 9, 0, 18, 10, 17, 14, 17, 7] 
dagA20.txt 4_1x1.txt 0.27972027972027974 0.3 681.0 [0, 1, 1, 0, 0, 0, 1, 1, 1, 0, 1, 1, 1, 0, 1, 1, 1, 0, 0, 1, 1, 1, 0, 1, 0, 1, 0, 0, 0, 0, 1, 0, 0, 1, 0, 0, 0, 0, 1, 1, 0, 0, 1, 1, 1, 0, 1, 0, 1, 0] 
dagA20.txt 5_4_3_2x5.txt 0.44755244755244755 0.45 171.6 [0, 9, 0, 5, 8, 0, 0, 0, 0, 0, 0, 4, 0, 4, 0, 0, 0, 0, 12, 1, 0, 0, 2, 13, 8, 16, 0, 4, 17, 0, 6, 0, 0, 0, 4, 0, 0, 0, 4, 0, 10, 0, 0, 0, 0, 0, 0, 0, 0, 0] 
dagA20.txt 4_1x1.txt 0.35664335664335667 0.4 296.75 [0, 0, 1, 0, 0, 0, 1, 1, 0, 0, 0, 1, 0, 0, 1, 0, 1, 0, 0, 0, 1, 1, 0, 0, 0, 0, 0, 0, 0, 0, 1, 0, 0, 0, 0, 0, 0, 0, 0, 1, 0, 0, 1, 0, 1, 0, 1, 0, 1, 0] 
dagA20.txt 4_1x1.txt 0.35664335664335667 0.45 296.75 [0, 0, 1, 0, 0, 0, 1, 1, 0, 0, 0, 1, 0, 0, 1, 0, 1, 0, 0, 0, 1, 1, 0, 0, 0, 0, 0, 0, 0, 0, 1, 0, 0, 0, 0, 0, 0, 0, 0, 1, 0, 0, 1, 0, 1, 0, 1, 0, 1, 0] 
dagA20.txt 4_1x1.txt 0.35664335664335667 0.5 296.75 [0, 0, 1, 0, 0, 0, 1, 1, 0, 0, 0, 1, 0, 0, 1, 0, 1, 0, 0, 0, 1, 1, 0, 0, 0, 0, 0, 0, 0, 0, 1, 0, 0, 0, 0, 0, 0, 0, 0, 1, 0, 0, 1, 0, 1, 0, 1, 0, 1, 0] 
dagA20.txt 4_1x1.txt 0.34965034965034963 0.35 506.0 [0, 0, 1, 0, 0, 0, 1, 1, 1, 0, 1, 1, 1, 0, 1, 1, 1, 0, 0, 0, 1, 1, 0, 1, 0, 0, 0, 0, 0, 0, 1, 0, 0, 1, 0, 0, 0, 0, 1, 1, 0, 0, 1, 0, 1, 0, 1, 0, 1, 0] 
dagA20.txt 4_1x1.txt 0.35664335664335667 0.55 296.75 [0, 0, 1, 0, 0, 0, 1, 1, 0, 0, 0, 1, 0, 0, 1, 0, 1, 0, 0, 0, 1, 1, 0, 0, 0, 0, 0, 0, 0, 0, 1, 0, 0, 0, 0, 0, 0, 0, 0, 1, 0, 0, 1, 0, 1, 0, 1, 0, 1, 0] 
dagA20.txt 4_1x1.txt 0.35664335664335667 0.6 296.75 [0, 0, 1, 0, 0, 0, 1, 1, 0, 0, 0, 1, 0, 0, 1, 0, 1, 0, 0, 0, 1, 1, 0, 0, 0, 0, 0, 0, 0, 0, 1, 0, 0, 0, 0, 0, 0, 0, 0, 1, 0, 0, 1, 0, 1, 0, 1, 0, 1, 0] 
dagA20.txt 4_1x1.txt 0.35664335664335667 0.7 296.75 [0, 0, 1, 0, 0, 0, 1, 1, 0, 0, 0, 1, 0, 0, 1, 0, 1, 0, 0, 0, 1, 1, 0, 0, 0, 0, 0, 0, 0, 0, 1, 0, 0, 0, 0, 0, 0, 0, 0, 1, 0, 0, 1, 0, 1, 0, 1, 0, 1, 0] 
dagA20.txt 4_1x1.txt 0.35664335664335667 0.9 296.75 [0, 0, 1, 0, 0, 0, 1, 1, 0, 0, 0, 1, 0, 0, 1, 0, 1, 0, 0, 0, 1, 1, 0, 0, 0, 0, 0, 0, 0, 0, 1, 0, 0, 0, 0, 0, 0, 0, 0, 1, 0, 0, 1, 0, 1, 0, 1, 0, 1, 0] 
dagA20.txt 4_1x1.txt 0.32867132867132864 0.65 293.5 [0, 0, 1, 0, 0, 0, 1, 1, 0, 0, 0, 1, 0, 0, 1, 0, 1, 0, 0, 0, 1, 1, 0, 0, 0, 0, 0, 0, 0, 0, 1, 0, 0, 1, 0, 0, 0, 0, 1, 0, 0, 0, 1, 0, 1, 0, 1, 0, 0, 0] 
dagA20.txt 5_4_3_2x5.txt 0.5874125874125874 0.6 90.8 [13, 1, 0, 16, 8, 12, 14, 4, 4, 0, 0, 0, 4, 4, 0, 0, 0, 1, 8, 1, 4, 0, 8, 0, 8, 4, 0, 12, 17, 0, 12, 4, 16, 0, 5, 0, 16, 9, 12, 0, 10, 0, 0, 4, 2, 0, 0, 16, 0, 6] 
dagA20.txt 4_1x1.txt 0.32867132867132864 1 293.5 [0, 0, 1, 0, 0, 0, 1, 1, 0, 0, 0, 1, 0, 0, 1, 0, 1, 0, 0, 0, 1, 1, 0, 0, 0, 0, 0, 0, 0, 0, 1, 0, 0, 1, 0, 0, 0, 0, 1, 0, 0, 0, 1, 0, 1, 0, 1, 0, 0, 0] 
dagA20.txt 4_1x1.txt 0.35664335664335667 0.8 296.75 [0, 0, 1, 0, 0, 0, 1, 1, 0, 0, 0, 1, 0, 0, 1, 0, 1, 0, 0, 0, 1, 1, 0, 0, 0, 0, 0, 0, 0, 0, 1, 0, 0, 0, 0, 0, 0, 0, 0, 1, 0, 0, 1, 0, 1, 0, 1, 0, 1, 0] 
dagA20.txt 5_4_3_2x5.txt 0.48951048951048953 0.5 151.4 [9, 0, 0, 5, 8, 0, 4, 4, 0, 0, 0, 0, 16, 4, 0, 0, 16, 0, 12, 0, 0, 0, 2, 17, 8, 4, 0, 4, 13, 0, 0, 0, 4, 0, 4, 0, 4, 1, 0, 0, 10, 0, 0, 0, 0, 0, 0, 4, 0, 6] 
dagA20.txt 5_4_3_2x5.txt 0.6923076923076923 0.7 53.0 [16, 2, 0, 4, 8, 4, 8, 8, 14, 10, 0, 0, 4, 1, 0, 0, 0, 4, 5, 17, 8, 3, 8, 0, 4, 9, 4, 8, 6, 12, 0, 12, 13, 0, 8, 4, 4, 16, 0, 0, 8, 12, 12, 4, 8, 12, 18, 4, 7, 11] 
dagA20.txt 4_1x1.txt 0.17482517482517482 0.2 314.5 [0, 0, 0, 0, 0, 0, 0, 0, 0, 0, 0, 0, 0, 1, 0, 1, 0, 0, 1, 0, 0, 0, 0, 0, 0, 0, 0, 1, 0, 0, 0, 0, 0, 0, 0, 0, 0, 0, 0, 0, 0, 0, 0, 0, 1, 0, 0, 0, 0, 0] 
dagA20.txt 5_4_3_2x5.txt 0.7902097902097902 0.8 27.0 [10, 8, 5, 12, 17, 14, 1, 6, 16, 9, 0, 2, 15, 13, 5, 0, 7, 10, 18, 19, 6, 16, 17, 6, 15, 8, 17, 11, 14, 4, 2, 8, 1, 5, 12, 3, 1, 9, 13, 3, 18, 4, 5, 2, 0, 4, 16, 1, 0, 4] 
dagA20.txt 4_1x1.txt 0.0979020979020979 0.1 332.0 [0, 1, 0, 0, 0, 0, 0, 0, 0, 0, 0, 0, 0, 1, 0, 0, 0, 0, 0, 1, 0, 0, 0, 0, 0, 0, 0, 0, 0, 0, 0, 0, 0, 0, 0, 0, 0, 0, 0, 0, 0, 0, 0, 0, 0, 0, 0, 0, 0, 0] 
dagA20.txt 3_2x3.txt 0.11188811188811189 0.15 411.6666666666667 [0, 0, 0, 0, 2, 0, 0, 0, 0, 0, 0, 0, 0, 0, 0, 0, 0, 0, 0, 0, 0, 0, 2, 0, 2, 0, 0, 1, 4, 0, 0, 0, 0, 0, 0, 0, 0, 4, 0, 0, 2, 0, 0, 0, 0, 0, 0, 0, 0, 0] 
dagA20.txt 4_1x1.txt 0.23776223776223776 0.25 728.0 [0, 1, 1, 0, 0, 0, 0, 1, 1, 0, 1, 1, 0, 1, 1, 1, 1, 0, 0, 1, 1, 1, 0, 1, 0, 1, 0, 0, 0, 0, 1, 1, 0, 1, 0, 0, 0, 0, 1, 1, 0, 0, 1, 1, 1, 0, 1, 0, 1, 0] 
dagA20.txt 3_2x3.txt 0.24475524475524477 0.25 363.3333333333333 [0, 0, 0, 0, 2, 0, 0, 0, 0, 0, 0, 0, 0, 2, 0, 0, 0, 0, 2, 0, 0, 0, 2, 0, 2, 2, 0, 1, 4, 0, 0, 0, 0, 0, 0, 0, 0, 4, 0, 0, 2, 0, 0, 0, 0, 0, 0, 0, 0, 0] 
dagA20.txt 5_4_3_2x3.txt 0.2517482517482518 0.3 226.2 [0, 0, 0, 0, 0, 0, 0, 0, 0, 0, 0, 0, 0, 4, 0, 0, 0, 0, 4, 5, 0, 0, 1, 0, 0, 4, 0, 4, 0, 0, 0, 0, 0, 0, 8, 0, 0, 0, 0, 0, 1, 0, 0, 0, 0, 0, 0, 0, 0, 0] 
dagA20.txt 5_4_3_2x3.txt 0.0979020979020979 0.1 263.4 [0, 0, 0, 0, 0, 0, 0, 0, 1, 0, 0, 0, 0, 0, 0, 4, 0, 0, 0, 0, 0, 0, 0, 0, 0, 0, 0, 0, 8, 0, 0, 0, 0, 0, 0, 0, 0, 0, 0, 0, 5, 0, 0, 0, 4, 0, 0, 0, 0, 0] 
dagA20.txt 5_4_3_2x3.txt 0.18181818181818182 0.2 241.4 [0, 0, 0, 0, 0, 0, 0, 0, 0, 0, 0, 0, 0, 4, 0, 8, 0, 0, 0, 0, 0, 0, 5, 0, 0, 0, 0, 4, 1, 0, 0, 0, 0, 0, 0, 4, 0, 0, 0, 0, 9, 0, 0, 0, 8, 0, 0, 0, 0, 0] 
dagA20.txt 5_4_3_2x3.txt 0.6993006993006993 0.7 40.333333333333336 [5, 6, 9, 7, 8, 3, 2, 2, 6, 5, 11, 0, 1, 1, 9, 0, 4, 2, 4, 6, 8, 11, 8, 9, 8, 1, 8, 10, 0, 4, 0, 4, 8, 9, 2, 10, 7, 5, 10, 3, 8, 4, 9, 0, 0, 4, 3, 7, 10, 2] 
dagA20.txt 5_4_3_2x3.txt 0.7062937062937062 0.8 42.333333333333336 [1, 2, 4, 0, 5, 10, 11, 11, 9, 0, 8, 6, 7, 9, 6, 8, 3, 10, 5, 2, 11, 0, 5, 6, 7, 9, 4, 4, 8, 10, 4, 8, 1, 6, 4, 4, 7, 1, 4, 0, 5, 3, 6, 2, 8, 10, 0, 10, 0, 3] 
dagA20.txt 3_2x3.txt 0.44755244755244755 0.45 132.33333333333334 [1, 3, 2, 4, 4, 2, 4, 4, 0, 0, 2, 2, 0, 0, 2, 2, 2, 0, 4, 3, 4, 0, 4, 2, 4, 3, 5, 5, 2, 2, 2, 0, 1, 2, 4, 5, 4, 1, 2, 0, 4, 0, 2, 2, 4, 0, 0, 1, 0, 0] 
dagA20.txt 5_4_3_2x3.txt 0.7062937062937062 0.9 42.0 [0, 1, 5, 4, 4, 2, 9, 1, 0, 9, 10, 7, 8, 8, 1, 2, 7, 9, 8, 5, 11, 0, 4, 7, 11, 8, 5, 2, 10, 2, 5, 6, 4, 1, 9, 5, 3, 3, 5, 0, 4, 6, 1, 10, 11, 6, 0, 3, 0, 6] 
dagA20.txt 5_4_3_2x3.txt 0.34965034965034963 0.4 193.2 [2, 0, 0, 5, 8, 0, 0, 0, 0, 0, 1, 4, 0, 0, 0, 0, 4, 0, 8, 4, 0, 0, 6, 0, 5, 0, 0, 0, 1, 0, 4, 0, 0, 0, 0, 0, 0, 9, 0, 0, 3, 0, 0, 4, 0, 0, 0, 0, 0, 10] 
dagA20.txt 5_4_3_2x3.txt 0.6923076923076923 1 40.666666666666664 [9, 6, 1, 10, 8, 5, 3, 3, 4, 7, 0, 0, 6, 8, 3, 0, 0, 1, 4, 1, 8, 4, 8, 0, 10, 6, 1, 5, 9, 5, 1, 2, 11, 3, 10, 1, 10, 9, 5, 4, 8, 2, 2, 0, 8, 2, 4, 11, 4, 7] 
dagA20.txt 3_2x3.txt 0.34265734265734266 0.35 227.33333333333334 [2, 0, 0, 2, 4, 2, 0, 0, 0, 0, 2, 2, 0, 2, 0, 2, 2, 0, 2, 2, 0, 0, 4, 0, 4, 4, 0, 2, 2, 2, 2, 0, 2, 0, 0, 0, 2, 2, 2, 0, 4, 0, 0, 2, 2, 0, 0, 2, 0, 0] 
dagA20.txt 5_4_3_2x3.txt 0.46853146853146854 0.5 154.8 [0, 0, 0, 9, 8, 5, 0, 0, 0, 1, 0, 0, 0, 4, 0, 4, 0, 0, 8, 0, 0, 0, 10, 6, 9, 4, 0, 2, 5, 4, 0, 0, 0, 0, 4, 0, 0, 1, 0, 0, 3, 4, 0, 0, 4, 0, 0, 0, 0, 4] 
dagA20.txt 5_4_3_2x3.txt 0.5944055944055944 0.6 53.4 [1, 0, 0, 5, 8, 9, 8, 8, 6, 1, 4, 0, 5, 6, 0, 4, 4, 9, 3, 7, 8, 2, 11, 0, 5, 10, 9, 9, 1, 4, 0, 4, 5, 0, 8, 9, 5, 1, 0, 2, 8, 4, 0, 0, 8, 4, 2, 5, 2, 9] 
dagA20.txt 5_4_3_2x5.txt 0.5314685314685315 0.55 141.6 [1, 4, 0, 0, 9, 17, 0, 0, 0, 0, 0, 0, 0, 4, 0, 0, 14, 0, 8, 4, 0, 0, 13, 0, 0, 4, 0, 4, 5, 0, 4, 0, 4, 0, 4, 0, 0, 12, 4, 0, 10, 0, 0, 16, 2, 0, 0, 0, 0, 6] 
dagA20.txt 5_4_3_2x5.txt 0.6363636363636364 0.65 65.8 [0, 12, 4, 16, 5, 1, 0, 12, 8, 0, 4, 4, 0, 8, 4, 1, 0, 0, 13, 2, 12, 4, 10, 4, 11, 12, 14, 9, 6, 1, 4, 17, 16, 4, 0, 14, 16, 0, 1, 8, 5, 0, 7, 4, 18, 0, 8, 16, 3, 0] 
dagA20.txt 5_4_3_2x3.txt 0.34965034965034963 0.35 192.4 [4, 2, 0, 0, 0, 0, 0, 7, 6, 0, 0, 0, 0, 8, 0, 0, 4, 0, 0, 9, 0, 0, 10, 0, 0, 5, 0, 1, 4, 0, 0, 0, 0, 0, 0, 0, 0, 4, 8, 0, 0, 0, 0, 0, 0, 0, 3, 0, 0, 0] 
dagA20.txt 5_4_3_2x3.txt 0.44755244755244755 0.45 167.8 [8, 0, 0, 9, 1, 0, 3, 0, 4, 0, 0, 0, 0, 4, 0, 0, 0, 0, 1, 0, 0, 4, 2, 0, 9, 4, 0, 4, 0, 0, 0, 0, 5, 0, 0, 4, 5, 8, 0, 0, 10, 0, 0, 0, 0, 0, 0, 5, 4, 6] 
dagA20.txt 5_4_3_2x3.txt 0.11188811188811189 0.15 256.6 [0, 4, 0, 0, 0, 0, 0, 0, 0, 0, 0, 0, 0, 0, 0, 0, 0, 0, 0, 4, 0, 0, 1, 0, 0, 0, 5, 0, 8, 0, 0, 0, 0, 0, 0, 5, 0, 0, 0, 0, 0, 0, 0, 0, 0, 0, 0, 0, 0, 0] 
dagA20.txt 4_1x4.txt 0.6923076923076923 0.7 117.75 [2, 3, 6, 4, 0, 0, 4, 7, 0, 0, 0, 0, 2, 2, 6, 0, 2, 1, 0, 3, 7, 7, 5, 6, 4, 0, 5, 4, 0, 0, 6, 0, 2, 6, 4, 5, 4, 2, 0, 7, 5, 1, 6, 6, 7, 1, 0, 2, 5, 1] 
dagA20.txt 4_1x1.txt 0.13286713286713286 0.15 320.75 [0, 0, 0, 0, 0, 0, 0, 0, 0, 0, 0, 0, 0, 1, 0, 0, 0, 0, 0, 0, 0, 0, 0, 0, 0, 0, 0, 1, 1, 0, 0, 0, 0, 0, 0, 0, 0, 1, 0, 0, 0, 0, 0, 0, 0, 0, 0, 0, 0, 0] 
dagA20.txt 4_1x4.txt 0.7202797202797203 0.8 81.5 [2, 3, 6, 4, 0, 0, 4, 7, 0, 6, 0, 0, 2, 4, 6, 0, 2, 1, 4, 6, 7, 2, 2, 6, 4, 2, 5, 4, 0, 0, 6, 4, 2, 6, 4, 5, 4, 2, 0, 7, 5, 2, 6, 6, 6, 1, 0, 2, 5, 1] 
dagA20.txt 5_4_3_2x3.txt 0.5314685314685315 0.55 73.8 [5, 4, 4, 8, 8, 0, 0, 0, 1, 0, 3, 4, 0, 4, 4, 0, 11, 0, 5, 6, 0, 1, 8, 4, 8, 4, 8, 9, 10, 0, 4, 1, 8, 4, 0, 9, 8, 2, 4, 1, 7, 0, 4, 4, 0, 0, 1, 8, 1, 0] 
dagA20.txt 5_4_3_2x3.txt 0.23776223776223776 0.25 228.4 [0, 0, 0, 0, 0, 0, 0, 0, 0, 0, 0, 0, 0, 4, 0, 0, 0, 0, 4, 8, 0, 0, 5, 0, 0, 4, 0, 4, 1, 0, 0, 0, 0, 0, 0, 9, 0, 0, 0, 0, 0, 0, 0, 0, 0, 0, 0, 0, 0, 0] 
dagA20.txt 4_1x4.txt 0.7202797202797203 0.9 81.5 [2, 3, 6, 4, 0, 0, 4, 7, 0, 6, 0, 0, 2, 4, 6, 0, 2, 1, 4, 6, 7, 2, 2, 6, 4, 2, 5, 4, 0, 0, 6, 4, 2, 6, 4, 5, 4, 2, 0, 7, 5, 2, 6, 6, 6, 1, 0, 2, 5, 1] 
dagA20.txt 5_4_3_2x3.txt 0.6433566433566433 0.65 41.75 [11, 7, 1, 6, 8, 3, 5, 5, 0, 4, 9, 9, 8, 0, 7, 1, 9, 8, 8, 9, 5, 4, 10, 1, 8, 0, 8, 10, 3, 2, 9, 2, 6, 1, 5, 10, 6, 4, 0, 4, 10, 2, 1, 9, 5, 2, 4, 6, 4, 8] 
dagA20.txt 4_1x4.txt 0.7202797202797203 1 81.5 [2, 3, 6, 4, 0, 0, 4, 7, 0, 6, 0, 0, 2, 4, 6, 0, 2, 1, 4, 6, 7, 2, 2, 6, 4, 2, 5, 4, 0, 0, 6, 4, 2, 6, 4, 5, 4, 2, 0, 7, 5, 2, 6, 6, 6, 1, 0, 2, 5, 1] 
dagA20.txt 4_1x2.txt 0.4965034965034965 0.5 149.25 [2, 0, 0, 0, 2, 0, 1, 3, 2, 2, 0, 0, 2, 2, 0, 0, 2, 2, 0, 0, 3, 0, 1, 0, 1, 0, 1, 2, 0, 0, 0, 2, 2, 0, 2, 1, 1, 2, 3, 3, 1, 2, 0, 0, 3, 2, 3, 2, 1, 2] 
dagA20.txt 4_1x2.txt 0.5244755244755245 0.55 149.25 [2, 0, 0, 0, 2, 0, 1, 3, 2, 2, 0, 0, 2, 2, 0, 0, 2, 2, 2, 0, 3, 0, 1, 0, 1, 0, 1, 2, 0, 0, 0, 2, 2, 0, 0, 1, 1, 2, 3, 3, 1, 2, 0, 0, 3, 2, 3, 2, 1, 2] 
dagA20.txt 4_1x2.txt 0.5244755244755245 0.6 149.25 [2, 0, 0, 0, 2, 0, 1, 3, 2, 2, 0, 0, 2, 2, 0, 0, 2, 2, 2, 0, 3, 0, 1, 0, 1, 0, 1, 2, 0, 0, 0, 2, 2, 0, 0, 1, 1, 2, 3, 3, 1, 2, 0, 0, 3, 2, 3, 2, 1, 2] 
dagA20.txt 4_1x2.txt 0.5244755244755245 0.7 149.25 [2, 0, 0, 0, 2, 0, 1, 3, 2, 2, 0, 0, 2, 2, 0, 0, 2, 2, 2, 0, 3, 0, 1, 0, 1, 0, 1, 2, 0, 0, 0, 2, 2, 0, 0, 1, 1, 2, 3, 3, 1, 2, 0, 0, 3, 2, 3, 2, 1, 2] 
dagA20.txt 4_1x2.txt 0.5244755244755245 0.65 149.25 [2, 0, 0, 0, 2, 0, 1, 3, 2, 2, 0, 0, 2, 2, 0, 0, 2, 2, 2, 0, 3, 0, 1, 0, 1, 0, 1, 2, 0, 0, 0, 2, 2, 0, 0, 1, 1, 2, 3, 3, 1, 2, 0, 0, 3, 2, 3, 2, 1, 2] 
dagA20.txt 4_1x2.txt 0.5244755244755245 0.8 149.25 [2, 0, 0, 0, 2, 0, 1, 3, 2, 2, 0, 0, 2, 2, 0, 0, 2, 2, 2, 0, 3, 0, 1, 0, 1, 0, 1, 2, 0, 0, 0, 2, 2, 0, 0, 1, 1, 2, 3, 3, 1, 2, 0, 0, 3, 2, 3, 2, 1, 2] 
dagA20.txt 4_1x2.txt 0.5244755244755245 0.9 149.25 [2, 0, 0, 0, 2, 0, 1, 3, 2, 2, 0, 0, 2, 2, 0, 0, 2, 2, 2, 0, 3, 0, 1, 0, 1, 0, 1, 2, 0, 0, 0, 2, 2, 0, 0, 1, 1, 2, 3, 3, 1, 2, 0, 0, 3, 2, 3, 2, 1, 2] 
dagA20.txt 4_1x4.txt 0.5944055944055944 0.6 182.0 [7, 6, 6, 0, 3, 5, 0, 6, 1, 2, 5, 4, 7, 1, 6, 5, 7, 2, 3, 4, 6, 6, 3, 4, 0, 1, 3, 0, 5, 5, 4, 7, 0, 6, 2, 3, 0, 7, 4, 1, 3, 2, 6, 4, 5, 2, 1, 0, 3, 2] 
dagA20.txt 4_1x2.txt 0.5244755244755245 1 149.25 [2, 0, 0, 0, 2, 0, 1, 3, 2, 2, 0, 0, 2, 2, 0, 0, 2, 2, 2, 0, 3, 0, 1, 0, 1, 0, 1, 2, 0, 0, 0, 2, 2, 0, 0, 1, 1, 2, 3, 3, 1, 2, 0, 0, 3, 2, 3, 2, 1, 2] 
dagA20.txt 4_1x4.txt 0.6433566433566433 0.65 138.0 [2, 3, 6, 4, 5, 0, 4, 7, 0, 1, 0, 0, 2, 0, 6, 0, 2, 1, 0, 3, 7, 7, 5, 6, 4, 3, 5, 4, 0, 0, 6, 0, 2, 6, 4, 5, 4, 2, 0, 7, 5, 1, 6, 6, 7, 1, 7, 2, 5, 1] 
dagA20.txt 4_1x4.txt 0.18181818181818182 0.2 310.5 [0, 0, 0, 0, 0, 0, 0, 0, 0, 0, 0, 0, 0, 2, 0, 0, 0, 0, 0, 0, 0, 0, 0, 0, 0, 0, 0, 4, 6, 0, 0, 2, 0, 0, 0, 2, 0, 0, 0, 0, 0, 0, 0, 0, 0, 0, 0, 0, 2, 0] 
dagA20.txt 4_1x2.txt 0.18181818181818182 0.2 300.25 [1, 0, 0, 0, 0, 0, 0, 0, 0, 0, 0, 0, 0, 0, 0, 0, 2, 0, 0, 0, 0, 0, 0, 0, 0, 0, 0, 0, 1, 0, 0, 2, 0, 0, 0, 2, 0, 1, 0, 0, 0, 0, 0, 2, 0, 0, 0, 0, 2, 0] 
dagA20.txt 4_1x2.txt 0.0979020979020979 0.1 341.0 [0, 0, 0, 0, 0, 0, 0, 0, 0, 0, 0, 0, 0, 2, 0, 0, 0, 0, 0, 0, 0, 0, 0, 0, 0, 0, 0, 2, 0, 0, 0, 0, 0, 0, 0, 0, 0, 0, 0, 0, 0, 0, 0, 0, 0, 0, 0, 0, 0, 0] 
dagA20.txt 4_1x4.txt 0.0979020979020979 0.1 341.0 [0, 0, 0, 0, 0, 0, 0, 0, 0, 0, 0, 0, 0, 2, 0, 0, 0, 0, 0, 0, 0, 0, 0, 0, 0, 0, 0, 2, 0, 0, 0, 0, 0, 0, 0, 0, 0, 0, 0, 0, 0, 0, 0, 0, 0, 0, 0, 0, 0, 0] 
dagA20.txt 4_1x2.txt 0.2937062937062937 0.3 218.5 [1, 0, 0, 2, 2, 2, 0, 0, 0, 0, 0, 0, 2, 2, 0, 0, 0, 0, 2, 0, 0, 0, 2, 0, 2, 0, 2, 2, 1, 0, 0, 0, 2, 0, 0, 2, 2, 1, 0, 0, 2, 0, 0, 0, 0, 0, 0, 2, 2, 0] 
dagA20.txt 4_1x4.txt 0.2937062937062937 0.3 218.75 [2, 0, 0, 0, 0, 2, 0, 0, 0, 0, 0, 0, 0, 2, 0, 0, 2, 0, 2, 0, 0, 0, 0, 0, 0, 0, 0, 2, 2, 2, 0, 2, 0, 0, 0, 2, 0, 2, 2, 2, 0, 2, 2, 0, 0, 2, 2, 0, 2, 2] 
dagA20.txt 4_1x2.txt 0.3986013986013986 0.4 304.0 [0, 1, 2, 3, 3, 2, 0, 1, 1, 0, 2, 2, 0, 1, 2, 2, 0, 0, 3, 1, 1, 2, 3, 2, 3, 1, 3, 3, 2, 2, 2, 0, 0, 2, 0, 3, 3, 0, 2, 2, 3, 0, 2, 2, 1, 0, 1, 0, 3, 0] 
dagA20.txt 4_1x4.txt 0.3986013986013986 0.4 161.75 [2, 0, 0, 0, 0, 2, 0, 0, 4, 2, 0, 0, 0, 4, 0, 0, 0, 2, 2, 0, 0, 4, 0, 0, 0, 2, 4, 4, 2, 2, 0, 4, 0, 0, 2, 4, 0, 2, 4, 4, 0, 2, 2, 0, 0, 2, 4, 2, 4, 2] 
dagA20.txt 4_1x2.txt 0.4405594405594406 0.45 356.0 [2, 3, 0, 1, 1, 0, 1, 3, 3, 2, 0, 0, 2, 3, 0, 0, 2, 2, 1, 3, 3, 0, 1, 0, 1, 3, 1, 0, 0, 0, 0, 2, 2, 0, 1, 1, 1, 2, 3, 3, 1, 2, 0, 0, 3, 2, 3, 2, 1, 2] 
dagA20.txt 3_2x2.txt 0.18181818181818182 0.2 400.3333333333333 [1, 0, 0, 0, 0, 0, 0, 0, 0, 0, 0, 0, 0, 0, 0, 0, 2, 0, 0, 0, 0, 0, 0, 0, 0, 0, 0, 0, 1, 0, 0, 2, 0, 0, 0, 2, 0, 1, 0, 0, 0, 0, 0, 2, 0, 0, 0, 0, 2, 0] 
dagA20.txt 3_2x2.txt 0.2937062937062937 0.3 291.3333333333333 [1, 0, 0, 2, 2, 2, 0, 0, 0, 0, 0, 0, 2, 2, 0, 0, 0, 0, 2, 0, 0, 0, 2, 0, 2, 0, 2, 2, 1, 0, 0, 0, 2, 0, 0, 2, 2, 1, 0, 0, 2, 0, 0, 0, 0, 0, 0, 2, 2, 0] 
dagA20.txt 3_2x2.txt 0.0979020979020979 0.1 454.6666666666667 [0, 0, 0, 0, 0, 0, 0, 0, 0, 0, 0, 0, 0, 2, 0, 0, 0, 0, 0, 0, 0, 0, 0, 0, 0, 0, 0, 2, 0, 0, 0, 0, 0, 0, 0, 0, 0, 0, 0, 0, 0, 0, 0, 0, 0, 0, 0, 0, 0, 0] 
dagA20.txt 4_1x4.txt 0.4965034965034965 0.5 95.0 [2, 5, 0, 3, 1, 4, 6, 6, 4, 2, 4, 0, 3, 0, 0, 0, 2, 2, 4, 5, 6, 4, 1, 0, 3, 0, 1, 7, 4, 2, 0, 2, 2, 0, 6, 7, 2, 2, 0, 4, 1, 2, 0, 0, 0, 2, 4, 2, 4, 2] 
dagA20.txt 4_1x2.txt 0.21678321678321677 0.25 272.25 [2, 0, 0, 0, 0, 2, 0, 0, 0, 0, 0, 0, 0, 0, 0, 0, 0, 0, 2, 0, 0, 0, 0, 0, 0, 0, 0, 2, 2, 0, 0, 1, 0, 0, 0, 1, 0, 2, 0, 0, 0, 0, 0, 1, 0, 0, 0, 0, 1, 0] 
dagA20.txt 3_2x2.txt 0.46853146853146854 0.5 155.0 [2, 3, 0, 1, 1, 0, 1, 3, 3, 2, 0, 0, 2, 2, 0, 0, 2, 2, 2, 3, 3, 0, 1, 0, 1, 3, 1, 0, 0, 0, 0, 2, 2, 0, 1, 1, 1, 2, 3, 3, 1, 2, 0, 0, 3, 2, 3, 2, 1, 2] 
dagA20.txt 3_2x2.txt 0.46853146853146854 0.55 155.0 [2, 3, 0, 1, 1, 0, 1, 3, 3, 2, 0, 0, 2, 2, 0, 0, 2, 2, 2, 3, 3, 0, 1, 0, 1, 3, 1, 0, 0, 0, 0, 2, 2, 0, 1, 1, 1, 2, 3, 3, 1, 2, 0, 0, 3, 2, 3, 2, 1, 2] 
dagA20.txt 4_1x4.txt 0.23776223776223776 0.25 255.0 [2, 0, 0, 0, 0, 2, 0, 0, 0, 0, 0, 0, 0, 0, 0, 0, 0, 0, 2, 0, 0, 0, 0, 0, 0, 0, 0, 2, 2, 2, 0, 2, 0, 0, 0, 0, 0, 2, 2, 2, 0, 0, 0, 0, 0, 2, 2, 0, 2, 0] 
dagA20.txt 3_2x2.txt 0.46853146853146854 0.6 155.0 [2, 3, 0, 1, 1, 0, 1, 3, 3, 2, 0, 0, 2, 2, 0, 0, 2, 2, 2, 3, 3, 0, 1, 0, 1, 3, 1, 0, 0, 0, 0, 2, 2, 0, 1, 1, 1, 2, 3, 3, 1, 2, 0, 0, 3, 2, 3, 2, 1, 2] 
dagA20.txt 3_2x2.txt 0.46853146853146854 0.7 155.0 [2, 3, 0, 1, 1, 0, 1, 3, 3, 2, 0, 0, 2, 2, 0, 0, 2, 2, 2, 3, 3, 0, 1, 0, 1, 3, 1, 0, 0, 0, 0, 2, 2, 0, 1, 1, 1, 2, 3, 3, 1, 2, 0, 0, 3, 2, 3, 2, 1, 2] 
dagA20.txt 3_2x2.txt 0.46853146853146854 0.65 155.0 [2, 3, 0, 1, 1, 0, 1, 3, 3, 2, 0, 0, 2, 2, 0, 0, 2, 2, 2, 3, 3, 0, 1, 0, 1, 3, 1, 0, 0, 0, 0, 2, 2, 0, 1, 1, 1, 2, 3, 3, 1, 2, 0, 0, 3, 2, 3, 2, 1, 2] 
dagA20.txt 3_2x2.txt 0.46853146853146854 0.8 155.0 [2, 3, 0, 1, 1, 0, 1, 3, 3, 2, 0, 0, 2, 2, 0, 0, 2, 2, 2, 3, 3, 0, 1, 0, 1, 3, 1, 0, 0, 0, 0, 2, 2, 0, 1, 1, 1, 2, 3, 3, 1, 2, 0, 0, 3, 2, 3, 2, 1, 2] 
dagA20.txt 3_2x2.txt 0.46853146853146854 0.9 155.0 [2, 3, 0, 1, 1, 0, 1, 3, 3, 2, 0, 0, 2, 2, 0, 0, 2, 2, 2, 3, 3, 0, 1, 0, 1, 3, 1, 0, 0, 0, 0, 2, 2, 0, 1, 1, 1, 2, 3, 3, 1, 2, 0, 0, 3, 2, 3, 2, 1, 2] 
dagA20.txt 4_1x2.txt 0.34965034965034963 0.35 219.75 [2, 1, 0, 2, 0, 2, 0, 0, 1, 0, 0, 0, 1, 0, 0, 0, 0, 0, 2, 1, 0, 0, 0, 0, 2, 0, 0, 2, 2, 0, 0, 0, 2, 0, 0, 0, 2, 2, 1, 0, 0, 0, 0, 0, 0, 0, 1, 2, 0, 0] 
dagA20.txt 3_2x2.txt 0.46853146853146854 1 155.0 [2, 3, 0, 1, 1, 0, 1, 3, 3, 2, 0, 0, 2, 2, 0, 0, 2, 2, 2, 3, 3, 0, 1, 0, 1, 3, 1, 0, 0, 0, 0, 2, 2, 0, 1, 1, 1, 2, 3, 3, 1, 2, 0, 0, 3, 2, 3, 2, 1, 2] 
dagA20.txt 3_2x2.txt 0.32167832167832167 0.35 260.6666666666667 [2, 1, 0, 2, 0, 2, 0, 0, 1, 0, 0, 0, 1, 1, 0, 0, 0, 0, 2, 1, 0, 0, 0, 0, 2, 1, 0, 2, 2, 0, 0, 0, 2, 0, 0, 0, 2, 2, 1, 0, 0, 0, 0, 0, 0, 0, 1, 2, 0, 0] 
dagA20.txt 4_1x2.txt 0.13986013986013987 0.15 329.0 [0, 0, 0, 0, 0, 0, 0, 0, 0, 0, 0, 0, 0, 2, 0, 0, 0, 0, 2, 0, 0, 0, 0, 0, 0, 0, 0, 2, 0, 0, 0, 0, 0, 0, 0, 0, 0, 0, 0, 0, 0, 0, 0, 0, 0, 0, 0, 0, 0, 0] 
dagA20.txt 3_2x2.txt 0.13986013986013987 0.15 438.6666666666667 [0, 0, 0, 0, 0, 0, 0, 0, 0, 0, 0, 0, 0, 2, 0, 0, 0, 0, 2, 0, 0, 0, 0, 0, 0, 0, 0, 2, 0, 0, 0, 0, 0, 0, 0, 0, 0, 0, 0, 0, 0, 0, 0, 0, 0, 0, 0, 0, 0, 0] 
dagA20.txt 5_4_3_2x1.txt 0.4755244755244755 0.6 108.0 [1, 3, 0, 2, 2, 0, 2, 3, 3, 1, 0, 0, 1, 1, 0, 0, 1, 1, 2, 0, 3, 0, 2, 0, 2, 0, 2, 0, 0, 0, 0, 1, 1, 0, 2, 2, 2, 1, 3, 3, 2, 1, 0, 0, 3, 1, 3, 1, 2, 1] 
dagA20.txt 5_4_3_2x1.txt 0.4755244755244755 0.5 108.0 [1, 3, 0, 2, 2, 0, 2, 3, 3, 1, 0, 0, 1, 1, 0, 0, 1, 1, 2, 0, 3, 0, 2, 0, 2, 0, 2, 0, 0, 0, 0, 1, 1, 0, 2, 2, 2, 1, 3, 3, 2, 1, 0, 0, 3, 1, 3, 1, 2, 1] 
dagA20.txt 4_1x4.txt 0.11188811188811189 0.15 322.75 [0, 0, 0, 0, 0, 0, 0, 0, 0, 0, 0, 0, 0, 0, 0, 0, 0, 0, 0, 0, 0, 0, 0, 0, 0, 0, 0, 4, 6, 0, 0, 2, 0, 0, 0, 2, 0, 0, 0, 0, 0, 0, 0, 0, 0, 0, 0, 0, 2, 0] 
dagA20.txt 5_4_3_2x1.txt 0.4755244755244755 0.55 108.0 [1, 3, 0, 2, 2, 0, 2, 3, 3, 1, 0, 0, 1, 1, 0, 0, 1, 1, 2, 0, 3, 0, 2, 0, 2, 0, 2, 0, 0, 0, 0, 1, 1, 0, 2, 2, 2, 1, 3, 3, 2, 1, 0, 0, 3, 1, 3, 1, 2, 1] 
dagA20.txt 5_4_3_2x1.txt 0.4755244755244755 0.65 108.0 [1, 3, 0, 2, 2, 0, 2, 3, 3, 1, 0, 0, 1, 1, 0, 0, 1, 1, 2, 0, 3, 0, 2, 0, 2, 0, 2, 0, 0, 0, 0, 1, 1, 0, 2, 2, 2, 1, 3, 3, 2, 1, 0, 0, 3, 1, 3, 1, 2, 1] 
dagA20.txt 3_2x2.txt 0.3986013986013986 0.4 152.0 [0, 1, 2, 3, 3, 2, 0, 1, 1, 0, 2, 2, 0, 1, 2, 2, 0, 0, 3, 1, 1, 2, 3, 2, 3, 1, 3, 3, 2, 2, 2, 0, 0, 2, 0, 3, 3, 0, 2, 2, 3, 0, 2, 2, 1, 0, 1, 0, 3, 0] 
dagA20.txt 3_2x2.txt 0.4405594405594406 0.45 178.0 [2, 3, 0, 1, 1, 0, 1, 3, 3, 2, 0, 0, 2, 3, 0, 0, 2, 2, 1, 3, 3, 0, 1, 0, 1, 3, 1, 0, 0, 0, 0, 2, 2, 0, 1, 1, 1, 2, 3, 3, 1, 2, 0, 0, 3, 2, 3, 2, 1, 2] 
dagA20.txt 3_2x2.txt 0.21678321678321677 0.25 363.0 [2, 0, 0, 0, 0, 2, 0, 0, 0, 0, 0, 0, 0, 0, 0, 0, 0, 0, 2, 0, 0, 0, 0, 0, 0, 0, 0, 2, 2, 0, 0, 1, 0, 0, 0, 1, 0, 2, 0, 0, 0, 0, 0, 1, 0, 0, 0, 0, 1, 0] 
dagA20.txt 5_4_3_2x1.txt 0.4755244755244755 0.7 108.0 [1, 3, 0, 2, 2, 0, 2, 3, 3, 1, 0, 0, 1, 1, 0, 0, 1, 1, 2, 0, 3, 0, 2, 0, 2, 0, 2, 0, 0, 0, 0, 1, 1, 0, 2, 2, 2, 1, 3, 3, 2, 1, 0, 0, 3, 1, 3, 1, 2, 1] 
dagA20.txt 5_4_3_2x1.txt 0.4755244755244755 0.9 108.0 [1, 3, 0, 2, 2, 0, 2, 3, 3, 1, 0, 0, 1, 1, 0, 0, 1, 1, 2, 0, 3, 0, 2, 0, 2, 0, 2, 0, 0, 0, 0, 1, 1, 0, 2, 2, 2, 1, 3, 3, 2, 1, 0, 0, 3, 1, 3, 1, 2, 1] 
dagA20.txt 5_4_3_2x1.txt 0.4755244755244755 1 108.0 [1, 3, 0, 2, 2, 0, 2, 3, 3, 1, 0, 0, 1, 1, 0, 0, 1, 1, 2, 0, 3, 0, 2, 0, 2, 0, 2, 0, 0, 0, 0, 1, 1, 0, 2, 2, 2, 1, 3, 3, 2, 1, 0, 0, 3, 1, 3, 1, 2, 1] 
dagA20.txt 5_4_3_2x1.txt 0.4755244755244755 0.8 108.0 [1, 3, 0, 2, 2, 0, 2, 3, 3, 1, 0, 0, 1, 1, 0, 0, 1, 1, 2, 0, 3, 0, 2, 0, 2, 0, 2, 0, 0, 0, 0, 1, 1, 0, 2, 2, 2, 1, 3, 3, 2, 1, 0, 0, 3, 1, 3, 1, 2, 1] 
dagA20.txt 4_1x4.txt 0.34965034965034963 0.35 194.75 [2, 0, 0, 0, 0, 2, 0, 0, 0, 0, 0, 0, 0, 2, 0, 0, 2, 0, 2, 0, 0, 0, 0, 0, 0, 2, 0, 2, 2, 2, 0, 2, 0, 0, 2, 2, 0, 2, 2, 2, 0, 2, 2, 0, 0, 2, 2, 0, 2, 2] 
dagA20.txt 5_4_3_2x1.txt 0.0979020979020979 0.1 272.8 [0, 0, 0, 0, 0, 0, 0, 0, 0, 0, 0, 0, 0, 1, 0, 0, 0, 0, 0, 0, 0, 0, 0, 0, 0, 0, 0, 1, 0, 0, 0, 0, 0, 0, 0, 0, 0, 0, 0, 0, 0, 0, 0, 0, 0, 0, 0, 0, 0, 0] 
dagA20.txt 4_1x4.txt 0.44755244755244755 0.45 136.0 [2, 1, 0, 2, 6, 4, 2, 2, 0, 2, 0, 0, 2, 4, 0, 0, 2, 2, 2, 1, 2, 0, 6, 0, 2, 0, 6, 4, 4, 2, 4, 0, 2, 0, 2, 4, 6, 2, 0, 0, 6, 2, 0, 0, 6, 2, 0, 2, 0, 2] 
dagA20.txt 5_4_3_2x4.txt 0.09090909090909091 0.1 263.0 [0, 0, 0, 0, 0, 0, 0, 0, 0, 0, 0, 0, 0, 0, 0, 0, 0, 0, 0, 4, 0, 0, 12, 0, 0, 0, 0, 0, 8, 0, 1, 0, 0, 0, 0, 0, 0, 0, 0, 0, 5, 0, 0, 0, 0, 0, 0, 0, 0, 0] 
dagA20.txt 5_4_3_2x1.txt 0.18181818181818182 0.2 240.2 [2, 0, 0, 0, 0, 0, 0, 0, 0, 0, 0, 0, 0, 0, 0, 0, 1, 0, 0, 0, 0, 0, 0, 0, 0, 0, 0, 0, 2, 0, 0, 1, 0, 0, 0, 1, 0, 2, 0, 0, 0, 0, 0, 1, 0, 0, 0, 0, 1, 0] 
dagA20.txt 5_4_3_2x4.txt 0.2867132867132867 0.3 218.4 [0, 0, 0, 0, 12, 0, 0, 0, 0, 0, 0, 0, 1, 4, 0, 4, 0, 0, 4, 0, 0, 0, 5, 0, 13, 0, 0, 4, 8, 0, 0, 0, 0, 0, 0, 0, 0, 0, 0, 0, 9, 0, 0, 0, 4, 0, 0, 0, 0, 0] 
dagA20.txt 5_4_3_2x1.txt 0.2937062937062937 0.3 174.8 [2, 0, 0, 1, 1, 1, 0, 0, 0, 0, 0, 0, 1, 1, 0, 0, 0, 0, 1, 0, 0, 0, 1, 0, 1, 0, 1, 1, 2, 0, 0, 0, 1, 0, 0, 1, 1, 2, 0, 0, 1, 0, 0, 0, 0, 0, 0, 1, 1, 0] 
dagA20.txt 5_4_3_2x1.txt 0.3986013986013986 0.4 125.5 [0, 2, 1, 3, 3, 1, 0, 2, 2, 0, 1, 1, 0, 2, 1, 1, 0, 0, 3, 2, 2, 1, 3, 1, 3, 2, 3, 1, 1, 1, 1, 0, 0, 1, 0, 3, 3, 0, 1, 1, 3, 0, 1, 1, 2, 0, 2, 0, 3, 0] 
dagA20.txt 5_4_3_2x4.txt 0.3986013986013986 0.4 188.6 [0, 0, 0, 0, 0, 0, 0, 0, 0, 0, 0, 0, 0, 4, 0, 0, 0, 0, 4, 12, 0, 0, 5, 0, 0, 4, 0, 4, 1, 0, 0, 4, 4, 0, 4, 4, 0, 8, 0, 0, 9, 0, 0, 0, 0, 0, 0, 0, 0, 0] 
dagA20.txt 5_4_3_2x4.txt 0.4965034965034965 0.5 147.6 [12, 6, 0, 0, 1, 0, 0, 0, 4, 0, 0, 0, 0, 5, 0, 0, 12, 0, 13, 2, 0, 4, 10, 0, 0, 9, 0, 4, 8, 0, 0, 4, 0, 0, 1, 0, 0, 8, 0, 4, 1, 0, 0, 0, 0, 0, 4, 0, 14, 0] 
dagA20.txt 5_4_3_2x1.txt 0.44755244755244755 0.45 153.5 [1, 3, 0, 2, 2, 0, 2, 3, 3, 1, 0, 0, 1, 1, 0, 0, 1, 1, 2, 3, 3, 0, 2, 0, 2, 3, 2, 2, 0, 0, 0, 1, 1, 0, 2, 2, 2, 1, 3, 3, 2, 1, 0, 0, 3, 1, 3, 1, 2, 1] 
dagA20.txt 5_4_3_2x4.txt 0.5804195804195804 0.6 92.0 [0, 10, 4, 0, 12, 8, 0, 11, 5, 0, 8, 4, 0, 9, 4, 14, 0, 0, 1, 6, 7, 13, 12, 4, 0, 5, 12, 2, 8, 8, 4, 0, 0, 4, 0, 1, 0, 8, 9, 8, 12, 0, 4, 4, 3, 0, 13, 0, 1, 0] 
dagA20.txt 5_4_3_2x4.txt 0.15384615384615385 0.2 251.6 [0, 0, 0, 0, 12, 0, 0, 0, 0, 0, 0, 0, 0, 0, 0, 4, 0, 0, 0, 0, 0, 0, 1, 0, 0, 0, 13, 0, 8, 0, 0, 0, 0, 0, 0, 9, 0, 0, 0, 0, 5, 0, 0, 0, 4, 0, 0, 0, 0, 0] 
dagA20.txt 5_4_3_2x4.txt 0.7622377622377622 0.9 32.2 [6, 9, 5, 12, 1, 14, 3, 5, 8, 2, 12, 0, 7, 4, 5, 15, 4, 0, 12, 0, 10, 8, 1, 10, 1, 9, 3, 13, 14, 14, 0, 4, 8, 5, 2, 13, 12, 6, 11, 8, 1, 4, 5, 0, 10, 4, 8, 3, 13, 3] 
dagA20.txt 5_4_3_2x4.txt 0.7902097902097902 1 30.666666666666668 [0, 5, 6, 0, 9, 11, 15, 6, 0, 13, 12, 1, 7, 8, 5, 12, 7, 13, 14, 2, 6, 6, 9, 1, 0, 8, 9, 12, 4, 11, 2, 4, 10, 5, 8, 14, 15, 10, 2, 3, 9, 4, 6, 1, 12, 4, 3, 13, 14, 13] 
dagA20.txt 5_4_3_2x4.txt 0.6993006993006993 0.7 32.0 [2, 12, 0, 13, 6, 1, 8, 8, 10, 5, 4, 4, 13, 15, 0, 4, 4, 5, 1, 9, 8, 11, 6, 0, 13, 10, 5, 3, 1, 12, 9, 12, 14, 0, 8, 3, 14, 2, 9, 7, 6, 12, 0, 4, 8, 12, 7, 14, 11, 5] 
dagA20.txt 5_4_3_2x4.txt 0.14685314685314685 0.15 247.4 [0, 0, 0, 0, 0, 0, 0, 0, 0, 0, 0, 0, 0, 4, 0, 0, 0, 0, 0, 4, 0, 0, 12, 0, 0, 0, 0, 4, 8, 0, 0, 0, 0, 0, 0, 0, 0, 0, 0, 0, 1, 0, 0, 0, 0, 0, 0, 0, 0, 0] 
dagA20.txt 5_4_3_2x4.txt 0.7972027972027972 0.8 30.25 [8, 9, 2, 6, 4, 7, 0, 2, 14, 12, 1, 5, 0, 12, 9, 1, 8, 0, 6, 13, 2, 1, 11, 5, 15, 12, 11, 10, 0, 7, 13, 8, 4, 9, 8, 10, 15, 4, 13, 14, 15, 3, 2, 5, 1, 0, 14, 4, 10, 3] 
dagA20.txt 5_4_3_2x4.txt 0.3076923076923077 0.35 208.2 [0, 0, 0, 0, 0, 0, 0, 0, 0, 0, 0, 0, 0, 4, 0, 1, 0, 0, 4, 0, 0, 0, 5, 0, 0, 4, 0, 4, 12, 0, 0, 0, 0, 0, 0, 0, 0, 4, 0, 0, 13, 0, 0, 8, 9, 0, 0, 0, 0, 0] 
dagA20.txt 4_1x4.txt 0.5454545454545454 0.55 146.0 [4, 5, 0, 1, 6, 3, 6, 6, 2, 2, 4, 0, 1, 2, 0, 0, 7, 3, 4, 5, 6, 2, 6, 0, 1, 5, 3, 3, 4, 7, 0, 7, 4, 0, 6, 3, 1, 4, 0, 2, 6, 7, 0, 0, 6, 7, 2, 1, 2, 3] 
dagA20.txt 5_4_3_2x4.txt 0.44755244755244755 0.45 173.2 [1, 4, 0, 2, 5, 12, 0, 0, 0, 0, 0, 0, 0, 0, 4, 0, 1, 0, 13, 4, 0, 0, 6, 0, 5, 0, 3, 9, 8, 12, 4, 0, 0, 0, 0, 14, 0, 8, 12, 0, 10, 0, 0, 0, 0, 0, 0, 0, 0, 0] 
dagA20.txt 5_4_3_2x4.txt 0.5384615384615384 0.55 132.8 [6, 10, 0, 2, 4, 0, 0, 0, 8, 0, 0, 0, 4, 8, 0, 0, 0, 0, 1, 13, 0, 0, 4, 0, 4, 5, 0, 12, 0, 0, 14, 4, 4, 0, 4, 0, 0, 9, 12, 0, 4, 0, 0, 4, 0, 0, 0, 0, 0, 0] 
dagA20.txt 4_1x3.txt 0.5874125874125874 0.6 107.25 [0, 2, 0, 4, 2, 5, 4, 2, 2, 4, 0, 0, 3, 4, 0, 0, 3, 4, 2, 2, 2, 0, 2, 0, 1, 2, 1, 4, 0, 5, 0, 4, 2, 0, 4, 1, 3, 4, 0, 5, 1, 4, 0, 0, 5, 4, 2, 3, 1, 4] 
dagA20.txt 4_1x3.txt 0.5874125874125874 0.7 107.25 [0, 2, 0, 4, 2, 5, 4, 2, 2, 4, 0, 0, 3, 4, 0, 0, 3, 4, 2, 2, 2, 0, 2, 0, 1, 2, 1, 4, 0, 5, 0, 4, 2, 0, 4, 1, 3, 4, 0, 5, 1, 4, 0, 0, 5, 4, 2, 3, 1, 4] 
dagA20.txt 5_4_3_2x4.txt 0.6433566433566433 0.65 56.8 [1, 8, 0, 7, 5, 13, 2, 6, 8, 9, 0, 0, 12, 8, 0, 0, 0, 1, 3, 4, 2, 10, 5, 0, 15, 8, 11, 14, 13, 4, 0, 4, 12, 0, 6, 11, 12, 9, 0, 4, 5, 4, 4, 0, 2, 4, 10, 12, 4, 1] 
dagA20.txt 4_1x3.txt 0.5874125874125874 0.65 107.25 [0, 2, 0, 4, 2, 5, 4, 2, 2, 4, 0, 0, 3, 4, 0, 0, 3, 4, 2, 2, 2, 0, 2, 0, 1, 2, 1, 4, 0, 5, 0, 4, 2, 0, 4, 1, 3, 4, 0, 5, 1, 4, 0, 0, 5, 4, 2, 3, 1, 4] 
dagA20.txt 5_4_3_2x1.txt 0.13986013986013987 0.15 263.2 [0, 0, 0, 0, 0, 0, 0, 0, 0, 0, 0, 0, 0, 1, 0, 0, 0, 0, 1, 0, 0, 0, 0, 0, 0, 0, 0, 1, 0, 0, 0, 0, 0, 0, 0, 0, 0, 0, 0, 0, 0, 0, 0, 0, 0, 0, 0, 0, 0, 0] 
dagA20.txt 4_1x3.txt 0.5874125874125874 0.8 107.25 [0, 2, 0, 4, 2, 5, 4, 2, 2, 4, 0, 0, 3, 4, 0, 0, 3, 4, 2, 2, 2, 0, 2, 0, 1, 2, 1, 4, 0, 5, 0, 4, 2, 0, 4, 1, 3, 4, 0, 5, 1, 4, 0, 0, 5, 4, 2, 3, 1, 4] 
dagA20.txt 5_4_3_2x1.txt 0.21678321678321677 0.25 217.8 [1, 0, 0, 0, 0, 1, 0, 0, 0, 0, 0, 0, 0, 0, 0, 0, 0, 0, 1, 0, 0, 0, 0, 0, 0, 0, 0, 1, 1, 0, 0, 2, 0, 0, 0, 2, 0, 1, 0, 0, 0, 0, 0, 2, 0, 0, 0, 0, 2, 0] 
dagA20.txt 4_1x3.txt 0.5874125874125874 0.9 107.25 [0, 2, 0, 4, 2, 5, 4, 2, 2, 4, 0, 0, 3, 4, 0, 0, 3, 4, 2, 2, 2, 0, 2, 0, 1, 2, 1, 4, 0, 5, 0, 4, 2, 0, 4, 1, 3, 4, 0, 5, 1, 4, 0, 0, 5, 4, 2, 3, 1, 4] 
dagA20.txt 3_2x1.txt 0.27972027972027974 0.3 340.5 [0, 1, 1, 0, 0, 0, 1, 1, 1, 0, 1, 1, 1, 0, 1, 1, 1, 0, 0, 1, 1, 1, 0, 1, 0, 1, 0, 0, 0, 0, 1, 0, 0, 1, 0, 0, 0, 0, 1, 1, 0, 0, 1, 1, 1, 0, 1, 0, 1, 0] 
dagA20.txt 3_2x1.txt 0.32867132867132864 0.4 295.0 [0, 1, 1, 0, 0, 0, 1, 1, 1, 0, 1, 1, 1, 0, 1, 1, 1, 0, 0, 0, 1, 1, 0, 1, 0, 0, 0, 0, 0, 0, 1, 0, 0, 1, 0, 0, 0, 0, 1, 1, 0, 0, 1, 1, 1, 0, 1, 0, 1, 0] 
dagA20.txt 5_4_3_2x4.txt 0.23076923076923078 0.25 225.8 [0, 0, 0, 0, 0, 0, 0, 0, 1, 0, 0, 0, 0, 4, 0, 0, 0, 0, 4, 8, 0, 0, 5, 0, 0, 0, 0, 4, 12, 0, 0, 0, 0, 0, 0, 0, 0, 4, 0, 0, 0, 0, 0, 0, 0, 0, 0, 0, 0, 0] 
dagA20.txt 3_2x1.txt 0.32867132867132864 0.45 295.0 [0, 1, 1, 0, 0, 0, 1, 1, 1, 0, 1, 1, 1, 0, 1, 1, 1, 0, 0, 0, 1, 1, 0, 1, 0, 0, 0, 0, 0, 0, 1, 0, 0, 1, 0, 0, 0, 0, 1, 1, 0, 0, 1, 1, 1, 0, 1, 0, 1, 0] 
dagA20.txt 3_2x1.txt 0.32867132867132864 0.35 295.0 [0, 1, 1, 0, 0, 0, 1, 1, 1, 0, 1, 1, 1, 0, 1, 1, 1, 0, 0, 0, 1, 1, 0, 1, 0, 0, 0, 0, 0, 0, 1, 0, 0, 1, 0, 0, 0, 0, 1, 1, 0, 0, 1, 1, 1, 0, 1, 0, 1, 0] 
dagA20.txt 3_2x1.txt 0.32867132867132864 0.6 295.0 [0, 1, 1, 0, 0, 0, 1, 1, 1, 0, 1, 1, 1, 0, 1, 1, 1, 0, 0, 0, 1, 1, 0, 1, 0, 0, 0, 0, 0, 0, 1, 0, 0, 1, 0, 0, 0, 0, 1, 1, 0, 0, 1, 1, 1, 0, 1, 0, 1, 0] 
dagA20.txt 3_2x1.txt 0.32867132867132864 0.7 295.0 [0, 1, 1, 0, 0, 0, 1, 1, 1, 0, 1, 1, 1, 0, 1, 1, 1, 0, 0, 0, 1, 1, 0, 1, 0, 0, 0, 0, 0, 0, 1, 0, 0, 1, 0, 0, 0, 0, 1, 1, 0, 0, 1, 1, 1, 0, 1, 0, 1, 0] 
dagA20.txt 3_2x1.txt 0.32867132867132864 0.5 295.0 [0, 1, 1, 0, 0, 0, 1, 1, 1, 0, 1, 1, 1, 0, 1, 1, 1, 0, 0, 0, 1, 1, 0, 1, 0, 0, 0, 0, 0, 0, 1, 0, 0, 1, 0, 0, 0, 0, 1, 1, 0, 0, 1, 1, 1, 0, 1, 0, 1, 0] 
dagA20.txt 4_1x3.txt 0.5874125874125874 1 107.25 [0, 2, 0, 4, 2, 5, 4, 2, 2, 4, 0, 0, 3, 4, 0, 0, 3, 4, 2, 2, 2, 0, 2, 0, 1, 2, 1, 4, 0, 5, 0, 4, 2, 0, 4, 1, 3, 4, 0, 5, 1, 4, 0, 0, 5, 4, 2, 3, 1, 4] 
dagA20.txt 5_4_3_2x1.txt 0.32167832167832167 0.35 156.4 [1, 2, 0, 1, 0, 1, 0, 0, 2, 0, 0, 0, 2, 2, 0, 0, 0, 0, 1, 2, 0, 0, 0, 0, 1, 2, 0, 1, 1, 0, 0, 0, 1, 0, 0, 0, 1, 1, 2, 0, 0, 0, 0, 0, 0, 0, 2, 1, 0, 0] 
dagA20.txt 3_2x1.txt 0.32867132867132864 0.65 295.0 [0, 1, 1, 0, 0, 0, 1, 1, 1, 0, 1, 1, 1, 0, 1, 1, 1, 0, 0, 0, 1, 1, 0, 1, 0, 0, 0, 0, 0, 0, 1, 0, 0, 1, 0, 0, 0, 0, 1, 1, 0, 0, 1, 1, 1, 0, 1, 0, 1, 0] 
dagA20.txt 3_2x1.txt 0.32867132867132864 0.8 295.0 [0, 1, 1, 0, 0, 0, 1, 1, 1, 0, 1, 1, 1, 0, 1, 1, 1, 0, 0, 0, 1, 1, 0, 1, 0, 0, 0, 0, 0, 0, 1, 0, 0, 1, 0, 0, 0, 0, 1, 1, 0, 0, 1, 1, 1, 0, 1, 0, 1, 0] 
dagA20.txt 3_2x1.txt 0.32867132867132864 0.55 295.0 [0, 1, 1, 0, 0, 0, 1, 1, 1, 0, 1, 1, 1, 0, 1, 1, 1, 0, 0, 0, 1, 1, 0, 1, 0, 0, 0, 0, 0, 0, 1, 0, 0, 1, 0, 0, 0, 0, 1, 1, 0, 0, 1, 1, 1, 0, 1, 0, 1, 0] 
dagA20.txt 3_2x1.txt 0.32867132867132864 0.9 295.0 [0, 1, 1, 0, 0, 0, 1, 1, 1, 0, 1, 1, 1, 0, 1, 1, 1, 0, 0, 0, 1, 1, 0, 1, 0, 0, 0, 0, 0, 0, 1, 0, 0, 1, 0, 0, 0, 0, 1, 1, 0, 0, 1, 1, 1, 0, 1, 0, 1, 0] 
dagA20.txt 3_2x1.txt 0.32867132867132864 1 295.0 [0, 1, 1, 0, 0, 0, 1, 1, 1, 0, 1, 1, 1, 0, 1, 1, 1, 0, 0, 0, 1, 1, 0, 1, 0, 0, 0, 0, 0, 0, 1, 0, 0, 1, 0, 0, 0, 0, 1, 1, 0, 0, 1, 1, 1, 0, 1, 0, 1, 0] 
dagA20.txt 3_2x1.txt 0.17482517482517482 0.2 411.6666666666667 [0, 0, 0, 0, 0, 0, 0, 0, 0, 0, 0, 0, 0, 1, 0, 0, 0, 0, 1, 0, 0, 0, 0, 0, 0, 0, 0, 1, 1, 0, 0, 0, 0, 0, 0, 0, 0, 1, 0, 0, 0, 0, 0, 0, 0, 0, 0, 0, 0, 0] 
dagA20.txt 4_1x3.txt 0.055944055944055944 0.1 338.0 [0, 0, 0, 0, 0, 0, 0, 0, 0, 0, 0, 0, 0, 0, 0, 0, 0, 0, 0, 0, 0, 0, 4, 0, 0, 0, 0, 2, 0, 0, 0, 0, 0, 0, 0, 2, 0, 0, 0, 0, 4, 0, 0, 0, 0, 0, 0, 0, 0, 0] 
dagA20.txt 3_2x1.txt 0.03496503496503497 0.1 460.3333333333333 [0, 0, 0, 0, 0, 0, 0, 0, 0, 0, 0, 0, 0, 0, 0, 0, 0, 0, 0, 0, 0, 0, 0, 0, 0, 0, 0, 0, 1, 0, 0, 0, 0, 0, 0, 0, 0, 1, 0, 0, 0, 0, 0, 0, 0, 0, 0, 0, 0, 0] 
dagA20.txt 3_2x5.txt 0.0979020979020979 0.1 433.3333333333333 [0, 0, 0, 0, 0, 0, 0, 0, 0, 0, 0, 0, 0, 0, 0, 0, 0, 0, 0, 0, 0, 0, 6, 0, 0, 0, 0, 2, 4, 0, 0, 0, 0, 0, 0, 0, 0, 0, 8, 0, 1, 0, 0, 0, 0, 0, 0, 0, 0, 0] 
dagA20.txt 3_2x1.txt 0.23776223776223776 0.25 364.0 [0, 1, 1, 0, 0, 0, 0, 1, 1, 0, 1, 1, 0, 1, 1, 1, 1, 0, 0, 1, 1, 1, 0, 1, 0, 1, 0, 0, 0, 0, 1, 1, 0, 1, 0, 0, 0, 0, 1, 1, 0, 0, 1, 1, 1, 0, 1, 0, 1, 0] 
dagA20.txt 3_2x5.txt 0.38461538461538464 0.4 304.0 [5, 0, 0, 3, 2, 0, 0, 0, 0, 0, 0, 0, 0, 2, 0, 0, 0, 0, 4, 1, 0, 0, 2, 0, 2, 0, 0, 2, 0, 2, 0, 0, 6, 0, 0, 0, 2, 8, 0, 0, 7, 2, 0, 0, 0, 0, 0, 2, 0, 2] 
dagA20.txt 3_2x5.txt 0.1958041958041958 0.2 398.0 [0, 0, 0, 0, 0, 0, 0, 0, 0, 0, 0, 0, 0, 2, 0, 6, 0, 0, 0, 0, 0, 0, 0, 0, 0, 0, 0, 4, 2, 0, 0, 0, 0, 0, 0, 4, 0, 2, 0, 0, 1, 0, 0, 0, 8, 0, 0, 0, 0, 0] 
dagA20.txt 3_2x5.txt 0.2937062937062937 0.3 338.0 [2, 0, 0, 8, 4, 0, 2, 0, 0, 0, 0, 0, 0, 0, 0, 0, 0, 0, 4, 0, 0, 0, 1, 0, 8, 0, 0, 6, 0, 0, 0, 0, 2, 0, 0, 6, 2, 2, 0, 0, 5, 0, 0, 0, 0, 0, 0, 2, 3, 0] 
dagA20.txt 3_2x5.txt 0.4965034965034965 0.5 196.66666666666666 [2, 0, 0, 2, 2, 0, 0, 0, 4, 4, 6, 8, 3, 4, 0, 0, 8, 0, 2, 0, 7, 4, 2, 1, 2, 4, 0, 0, 6, 0, 0, 0, 2, 0, 0, 0, 2, 6, 0, 4, 9, 0, 0, 8, 5, 0, 4, 2, 2, 0] 
dagA20.txt 4_1x3.txt 0.18181818181818182 0.2 296.5 [0, 0, 0, 0, 2, 0, 0, 0, 0, 0, 0, 0, 0, 2, 0, 0, 0, 0, 0, 0, 0, 0, 2, 0, 2, 0, 0, 1, 4, 0, 0, 0, 0, 0, 0, 0, 0, 4, 0, 0, 2, 0, 0, 0, 0, 0, 0, 0, 0, 0] 
dagA20.txt 4_1x3.txt 0.3776223776223776 0.4 117.5 [2, 0, 0, 4, 1, 4, 2, 0, 4, 2, 4, 0, 2, 0, 0, 0, 2, 2, 4, 0, 4, 4, 1, 0, 1, 0, 1, 4, 4, 0, 0, 2, 2, 0, 2, 4, 2, 2, 0, 4, 1, 2, 0, 0, 4, 2, 4, 2, 4, 2] 
dagA20.txt 4_1x3.txt 0.4965034965034965 0.5 245.0 [1, 4, 2, 5, 5, 1, 0, 4, 4, 0, 3, 3, 4, 4, 2, 3, 3, 0, 1, 3, 5, 2, 5, 2, 5, 4, 2, 5, 1, 0, 3, 0, 1, 2, 0, 2, 5, 1, 4, 2, 5, 0, 2, 3, 3, 0, 2, 0, 2, 0] 
dagA20.txt 4_1x3.txt 0.27972027972027974 0.3 183.0 [2, 0, 0, 2, 4, 2, 0, 0, 0, 0, 2, 2, 0, 0, 0, 2, 2, 0, 2, 2, 0, 0, 4, 0, 4, 0, 0, 2, 2, 2, 2, 0, 2, 0, 0, 0, 2, 2, 2, 0, 4, 0, 0, 2, 2, 0, 0, 2, 0, 0] 
dagA20.txt 4_1x3.txt 0.5174825174825175 0.55 242.0 [3, 2, 0, 3, 1, 5, 4, 2, 2, 4, 5, 0, 3, 2, 0, 5, 3, 4, 1, 2, 2, 0, 1, 0, 1, 2, 1, 0, 5, 5, 0, 4, 3, 0, 4, 1, 3, 3, 0, 5, 1, 4, 0, 0, 5, 4, 5, 3, 1, 4] 
dagA20.txt 3_2x5.txt 0.44755244755244755 0.45 234.33333333333334 [2, 0, 0, 4, 4, 0, 0, 0, 0, 6, 2, 0, 2, 2, 0, 0, 2, 6, 4, 1, 0, 0, 3, 0, 4, 0, 6, 8, 2, 0, 0, 0, 2, 0, 6, 7, 2, 2, 0, 0, 4, 0, 0, 0, 0, 0, 0, 2, 0, 5] 
dagA20.txt 3_2x5.txt 0.23076923076923078 0.25 380.3333333333333 [0, 0, 0, 0, 0, 0, 0, 0, 0, 0, 0, 0, 0, 2, 0, 0, 0, 0, 2, 0, 0, 0, 6, 0, 0, 2, 0, 2, 4, 0, 0, 0, 0, 0, 0, 0, 0, 2, 0, 0, 8, 0, 0, 0, 0, 0, 0, 0, 0, 0] 
dagA20.txt 3_2x5.txt 0.1048951048951049 0.15 426.6666666666667 [0, 0, 0, 0, 0, 0, 0, 0, 0, 0, 0, 0, 0, 0, 0, 0, 0, 0, 0, 4, 0, 2, 8, 0, 0, 0, 0, 0, 6, 0, 0, 0, 0, 0, 0, 0, 0, 0, 0, 0, 1, 0, 0, 0, 0, 0, 2, 0, 0, 0] 
dagA20.txt 3_2x5.txt 0.6503496503496503 0.7 67.0 [2, 7, 4, 5, 1, 3, 0, 4, 8, 0, 8, 6, 0, 7, 4, 3, 9, 0, 6, 7, 4, 8, 1, 4, 1, 6, 5, 8, 2, 3, 6, 9, 2, 4, 0, 5, 2, 2, 6, 8, 1, 9, 4, 6, 3, 9, 8, 2, 5, 9] 
dagA20.txt 3_2x5.txt 0.6783216783216783 0.9 67.66666666666667 [2, 9, 0, 5, 8, 7, 6, 3, 3, 6, 4, 0, 1, 9, 0, 0, 1, 6, 8, 9, 3, 4, 8, 4, 8, 8, 5, 4, 7, 7, 0, 6, 2, 4, 6, 5, 2, 2, 0, 7, 8, 1, 4, 0, 3, 1, 7, 2, 5, 6] 
dagA20.txt 3_2x5.txt 0.5944055944055944 0.6 88.33333333333333 [4, 8, 0, 2, 2, 9, 4, 6, 6, 4, 0, 0, 2, 6, 0, 0, 0, 4, 8, 8, 6, 6, 2, 0, 2, 7, 4, 3, 1, 9, 5, 6, 2, 0, 4, 3, 2, 1, 5, 6, 2, 4, 0, 8, 0, 4, 6, 4, 6, 4] 
dagA20.txt 3_2x5.txt 0.32867132867132864 0.35 316.3333333333333 [0, 2, 0, 6, 4, 0, 0, 0, 0, 0, 0, 0, 2, 2, 0, 0, 0, 0, 4, 2, 0, 0, 1, 0, 6, 2, 3, 2, 8, 0, 0, 0, 0, 0, 0, 3, 0, 0, 0, 0, 5, 0, 0, 0, 0, 0, 0, 0, 0, 0] 
dagA20.txt 3_2x5.txt 0.6853146853146853 0.8 66.0 [3, 7, 0, 4, 8, 5, 1, 4, 9, 3, 2, 2, 1, 9, 0, 2, 2, 1, 8, 7, 4, 0, 8, 0, 8, 9, 5, 6, 5, 7, 2, 6, 8, 0, 4, 5, 1, 4, 7, 6, 8, 6, 0, 2, 4, 6, 0, 1, 6, 3] 
dagA20.txt 3_2x5.txt 0.5454545454545454 0.55 139.33333333333334 [5, 2, 0, 4, 4, 6, 2, 0, 0, 2, 0, 0, 2, 4, 0, 0, 1, 2, 6, 4, 0, 0, 7, 0, 4, 2, 0, 6, 8, 2, 0, 3, 2, 0, 4, 0, 2, 8, 2, 0, 4, 2, 0, 1, 9, 2, 0, 2, 0, 2] 
dagA20.txt 3_2x5.txt 0.7062937062937062 1 66.5 [5, 1, 4, 0, 0, 9, 8, 3, 3, 5, 6, 4, 1, 8, 4, 2, 7, 8, 9, 0, 0, 6, 1, 4, 0, 3, 0, 2, 9, 2, 9, 2, 8, 4, 8, 6, 0, 4, 2, 6, 0, 7, 7, 4, 2, 7, 6, 8, 6, 5] 
dagA20.txt 3_2x5.txt 0.6433566433566433 0.65 70.5 [7, 0, 1, 8, 2, 6, 3, 5, 5, 3, 4, 4, 8, 0, 1, 4, 4, 3, 7, 0, 5, 1, 2, 0, 8, 5, 2, 2, 6, 6, 4, 9, 8, 1, 2, 2, 8, 7, 0, 9, 2, 6, 1, 4, 5, 6, 9, 6, 9, 3] 
dagA20.txt 3_2x1.txt 0.13286713286713286 0.15 427.6666666666667 [0, 0, 0, 0, 0, 0, 0, 0, 0, 0, 0, 0, 0, 1, 0, 0, 0, 0, 0, 0, 0, 0, 0, 0, 0, 0, 0, 1, 1, 0, 0, 0, 0, 0, 0, 0, 0, 1, 0, 0, 0, 0, 0, 0, 0, 0, 0, 0, 0, 0] 
dagA20.txt 4_1x3.txt 0.11188811188811189 0.15 308.75 [0, 0, 0, 0, 2, 0, 0, 0, 0, 0, 0, 0, 0, 0, 0, 0, 0, 0, 0, 0, 0, 0, 2, 0, 2, 0, 0, 1, 4, 0, 0, 0, 0, 0, 0, 0, 0, 4, 0, 0, 2, 0, 0, 0, 0, 0, 0, 0, 0, 0] 
dagA20.txt 4_1x3.txt 0.24475524475524477 0.25 272.5 [0, 0, 0, 0, 2, 0, 0, 0, 0, 0, 0, 0, 0, 2, 0, 0, 0, 0, 2, 0, 0, 0, 2, 0, 2, 2, 0, 1, 4, 0, 0, 0, 0, 0, 0, 0, 0, 4, 0, 0, 2, 0, 0, 0, 0, 0, 0, 0, 0, 0] 
dagA20.txt 4_1x3.txt 0.43356643356643354 0.45 111.25 [1, 3, 2, 4, 4, 2, 4, 4, 0, 0, 2, 2, 0, 0, 2, 2, 2, 0, 4, 3, 4, 0, 4, 2, 4, 0, 5, 5, 2, 2, 2, 0, 4, 2, 4, 5, 4, 1, 2, 0, 4, 0, 2, 2, 4, 0, 0, 1, 0, 0] 
dagA20.txt 4_1x3.txt 0.34265734265734266 0.35 170.5 [2, 0, 0, 2, 4, 2, 0, 0, 0, 0, 2, 2, 0, 2, 0, 2, 2, 0, 2, 2, 0, 0, 4, 0, 4, 4, 0, 2, 2, 2, 2, 0, 2, 0, 0, 0, 2, 2, 2, 0, 4, 0, 0, 2, 2, 0, 0, 2, 0, 0] 
