dagG46.txt 3_2x4.txt 0.5487804878048781 0.6 123.0 [7, 7, 0, 0, 2, 7, 0, 0, 7, 2, 2, 2, 0, 0, 7, 2, 7, 0, 6, 7, 7, 3, 0, 7, 2, 0, 5, 3, 2, 3, 3, 0, 4, 2, 2, 4, 3, 5, 5, 3, 0, 5, 3, 6, 5, 6, 6, 6, 5, 2, 5, 3, 6, 4, 1, 4, 6, 5, 6, 6, 5, 6, 3, 1, 1, 4, 5, 1, 6, 4, 6, 1, 1, 1, 4, 4, 1, 3, 4, 4] 
dagG46.txt 3_2x4.txt 0.5487804878048781 0.7 123.0 [7, 7, 0, 0, 2, 7, 0, 0, 7, 2, 2, 2, 0, 0, 7, 2, 7, 0, 6, 7, 7, 3, 0, 7, 2, 0, 5, 3, 2, 3, 3, 0, 4, 2, 2, 4, 3, 5, 5, 3, 0, 5, 3, 6, 5, 6, 6, 6, 5, 2, 5, 3, 6, 4, 1, 4, 6, 5, 6, 6, 5, 6, 3, 1, 1, 4, 5, 1, 6, 4, 6, 1, 1, 1, 4, 4, 1, 3, 4, 4] 
dagG46.txt 3_2x4.txt 0.5487804878048781 0.9 123.0 [7, 7, 0, 0, 2, 7, 0, 0, 7, 2, 2, 2, 0, 0, 7, 2, 7, 0, 6, 7, 7, 3, 0, 7, 2, 0, 5, 3, 2, 3, 3, 0, 4, 2, 2, 4, 3, 5, 5, 3, 0, 5, 3, 6, 5, 6, 6, 6, 5, 2, 5, 3, 6, 4, 1, 4, 6, 5, 6, 6, 5, 6, 3, 1, 1, 4, 5, 1, 6, 4, 6, 1, 1, 1, 4, 4, 1, 3, 4, 4] 
dagG46.txt 3_2x4.txt 0.5487804878048781 0.65 123.0 [7, 7, 0, 0, 2, 7, 0, 0, 7, 2, 2, 2, 0, 0, 7, 2, 7, 0, 6, 7, 7, 3, 0, 7, 2, 0, 5, 3, 2, 3, 3, 0, 4, 2, 2, 4, 3, 5, 5, 3, 0, 5, 3, 6, 5, 6, 6, 6, 5, 2, 5, 3, 6, 4, 1, 4, 6, 5, 6, 6, 5, 6, 3, 1, 1, 4, 5, 1, 6, 4, 6, 1, 1, 1, 4, 4, 1, 3, 4, 4] 
dagG46.txt 3_2x4.txt 0.5487804878048781 0.8 123.0 [7, 7, 0, 0, 2, 7, 0, 0, 7, 2, 2, 2, 0, 0, 7, 2, 7, 0, 6, 7, 7, 3, 0, 7, 2, 0, 5, 3, 2, 3, 3, 0, 4, 2, 2, 4, 3, 5, 5, 3, 0, 5, 3, 6, 5, 6, 6, 6, 5, 2, 5, 3, 6, 4, 1, 4, 6, 5, 6, 6, 5, 6, 3, 1, 1, 4, 5, 1, 6, 4, 6, 1, 1, 1, 4, 4, 1, 3, 4, 4] 
dagG46.txt 3_2x4.txt 0.5487804878048781 1 123.0 [7, 7, 0, 0, 2, 7, 0, 0, 7, 2, 2, 2, 0, 0, 7, 2, 7, 0, 6, 7, 7, 3, 0, 7, 2, 0, 5, 3, 2, 3, 3, 0, 4, 2, 2, 4, 3, 5, 5, 3, 0, 5, 3, 6, 5, 6, 6, 6, 5, 2, 5, 3, 6, 4, 1, 4, 6, 5, 6, 6, 5, 6, 3, 1, 1, 4, 5, 1, 6, 4, 6, 1, 1, 1, 4, 4, 1, 3, 4, 4] 
dagG46.txt 3_2x4.txt 0.1951219512195122 0.2 493.0 [0, 0, 0, 0, 0, 0, 0, 0, 0, 0, 0, 0, 0, 0, 0, 0, 0, 0, 0, 0, 0, 0, 0, 0, 0, 0, 0, 0, 0, 0, 0, 0, 6, 0, 0, 2, 0, 4, 0, 0, 0, 0, 0, 0, 0, 0, 0, 4, 4, 4, 4, 2, 0, 2, 6, 2, 4, 4, 0, 1, 4, 0, 0, 6, 1, 1, 4, 0, 0, 2, 3, 6, 1, 1, 2, 2, 6, 0, 1, 3] 
dagG46.txt 5_4_3_2x2.txt 0.5934959349593496 0.6 87.6 [7, 7, 0, 5, 4, 7, 0, 0, 7, 4, 4, 4, 0, 4, 7, 4, 0, 0, 4, 0, 7, 6, 0, 7, 4, 0, 3, 6, 4, 6, 6, 1, 4, 4, 4, 1, 6, 3, 3, 6, 0, 3, 6, 5, 0, 5, 5, 5, 3, 0, 3, 6, 5, 1, 2, 1, 5, 0, 5, 5, 3, 5, 6, 2, 2, 1, 3, 2, 5, 1, 5, 2, 2, 2, 1, 1, 2, 6, 1, 1] 
dagG46.txt 3_2x4.txt 0.09349593495934959 0.1 660.6666666666666 [0, 0, 0, 0, 0, 0, 0, 0, 0, 0, 0, 0, 0, 0, 0, 0, 0, 0, 0, 0, 0, 0, 0, 0, 0, 0, 0, 0, 0, 0, 0, 0, 2, 0, 0, 0, 0, 0, 0, 0, 0, 0, 0, 0, 0, 0, 0, 0, 0, 0, 0, 0, 0, 0, 0, 4, 0, 0, 0, 0, 0, 0, 0, 2, 0, 1, 0, 0, 2, 6, 0, 0, 0, 0, 0, 6, 2, 0, 1, 4] 
dagG46.txt 5_4_3_2x2.txt 0.5934959349593496 0.65 87.6 [7, 7, 0, 5, 4, 7, 0, 0, 7, 4, 4, 4, 0, 4, 7, 4, 0, 0, 4, 0, 7, 6, 0, 7, 4, 0, 3, 6, 4, 6, 6, 1, 4, 4, 4, 1, 6, 3, 3, 6, 0, 3, 6, 5, 0, 5, 5, 5, 3, 0, 3, 6, 5, 1, 2, 1, 5, 0, 5, 5, 3, 5, 6, 2, 2, 1, 3, 2, 5, 1, 5, 2, 2, 2, 1, 1, 2, 6, 1, 1] 
dagG46.txt 3_2x4.txt 0.2967479674796748 0.3 278.3333333333333 [2, 2, 2, 2, 2, 2, 2, 2, 2, 2, 3, 3, 2, 2, 2, 2, 2, 2, 3, 2, 2, 2, 2, 2, 3, 2, 0, 2, 0, 0, 2, 2, 4, 6, 0, 0, 2, 0, 1, 2, 2, 0, 0, 0, 6, 0, 0, 0, 0, 1, 0, 0, 0, 0, 4, 0, 0, 1, 0, 4, 0, 0, 0, 6, 4, 4, 0, 0, 4, 0, 0, 4, 0, 4, 0, 0, 4, 0, 4, 0] 
dagG46.txt 5_4_3_2x2.txt 0.5934959349593496 0.7 87.6 [7, 7, 0, 5, 4, 7, 0, 0, 7, 4, 4, 4, 0, 4, 7, 4, 0, 0, 4, 0, 7, 6, 0, 7, 4, 0, 3, 6, 4, 6, 6, 1, 4, 4, 4, 1, 6, 3, 3, 6, 0, 3, 6, 5, 0, 5, 5, 5, 3, 0, 3, 6, 5, 1, 2, 1, 5, 0, 5, 5, 3, 5, 6, 2, 2, 1, 3, 2, 5, 1, 5, 2, 2, 2, 1, 1, 2, 6, 1, 1] 
dagG46.txt 5_4_3_2x2.txt 0.5934959349593496 0.9 87.6 [7, 7, 0, 5, 4, 7, 0, 0, 7, 4, 4, 4, 0, 4, 7, 4, 0, 0, 4, 0, 7, 6, 0, 7, 4, 0, 3, 6, 4, 6, 6, 1, 4, 4, 4, 1, 6, 3, 3, 6, 0, 3, 6, 5, 0, 5, 5, 5, 3, 0, 3, 6, 5, 1, 2, 1, 5, 0, 5, 5, 3, 5, 6, 2, 2, 1, 3, 2, 5, 1, 5, 2, 2, 2, 1, 1, 2, 6, 1, 1] 
dagG46.txt 5_4_3_2x2.txt 0.5934959349593496 0.8 87.6 [7, 7, 0, 5, 4, 7, 0, 0, 7, 4, 4, 4, 0, 4, 7, 4, 0, 0, 4, 0, 7, 6, 0, 7, 4, 0, 3, 6, 4, 6, 6, 1, 4, 4, 4, 1, 6, 3, 3, 6, 0, 3, 6, 5, 0, 5, 5, 5, 3, 0, 3, 6, 5, 1, 2, 1, 5, 0, 5, 5, 3, 5, 6, 2, 2, 1, 3, 2, 5, 1, 5, 2, 2, 2, 1, 1, 2, 6, 1, 1] 
dagG46.txt 5_4_3_2x2.txt 0.5934959349593496 1 87.6 [7, 7, 0, 5, 4, 7, 0, 0, 7, 4, 4, 4, 0, 4, 7, 4, 0, 0, 4, 0, 7, 6, 0, 7, 4, 0, 3, 6, 4, 6, 6, 1, 4, 4, 4, 1, 6, 3, 3, 6, 0, 3, 6, 5, 0, 5, 5, 5, 3, 0, 3, 6, 5, 1, 2, 1, 5, 0, 5, 5, 3, 5, 6, 2, 2, 1, 3, 2, 5, 1, 5, 2, 2, 2, 1, 1, 2, 6, 1, 1] 
dagG46.txt 3_2x4.txt 0.5 0.5 135.0 [6, 6, 6, 1, 5, 6, 6, 1, 6, 5, 5, 5, 6, 2, 1, 6, 1, 2, 5, 6, 1, 1, 6, 6, 5, 2, 2, 1, 0, 1, 5, 6, 2, 2, 7, 7, 2, 3, 2, 2, 2, 3, 0, 0, 2, 0, 0, 0, 0, 3, 3, 0, 0, 0, 4, 7, 0, 3, 3, 4, 3, 0, 4, 4, 4, 7, 3, 3, 4, 7, 3, 4, 4, 4, 0, 7, 4, 4, 7, 7] 
dagG46.txt 3_2x4.txt 0.3943089430894309 0.4 230.33333333333334 [4, 2, 2, 2, 2, 2, 2, 2, 2, 2, 5, 2, 2, 2, 2, 4, 2, 6, 5, 2, 2, 2, 2, 2, 5, 2, 6, 2, 0, 2, 2, 4, 4, 3, 0, 0, 2, 0, 6, 2, 6, 0, 1, 0, 6, 0, 0, 0, 0, 0, 0, 1, 0, 0, 0, 0, 0, 0, 0, 7, 0, 0, 1, 3, 1, 4, 0, 0, 7, 4, 0, 7, 1, 0, 0, 4, 3, 7, 4, 4] 
dagG46.txt 3_2x4.txt 0.5487804878048781 0.55 123.0 [7, 7, 0, 0, 2, 7, 0, 0, 7, 2, 2, 2, 0, 0, 7, 2, 7, 0, 6, 7, 7, 3, 0, 7, 2, 0, 5, 3, 2, 3, 3, 0, 4, 2, 2, 4, 3, 5, 5, 3, 0, 5, 3, 6, 5, 6, 6, 6, 5, 2, 5, 3, 6, 4, 1, 4, 6, 5, 6, 6, 5, 6, 3, 1, 1, 4, 5, 1, 6, 4, 6, 1, 1, 1, 4, 4, 1, 3, 4, 4] 
dagG46.txt 4_1x5.txt None 0.1 20000000000.0 None 
dagG46.txt 5_4_3_2x2.txt 0.09349593495934959 0.1 396.4 [0, 0, 0, 0, 0, 0, 0, 0, 0, 0, 0, 0, 0, 0, 0, 0, 0, 0, 0, 0, 0, 0, 0, 0, 0, 0, 0, 0, 0, 0, 0, 0, 4, 0, 0, 0, 0, 0, 0, 0, 0, 0, 0, 0, 0, 0, 0, 0, 0, 0, 0, 0, 0, 0, 0, 1, 0, 0, 0, 0, 0, 0, 0, 4, 0, 2, 0, 0, 4, 5, 0, 0, 0, 0, 0, 5, 4, 0, 2, 1] 
dagG46.txt 4_1x5.txt 0.1951219512195122 0.2 429.75 [0, 0, 0, 0, 0, 0, 0, 0, 0, 0, 0, 0, 0, 0, 0, 0, 0, 0, 2, 0, 0, 0, 0, 0, 0, 0, 0, 0, 0, 0, 0, 2, 8, 0, 0, 4, 0, 6, 0, 0, 0, 0, 0, 0, 0, 0, 0, 0, 6, 0, 0, 0, 0, 4, 3, 2, 0, 6, 0, 0, 0, 0, 0, 0, 0, 2, 0, 0, 2, 2, 0, 5, 0, 0, 4, 2, 0, 0, 2, 1] 
dagG46.txt 5_4_3_2x2.txt 0.1951219512195122 0.2 295.8 [0, 0, 0, 0, 0, 0, 0, 0, 0, 0, 0, 0, 0, 0, 0, 0, 0, 0, 0, 0, 0, 0, 0, 0, 0, 0, 0, 0, 0, 0, 0, 0, 5, 0, 0, 4, 0, 1, 0, 0, 0, 0, 0, 0, 0, 0, 0, 1, 1, 1, 1, 4, 0, 4, 5, 4, 1, 1, 0, 2, 1, 0, 0, 5, 2, 2, 1, 0, 0, 4, 6, 5, 2, 2, 4, 4, 5, 0, 2, 6] 
dagG46.txt 5_4_3_2x2.txt 0.2967479674796748 0.3 167.0 [4, 4, 4, 4, 4, 4, 4, 4, 4, 4, 6, 6, 4, 4, 4, 4, 4, 4, 6, 4, 4, 4, 4, 4, 6, 4, 0, 4, 0, 0, 4, 4, 1, 5, 0, 0, 4, 0, 2, 4, 4, 0, 0, 0, 5, 0, 0, 0, 0, 2, 0, 0, 0, 0, 1, 0, 0, 2, 0, 1, 0, 0, 0, 5, 1, 1, 0, 0, 1, 0, 0, 1, 0, 1, 0, 0, 1, 0, 1, 0] 
dagG46.txt 4_1x5.txt 0.2967479674796748 0.3 382.75 [0, 0, 0, 0, 0, 0, 0, 0, 0, 2, 0, 0, 0, 0, 0, 0, 0, 0, 2, 0, 0, 0, 0, 0, 0, 0, 0, 0, 0, 0, 0, 3, 8, 0, 0, 2, 0, 0, 0, 4, 0, 2, 6, 0, 0, 0, 0, 0, 0, 6, 0, 6, 2, 2, 1, 2, 0, 0, 0, 0, 0, 4, 4, 0, 0, 2, 0, 0, 4, 2, 0, 1, 7, 0, 5, 2, 0, 4, 2, 2] 
dagG46.txt 5_4_3_2x2.txt 0.4959349593495935 0.5 99.0 [5, 5, 5, 2, 3, 5, 5, 2, 5, 0, 3, 3, 5, 4, 2, 5, 2, 4, 0, 5, 2, 2, 5, 5, 3, 4, 4, 2, 0, 2, 3, 2, 4, 4, 7, 0, 4, 6, 4, 4, 4, 6, 0, 0, 4, 0, 0, 0, 0, 6, 6, 0, 0, 0, 1, 7, 0, 6, 6, 1, 6, 0, 1, 1, 1, 7, 6, 6, 1, 7, 6, 1, 1, 1, 0, 7, 1, 1, 7, 7] 
dagG46.txt 4_1x5.txt 0.14227642276422764 0.15 487.25 [0, 0, 0, 0, 0, 0, 0, 0, 0, 0, 0, 0, 0, 0, 0, 0, 0, 0, 0, 0, 0, 0, 0, 0, 0, 0, 0, 0, 0, 0, 0, 0, 2, 0, 0, 0, 0, 0, 0, 0, 0, 0, 0, 0, 0, 0, 0, 0, 6, 0, 0, 2, 0, 2, 0, 8, 0, 6, 0, 0, 9, 0, 0, 0, 0, 3, 0, 0, 0, 4, 0, 0, 0, 0, 5, 4, 0, 0, 7, 1] 
dagG46.txt 4_1x5.txt 0.24796747967479674 0.25 386.0 [0, 0, 0, 0, 0, 0, 0, 0, 0, 0, 0, 0, 0, 0, 0, 0, 0, 0, 0, 0, 0, 0, 0, 0, 0, 0, 2, 0, 0, 0, 0, 8, 2, 0, 4, 6, 0, 0, 5, 0, 2, 0, 0, 0, 2, 0, 0, 0, 6, 1, 0, 0, 0, 0, 4, 4, 0, 6, 0, 4, 0, 0, 2, 2, 2, 4, 0, 0, 0, 4, 0, 4, 2, 0, 0, 4, 2, 2, 7, 3] 
dagG46.txt 5_4_3_2x2.txt 0.5487804878048781 0.55 103.0 [7, 7, 0, 0, 4, 7, 0, 0, 7, 4, 4, 4, 0, 0, 7, 0, 6, 0, 4, 7, 7, 6, 0, 7, 4, 0, 3, 6, 4, 6, 6, 0, 2, 4, 4, 1, 6, 3, 3, 6, 0, 3, 6, 5, 0, 5, 5, 5, 3, 0, 3, 6, 5, 1, 2, 1, 5, 3, 5, 5, 3, 5, 6, 2, 2, 1, 3, 2, 5, 1, 5, 2, 2, 2, 1, 1, 2, 6, 1, 1] 
dagG46.txt 4_1x5.txt 0.5975609756097561 0.6 179.0 [0, 2, 2, 2, 9, 0, 2, 2, 0, 0, 9, 9, 2, 7, 2, 0, 8, 7, 0, 0, 2, 2, 2, 8, 9, 8, 7, 8, 4, 1, 0, 9, 0, 8, 1, 0, 8, 6, 7, 8, 8, 1, 4, 1, 7, 1, 4, 6, 6, 4, 6, 4, 1, 4, 3, 5, 6, 6, 1, 6, 6, 1, 8, 0, 3, 5, 6, 0, 0, 5, 4, 3, 3, 6, 4, 5, 3, 8, 5, 5] 
dagG46.txt 5_4_3_2x2.txt 0.3943089430894309 0.4 138.2 [1, 4, 4, 4, 4, 4, 4, 4, 4, 4, 3, 4, 4, 4, 4, 1, 4, 5, 3, 4, 4, 4, 4, 4, 3, 4, 5, 4, 0, 4, 4, 1, 1, 6, 0, 0, 4, 0, 5, 4, 5, 0, 2, 0, 5, 0, 0, 0, 0, 0, 0, 2, 0, 0, 0, 0, 0, 0, 0, 7, 0, 0, 2, 6, 2, 1, 0, 0, 7, 1, 0, 7, 2, 0, 0, 1, 6, 7, 1, 1] 
dagG46.txt 4_1x5.txt 0.6463414634146342 0.65 137.0 [0, 9, 9, 0, 6, 0, 1, 0, 0, 2, 6, 6, 9, 0, 9, 0, 8, 0, 6, 0, 9, 2, 9, 8, 6, 8, 2, 8, 6, 1, 0, 6, 2, 8, 1, 2, 8, 2, 3, 8, 8, 4, 1, 4, 2, 4, 4, 3, 2, 0, 2, 1, 4, 2, 5, 0, 4, 2, 4, 5, 3, 4, 8, 2, 2, 7, 2, 0, 4, 7, 4, 5, 5, 5, 3, 7, 0, 8, 7, 2] 
dagG46.txt 4_1x5.txt 0.6666666666666666 0.7 103.0 [0, 8, 0, 4, 8, 0, 8, 7, 0, 8, 8, 9, 8, 2, 8, 6, 8, 2, 8, 0, 0, 8, 7, 8, 4, 2, 5, 8, 9, 8, 0, 2, 6, 2, 9, 4, 2, 2, 6, 2, 2, 1, 9, 6, 2, 6, 4, 0, 1, 6, 3, 4, 1, 4, 5, 4, 3, 0, 6, 0, 3, 1, 2, 4, 0, 0, 3, 6, 6, 4, 6, 1, 2, 3, 6, 4, 5, 2, 3, 6] 
dagG46.txt 3_2x4.txt 0.24390243902439024 0.25 316.0 [2, 2, 2, 2, 2, 2, 2, 2, 2, 2, 1, 2, 2, 2, 2, 2, 2, 2, 1, 2, 2, 2, 2, 5, 2, 2, 0, 2, 0, 2, 2, 2, 4, 2, 2, 0, 2, 0, 0, 2, 5, 0, 0, 0, 0, 0, 0, 0, 0, 0, 0, 0, 0, 0, 4, 6, 0, 0, 0, 0, 0, 0, 0, 4, 0, 3, 0, 0, 0, 6, 0, 0, 0, 0, 0, 6, 4, 0, 3, 6] 
dagG46.txt 4_1x5.txt 0.6707317073170732 0.8 102.25 [0, 0, 0, 6, 7, 0, 6, 7, 6, 6, 6, 3, 0, 2, 6, 4, 6, 2, 8, 0, 6, 6, 0, 0, 0, 1, 9, 6, 3, 6, 0, 6, 8, 2, 3, 8, 1, 5, 9, 1, 1, 4, 3, 2, 0, 2, 2, 4, 8, 4, 4, 2, 2, 4, 5, 8, 4, 8, 2, 4, 4, 2, 4, 2, 4, 8, 4, 2, 8, 8, 9, 5, 4, 4, 2, 8, 4, 1, 8, 0] 
dagG46.txt 4_1x5.txt 0.6869918699186992 0.9 101.5 [4, 4, 0, 2, 9, 4, 0, 9, 0, 6, 4, 5, 4, 2, 0, 4, 0, 8, 8, 4, 0, 0, 4, 4, 5, 8, 8, 0, 3, 0, 5, 6, 8, 4, 2, 8, 8, 6, 8, 8, 8, 6, 0, 4, 8, 3, 0, 6, 1, 6, 6, 6, 3, 6, 2, 0, 3, 2, 2, 2, 6, 7, 8, 2, 0, 0, 6, 2, 4, 1, 0, 7, 7, 7, 6, 1, 2, 8, 7, 2] 
dagG46.txt 3_2x4.txt 0.14634146341463414 0.15 613.6666666666666 [0, 0, 0, 0, 0, 0, 0, 0, 0, 2, 0, 0, 0, 0, 0, 0, 0, 0, 2, 0, 0, 0, 0, 0, 0, 0, 0, 0, 0, 0, 0, 2, 2, 0, 0, 0, 0, 0, 0, 0, 0, 0, 0, 0, 0, 0, 0, 0, 0, 0, 0, 0, 0, 0, 0, 4, 0, 0, 0, 0, 0, 0, 0, 2, 0, 1, 0, 0, 2, 6, 0, 0, 0, 0, 0, 6, 2, 0, 1, 4] 
dagG46.txt 4_1x5.txt 0.6951219512195121 1 101.0 [2, 2, 2, 0, 1, 0, 2, 0, 2, 6, 0, 1, 2, 4, 0, 4, 0, 0, 8, 2, 0, 0, 2, 9, 1, 9, 6, 5, 1, 5, 2, 6, 8, 6, 0, 4, 9, 6, 4, 9, 9, 6, 5, 2, 4, 3, 4, 6, 6, 4, 6, 5, 2, 0, 8, 2, 6, 6, 3, 8, 6, 3, 4, 4, 8, 8, 6, 8, 8, 7, 4, 8, 2, 3, 7, 7, 8, 3, 8, 4] 
dagG46.txt 4_1x5.txt 0.34959349593495936 0.35 331.25 [0, 0, 0, 0, 0, 0, 0, 0, 0, 2, 2, 0, 0, 6, 4, 0, 4, 0, 2, 0, 0, 0, 0, 2, 4, 0, 2, 0, 0, 0, 0, 2, 6, 0, 0, 4, 0, 2, 0, 0, 2, 0, 0, 0, 0, 0, 0, 0, 2, 0, 2, 0, 0, 0, 6, 8, 2, 2, 0, 0, 0, 0, 1, 2, 0, 5, 2, 0, 2, 8, 0, 6, 7, 0, 0, 8, 0, 1, 9, 3] 
dagG46.txt 4_1x5.txt 0.3983739837398374 0.4 181.25 [0, 0, 0, 0, 6, 0, 0, 0, 0, 4, 6, 9, 0, 4, 0, 0, 0, 6, 6, 0, 0, 0, 0, 0, 6, 0, 6, 0, 4, 0, 0, 4, 4, 0, 6, 2, 0, 2, 7, 0, 6, 2, 4, 2, 1, 2, 2, 2, 2, 4, 2, 4, 2, 2, 2, 2, 2, 4, 2, 2, 4, 2, 4, 8, 4, 2, 5, 2, 4, 2, 2, 2, 4, 2, 2, 2, 3, 4, 2, 2] 
dagG46.txt 3_2x4.txt 0.33739837398373984 0.35 248.0 [2, 2, 2, 2, 2, 2, 2, 2, 2, 4, 3, 3, 2, 2, 2, 2, 2, 2, 4, 2, 2, 2, 2, 2, 3, 2, 0, 2, 0, 0, 2, 4, 4, 6, 0, 4, 2, 0, 1, 2, 2, 0, 0, 0, 6, 0, 0, 0, 0, 1, 0, 0, 0, 0, 4, 0, 0, 1, 0, 4, 0, 0, 0, 6, 4, 4, 0, 4, 4, 0, 0, 4, 0, 4, 0, 0, 4, 0, 4, 0] 
dagG46.txt 4_1x5.txt 0.4959349593495935 0.5 111.5 [6, 6, 2, 6, 2, 6, 2, 2, 2, 2, 7, 2, 2, 5, 6, 6, 6, 8, 7, 6, 6, 6, 2, 6, 2, 8, 8, 2, 0, 6, 2, 6, 9, 5, 6, 3, 2, 4, 8, 2, 8, 0, 0, 0, 8, 0, 0, 0, 3, 0, 4, 0, 0, 0, 9, 4, 0, 3, 0, 4, 0, 0, 4, 2, 1, 4, 4, 4, 4, 4, 0, 4, 1, 1, 0, 4, 1, 4, 4, 4] 
dagG46.txt 3_2x3.txt 0.491869918699187 0.5 163.66666666666666 [2, 2, 2, 4, 4, 2, 2, 4, 2, 4, 4, 4, 2, 2, 4, 2, 3, 4, 4, 2, 2, 3, 2, 3, 4, 3, 0, 3, 4, 3, 2, 0, 2, 4, 4, 0, 3, 0, 5, 3, 3, 1, 3, 1, 5, 1, 1, 1, 0, 5, 0, 3, 1, 1, 0, 5, 1, 0, 1, 0, 0, 1, 3, 4, 0, 5, 0, 2, 0, 5, 1, 0, 0, 0, 1, 5, 0, 3, 5, 5] 
dagG46.txt 3_2x3.txt 0.491869918699187 0.55 163.66666666666666 [2, 2, 2, 4, 4, 2, 2, 4, 2, 4, 4, 4, 2, 2, 4, 2, 3, 4, 4, 2, 2, 3, 2, 3, 4, 3, 0, 3, 4, 3, 2, 0, 2, 4, 4, 0, 3, 0, 5, 3, 3, 1, 3, 1, 5, 1, 1, 1, 0, 5, 0, 3, 1, 1, 0, 5, 1, 0, 1, 0, 0, 1, 3, 4, 0, 5, 0, 2, 0, 5, 1, 0, 0, 0, 1, 5, 0, 3, 5, 5] 
dagG46.txt 3_2x3.txt 0.491869918699187 0.6 163.66666666666666 [2, 2, 2, 4, 4, 2, 2, 4, 2, 4, 4, 4, 2, 2, 4, 2, 3, 4, 4, 2, 2, 3, 2, 3, 4, 3, 0, 3, 4, 3, 2, 0, 2, 4, 4, 0, 3, 0, 5, 3, 3, 1, 3, 1, 5, 1, 1, 1, 0, 5, 0, 3, 1, 1, 0, 5, 1, 0, 1, 0, 0, 1, 3, 4, 0, 5, 0, 2, 0, 5, 1, 0, 0, 0, 1, 5, 0, 3, 5, 5] 
dagG46.txt 3_2x4.txt 0.43902439024390244 0.45 171.0 [2, 2, 2, 4, 7, 2, 2, 2, 2, 2, 7, 7, 2, 2, 4, 2, 4, 6, 7, 2, 2, 4, 2, 2, 7, 6, 6, 4, 0, 4, 2, 4, 3, 6, 3, 4, 6, 5, 6, 6, 6, 0, 0, 0, 6, 0, 0, 0, 4, 0, 5, 5, 0, 5, 3, 1, 0, 4, 0, 0, 0, 0, 6, 3, 0, 1, 5, 0, 0, 1, 0, 0, 6, 0, 5, 1, 3, 6, 1, 1] 
dagG46.txt 3_2x3.txt 0.491869918699187 0.65 163.66666666666666 [2, 2, 2, 4, 4, 2, 2, 4, 2, 4, 4, 4, 2, 2, 4, 2, 3, 4, 4, 2, 2, 3, 2, 3, 4, 3, 0, 3, 4, 3, 2, 0, 2, 4, 4, 0, 3, 0, 5, 3, 3, 1, 3, 1, 5, 1, 1, 1, 0, 5, 0, 3, 1, 1, 0, 5, 1, 0, 1, 0, 0, 1, 3, 4, 0, 5, 0, 2, 0, 5, 1, 0, 0, 0, 1, 5, 0, 3, 5, 5] 
dagG46.txt 4_1x5.txt 0.44715447154471544 0.45 126.5 [2, 2, 2, 2, 1, 6, 2, 2, 2, 6, 3, 6, 2, 6, 2, 2, 2, 6, 1, 2, 2, 2, 6, 6, 6, 6, 3, 2, 4, 2, 6, 1, 6, 7, 6, 4, 6, 0, 6, 6, 6, 0, 4, 0, 6, 0, 4, 0, 0, 4, 0, 4, 0, 4, 0, 4, 0, 0, 0, 0, 0, 0, 9, 8, 5, 4, 0, 0, 0, 4, 4, 0, 5, 0, 4, 4, 8, 9, 4, 4] 
dagG46.txt 5_4_3_2x2.txt 0.14634146341463414 0.15 368.2 [0, 0, 0, 0, 0, 0, 0, 0, 0, 4, 0, 0, 0, 0, 0, 0, 0, 0, 4, 0, 0, 0, 0, 0, 0, 0, 0, 0, 0, 0, 0, 4, 4, 0, 0, 0, 0, 0, 0, 0, 0, 0, 0, 0, 0, 0, 0, 0, 0, 0, 0, 0, 0, 0, 0, 1, 0, 0, 0, 0, 0, 0, 0, 4, 0, 2, 0, 0, 4, 5, 0, 0, 0, 0, 0, 5, 4, 0, 2, 1] 
dagG46.txt 3_2x3.txt 0.491869918699187 0.7 163.66666666666666 [2, 2, 2, 4, 4, 2, 2, 4, 2, 4, 4, 4, 2, 2, 4, 2, 3, 4, 4, 2, 2, 3, 2, 3, 4, 3, 0, 3, 4, 3, 2, 0, 2, 4, 4, 0, 3, 0, 5, 3, 3, 1, 3, 1, 5, 1, 1, 1, 0, 5, 0, 3, 1, 1, 0, 5, 1, 0, 1, 0, 0, 1, 3, 4, 0, 5, 0, 2, 0, 5, 1, 0, 0, 0, 1, 5, 0, 3, 5, 5] 
dagG46.txt 3_2x3.txt 0.491869918699187 0.9 163.66666666666666 [2, 2, 2, 4, 4, 2, 2, 4, 2, 4, 4, 4, 2, 2, 4, 2, 3, 4, 4, 2, 2, 3, 2, 3, 4, 3, 0, 3, 4, 3, 2, 0, 2, 4, 4, 0, 3, 0, 5, 3, 3, 1, 3, 1, 5, 1, 1, 1, 0, 5, 0, 3, 1, 1, 0, 5, 1, 0, 1, 0, 0, 1, 3, 4, 0, 5, 0, 2, 0, 5, 1, 0, 0, 0, 1, 5, 0, 3, 5, 5] 
dagG46.txt 3_2x3.txt 0.491869918699187 0.8 163.66666666666666 [2, 2, 2, 4, 4, 2, 2, 4, 2, 4, 4, 4, 2, 2, 4, 2, 3, 4, 4, 2, 2, 3, 2, 3, 4, 3, 0, 3, 4, 3, 2, 0, 2, 4, 4, 0, 3, 0, 5, 3, 3, 1, 3, 1, 5, 1, 1, 1, 0, 5, 0, 3, 1, 1, 0, 5, 1, 0, 1, 0, 0, 1, 3, 4, 0, 5, 0, 2, 0, 5, 1, 0, 0, 0, 1, 5, 0, 3, 5, 5] 
dagG46.txt 4_1x5.txt 0.5487804878048781 0.55 180.0 [2, 2, 2, 6, 3, 2, 6, 3, 6, 3, 7, 3, 2, 2, 6, 2, 6, 5, 0, 2, 6, 6, 2, 2, 7, 5, 5, 6, 8, 6, 7, 3, 0, 0, 7, 4, 7, 0, 5, 5, 5, 0, 8, 0, 5, 0, 8, 0, 0, 8, 0, 8, 0, 8, 9, 4, 0, 0, 0, 1, 0, 0, 1, 9, 1, 1, 4, 4, 0, 4, 8, 9, 1, 1, 8, 4, 9, 1, 1, 4] 
dagG46.txt 3_2x3.txt 0.491869918699187 1 163.66666666666666 [2, 2, 2, 4, 4, 2, 2, 4, 2, 4, 4, 4, 2, 2, 4, 2, 3, 4, 4, 2, 2, 3, 2, 3, 4, 3, 0, 3, 4, 3, 2, 0, 2, 4, 4, 0, 3, 0, 5, 3, 3, 1, 3, 1, 5, 1, 1, 1, 0, 5, 0, 3, 1, 1, 0, 5, 1, 0, 1, 0, 0, 1, 3, 4, 0, 5, 0, 2, 0, 5, 1, 0, 0, 0, 1, 5, 0, 3, 5, 5] 
dagG46.txt 5_4_3_2x2.txt 0.24390243902439024 0.25 189.6 [4, 4, 4, 4, 4, 4, 4, 4, 4, 4, 2, 4, 4, 4, 4, 4, 4, 4, 2, 4, 4, 4, 4, 3, 4, 4, 0, 4, 0, 4, 4, 4, 1, 4, 4, 0, 4, 0, 0, 4, 3, 0, 0, 0, 0, 0, 0, 0, 0, 0, 0, 0, 0, 0, 1, 5, 0, 0, 0, 0, 0, 0, 0, 1, 0, 6, 0, 0, 0, 5, 0, 0, 0, 0, 0, 5, 1, 0, 6, 5] 
dagG46.txt 5_4_3_2x2.txt 0.33739837398373984 0.35 148.8 [4, 4, 4, 4, 4, 4, 4, 4, 4, 1, 6, 6, 4, 4, 4, 4, 4, 4, 1, 4, 4, 4, 4, 4, 6, 4, 0, 4, 0, 0, 4, 1, 1, 5, 0, 1, 4, 0, 2, 4, 4, 0, 0, 0, 5, 0, 0, 0, 0, 2, 0, 0, 0, 0, 1, 0, 0, 2, 0, 1, 0, 0, 0, 5, 1, 1, 0, 1, 1, 0, 0, 1, 0, 1, 0, 0, 1, 0, 1, 0] 
dagG46.txt 3_2x3.txt 0.0975609756097561 0.1 652.3333333333334 [0, 0, 0, 0, 0, 0, 0, 0, 0, 0, 0, 0, 0, 0, 0, 0, 0, 0, 0, 0, 0, 0, 0, 0, 0, 0, 0, 0, 0, 0, 0, 0, 0, 0, 0, 0, 0, 0, 0, 0, 0, 0, 0, 0, 0, 0, 0, 0, 0, 0, 0, 0, 0, 0, 0, 2, 0, 0, 0, 4, 0, 0, 1, 3, 1, 4, 0, 0, 0, 2, 0, 0, 1, 0, 0, 4, 3, 1, 4, 2] 
dagG46.txt 5_4_3_2x5.txt None 0.1 20000000000.0 None 
dagG46.txt 5_4_3_2x5.txt 0.1951219512195122 0.2 343.0 [0, 0, 0, 0, 0, 0, 0, 0, 0, 0, 0, 0, 0, 0, 0, 0, 0, 0, 4, 0, 0, 0, 0, 0, 0, 0, 0, 0, 0, 0, 0, 4, 16, 0, 0, 0, 0, 0, 0, 0, 12, 0, 0, 0, 0, 0, 0, 0, 0, 0, 0, 0, 0, 0, 17, 5, 0, 0, 0, 4, 0, 0, 12, 8, 4, 1, 0, 0, 4, 13, 0, 2, 4, 4, 0, 0, 8, 12, 1, 9] 
dagG46.txt 5_4_3_2x2.txt 0.43902439024390244 0.45 102.6 [4, 4, 4, 1, 7, 4, 4, 4, 4, 4, 7, 7, 4, 4, 1, 4, 1, 5, 7, 4, 4, 1, 4, 4, 7, 5, 5, 1, 0, 1, 4, 1, 6, 5, 6, 1, 5, 3, 5, 5, 5, 0, 0, 0, 5, 0, 0, 0, 1, 0, 3, 3, 0, 3, 6, 2, 0, 1, 0, 0, 0, 0, 5, 6, 0, 2, 3, 0, 0, 2, 0, 0, 5, 0, 3, 2, 6, 5, 2, 2] 
dagG46.txt 5_4_3_2x5.txt 0.2764227642276423 0.3 301.8 [0, 0, 0, 0, 0, 0, 0, 0, 0, 4, 0, 0, 0, 4, 0, 4, 0, 0, 4, 0, 0, 0, 0, 0, 0, 0, 0, 0, 0, 0, 0, 12, 4, 4, 0, 4, 0, 0, 0, 0, 6, 0, 0, 0, 0, 0, 0, 0, 0, 0, 0, 8, 0, 8, 0, 0, 0, 0, 0, 0, 0, 0, 13, 4, 0, 16, 0, 4, 4, 1, 0, 0, 17, 0, 5, 9, 4, 2, 10, 0] 
dagG46.txt 3_2x3.txt 0.2967479674796748 0.3 259.6666666666667 [0, 0, 0, 0, 0, 0, 0, 0, 0, 0, 4, 4, 0, 4, 0, 0, 0, 4, 4, 0, 0, 0, 0, 0, 4, 4, 4, 0, 2, 0, 0, 0, 4, 4, 4, 1, 0, 4, 4, 0, 4, 2, 2, 2, 4, 2, 2, 2, 2, 2, 2, 2, 2, 2, 4, 1, 2, 2, 2, 2, 2, 2, 2, 4, 2, 1, 2, 2, 2, 1, 2, 2, 2, 2, 2, 1, 4, 2, 1, 1] 
dagG46.txt 5_4_3_2x5.txt 0.3902439024390244 0.4 171.4 [0, 0, 0, 0, 0, 0, 0, 0, 0, 4, 6, 0, 0, 8, 0, 0, 0, 0, 4, 0, 0, 0, 0, 0, 0, 8, 16, 0, 4, 0, 0, 13, 4, 2, 0, 4, 0, 16, 8, 0, 0, 0, 0, 4, 8, 4, 4, 4, 4, 10, 16, 0, 4, 4, 4, 14, 4, 9, 4, 4, 9, 4, 0, 12, 5, 3, 7, 17, 4, 1, 4, 4, 5, 4, 4, 1, 12, 4, 11, 18] 
dagG46.txt 5_4_3_2x5.txt 0.483739837398374 0.5 195.6 [0, 0, 4, 4, 0, 0, 16, 4, 0, 4, 4, 0, 0, 16, 0, 4, 0, 0, 4, 0, 0, 0, 0, 0, 4, 0, 0, 0, 0, 0, 0, 4, 5, 4, 0, 4, 0, 0, 0, 0, 0, 0, 0, 0, 4, 0, 0, 8, 0, 4, 8, 0, 13, 2, 1, 0, 8, 6, 0, 8, 8, 12, 0, 9, 8, 17, 8, 4, 12, 10, 0, 13, 3, 8, 14, 18, 1, 12, 17, 0] 
dagG46.txt 3_2x3.txt 0.17886178861788618 0.2 527.6666666666666 [0, 0, 0, 0, 0, 0, 0, 0, 0, 0, 0, 0, 0, 0, 0, 0, 0, 0, 0, 0, 0, 0, 0, 0, 0, 0, 0, 0, 0, 0, 0, 0, 4, 0, 0, 0, 0, 0, 0, 0, 0, 0, 0, 0, 0, 2, 0, 2, 0, 2, 0, 0, 0, 0, 4, 1, 2, 2, 0, 2, 2, 0, 3, 4, 2, 2, 1, 0, 3, 1, 2, 4, 3, 2, 0, 1, 4, 3, 2, 1] 
dagG46.txt 5_4_3_2x5.txt 0.7317073170731707 0.9 40.2 [5, 8, 8, 4, 1, 8, 15, 4, 19, 12, 1, 1, 8, 4, 4, 5, 9, 15, 10, 5, 4, 12, 8, 9, 1, 6, 2, 6, 10, 12, 19, 10, 8, 6, 12, 14, 6, 2, 11, 6, 9, 2, 12, 0, 13, 0, 17, 16, 16, 11, 2, 12, 17, 18, 7, 14, 16, 16, 0, 4, 16, 17, 9, 13, 0, 18, 2, 16, 17, 14, 0, 3, 3, 3, 13, 18, 7, 9, 18, 0] 
dagG46.txt 3_2x3.txt 0.3943089430894309 0.4 182.33333333333334 [2, 2, 2, 2, 3, 2, 2, 3, 2, 3, 3, 3, 2, 4, 2, 2, 2, 4, 3, 2, 2, 2, 2, 2, 3, 4, 4, 2, 0, 2, 2, 3, 1, 4, 5, 5, 4, 0, 4, 4, 4, 0, 0, 0, 4, 0, 0, 0, 0, 0, 0, 5, 0, 5, 1, 5, 0, 0, 0, 1, 0, 0, 4, 1, 1, 1, 0, 0, 4, 5, 0, 1, 1, 1, 5, 5, 1, 4, 1, 5] 
dagG46.txt 5_4_3_2x5.txt 0.6991869918699187 0.7 57.0 [9, 0, 0, 5, 13, 10, 16, 0, 9, 10, 13, 13, 0, 8, 5, 9, 16, 8, 15, 16, 9, 5, 0, 12, 13, 8, 19, 5, 17, 16, 10, 15, 4, 12, 6, 1, 8, 7, 19, 8, 12, 3, 17, 3, 19, 3, 17, 14, 7, 17, 14, 6, 3, 6, 7, 1, 14, 7, 3, 18, 14, 3, 12, 4, 18, 11, 14, 2, 2, 11, 2, 18, 18, 18, 6, 11, 4, 12, 11, 1] 
dagG46.txt 5_4_3_2x5.txt 0.7195121951219512 1 38.333333333333336 [13, 10, 17, 5, 11, 4, 9, 17, 11, 4, 2, 2, 17, 9, 5, 13, 12, 4, 10, 13, 5, 5, 17, 12, 2, 4, 18, 12, 11, 9, 16, 10, 12, 12, 2, 8, 4, 8, 6, 4, 4, 0, 7, 0, 18, 0, 16, 6, 8, 6, 1, 9, 0, 16, 3, 1, 0, 8, 0, 14, 6, 0, 7, 18, 14, 0, 1, 19, 8, 15, 16, 14, 14, 14, 16, 15, 3, 7, 15, 1] 
dagG46.txt 5_4_3_2x5.txt 0.7276422764227642 0.8 38.333333333333336 [17, 8, 3, 10, 9, 8, 8, 0, 3, 0, 9, 9, 8, 14, 10, 17, 11, 5, 13, 17, 3, 10, 8, 11, 9, 5, 14, 13, 16, 10, 7, 13, 18, 16, 7, 2, 5, 2, 5, 5, 5, 4, 16, 4, 14, 4, 16, 16, 2, 4, 2, 19, 4, 8, 18, 1, 4, 18, 4, 6, 16, 4, 0, 12, 6, 12, 1, 0, 12, 1, 15, 6, 6, 6, 19, 1, 12, 0, 12, 15] 
dagG46.txt 5_4_3_2x5.txt 0.5975609756097561 0.6 69.8 [17, 13, 0, 8, 1, 0, 0, 3, 17, 4, 1, 1, 0, 16, 0, 13, 0, 16, 6, 0, 0, 0, 0, 0, 1, 16, 16, 0, 8, 0, 2, 4, 5, 18, 13, 12, 2, 12, 16, 16, 16, 12, 8, 8, 16, 8, 8, 8, 12, 8, 12, 12, 8, 12, 5, 9, 8, 12, 4, 4, 12, 8, 4, 4, 4, 14, 11, 10, 12, 9, 8, 5, 4, 4, 12, 9, 4, 4, 14, 7] 
dagG46.txt 4_1x1.txt 0.1951219512195122 0.2 939.0 [0, 0, 0, 0, 0, 0, 0, 0, 0, 0, 0, 0, 0, 0, 0, 0, 0, 0, 0, 0, 0, 0, 0, 0, 0, 0, 0, 0, 0, 0, 0, 0, 0, 0, 1, 0, 0, 1, 1, 0, 0, 1, 1, 1, 0, 1, 1, 1, 1, 0, 1, 1, 1, 1, 1, 1, 1, 1, 1, 1, 1, 1, 1, 0, 1, 1, 1, 0, 0, 1, 1, 1, 1, 1, 1, 1, 1, 1, 1, 1] 
dagG46.txt 4_1x1.txt 0.24796747967479674 0.25 939.0 [1, 1, 1, 1, 1, 1, 1, 1, 1, 0, 1, 1, 1, 0, 1, 0, 1, 1, 0, 1, 1, 1, 1, 1, 1, 1, 1, 1, 0, 1, 1, 0, 0, 1, 0, 0, 1, 0, 0, 0, 1, 0, 1, 1, 1, 0, 0, 0, 0, 0, 0, 1, 0, 0, 0, 0, 0, 0, 0, 0, 0, 0, 0, 0, 0, 0, 0, 0, 0, 0, 0, 0, 0, 0, 0, 0, 0, 0, 0, 0] 
dagG46.txt 4_1x1.txt 0.2682926829268293 0.3 473.75 [0, 0, 0, 0, 0, 0, 0, 0, 0, 0, 0, 0, 0, 0, 0, 0, 0, 0, 0, 0, 0, 0, 0, 0, 0, 0, 0, 0, 1, 0, 0, 0, 0, 0, 0, 0, 0, 0, 1, 0, 0, 1, 1, 0, 0, 1, 0, 0, 1, 0, 1, 0, 1, 0, 1, 0, 1, 0, 1, 0, 1, 1, 1, 0, 0, 0, 1, 0, 0, 0, 1, 1, 1, 1, 0, 1, 0, 1, 1, 0] 
dagG46.txt 4_1x1.txt 0.34146341463414637 0.35 472.25 [0, 1, 1, 0, 1, 1, 1, 0, 1, 0, 0, 1, 1, 0, 1, 0, 0, 0, 0, 0, 1, 1, 0, 1, 1, 1, 0, 1, 0, 1, 0, 0, 0, 0, 1, 0, 1, 0, 1, 1, 1, 0, 0, 0, 0, 0, 0, 0, 0, 0, 0, 0, 0, 0, 0, 0, 0, 0, 0, 0, 0, 0, 0, 0, 0, 0, 0, 0, 0, 0, 0, 0, 0, 0, 0, 0, 0, 0, 0, 0] 
dagG46.txt 4_1x1.txt 0.32926829268292684 0.4 468.5 [0, 1, 1, 0, 1, 1, 1, 0, 1, 0, 0, 1, 1, 0, 1, 0, 0, 0, 0, 0, 1, 0, 0, 1, 1, 1, 1, 1, 0, 0, 0, 0, 0, 0, 0, 0, 1, 0, 0, 1, 1, 0, 1, 0, 0, 0, 0, 0, 0, 0, 0, 1, 0, 0, 0, 0, 0, 0, 0, 0, 0, 0, 1, 0, 0, 0, 0, 0, 0, 0, 0, 0, 0, 0, 0, 0, 0, 0, 0, 0] 
dagG46.txt 4_1x1.txt 0.3821138211382114 0.45 473.0 [0, 1, 1, 0, 1, 1, 1, 0, 1, 0, 0, 1, 1, 0, 1, 0, 0, 0, 0, 0, 1, 0, 0, 1, 0, 1, 1, 1, 1, 0, 0, 0, 0, 0, 1, 0, 1, 0, 0, 1, 1, 0, 1, 1, 0, 0, 0, 0, 0, 0, 0, 0, 0, 0, 0, 0, 0, 0, 0, 0, 0, 0, 1, 0, 0, 0, 0, 0, 0, 0, 0, 0, 0, 0, 0, 0, 0, 0, 0, 0] 
dagG46.txt 4_1x1.txt 0.4105691056910569 0.5 469.0 [0, 1, 1, 0, 1, 1, 1, 0, 1, 0, 0, 1, 1, 0, 1, 0, 0, 0, 0, 0, 1, 0, 0, 1, 1, 1, 1, 1, 0, 1, 0, 0, 0, 0, 1, 0, 1, 0, 1, 1, 1, 1, 0, 0, 0, 0, 0, 0, 0, 0, 0, 0, 0, 0, 0, 0, 0, 0, 0, 0, 1, 0, 0, 0, 0, 0, 0, 0, 0, 0, 0, 0, 0, 0, 0, 0, 0, 0, 0, 0] 
dagG46.txt 4_1x1.txt 0.08943089430894309 0.1 519.0 [0, 0, 0, 0, 0, 0, 0, 0, 0, 0, 0, 0, 0, 0, 0, 0, 0, 0, 1, 0, 0, 0, 0, 0, 0, 0, 0, 0, 0, 0, 0, 1, 1, 0, 0, 0, 0, 0, 0, 0, 0, 0, 0, 0, 0, 0, 0, 0, 0, 0, 0, 0, 0, 0, 0, 0, 0, 0, 0, 1, 0, 0, 0, 0, 0, 1, 0, 0, 1, 0, 0, 0, 0, 0, 0, 0, 0, 0, 1, 0] 
dagG46.txt 5_4_3_2x5.txt 0.23577235772357724 0.25 330.4 [0, 0, 0, 0, 0, 0, 0, 0, 0, 4, 0, 0, 0, 0, 0, 0, 0, 0, 4, 0, 0, 0, 0, 0, 0, 0, 0, 0, 0, 0, 0, 4, 16, 0, 0, 4, 0, 0, 0, 0, 0, 0, 0, 0, 0, 0, 0, 0, 0, 5, 0, 0, 0, 8, 13, 0, 0, 1, 0, 0, 1, 0, 0, 4, 12, 0, 0, 0, 4, 0, 17, 2, 12, 0, 8, 0, 4, 0, 0, 9] 
dagG46.txt 4_1x1.txt 0.25203252032520324 0.55 471.5 [0, 0, 0, 0, 0, 0, 0, 0, 0, 0, 0, 0, 0, 0, 0, 0, 0, 0, 0, 0, 0, 0, 0, 0, 0, 0, 0, 0, 1, 0, 0, 0, 0, 0, 0, 0, 0, 0, 0, 0, 0, 0, 1, 1, 0, 1, 0, 0, 1, 0, 1, 0, 1, 0, 1, 0, 1, 0, 1, 1, 0, 1, 1, 0, 0, 0, 1, 0, 0, 0, 1, 1, 1, 1, 0, 1, 0, 1, 1, 0] 
dagG46.txt 4_1x1.txt 0.14634146341463414 0.15 1171.0 [1, 1, 1, 1, 1, 1, 1, 1, 1, 1, 1, 1, 1, 1, 1, 1, 1, 1, 1, 1, 1, 1, 1, 1, 1, 1, 1, 1, 0, 1, 1, 1, 0, 1, 0, 0, 1, 0, 0, 1, 1, 1, 1, 0, 1, 0, 0, 0, 0, 0, 0, 1, 0, 0, 0, 0, 0, 0, 0, 0, 0, 0, 0, 0, 0, 0, 0, 0, 0, 0, 0, 0, 0, 0, 0, 0, 0, 0, 0, 0] 
dagG46.txt 5_4_3_2x5.txt None 0.15 20000000000.0 None 
dagG46.txt 4_1x1.txt 0.32926829268292684 0.6 468.5 [0, 1, 1, 0, 1, 1, 1, 0, 1, 0, 0, 1, 1, 0, 1, 0, 0, 0, 0, 0, 1, 0, 0, 1, 1, 1, 1, 1, 0, 0, 0, 0, 0, 0, 0, 0, 1, 0, 0, 1, 1, 0, 1, 0, 0, 0, 0, 0, 0, 0, 0, 1, 0, 0, 0, 0, 0, 0, 0, 0, 0, 0, 1, 0, 0, 0, 0, 0, 0, 0, 0, 0, 0, 0, 0, 0, 0, 0, 0, 0] 
dagG46.txt 4_1x1.txt 0.2886178861788618 0.7 472.0 [0, 0, 0, 0, 0, 0, 0, 0, 0, 0, 0, 0, 0, 0, 0, 0, 0, 0, 0, 0, 0, 0, 0, 0, 0, 0, 0, 0, 0, 0, 0, 0, 0, 0, 1, 0, 0, 0, 1, 0, 0, 1, 1, 1, 0, 1, 0, 0, 1, 0, 1, 0, 1, 0, 1, 0, 1, 0, 1, 0, 1, 1, 1, 0, 0, 0, 1, 0, 0, 0, 1, 1, 1, 1, 0, 1, 0, 1, 1, 0] 
dagG46.txt 4_1x1.txt 0.3699186991869919 0.9 470.75 [0, 1, 1, 0, 1, 1, 1, 0, 1, 0, 0, 1, 1, 0, 1, 0, 0, 0, 0, 0, 1, 0, 0, 1, 1, 1, 1, 1, 0, 1, 0, 0, 0, 0, 0, 0, 1, 0, 0, 1, 1, 0, 0, 1, 0, 0, 0, 0, 0, 0, 0, 1, 0, 0, 0, 0, 0, 0, 0, 0, 0, 0, 0, 0, 0, 0, 0, 0, 0, 0, 0, 0, 0, 0, 0, 0, 0, 0, 0, 0] 
dagG46.txt 5_4_3_2x5.txt 0.3333333333333333 0.35 247.4 [0, 0, 0, 4, 0, 0, 0, 4, 0, 4, 4, 0, 0, 4, 0, 4, 0, 0, 4, 0, 0, 0, 0, 0, 0, 0, 0, 0, 0, 0, 0, 4, 16, 4, 0, 4, 0, 0, 0, 0, 0, 0, 0, 0, 0, 0, 0, 0, 0, 4, 0, 0, 0, 4, 12, 5, 0, 0, 0, 4, 0, 0, 0, 1, 4, 4, 0, 4, 4, 17, 0, 12, 4, 4, 8, 8, 13, 0, 4, 9] 
dagG46.txt 4_1x1.txt 0.34552845528455284 0.8 471.5 [0, 1, 1, 0, 1, 1, 1, 0, 1, 0, 0, 1, 1, 0, 1, 0, 0, 0, 0, 0, 1, 1, 0, 1, 1, 1, 1, 1, 0, 0, 0, 0, 0, 0, 0, 0, 1, 0, 1, 1, 1, 1, 0, 0, 0, 0, 0, 0, 0, 0, 0, 0, 0, 0, 0, 0, 0, 0, 0, 0, 0, 0, 0, 0, 0, 0, 0, 0, 0, 0, 0, 0, 0, 0, 0, 0, 0, 0, 0, 0] 
dagG46.txt 4_1x1.txt 0.2886178861788618 1 472.0 [0, 0, 0, 0, 0, 0, 0, 0, 0, 0, 0, 0, 0, 0, 0, 0, 0, 0, 0, 0, 0, 0, 0, 0, 0, 0, 0, 0, 0, 0, 0, 0, 0, 0, 1, 0, 0, 0, 1, 0, 0, 1, 1, 1, 0, 1, 0, 0, 1, 0, 1, 0, 1, 0, 1, 0, 1, 0, 1, 0, 1, 1, 1, 0, 0, 0, 1, 0, 0, 0, 1, 1, 1, 1, 0, 1, 0, 1, 1, 0] 
dagG46.txt 4_1x1.txt 0.2845528455284553 0.65 474.0 [0, 0, 0, 0, 0, 0, 0, 0, 0, 0, 0, 0, 0, 0, 0, 0, 0, 0, 0, 0, 0, 0, 0, 0, 0, 0, 0, 0, 1, 0, 0, 0, 0, 0, 0, 0, 0, 0, 1, 0, 0, 1, 1, 1, 0, 1, 0, 0, 1, 0, 1, 0, 1, 0, 1, 0, 1, 0, 1, 0, 1, 1, 1, 0, 0, 0, 1, 0, 0, 0, 1, 1, 1, 1, 0, 1, 0, 1, 1, 0] 
dagG46.txt 5_4_3_2x5.txt 0.4349593495934959 0.45 146.0 [4, 4, 4, 2, 12, 4, 4, 10, 4, 4, 6, 12, 4, 4, 5, 4, 4, 4, 9, 4, 4, 5, 4, 4, 12, 4, 0, 4, 0, 0, 4, 4, 8, 4, 11, 13, 4, 0, 0, 4, 4, 0, 0, 0, 0, 0, 0, 0, 0, 0, 0, 0, 0, 16, 8, 14, 0, 0, 0, 0, 0, 0, 0, 17, 0, 7, 0, 8, 8, 1, 0, 8, 0, 0, 16, 1, 3, 0, 15, 18] 
dagG46.txt 5_4_3_2x5.txt 0.6422764227642277 0.65 45.2 [2, 4, 4, 9, 4, 5, 0, 4, 0, 4, 6, 4, 4, 16, 0, 19, 0, 16, 6, 2, 0, 0, 4, 5, 18, 16, 6, 0, 8, 0, 5, 7, 3, 15, 18, 9, 16, 14, 16, 16, 16, 14, 8, 12, 16, 12, 12, 8, 10, 8, 12, 8, 12, 8, 1, 9, 12, 10, 12, 1, 14, 12, 13, 5, 1, 17, 12, 11, 13, 17, 12, 1, 13, 1, 8, 17, 1, 13, 17, 9] 
dagG46.txt 5_4_3_2x3.txt 0.6585365853658537 0.7 61.5 [6, 8, 8, 8, 7, 4, 6, 8, 1, 8, 4, 7, 8, 1, 10, 6, 4, 4, 9, 6, 8, 10, 8, 4, 7, 4, 0, 1, 1, 10, 1, 10, 9, 4, 7, 4, 1, 0, 3, 1, 4, 2, 1, 5, 9, 2, 5, 5, 0, 0, 0, 10, 2, 5, 9, 0, 5, 0, 2, 3, 3, 5, 1, 9, 0, 11, 0, 2, 8, 11, 2, 3, 3, 3, 5, 11, 9, 1, 11, 0] 
dagG46.txt 5_4_3_2x5.txt 0.5487804878048781 0.55 91.0 [1, 1, 0, 0, 16, 0, 0, 0, 0, 6, 16, 16, 0, 18, 11, 1, 0, 13, 16, 1, 0, 7, 0, 1, 16, 9, 13, 0, 4, 0, 0, 0, 2, 9, 13, 14, 0, 17, 9, 0, 13, 4, 8, 4, 9, 4, 4, 4, 17, 8, 4, 8, 4, 8, 12, 5, 4, 17, 4, 12, 4, 4, 8, 10, 12, 12, 8, 3, 4, 5, 4, 12, 12, 12, 8, 5, 12, 8, 12, 5] 
dagG46.txt 5_4_3_2x3.txt 0.6463414634146342 0.8 62.25 [8, 8, 1, 7, 10, 8, 5, 7, 10, 1, 6, 10, 8, 5, 1, 8, 1, 5, 1, 8, 1, 1, 0, 8, 10, 5, 6, 5, 10, 1, 10, 8, 4, 5, 5, 9, 5, 0, 6, 5, 6, 11, 9, 4, 6, 9, 9, 4, 11, 9, 11, 0, 9, 0, 3, 0, 11, 0, 4, 2, 11, 4, 2, 8, 2, 2, 11, 4, 4, 0, 9, 3, 2, 2, 4, 0, 3, 4, 2, 9] 
dagG46.txt 5_4_3_2x3.txt 0.6219512195121951 0.9 62.0 [11, 4, 2, 2, 7, 4, 4, 2, 4, 8, 7, 7, 4, 0, 2, 11, 4, 0, 4, 11, 2, 3, 4, 4, 7, 0, 0, 3, 5, 3, 4, 8, 9, 0, 3, 8, 0, 10, 0, 0, 0, 10, 9, 5, 0, 5, 5, 5, 8, 1, 10, 9, 5, 9, 1, 8, 5, 8, 10, 6, 10, 5, 6, 1, 6, 9, 10, 1, 1, 8, 10, 6, 6, 5, 9, 9, 1, 6, 9, 8] 
dagG46.txt 5_4_3_2x3.txt 0.6626016260162602 1 61.25 [9, 3, 3, 11, 2, 9, 3, 11, 0, 9, 1, 2, 3, 0, 2, 9, 0, 4, 4, 9, 0, 2, 0, 3, 2, 4, 4, 0, 10, 2, 0, 8, 4, 4, 5, 1, 0, 1, 4, 0, 4, 6, 6, 10, 4, 10, 10, 8, 1, 5, 1, 6, 8, 6, 1, 5, 8, 1, 10, 8, 6, 8, 0, 8, 7, 5, 1, 9, 8, 5, 10, 8, 7, 8, 6, 5, 7, 0, 5, 5] 
dagG46.txt 5_4_3_2x3.txt 0.1991869918699187 0.2 356.0 [0, 0, 0, 0, 0, 0, 0, 4, 0, 4, 0, 0, 0, 0, 0, 0, 0, 0, 4, 0, 0, 0, 0, 0, 0, 0, 0, 0, 0, 0, 0, 4, 5, 0, 0, 0, 0, 0, 0, 0, 0, 0, 0, 0, 0, 0, 0, 0, 1, 0, 0, 0, 0, 0, 10, 2, 0, 1, 0, 0, 0, 0, 0, 0, 0, 9, 0, 0, 4, 8, 0, 3, 0, 0, 0, 8, 0, 0, 9, 6] 
dagG46.txt 5_4_3_2x3.txt None 0.1 20000000000.0 None 
dagG46.txt 5_4_3_2x3.txt 0.3943089430894309 0.4 219.8 [0, 8, 0, 4, 0, 0, 0, 4, 0, 4, 9, 0, 0, 8, 0, 8, 0, 0, 4, 0, 0, 0, 0, 0, 9, 0, 4, 0, 0, 0, 0, 4, 8, 4, 1, 4, 0, 4, 0, 0, 0, 0, 0, 0, 0, 0, 0, 4, 4, 4, 4, 0, 0, 0, 8, 0, 4, 6, 1, 4, 4, 0, 0, 5, 4, 10, 4, 1, 2, 0, 0, 8, 3, 4, 0, 0, 5, 2, 7, 0] 
dagG46.txt 5_4_3_2x3.txt 0.4878048780487805 0.5 91.4 [0, 0, 8, 8, 8, 0, 0, 8, 0, 3, 6, 8, 8, 9, 0, 0, 0, 9, 8, 0, 0, 0, 8, 0, 6, 9, 9, 0, 1, 0, 0, 8, 2, 7, 6, 5, 0, 2, 9, 0, 9, 2, 1, 4, 9, 4, 1, 4, 4, 1, 4, 1, 4, 5, 2, 5, 4, 4, 4, 4, 4, 4, 1, 10, 4, 5, 11, 4, 4, 5, 1, 2, 1, 4, 5, 5, 2, 1, 5, 1] 
dagG46.txt 5_4_3_2x3.txt 0.5975609756097561 0.6 90.0 [9, 8, 5, 7, 5, 8, 4, 5, 5, 5, 7, 5, 8, 4, 8, 9, 9, 4, 7, 9, 5, 4, 8, 8, 8, 4, 3, 4, 1, 9, 8, 7, 0, 10, 9, 2, 4, 3, 6, 4, 10, 2, 10, 0, 6, 0, 0, 1, 2, 6, 3, 10, 0, 2, 3, 11, 0, 1, 0, 1, 1, 0, 10, 6, 1, 11, 3, 2, 0, 11, 0, 1, 10, 1, 2, 11, 6, 10, 11, 11] 
dagG46.txt 3_2x3.txt 0.12195121951219512 0.15 619.6666666666666 [0, 0, 0, 0, 0, 0, 0, 0, 0, 0, 0, 0, 0, 0, 0, 0, 0, 0, 0, 0, 0, 0, 0, 0, 0, 0, 0, 0, 0, 0, 0, 0, 2, 0, 0, 0, 0, 0, 0, 0, 0, 0, 0, 0, 0, 0, 0, 0, 0, 0, 0, 0, 0, 0, 0, 2, 0, 0, 0, 4, 0, 0, 1, 3, 1, 4, 0, 0, 2, 2, 0, 0, 1, 0, 0, 4, 3, 1, 4, 2] 
dagG46.txt 5_4_3_2x3.txt 0.2926829268292683 0.3 281.0 [0, 0, 0, 4, 0, 0, 0, 0, 0, 4, 0, 0, 0, 4, 0, 4, 0, 0, 4, 0, 0, 0, 0, 0, 0, 0, 0, 0, 0, 0, 0, 4, 1, 4, 0, 4, 0, 0, 0, 0, 0, 0, 0, 0, 0, 0, 0, 0, 0, 8, 0, 0, 0, 0, 6, 4, 0, 0, 0, 0, 0, 0, 0, 5, 2, 4, 0, 4, 4, 4, 8, 10, 3, 0, 0, 4, 9, 0, 4, 8] 
dagG46.txt 5_4_3_2x3.txt 0.6463414634146342 0.65 64.0 [9, 1, 9, 8, 10, 8, 9, 1, 9, 10, 10, 10, 9, 1, 8, 8, 0, 0, 1, 8, 8, 0, 9, 0, 10, 0, 6, 0, 10, 11, 9, 1, 4, 0, 11, 8, 0, 3, 6, 0, 0, 2, 11, 5, 6, 5, 5, 5, 3, 6, 6, 0, 2, 5, 3, 8, 5, 4, 2, 4, 6, 2, 11, 4, 4, 4, 6, 2, 1, 7, 5, 3, 4, 4, 2, 7, 4, 11, 4, 7] 
dagG46.txt 3_2x3.txt 0.34552845528455284 0.35 229.0 [2, 2, 2, 2, 2, 2, 2, 2, 2, 2, 5, 2, 2, 4, 2, 2, 2, 4, 5, 2, 2, 0, 2, 2, 5, 4, 4, 2, 0, 0, 2, 2, 4, 4, 1, 1, 4, 1, 4, 4, 4, 0, 0, 0, 4, 0, 0, 0, 0, 0, 1, 0, 0, 0, 1, 1, 0, 0, 0, 0, 0, 0, 4, 3, 3, 1, 1, 0, 0, 1, 0, 0, 3, 0, 0, 1, 3, 4, 1, 1] 
dagG46.txt 5_4_3_2x3.txt 0.24390243902439024 0.25 304.6 [0, 0, 0, 0, 0, 0, 0, 0, 0, 4, 0, 0, 0, 4, 0, 4, 0, 0, 4, 0, 0, 0, 0, 0, 0, 0, 0, 0, 0, 0, 0, 4, 4, 4, 0, 4, 0, 0, 0, 0, 0, 0, 0, 0, 0, 0, 0, 0, 0, 0, 0, 0, 0, 0, 4, 5, 0, 0, 0, 0, 0, 0, 6, 4, 0, 8, 0, 4, 1, 2, 0, 0, 10, 0, 0, 8, 4, 3, 8, 9] 
dagG46.txt 3_2x3.txt 0.44715447154471544 0.45 182.5 [0, 3, 3, 3, 3, 0, 0, 3, 0, 3, 2, 3, 3, 2, 0, 0, 0, 2, 3, 0, 0, 0, 3, 0, 2, 2, 2, 0, 1, 0, 2, 3, 5, 2, 2, 0, 2, 4, 2, 2, 2, 4, 1, 4, 2, 4, 1, 4, 4, 2, 4, 1, 4, 1, 5, 1, 4, 4, 4, 5, 4, 4, 5, 5, 5, 5, 4, 4, 4, 1, 1, 5, 5, 5, 1, 1, 5, 5, 5, 1] 
dagG46.txt 5_4_3_2x3.txt 0.14634146341463414 0.15 373.6 [0, 0, 0, 0, 0, 0, 0, 0, 0, 0, 0, 0, 0, 0, 0, 0, 0, 0, 4, 0, 0, 0, 0, 0, 0, 0, 0, 0, 0, 0, 0, 0, 4, 0, 0, 0, 0, 0, 0, 0, 0, 0, 0, 0, 0, 0, 0, 0, 0, 0, 0, 0, 0, 0, 0, 9, 0, 0, 0, 0, 0, 0, 5, 4, 0, 8, 0, 0, 1, 6, 0, 0, 10, 0, 0, 8, 4, 5, 8, 2] 
dagG46.txt 5_4_3_2x3.txt 0.43902439024390244 0.45 152.2 [0, 0, 0, 4, 0, 0, 0, 4, 0, 4, 4, 0, 0, 4, 0, 4, 0, 0, 4, 0, 0, 0, 0, 0, 0, 0, 0, 0, 4, 0, 0, 4, 10, 4, 8, 1, 0, 9, 0, 0, 0, 4, 4, 4, 0, 4, 4, 4, 2, 4, 9, 4, 4, 4, 8, 1, 4, 2, 8, 5, 4, 5, 0, 8, 6, 3, 9, 8, 5, 1, 4, 8, 6, 5, 5, 1, 8, 11, 3, 7] 
dagG46.txt 5_4_3_2x3.txt 0.5487804878048781 0.55 82.2 [5, 0, 0, 0, 0, 0, 0, 0, 5, 10, 11, 5, 0, 9, 0, 8, 2, 9, 4, 0, 0, 0, 5, 2, 5, 9, 2, 0, 8, 0, 5, 4, 9, 9, 5, 6, 9, 6, 9, 9, 2, 8, 8, 8, 2, 8, 8, 8, 6, 8, 1, 1, 8, 1, 4, 1, 8, 6, 8, 4, 8, 8, 4, 4, 4, 7, 1, 3, 4, 1, 8, 4, 4, 4, 1, 1, 4, 4, 7, 1] 
dagG46.txt 4_1x4.txt 0.5934959349593496 0.6 162.75 [0, 7, 0, 0, 2, 7, 0, 0, 7, 2, 2, 2, 0, 0, 7, 0, 0, 0, 2, 0, 7, 0, 0, 7, 2, 0, 5, 3, 2, 3, 0, 2, 2, 2, 2, 4, 3, 2, 5, 3, 0, 5, 3, 6, 0, 6, 6, 6, 5, 0, 5, 2, 6, 4, 1, 4, 6, 0, 6, 6, 5, 6, 3, 2, 1, 4, 5, 2, 6, 4, 6, 1, 1, 1, 4, 4, 1, 3, 4, 4] 
dagG46.txt 5_4_3_2x3.txt 0.34552845528455284 0.35 253.6 [0, 0, 0, 4, 0, 0, 0, 4, 0, 4, 4, 0, 0, 9, 0, 4, 0, 0, 4, 0, 0, 0, 0, 0, 0, 0, 0, 0, 0, 0, 0, 4, 5, 4, 0, 4, 0, 8, 0, 0, 0, 0, 0, 0, 4, 0, 0, 0, 0, 4, 8, 4, 0, 4, 0, 2, 0, 0, 0, 0, 0, 0, 0, 4, 0, 10, 8, 4, 4, 1, 0, 0, 0, 0, 4, 1, 0, 0, 3, 6] 
dagG46.txt 4_1x4.txt 0.6707317073170732 0.9 123.25 [0, 7, 0, 4, 2, 6, 0, 4, 7, 2, 2, 2, 0, 2, 7, 4, 0, 0, 6, 0, 7, 0, 0, 7, 2, 0, 4, 3, 2, 3, 0, 2, 6, 2, 2, 4, 3, 2, 5, 3, 0, 5, 0, 6, 0, 6, 6, 6, 5, 6, 5, 2, 6, 4, 1, 4, 6, 0, 6, 6, 5, 6, 3, 2, 1, 4, 5, 2, 6, 4, 6, 1, 1, 1, 4, 4, 4, 3, 4, 4] 
dagG46.txt 4_1x4.txt 0.6707317073170732 0.7 123.25 [0, 7, 0, 4, 2, 6, 0, 4, 7, 2, 2, 2, 0, 2, 7, 4, 0, 0, 6, 0, 7, 0, 0, 7, 2, 0, 4, 3, 2, 3, 0, 2, 6, 2, 2, 4, 3, 2, 5, 3, 0, 5, 0, 6, 0, 6, 6, 6, 5, 6, 5, 2, 6, 4, 1, 4, 6, 0, 6, 6, 5, 6, 3, 2, 1, 4, 5, 2, 6, 4, 6, 1, 1, 1, 4, 4, 4, 3, 4, 4] 
dagG46.txt 4_1x4.txt 0.6463414634146342 0.65 136.0 [0, 7, 0, 4, 2, 7, 0, 0, 7, 2, 2, 2, 0, 2, 7, 4, 0, 0, 2, 0, 7, 0, 0, 7, 2, 0, 4, 3, 2, 3, 0, 2, 4, 2, 2, 4, 3, 2, 5, 3, 0, 5, 0, 6, 0, 6, 6, 6, 5, 0, 5, 2, 6, 4, 1, 4, 6, 0, 6, 6, 5, 6, 3, 2, 1, 4, 5, 2, 6, 4, 6, 1, 1, 1, 4, 4, 4, 3, 4, 4] 
dagG46.txt 4_1x4.txt 0.6707317073170732 1 123.25 [0, 7, 0, 4, 2, 6, 0, 4, 7, 2, 2, 2, 0, 2, 7, 4, 0, 0, 6, 0, 7, 0, 0, 7, 2, 0, 4, 3, 2, 3, 0, 2, 6, 2, 2, 4, 3, 2, 5, 3, 0, 5, 0, 6, 0, 6, 6, 6, 5, 6, 5, 2, 6, 4, 1, 4, 6, 0, 6, 6, 5, 6, 3, 2, 1, 4, 5, 2, 6, 4, 6, 1, 1, 1, 4, 4, 4, 3, 4, 4] 
dagG46.txt 4_1x4.txt 0.6707317073170732 0.8 123.25 [0, 7, 0, 4, 2, 6, 0, 4, 7, 2, 2, 2, 0, 2, 7, 4, 0, 0, 6, 0, 7, 0, 0, 7, 2, 0, 4, 3, 2, 3, 0, 2, 6, 2, 2, 4, 3, 2, 5, 3, 0, 5, 0, 6, 0, 6, 6, 6, 5, 6, 5, 2, 6, 4, 1, 4, 6, 0, 6, 6, 5, 6, 3, 2, 1, 4, 5, 2, 6, 4, 6, 1, 1, 1, 4, 4, 4, 3, 4, 4] 
dagG46.txt 4_1x2.txt 0.3943089430894309 0.4 584.0 [3, 3, 3, 3, 1, 3, 1, 3, 3, 3, 1, 1, 3, 1, 3, 3, 1, 1, 3, 3, 3, 1, 3, 1, 1, 1, 1, 1, 2, 1, 3, 3, 0, 1, 1, 0, 3, 0, 1, 1, 1, 0, 2, 2, 1, 2, 2, 0, 0, 2, 0, 0, 2, 0, 0, 0, 2, 0, 2, 2, 0, 1, 2, 2, 2, 0, 0, 2, 2, 0, 2, 2, 2, 2, 0, 0, 2, 2, 0, 0] 
dagG46.txt 3_2x3.txt 0.24390243902439024 0.25 324.3333333333333 [2, 2, 2, 2, 2, 2, 2, 4, 2, 2, 4, 2, 2, 2, 2, 2, 2, 2, 4, 2, 2, 2, 2, 2, 2, 2, 2, 2, 0, 2, 2, 4, 4, 3, 2, 2, 2, 0, 2, 2, 2, 0, 0, 0, 2, 0, 0, 0, 0, 1, 0, 0, 0, 0, 0, 1, 0, 0, 0, 0, 0, 0, 0, 0, 0, 0, 0, 0, 0, 1, 1, 0, 0, 0, 0, 0, 0, 0, 0, 1] 
dagG46.txt 4_1x2.txt 0.4959349593495935 0.5 393.0 [3, 3, 3, 3, 1, 3, 1, 3, 3, 0, 0, 1, 3, 0, 3, 0, 0, 1, 0, 3, 3, 1, 3, 1, 1, 1, 1, 1, 2, 1, 3, 0, 0, 0, 1, 0, 3, 0, 1, 1, 1, 0, 2, 2, 0, 2, 2, 0, 0, 2, 0, 0, 2, 0, 0, 0, 2, 0, 2, 2, 0, 1, 2, 2, 2, 0, 0, 2, 2, 0, 2, 2, 2, 2, 0, 0, 2, 2, 0, 0] 
dagG46.txt 4_1x2.txt 0.44308943089430897 0.45 453.0 [3, 3, 3, 3, 1, 3, 1, 3, 3, 0, 0, 1, 3, 0, 3, 3, 1, 1, 0, 3, 3, 1, 3, 1, 1, 1, 1, 1, 2, 1, 3, 0, 0, 0, 1, 0, 3, 0, 1, 1, 1, 0, 2, 2, 1, 2, 2, 0, 0, 2, 0, 0, 2, 0, 0, 0, 2, 0, 2, 2, 0, 1, 2, 2, 2, 0, 0, 2, 2, 0, 2, 2, 2, 2, 0, 0, 2, 2, 0, 0] 
dagG46.txt 4_1x2.txt 0.5894308943089431 0.6 256.25 [3, 3, 3, 0, 1, 3, 2, 0, 3, 2, 0, 1, 3, 0, 3, 0, 0, 0, 2, 3, 3, 0, 0, 1, 0, 1, 1, 1, 2, 1, 2, 2, 2, 0, 1, 0, 3, 0, 1, 1, 1, 0, 2, 2, 0, 2, 2, 0, 0, 2, 0, 0, 2, 0, 0, 0, 2, 0, 2, 2, 0, 1, 2, 2, 2, 0, 0, 2, 2, 0, 2, 2, 2, 2, 0, 0, 2, 2, 0, 0] 
dagG46.txt 4_1x2.txt 0.5853658536585366 0.7 240.5 [3, 3, 3, 0, 1, 3, 2, 0, 3, 2, 0, 1, 3, 2, 3, 0, 0, 0, 2, 3, 3, 0, 0, 1, 0, 1, 0, 1, 2, 1, 2, 2, 2, 0, 1, 2, 3, 0, 1, 1, 1, 0, 2, 2, 0, 2, 2, 0, 0, 2, 0, 0, 2, 0, 0, 0, 2, 0, 2, 2, 0, 1, 2, 2, 2, 0, 0, 2, 2, 0, 2, 2, 2, 2, 0, 0, 2, 2, 0, 0] 
dagG46.txt 4_1x2.txt 0.5040650406504065 0.55 239.25 [2, 2, 2, 2, 2, 2, 2, 2, 2, 2, 2, 2, 2, 2, 2, 2, 0, 0, 2, 2, 2, 0, 2, 1, 0, 1, 3, 1, 2, 1, 0, 2, 2, 0, 1, 2, 1, 0, 3, 1, 1, 3, 1, 0, 0, 0, 0, 0, 0, 0, 3, 2, 0, 0, 3, 0, 0, 0, 3, 0, 3, 0, 1, 2, 2, 0, 3, 0, 2, 0, 3, 0, 3, 0, 0, 0, 0, 1, 0, 0] 
dagG46.txt 4_1x2.txt 0.5853658536585366 0.9 240.5 [3, 3, 3, 0, 1, 3, 2, 0, 3, 2, 0, 1, 3, 2, 3, 0, 0, 0, 2, 3, 3, 0, 0, 1, 0, 1, 0, 1, 2, 1, 2, 2, 2, 0, 1, 2, 3, 0, 1, 1, 1, 0, 2, 2, 0, 2, 2, 0, 0, 2, 0, 0, 2, 0, 0, 0, 2, 0, 2, 2, 0, 1, 2, 2, 2, 0, 0, 2, 2, 0, 2, 2, 2, 2, 0, 0, 2, 2, 0, 0] 
dagG46.txt 4_1x2.txt 0.5040650406504065 0.65 239.25 [2, 2, 2, 2, 2, 2, 2, 2, 2, 2, 2, 2, 2, 2, 2, 2, 0, 0, 2, 2, 2, 0, 2, 1, 0, 1, 3, 1, 2, 1, 0, 2, 2, 0, 1, 2, 1, 0, 3, 1, 1, 3, 1, 0, 0, 0, 0, 0, 0, 0, 3, 2, 0, 0, 3, 0, 0, 0, 3, 0, 3, 0, 1, 2, 2, 0, 3, 0, 2, 0, 3, 0, 3, 0, 0, 0, 0, 1, 0, 0] 
dagG46.txt 4_1x2.txt 0.5853658536585366 0.8 240.5 [3, 3, 3, 0, 1, 3, 2, 0, 3, 2, 0, 1, 3, 2, 3, 0, 0, 0, 2, 3, 3, 0, 0, 1, 0, 1, 0, 1, 2, 1, 2, 2, 2, 0, 1, 2, 3, 0, 1, 1, 1, 0, 2, 2, 0, 2, 2, 0, 0, 2, 0, 0, 2, 0, 0, 0, 2, 0, 2, 2, 0, 1, 2, 2, 2, 0, 0, 2, 2, 0, 2, 2, 2, 2, 0, 0, 2, 2, 0, 0] 
dagG46.txt 4_1x2.txt 0.5853658536585366 1 240.5 [3, 3, 3, 0, 1, 3, 2, 0, 3, 2, 0, 1, 3, 2, 3, 0, 0, 0, 2, 3, 3, 0, 0, 1, 0, 1, 0, 1, 2, 1, 2, 2, 2, 0, 1, 2, 3, 0, 1, 1, 1, 0, 2, 2, 0, 2, 2, 0, 0, 2, 0, 0, 2, 0, 0, 0, 2, 0, 2, 2, 0, 1, 2, 2, 2, 0, 0, 2, 2, 0, 2, 2, 2, 2, 0, 0, 2, 2, 0, 0] 
dagG46.txt 3_2x2.txt 0.3943089430894309 0.4 292.0 [3, 3, 3, 3, 1, 3, 1, 3, 3, 3, 1, 1, 3, 1, 3, 3, 1, 1, 3, 3, 3, 1, 3, 1, 1, 1, 1, 1, 2, 1, 3, 3, 0, 1, 1, 0, 3, 0, 1, 1, 1, 0, 2, 2, 1, 2, 2, 0, 0, 2, 0, 0, 2, 0, 0, 0, 2, 0, 2, 2, 0, 1, 2, 2, 2, 0, 0, 2, 2, 0, 2, 2, 2, 2, 0, 0, 2, 2, 0, 0] 
dagG46.txt 3_2x2.txt 0.43902439024390244 0.45 242.0 [3, 3, 3, 3, 1, 3, 1, 3, 3, 3, 2, 1, 3, 0, 3, 3, 1, 1, 2, 3, 3, 1, 3, 1, 1, 1, 1, 1, 2, 1, 3, 0, 2, 0, 1, 0, 3, 0, 1, 1, 1, 0, 2, 2, 1, 2, 2, 0, 0, 2, 0, 0, 2, 0, 0, 0, 2, 0, 2, 2, 0, 1, 2, 2, 2, 0, 0, 2, 2, 0, 2, 2, 2, 2, 0, 0, 2, 2, 0, 0] 
dagG46.txt 3_2x2.txt 0.43902439024390244 0.5 242.0 [3, 3, 3, 3, 1, 3, 1, 3, 3, 3, 2, 1, 3, 0, 3, 3, 1, 1, 2, 3, 3, 1, 3, 1, 1, 1, 1, 1, 2, 1, 3, 0, 2, 0, 1, 0, 3, 0, 1, 1, 1, 0, 2, 2, 1, 2, 2, 0, 0, 2, 0, 0, 2, 0, 0, 0, 2, 0, 2, 2, 0, 1, 2, 2, 2, 0, 0, 2, 2, 0, 2, 2, 2, 2, 0, 0, 2, 2, 0, 0] 
dagG46.txt 4_1x4.txt 0.09349593495934959 0.1 495.5 [0, 0, 0, 0, 0, 0, 0, 0, 0, 0, 0, 0, 0, 0, 0, 0, 0, 0, 0, 0, 0, 0, 0, 0, 0, 0, 0, 0, 0, 0, 0, 0, 2, 0, 0, 0, 0, 0, 0, 0, 0, 0, 0, 0, 0, 0, 0, 0, 0, 0, 0, 0, 0, 0, 0, 4, 0, 0, 0, 0, 0, 0, 0, 2, 0, 1, 0, 0, 2, 6, 0, 0, 0, 0, 0, 6, 2, 0, 1, 4] 
dagG46.txt 3_2x2.txt 0.43902439024390244 0.55 242.0 [3, 3, 3, 3, 1, 3, 1, 3, 3, 3, 2, 1, 3, 0, 3, 3, 1, 1, 2, 3, 3, 1, 3, 1, 1, 1, 1, 1, 2, 1, 3, 0, 2, 0, 1, 0, 3, 0, 1, 1, 1, 0, 2, 2, 1, 2, 2, 0, 0, 2, 0, 0, 2, 0, 0, 0, 2, 0, 2, 2, 0, 1, 2, 2, 2, 0, 0, 2, 2, 0, 2, 2, 2, 2, 0, 0, 2, 2, 0, 0] 
dagG46.txt 3_2x2.txt 0.43902439024390244 0.6 242.0 [3, 3, 3, 3, 1, 3, 1, 3, 3, 3, 2, 1, 3, 0, 3, 3, 1, 1, 2, 3, 3, 1, 3, 1, 1, 1, 1, 1, 2, 1, 3, 0, 2, 0, 1, 0, 3, 0, 1, 1, 1, 0, 2, 2, 1, 2, 2, 0, 0, 2, 0, 0, 2, 0, 0, 0, 2, 0, 2, 2, 0, 1, 2, 2, 2, 0, 0, 2, 2, 0, 2, 2, 2, 2, 0, 0, 2, 2, 0, 0] 
dagG46.txt 3_2x2.txt 0.43902439024390244 0.65 242.0 [3, 3, 3, 3, 1, 3, 1, 3, 3, 3, 2, 1, 3, 0, 3, 3, 1, 1, 2, 3, 3, 1, 3, 1, 1, 1, 1, 1, 2, 1, 3, 0, 2, 0, 1, 0, 3, 0, 1, 1, 1, 0, 2, 2, 1, 2, 2, 0, 0, 2, 0, 0, 2, 0, 0, 0, 2, 0, 2, 2, 0, 1, 2, 2, 2, 0, 0, 2, 2, 0, 2, 2, 2, 2, 0, 0, 2, 2, 0, 0] 
dagG46.txt 4_1x2.txt 0.0975609756097561 0.1 466.0 [0, 0, 0, 0, 0, 0, 0, 0, 0, 0, 0, 0, 0, 0, 0, 0, 0, 0, 0, 0, 0, 0, 0, 0, 0, 0, 0, 0, 0, 0, 0, 0, 2, 0, 0, 0, 0, 0, 0, 0, 0, 0, 0, 0, 0, 0, 0, 0, 0, 0, 0, 0, 0, 0, 2, 1, 0, 0, 0, 2, 0, 0, 0, 2, 2, 1, 0, 0, 2, 1, 0, 2, 0, 2, 0, 1, 2, 0, 1, 1] 
dagG46.txt 3_2x2.txt 0.43902439024390244 0.7 242.0 [3, 3, 3, 3, 1, 3, 1, 3, 3, 3, 2, 1, 3, 0, 3, 3, 1, 1, 2, 3, 3, 1, 3, 1, 1, 1, 1, 1, 2, 1, 3, 0, 2, 0, 1, 0, 3, 0, 1, 1, 1, 0, 2, 2, 1, 2, 2, 0, 0, 2, 0, 0, 2, 0, 0, 0, 2, 0, 2, 2, 0, 1, 2, 2, 2, 0, 0, 2, 2, 0, 2, 2, 2, 2, 0, 0, 2, 2, 0, 0] 
dagG46.txt 4_1x2.txt 0.2967479674796748 0.3 381.0 [0, 0, 0, 0, 0, 0, 0, 0, 0, 0, 0, 0, 0, 3, 0, 0, 0, 3, 0, 0, 0, 0, 0, 0, 0, 3, 3, 0, 1, 0, 0, 0, 2, 3, 2, 0, 3, 2, 3, 3, 3, 2, 1, 2, 3, 2, 1, 2, 2, 0, 2, 1, 2, 1, 2, 1, 2, 2, 2, 2, 2, 2, 3, 2, 2, 1, 2, 2, 2, 1, 1, 2, 3, 2, 1, 1, 2, 3, 1, 1] 
dagG46.txt 4_1x2.txt 0.17479674796747968 0.2 330.5 [0, 0, 0, 0, 0, 0, 0, 0, 0, 0, 0, 0, 0, 0, 0, 0, 0, 0, 0, 0, 0, 0, 0, 0, 0, 0, 0, 0, 0, 0, 0, 0, 2, 0, 0, 2, 0, 2, 0, 0, 0, 2, 0, 0, 0, 2, 2, 2, 2, 2, 2, 0, 2, 2, 0, 2, 2, 2, 2, 1, 2, 2, 0, 1, 1, 1, 2, 2, 2, 2, 2, 1, 1, 1, 2, 2, 1, 0, 1, 2] 
dagG46.txt 3_2x2.txt 0.43902439024390244 0.8 242.0 [3, 3, 3, 3, 1, 3, 1, 3, 3, 3, 2, 1, 3, 0, 3, 3, 1, 1, 2, 3, 3, 1, 3, 1, 1, 1, 1, 1, 2, 1, 3, 0, 2, 0, 1, 0, 3, 0, 1, 1, 1, 0, 2, 2, 1, 2, 2, 0, 0, 2, 0, 0, 2, 0, 0, 0, 2, 0, 2, 2, 0, 1, 2, 2, 2, 0, 0, 2, 2, 0, 2, 2, 2, 2, 0, 0, 2, 2, 0, 0] 
dagG46.txt 3_2x2.txt 0.43902439024390244 0.9 242.0 [3, 3, 3, 3, 1, 3, 1, 3, 3, 3, 2, 1, 3, 0, 3, 3, 1, 1, 2, 3, 3, 1, 3, 1, 1, 1, 1, 1, 2, 1, 3, 0, 2, 0, 1, 0, 3, 0, 1, 1, 1, 0, 2, 2, 1, 2, 2, 0, 0, 2, 0, 0, 2, 0, 0, 0, 2, 0, 2, 2, 0, 1, 2, 2, 2, 0, 0, 2, 2, 0, 2, 2, 2, 2, 0, 0, 2, 2, 0, 0] 
dagG46.txt 4_1x4.txt 0.2967479674796748 0.3 208.75 [2, 2, 2, 2, 2, 2, 2, 2, 2, 2, 3, 3, 2, 2, 2, 2, 2, 2, 3, 2, 2, 2, 2, 2, 3, 2, 0, 2, 0, 0, 2, 2, 4, 6, 0, 0, 2, 0, 1, 2, 2, 0, 0, 0, 6, 0, 0, 0, 0, 1, 0, 0, 0, 0, 4, 0, 0, 1, 0, 4, 0, 0, 0, 6, 4, 4, 0, 0, 4, 0, 0, 4, 0, 4, 0, 0, 4, 0, 4, 0] 
dagG46.txt 4_1x4.txt 0.5 0.5 270.0 [6, 6, 6, 1, 5, 6, 6, 1, 6, 5, 5, 5, 6, 2, 1, 6, 1, 2, 5, 6, 1, 1, 6, 6, 5, 2, 2, 1, 0, 1, 5, 6, 2, 2, 7, 7, 2, 3, 2, 2, 2, 3, 0, 0, 2, 0, 0, 0, 0, 3, 3, 0, 0, 0, 4, 7, 0, 3, 3, 4, 3, 0, 4, 4, 4, 7, 3, 3, 4, 7, 3, 4, 4, 4, 0, 7, 4, 4, 7, 7] 
dagG46.txt 3_2x2.txt 0.43902439024390244 1 242.0 [3, 3, 3, 3, 1, 3, 1, 3, 3, 3, 2, 1, 3, 0, 3, 3, 1, 1, 2, 3, 3, 1, 3, 1, 1, 1, 1, 1, 2, 1, 3, 0, 2, 0, 1, 0, 3, 0, 1, 1, 1, 0, 2, 2, 1, 2, 2, 0, 0, 2, 0, 0, 2, 0, 0, 0, 2, 0, 2, 2, 0, 1, 2, 2, 2, 0, 0, 2, 2, 0, 2, 2, 2, 2, 0, 0, 2, 2, 0, 0] 
dagG46.txt 3_2x2.txt 0.07317073170731707 0.1 688.0 [0, 0, 0, 0, 0, 0, 0, 0, 0, 0, 0, 0, 0, 0, 0, 0, 0, 0, 0, 0, 0, 0, 0, 0, 0, 0, 0, 0, 0, 0, 0, 0, 2, 0, 0, 0, 0, 0, 0, 0, 0, 0, 0, 0, 0, 0, 0, 0, 0, 0, 0, 0, 0, 0, 0, 0, 0, 0, 0, 2, 0, 0, 1, 0, 2, 2, 0, 0, 2, 0, 0, 0, 1, 2, 0, 0, 0, 1, 2, 0] 
dagG46.txt 4_1x4.txt 0.5487804878048781 0.55 241.0 [7, 7, 0, 0, 2, 7, 0, 0, 7, 2, 2, 2, 0, 0, 7, 0, 7, 0, 2, 7, 7, 3, 0, 7, 2, 0, 5, 3, 2, 3, 0, 0, 0, 2, 2, 4, 3, 5, 5, 3, 0, 5, 3, 6, 0, 6, 6, 6, 5, 0, 5, 3, 6, 4, 1, 4, 6, 5, 6, 6, 5, 6, 3, 1, 1, 4, 5, 1, 6, 4, 6, 1, 1, 1, 4, 4, 1, 3, 4, 4] 
dagG46.txt 4_1x2.txt 0.34959349593495936 0.35 587.0 [0, 0, 0, 0, 0, 0, 2, 0, 0, 0, 2, 2, 0, 2, 0, 0, 0, 2, 0, 0, 0, 3, 2, 0, 2, 2, 2, 0, 1, 3, 2, 0, 3, 2, 3, 3, 2, 3, 2, 2, 2, 3, 1, 1, 2, 1, 1, 1, 3, 1, 1, 3, 1, 3, 3, 3, 1, 3, 1, 1, 1, 1, 2, 2, 1, 3, 1, 1, 1, 3, 1, 1, 2, 1, 3, 3, 1, 2, 3, 3] 
dagG46.txt 4_1x4.txt 0.1951219512195122 0.2 369.75 [0, 0, 0, 0, 0, 0, 0, 0, 0, 0, 0, 0, 0, 0, 0, 0, 0, 0, 0, 0, 0, 0, 0, 0, 0, 0, 0, 0, 0, 0, 0, 0, 6, 0, 0, 2, 0, 4, 0, 0, 0, 0, 0, 0, 0, 0, 0, 4, 4, 4, 4, 2, 0, 2, 6, 2, 4, 4, 0, 1, 4, 0, 0, 6, 1, 1, 4, 0, 0, 2, 3, 6, 1, 1, 2, 2, 6, 0, 1, 3] 
dagG46.txt 3_2x2.txt 0.2886178861788618 0.3 283.0 [0, 0, 0, 0, 0, 0, 0, 0, 0, 0, 0, 0, 0, 3, 0, 0, 0, 3, 0, 0, 0, 0, 0, 0, 0, 3, 3, 0, 1, 0, 0, 0, 2, 3, 2, 1, 3, 2, 3, 3, 3, 2, 1, 2, 3, 2, 1, 2, 2, 1, 2, 1, 2, 1, 2, 1, 2, 2, 2, 2, 2, 2, 3, 3, 2, 1, 2, 2, 2, 1, 1, 2, 3, 2, 1, 1, 2, 3, 1, 1] 
dagG46.txt 3_2x2.txt 0.1910569105691057 0.2 476.6666666666667 [0, 0, 0, 0, 0, 0, 0, 0, 0, 0, 0, 0, 0, 0, 0, 0, 0, 0, 0, 0, 0, 0, 0, 0, 0, 0, 0, 0, 0, 0, 0, 0, 1, 0, 0, 1, 0, 1, 0, 0, 0, 0, 0, 0, 0, 0, 0, 2, 1, 2, 2, 1, 0, 1, 1, 2, 2, 1, 0, 2, 2, 0, 0, 1, 2, 2, 2, 0, 2, 2, 2, 1, 2, 2, 1, 2, 1, 0, 2, 2] 
dagG46.txt 4_1x4.txt 0.3943089430894309 0.4 172.75 [4, 2, 2, 2, 2, 2, 2, 2, 2, 2, 5, 2, 2, 2, 2, 4, 2, 6, 5, 2, 2, 2, 2, 2, 5, 2, 6, 2, 0, 2, 2, 4, 4, 3, 0, 0, 2, 0, 6, 2, 6, 0, 1, 0, 6, 0, 0, 0, 0, 0, 0, 1, 0, 0, 0, 0, 0, 0, 0, 7, 0, 0, 1, 3, 1, 4, 0, 0, 7, 4, 0, 7, 1, 0, 0, 4, 3, 7, 4, 4] 
dagG46.txt 4_1x2.txt 0.13414634146341464 0.15 442.75 [0, 0, 0, 0, 0, 0, 0, 0, 0, 0, 0, 0, 0, 0, 0, 0, 0, 0, 0, 0, 0, 0, 0, 0, 0, 0, 0, 0, 0, 0, 0, 0, 2, 0, 0, 0, 0, 0, 0, 0, 0, 0, 0, 0, 0, 1, 0, 0, 0, 0, 0, 0, 2, 0, 2, 0, 0, 0, 0, 2, 0, 0, 1, 2, 2, 2, 0, 0, 1, 2, 1, 2, 1, 2, 0, 2, 2, 1, 2, 1] 
dagG46.txt 4_1x2.txt 0.24796747967479674 0.25 248.75 [0, 0, 0, 0, 0, 0, 0, 0, 0, 0, 1, 0, 0, 0, 0, 0, 0, 0, 2, 0, 0, 0, 0, 0, 0, 0, 1, 0, 2, 0, 0, 2, 2, 0, 0, 2, 0, 1, 0, 0, 0, 0, 2, 2, 0, 2, 2, 2, 2, 2, 1, 2, 2, 2, 2, 3, 2, 2, 1, 2, 2, 2, 2, 2, 2, 3, 1, 1, 2, 3, 2, 2, 2, 2, 2, 3, 2, 2, 3, 3] 
dagG46.txt 5_4_3_2x1.txt 0.3943089430894309 0.4 289.5 [3, 3, 3, 3, 2, 3, 2, 3, 3, 3, 2, 2, 3, 2, 3, 3, 2, 2, 3, 3, 3, 2, 3, 2, 2, 2, 2, 2, 1, 2, 3, 3, 0, 2, 2, 0, 3, 0, 2, 2, 2, 0, 1, 1, 2, 1, 1, 0, 0, 1, 0, 0, 1, 0, 0, 0, 1, 0, 1, 1, 0, 2, 1, 1, 1, 0, 0, 1, 1, 0, 1, 1, 1, 1, 0, 0, 1, 1, 0, 0] 
dagG46.txt 3_2x2.txt 0.34959349593495936 0.35 293.5 [0, 0, 0, 0, 0, 0, 2, 0, 0, 0, 2, 2, 0, 2, 0, 0, 0, 2, 0, 0, 0, 3, 2, 0, 2, 2, 2, 0, 1, 3, 2, 0, 3, 2, 3, 3, 2, 3, 2, 2, 2, 3, 1, 1, 2, 1, 1, 1, 3, 1, 1, 3, 1, 3, 3, 3, 1, 3, 1, 1, 1, 1, 2, 2, 1, 3, 1, 1, 1, 3, 1, 1, 2, 1, 3, 3, 1, 2, 3, 3] 
dagG46.txt 5_4_3_2x1.txt 0.44308943089430897 0.45 196.5 [3, 3, 3, 3, 2, 3, 2, 3, 3, 0, 2, 2, 3, 2, 3, 0, 2, 2, 0, 3, 3, 2, 3, 2, 2, 2, 2, 2, 1, 2, 3, 0, 0, 2, 2, 0, 3, 0, 2, 2, 2, 0, 1, 1, 2, 1, 1, 0, 0, 1, 0, 0, 1, 0, 0, 0, 1, 0, 1, 1, 0, 2, 1, 1, 1, 0, 0, 1, 1, 0, 1, 1, 1, 1, 0, 0, 1, 1, 0, 0] 
dagG46.txt 5_4_3_2x1.txt 0.483739837398374 0.5 173.2 [3, 3, 3, 0, 2, 3, 2, 1, 3, 0, 2, 2, 3, 0, 3, 0, 2, 2, 0, 3, 3, 2, 3, 2, 2, 2, 2, 2, 1, 2, 3, 0, 0, 1, 2, 0, 3, 0, 2, 2, 2, 0, 1, 1, 2, 1, 1, 0, 0, 1, 0, 0, 1, 0, 0, 0, 1, 0, 1, 1, 0, 2, 1, 1, 1, 0, 0, 1, 1, 0, 1, 1, 1, 1, 0, 0, 1, 1, 0, 0] 
dagG46.txt 5_4_3_2x1.txt 0.483739837398374 0.6 173.2 [3, 3, 3, 0, 2, 3, 2, 1, 3, 0, 2, 2, 3, 0, 3, 0, 2, 2, 0, 3, 3, 2, 3, 2, 2, 2, 2, 2, 1, 2, 3, 0, 0, 1, 2, 0, 3, 0, 2, 2, 2, 0, 1, 1, 2, 1, 1, 0, 0, 1, 0, 0, 1, 0, 0, 0, 1, 0, 1, 1, 0, 2, 1, 1, 1, 0, 0, 1, 1, 0, 1, 1, 1, 1, 0, 0, 1, 1, 0, 0] 
dagG46.txt 5_4_3_2x1.txt 0.4146341463414634 0.7 172.4 [1, 1, 1, 1, 1, 1, 2, 1, 1, 1, 1, 1, 1, 1, 1, 1, 2, 2, 1, 1, 1, 2, 1, 2, 2, 2, 3, 2, 1, 2, 2, 0, 0, 2, 2, 0, 2, 3, 3, 2, 2, 3, 2, 0, 0, 0, 0, 0, 0, 0, 3, 2, 0, 0, 3, 0, 0, 3, 3, 0, 3, 0, 2, 0, 3, 0, 3, 0, 0, 0, 3, 0, 3, 0, 0, 0, 1, 2, 0, 0] 
dagG46.txt 5_4_3_2x1.txt 0.4146341463414634 0.55 172.4 [1, 1, 1, 1, 1, 1, 2, 1, 1, 1, 1, 1, 1, 1, 1, 1, 2, 2, 1, 1, 1, 2, 1, 2, 2, 2, 3, 2, 1, 2, 2, 0, 0, 2, 2, 0, 2, 3, 3, 2, 2, 3, 2, 0, 0, 0, 0, 0, 0, 0, 3, 2, 0, 0, 3, 0, 0, 3, 3, 0, 3, 0, 2, 0, 3, 0, 3, 0, 0, 0, 3, 0, 3, 0, 0, 0, 1, 2, 0, 0] 
dagG46.txt 5_4_3_2x1.txt 0.07317073170731707 0.1 412.8 [0, 0, 0, 0, 0, 0, 0, 0, 0, 0, 0, 0, 0, 0, 0, 0, 0, 0, 0, 0, 0, 0, 0, 0, 0, 0, 0, 0, 0, 0, 0, 0, 1, 0, 0, 0, 0, 0, 0, 0, 0, 0, 0, 0, 0, 0, 0, 0, 0, 0, 0, 0, 0, 0, 0, 0, 0, 0, 0, 1, 0, 0, 2, 0, 1, 1, 0, 0, 1, 0, 0, 0, 2, 1, 0, 0, 0, 2, 1, 0] 
dagG46.txt 5_4_3_2x1.txt 0.483739837398374 0.65 173.2 [3, 3, 3, 0, 2, 3, 2, 1, 3, 0, 2, 2, 3, 0, 3, 0, 2, 2, 0, 3, 3, 2, 3, 2, 2, 2, 2, 2, 1, 2, 3, 0, 0, 1, 2, 0, 3, 0, 2, 2, 2, 0, 1, 1, 2, 1, 1, 0, 0, 1, 0, 0, 1, 0, 0, 0, 1, 0, 1, 1, 0, 2, 1, 1, 1, 0, 0, 1, 1, 0, 1, 1, 1, 1, 0, 0, 1, 1, 0, 0] 
dagG46.txt 5_4_3_2x1.txt 0.483739837398374 0.8 173.2 [3, 3, 3, 0, 2, 3, 2, 1, 3, 0, 2, 2, 3, 0, 3, 0, 2, 2, 0, 3, 3, 2, 3, 2, 2, 2, 2, 2, 1, 2, 3, 0, 0, 1, 2, 0, 3, 0, 2, 2, 2, 0, 1, 1, 2, 1, 1, 0, 0, 1, 0, 0, 1, 0, 0, 0, 1, 0, 1, 1, 0, 2, 1, 1, 1, 0, 0, 1, 1, 0, 1, 1, 1, 1, 0, 0, 1, 1, 0, 0] 
dagG46.txt 5_4_3_2x1.txt 0.483739837398374 0.9 173.2 [3, 3, 3, 0, 2, 3, 2, 1, 3, 0, 2, 2, 3, 0, 3, 0, 2, 2, 0, 3, 3, 2, 3, 2, 2, 2, 2, 2, 1, 2, 3, 0, 0, 1, 2, 0, 3, 0, 2, 2, 2, 0, 1, 1, 2, 1, 1, 0, 0, 1, 0, 0, 1, 0, 0, 0, 1, 0, 1, 1, 0, 2, 1, 1, 1, 0, 0, 1, 1, 0, 1, 1, 1, 1, 0, 0, 1, 1, 0, 0] 
dagG46.txt 3_2x2.txt 0.14634146341463414 0.15 575.6666666666666 [0, 0, 0, 0, 0, 0, 0, 0, 0, 0, 0, 0, 0, 0, 0, 0, 0, 0, 2, 0, 0, 0, 0, 0, 0, 0, 0, 0, 0, 0, 0, 0, 2, 0, 0, 0, 0, 0, 0, 0, 0, 0, 0, 0, 0, 0, 0, 0, 0, 0, 0, 0, 1, 0, 2, 1, 0, 0, 0, 2, 0, 0, 2, 2, 2, 1, 0, 0, 2, 1, 0, 2, 2, 2, 0, 1, 2, 2, 1, 1] 
dagG46.txt 5_4_3_2x1.txt 0.17479674796747968 0.2 264.4 [0, 0, 0, 0, 0, 0, 0, 0, 0, 0, 0, 0, 0, 0, 0, 0, 0, 0, 0, 0, 0, 0, 0, 0, 0, 0, 0, 0, 0, 0, 0, 0, 1, 0, 0, 1, 0, 1, 0, 0, 0, 1, 0, 0, 0, 1, 1, 1, 1, 1, 1, 0, 1, 1, 0, 1, 1, 1, 1, 2, 1, 1, 0, 2, 2, 2, 1, 1, 1, 1, 1, 2, 2, 2, 1, 1, 2, 0, 2, 1] 
dagG46.txt 5_4_3_2x1.txt 0.483739837398374 1 173.2 [3, 3, 3, 0, 2, 3, 2, 1, 3, 0, 2, 2, 3, 0, 3, 0, 2, 2, 0, 3, 3, 2, 3, 2, 2, 2, 2, 2, 1, 2, 3, 0, 0, 1, 2, 0, 3, 0, 2, 2, 2, 0, 1, 1, 2, 1, 1, 0, 0, 1, 0, 0, 1, 0, 0, 0, 1, 0, 1, 1, 0, 2, 1, 1, 1, 0, 0, 1, 1, 0, 1, 1, 1, 1, 0, 0, 1, 1, 0, 0] 
dagG46.txt 4_1x4.txt 0.14634146341463414 0.15 460.25 [0, 0, 0, 0, 0, 0, 0, 0, 0, 2, 0, 0, 0, 0, 0, 0, 0, 0, 2, 0, 0, 0, 0, 0, 0, 0, 0, 0, 0, 0, 0, 2, 2, 0, 0, 0, 0, 0, 0, 0, 0, 0, 0, 0, 0, 0, 0, 0, 0, 0, 0, 0, 0, 0, 0, 4, 0, 0, 0, 0, 0, 0, 0, 2, 0, 1, 0, 0, 2, 6, 0, 0, 0, 0, 0, 6, 2, 0, 1, 4] 
dagG46.txt 5_4_3_2x1.txt 0.2926829268292683 0.3 179.0 [0, 0, 0, 0, 0, 0, 0, 0, 0, 0, 0, 0, 0, 3, 0, 0, 0, 3, 0, 0, 0, 0, 0, 0, 0, 3, 3, 0, 2, 0, 0, 0, 1, 3, 1, 2, 3, 1, 3, 3, 3, 1, 2, 1, 3, 1, 2, 1, 1, 2, 1, 2, 1, 2, 1, 2, 1, 1, 1, 1, 1, 1, 3, 0, 1, 2, 1, 1, 1, 2, 2, 1, 3, 1, 2, 2, 1, 3, 2, 2] 
dagG46.txt 5_4_3_2x4.txt 0.1991869918699187 0.2 355.6 [0, 0, 0, 0, 0, 0, 0, 0, 0, 4, 1, 0, 0, 0, 0, 0, 0, 0, 4, 0, 0, 0, 0, 0, 0, 0, 9, 0, 0, 0, 0, 4, 12, 0, 0, 0, 0, 8, 0, 0, 0, 0, 0, 0, 0, 0, 0, 0, 0, 0, 8, 0, 0, 0, 0, 0, 0, 0, 0, 0, 0, 0, 13, 4, 5, 0, 8, 0, 4, 0, 0, 0, 2, 0, 0, 0, 4, 6, 0, 0] 
dagG46.txt 5_4_3_2x4.txt 0.2967479674796748 0.3 288.2 [0, 0, 0, 4, 0, 0, 0, 4, 0, 4, 0, 0, 0, 4, 0, 4, 0, 0, 4, 0, 0, 0, 0, 0, 0, 0, 0, 0, 0, 0, 0, 4, 8, 4, 0, 4, 0, 0, 0, 0, 0, 0, 0, 0, 4, 0, 0, 0, 0, 0, 0, 0, 0, 0, 2, 1, 0, 0, 0, 0, 0, 0, 0, 4, 0, 12, 0, 4, 4, 9, 0, 6, 0, 0, 0, 13, 4, 0, 12, 5] 
dagG46.txt 4_1x4.txt 0.33739837398373984 0.35 186.0 [2, 2, 2, 2, 2, 2, 2, 2, 2, 4, 3, 3, 2, 2, 2, 2, 2, 2, 4, 2, 2, 2, 2, 2, 3, 2, 0, 2, 0, 0, 2, 4, 4, 6, 0, 4, 2, 0, 1, 2, 2, 0, 0, 0, 6, 0, 0, 0, 0, 1, 0, 0, 0, 0, 4, 0, 0, 1, 0, 4, 0, 0, 0, 6, 4, 4, 0, 4, 4, 0, 0, 4, 0, 4, 0, 0, 4, 0, 4, 0] 
dagG46.txt 5_4_3_2x4.txt 0.3983739837398374 0.4 213.6 [0, 0, 0, 0, 0, 0, 0, 0, 0, 0, 0, 0, 0, 0, 0, 0, 14, 0, 0, 0, 0, 0, 0, 0, 0, 11, 8, 0, 0, 0, 0, 0, 4, 10, 0, 6, 0, 8, 1, 0, 4, 8, 0, 0, 13, 4, 13, 4, 4, 1, 8, 0, 4, 9, 0, 12, 4, 8, 4, 4, 8, 4, 4, 5, 2, 7, 8, 4, 4, 12, 1, 4, 2, 2, 9, 12, 5, 4, 15, 3] 
dagG46.txt 5_4_3_2x4.txt 0.4959349593495935 0.5 159.4 [0, 0, 0, 4, 0, 0, 0, 4, 0, 4, 4, 0, 0, 4, 0, 4, 4, 0, 4, 0, 0, 0, 0, 0, 0, 0, 9, 0, 0, 0, 0, 4, 4, 4, 0, 8, 0, 9, 4, 4, 12, 0, 0, 0, 6, 4, 0, 1, 13, 1, 4, 0, 0, 8, 0, 8, 4, 13, 4, 12, 1, 4, 12, 5, 2, 14, 4, 4, 12, 8, 1, 0, 2, 4, 8, 8, 5, 12, 3, 10] 
dagG46.txt 5_4_3_2x4.txt None 0.1 20000000000.0 None 
dagG46.txt 3_2x2.txt 0.24796747967479674 0.25 338.3333333333333 [3, 3, 2, 2, 2, 2, 2, 2, 3, 2, 2, 2, 2, 2, 2, 3, 2, 2, 2, 2, 2, 2, 2, 2, 2, 2, 2, 2, 0, 2, 3, 2, 0, 2, 2, 0, 2, 0, 2, 2, 2, 0, 0, 0, 2, 0, 0, 0, 0, 0, 0, 0, 0, 0, 0, 0, 0, 0, 0, 0, 0, 0, 1, 1, 1, 0, 0, 0, 0, 0, 0, 0, 1, 0, 0, 0, 1, 1, 0, 0] 
dagG46.txt 5_4_3_2x1.txt 0.34959349593495936 0.35 187.5 [2, 2, 2, 2, 1, 2, 2, 2, 2, 1, 1, 1, 2, 1, 2, 2, 1, 1, 1, 2, 2, 2, 2, 1, 1, 1, 1, 2, 0, 2, 1, 2, 0, 1, 3, 0, 1, 0, 1, 1, 1, 0, 0, 0, 1, 0, 0, 0, 0, 0, 0, 0, 0, 0, 3, 3, 0, 0, 0, 3, 0, 0, 1, 0, 3, 3, 0, 0, 0, 3, 0, 3, 3, 3, 0, 3, 3, 1, 3, 3] 
dagG46.txt 5_4_3_2x4.txt 0.6869918699186992 0.7 48.333333333333336 [9, 6, 4, 6, 0, 9, 5, 4, 5, 8, 0, 0, 6, 1, 6, 9, 5, 1, 4, 9, 5, 6, 15, 5, 0, 1, 11, 5, 2, 6, 15, 4, 8, 0, 14, 14, 1, 12, 1, 1, 11, 12, 2, 10, 4, 10, 2, 10, 12, 7, 12, 2, 13, 4, 8, 14, 10, 12, 7, 3, 12, 10, 11, 8, 3, 13, 12, 0, 12, 13, 7, 13, 3, 3, 10, 13, 8, 11, 13, 14] 
dagG46.txt 5_4_3_2x4.txt 0.7154471544715447 0.9 48.6 [7, 7, 9, 12, 9, 1, 5, 9, 9, 1, 12, 1, 1, 14, 12, 0, 2, 14, 12, 7, 9, 5, 1, 2, 6, 14, 11, 5, 9, 5, 4, 5, 8, 12, 6, 12, 14, 0, 4, 14, 14, 11, 6, 8, 15, 8, 10, 8, 8, 4, 11, 6, 13, 10, 0, 0, 8, 8, 4, 13, 11, 13, 2, 4, 0, 8, 11, 4, 13, 3, 4, 13, 0, 13, 10, 3, 0, 2, 3, 15] 
dagG46.txt 5_4_3_2x1.txt 0.14634146341463414 0.15 345.4 [0, 0, 0, 0, 0, 0, 0, 0, 0, 0, 0, 0, 0, 0, 0, 0, 0, 0, 1, 0, 0, 0, 0, 0, 0, 0, 0, 0, 0, 0, 0, 0, 1, 0, 0, 0, 0, 0, 0, 0, 0, 0, 0, 0, 0, 0, 0, 0, 0, 0, 0, 0, 2, 0, 1, 2, 0, 0, 0, 1, 0, 0, 1, 1, 1, 2, 0, 0, 1, 2, 0, 1, 1, 1, 0, 2, 1, 1, 2, 2] 
dagG46.txt 5_4_3_2x4.txt 0.6869918699186992 1 48.0 [7, 7, 14, 3, 14, 10, 8, 14, 14, 10, 0, 1, 14, 9, 8, 8, 8, 2, 4, 7, 14, 8, 1, 10, 1, 2, 11, 8, 4, 8, 1, 3, 12, 10, 1, 13, 2, 12, 11, 2, 2, 12, 4, 4, 11, 5, 4, 4, 12, 15, 12, 13, 5, 13, 15, 0, 4, 12, 5, 6, 12, 5, 6, 9, 9, 0, 12, 5, 6, 0, 5, 6, 9, 9, 13, 0, 9, 6, 0, 0] 
dagG46.txt 5_4_3_2x4.txt 0.6788617886178862 0.8 48.333333333333336 [1, 5, 2, 9, 3, 1, 2, 0, 1, 7, 7, 3, 2, 13, 5, 1, 5, 0, 12, 5, 1, 9, 2, 5, 0, 0, 14, 9, 8, 5, 0, 9, 8, 14, 11, 6, 0, 12, 14, 0, 0, 12, 13, 8, 14, 8, 13, 8, 12, 13, 12, 6, 13, 6, 11, 10, 8, 12, 8, 4, 12, 8, 0, 4, 4, 10, 12, 15, 4, 10, 13, 4, 4, 4, 6, 10, 15, 3, 10, 11] 
dagG46.txt 5_4_3_2x1.txt 0.24390243902439024 0.25 208.4 [0, 0, 0, 0, 0, 0, 0, 0, 0, 0, 2, 0, 0, 0, 0, 0, 0, 0, 2, 0, 0, 0, 0, 0, 0, 0, 2, 0, 1, 0, 0, 0, 2, 0, 0, 1, 0, 2, 0, 0, 0, 0, 1, 1, 0, 1, 1, 1, 1, 1, 2, 1, 1, 1, 1, 3, 1, 1, 2, 1, 1, 1, 1, 1, 1, 3, 2, 2, 1, 3, 1, 1, 1, 1, 1, 3, 1, 1, 3, 3] 
dagG46.txt 5_4_3_2x4.txt 0.22764227642276422 0.25 347.8 [0, 0, 0, 0, 0, 0, 0, 0, 0, 4, 0, 0, 0, 4, 0, 0, 0, 0, 4, 0, 0, 0, 0, 0, 0, 0, 0, 0, 0, 0, 0, 4, 8, 0, 0, 4, 0, 0, 4, 0, 0, 0, 0, 0, 5, 0, 0, 0, 0, 4, 0, 0, 0, 0, 13, 0, 0, 0, 0, 9, 0, 0, 0, 12, 0, 1, 0, 0, 4, 0, 0, 2, 0, 0, 0, 0, 0, 0, 1, 0] 
dagG46.txt 4_1x3.txt 0.5 0.5 294.0 [2, 2, 2, 4, 4, 2, 2, 4, 2, 4, 4, 4, 2, 2, 4, 2, 3, 4, 4, 2, 2, 3, 2, 3, 4, 3, 0, 3, 4, 3, 2, 0, 0, 0, 4, 0, 3, 0, 5, 3, 3, 1, 3, 1, 5, 1, 1, 1, 0, 5, 0, 3, 1, 0, 0, 5, 1, 0, 1, 0, 0, 1, 3, 0, 0, 5, 0, 0, 0, 5, 1, 0, 0, 0, 1, 5, 0, 3, 5, 5] 
dagG46.txt 5_4_3_2x4.txt 0.34959349593495936 0.35 249.4 [0, 0, 0, 0, 0, 0, 0, 0, 0, 0, 0, 0, 0, 5, 0, 0, 0, 5, 4, 0, 0, 0, 0, 0, 0, 0, 9, 0, 0, 0, 0, 0, 6, 0, 8, 12, 0, 9, 0, 0, 0, 0, 0, 0, 0, 0, 0, 4, 12, 0, 9, 0, 0, 1, 8, 13, 4, 12, 8, 4, 4, 4, 0, 10, 4, 4, 3, 8, 2, 13, 0, 8, 4, 4, 1, 1, 8, 2, 4, 14] 
dagG46.txt 5_4_3_2x4.txt 0.5934959349593496 0.6 79.0 [4, 10, 4, 8, 5, 4, 4, 8, 4, 8, 5, 5, 4, 1, 8, 4, 10, 1, 3, 4, 8, 8, 4, 10, 5, 1, 15, 8, 12, 8, 4, 8, 13, 1, 5, 2, 8, 2, 14, 8, 1, 0, 12, 0, 14, 0, 0, 0, 2, 8, 0, 12, 0, 4, 13, 9, 0, 11, 0, 13, 0, 0, 12, 6, 0, 7, 0, 4, 12, 9, 0, 13, 12, 0, 0, 9, 6, 12, 7, 9] 
dagG46.txt 5_4_3_2x4.txt 0.43902439024390244 0.45 174.0 [12, 0, 0, 0, 0, 0, 0, 0, 0, 0, 0, 0, 0, 0, 0, 12, 12, 0, 4, 12, 0, 0, 0, 0, 0, 0, 4, 0, 13, 0, 0, 4, 5, 0, 0, 1, 0, 4, 7, 0, 0, 4, 13, 5, 0, 4, 13, 5, 4, 6, 4, 1, 4, 1, 8, 9, 4, 4, 4, 8, 4, 4, 0, 2, 8, 10, 4, 4, 4, 14, 9, 8, 8, 8, 1, 3, 8, 4, 11, 9] 
dagG46.txt 4_1x3.txt 0.5487804878048781 0.55 191.0 [2, 2, 2, 4, 4, 2, 2, 4, 2, 4, 4, 4, 2, 2, 4, 2, 0, 4, 4, 2, 2, 0, 2, 3, 4, 3, 0, 3, 4, 3, 2, 2, 2, 0, 4, 0, 3, 0, 5, 3, 3, 1, 2, 1, 0, 1, 2, 0, 0, 0, 0, 2, 1, 0, 0, 2, 1, 0, 1, 0, 0, 1, 3, 0, 0, 5, 0, 0, 2, 5, 1, 0, 0, 0, 1, 5, 0, 3, 5, 5] 
dagG46.txt 5_4_3_2x4.txt 0.532520325203252 0.55 150.4 [0, 0, 0, 4, 0, 0, 0, 4, 0, 4, 8, 0, 0, 4, 0, 4, 4, 0, 8, 0, 0, 0, 4, 0, 0, 0, 0, 0, 12, 0, 0, 4, 8, 4, 0, 1, 0, 0, 5, 0, 0, 0, 0, 8, 5, 6, 12, 12, 4, 10, 4, 0, 9, 12, 0, 1, 4, 4, 8, 4, 4, 4, 0, 13, 4, 2, 4, 8, 4, 7, 6, 4, 4, 4, 11, 9, 3, 4, 2, 14] 
dagG46.txt 4_1x3.txt 0.5772357723577236 0.6 163.25 [2, 2, 2, 4, 4, 2, 2, 4, 2, 4, 4, 4, 2, 2, 4, 2, 0, 4, 4, 2, 2, 0, 2, 3, 4, 3, 0, 3, 4, 3, 2, 2, 4, 4, 4, 2, 3, 0, 5, 3, 3, 1, 2, 1, 0, 1, 2, 0, 0, 0, 0, 2, 1, 0, 0, 2, 1, 0, 1, 0, 0, 1, 4, 4, 0, 5, 0, 4, 4, 5, 1, 0, 0, 0, 0, 5, 0, 3, 5, 2] 
dagG46.txt 4_1x3.txt 0.5772357723577236 0.7 163.25 [2, 2, 2, 4, 4, 2, 2, 4, 2, 4, 4, 4, 2, 2, 4, 2, 0, 4, 4, 2, 2, 0, 2, 3, 4, 3, 0, 3, 4, 3, 2, 2, 4, 4, 4, 2, 3, 0, 5, 3, 3, 1, 2, 1, 0, 1, 2, 0, 0, 0, 0, 2, 1, 0, 0, 2, 1, 0, 1, 0, 0, 1, 4, 4, 0, 5, 0, 4, 4, 5, 1, 0, 0, 0, 0, 5, 0, 3, 5, 2] 
dagG46.txt 4_1x3.txt 0.5772357723577236 0.9 163.25 [2, 2, 2, 4, 4, 2, 2, 4, 2, 4, 4, 4, 2, 2, 4, 2, 0, 4, 4, 2, 2, 0, 2, 3, 4, 3, 0, 3, 4, 3, 2, 2, 4, 4, 4, 2, 3, 0, 5, 3, 3, 1, 2, 1, 0, 1, 2, 0, 0, 0, 0, 2, 1, 0, 0, 2, 1, 0, 1, 0, 0, 1, 4, 4, 0, 5, 0, 4, 4, 5, 1, 0, 0, 0, 0, 5, 0, 3, 5, 2] 
dagG46.txt 4_1x3.txt 0.5772357723577236 0.65 163.25 [2, 2, 2, 4, 4, 2, 2, 4, 2, 4, 4, 4, 2, 2, 4, 2, 0, 4, 4, 2, 2, 0, 2, 3, 4, 3, 0, 3, 4, 3, 2, 2, 4, 4, 4, 2, 3, 0, 5, 3, 3, 1, 2, 1, 0, 1, 2, 0, 0, 0, 0, 2, 1, 0, 0, 2, 1, 0, 1, 0, 0, 1, 4, 4, 0, 5, 0, 4, 4, 5, 1, 0, 0, 0, 0, 5, 0, 3, 5, 2] 
dagG46.txt 3_2x1.txt 0.1951219512195122 0.2 537.0 [1, 1, 1, 1, 1, 1, 1, 1, 1, 1, 1, 1, 1, 1, 1, 1, 1, 1, 0, 1, 1, 1, 1, 1, 1, 1, 1, 1, 1, 0, 1, 0, 0, 1, 1, 0, 1, 0, 0, 1, 1, 0, 1, 1, 0, 0, 0, 0, 0, 0, 0, 0, 0, 0, 0, 0, 0, 0, 0, 0, 0, 0, 1, 0, 0, 0, 0, 0, 0, 0, 0, 0, 0, 0, 0, 0, 0, 0, 0, 0] 
dagG46.txt 4_1x3.txt 0.5772357723577236 0.8 163.25 [2, 2, 2, 4, 4, 2, 2, 4, 2, 4, 4, 4, 2, 2, 4, 2, 0, 4, 4, 2, 2, 0, 2, 3, 4, 3, 0, 3, 4, 3, 2, 2, 4, 4, 4, 2, 3, 0, 5, 3, 3, 1, 2, 1, 0, 1, 2, 0, 0, 0, 0, 2, 1, 0, 0, 2, 1, 0, 1, 0, 0, 1, 4, 4, 0, 5, 0, 4, 4, 5, 1, 0, 0, 0, 0, 5, 0, 3, 5, 2] 
dagG46.txt 4_1x3.txt 0.5772357723577236 1 163.25 [2, 2, 2, 4, 4, 2, 2, 4, 2, 4, 4, 4, 2, 2, 4, 2, 0, 4, 4, 2, 2, 0, 2, 3, 4, 3, 0, 3, 4, 3, 2, 2, 4, 4, 4, 2, 3, 0, 5, 3, 3, 1, 2, 1, 0, 1, 2, 0, 0, 0, 0, 2, 1, 0, 0, 2, 1, 0, 1, 0, 0, 1, 4, 4, 0, 5, 0, 4, 4, 5, 1, 0, 0, 0, 0, 5, 0, 3, 5, 2] 
dagG46.txt 3_2x1.txt 0.18292682926829268 0.25 470.5 [0, 0, 0, 0, 0, 0, 0, 0, 0, 0, 0, 0, 0, 0, 0, 0, 0, 0, 0, 0, 0, 0, 0, 0, 0, 0, 0, 0, 1, 0, 0, 0, 0, 0, 0, 0, 0, 1, 1, 0, 0, 1, 1, 1, 0, 1, 1, 1, 1, 0, 1, 1, 1, 1, 1, 1, 1, 1, 1, 1, 1, 1, 1, 0, 1, 1, 1, 0, 0, 1, 1, 1, 1, 1, 1, 1, 1, 1, 1, 1] 
dagG46.txt 3_2x1.txt 0.24796747967479674 0.3 469.0 [1, 1, 1, 1, 1, 1, 1, 1, 1, 0, 1, 1, 1, 0, 1, 0, 1, 1, 0, 1, 1, 1, 1, 1, 1, 1, 1, 1, 1, 0, 1, 0, 0, 1, 1, 0, 1, 0, 0, 1, 1, 0, 1, 1, 0, 0, 0, 0, 0, 0, 0, 0, 0, 0, 0, 0, 0, 0, 0, 0, 0, 0, 1, 0, 0, 0, 0, 0, 0, 0, 0, 0, 0, 0, 0, 0, 0, 0, 0, 0] 
dagG46.txt 3_2x1.txt 0.2032520325203252 0.4 469.0 [1, 1, 1, 1, 1, 1, 1, 1, 1, 0, 1, 1, 1, 0, 1, 1, 1, 1, 0, 1, 1, 1, 1, 1, 1, 1, 1, 1, 0, 0, 1, 0, 0, 1, 0, 0, 1, 0, 1, 1, 1, 1, 0, 0, 1, 0, 0, 0, 0, 0, 0, 0, 0, 0, 0, 0, 0, 0, 0, 0, 0, 0, 0, 0, 0, 0, 0, 0, 0, 0, 0, 0, 0, 0, 0, 0, 0, 0, 0, 0] 
dagG46.txt 3_2x1.txt 0.18292682926829268 0.5 470.5 [0, 0, 0, 0, 0, 0, 0, 0, 0, 0, 0, 0, 0, 0, 0, 0, 0, 0, 0, 0, 0, 0, 0, 0, 0, 0, 0, 0, 1, 0, 0, 0, 0, 0, 0, 0, 0, 1, 1, 0, 0, 1, 1, 1, 0, 1, 1, 1, 1, 0, 1, 1, 1, 1, 1, 1, 1, 1, 1, 1, 1, 1, 1, 0, 1, 1, 1, 0, 0, 1, 1, 1, 1, 1, 1, 1, 1, 1, 1, 1] 
dagG46.txt 4_1x4.txt 0.24390243902439024 0.25 237.0 [2, 2, 2, 2, 2, 2, 2, 2, 2, 2, 1, 2, 2, 2, 2, 2, 2, 2, 1, 2, 2, 2, 2, 5, 2, 2, 0, 2, 0, 2, 2, 2, 4, 2, 2, 0, 2, 0, 0, 2, 5, 0, 0, 0, 0, 0, 0, 0, 0, 0, 0, 0, 0, 0, 4, 6, 0, 0, 0, 0, 0, 0, 0, 4, 0, 3, 0, 0, 0, 6, 0, 0, 0, 0, 0, 6, 4, 0, 3, 6] 
dagG46.txt 3_2x1.txt 0.18292682926829268 0.35 470.5 [0, 0, 0, 0, 0, 0, 0, 0, 0, 0, 0, 0, 0, 0, 0, 0, 0, 0, 0, 0, 0, 0, 0, 0, 0, 0, 0, 0, 1, 0, 0, 0, 0, 0, 0, 0, 0, 1, 1, 0, 0, 1, 1, 1, 0, 1, 1, 1, 1, 0, 1, 1, 1, 1, 1, 1, 1, 1, 1, 1, 1, 1, 1, 0, 1, 1, 1, 0, 0, 1, 1, 1, 1, 1, 1, 1, 1, 1, 1, 1] 
dagG46.txt 3_2x1.txt 0.18292682926829268 0.45 470.5 [0, 0, 0, 0, 0, 0, 0, 0, 0, 0, 0, 0, 0, 0, 0, 0, 0, 0, 0, 0, 0, 0, 0, 0, 0, 0, 0, 0, 1, 0, 0, 0, 0, 0, 0, 0, 0, 1, 1, 0, 0, 1, 1, 1, 0, 1, 1, 1, 1, 0, 1, 1, 1, 1, 1, 1, 1, 1, 1, 1, 1, 1, 1, 0, 1, 1, 1, 0, 0, 1, 1, 1, 1, 1, 1, 1, 1, 1, 1, 1] 
dagG46.txt 3_2x1.txt 0.1951219512195122 0.55 469.5 [1, 1, 1, 1, 1, 1, 1, 1, 1, 0, 1, 1, 1, 0, 1, 1, 1, 1, 0, 1, 1, 1, 1, 1, 1, 1, 1, 1, 0, 1, 1, 0, 0, 1, 1, 0, 1, 0, 0, 1, 1, 0, 0, 0, 1, 0, 0, 0, 0, 0, 0, 0, 0, 0, 0, 0, 0, 0, 0, 0, 0, 0, 0, 0, 0, 0, 0, 0, 0, 0, 0, 0, 0, 0, 0, 0, 0, 0, 0, 0] 
dagG46.txt 3_2x1.txt 0.17073170731707318 0.9 469.0 [0, 0, 0, 0, 0, 0, 0, 0, 0, 0, 0, 0, 0, 0, 0, 0, 0, 0, 0, 0, 0, 0, 0, 0, 0, 0, 0, 0, 1, 0, 0, 0, 0, 0, 0, 0, 0, 1, 1, 0, 0, 1, 1, 1, 0, 1, 1, 1, 1, 1, 1, 1, 1, 1, 1, 1, 1, 1, 1, 1, 1, 1, 0, 0, 1, 1, 1, 0, 0, 1, 1, 1, 0, 1, 1, 1, 1, 1, 1, 1] 
dagG46.txt 3_2x1.txt 0.18699186991869918 0.7 469.0 [0, 0, 0, 0, 0, 0, 0, 0, 0, 0, 0, 0, 0, 0, 0, 0, 0, 0, 0, 0, 0, 0, 0, 0, 0, 0, 1, 0, 0, 0, 0, 0, 0, 0, 1, 0, 0, 1, 1, 0, 1, 1, 0, 0, 1, 1, 1, 1, 1, 1, 1, 0, 1, 1, 1, 1, 1, 1, 1, 1, 1, 1, 0, 0, 1, 1, 1, 0, 0, 1, 1, 1, 0, 1, 1, 1, 1, 1, 1, 1] 
dagG46.txt 3_2x1.txt 0.18292682926829268 0.6 470.5 [0, 0, 0, 0, 0, 0, 0, 0, 0, 0, 0, 0, 0, 0, 0, 0, 0, 0, 0, 0, 0, 0, 0, 0, 0, 0, 0, 0, 1, 0, 0, 0, 0, 0, 0, 0, 0, 1, 1, 0, 0, 1, 1, 1, 0, 1, 1, 1, 1, 0, 1, 1, 1, 1, 1, 1, 1, 1, 1, 1, 1, 1, 1, 0, 1, 1, 1, 0, 0, 1, 1, 1, 1, 1, 1, 1, 1, 1, 1, 1] 
dagG46.txt 3_2x1.txt 0.18292682926829268 0.8 470.5 [0, 0, 0, 0, 0, 0, 0, 0, 0, 0, 0, 0, 0, 0, 0, 0, 0, 0, 0, 0, 0, 0, 0, 0, 0, 0, 0, 0, 1, 0, 0, 0, 0, 0, 0, 0, 0, 1, 1, 0, 0, 1, 1, 1, 0, 1, 1, 1, 1, 0, 1, 1, 1, 1, 1, 1, 1, 1, 1, 1, 1, 1, 1, 0, 1, 1, 1, 0, 0, 1, 1, 1, 1, 1, 1, 1, 1, 1, 1, 1] 
dagG46.txt 3_2x1.txt 0.18292682926829268 1 470.5 [0, 0, 0, 0, 0, 0, 0, 0, 0, 0, 0, 0, 0, 0, 0, 0, 0, 0, 0, 0, 0, 0, 0, 0, 0, 0, 0, 0, 1, 0, 0, 0, 0, 0, 0, 0, 0, 1, 1, 0, 0, 1, 1, 1, 0, 1, 1, 1, 1, 0, 1, 1, 1, 1, 1, 1, 1, 1, 1, 1, 1, 1, 1, 0, 1, 1, 1, 0, 0, 1, 1, 1, 1, 1, 1, 1, 1, 1, 1, 1] 
dagG46.txt 4_1x4.txt 0.44715447154471544 0.45 148.0 [2, 2, 2, 4, 7, 2, 2, 2, 2, 2, 7, 7, 2, 2, 4, 2, 4, 6, 2, 2, 2, 4, 2, 2, 7, 6, 6, 4, 0, 4, 2, 4, 4, 6, 3, 4, 6, 5, 6, 6, 6, 0, 0, 0, 6, 0, 0, 0, 4, 0, 5, 5, 0, 0, 3, 0, 0, 4, 0, 0, 0, 0, 6, 3, 0, 1, 5, 0, 0, 1, 0, 0, 6, 0, 5, 1, 3, 6, 1, 1] 
dagG46.txt 5_4_3_2x4.txt 0.6463414634146342 0.65 48.25 [14, 12, 4, 4, 11, 12, 13, 4, 4, 4, 3, 11, 12, 13, 4, 14, 0, 13, 8, 14, 4, 0, 12, 12, 11, 13, 10, 0, 9, 0, 12, 3, 13, 6, 14, 0, 6, 1, 10, 6, 13, 8, 0, 8, 10, 8, 9, 5, 1, 9, 1, 0, 8, 15, 7, 2, 1, 5, 8, 5, 5, 8, 6, 10, 5, 2, 1, 1, 8, 2, 9, 7, 6, 5, 15, 2, 7, 6, 2, 9] 
dagG46.txt 3_2x1.txt 0.18292682926829268 0.65 468.6666666666667 [0, 0, 0, 0, 0, 0, 0, 0, 0, 0, 0, 0, 0, 0, 0, 0, 0, 0, 0, 0, 0, 0, 0, 0, 0, 0, 0, 0, 1, 0, 0, 0, 0, 0, 0, 0, 0, 1, 0, 0, 0, 0, 1, 1, 0, 1, 1, 1, 1, 1, 1, 1, 1, 1, 1, 1, 1, 1, 1, 1, 0, 1, 1, 0, 1, 1, 1, 0, 0, 1, 1, 1, 1, 1, 1, 1, 1, 1, 1, 1] 
dagG46.txt 3_2x1.txt 0.08943089430894309 0.1 692.0 [0, 0, 0, 0, 0, 0, 0, 0, 0, 0, 0, 0, 0, 0, 0, 0, 0, 0, 1, 0, 0, 0, 0, 0, 0, 0, 0, 0, 0, 0, 0, 1, 1, 0, 0, 0, 0, 0, 0, 0, 0, 0, 0, 0, 0, 0, 0, 0, 0, 0, 0, 0, 0, 0, 0, 0, 0, 0, 0, 1, 0, 0, 0, 0, 0, 1, 0, 0, 1, 0, 0, 0, 0, 0, 0, 0, 0, 0, 1, 0] 
dagG46.txt 5_4_3_2x4.txt 0.14227642276422764 0.15 392.2 [0, 0, 0, 0, 0, 0, 0, 0, 0, 0, 5, 0, 0, 0, 0, 0, 0, 0, 1, 0, 0, 0, 0, 0, 0, 0, 0, 0, 0, 0, 0, 0, 12, 0, 0, 0, 0, 0, 0, 0, 0, 0, 0, 0, 9, 0, 0, 0, 0, 0, 0, 0, 0, 8, 13, 0, 0, 0, 0, 0, 0, 0, 0, 4, 0, 0, 0, 0, 0, 0, 0, 2, 0, 0, 8, 0, 4, 0, 0, 0] 
dagG46.txt 3_2x1.txt 0.14227642276422764 0.15 560.5 [0, 0, 0, 0, 0, 0, 0, 0, 0, 0, 0, 0, 0, 0, 0, 0, 0, 0, 0, 0, 0, 0, 0, 0, 0, 0, 0, 0, 1, 0, 0, 0, 0, 0, 0, 1, 0, 1, 1, 0, 0, 1, 1, 1, 0, 1, 1, 1, 1, 1, 1, 1, 1, 1, 1, 1, 1, 1, 1, 1, 1, 1, 0, 1, 1, 1, 1, 1, 1, 1, 1, 1, 0, 1, 1, 1, 1, 1, 1, 1] 
dagG46.txt 3_2x5.txt 0.5975609756097561 0.6 108.5 [9, 0, 0, 2, 0, 9, 2, 0, 9, 9, 5, 5, 0, 2, 2, 9, 2, 1, 8, 2, 9, 2, 0, 9, 5, 1, 1, 2, 4, 2, 5, 0, 4, 5, 7, 6, 1, 6, 1, 1, 1, 6, 4, 8, 0, 8, 8, 4, 6, 4, 3, 6, 8, 6, 7, 0, 8, 6, 8, 4, 4, 8, 1, 7, 4, 3, 3, 7, 8, 3, 8, 4, 4, 8, 6, 3, 7, 1, 3, 3] 
dagG46.txt 3_2x5.txt 0.6138211382113821 0.9 100.33333333333333 [5, 5, 4, 5, 8, 4, 7, 4, 4, 4, 8, 8, 4, 2, 5, 4, 6, 2, 8, 5, 5, 7, 4, 7, 8, 2, 0, 7, 8, 7, 4, 8, 2, 2, 2, 8, 2, 0, 0, 2, 2, 1, 7, 6, 0, 6, 6, 1, 9, 0, 0, 7, 6, 0, 3, 9, 6, 9, 6, 1, 1, 6, 2, 0, 3, 1, 0, 3, 6, 9, 6, 3, 3, 6, 1, 1, 3, 2, 1, 9] 
dagG46.txt 3_2x5.txt 0.6341463414634146 0.7 98.0 [7, 7, 0, 7, 8, 0, 3, 0, 0, 6, 8, 8, 0, 6, 7, 4, 0, 4, 8, 7, 7, 3, 0, 3, 8, 4, 6, 3, 2, 3, 0, 8, 8, 4, 8, 2, 3, 6, 1, 4, 4, 9, 3, 2, 1, 2, 2, 9, 6, 1, 6, 3, 2, 4, 6, 5, 2, 6, 2, 9, 9, 2, 4, 0, 9, 5, 6, 1, 2, 5, 2, 9, 4, 9, 9, 5, 1, 4, 5, 5] 
dagG46.txt 3_2x5.txt 0.5813008130081301 1 101.0 [0, 0, 6, 6, 7, 0, 5, 6, 0, 6, 7, 7, 6, 4, 5, 0, 0, 0, 6, 0, 0, 5, 6, 0, 7, 1, 1, 5, 2, 5, 7, 6, 9, 1, 5, 8, 5, 4, 2, 5, 1, 4, 2, 2, 1, 2, 2, 4, 4, 2, 4, 8, 2, 8, 9, 8, 4, 4, 2, 3, 4, 3, 1, 9, 3, 3, 4, 4, 8, 8, 2, 9, 1, 3, 3, 8, 9, 3, 3, 8] 
dagG46.txt 3_2x5.txt 0.6056910569105691 0.65 100.33333333333333 [4, 3, 3, 5, 5, 3, 3, 5, 3, 8, 9, 9, 3, 8, 4, 4, 4, 8, 2, 4, 4, 4, 0, 3, 9, 8, 8, 5, 2, 4, 3, 5, 6, 9, 9, 6, 8, 6, 8, 8, 8, 0, 2, 2, 8, 0, 2, 2, 0, 2, 0, 2, 0, 2, 6, 7, 0, 6, 0, 1, 0, 0, 1, 6, 1, 1, 0, 0, 4, 7, 0, 6, 1, 1, 7, 7, 6, 1, 1, 7] 
dagG46.txt 3_2x5.txt 0.6300813008130082 0.8 96.66666666666667 [0, 0, 3, 0, 9, 0, 3, 9, 3, 9, 8, 2, 9, 4, 3, 0, 0, 1, 6, 0, 3, 3, 2, 0, 2, 1, 2, 3, 5, 3, 2, 9, 6, 1, 0, 4, 1, 4, 8, 1, 1, 4, 5, 5, 2, 5, 5, 2, 4, 8, 7, 4, 5, 4, 6, 2, 5, 4, 8, 6, 8, 5, 1, 6, 6, 7, 7, 8, 8, 7, 8, 6, 1, 5, 4, 7, 6, 8, 7, 7] 
dagG46.txt 3_2x5.txt None 0.1 20000000000.0 None 
dagG46.txt 3_2x5.txt 0.1991869918699187 0.2 562.3333333333334 [0, 0, 0, 0, 0, 0, 0, 0, 0, 2, 0, 0, 0, 0, 0, 0, 0, 0, 2, 0, 0, 0, 0, 0, 0, 0, 0, 0, 0, 0, 0, 2, 4, 0, 0, 0, 0, 0, 0, 0, 0, 0, 0, 0, 0, 0, 0, 0, 6, 0, 0, 0, 0, 0, 4, 2, 0, 6, 0, 0, 0, 0, 0, 8, 5, 2, 0, 0, 2, 2, 0, 4, 7, 0, 0, 2, 1, 0, 2, 3] 
dagG46.txt 3_2x5.txt 0.491869918699187 0.5 155.0 [2, 2, 9, 2, 6, 2, 6, 6, 6, 6, 3, 6, 6, 9, 2, 2, 2, 2, 3, 2, 2, 2, 6, 2, 6, 1, 3, 6, 0, 2, 6, 6, 7, 1, 2, 5, 6, 4, 1, 6, 2, 4, 0, 0, 1, 0, 0, 0, 5, 4, 4, 4, 0, 4, 7, 4, 0, 5, 0, 0, 4, 0, 0, 8, 8, 4, 4, 0, 0, 4, 0, 0, 8, 0, 4, 4, 8, 0, 4, 4] 
dagG46.txt 3_2x5.txt 0.3943089430894309 0.4 226.66666666666666 [0, 0, 0, 0, 8, 0, 0, 0, 0, 5, 8, 0, 0, 6, 0, 0, 6, 6, 8, 0, 0, 0, 0, 6, 0, 6, 6, 0, 2, 0, 0, 0, 2, 7, 0, 4, 0, 4, 6, 0, 6, 4, 2, 2, 6, 2, 2, 2, 4, 2, 4, 4, 2, 4, 2, 4, 2, 4, 2, 2, 4, 2, 2, 1, 3, 4, 4, 9, 2, 4, 2, 2, 3, 2, 4, 4, 1, 2, 4, 4] 
dagG46.txt 4_1x3.txt 0.0975609756097561 0.1 489.25 [0, 0, 0, 0, 0, 0, 0, 0, 0, 0, 0, 0, 0, 0, 0, 0, 0, 0, 0, 0, 0, 0, 0, 0, 0, 0, 0, 0, 0, 0, 0, 0, 0, 0, 0, 0, 0, 0, 0, 0, 0, 0, 0, 0, 0, 0, 0, 0, 0, 0, 0, 0, 0, 0, 0, 2, 0, 0, 0, 4, 0, 0, 1, 3, 1, 4, 0, 0, 0, 2, 0, 0, 1, 0, 0, 4, 3, 1, 4, 2] 
dagG46.txt 4_1x3.txt 0.17886178861788618 0.2 395.75 [0, 0, 0, 0, 0, 0, 0, 0, 0, 0, 0, 0, 0, 0, 0, 0, 0, 0, 0, 0, 0, 0, 0, 0, 0, 0, 0, 0, 0, 0, 0, 0, 4, 0, 0, 0, 0, 0, 0, 0, 0, 0, 0, 0, 0, 2, 0, 2, 0, 2, 0, 0, 0, 0, 4, 1, 2, 2, 0, 2, 2, 0, 3, 4, 2, 2, 1, 0, 3, 1, 2, 4, 3, 2, 0, 1, 4, 3, 2, 1] 
dagG46.txt 3_2x5.txt 0.2926829268292683 0.3 482.6666666666667 [0, 0, 0, 0, 0, 0, 0, 0, 0, 2, 0, 2, 0, 2, 0, 0, 0, 0, 2, 0, 0, 0, 2, 0, 0, 0, 0, 0, 0, 0, 0, 1, 6, 0, 0, 4, 0, 0, 0, 0, 0, 0, 0, 0, 2, 0, 0, 0, 8, 0, 0, 0, 0, 4, 6, 4, 0, 8, 0, 0, 0, 0, 0, 2, 2, 3, 0, 0, 2, 4, 0, 0, 2, 0, 4, 4, 2, 0, 3, 5] 
dagG46.txt 4_1x3.txt 0.3983739837398374 0.4 211.0 [2, 2, 2, 2, 3, 2, 2, 3, 2, 3, 3, 3, 2, 4, 2, 2, 2, 4, 0, 2, 2, 2, 2, 2, 3, 4, 4, 2, 0, 2, 2, 0, 0, 4, 5, 0, 4, 0, 4, 4, 4, 0, 0, 0, 4, 0, 0, 0, 0, 0, 0, 5, 0, 0, 1, 5, 0, 0, 0, 1, 0, 0, 4, 4, 1, 1, 0, 0, 0, 5, 0, 1, 1, 1, 5, 5, 0, 4, 1, 5] 
dagG46.txt 3_2x5.txt 0.23983739837398374 0.25 521.0 [0, 0, 0, 0, 0, 0, 4, 0, 0, 0, 0, 0, 0, 4, 0, 0, 0, 0, 0, 0, 0, 0, 0, 0, 0, 0, 0, 0, 0, 0, 0, 0, 4, 0, 0, 2, 0, 0, 0, 0, 0, 0, 0, 0, 0, 8, 0, 0, 0, 5, 0, 0, 0, 2, 6, 2, 0, 0, 8, 1, 0, 0, 0, 6, 0, 1, 0, 8, 2, 2, 3, 7, 0, 0, 2, 2, 6, 0, 1, 3] 
dagG46.txt 3_2x5.txt 0.5447154471544715 0.55 103.0 [0, 6, 0, 6, 3, 6, 0, 3, 0, 3, 5, 5, 6, 0, 6, 6, 0, 7, 3, 0, 6, 0, 6, 6, 5, 7, 7, 0, 4, 0, 5, 3, 9, 5, 5, 6, 7, 2, 7, 7, 7, 2, 4, 4, 7, 2, 4, 4, 2, 2, 2, 4, 4, 4, 9, 1, 2, 2, 2, 8, 2, 4, 8, 9, 8, 8, 2, 1, 8, 1, 2, 9, 8, 8, 4, 1, 9, 8, 8, 1] 
dagG46.txt 3_2x5.txt 0.14634146341463414 0.15 623.0 [0, 0, 0, 0, 0, 0, 0, 0, 0, 0, 0, 0, 0, 0, 0, 0, 0, 0, 0, 0, 0, 0, 0, 0, 0, 0, 2, 0, 0, 0, 0, 0, 0, 0, 0, 0, 0, 2, 0, 0, 0, 0, 0, 0, 0, 0, 0, 0, 8, 0, 2, 0, 0, 0, 0, 3, 0, 8, 0, 0, 0, 0, 0, 4, 1, 7, 2, 0, 0, 6, 0, 0, 1, 0, 0, 6, 4, 0, 9, 5] 
dagG46.txt 3_2x5.txt 0.43089430894308944 0.45 216.0 [0, 0, 0, 0, 6, 0, 0, 6, 0, 2, 6, 6, 0, 1, 0, 0, 0, 0, 6, 0, 0, 0, 0, 0, 6, 1, 6, 0, 2, 0, 6, 2, 4, 7, 0, 3, 0, 4, 9, 0, 0, 2, 2, 2, 0, 2, 2, 2, 2, 2, 2, 2, 2, 2, 4, 8, 2, 2, 2, 4, 2, 2, 4, 5, 4, 4, 2, 4, 4, 8, 2, 4, 4, 4, 2, 4, 4, 4, 4, 8] 
dagG46.txt 4_1x3.txt 0.2926829268292683 0.3 206.75 [0, 0, 0, 0, 0, 0, 0, 0, 0, 0, 4, 4, 0, 4, 0, 0, 0, 4, 2, 0, 0, 0, 0, 0, 4, 4, 4, 0, 2, 0, 0, 0, 4, 4, 4, 0, 0, 4, 4, 0, 4, 2, 2, 2, 4, 2, 2, 2, 2, 2, 2, 2, 2, 2, 4, 1, 2, 2, 2, 2, 2, 2, 2, 4, 2, 1, 2, 2, 2, 1, 2, 2, 2, 2, 2, 1, 4, 2, 1, 1] 
dagG46.txt 3_2x5.txt 0.34959349593495936 0.35 270.3333333333333 [2, 2, 2, 2, 2, 2, 6, 2, 2, 2, 3, 2, 2, 6, 2, 2, 2, 6, 2, 2, 2, 2, 2, 2, 2, 6, 7, 2, 0, 6, 2, 2, 0, 1, 6, 4, 2, 0, 6, 2, 6, 0, 0, 0, 6, 0, 0, 0, 4, 4, 0, 0, 0, 0, 0, 4, 0, 4, 0, 0, 0, 0, 0, 8, 0, 0, 9, 0, 0, 4, 4, 0, 0, 0, 0, 0, 5, 0, 0, 4] 
dagG46.txt 4_1x3.txt 0.44715447154471544 0.45 365.0 [0, 3, 3, 3, 3, 0, 0, 3, 0, 3, 2, 3, 3, 2, 0, 0, 0, 2, 3, 0, 0, 0, 3, 0, 2, 2, 2, 0, 1, 0, 2, 3, 5, 2, 2, 0, 2, 4, 2, 2, 2, 4, 1, 4, 2, 4, 1, 4, 4, 2, 4, 1, 4, 1, 5, 1, 4, 4, 4, 5, 4, 4, 5, 5, 5, 5, 4, 4, 4, 1, 1, 5, 5, 5, 1, 1, 5, 5, 5, 1] 
dagG46.txt 4_1x3.txt 0.24390243902439024 0.25 243.25 [2, 2, 2, 2, 2, 2, 2, 4, 2, 2, 4, 2, 2, 2, 2, 2, 2, 2, 4, 2, 2, 2, 2, 2, 2, 2, 2, 2, 0, 2, 2, 4, 4, 3, 2, 2, 2, 0, 2, 2, 2, 0, 0, 0, 2, 0, 0, 0, 0, 1, 0, 0, 0, 0, 0, 1, 0, 0, 0, 0, 0, 0, 0, 0, 0, 0, 0, 0, 0, 1, 1, 0, 0, 0, 0, 0, 0, 0, 0, 1] 
dagG46.txt 4_1x3.txt 0.12195121951219512 0.15 464.75 [0, 0, 0, 0, 0, 0, 0, 0, 0, 0, 0, 0, 0, 0, 0, 0, 0, 0, 0, 0, 0, 0, 0, 0, 0, 0, 0, 0, 0, 0, 0, 0, 2, 0, 0, 0, 0, 0, 0, 0, 0, 0, 0, 0, 0, 0, 0, 0, 0, 0, 0, 0, 0, 0, 0, 2, 0, 0, 0, 4, 0, 0, 1, 3, 1, 4, 0, 0, 2, 2, 0, 0, 1, 0, 0, 4, 3, 1, 4, 2] 
dagG46.txt 4_1x3.txt 0.34146341463414637 0.35 302.0 [2, 2, 2, 2, 2, 2, 2, 2, 2, 2, 5, 2, 2, 4, 2, 2, 2, 4, 5, 2, 2, 0, 2, 2, 5, 4, 4, 2, 0, 0, 2, 2, 4, 4, 1, 0, 4, 1, 4, 4, 4, 0, 0, 0, 4, 0, 0, 0, 0, 0, 1, 0, 0, 0, 1, 1, 0, 0, 0, 0, 0, 0, 4, 3, 3, 1, 1, 0, 0, 1, 0, 0, 3, 0, 0, 1, 3, 4, 1, 1] 
