dagE22.txt 3_2x4.txt True 0.05 0.07 517.25 [7, 7, 1, 7, 7, 7, 7, 7, 1, 7, 7, 7, 7, 7, 7, 7, 7, 7, 7, 7, 7, 7, 7, 7, 7, 7, 7, 7, 7, 7, 7, 7, 7, 7, 7, 7, 7, 7, 7, 7, 7, 7, 7, 7, 7, 7, 7, 7, 7, 7, 7, 7, 7, 7, 7, 7, 7, 7, 7, 7, 7, 7, 7, 7, 7, 7, 7, 7, 7, 7] 
dagE22.txt 3_2x4.txt True 0.1 0.1 493.5 [7, 7, 1, 7, 7, 7, 7, 7, 1, 7, 7, 7, 7, 7, 7, 7, 7, 7, 7, 7, 7, 7, 7, 1, 1, 7, 7, 7, 7, 7, 7, 7, 7, 7, 7, 7, 7, 7, 7, 7, 7, 7, 7, 7, 7, 7, 7, 7, 7, 7, 7, 7, 7, 7, 7, 7, 7, 7, 7, 7, 7, 7, 7, 7, 7, 7, 7, 7, 7, 7] 
dagE22.txt 3_2x4.txt True 0.145 0.15 318.25 [5, 5, 5, 5, 5, 5, 5, 5, 5, 5, 5, 5, 5, 5, 5, 5, 5, 7, 5, 5, 5, 7, 7, 5, 5, 7, 7, 7, 5, 7, 7, 7, 5, 7, 5, 7, 7, 7, 7, 7, 5, 7, 7, 7, 7, 7, 7, 7, 7, 7, 7, 7, 7, 7, 7, 7, 7, 7, 7, 7, 7, 7, 7, 7, 7, 7, 7, 7, 7, 7] 
dagE22.txt 3_2x4.txt True 0.185 0.2 296.0 [5, 5, 5, 5, 5, 5, 5, 5, 5, 5, 5, 5, 5, 5, 5, 5, 5, 7, 5, 5, 5, 7, 7, 5, 5, 7, 7, 7, 5, 7, 7, 7, 5, 7, 5, 7, 7, 7, 7, 7, 5, 7, 7, 7, 7, 7, 7, 7, 7, 1, 7, 7, 7, 7, 7, 7, 7, 7, 7, 7, 7, 1, 7, 7, 7, 7, 7, 7, 7, 7] 
dagE22.txt 3_2x4.txt True 0.3 0.3 250.75 [7, 7, 1, 7, 7, 7, 7, 7, 1, 7, 7, 7, 7, 7, 7, 7, 7, 7, 7, 7, 7, 7, 7, 7, 1, 5, 7, 7, 7, 7, 7, 3, 3, 5, 7, 3, 7, 3, 3, 3, 7, 7, 3, 3, 3, 3, 3, 3, 3, 3, 3, 3, 3, 3, 3, 3, 3, 3, 3, 3, 3, 3, 3, 3, 3, 3, 3, 3, 3, 3] 
dagE22.txt 3_2x4.txt True 0.4 0.4 362.0 [3, 3, 3, 3, 5, 6, 3, 3, 3, 3, 3, 3, 3, 3, 3, 5, 1, 6, 2, 3, 3, 6, 6, 3, 3, 1, 6, 6, 3, 6, 7, 6, 2, 6, 6, 6, 7, 7, 6, 7, 1, 1, 6, 7, 7, 6, 1, 7, 7, 4, 7, 7, 7, 7, 1, 7, 7, 7, 7, 7, 7, 7, 7, 4, 7, 7, 7, 7, 7, 7] 
dagE22.txt 3_2x4.txt True 0.495 0.5 341.0 [0, 0, 0, 0, 2, 2, 0, 0, 1, 2, 0, 2, 0, 0, 2, 2, 1, 3, 2, 2, 0, 1, 1, 1, 2, 1, 1, 1, 6, 1, 5, 6, 2, 6, 3, 3, 5, 5, 5, 6, 3, 1, 3, 5, 5, 6, 3, 6, 7, 4, 6, 5, 7, 5, 5, 7, 6, 7, 7, 7, 4, 5, 7, 4, 4, 7, 7, 4, 7, 4] 
dagE22.txt 3_2x4.txt True 0.6 0.6 202.0 [4, 5, 1, 5, 6, 5, 1, 4, 1, 5, 4, 5, 4, 4, 1, 5, 1, 7, 7, 5, 4, 5, 5, 1, 1, 5, 6, 6, 1, 5, 2, 0, 1, 7, 7, 7, 2, 1, 6, 0, 7, 6, 6, 2, 2, 2, 7, 0, 1, 7, 0, 3, 3, 2, 7, 3, 0, 1, 0, 2, 3, 3, 1, 3, 3, 1, 3, 0, 1, 3] 
dagE22.txt 3_2x4.txt True 0.685 0.7 116.5 [4, 5, 5, 5, 5, 5, 5, 3, 7, 5, 4, 5, 4, 4, 1, 1, 7, 7, 7, 5, 5, 5, 5, 3, 3, 5, 6, 6, 1, 5, 3, 0, 1, 7, 7, 7, 1, 1, 6, 0, 7, 3, 6, 1, 2, 2, 7, 7, 1, 7, 1, 3, 3, 2, 7, 3, 1, 1, 0, 2, 3, 3, 1, 3, 3, 1, 3, 0, 1, 3] 
dagE22.txt 3_2x4.txt True 0.79 1 114.0 [0, 7, 7, 6, 1, 1, 3, 7, 5, 1, 4, 4, 0, 0, 6, 1, 5, 3, 4, 1, 3, 7, 5, 7, 5, 7, 6, 0, 5, 2, 7, 7, 1, 5, 4, 3, 3, 7, 2, 7, 1, 3, 1, 3, 3, 2, 4, 5, 1, 3, 5, 1, 5, 6, 7, 5, 1, 1, 3, 2, 1, 5, 3, 3, 5, 5, 2, 6, 1, 3] 
dagE22.txt 3_2x2.txt True 0.05 0.07 1015.0 [3, 3, 3, 3, 3, 3, 3, 3, 3, 3, 3, 3, 3, 3, 3, 3, 3, 3, 3, 3, 3, 3, 3, 3, 3, 3, 3, 3, 3, 3, 3, 3, 3, 3, 3, 1, 3, 3, 3, 3, 3, 3, 3, 3, 3, 3, 3, 3, 3, 2, 3, 3, 3, 3, 1, 3, 3, 3, 3, 3, 3, 3, 3, 2, 3, 3, 3, 3, 3, 3] 
dagE22.txt 3_2x2.txt True 0.1 0.1 966.5 [3, 3, 0, 3, 3, 3, 3, 3, 0, 3, 3, 3, 3, 3, 3, 3, 3, 3, 3, 3, 3, 3, 3, 3, 3, 3, 3, 3, 3, 3, 3, 3, 3, 3, 3, 1, 3, 3, 3, 3, 3, 3, 3, 3, 3, 3, 3, 3, 3, 2, 3, 3, 3, 3, 1, 3, 3, 3, 3, 3, 3, 3, 3, 2, 3, 3, 3, 3, 3, 3] 
dagE22.txt 3_2x2.txt True 0.15 0.15 919.0 [3, 3, 0, 3, 3, 3, 3, 3, 0, 3, 3, 3, 3, 3, 3, 3, 3, 3, 3, 3, 3, 3, 3, 0, 0, 3, 3, 3, 3, 3, 3, 3, 3, 3, 3, 1, 3, 3, 3, 3, 3, 3, 3, 3, 3, 3, 3, 3, 3, 2, 3, 3, 3, 3, 1, 3, 3, 3, 3, 3, 3, 3, 3, 2, 3, 3, 3, 3, 3, 3] 
dagE22.txt 3_2x2.txt True 0.19 0.2 792.5 [3, 3, 0, 3, 3, 3, 3, 3, 3, 3, 3, 3, 3, 3, 3, 3, 3, 3, 3, 3, 3, 3, 3, 3, 3, 3, 3, 3, 3, 3, 1, 3, 3, 3, 3, 3, 3, 3, 3, 3, 3, 3, 3, 3, 2, 3, 1, 3, 3, 3, 3, 1, 2, 2, 3, 2, 3, 2, 2, 2, 2, 2, 2, 1, 2, 2, 2, 2, 2, 2] 
dagE22.txt 3_2x2.txt True 0.295 0.3 485.0 [1, 1, 1, 1, 2, 1, 1, 1, 1, 1, 1, 1, 1, 1, 1, 2, 0, 0, 0, 2, 1, 1, 3, 1, 0, 1, 0, 0, 1, 0, 3, 3, 0, 0, 2, 2, 3, 3, 3, 3, 2, 3, 3, 3, 3, 3, 2, 3, 3, 3, 3, 3, 3, 3, 2, 3, 3, 3, 3, 3, 3, 3, 3, 3, 3, 3, 3, 3, 3, 3] 
dagE22.txt 3_2x2.txt True 0.37 0.4 220.66666666666666 [2, 2, 2, 2, 3, 3, 2, 2, 2, 2, 2, 2, 2, 2, 2, 2, 0, 3, 3, 3, 2, 3, 3, 2, 2, 2, 3, 3, 2, 3, 1, 0, 1, 3, 3, 1, 1, 1, 3, 0, 0, 3, 3, 1, 1, 0, 1, 0, 0, 0, 0, 1, 0, 1, 1, 0, 0, 0, 1, 0, 0, 0, 0, 1, 0, 0, 0, 1, 0, 1] 
dagE22.txt 3_2x2.txt True 0.37 0.5 220.66666666666666 [2, 2, 2, 2, 3, 3, 2, 2, 2, 2, 2, 2, 2, 2, 2, 2, 0, 3, 3, 3, 2, 3, 3, 2, 2, 2, 3, 3, 2, 3, 1, 0, 1, 3, 3, 1, 1, 1, 3, 0, 0, 3, 3, 1, 1, 0, 1, 0, 0, 0, 0, 1, 0, 1, 1, 0, 0, 0, 1, 0, 0, 0, 0, 1, 0, 0, 0, 1, 0, 1] 
dagE22.txt 3_2x2.txt True 0.58 0.6 225.0 [2, 2, 2, 2, 3, 3, 2, 2, 2, 2, 2, 2, 2, 2, 2, 2, 0, 0, 3, 2, 1, 3, 3, 2, 0, 3, 2, 0, 1, 3, 0, 0, 1, 3, 3, 0, 2, 1, 1, 3, 0, 2, 1, 1, 1, 0, 1, 3, 3, 2, 3, 1, 0, 0, 3, 1, 0, 1, 0, 1, 0, 0, 0, 0, 3, 1, 0, 0, 0, 0] 
dagE22.txt 3_2x2.txt True 0.58 0.7 225.0 [2, 2, 2, 2, 3, 3, 2, 2, 2, 2, 2, 2, 2, 2, 2, 2, 0, 0, 3, 2, 1, 3, 3, 2, 0, 3, 2, 0, 1, 3, 0, 0, 1, 3, 3, 0, 2, 1, 1, 3, 0, 2, 1, 1, 1, 0, 1, 3, 3, 2, 3, 1, 0, 0, 3, 1, 0, 1, 0, 1, 0, 0, 0, 0, 3, 1, 0, 0, 0, 0] 
dagE22.txt 3_2x2.txt True 0.58 1 225.0 [2, 2, 2, 2, 3, 3, 2, 2, 2, 2, 2, 2, 2, 2, 2, 2, 0, 0, 3, 2, 1, 3, 3, 2, 0, 3, 2, 0, 1, 3, 0, 0, 1, 3, 3, 0, 2, 1, 1, 3, 0, 2, 1, 1, 1, 0, 1, 3, 3, 2, 3, 1, 0, 0, 3, 1, 0, 1, 0, 1, 0, 0, 0, 0, 3, 1, 0, 0, 0, 0] 
dagE22.txt 3_2x1.txt True 0.05 0.07 1027.0 [1, 1, 1, 1, 1, 1, 1, 1, 1, 1, 1, 1, 1, 1, 1, 1, 1, 0, 1, 1, 1, 1, 1, 1, 1, 1, 1, 1, 1, 1, 1, 1, 1, 1, 1, 0, 1, 1, 1, 1, 1, 1, 1, 1, 1, 1, 1, 1, 1, 1, 1, 1, 1, 1, 0, 1, 1, 1, 1, 1, 1, 1, 1, 1, 1, 1, 1, 1, 1, 1] 
dagE22.txt 3_2x1.txt True 0.1 0.1 978.5 [1, 1, 0, 1, 1, 1, 1, 1, 0, 1, 1, 1, 1, 1, 1, 1, 1, 0, 1, 1, 1, 1, 1, 1, 1, 1, 1, 1, 1, 1, 1, 1, 1, 1, 1, 0, 1, 1, 1, 1, 1, 1, 1, 1, 1, 1, 1, 1, 1, 1, 1, 1, 1, 1, 0, 1, 1, 1, 1, 1, 1, 1, 1, 1, 1, 1, 1, 1, 1, 1] 
dagE22.txt 3_2x1.txt True 0.15 0.15 583.5 [1, 1, 1, 1, 1, 1, 1, 1, 1, 1, 1, 1, 1, 1, 1, 1, 1, 1, 1, 1, 1, 1, 1, 1, 1, 1, 1, 1, 0, 0, 0, 0, 1, 1, 1, 0, 0, 0, 1, 0, 1, 1, 1, 0, 0, 0, 0, 0, 0, 0, 0, 0, 0, 0, 0, 0, 0, 0, 0, 0, 0, 0, 0, 0, 0, 0, 0, 0, 0, 0] 
dagE22.txt 3_2x1.txt True 0.2 0.2 535.0 [1, 1, 0, 1, 1, 1, 1, 1, 0, 1, 1, 1, 1, 1, 1, 1, 1, 1, 1, 1, 1, 1, 1, 1, 1, 1, 1, 1, 0, 0, 0, 0, 1, 1, 1, 0, 0, 0, 1, 0, 1, 1, 1, 0, 0, 0, 0, 0, 0, 0, 0, 0, 0, 0, 0, 0, 0, 0, 0, 0, 0, 0, 0, 0, 0, 0, 0, 0, 0, 0] 
dagE22.txt 3_2x1.txt True 0.25 0.3 442.0 [1, 0, 0, 1, 1, 1, 0, 1, 0, 1, 1, 1, 1, 1, 1, 1, 1, 1, 1, 1, 1, 1, 1, 0, 0, 1, 1, 1, 0, 0, 0, 0, 1, 1, 1, 0, 0, 0, 1, 0, 1, 1, 1, 0, 0, 0, 0, 0, 0, 0, 0, 0, 0, 0, 0, 0, 0, 0, 0, 0, 0, 0, 0, 0, 0, 0, 0, 0, 0, 0] 
dagE22.txt 3_2x1.txt True 0.25 0.4 442.0 [1, 0, 0, 1, 1, 1, 0, 1, 0, 1, 1, 1, 1, 1, 1, 1, 1, 1, 1, 1, 1, 1, 1, 0, 0, 1, 1, 1, 0, 0, 0, 0, 1, 1, 1, 0, 0, 0, 1, 0, 1, 1, 1, 0, 0, 0, 0, 0, 0, 0, 0, 0, 0, 0, 0, 0, 0, 0, 0, 0, 0, 0, 0, 0, 0, 0, 0, 0, 0, 0] 
dagE22.txt 3_2x1.txt True 0.25 0.5 442.0 [1, 0, 0, 1, 1, 1, 0, 1, 0, 1, 1, 1, 1, 1, 1, 1, 1, 1, 1, 1, 1, 1, 1, 0, 0, 1, 1, 1, 0, 0, 0, 0, 1, 1, 1, 0, 0, 0, 1, 0, 1, 1, 1, 0, 0, 0, 0, 0, 0, 0, 0, 0, 0, 0, 0, 0, 0, 0, 0, 0, 0, 0, 0, 0, 0, 0, 0, 0, 0, 0] 
dagE22.txt 3_2x1.txt True 0.25 0.6 442.0 [1, 0, 0, 1, 1, 1, 0, 1, 0, 1, 1, 1, 1, 1, 1, 1, 1, 1, 1, 1, 1, 1, 1, 0, 0, 1, 1, 1, 0, 0, 0, 0, 1, 1, 1, 0, 0, 0, 1, 0, 1, 1, 1, 0, 0, 0, 0, 0, 0, 0, 0, 0, 0, 0, 0, 0, 0, 0, 0, 0, 0, 0, 0, 0, 0, 0, 0, 0, 0, 0] 
dagE22.txt 3_2x1.txt True 0.25 0.7 442.0 [1, 0, 0, 1, 1, 1, 0, 1, 0, 1, 1, 1, 1, 1, 1, 1, 1, 1, 1, 1, 1, 1, 1, 0, 0, 1, 1, 1, 0, 0, 0, 0, 1, 1, 1, 0, 0, 0, 1, 0, 1, 1, 1, 0, 0, 0, 0, 0, 0, 0, 0, 0, 0, 0, 0, 0, 0, 0, 0, 0, 0, 0, 0, 0, 0, 0, 0, 0, 0, 0] 
dagE22.txt 3_2x1.txt True 0.25 1 442.0 [1, 0, 0, 1, 1, 1, 0, 1, 0, 1, 1, 1, 1, 1, 1, 1, 1, 1, 1, 1, 1, 1, 1, 0, 0, 1, 1, 1, 0, 0, 0, 0, 1, 1, 1, 0, 0, 0, 1, 0, 1, 1, 1, 0, 0, 0, 0, 0, 0, 0, 0, 0, 0, 0, 0, 0, 0, 0, 0, 0, 0, 0, 0, 0, 0, 0, 0, 0, 0, 0] 
dagE22.txt 3_2x4.txt True 0.05 0.07 517.25 [7, 7, 1, 7, 7, 7, 7, 7, 1, 7, 7, 7, 7, 7, 7, 7, 7, 7, 7, 7, 7, 7, 7, 7, 7, 7, 7, 7, 7, 7, 7, 7, 7, 7, 7, 7, 7, 7, 7, 7, 7, 7, 7, 7, 7, 7, 7, 7, 7, 7, 7, 7, 7, 7, 7, 7, 7, 7, 7, 7, 7, 7, 7, 7, 7, 7, 7, 7, 7, 7] 
dagE22.txt 3_2x4.txt True 0.05 0.08 517.25 [7, 7, 1, 7, 7, 7, 7, 7, 1, 7, 7, 7, 7, 7, 7, 7, 7, 7, 7, 7, 7, 7, 7, 7, 7, 7, 7, 7, 7, 7, 7, 7, 7, 7, 7, 7, 7, 7, 7, 7, 7, 7, 7, 7, 7, 7, 7, 7, 7, 7, 7, 7, 7, 7, 7, 7, 7, 7, 7, 7, 7, 7, 7, 7, 7, 7, 7, 7, 7, 7] 
dagE22.txt 3_2x4.txt True 0.085 0.09 505.25 [7, 7, 1, 7, 7, 7, 7, 7, 1, 7, 7, 7, 7, 7, 7, 7, 7, 7, 7, 7, 7, 7, 7, 7, 1, 7, 7, 7, 7, 7, 7, 7, 7, 7, 7, 7, 7, 7, 7, 7, 7, 7, 7, 7, 7, 7, 7, 7, 7, 7, 7, 7, 7, 7, 7, 7, 7, 7, 7, 7, 7, 7, 7, 7, 7, 7, 7, 7, 7, 7] 
dagE22.txt 3_2x4.txt True 0.1 0.1 493.5 [7, 7, 1, 7, 7, 7, 7, 7, 1, 7, 7, 7, 7, 7, 7, 7, 7, 7, 7, 7, 7, 7, 7, 1, 1, 7, 7, 7, 7, 7, 7, 7, 7, 7, 7, 7, 7, 7, 7, 7, 7, 7, 7, 7, 7, 7, 7, 7, 7, 7, 7, 7, 7, 7, 7, 7, 7, 7, 7, 7, 7, 7, 7, 7, 7, 7, 7, 7, 7, 7] 
dagE22.txt 3_2x4.txt True 0.1 0.11 493.5 [7, 7, 1, 7, 7, 7, 7, 7, 1, 7, 7, 7, 7, 7, 7, 7, 7, 7, 7, 7, 7, 7, 7, 1, 1, 7, 7, 7, 7, 7, 7, 7, 7, 7, 7, 7, 7, 7, 7, 7, 7, 7, 7, 7, 7, 7, 7, 7, 7, 7, 7, 7, 7, 7, 7, 7, 7, 7, 7, 7, 7, 7, 7, 7, 7, 7, 7, 7, 7, 7] 
dagE22.txt 3_2x4.txt True 0.1 0.12 493.5 [7, 7, 1, 7, 7, 7, 7, 7, 1, 7, 7, 7, 7, 7, 7, 7, 7, 7, 7, 7, 7, 7, 7, 1, 1, 7, 7, 7, 7, 7, 7, 7, 7, 7, 7, 7, 7, 7, 7, 7, 7, 7, 7, 7, 7, 7, 7, 7, 7, 7, 7, 7, 7, 7, 7, 7, 7, 7, 7, 7, 7, 7, 7, 7, 7, 7, 7, 7, 7, 7] 
dagE22.txt 3_2x4.txt True 0.125 0.13 482.0 [7, 1, 1, 7, 7, 7, 7, 7, 1, 7, 7, 7, 7, 7, 7, 7, 7, 7, 7, 7, 7, 7, 7, 1, 1, 7, 7, 7, 7, 7, 7, 7, 7, 7, 7, 7, 7, 7, 7, 7, 7, 7, 7, 7, 7, 7, 7, 7, 7, 7, 7, 7, 7, 7, 7, 7, 7, 7, 7, 7, 7, 7, 7, 7, 7, 7, 7, 7, 7, 7] 
dagE22.txt 3_2x4.txt True 0.14 0.14 470.75 [7, 1, 1, 7, 7, 7, 1, 7, 1, 7, 7, 7, 7, 7, 7, 7, 7, 7, 7, 7, 7, 7, 7, 1, 1, 7, 7, 7, 7, 7, 7, 7, 7, 7, 7, 7, 7, 7, 7, 7, 7, 7, 7, 7, 7, 7, 7, 7, 7, 7, 7, 7, 7, 7, 7, 7, 7, 7, 7, 7, 7, 7, 7, 7, 7, 7, 7, 7, 7, 7] 
dagE22.txt 3_2x4.txt True 0.145 0.15 318.25 [5, 5, 5, 5, 5, 5, 5, 5, 5, 5, 5, 5, 5, 5, 5, 5, 5, 7, 5, 5, 5, 7, 7, 5, 5, 7, 7, 7, 5, 7, 7, 7, 5, 7, 5, 7, 7, 7, 7, 7, 5, 7, 7, 7, 7, 7, 7, 7, 7, 7, 7, 7, 7, 7, 7, 7, 7, 7, 7, 7, 7, 7, 7, 7, 7, 7, 7, 7, 7, 7] 
dagE22.txt 3_2x4.txt True 0.145 0.16 318.25 [5, 5, 5, 5, 5, 5, 5, 5, 5, 5, 5, 5, 5, 5, 5, 5, 5, 7, 5, 5, 5, 7, 7, 5, 5, 7, 7, 7, 5, 7, 7, 7, 5, 7, 5, 7, 7, 7, 7, 7, 5, 7, 7, 7, 7, 7, 7, 7, 7, 7, 7, 7, 7, 7, 7, 7, 7, 7, 7, 7, 7, 7, 7, 7, 7, 7, 7, 7, 7, 7] 
dagE22.txt 3_2x4.txt True 0.165 0.17 307.0 [5, 5, 5, 5, 5, 5, 5, 5, 5, 5, 5, 5, 5, 5, 5, 5, 5, 7, 5, 5, 5, 7, 7, 5, 5, 7, 7, 7, 5, 7, 7, 7, 5, 7, 5, 7, 7, 7, 7, 7, 5, 7, 7, 7, 7, 7, 7, 7, 7, 7, 7, 7, 7, 7, 7, 7, 7, 7, 7, 7, 7, 1, 7, 7, 7, 7, 7, 7, 7, 7] 
dagE22.txt 3_2x4.txt True 0.165 0.18 307.0 [5, 5, 5, 5, 5, 5, 5, 5, 5, 5, 5, 5, 5, 5, 5, 5, 5, 7, 5, 5, 5, 7, 7, 5, 5, 7, 7, 7, 5, 7, 7, 7, 5, 7, 5, 7, 7, 7, 7, 7, 5, 7, 7, 7, 7, 7, 7, 7, 7, 7, 7, 7, 7, 7, 7, 7, 7, 7, 7, 7, 7, 1, 7, 7, 7, 7, 7, 7, 7, 7] 
dagE22.txt 3_2x4.txt True 0.185 0.19 296.0 [5, 5, 5, 5, 5, 5, 5, 5, 5, 5, 5, 5, 5, 5, 5, 5, 5, 7, 5, 5, 5, 7, 7, 5, 5, 7, 7, 7, 5, 7, 7, 7, 5, 7, 5, 7, 7, 7, 7, 7, 5, 7, 7, 7, 7, 7, 7, 7, 7, 1, 7, 7, 7, 7, 7, 7, 7, 7, 7, 7, 7, 1, 7, 7, 7, 7, 7, 7, 7, 7] 
dagE22.txt 3_2x4.txt True 0.185 0.2 296.0 [5, 5, 5, 5, 5, 5, 5, 5, 5, 5, 5, 5, 5, 5, 5, 5, 5, 7, 5, 5, 5, 7, 7, 5, 5, 7, 7, 7, 5, 7, 7, 7, 5, 7, 5, 7, 7, 7, 7, 7, 5, 7, 7, 7, 7, 7, 7, 7, 7, 1, 7, 7, 7, 7, 7, 7, 7, 7, 7, 7, 7, 1, 7, 7, 7, 7, 7, 7, 7, 7] 
dagE22.txt 3_2x4.txt True 0.23 0.25 287.0 [7, 7, 7, 7, 7, 7, 7, 7, 7, 7, 7, 7, 7, 7, 7, 7, 7, 7, 7, 7, 7, 7, 7, 7, 7, 5, 7, 7, 7, 7, 7, 3, 3, 5, 7, 3, 7, 3, 3, 3, 7, 7, 3, 3, 3, 3, 3, 3, 3, 3, 3, 3, 3, 3, 3, 3, 3, 3, 3, 3, 3, 3, 3, 3, 3, 3, 3, 3, 3, 3] 
dagE22.txt 3_2x4.txt True 0.3 0.3 250.75 [7, 7, 1, 7, 7, 7, 7, 7, 1, 7, 7, 7, 7, 7, 7, 7, 7, 7, 7, 7, 7, 7, 7, 7, 1, 5, 7, 7, 7, 7, 7, 3, 3, 5, 7, 3, 7, 3, 3, 3, 7, 7, 3, 3, 3, 3, 3, 3, 3, 3, 3, 3, 3, 3, 3, 3, 3, 3, 3, 3, 3, 3, 3, 3, 3, 3, 3, 3, 3, 3] 
dagE22.txt 3_2x4.txt True 0.35 0.35 483.0 [3, 3, 3, 3, 5, 6, 3, 3, 3, 3, 3, 3, 3, 3, 3, 5, 1, 6, 2, 6, 3, 6, 6, 3, 3, 6, 6, 6, 3, 6, 7, 6, 2, 6, 6, 6, 7, 7, 6, 7, 1, 6, 6, 7, 7, 6, 1, 7, 7, 4, 7, 7, 7, 7, 1, 7, 7, 7, 7, 7, 7, 7, 7, 4, 7, 7, 7, 7, 7, 7] 
dagE22.txt 3_2x4.txt True 0.4 0.4 362.0 [3, 3, 3, 3, 5, 6, 3, 3, 3, 3, 3, 3, 3, 3, 3, 5, 1, 6, 2, 3, 3, 6, 6, 3, 3, 1, 6, 6, 3, 6, 7, 6, 2, 6, 6, 6, 7, 7, 6, 7, 1, 1, 6, 7, 7, 6, 1, 7, 7, 4, 7, 7, 7, 7, 1, 7, 7, 7, 7, 7, 7, 7, 7, 4, 7, 7, 7, 7, 7, 7] 
dagE22.txt 3_2x4.txt True 0.445 0.45 582.0 [0, 0, 0, 0, 1, 0, 0, 0, 0, 1, 0, 0, 0, 0, 1, 1, 2, 3, 3, 3, 0, 0, 2, 0, 6, 0, 2, 3, 0, 5, 6, 5, 3, 3, 3, 3, 6, 6, 7, 5, 3, 2, 5, 6, 6, 5, 3, 5, 6, 6, 5, 6, 7, 7, 6, 4, 5, 7, 7, 4, 7, 7, 7, 6, 4, 7, 4, 7, 7, 7] 
dagE22.txt 3_2x4.txt True 0.495 0.5 341.0 [0, 0, 0, 0, 2, 2, 0, 0, 1, 2, 0, 2, 0, 0, 2, 2, 1, 3, 2, 2, 0, 1, 1, 1, 2, 1, 1, 1, 6, 1, 5, 6, 2, 6, 3, 3, 5, 5, 5, 6, 3, 1, 3, 5, 5, 6, 3, 6, 7, 4, 6, 5, 7, 5, 5, 7, 6, 7, 7, 7, 4, 5, 7, 4, 4, 7, 7, 4, 7, 4] 
dagE22.txt 3_2x4.txt True 0.55 0.55 287.0 [0, 0, 1, 1, 1, 3, 2, 0, 0, 2, 0, 1, 0, 0, 2, 1, 3, 2, 1, 1, 0, 2, 3, 6, 2, 1, 3, 2, 7, 2, 4, 6, 5, 1, 2, 6, 6, 4, 3, 7, 1, 3, 3, 6, 4, 6, 6, 7, 7, 5, 7, 4, 5, 6, 6, 5, 7, 7, 4, 4, 5, 5, 3, 4, 5, 5, 7, 7, 5, 4] 
dagE22.txt 3_2x4.txt True 0.6 0.6 202.0 [4, 5, 1, 5, 6, 5, 1, 4, 1, 5, 4, 5, 4, 4, 1, 5, 1, 7, 7, 5, 4, 5, 5, 1, 1, 5, 6, 6, 1, 5, 2, 0, 1, 7, 7, 7, 2, 1, 6, 0, 7, 6, 6, 2, 2, 2, 7, 0, 1, 7, 0, 3, 3, 2, 7, 3, 0, 1, 0, 2, 3, 3, 1, 3, 3, 1, 3, 0, 1, 3] 
dagE22.txt 3_2x4.txt True 0.645 0.65 172.0 [4, 1, 3, 5, 6, 5, 1, 3, 1, 5, 4, 5, 4, 4, 1, 1, 1, 7, 7, 5, 4, 5, 5, 1, 1, 5, 6, 6, 1, 5, 2, 0, 1, 7, 7, 7, 1, 1, 6, 0, 7, 6, 6, 2, 2, 2, 7, 0, 1, 7, 1, 3, 3, 2, 7, 3, 0, 1, 0, 2, 3, 3, 1, 3, 3, 1, 3, 0, 1, 3] 
dagE22.txt 3_2x4.txt True 0.685 0.7 116.5 [4, 5, 5, 5, 5, 5, 5, 3, 7, 5, 4, 5, 4, 4, 1, 1, 7, 7, 7, 5, 5, 5, 5, 3, 3, 5, 6, 6, 1, 5, 3, 0, 1, 7, 7, 7, 1, 1, 6, 0, 7, 3, 6, 1, 2, 2, 7, 7, 1, 7, 1, 3, 3, 2, 7, 3, 1, 1, 0, 2, 3, 3, 1, 3, 3, 1, 3, 0, 1, 3] 
dagE22.txt 3_2x4.txt True 0.685 0.75 116.5 [4, 5, 5, 5, 5, 5, 5, 3, 7, 5, 4, 5, 4, 4, 1, 1, 7, 7, 7, 5, 5, 5, 5, 3, 3, 5, 6, 6, 1, 5, 3, 0, 1, 7, 7, 7, 1, 1, 6, 0, 7, 3, 6, 1, 2, 2, 7, 7, 1, 7, 1, 3, 3, 2, 7, 3, 1, 1, 0, 2, 3, 3, 1, 3, 3, 1, 3, 0, 1, 3] 
dagE22.txt 3_2x4.txt True 0.79 0.8 114.0 [0, 7, 7, 6, 1, 1, 3, 7, 5, 1, 4, 4, 0, 0, 6, 1, 5, 3, 4, 1, 3, 7, 5, 7, 5, 7, 6, 0, 5, 2, 7, 7, 1, 5, 4, 3, 3, 7, 2, 7, 1, 3, 1, 3, 3, 2, 4, 5, 1, 3, 5, 1, 5, 6, 7, 5, 1, 1, 3, 2, 1, 5, 3, 3, 5, 5, 2, 6, 1, 3] 
dagE22.txt 3_2x4.txt True 0.79 0.85 114.0 [0, 7, 7, 6, 1, 1, 3, 7, 5, 1, 4, 4, 0, 0, 6, 1, 5, 3, 4, 1, 3, 7, 5, 7, 5, 7, 6, 0, 5, 2, 7, 7, 1, 5, 4, 3, 3, 7, 2, 7, 1, 3, 1, 3, 3, 2, 4, 5, 1, 3, 5, 1, 5, 6, 7, 5, 1, 1, 3, 2, 1, 5, 3, 3, 5, 5, 2, 6, 1, 3] 
dagE22.txt 3_2x4.txt True 0.79 0.9 114.0 [0, 7, 7, 6, 1, 1, 3, 7, 5, 1, 4, 4, 0, 0, 6, 1, 5, 3, 4, 1, 3, 7, 5, 7, 5, 7, 6, 0, 5, 2, 7, 7, 1, 5, 4, 3, 3, 7, 2, 7, 1, 3, 1, 3, 3, 2, 4, 5, 1, 3, 5, 1, 5, 6, 7, 5, 1, 1, 3, 2, 1, 5, 3, 3, 5, 5, 2, 6, 1, 3] 
dagE22.txt 3_2x4.txt True 0.79 0.95 114.0 [0, 7, 7, 6, 1, 1, 3, 7, 5, 1, 4, 4, 0, 0, 6, 1, 5, 3, 4, 1, 3, 7, 5, 7, 5, 7, 6, 0, 5, 2, 7, 7, 1, 5, 4, 3, 3, 7, 2, 7, 1, 3, 1, 3, 3, 2, 4, 5, 1, 3, 5, 1, 5, 6, 7, 5, 1, 1, 3, 2, 1, 5, 3, 3, 5, 5, 2, 6, 1, 3] 
dagE22.txt 3_2x4.txt True 0.79 1 114.0 [0, 7, 7, 6, 1, 1, 3, 7, 5, 1, 4, 4, 0, 0, 6, 1, 5, 3, 4, 1, 3, 7, 5, 7, 5, 7, 6, 0, 5, 2, 7, 7, 1, 5, 4, 3, 3, 7, 2, 7, 1, 3, 1, 3, 3, 2, 4, 5, 1, 3, 5, 1, 5, 6, 7, 5, 1, 1, 3, 2, 1, 5, 3, 3, 5, 5, 2, 6, 1, 3] 
dagE22.txt 100_1x1.txt True 0.05 0.07 2054.0 [1, 1, 1, 1, 1, 1, 1, 1, 1, 1, 1, 1, 1, 1, 1, 1, 1, 0, 1, 1, 1, 1, 1, 1, 1, 1, 1, 1, 1, 1, 1, 1, 1, 1, 1, 0, 1, 1, 1, 1, 1, 1, 1, 1, 1, 1, 1, 1, 1, 1, 1, 1, 1, 1, 0, 1, 1, 1, 1, 1, 1, 1, 1, 1, 1, 1, 1, 1, 1, 1] 
dagE22.txt 100_1x1.txt True 0.075 0.08 2005.0 [1, 1, 0, 1, 1, 1, 1, 1, 1, 1, 1, 1, 1, 1, 1, 1, 1, 0, 1, 1, 1, 1, 1, 1, 1, 1, 1, 1, 1, 1, 1, 1, 1, 1, 1, 0, 1, 1, 1, 1, 1, 1, 1, 1, 1, 1, 1, 1, 1, 1, 1, 1, 1, 1, 0, 1, 1, 1, 1, 1, 1, 1, 1, 1, 1, 1, 1, 1, 1, 1] 
dagE22.txt 100_1x1.txt True 0.075 0.09 2005.0 [1, 1, 0, 1, 1, 1, 1, 1, 1, 1, 1, 1, 1, 1, 1, 1, 1, 0, 1, 1, 1, 1, 1, 1, 1, 1, 1, 1, 1, 1, 1, 1, 1, 1, 1, 0, 1, 1, 1, 1, 1, 1, 1, 1, 1, 1, 1, 1, 1, 1, 1, 1, 1, 1, 0, 1, 1, 1, 1, 1, 1, 1, 1, 1, 1, 1, 1, 1, 1, 1] 
dagE22.txt 100_1x1.txt True 0.1 0.1 1957.0 [1, 1, 0, 1, 1, 1, 1, 1, 0, 1, 1, 1, 1, 1, 1, 1, 1, 0, 1, 1, 1, 1, 1, 1, 1, 1, 1, 1, 1, 1, 1, 1, 1, 1, 1, 0, 1, 1, 1, 1, 1, 1, 1, 1, 1, 1, 1, 1, 1, 1, 1, 1, 1, 1, 0, 1, 1, 1, 1, 1, 1, 1, 1, 1, 1, 1, 1, 1, 1, 1] 
dagE22.txt 100_1x1.txt True 0.1 0.11 1957.0 [1, 1, 0, 1, 1, 1, 1, 1, 0, 1, 1, 1, 1, 1, 1, 1, 1, 0, 1, 1, 1, 1, 1, 1, 1, 1, 1, 1, 1, 1, 1, 1, 1, 1, 1, 0, 1, 1, 1, 1, 1, 1, 1, 1, 1, 1, 1, 1, 1, 1, 1, 1, 1, 1, 0, 1, 1, 1, 1, 1, 1, 1, 1, 1, 1, 1, 1, 1, 1, 1] 
dagE22.txt 100_1x1.txt True 0.1 0.12 1957.0 [1, 1, 0, 1, 1, 1, 1, 1, 0, 1, 1, 1, 1, 1, 1, 1, 1, 0, 1, 1, 1, 1, 1, 1, 1, 1, 1, 1, 1, 1, 1, 1, 1, 1, 1, 0, 1, 1, 1, 1, 1, 1, 1, 1, 1, 1, 1, 1, 1, 1, 1, 1, 1, 1, 0, 1, 1, 1, 1, 1, 1, 1, 1, 1, 1, 1, 1, 1, 1, 1] 
dagE22.txt 100_1x1.txt True 0.1 0.13 1957.0 [1, 1, 0, 1, 1, 1, 1, 1, 0, 1, 1, 1, 1, 1, 1, 1, 1, 0, 1, 1, 1, 1, 1, 1, 1, 1, 1, 1, 1, 1, 1, 1, 1, 1, 1, 0, 1, 1, 1, 1, 1, 1, 1, 1, 1, 1, 1, 1, 1, 1, 1, 1, 1, 1, 0, 1, 1, 1, 1, 1, 1, 1, 1, 1, 1, 1, 1, 1, 1, 1] 
dagE22.txt 100_1x1.txt True 0.135 0.14 1909.0 [1, 1, 0, 1, 1, 1, 1, 1, 0, 1, 1, 1, 1, 1, 1, 1, 1, 0, 1, 1, 1, 1, 1, 1, 0, 1, 1, 1, 1, 1, 1, 1, 1, 1, 1, 0, 1, 1, 1, 1, 1, 1, 1, 1, 1, 1, 1, 1, 1, 1, 1, 1, 1, 1, 0, 1, 1, 1, 1, 1, 1, 1, 1, 1, 1, 1, 1, 1, 1, 1] 
dagE22.txt 100_1x1.txt True 0.15 0.15 1167.0 [1, 1, 1, 1, 1, 1, 1, 1, 1, 1, 1, 1, 1, 1, 1, 1, 1, 1, 1, 1, 1, 1, 1, 1, 1, 1, 1, 1, 0, 0, 0, 0, 1, 1, 1, 0, 0, 0, 1, 0, 1, 1, 1, 0, 0, 0, 0, 0, 0, 0, 0, 0, 0, 0, 0, 0, 0, 0, 0, 0, 0, 0, 0, 0, 0, 0, 0, 0, 0, 0] 
dagE22.txt 100_1x1.txt True 0.15 0.16 1167.0 [1, 1, 1, 1, 1, 1, 1, 1, 1, 1, 1, 1, 1, 1, 1, 1, 1, 1, 1, 1, 1, 1, 1, 1, 1, 1, 1, 1, 0, 0, 0, 0, 1, 1, 1, 0, 0, 0, 1, 0, 1, 1, 1, 0, 0, 0, 0, 0, 0, 0, 0, 0, 0, 0, 0, 0, 0, 0, 0, 0, 0, 0, 0, 0, 0, 0, 0, 0, 0, 0] 
dagE22.txt 100_1x1.txt True 0.15 0.17 1167.0 [1, 1, 1, 1, 1, 1, 1, 1, 1, 1, 1, 1, 1, 1, 1, 1, 1, 1, 1, 1, 1, 1, 1, 1, 1, 1, 1, 1, 0, 0, 0, 0, 1, 1, 1, 0, 0, 0, 1, 0, 1, 1, 1, 0, 0, 0, 0, 0, 0, 0, 0, 0, 0, 0, 0, 0, 0, 0, 0, 0, 0, 0, 0, 0, 0, 0, 0, 0, 0, 0] 
dagE22.txt 100_1x1.txt True 0.175 0.18 1118.0 [1, 1, 0, 1, 1, 1, 1, 1, 1, 1, 1, 1, 1, 1, 1, 1, 1, 1, 1, 1, 1, 1, 1, 1, 1, 1, 1, 1, 0, 0, 0, 0, 1, 1, 1, 0, 0, 0, 1, 0, 1, 1, 1, 0, 0, 0, 0, 0, 0, 0, 0, 0, 0, 0, 0, 0, 0, 0, 0, 0, 0, 0, 0, 0, 0, 0, 0, 0, 0, 0] 
dagE22.txt 100_1x1.txt True 0.175 0.19 1118.0 [1, 1, 0, 1, 1, 1, 1, 1, 1, 1, 1, 1, 1, 1, 1, 1, 1, 1, 1, 1, 1, 1, 1, 1, 1, 1, 1, 1, 0, 0, 0, 0, 1, 1, 1, 0, 0, 0, 1, 0, 1, 1, 1, 0, 0, 0, 0, 0, 0, 0, 0, 0, 0, 0, 0, 0, 0, 0, 0, 0, 0, 0, 0, 0, 0, 0, 0, 0, 0, 0] 
dagE22.txt 100_1x1.txt True 0.2 0.2 1070.0 [1, 1, 0, 1, 1, 1, 1, 1, 0, 1, 1, 1, 1, 1, 1, 1, 1, 1, 1, 1, 1, 1, 1, 1, 1, 1, 1, 1, 0, 0, 0, 0, 1, 1, 1, 0, 0, 0, 1, 0, 1, 1, 1, 0, 0, 0, 0, 0, 0, 0, 0, 0, 0, 0, 0, 0, 0, 0, 0, 0, 0, 0, 0, 0, 0, 0, 0, 0, 0, 0] 
dagE22.txt 100_1x1.txt True 0.25 0.25 884.0 [1, 0, 0, 1, 1, 1, 0, 1, 0, 1, 1, 1, 1, 1, 1, 1, 1, 1, 1, 1, 1, 1, 1, 0, 0, 1, 1, 1, 0, 0, 0, 0, 1, 1, 1, 0, 0, 0, 1, 0, 1, 1, 1, 0, 0, 0, 0, 0, 0, 0, 0, 0, 0, 0, 0, 0, 0, 0, 0, 0, 0, 0, 0, 0, 0, 0, 0, 0, 0, 0] 
dagE22.txt 100_1x1.txt True 0.285 0.3 754.0 [1, 0, 0, 1, 1, 1, 0, 0, 0, 1, 1, 1, 1, 1, 1, 0, 0, 1, 1, 1, 1, 1, 1, 0, 0, 1, 1, 1, 0, 0, 0, 0, 1, 1, 1, 0, 0, 0, 1, 0, 1, 1, 1, 0, 0, 0, 0, 0, 0, 0, 0, 0, 0, 0, 0, 0, 0, 0, 0, 0, 0, 0, 0, 0, 0, 0, 0, 0, 0, 0] 
dagE22.txt 100_1x1.txt True 0.02 0.35 21.56 [0, 0, 0, 0, 0, 1, 0, 0, 0, 0, 0, 0, 0, 0, 0, 0, 0, 0, 0, 0, 0, 0, 0, 0, 0, 0, 0, 0, 0, 0, 0, 0, 0, 0, 0, 0, 0, 0, 0, 0, 0, 0, 0, 0, 0, 0, 0, 0, 0, 0, 0, 0, 0, 0, 0, 0, 0, 0, 0, 0, 0, 0, 0, 0, 0, 0, 0, 0, 0, 0] 
dagE22.txt 100_1x1.txt True 0.02 0.4 21.56 [0, 0, 0, 0, 0, 1, 0, 0, 0, 0, 0, 0, 0, 0, 0, 0, 0, 0, 0, 0, 0, 0, 0, 0, 0, 0, 0, 0, 0, 0, 0, 0, 0, 0, 0, 0, 0, 0, 0, 0, 0, 0, 0, 0, 0, 0, 0, 0, 0, 0, 0, 0, 0, 0, 0, 0, 0, 0, 0, 0, 0, 0, 0, 0, 0, 0, 0, 0, 0, 0] 
dagE22.txt 100_1x1.txt True 0.02 0.45 21.56 [0, 0, 0, 0, 0, 1, 0, 0, 0, 0, 0, 0, 0, 0, 0, 0, 0, 0, 0, 0, 0, 0, 0, 0, 0, 0, 0, 0, 0, 0, 0, 0, 0, 0, 0, 0, 0, 0, 0, 0, 0, 0, 0, 0, 0, 0, 0, 0, 0, 0, 0, 0, 0, 0, 0, 0, 0, 0, 0, 0, 0, 0, 0, 0, 0, 0, 0, 0, 0, 0] 
dagE22.txt 100_1x1.txt True 0.02 0.5 21.56 [0, 0, 0, 0, 0, 1, 0, 0, 0, 0, 0, 0, 0, 0, 0, 0, 0, 0, 0, 0, 0, 0, 0, 0, 0, 0, 0, 0, 0, 0, 0, 0, 0, 0, 0, 0, 0, 0, 0, 0, 0, 0, 0, 0, 0, 0, 0, 0, 0, 0, 0, 0, 0, 0, 0, 0, 0, 0, 0, 0, 0, 0, 0, 0, 0, 0, 0, 0, 0, 0] 
dagE22.txt 100_1x1.txt True 0.02 0.55 21.56 [0, 0, 0, 0, 0, 1, 0, 0, 0, 0, 0, 0, 0, 0, 0, 0, 0, 0, 0, 0, 0, 0, 0, 0, 0, 0, 0, 0, 0, 0, 0, 0, 0, 0, 0, 0, 0, 0, 0, 0, 0, 0, 0, 0, 0, 0, 0, 0, 0, 0, 0, 0, 0, 0, 0, 0, 0, 0, 0, 0, 0, 0, 0, 0, 0, 0, 0, 0, 0, 0] 
dagE22.txt 100_1x1.txt True 0.02 0.6 21.56 [0, 0, 0, 0, 0, 1, 0, 0, 0, 0, 0, 0, 0, 0, 0, 0, 0, 0, 0, 0, 0, 0, 0, 0, 0, 0, 0, 0, 0, 0, 0, 0, 0, 0, 0, 0, 0, 0, 0, 0, 0, 0, 0, 0, 0, 0, 0, 0, 0, 0, 0, 0, 0, 0, 0, 0, 0, 0, 0, 0, 0, 0, 0, 0, 0, 0, 0, 0, 0, 0] 
dagE22.txt 100_1x1.txt True 0.02 0.65 21.56 [0, 0, 0, 0, 0, 1, 0, 0, 0, 0, 0, 0, 0, 0, 0, 0, 0, 0, 0, 0, 0, 0, 0, 0, 0, 0, 0, 0, 0, 0, 0, 0, 0, 0, 0, 0, 0, 0, 0, 0, 0, 0, 0, 0, 0, 0, 0, 0, 0, 0, 0, 0, 0, 0, 0, 0, 0, 0, 0, 0, 0, 0, 0, 0, 0, 0, 0, 0, 0, 0] 
dagE22.txt 100_1x1.txt True 0.02 0.7 21.56 [0, 0, 0, 0, 0, 1, 0, 0, 0, 0, 0, 0, 0, 0, 0, 0, 0, 0, 0, 0, 0, 0, 0, 0, 0, 0, 0, 0, 0, 0, 0, 0, 0, 0, 0, 0, 0, 0, 0, 0, 0, 0, 0, 0, 0, 0, 0, 0, 0, 0, 0, 0, 0, 0, 0, 0, 0, 0, 0, 0, 0, 0, 0, 0, 0, 0, 0, 0, 0, 0] 
dagE22.txt 100_1x1.txt True 0.02 0.75 21.56 [0, 0, 0, 0, 0, 1, 0, 0, 0, 0, 0, 0, 0, 0, 0, 0, 0, 0, 0, 0, 0, 0, 0, 0, 0, 0, 0, 0, 0, 0, 0, 0, 0, 0, 0, 0, 0, 0, 0, 0, 0, 0, 0, 0, 0, 0, 0, 0, 0, 0, 0, 0, 0, 0, 0, 0, 0, 0, 0, 0, 0, 0, 0, 0, 0, 0, 0, 0, 0, 0] 
dagE22.txt 100_1x1.txt True 0.02 0.8 21.56 [0, 0, 0, 0, 0, 1, 0, 0, 0, 0, 0, 0, 0, 0, 0, 0, 0, 0, 0, 0, 0, 0, 0, 0, 0, 0, 0, 0, 0, 0, 0, 0, 0, 0, 0, 0, 0, 0, 0, 0, 0, 0, 0, 0, 0, 0, 0, 0, 0, 0, 0, 0, 0, 0, 0, 0, 0, 0, 0, 0, 0, 0, 0, 0, 0, 0, 0, 0, 0, 0] 
dagE22.txt 100_1x1.txt True 0.02 0.85 21.56 [0, 0, 0, 0, 0, 1, 0, 0, 0, 0, 0, 0, 0, 0, 0, 0, 0, 0, 0, 0, 0, 0, 0, 0, 0, 0, 0, 0, 0, 0, 0, 0, 0, 0, 0, 0, 0, 0, 0, 0, 0, 0, 0, 0, 0, 0, 0, 0, 0, 0, 0, 0, 0, 0, 0, 0, 0, 0, 0, 0, 0, 0, 0, 0, 0, 0, 0, 0, 0, 0] 
dagE22.txt 100_1x1.txt True 0.02 0.9 21.56 [0, 0, 0, 0, 0, 1, 0, 0, 0, 0, 0, 0, 0, 0, 0, 0, 0, 0, 0, 0, 0, 0, 0, 0, 0, 0, 0, 0, 0, 0, 0, 0, 0, 0, 0, 0, 0, 0, 0, 0, 0, 0, 0, 0, 0, 0, 0, 0, 0, 0, 0, 0, 0, 0, 0, 0, 0, 0, 0, 0, 0, 0, 0, 0, 0, 0, 0, 0, 0, 0] 
dagE22.txt 100_1x1.txt True 0.02 0.95 21.56 [0, 0, 0, 0, 0, 1, 0, 0, 0, 0, 0, 0, 0, 0, 0, 0, 0, 0, 0, 0, 0, 0, 0, 0, 0, 0, 0, 0, 0, 0, 0, 0, 0, 0, 0, 0, 0, 0, 0, 0, 0, 0, 0, 0, 0, 0, 0, 0, 0, 0, 0, 0, 0, 0, 0, 0, 0, 0, 0, 0, 0, 0, 0, 0, 0, 0, 0, 0, 0, 0] 
dagE22.txt 100_1x1.txt True 0.02 1 21.56 [0, 0, 0, 0, 0, 1, 0, 0, 0, 0, 0, 0, 0, 0, 0, 0, 0, 0, 0, 0, 0, 0, 0, 0, 0, 0, 0, 0, 0, 0, 0, 0, 0, 0, 0, 0, 0, 0, 0, 0, 0, 0, 0, 0, 0, 0, 0, 0, 0, 0, 0, 0, 0, 0, 0, 0, 0, 0, 0, 0, 0, 0, 0, 0, 0, 0, 0, 0, 0, 0] 
dagE22.txt 1234x1.txt True 0.05 0.07 507.5 [3, 3, 3, 3, 3, 3, 3, 3, 3, 3, 3, 3, 3, 3, 3, 3, 3, 3, 3, 3, 3, 3, 3, 3, 3, 3, 3, 3, 3, 3, 3, 3, 3, 3, 3, 1, 3, 3, 3, 3, 3, 3, 3, 3, 3, 3, 3, 3, 3, 2, 3, 3, 3, 3, 1, 3, 3, 3, 3, 3, 3, 3, 3, 2, 3, 3, 3, 3, 3, 3] 
dagE22.txt 1234x1.txt True 0.075 0.08 495.25 [3, 3, 2, 3, 3, 3, 3, 3, 3, 3, 3, 3, 3, 3, 3, 3, 3, 3, 3, 3, 3, 3, 3, 3, 3, 3, 3, 3, 3, 3, 3, 3, 3, 3, 3, 1, 3, 3, 3, 3, 3, 3, 3, 3, 3, 3, 3, 3, 3, 2, 3, 3, 3, 3, 1, 3, 3, 3, 3, 3, 3, 3, 3, 2, 3, 3, 3, 3, 3, 3] 
dagE22.txt 1234x1.txt True 0.075 0.09 495.25 [3, 3, 2, 3, 3, 3, 3, 3, 3, 3, 3, 3, 3, 3, 3, 3, 3, 3, 3, 3, 3, 3, 3, 3, 3, 3, 3, 3, 3, 3, 3, 3, 3, 3, 3, 1, 3, 3, 3, 3, 3, 3, 3, 3, 3, 3, 3, 3, 3, 2, 3, 3, 3, 3, 1, 3, 3, 3, 3, 3, 3, 3, 3, 2, 3, 3, 3, 3, 3, 3] 
dagE22.txt 1234x1.txt True 0.1 0.1 483.25 [3, 3, 2, 3, 3, 3, 3, 3, 2, 3, 3, 3, 3, 3, 3, 3, 3, 3, 3, 3, 3, 3, 3, 3, 3, 3, 3, 3, 3, 3, 3, 3, 3, 3, 3, 1, 3, 3, 3, 3, 3, 3, 3, 3, 3, 3, 3, 3, 3, 2, 3, 3, 3, 3, 1, 3, 3, 3, 3, 3, 3, 3, 3, 2, 3, 3, 3, 3, 3, 3] 
dagE22.txt 1234x1.txt True 0.1 0.11 483.25 [3, 3, 2, 3, 3, 3, 3, 3, 2, 3, 3, 3, 3, 3, 3, 3, 3, 3, 3, 3, 3, 3, 3, 3, 3, 3, 3, 3, 3, 3, 3, 3, 3, 3, 3, 1, 3, 3, 3, 3, 3, 3, 3, 3, 3, 3, 3, 3, 3, 2, 3, 3, 3, 3, 1, 3, 3, 3, 3, 3, 3, 3, 3, 2, 3, 3, 3, 3, 3, 3] 
dagE22.txt 1234x1.txt True 0.1 0.12 483.25 [3, 3, 2, 3, 3, 3, 3, 3, 2, 3, 3, 3, 3, 3, 3, 3, 3, 3, 3, 3, 3, 3, 3, 3, 3, 3, 3, 3, 3, 3, 3, 3, 3, 3, 3, 1, 3, 3, 3, 3, 3, 3, 3, 3, 3, 3, 3, 3, 3, 2, 3, 3, 3, 3, 1, 3, 3, 3, 3, 3, 3, 3, 3, 2, 3, 3, 3, 3, 3, 3] 
dagE22.txt 1234x1.txt True 0.1 0.13 483.25 [3, 3, 2, 3, 3, 3, 3, 3, 2, 3, 3, 3, 3, 3, 3, 3, 3, 3, 3, 3, 3, 3, 3, 3, 3, 3, 3, 3, 3, 3, 3, 3, 3, 3, 3, 1, 3, 3, 3, 3, 3, 3, 3, 3, 3, 3, 3, 3, 3, 2, 3, 3, 3, 3, 1, 3, 3, 3, 3, 3, 3, 3, 3, 2, 3, 3, 3, 3, 3, 3] 
dagE22.txt 1234x1.txt True 0.135 0.14 471.25 [3, 3, 2, 3, 3, 3, 3, 3, 2, 3, 3, 3, 3, 3, 3, 3, 3, 3, 3, 3, 3, 3, 3, 3, 2, 3, 3, 3, 3, 3, 3, 3, 3, 3, 3, 1, 3, 3, 3, 3, 3, 3, 3, 3, 3, 3, 3, 3, 3, 2, 3, 3, 3, 3, 1, 3, 3, 3, 3, 3, 3, 3, 3, 2, 3, 3, 3, 3, 3, 3] 
dagE22.txt 1234x1.txt True 0.15 0.15 459.5 [3, 3, 2, 3, 3, 3, 3, 3, 2, 3, 3, 3, 3, 3, 3, 3, 3, 3, 3, 3, 3, 3, 3, 2, 2, 3, 3, 3, 3, 3, 3, 3, 3, 3, 3, 1, 3, 3, 3, 3, 3, 3, 3, 3, 3, 3, 3, 3, 3, 2, 3, 3, 3, 3, 1, 3, 3, 3, 3, 3, 3, 3, 3, 2, 3, 3, 3, 3, 3, 3] 
dagE22.txt 1234x1.txt True 0.15 0.16 459.5 [3, 3, 2, 3, 3, 3, 3, 3, 2, 3, 3, 3, 3, 3, 3, 3, 3, 3, 3, 3, 3, 3, 3, 2, 2, 3, 3, 3, 3, 3, 3, 3, 3, 3, 3, 1, 3, 3, 3, 3, 3, 3, 3, 3, 3, 3, 3, 3, 3, 2, 3, 3, 3, 3, 1, 3, 3, 3, 3, 3, 3, 3, 3, 2, 3, 3, 3, 3, 3, 3] 
dagE22.txt 1234x1.txt True 0.165 0.17 408.5 [3, 3, 3, 3, 3, 3, 3, 3, 3, 3, 3, 3, 3, 3, 3, 3, 3, 3, 3, 3, 3, 3, 3, 3, 3, 3, 3, 3, 3, 3, 1, 3, 3, 3, 3, 3, 3, 3, 3, 3, 3, 3, 3, 3, 2, 3, 1, 3, 3, 3, 3, 1, 2, 2, 3, 2, 3, 2, 2, 2, 2, 2, 2, 1, 2, 2, 2, 2, 2, 2] 
dagE22.txt 1234x1.txt True 0.165 0.18 408.5 [3, 3, 3, 3, 3, 3, 3, 3, 3, 3, 3, 3, 3, 3, 3, 3, 3, 3, 3, 3, 3, 3, 3, 3, 3, 3, 3, 3, 3, 3, 1, 3, 3, 3, 3, 3, 3, 3, 3, 3, 3, 3, 3, 3, 2, 3, 1, 3, 3, 3, 3, 1, 2, 2, 3, 2, 3, 2, 2, 2, 2, 2, 2, 1, 2, 2, 2, 2, 2, 2] 
dagE22.txt 1234x1.txt True 0.19 0.19 396.25 [3, 3, 2, 3, 3, 3, 3, 3, 3, 3, 3, 3, 3, 3, 3, 3, 3, 3, 3, 3, 3, 3, 3, 3, 3, 3, 3, 3, 3, 3, 1, 3, 3, 3, 3, 3, 3, 3, 3, 3, 3, 3, 3, 3, 2, 3, 1, 3, 3, 3, 3, 1, 2, 2, 3, 2, 3, 2, 2, 2, 2, 2, 2, 1, 2, 2, 2, 2, 2, 2] 
dagE22.txt 1234x1.txt True 0.19 0.2 396.25 [3, 3, 2, 3, 3, 3, 3, 3, 3, 3, 3, 3, 3, 3, 3, 3, 3, 3, 3, 3, 3, 3, 3, 3, 3, 3, 3, 3, 3, 3, 1, 3, 3, 3, 3, 3, 3, 3, 3, 3, 3, 3, 3, 3, 2, 3, 1, 3, 3, 3, 3, 1, 2, 2, 3, 2, 3, 2, 2, 2, 2, 2, 2, 1, 2, 2, 2, 2, 2, 2] 
dagE22.txt 1234x1.txt True 0.25 0.25 372.25 [3, 3, 2, 3, 3, 3, 3, 3, 2, 3, 3, 3, 3, 3, 3, 3, 3, 3, 3, 3, 3, 3, 3, 3, 2, 3, 3, 3, 3, 3, 1, 3, 3, 3, 3, 3, 3, 3, 3, 3, 3, 3, 3, 3, 2, 3, 1, 3, 3, 3, 3, 1, 2, 2, 3, 2, 3, 2, 2, 2, 2, 2, 2, 1, 2, 2, 2, 2, 2, 2] 
dagE22.txt 1234x1.txt True 0.3 0.3 299.0 [1, 1, 0, 1, 2, 1, 1, 1, 1, 1, 1, 1, 1, 1, 1, 2, 0, 0, 0, 2, 1, 1, 3, 1, 3, 1, 0, 0, 1, 0, 3, 3, 0, 0, 2, 2, 3, 3, 3, 3, 2, 3, 3, 3, 3, 3, 2, 3, 3, 3, 3, 3, 3, 3, 2, 3, 3, 3, 3, 3, 3, 3, 3, 3, 3, 3, 3, 3, 3, 3] 
dagE22.txt 1234x1.txt True 0.35 0.35 377.0 [2, 2, 2, 2, 3, 3, 2, 2, 2, 2, 2, 2, 2, 2, 2, 2, 3, 3, 3, 3, 2, 3, 3, 2, 1, 2, 3, 3, 2, 3, 1, 0, 1, 3, 3, 1, 1, 1, 3, 0, 3, 3, 3, 1, 1, 0, 1, 0, 0, 1, 0, 1, 0, 1, 1, 0, 0, 0, 1, 0, 3, 1, 1, 1, 0, 0, 0, 1, 0, 1] 
dagE22.txt 1234x1.txt True 0.4 0.4 240.0 [2, 2, 2, 2, 3, 3, 2, 2, 2, 2, 2, 2, 2, 2, 2, 2, 3, 3, 3, 3, 2, 3, 3, 2, 3, 2, 3, 3, 2, 3, 1, 0, 1, 3, 3, 1, 1, 1, 3, 0, 3, 3, 3, 1, 1, 0, 1, 3, 0, 1, 3, 1, 0, 1, 1, 0, 3, 0, 1, 0, 3, 3, 3, 1, 0, 3, 0, 1, 0, 1] 
dagE22.txt 1234x1.txt True 0.42 0.45 220.66666666666666 [2, 2, 2, 2, 3, 3, 2, 2, 2, 2, 2, 2, 2, 2, 2, 2, 3, 3, 3, 3, 2, 3, 3, 2, 2, 2, 3, 3, 2, 3, 1, 0, 1, 3, 3, 1, 1, 1, 3, 0, 3, 3, 3, 1, 1, 0, 1, 3, 0, 3, 3, 1, 0, 1, 1, 3, 3, 0, 1, 0, 3, 3, 3, 1, 0, 3, 0, 1, 0, 1] 
dagE22.txt 1234x1.txt True 0.42 0.5 220.66666666666666 [2, 2, 2, 2, 3, 3, 2, 2, 2, 2, 2, 2, 2, 2, 2, 2, 3, 3, 3, 3, 2, 3, 3, 2, 2, 2, 3, 3, 2, 3, 1, 0, 1, 3, 3, 1, 1, 1, 3, 0, 3, 3, 3, 1, 1, 0, 1, 3, 0, 3, 3, 1, 0, 1, 1, 3, 3, 0, 1, 0, 3, 3, 3, 1, 0, 3, 0, 1, 0, 1] 
dagE22.txt 1234x1.txt True 0.42 0.55 220.66666666666666 [2, 2, 2, 2, 3, 3, 2, 2, 2, 2, 2, 2, 2, 2, 2, 2, 3, 3, 3, 3, 2, 3, 3, 2, 2, 2, 3, 3, 2, 3, 1, 0, 1, 3, 3, 1, 1, 1, 3, 0, 3, 3, 3, 1, 1, 0, 1, 3, 0, 3, 3, 1, 0, 1, 1, 3, 3, 0, 1, 0, 3, 3, 3, 1, 0, 3, 0, 1, 0, 1] 
dagE22.txt 1234x1.txt True 0.545 0.6 225.0 [2, 2, 2, 2, 3, 3, 2, 2, 2, 2, 2, 2, 2, 2, 2, 2, 3, 3, 3, 2, 1, 3, 3, 2, 3, 3, 2, 3, 1, 3, 3, 0, 1, 3, 3, 3, 2, 1, 1, 3, 3, 2, 1, 1, 1, 0, 1, 3, 3, 2, 3, 1, 0, 0, 3, 1, 3, 1, 0, 1, 3, 3, 3, 0, 3, 1, 0, 0, 0, 0] 
dagE22.txt 1234x1.txt True 0.545 0.65 225.0 [2, 2, 2, 2, 3, 3, 2, 2, 2, 2, 2, 2, 2, 2, 2, 2, 3, 3, 3, 2, 1, 3, 3, 2, 3, 3, 2, 3, 1, 3, 3, 0, 1, 3, 3, 3, 2, 1, 1, 3, 3, 2, 1, 1, 1, 0, 1, 3, 3, 2, 3, 1, 0, 0, 3, 1, 3, 1, 0, 1, 3, 3, 3, 0, 3, 1, 0, 0, 0, 0] 
dagE22.txt 1234x1.txt True 0.545 0.7 225.0 [2, 2, 2, 2, 3, 3, 2, 2, 2, 2, 2, 2, 2, 2, 2, 2, 3, 3, 3, 2, 1, 3, 3, 2, 3, 3, 2, 3, 1, 3, 3, 0, 1, 3, 3, 3, 2, 1, 1, 3, 3, 2, 1, 1, 1, 0, 1, 3, 3, 2, 3, 1, 0, 0, 3, 1, 3, 1, 0, 1, 3, 3, 3, 0, 3, 1, 0, 0, 0, 0] 
dagE22.txt 1234x1.txt True 0.545 0.75 225.0 [2, 2, 2, 2, 3, 3, 2, 2, 2, 2, 2, 2, 2, 2, 2, 2, 3, 3, 3, 2, 1, 3, 3, 2, 3, 3, 2, 3, 1, 3, 3, 0, 1, 3, 3, 3, 2, 1, 1, 3, 3, 2, 1, 1, 1, 0, 1, 3, 3, 2, 3, 1, 0, 0, 3, 1, 3, 1, 0, 1, 3, 3, 3, 0, 3, 1, 0, 0, 0, 0] 
dagE22.txt 1234x1.txt True 0.545 0.8 225.0 [2, 2, 2, 2, 3, 3, 2, 2, 2, 2, 2, 2, 2, 2, 2, 2, 3, 3, 3, 2, 1, 3, 3, 2, 3, 3, 2, 3, 1, 3, 3, 0, 1, 3, 3, 3, 2, 1, 1, 3, 3, 2, 1, 1, 1, 0, 1, 3, 3, 2, 3, 1, 0, 0, 3, 1, 3, 1, 0, 1, 3, 3, 3, 0, 3, 1, 0, 0, 0, 0] 
dagE22.txt 1234x1.txt True 0.545 0.85 225.0 [2, 2, 2, 2, 3, 3, 2, 2, 2, 2, 2, 2, 2, 2, 2, 2, 3, 3, 3, 2, 1, 3, 3, 2, 3, 3, 2, 3, 1, 3, 3, 0, 1, 3, 3, 3, 2, 1, 1, 3, 3, 2, 1, 1, 1, 0, 1, 3, 3, 2, 3, 1, 0, 0, 3, 1, 3, 1, 0, 1, 3, 3, 3, 0, 3, 1, 0, 0, 0, 0] 
dagE22.txt 1234x1.txt True 0.545 0.9 225.0 [2, 2, 2, 2, 3, 3, 2, 2, 2, 2, 2, 2, 2, 2, 2, 2, 3, 3, 3, 2, 1, 3, 3, 2, 3, 3, 2, 3, 1, 3, 3, 0, 1, 3, 3, 3, 2, 1, 1, 3, 3, 2, 1, 1, 1, 0, 1, 3, 3, 2, 3, 1, 0, 0, 3, 1, 3, 1, 0, 1, 3, 3, 3, 0, 3, 1, 0, 0, 0, 0] 
dagE22.txt 1234x1.txt True 0.545 0.95 225.0 [2, 2, 2, 2, 3, 3, 2, 2, 2, 2, 2, 2, 2, 2, 2, 2, 3, 3, 3, 2, 1, 3, 3, 2, 3, 3, 2, 3, 1, 3, 3, 0, 1, 3, 3, 3, 2, 1, 1, 3, 3, 2, 1, 1, 1, 0, 1, 3, 3, 2, 3, 1, 0, 0, 3, 1, 3, 1, 0, 1, 3, 3, 3, 0, 3, 1, 0, 0, 0, 0] 
dagE22.txt 1234x1.txt True 0.545 1 225.0 [2, 2, 2, 2, 3, 3, 2, 2, 2, 2, 2, 2, 2, 2, 2, 2, 3, 3, 3, 2, 1, 3, 3, 2, 3, 3, 2, 3, 1, 3, 3, 0, 1, 3, 3, 3, 2, 1, 1, 3, 3, 2, 1, 1, 1, 0, 1, 3, 3, 2, 3, 1, 0, 0, 3, 1, 3, 1, 0, 1, 3, 3, 3, 0, 3, 1, 0, 0, 0, 0] 
dagE22.txt 3_2x3.txt True 0.05 0.07 1034.5 [5, 5, 0, 5, 5, 5, 5, 5, 0, 5, 5, 5, 5, 5, 5, 5, 5, 5, 5, 5, 5, 5, 5, 5, 5, 5, 5, 5, 5, 5, 5, 5, 5, 5, 5, 5, 5, 5, 5, 5, 5, 5, 5, 5, 5, 5, 5, 5, 5, 5, 5, 5, 5, 5, 5, 5, 5, 5, 5, 5, 5, 5, 5, 5, 5, 5, 5, 5, 5, 5] 
dagE22.txt 3_2x3.txt True 0.05 0.08 1034.5 [5, 5, 0, 5, 5, 5, 5, 5, 0, 5, 5, 5, 5, 5, 5, 5, 5, 5, 5, 5, 5, 5, 5, 5, 5, 5, 5, 5, 5, 5, 5, 5, 5, 5, 5, 5, 5, 5, 5, 5, 5, 5, 5, 5, 5, 5, 5, 5, 5, 5, 5, 5, 5, 5, 5, 5, 5, 5, 5, 5, 5, 5, 5, 5, 5, 5, 5, 5, 5, 5] 
dagE22.txt 3_2x3.txt True 0.085 0.09 1010.5 [5, 5, 0, 5, 5, 5, 5, 5, 0, 5, 5, 5, 5, 5, 5, 5, 5, 5, 5, 5, 5, 5, 5, 5, 0, 5, 5, 5, 5, 5, 5, 5, 5, 5, 5, 5, 5, 5, 5, 5, 5, 5, 5, 5, 5, 5, 5, 5, 5, 5, 5, 5, 5, 5, 5, 5, 5, 5, 5, 5, 5, 5, 5, 5, 5, 5, 5, 5, 5, 5] 
dagE22.txt 3_2x3.txt True 0.1 0.1 987.0 [5, 5, 0, 5, 5, 5, 5, 5, 0, 5, 5, 5, 5, 5, 5, 5, 5, 5, 5, 5, 5, 5, 5, 0, 0, 5, 5, 5, 5, 5, 5, 5, 5, 5, 5, 5, 5, 5, 5, 5, 5, 5, 5, 5, 5, 5, 5, 5, 5, 5, 5, 5, 5, 5, 5, 5, 5, 5, 5, 5, 5, 5, 5, 5, 5, 5, 5, 5, 5, 5] 
dagE22.txt 3_2x3.txt True 0.105 0.11 905.0 [3, 5, 3, 5, 5, 5, 3, 3, 3, 3, 3, 5, 3, 3, 3, 3, 5, 5, 5, 5, 5, 5, 5, 5, 5, 5, 5, 5, 5, 5, 5, 5, 5, 5, 5, 5, 5, 5, 5, 5, 5, 5, 5, 5, 5, 5, 5, 5, 5, 5, 5, 5, 5, 5, 5, 5, 5, 5, 5, 5, 5, 5, 5, 5, 5, 5, 5, 5, 5, 5] 
dagE22.txt 3_2x3.txt True 0.105 0.12 905.0 [3, 5, 3, 5, 5, 5, 3, 3, 3, 3, 3, 5, 3, 3, 3, 3, 5, 5, 5, 5, 5, 5, 5, 5, 5, 5, 5, 5, 5, 5, 5, 5, 5, 5, 5, 5, 5, 5, 5, 5, 5, 5, 5, 5, 5, 5, 5, 5, 5, 5, 5, 5, 5, 5, 5, 5, 5, 5, 5, 5, 5, 5, 5, 5, 5, 5, 5, 5, 5, 5] 
dagE22.txt 3_2x3.txt True 0.13 0.13 881.0 [3, 5, 3, 5, 5, 5, 3, 3, 3, 3, 3, 5, 3, 3, 3, 3, 5, 5, 5, 5, 5, 5, 5, 5, 3, 5, 5, 5, 5, 5, 5, 5, 5, 5, 5, 5, 5, 5, 5, 5, 5, 5, 5, 5, 5, 5, 5, 5, 5, 5, 5, 5, 5, 5, 5, 5, 5, 5, 5, 5, 5, 5, 5, 5, 5, 5, 5, 5, 5, 5] 
dagE22.txt 3_2x3.txt True 0.135 0.14 881.0 [3, 5, 3, 5, 5, 5, 3, 3, 3, 3, 3, 5, 3, 3, 3, 3, 5, 5, 5, 5, 5, 5, 5, 5, 0, 5, 5, 5, 5, 5, 5, 5, 5, 5, 5, 5, 5, 5, 5, 5, 5, 5, 5, 5, 5, 5, 5, 5, 5, 5, 5, 5, 5, 5, 5, 5, 5, 5, 5, 5, 5, 5, 5, 5, 5, 5, 5, 5, 5, 5] 
dagE22.txt 3_2x3.txt True 0.15 0.15 857.5 [3, 5, 3, 5, 5, 5, 3, 3, 3, 3, 3, 5, 3, 3, 3, 3, 5, 5, 5, 5, 5, 5, 5, 3, 0, 5, 5, 5, 5, 5, 5, 5, 5, 5, 5, 5, 5, 5, 5, 5, 5, 5, 5, 5, 5, 5, 5, 5, 5, 5, 5, 5, 5, 5, 5, 5, 5, 5, 5, 5, 5, 5, 5, 5, 5, 5, 5, 5, 5, 5] 
dagE22.txt 3_2x3.txt True 0.16 0.16 834.5 [3, 3, 3, 5, 5, 5, 3, 3, 3, 3, 3, 5, 3, 3, 3, 3, 5, 5, 5, 5, 5, 5, 5, 0, 0, 5, 5, 5, 5, 5, 5, 5, 5, 5, 5, 5, 5, 5, 5, 5, 5, 5, 5, 5, 5, 5, 5, 5, 5, 5, 5, 5, 5, 5, 5, 5, 5, 5, 5, 5, 5, 5, 5, 5, 5, 5, 5, 5, 5, 5] 
dagE22.txt 3_2x3.txt True 0.17 0.17 834.5 [3, 0, 3, 5, 5, 5, 3, 3, 3, 3, 3, 5, 3, 3, 3, 3, 5, 5, 5, 5, 5, 5, 5, 0, 0, 5, 5, 5, 5, 5, 5, 5, 5, 5, 5, 5, 5, 5, 5, 5, 5, 5, 5, 5, 5, 5, 5, 5, 5, 5, 5, 5, 5, 5, 5, 5, 5, 5, 5, 5, 5, 5, 5, 5, 5, 5, 5, 5, 5, 5] 
dagE22.txt 3_2x3.txt True 0.17 0.18 834.5 [3, 0, 3, 5, 5, 5, 3, 3, 3, 3, 3, 5, 3, 3, 3, 3, 5, 5, 5, 5, 5, 5, 5, 0, 0, 5, 5, 5, 5, 5, 5, 5, 5, 5, 5, 5, 5, 5, 5, 5, 5, 5, 5, 5, 5, 5, 5, 5, 5, 5, 5, 5, 5, 5, 5, 5, 5, 5, 5, 5, 5, 5, 5, 5, 5, 5, 5, 5, 5, 5] 
dagE22.txt 3_2x3.txt True 0.19 0.19 812.0 [3, 0, 3, 5, 5, 5, 3, 3, 3, 3, 3, 5, 3, 3, 3, 3, 5, 5, 5, 5, 5, 5, 5, 0, 0, 5, 5, 5, 5, 5, 5, 5, 5, 5, 5, 5, 5, 5, 5, 5, 5, 5, 5, 5, 5, 5, 5, 5, 5, 5, 5, 5, 5, 5, 5, 5, 5, 5, 5, 5, 5, 0, 5, 5, 5, 5, 5, 5, 5, 5] 
dagE22.txt 3_2x3.txt True 0.2 0.2 790.0 [3, 0, 3, 5, 5, 5, 3, 3, 3, 3, 3, 5, 3, 3, 3, 3, 0, 5, 5, 5, 5, 5, 5, 0, 0, 5, 5, 5, 5, 5, 5, 5, 5, 5, 5, 5, 5, 5, 5, 5, 5, 5, 5, 5, 5, 5, 5, 5, 5, 5, 5, 5, 5, 5, 5, 5, 5, 5, 5, 5, 5, 0, 5, 5, 5, 5, 5, 5, 5, 5] 
dagE22.txt 3_2x3.txt True 0.25 0.25 746.5 [3, 0, 3, 5, 5, 5, 3, 3, 3, 3, 3, 5, 3, 3, 3, 3, 0, 5, 5, 5, 5, 5, 5, 0, 0, 5, 5, 5, 5, 5, 5, 5, 5, 5, 5, 5, 0, 5, 5, 5, 5, 5, 5, 5, 5, 5, 5, 5, 5, 0, 5, 5, 5, 5, 5, 5, 5, 5, 5, 5, 5, 0, 5, 5, 5, 5, 5, 5, 5, 5] 
dagE22.txt 3_2x3.txt True 0.295 0.3 464.0 [4, 4, 4, 4, 2, 2, 4, 4, 4, 2, 4, 2, 4, 4, 2, 2, 4, 2, 2, 2, 4, 2, 5, 4, 2, 1, 2, 2, 4, 5, 5, 5, 2, 2, 2, 1, 5, 5, 5, 5, 2, 5, 5, 5, 5, 5, 5, 5, 5, 3, 5, 5, 5, 5, 1, 5, 5, 5, 5, 5, 5, 5, 5, 3, 3, 5, 5, 5, 5, 5] 
dagE22.txt 3_2x3.txt True 0.35 0.35 324.5 [2, 2, 2, 2, 1, 1, 2, 2, 2, 1, 2, 1, 2, 2, 2, 1, 2, 1, 1, 1, 2, 1, 1, 2, 0, 1, 1, 1, 2, 1, 4, 5, 1, 1, 1, 3, 4, 4, 1, 5, 1, 1, 1, 4, 4, 5, 3, 5, 5, 4, 5, 4, 5, 4, 4, 5, 5, 5, 4, 4, 4, 4, 4, 4, 5, 4, 5, 4, 4, 4] 
dagE22.txt 3_2x3.txt True 0.4 0.4 275.5 [1, 1, 1, 1, 2, 1, 1, 1, 1, 1, 1, 1, 1, 1, 1, 2, 2, 0, 2, 2, 1, 0, 0, 1, 1, 0, 2, 0, 3, 0, 4, 3, 2, 2, 0, 0, 4, 4, 0, 3, 2, 0, 0, 4, 4, 3, 5, 3, 3, 4, 3, 4, 5, 5, 4, 3, 3, 5, 5, 3, 5, 5, 5, 4, 3, 5, 3, 5, 5, 5] 
dagE22.txt 3_2x3.txt True 0.45 0.45 175.0 [4, 4, 4, 4, 3, 3, 4, 4, 4, 3, 4, 3, 4, 4, 4, 3, 3, 5, 5, 3, 4, 5, 3, 0, 2, 5, 3, 5, 0, 0, 2, 0, 5, 5, 5, 5, 2, 2, 3, 0, 0, 3, 3, 2, 2, 0, 1, 0, 2, 2, 0, 2, 1, 1, 2, 0, 0, 1, 1, 2, 1, 1, 1, 2, 0, 1, 0, 1, 1, 1] 
dagE22.txt 3_2x3.txt True 0.46 0.5 153.0 [4, 4, 4, 4, 3, 3, 4, 4, 4, 3, 4, 3, 4, 4, 4, 3, 0, 5, 5, 3, 4, 5, 3, 4, 2, 5, 3, 5, 0, 0, 2, 0, 2, 5, 5, 5, 2, 2, 3, 0, 0, 3, 3, 2, 2, 0, 1, 0, 2, 2, 0, 2, 1, 1, 2, 0, 0, 1, 1, 2, 1, 0, 1, 2, 0, 1, 0, 1, 1, 1] 
dagE22.txt 3_2x3.txt True 0.46 0.55 153.0 [4, 4, 4, 4, 3, 3, 4, 4, 4, 3, 4, 3, 4, 4, 4, 3, 0, 5, 5, 3, 4, 5, 3, 4, 2, 5, 3, 5, 0, 0, 2, 0, 2, 5, 5, 5, 2, 2, 3, 0, 0, 3, 3, 2, 2, 0, 1, 0, 2, 2, 0, 2, 1, 1, 2, 0, 0, 1, 1, 2, 1, 0, 1, 2, 0, 1, 0, 1, 1, 1] 
dagE22.txt 3_2x3.txt True 0.46 0.6 153.0 [4, 4, 4, 4, 3, 3, 4, 4, 4, 3, 4, 3, 4, 4, 4, 3, 0, 5, 5, 3, 4, 5, 3, 4, 2, 5, 3, 5, 0, 0, 2, 0, 2, 5, 5, 5, 2, 2, 3, 0, 0, 3, 3, 2, 2, 0, 1, 0, 2, 2, 0, 2, 1, 1, 2, 0, 0, 1, 1, 2, 1, 0, 1, 2, 0, 1, 0, 1, 1, 1] 
dagE22.txt 3_2x3.txt True 0.46 0.65 153.0 [4, 4, 4, 4, 3, 3, 4, 4, 4, 3, 4, 3, 4, 4, 4, 3, 0, 5, 5, 3, 4, 5, 3, 4, 2, 5, 3, 5, 0, 0, 2, 0, 2, 5, 5, 5, 2, 2, 3, 0, 0, 3, 3, 2, 2, 0, 1, 0, 2, 2, 0, 2, 1, 1, 2, 0, 0, 1, 1, 2, 1, 0, 1, 2, 0, 1, 0, 1, 1, 1] 
dagE22.txt 3_2x3.txt True 0.7 0.7 158.5 [4, 0, 2, 4, 0, 2, 4, 0, 0, 4, 0, 2, 4, 0, 4, 0, 1, 3, 2, 0, 2, 1, 1, 2, 0, 1, 2, 3, 0, 1, 5, 1, 0, 3, 0, 3, 4, 2, 5, 5, 2, 4, 3, 4, 5, 1, 1, 3, 0, 2, 5, 2, 5, 2, 4, 4, 3, 3, 3, 5, 2, 1, 3, 4, 2, 5, 1, 5, 5, 4] 
dagE22.txt 3_2x3.txt True 0.715 0.75 155.0 [4, 0, 4, 4, 0, 2, 4, 0, 0, 4, 0, 2, 4, 0, 4, 0, 1, 3, 2, 0, 2, 1, 1, 2, 0, 1, 2, 3, 0, 1, 5, 1, 0, 3, 0, 3, 4, 2, 5, 5, 2, 4, 3, 4, 5, 1, 1, 3, 0, 2, 5, 2, 5, 2, 4, 4, 3, 3, 3, 5, 2, 1, 2, 4, 2, 5, 1, 5, 5, 4] 
dagE22.txt 3_2x3.txt True 0.715 0.8 155.0 [4, 0, 4, 4, 0, 2, 4, 0, 0, 4, 0, 2, 4, 0, 4, 0, 1, 3, 2, 0, 2, 1, 1, 2, 0, 1, 2, 3, 0, 1, 5, 1, 0, 3, 0, 3, 4, 2, 5, 5, 2, 4, 3, 4, 5, 1, 1, 3, 0, 2, 5, 2, 5, 2, 4, 4, 3, 3, 3, 5, 2, 1, 2, 4, 2, 5, 1, 5, 5, 4] 
dagE22.txt 3_2x3.txt True 0.715 0.85 155.0 [4, 0, 4, 4, 0, 2, 4, 0, 0, 4, 0, 2, 4, 0, 4, 0, 1, 3, 2, 0, 2, 1, 1, 2, 0, 1, 2, 3, 0, 1, 5, 1, 0, 3, 0, 3, 4, 2, 5, 5, 2, 4, 3, 4, 5, 1, 1, 3, 0, 2, 5, 2, 5, 2, 4, 4, 3, 3, 3, 5, 2, 1, 2, 4, 2, 5, 1, 5, 5, 4] 
dagE22.txt 3_2x3.txt True 0.715 0.9 155.0 [4, 0, 4, 4, 0, 2, 4, 0, 0, 4, 0, 2, 4, 0, 4, 0, 1, 3, 2, 0, 2, 1, 1, 2, 0, 1, 2, 3, 0, 1, 5, 1, 0, 3, 0, 3, 4, 2, 5, 5, 2, 4, 3, 4, 5, 1, 1, 3, 0, 2, 5, 2, 5, 2, 4, 4, 3, 3, 3, 5, 2, 1, 2, 4, 2, 5, 1, 5, 5, 4] 
dagE22.txt 3_2x3.txt True 0.715 0.95 155.0 [4, 0, 4, 4, 0, 2, 4, 0, 0, 4, 0, 2, 4, 0, 4, 0, 1, 3, 2, 0, 2, 1, 1, 2, 0, 1, 2, 3, 0, 1, 5, 1, 0, 3, 0, 3, 4, 2, 5, 5, 2, 4, 3, 4, 5, 1, 1, 3, 0, 2, 5, 2, 5, 2, 4, 4, 3, 3, 3, 5, 2, 1, 2, 4, 2, 5, 1, 5, 5, 4] 
dagE22.txt 3_2x3.txt True 0.715 1 155.0 [4, 0, 4, 4, 0, 2, 4, 0, 0, 4, 0, 2, 4, 0, 4, 0, 1, 3, 2, 0, 2, 1, 1, 2, 0, 1, 2, 3, 0, 1, 5, 1, 0, 3, 0, 3, 4, 2, 5, 5, 2, 4, 3, 4, 5, 1, 1, 3, 0, 2, 5, 2, 5, 2, 4, 4, 3, 3, 3, 5, 2, 1, 2, 4, 2, 5, 1, 5, 5, 4] 
dagE22.txt 1234x3.txt True 0.05 0.07 517.25 [11, 11, 3, 11, 11, 11, 11, 11, 3, 11, 11, 11, 11, 11, 11, 11, 11, 11, 11, 11, 11, 11, 11, 11, 11, 11, 11, 11, 11, 11, 11, 11, 11, 11, 11, 11, 11, 11, 11, 11, 11, 11, 11, 11, 11, 11, 11, 11, 11, 11, 11, 11, 11, 11, 11, 11, 11, 11, 11, 11, 11, 11, 11, 11, 11, 11, 11, 11, 11, 11] 
dagE22.txt 1234x3.txt True 0.05 0.08 517.25 [11, 11, 3, 11, 11, 11, 11, 11, 3, 11, 11, 11, 11, 11, 11, 11, 11, 11, 11, 11, 11, 11, 11, 11, 11, 11, 11, 11, 11, 11, 11, 11, 11, 11, 11, 11, 11, 11, 11, 11, 11, 11, 11, 11, 11, 11, 11, 11, 11, 11, 11, 11, 11, 11, 11, 11, 11, 11, 11, 11, 11, 11, 11, 11, 11, 11, 11, 11, 11, 11] 
dagE22.txt 1234x3.txt True 0.085 0.09 505.25 [11, 11, 3, 11, 11, 11, 11, 11, 3, 11, 11, 11, 11, 11, 11, 11, 11, 11, 11, 11, 11, 11, 11, 11, 3, 11, 11, 11, 11, 11, 11, 11, 11, 11, 11, 11, 11, 11, 11, 11, 11, 11, 11, 11, 11, 11, 11, 11, 11, 11, 11, 11, 11, 11, 11, 11, 11, 11, 11, 11, 11, 11, 11, 11, 11, 11, 11, 11, 11, 11] 
dagE22.txt 1234x3.txt True 0.1 0.1 493.5 [11, 11, 3, 11, 11, 11, 11, 11, 3, 11, 11, 11, 11, 11, 11, 11, 11, 11, 11, 11, 11, 11, 11, 3, 3, 11, 11, 11, 11, 11, 11, 11, 11, 11, 11, 11, 11, 11, 11, 11, 11, 11, 11, 11, 11, 11, 11, 11, 11, 11, 11, 11, 11, 11, 11, 11, 11, 11, 11, 11, 11, 11, 11, 11, 11, 11, 11, 11, 11, 11] 
dagE22.txt 1234x3.txt True 0.1 0.11 493.5 [11, 11, 3, 11, 11, 11, 11, 11, 3, 11, 11, 11, 11, 11, 11, 11, 11, 11, 11, 11, 11, 11, 11, 3, 3, 11, 11, 11, 11, 11, 11, 11, 11, 11, 11, 11, 11, 11, 11, 11, 11, 11, 11, 11, 11, 11, 11, 11, 11, 11, 11, 11, 11, 11, 11, 11, 11, 11, 11, 11, 11, 11, 11, 11, 11, 11, 11, 11, 11, 11] 
dagE22.txt 1234x3.txt True 0.1 0.12 493.5 [11, 11, 3, 11, 11, 11, 11, 11, 3, 11, 11, 11, 11, 11, 11, 11, 11, 11, 11, 11, 11, 11, 11, 3, 3, 11, 11, 11, 11, 11, 11, 11, 11, 11, 11, 11, 11, 11, 11, 11, 11, 11, 11, 11, 11, 11, 11, 11, 11, 11, 11, 11, 11, 11, 11, 11, 11, 11, 11, 11, 11, 11, 11, 11, 11, 11, 11, 11, 11, 11] 
dagE22.txt 1234x3.txt True 0.125 0.13 482.0 [11, 3, 3, 11, 11, 11, 11, 11, 3, 11, 11, 11, 11, 11, 11, 11, 11, 11, 11, 11, 11, 11, 11, 3, 3, 11, 11, 11, 11, 11, 11, 11, 11, 11, 11, 11, 11, 11, 11, 11, 11, 11, 11, 11, 11, 11, 11, 11, 11, 11, 11, 11, 11, 11, 11, 11, 11, 11, 11, 11, 11, 11, 11, 11, 11, 11, 11, 11, 11, 11] 
dagE22.txt 1234x3.txt True 0.14 0.14 470.75 [11, 3, 3, 11, 11, 11, 3, 11, 3, 11, 11, 11, 11, 11, 11, 11, 11, 11, 11, 11, 11, 11, 11, 3, 3, 11, 11, 11, 11, 11, 11, 11, 11, 11, 11, 11, 11, 11, 11, 11, 11, 11, 11, 11, 11, 11, 11, 11, 11, 11, 11, 11, 11, 11, 11, 11, 11, 11, 11, 11, 11, 11, 11, 11, 11, 11, 11, 11, 11, 11] 
dagE22.txt 1234x3.txt True 0.14 0.15 470.75 [11, 3, 3, 11, 11, 11, 3, 11, 3, 11, 11, 11, 11, 11, 11, 11, 11, 11, 11, 11, 11, 11, 11, 3, 3, 11, 11, 11, 11, 11, 11, 11, 11, 11, 11, 11, 11, 11, 11, 11, 11, 11, 11, 11, 11, 11, 11, 11, 11, 11, 11, 11, 11, 11, 11, 11, 11, 11, 11, 11, 11, 11, 11, 11, 11, 11, 11, 11, 11, 11] 
dagE22.txt 1234x3.txt True 0.16 0.16 459.5 [11, 3, 3, 11, 11, 11, 3, 11, 3, 11, 11, 11, 11, 11, 11, 11, 11, 11, 11, 11, 11, 11, 11, 3, 3, 11, 11, 11, 11, 11, 11, 11, 11, 11, 11, 11, 11, 11, 11, 11, 11, 11, 11, 11, 11, 11, 11, 11, 11, 11, 11, 11, 11, 11, 11, 11, 11, 11, 11, 11, 11, 3, 11, 11, 11, 11, 11, 11, 11, 11] 
dagE22.txt 1234x3.txt True 0.165 0.17 448.5 [11, 3, 3, 11, 11, 11, 3, 11, 3, 11, 11, 11, 11, 11, 11, 11, 3, 11, 11, 11, 11, 11, 11, 3, 3, 11, 11, 11, 11, 11, 11, 11, 11, 11, 11, 11, 11, 11, 11, 11, 11, 11, 11, 11, 11, 11, 11, 11, 11, 11, 11, 11, 11, 11, 11, 11, 11, 11, 11, 11, 11, 3, 11, 11, 11, 11, 11, 11, 11, 11] 
dagE22.txt 1234x3.txt True 0.165 0.18 448.5 [11, 3, 3, 11, 11, 11, 3, 11, 3, 11, 11, 11, 11, 11, 11, 11, 3, 11, 11, 11, 11, 11, 11, 3, 3, 11, 11, 11, 11, 11, 11, 11, 11, 11, 11, 11, 11, 11, 11, 11, 11, 11, 11, 11, 11, 11, 11, 11, 11, 11, 11, 11, 11, 11, 11, 11, 11, 11, 11, 11, 11, 3, 11, 11, 11, 11, 11, 11, 11, 11] 
dagE22.txt 1234x3.txt True 0.19 0.19 406.5 [11, 11, 11, 11, 11, 11, 9, 11, 11, 11, 11, 11, 11, 11, 9, 11, 11, 9, 9, 11, 11, 9, 11, 11, 9, 9, 11, 9, 11, 9, 11, 9, 9, 11, 9, 9, 11, 11, 11, 11, 9, 11, 11, 11, 11, 9, 9, 11, 11, 11, 11, 11, 11, 11, 9, 11, 11, 11, 11, 11, 11, 11, 11, 11, 11, 11, 11, 11, 11, 11] 
dagE22.txt 1234x3.txt True 0.19 0.2 406.5 [11, 11, 11, 11, 11, 11, 9, 11, 11, 11, 11, 11, 11, 11, 9, 11, 11, 9, 9, 11, 11, 9, 11, 11, 9, 9, 11, 9, 11, 9, 11, 9, 9, 11, 9, 9, 11, 11, 11, 11, 9, 11, 11, 11, 11, 9, 9, 11, 11, 11, 11, 11, 11, 11, 9, 11, 11, 11, 11, 11, 11, 11, 11, 11, 11, 11, 11, 11, 11, 11] 
dagE22.txt 1234x3.txt True 0.23 0.25 285.0 [11, 11, 3, 11, 11, 11, 11, 11, 11, 11, 11, 11, 11, 11, 11, 11, 11, 11, 11, 11, 11, 11, 11, 11, 11, 11, 11, 7, 11, 11, 11, 7, 7, 11, 11, 7, 11, 7, 7, 7, 11, 11, 7, 7, 7, 7, 7, 7, 7, 7, 7, 7, 7, 7, 7, 7, 7, 7, 7, 7, 7, 7, 7, 7, 7, 7, 7, 7, 7, 7] 
dagE22.txt 1234x3.txt True 0.3 0.3 410.0 [11, 11, 11, 11, 11, 11, 11, 11, 11, 11, 11, 11, 11, 11, 11, 11, 11, 11, 11, 11, 11, 11, 5, 11, 3, 11, 11, 11, 11, 5, 5, 5, 11, 10, 5, 11, 5, 5, 5, 5, 5, 5, 5, 5, 5, 5, 5, 10, 5, 10, 5, 5, 5, 5, 5, 10, 5, 5, 5, 10, 10, 5, 5, 10, 10, 10, 10, 5, 10, 10] 
dagE22.txt 1234x3.txt True 0.35 0.35 344.5 [11, 11, 11, 11, 11, 11, 11, 11, 11, 11, 11, 11, 11, 11, 11, 11, 11, 11, 11, 11, 11, 11, 5, 11, 3, 11, 11, 11, 11, 5, 5, 5, 11, 10, 5, 11, 3, 5, 5, 5, 3, 5, 5, 5, 5, 5, 5, 10, 5, 10, 5, 5, 5, 5, 5, 10, 5, 5, 5, 10, 10, 3, 5, 10, 10, 10, 10, 5, 10, 10] 
dagE22.txt 1234x3.txt True 0.39 0.4 492.0 [4, 4, 3, 4, 5, 4, 4, 4, 4, 4, 4, 4, 4, 4, 4, 5, 2, 5, 5, 5, 4, 4, 2, 4, 5, 8, 5, 5, 8, 8, 11, 8, 5, 5, 5, 5, 5, 2, 2, 8, 5, 5, 2, 2, 11, 8, 11, 8, 8, 5, 8, 11, 11, 11, 5, 8, 8, 11, 11, 11, 11, 11, 11, 11, 8, 11, 8, 11, 11, 11] 
dagE22.txt 1234x3.txt True 0.445 0.45 351.0 [4, 3, 3, 4, 5, 4, 4, 4, 3, 4, 4, 4, 4, 4, 4, 5, 2, 5, 5, 5, 4, 4, 2, 3, 5, 8, 5, 5, 8, 8, 11, 8, 5, 5, 5, 5, 5, 2, 2, 8, 5, 5, 2, 2, 11, 8, 11, 8, 8, 5, 8, 11, 11, 11, 5, 8, 8, 11, 11, 11, 11, 11, 11, 11, 8, 11, 8, 11, 11, 11] 
dagE22.txt 1234x3.txt True 0.5 0.5 258.0 [5, 5, 5, 0, 3, 0, 5, 5, 2, 5, 5, 0, 5, 5, 5, 3, 2, 2, 0, 0, 5, 2, 2, 2, 11, 0, 0, 2, 7, 2, 11, 7, 0, 0, 1, 9, 11, 11, 11, 7, 1, 2, 1, 11, 11, 7, 9, 7, 8, 10, 7, 11, 8, 11, 11, 8, 7, 8, 11, 8, 8, 11, 11, 10, 8, 8, 8, 6, 8, 6] 
dagE22.txt 1234x3.txt True 0.55 0.55 181.0 [5, 5, 5, 0, 3, 0, 5, 5, 2, 5, 5, 0, 5, 5, 5, 3, 2, 2, 0, 0, 5, 2, 2, 2, 3, 7, 0, 2, 7, 2, 11, 7, 3, 0, 1, 9, 11, 11, 11, 7, 3, 2, 1, 11, 11, 7, 9, 7, 8, 10, 7, 11, 8, 11, 11, 8, 7, 8, 11, 8, 3, 3, 11, 10, 8, 3, 8, 6, 8, 6] 
dagE22.txt 1234x3.txt True 0.595 0.6 222.0 [4, 4, 4, 10, 3, 5, 5, 5, 4, 5, 4, 4, 5, 4, 5, 5, 1, 2, 0, 3, 10, 1, 1, 10, 0, 11, 1, 1, 10, 1, 3, 6, 0, 2, 3, 11, 2, 0, 9, 6, 3, 1, 6, 0, 9, 6, 11, 6, 0, 2, 6, 2, 7, 9, 11, 8, 6, 7, 9, 9, 7, 8, 7, 2, 8, 7, 8, 9, 7, 9] 
dagE22.txt 1234x3.txt True 0.65 0.65 131.0 [8, 9, 10, 7, 10, 11, 3, 8, 7, 7, 7, 10, 8, 8, 8, 10, 10, 6, 9, 11, 9, 7, 11, 7, 9, 6, 10, 11, 3, 6, 1, 3, 9, 11, 6, 6, 2, 1, 1, 3, 9, 11, 1, 2, 1, 3, 2, 5, 5, 3, 3, 2, 4, 2, 0, 5, 3, 4, 1, 5, 3, 2, 3, 0, 5, 4, 5, 0, 4, 0] 
dagE22.txt 1234x3.txt True 0.685 0.7 80.75 [8, 7, 10, 7, 10, 11, 11, 3, 11, 7, 7, 10, 11, 8, 8, 10, 10, 6, 9, 11, 9, 7, 11, 7, 7, 6, 10, 11, 3, 6, 2, 3, 9, 11, 6, 6, 2, 1, 1, 3, 9, 11, 1, 2, 1, 3, 2, 5, 5, 6, 3, 2, 4, 2, 7, 5, 3, 4, 1, 5, 3, 2, 3, 0, 5, 7, 5, 0, 4, 0] 
dagE22.txt 1234x3.txt True 0.695 0.75 80.75 [8, 7, 10, 7, 10, 11, 11, 3, 2, 7, 7, 10, 11, 8, 8, 10, 10, 6, 9, 11, 9, 7, 11, 7, 7, 6, 10, 11, 3, 6, 11, 3, 9, 11, 6, 6, 2, 1, 1, 3, 9, 11, 1, 2, 1, 3, 2, 5, 5, 6, 3, 2, 4, 2, 7, 5, 3, 4, 1, 5, 3, 2, 3, 0, 5, 7, 5, 0, 4, 0] 
dagE22.txt 1234x3.txt True 0.695 0.8 80.75 [8, 7, 10, 7, 10, 11, 11, 3, 2, 7, 7, 10, 11, 8, 8, 10, 10, 6, 9, 11, 9, 7, 11, 7, 7, 6, 10, 11, 3, 6, 11, 3, 9, 11, 6, 6, 2, 1, 1, 3, 9, 11, 1, 2, 1, 3, 2, 5, 5, 6, 3, 2, 4, 2, 7, 5, 3, 4, 1, 5, 3, 2, 3, 0, 5, 7, 5, 0, 4, 0] 
dagE22.txt 1234x3.txt True 0.695 0.85 80.75 [8, 7, 10, 7, 10, 11, 11, 3, 2, 7, 7, 10, 11, 8, 8, 10, 10, 6, 9, 11, 9, 7, 11, 7, 7, 6, 10, 11, 3, 6, 11, 3, 9, 11, 6, 6, 2, 1, 1, 3, 9, 11, 1, 2, 1, 3, 2, 5, 5, 6, 3, 2, 4, 2, 7, 5, 3, 4, 1, 5, 3, 2, 3, 0, 5, 7, 5, 0, 4, 0] 
dagE22.txt 1234x3.txt True 0.695 0.9 80.75 [8, 7, 10, 7, 10, 11, 11, 3, 2, 7, 7, 10, 11, 8, 8, 10, 10, 6, 9, 11, 9, 7, 11, 7, 7, 6, 10, 11, 3, 6, 11, 3, 9, 11, 6, 6, 2, 1, 1, 3, 9, 11, 1, 2, 1, 3, 2, 5, 5, 6, 3, 2, 4, 2, 7, 5, 3, 4, 1, 5, 3, 2, 3, 0, 5, 7, 5, 0, 4, 0] 
dagE22.txt 1234x3.txt True 0.695 0.95 80.75 [8, 7, 10, 7, 10, 11, 11, 3, 2, 7, 7, 10, 11, 8, 8, 10, 10, 6, 9, 11, 9, 7, 11, 7, 7, 6, 10, 11, 3, 6, 11, 3, 9, 11, 6, 6, 2, 1, 1, 3, 9, 11, 1, 2, 1, 3, 2, 5, 5, 6, 3, 2, 4, 2, 7, 5, 3, 4, 1, 5, 3, 2, 3, 0, 5, 7, 5, 0, 4, 0] 
dagE22.txt 1234x3.txt True 0.695 1 80.75 [8, 7, 10, 7, 10, 11, 11, 3, 2, 7, 7, 10, 11, 8, 8, 10, 10, 6, 9, 11, 9, 7, 11, 7, 7, 6, 10, 11, 3, 6, 11, 3, 9, 11, 6, 6, 2, 1, 1, 3, 9, 11, 1, 2, 1, 3, 2, 5, 5, 6, 3, 2, 4, 2, 7, 5, 3, 4, 1, 5, 3, 2, 3, 0, 5, 7, 5, 0, 4, 0] 
dagE22.txt 1_4x1.txt True 0.05 0.07 513.5 [1, 1, 1, 1, 1, 1, 1, 1, 1, 1, 1, 1, 1, 1, 1, 1, 1, 0, 1, 1, 1, 1, 1, 1, 1, 1, 1, 1, 1, 1, 1, 1, 1, 1, 1, 0, 1, 1, 1, 1, 1, 1, 1, 1, 1, 1, 1, 1, 1, 1, 1, 1, 1, 1, 0, 1, 1, 1, 1, 1, 1, 1, 1, 1, 1, 1, 1, 1, 1, 1] 
dagE22.txt 1_4x1.txt True 0.075 0.08 501.25 [1, 1, 0, 1, 1, 1, 1, 1, 1, 1, 1, 1, 1, 1, 1, 1, 1, 0, 1, 1, 1, 1, 1, 1, 1, 1, 1, 1, 1, 1, 1, 1, 1, 1, 1, 0, 1, 1, 1, 1, 1, 1, 1, 1, 1, 1, 1, 1, 1, 1, 1, 1, 1, 1, 0, 1, 1, 1, 1, 1, 1, 1, 1, 1, 1, 1, 1, 1, 1, 1] 
dagE22.txt 1_4x1.txt True 0.075 0.09 501.25 [1, 1, 0, 1, 1, 1, 1, 1, 1, 1, 1, 1, 1, 1, 1, 1, 1, 0, 1, 1, 1, 1, 1, 1, 1, 1, 1, 1, 1, 1, 1, 1, 1, 1, 1, 0, 1, 1, 1, 1, 1, 1, 1, 1, 1, 1, 1, 1, 1, 1, 1, 1, 1, 1, 0, 1, 1, 1, 1, 1, 1, 1, 1, 1, 1, 1, 1, 1, 1, 1] 
dagE22.txt 1_4x1.txt True 0.1 0.1 489.25 [1, 1, 0, 1, 1, 1, 1, 1, 0, 1, 1, 1, 1, 1, 1, 1, 1, 0, 1, 1, 1, 1, 1, 1, 1, 1, 1, 1, 1, 1, 1, 1, 1, 1, 1, 0, 1, 1, 1, 1, 1, 1, 1, 1, 1, 1, 1, 1, 1, 1, 1, 1, 1, 1, 0, 1, 1, 1, 1, 1, 1, 1, 1, 1, 1, 1, 1, 1, 1, 1] 
dagE22.txt 1_4x1.txt True 0.1 0.11 489.25 [1, 1, 0, 1, 1, 1, 1, 1, 0, 1, 1, 1, 1, 1, 1, 1, 1, 0, 1, 1, 1, 1, 1, 1, 1, 1, 1, 1, 1, 1, 1, 1, 1, 1, 1, 0, 1, 1, 1, 1, 1, 1, 1, 1, 1, 1, 1, 1, 1, 1, 1, 1, 1, 1, 0, 1, 1, 1, 1, 1, 1, 1, 1, 1, 1, 1, 1, 1, 1, 1] 
dagE22.txt 1_4x1.txt True 0.1 0.12 489.25 [1, 1, 0, 1, 1, 1, 1, 1, 0, 1, 1, 1, 1, 1, 1, 1, 1, 0, 1, 1, 1, 1, 1, 1, 1, 1, 1, 1, 1, 1, 1, 1, 1, 1, 1, 0, 1, 1, 1, 1, 1, 1, 1, 1, 1, 1, 1, 1, 1, 1, 1, 1, 1, 1, 0, 1, 1, 1, 1, 1, 1, 1, 1, 1, 1, 1, 1, 1, 1, 1] 
dagE22.txt 1_4x1.txt True 0.1 0.13 489.25 [1, 1, 0, 1, 1, 1, 1, 1, 0, 1, 1, 1, 1, 1, 1, 1, 1, 0, 1, 1, 1, 1, 1, 1, 1, 1, 1, 1, 1, 1, 1, 1, 1, 1, 1, 0, 1, 1, 1, 1, 1, 1, 1, 1, 1, 1, 1, 1, 1, 1, 1, 1, 1, 1, 0, 1, 1, 1, 1, 1, 1, 1, 1, 1, 1, 1, 1, 1, 1, 1] 
dagE22.txt 1_4x1.txt True 0.135 0.14 477.25 [1, 1, 0, 1, 1, 1, 1, 1, 0, 1, 1, 1, 1, 1, 1, 1, 1, 0, 1, 1, 1, 1, 1, 1, 0, 1, 1, 1, 1, 1, 1, 1, 1, 1, 1, 0, 1, 1, 1, 1, 1, 1, 1, 1, 1, 1, 1, 1, 1, 1, 1, 1, 1, 1, 0, 1, 1, 1, 1, 1, 1, 1, 1, 1, 1, 1, 1, 1, 1, 1] 
dagE22.txt 1_4x1.txt True 0.15 0.15 999.0 [1, 1, 1, 1, 1, 1, 1, 1, 1, 1, 1, 1, 1, 1, 1, 1, 1, 1, 1, 1, 1, 1, 1, 1, 1, 1, 1, 1, 0, 0, 0, 0, 1, 1, 1, 0, 0, 0, 1, 0, 1, 1, 1, 0, 0, 0, 0, 0, 0, 0, 0, 0, 0, 0, 0, 0, 0, 0, 0, 0, 0, 0, 0, 0, 0, 0, 0, 0, 0, 0] 
dagE22.txt 1_4x1.txt True 0.15 0.16 999.0 [1, 1, 1, 1, 1, 1, 1, 1, 1, 1, 1, 1, 1, 1, 1, 1, 1, 1, 1, 1, 1, 1, 1, 1, 1, 1, 1, 1, 0, 0, 0, 0, 1, 1, 1, 0, 0, 0, 1, 0, 1, 1, 1, 0, 0, 0, 0, 0, 0, 0, 0, 0, 0, 0, 0, 0, 0, 0, 0, 0, 0, 0, 0, 0, 0, 0, 0, 0, 0, 0] 
dagE22.txt 1_4x1.txt True 0.17 0.17 954.0 [1, 1, 1, 1, 1, 1, 1, 1, 1, 1, 1, 1, 1, 1, 1, 1, 1, 1, 1, 1, 1, 1, 1, 1, 1, 1, 1, 1, 0, 0, 0, 0, 1, 1, 1, 0, 0, 0, 1, 0, 1, 1, 1, 0, 0, 0, 0, 0, 0, 0, 0, 0, 0, 0, 0, 0, 0, 0, 0, 0, 0, 1, 0, 0, 0, 0, 0, 0, 0, 0] 
dagE22.txt 1_4x1.txt True 0.18 0.18 910.0 [1, 1, 1, 1, 1, 1, 1, 1, 1, 1, 1, 1, 1, 1, 1, 1, 1, 1, 1, 1, 1, 1, 1, 1, 1, 1, 1, 1, 0, 0, 0, 0, 1, 1, 1, 0, 0, 0, 1, 0, 1, 1, 1, 0, 0, 0, 0, 0, 0, 1, 0, 0, 0, 0, 0, 0, 0, 0, 0, 0, 0, 1, 0, 0, 0, 0, 0, 0, 0, 0] 
dagE22.txt 1_4x1.txt True 0.19 0.19 867.0 [1, 1, 1, 1, 1, 1, 1, 1, 1, 1, 1, 1, 1, 1, 1, 1, 1, 1, 1, 1, 1, 1, 1, 1, 1, 1, 1, 1, 0, 0, 0, 0, 1, 1, 1, 0, 1, 0, 1, 0, 1, 1, 1, 0, 0, 0, 0, 0, 0, 1, 0, 0, 0, 0, 0, 0, 0, 0, 0, 0, 0, 1, 0, 0, 0, 0, 0, 0, 0, 0] 
dagE22.txt 1_4x1.txt True 0.2 0.2 785.0 [1, 1, 1, 1, 1, 1, 1, 1, 1, 1, 1, 1, 1, 1, 1, 1, 1, 1, 1, 1, 1, 1, 1, 1, 1, 1, 1, 1, 0, 0, 1, 0, 1, 1, 1, 0, 1, 0, 1, 0, 1, 1, 1, 0, 0, 0, 0, 0, 0, 1, 0, 0, 0, 0, 1, 0, 0, 0, 0, 0, 0, 1, 0, 0, 0, 0, 0, 0, 0, 0] 
dagE22.txt 1_4x1.txt True 0.25 0.25 434.25 [1, 1, 1, 1, 1, 1, 1, 1, 1, 1, 1, 1, 1, 1, 1, 1, 1, 1, 1, 1, 1, 1, 1, 1, 1, 1, 1, 1, 1, 0, 1, 0, 1, 1, 1, 1, 1, 1, 1, 0, 1, 1, 1, 1, 1, 0, 0, 0, 0, 1, 1, 0, 0, 0, 1, 0, 1, 0, 0, 0, 1, 1, 1, 0, 0, 1, 0, 0, 0, 0] 
dagE22.txt 1_4x1.txt True 0.25 0.3 434.25 [1, 1, 1, 1, 1, 1, 1, 1, 1, 1, 1, 1, 1, 1, 1, 1, 1, 1, 1, 1, 1, 1, 1, 1, 1, 1, 1, 1, 1, 0, 1, 0, 1, 1, 1, 1, 1, 1, 1, 0, 1, 1, 1, 1, 1, 0, 0, 0, 0, 1, 1, 0, 0, 0, 1, 0, 1, 0, 0, 0, 1, 1, 1, 0, 0, 1, 0, 0, 0, 0] 
dagE22.txt 1_4x1.txt True 0.25 0.35 434.25 [1, 1, 1, 1, 1, 1, 1, 1, 1, 1, 1, 1, 1, 1, 1, 1, 1, 1, 1, 1, 1, 1, 1, 1, 1, 1, 1, 1, 1, 0, 1, 0, 1, 1, 1, 1, 1, 1, 1, 0, 1, 1, 1, 1, 1, 0, 0, 0, 0, 1, 1, 0, 0, 0, 1, 0, 1, 0, 0, 0, 1, 1, 1, 0, 0, 1, 0, 0, 0, 0] 
dagE22.txt 1_4x1.txt True 0.25 0.4 434.25 [1, 1, 1, 1, 1, 1, 1, 1, 1, 1, 1, 1, 1, 1, 1, 1, 1, 1, 1, 1, 1, 1, 1, 1, 1, 1, 1, 1, 1, 0, 1, 0, 1, 1, 1, 1, 1, 1, 1, 0, 1, 1, 1, 1, 1, 0, 0, 0, 0, 1, 1, 0, 0, 0, 1, 0, 1, 0, 0, 0, 1, 1, 1, 0, 0, 1, 0, 0, 0, 0] 
dagE22.txt 1_4x1.txt True 0.25 0.45 434.25 [1, 1, 1, 1, 1, 1, 1, 1, 1, 1, 1, 1, 1, 1, 1, 1, 1, 1, 1, 1, 1, 1, 1, 1, 1, 1, 1, 1, 1, 0, 1, 0, 1, 1, 1, 1, 1, 1, 1, 0, 1, 1, 1, 1, 1, 0, 0, 0, 0, 1, 1, 0, 0, 0, 1, 0, 1, 0, 0, 0, 1, 1, 1, 0, 0, 1, 0, 0, 0, 0] 
dagE22.txt 1_4x1.txt True 0.25 0.5 434.25 [1, 1, 1, 1, 1, 1, 1, 1, 1, 1, 1, 1, 1, 1, 1, 1, 1, 1, 1, 1, 1, 1, 1, 1, 1, 1, 1, 1, 1, 0, 1, 0, 1, 1, 1, 1, 1, 1, 1, 0, 1, 1, 1, 1, 1, 0, 0, 0, 0, 1, 1, 0, 0, 0, 1, 0, 1, 0, 0, 0, 1, 1, 1, 0, 0, 1, 0, 0, 0, 0] 
dagE22.txt 1_4x1.txt True 0.25 0.55 434.25 [1, 1, 1, 1, 1, 1, 1, 1, 1, 1, 1, 1, 1, 1, 1, 1, 1, 1, 1, 1, 1, 1, 1, 1, 1, 1, 1, 1, 1, 0, 1, 0, 1, 1, 1, 1, 1, 1, 1, 0, 1, 1, 1, 1, 1, 0, 0, 0, 0, 1, 1, 0, 0, 0, 1, 0, 1, 0, 0, 0, 1, 1, 1, 0, 0, 1, 0, 0, 0, 0] 
dagE22.txt 1_4x1.txt True 0.25 0.6 434.25 [1, 1, 1, 1, 1, 1, 1, 1, 1, 1, 1, 1, 1, 1, 1, 1, 1, 1, 1, 1, 1, 1, 1, 1, 1, 1, 1, 1, 1, 0, 1, 0, 1, 1, 1, 1, 1, 1, 1, 0, 1, 1, 1, 1, 1, 0, 0, 0, 0, 1, 1, 0, 0, 0, 1, 0, 1, 0, 0, 0, 1, 1, 1, 0, 0, 1, 0, 0, 0, 0] 
dagE22.txt 1_4x1.txt True 0.25 0.65 434.25 [1, 1, 1, 1, 1, 1, 1, 1, 1, 1, 1, 1, 1, 1, 1, 1, 1, 1, 1, 1, 1, 1, 1, 1, 1, 1, 1, 1, 1, 0, 1, 0, 1, 1, 1, 1, 1, 1, 1, 0, 1, 1, 1, 1, 1, 0, 0, 0, 0, 1, 1, 0, 0, 0, 1, 0, 1, 0, 0, 0, 1, 1, 1, 0, 0, 1, 0, 0, 0, 0] 
dagE22.txt 1_4x1.txt True 0.25 0.7 434.25 [1, 1, 1, 1, 1, 1, 1, 1, 1, 1, 1, 1, 1, 1, 1, 1, 1, 1, 1, 1, 1, 1, 1, 1, 1, 1, 1, 1, 1, 0, 1, 0, 1, 1, 1, 1, 1, 1, 1, 0, 1, 1, 1, 1, 1, 0, 0, 0, 0, 1, 1, 0, 0, 0, 1, 0, 1, 0, 0, 0, 1, 1, 1, 0, 0, 1, 0, 0, 0, 0] 
dagE22.txt 1_4x1.txt True 0.25 0.75 434.25 [1, 1, 1, 1, 1, 1, 1, 1, 1, 1, 1, 1, 1, 1, 1, 1, 1, 1, 1, 1, 1, 1, 1, 1, 1, 1, 1, 1, 1, 0, 1, 0, 1, 1, 1, 1, 1, 1, 1, 0, 1, 1, 1, 1, 1, 0, 0, 0, 0, 1, 1, 0, 0, 0, 1, 0, 1, 0, 0, 0, 1, 1, 1, 0, 0, 1, 0, 0, 0, 0] 
dagE22.txt 1_4x1.txt True 0.25 0.8 434.25 [1, 1, 1, 1, 1, 1, 1, 1, 1, 1, 1, 1, 1, 1, 1, 1, 1, 1, 1, 1, 1, 1, 1, 1, 1, 1, 1, 1, 1, 0, 1, 0, 1, 1, 1, 1, 1, 1, 1, 0, 1, 1, 1, 1, 1, 0, 0, 0, 0, 1, 1, 0, 0, 0, 1, 0, 1, 0, 0, 0, 1, 1, 1, 0, 0, 1, 0, 0, 0, 0] 
dagE22.txt 1_4x1.txt True 0.25 0.85 434.25 [1, 1, 1, 1, 1, 1, 1, 1, 1, 1, 1, 1, 1, 1, 1, 1, 1, 1, 1, 1, 1, 1, 1, 1, 1, 1, 1, 1, 1, 0, 1, 0, 1, 1, 1, 1, 1, 1, 1, 0, 1, 1, 1, 1, 1, 0, 0, 0, 0, 1, 1, 0, 0, 0, 1, 0, 1, 0, 0, 0, 1, 1, 1, 0, 0, 1, 0, 0, 0, 0] 
dagE22.txt 1_4x1.txt True 0.25 0.9 434.25 [1, 1, 1, 1, 1, 1, 1, 1, 1, 1, 1, 1, 1, 1, 1, 1, 1, 1, 1, 1, 1, 1, 1, 1, 1, 1, 1, 1, 1, 0, 1, 0, 1, 1, 1, 1, 1, 1, 1, 0, 1, 1, 1, 1, 1, 0, 0, 0, 0, 1, 1, 0, 0, 0, 1, 0, 1, 0, 0, 0, 1, 1, 1, 0, 0, 1, 0, 0, 0, 0] 
dagE22.txt 1_4x1.txt True 0.25 0.95 434.25 [1, 1, 1, 1, 1, 1, 1, 1, 1, 1, 1, 1, 1, 1, 1, 1, 1, 1, 1, 1, 1, 1, 1, 1, 1, 1, 1, 1, 1, 0, 1, 0, 1, 1, 1, 1, 1, 1, 1, 0, 1, 1, 1, 1, 1, 0, 0, 0, 0, 1, 1, 0, 0, 0, 1, 0, 1, 0, 0, 0, 1, 1, 1, 0, 0, 1, 0, 0, 0, 0] 
dagE22.txt 1_4x1.txt True 0.25 1 434.25 [1, 1, 1, 1, 1, 1, 1, 1, 1, 1, 1, 1, 1, 1, 1, 1, 1, 1, 1, 1, 1, 1, 1, 1, 1, 1, 1, 1, 1, 0, 1, 0, 1, 1, 1, 1, 1, 1, 1, 0, 1, 1, 1, 1, 1, 0, 0, 0, 0, 1, 1, 0, 0, 0, 1, 0, 1, 0, 0, 0, 1, 1, 1, 0, 0, 1, 0, 0, 0, 0] 
dagE22.txt 3_2x2.txt True 0.05 0.07 1015.0 [3, 3, 3, 3, 3, 3, 3, 3, 3, 3, 3, 3, 3, 3, 3, 3, 3, 3, 3, 3, 3, 3, 3, 3, 3, 3, 3, 3, 3, 3, 3, 3, 3, 3, 3, 1, 3, 3, 3, 3, 3, 3, 3, 3, 3, 3, 3, 3, 3, 2, 3, 3, 3, 3, 1, 3, 3, 3, 3, 3, 3, 3, 3, 2, 3, 3, 3, 3, 3, 3] 
dagE22.txt 3_2x2.txt True 0.075 0.08 990.5 [3, 3, 0, 3, 3, 3, 3, 3, 3, 3, 3, 3, 3, 3, 3, 3, 3, 3, 3, 3, 3, 3, 3, 3, 3, 3, 3, 3, 3, 3, 3, 3, 3, 3, 3, 1, 3, 3, 3, 3, 3, 3, 3, 3, 3, 3, 3, 3, 3, 2, 3, 3, 3, 3, 1, 3, 3, 3, 3, 3, 3, 3, 3, 2, 3, 3, 3, 3, 3, 3] 
dagE22.txt 3_2x2.txt True 0.075 0.09 990.5 [3, 3, 0, 3, 3, 3, 3, 3, 3, 3, 3, 3, 3, 3, 3, 3, 3, 3, 3, 3, 3, 3, 3, 3, 3, 3, 3, 3, 3, 3, 3, 3, 3, 3, 3, 1, 3, 3, 3, 3, 3, 3, 3, 3, 3, 3, 3, 3, 3, 2, 3, 3, 3, 3, 1, 3, 3, 3, 3, 3, 3, 3, 3, 2, 3, 3, 3, 3, 3, 3] 
dagE22.txt 3_2x2.txt True 0.1 0.1 966.5 [3, 3, 0, 3, 3, 3, 3, 3, 0, 3, 3, 3, 3, 3, 3, 3, 3, 3, 3, 3, 3, 3, 3, 3, 3, 3, 3, 3, 3, 3, 3, 3, 3, 3, 3, 1, 3, 3, 3, 3, 3, 3, 3, 3, 3, 3, 3, 3, 3, 2, 3, 3, 3, 3, 1, 3, 3, 3, 3, 3, 3, 3, 3, 2, 3, 3, 3, 3, 3, 3] 
dagE22.txt 3_2x2.txt True 0.1 0.11 966.5 [3, 3, 0, 3, 3, 3, 3, 3, 0, 3, 3, 3, 3, 3, 3, 3, 3, 3, 3, 3, 3, 3, 3, 3, 3, 3, 3, 3, 3, 3, 3, 3, 3, 3, 3, 1, 3, 3, 3, 3, 3, 3, 3, 3, 3, 3, 3, 3, 3, 2, 3, 3, 3, 3, 1, 3, 3, 3, 3, 3, 3, 3, 3, 2, 3, 3, 3, 3, 3, 3] 
dagE22.txt 3_2x2.txt True 0.1 0.12 966.5 [3, 3, 0, 3, 3, 3, 3, 3, 0, 3, 3, 3, 3, 3, 3, 3, 3, 3, 3, 3, 3, 3, 3, 3, 3, 3, 3, 3, 3, 3, 3, 3, 3, 3, 3, 1, 3, 3, 3, 3, 3, 3, 3, 3, 3, 3, 3, 3, 3, 2, 3, 3, 3, 3, 1, 3, 3, 3, 3, 3, 3, 3, 3, 2, 3, 3, 3, 3, 3, 3] 
dagE22.txt 3_2x2.txt True 0.1 0.13 966.5 [3, 3, 0, 3, 3, 3, 3, 3, 0, 3, 3, 3, 3, 3, 3, 3, 3, 3, 3, 3, 3, 3, 3, 3, 3, 3, 3, 3, 3, 3, 3, 3, 3, 3, 3, 1, 3, 3, 3, 3, 3, 3, 3, 3, 3, 3, 3, 3, 3, 2, 3, 3, 3, 3, 1, 3, 3, 3, 3, 3, 3, 3, 3, 2, 3, 3, 3, 3, 3, 3] 
dagE22.txt 3_2x2.txt True 0.135 0.14 942.5 [3, 3, 0, 3, 3, 3, 3, 3, 0, 3, 3, 3, 3, 3, 3, 3, 3, 3, 3, 3, 3, 3, 3, 3, 0, 3, 3, 3, 3, 3, 3, 3, 3, 3, 3, 1, 3, 3, 3, 3, 3, 3, 3, 3, 3, 3, 3, 3, 3, 2, 3, 3, 3, 3, 1, 3, 3, 3, 3, 3, 3, 3, 3, 2, 3, 3, 3, 3, 3, 3] 
dagE22.txt 3_2x2.txt True 0.15 0.15 919.0 [3, 3, 0, 3, 3, 3, 3, 3, 0, 3, 3, 3, 3, 3, 3, 3, 3, 3, 3, 3, 3, 3, 3, 0, 0, 3, 3, 3, 3, 3, 3, 3, 3, 3, 3, 1, 3, 3, 3, 3, 3, 3, 3, 3, 3, 3, 3, 3, 3, 2, 3, 3, 3, 3, 1, 3, 3, 3, 3, 3, 3, 3, 3, 2, 3, 3, 3, 3, 3, 3] 
dagE22.txt 3_2x2.txt True 0.15 0.16 919.0 [3, 3, 0, 3, 3, 3, 3, 3, 0, 3, 3, 3, 3, 3, 3, 3, 3, 3, 3, 3, 3, 3, 3, 0, 0, 3, 3, 3, 3, 3, 3, 3, 3, 3, 3, 1, 3, 3, 3, 3, 3, 3, 3, 3, 3, 3, 3, 3, 3, 2, 3, 3, 3, 3, 1, 3, 3, 3, 3, 3, 3, 3, 3, 2, 3, 3, 3, 3, 3, 3] 
dagE22.txt 3_2x2.txt True 0.165 0.17 817.0 [3, 3, 3, 3, 3, 3, 3, 3, 3, 3, 3, 3, 3, 3, 3, 3, 3, 3, 3, 3, 3, 3, 3, 3, 3, 3, 3, 3, 3, 3, 1, 3, 3, 3, 3, 3, 3, 3, 3, 3, 3, 3, 3, 3, 2, 3, 1, 3, 3, 3, 3, 1, 2, 2, 3, 2, 3, 2, 2, 2, 2, 2, 2, 1, 2, 2, 2, 2, 2, 2] 
dagE22.txt 3_2x2.txt True 0.165 0.18 817.0 [3, 3, 3, 3, 3, 3, 3, 3, 3, 3, 3, 3, 3, 3, 3, 3, 3, 3, 3, 3, 3, 3, 3, 3, 3, 3, 3, 3, 3, 3, 1, 3, 3, 3, 3, 3, 3, 3, 3, 3, 3, 3, 3, 3, 2, 3, 1, 3, 3, 3, 3, 1, 2, 2, 3, 2, 3, 2, 2, 2, 2, 2, 2, 1, 2, 2, 2, 2, 2, 2] 
dagE22.txt 3_2x2.txt True 0.19 0.19 792.5 [3, 3, 0, 3, 3, 3, 3, 3, 3, 3, 3, 3, 3, 3, 3, 3, 3, 3, 3, 3, 3, 3, 3, 3, 3, 3, 3, 3, 3, 3, 1, 3, 3, 3, 3, 3, 3, 3, 3, 3, 3, 3, 3, 3, 2, 3, 1, 3, 3, 3, 3, 1, 2, 2, 3, 2, 3, 2, 2, 2, 2, 2, 2, 1, 2, 2, 2, 2, 2, 2] 
dagE22.txt 3_2x2.txt True 0.19 0.2 792.5 [3, 3, 0, 3, 3, 3, 3, 3, 3, 3, 3, 3, 3, 3, 3, 3, 3, 3, 3, 3, 3, 3, 3, 3, 3, 3, 3, 3, 3, 3, 1, 3, 3, 3, 3, 3, 3, 3, 3, 3, 3, 3, 3, 3, 2, 3, 1, 3, 3, 3, 3, 1, 2, 2, 3, 2, 3, 2, 2, 2, 2, 2, 2, 1, 2, 2, 2, 2, 2, 2] 
dagE22.txt 3_2x2.txt True 0.25 0.25 744.5 [3, 3, 0, 3, 3, 3, 3, 3, 0, 3, 3, 3, 3, 3, 3, 3, 3, 3, 3, 3, 3, 3, 3, 3, 0, 3, 3, 3, 3, 3, 1, 3, 3, 3, 3, 3, 3, 3, 3, 3, 3, 3, 3, 3, 2, 3, 1, 3, 3, 3, 3, 1, 2, 2, 3, 2, 3, 2, 2, 2, 2, 2, 2, 1, 2, 2, 2, 2, 2, 2] 
dagE22.txt 3_2x2.txt True 0.295 0.3 485.0 [1, 1, 1, 1, 2, 1, 1, 1, 1, 1, 1, 1, 1, 1, 1, 2, 0, 0, 0, 2, 1, 1, 3, 1, 0, 1, 0, 0, 1, 0, 3, 3, 0, 0, 2, 2, 3, 3, 3, 3, 2, 3, 3, 3, 3, 3, 2, 3, 3, 3, 3, 3, 3, 3, 2, 3, 3, 3, 3, 3, 3, 3, 3, 3, 3, 3, 3, 3, 3, 3] 
dagE22.txt 3_2x2.txt True 0.35 0.35 240.0 [2, 2, 2, 2, 3, 3, 2, 2, 2, 2, 2, 2, 2, 2, 2, 2, 2, 3, 3, 3, 2, 3, 3, 2, 0, 2, 3, 3, 2, 3, 1, 0, 1, 3, 3, 1, 1, 1, 3, 0, 3, 3, 3, 1, 1, 0, 1, 0, 0, 1, 0, 1, 0, 1, 1, 0, 0, 0, 1, 0, 0, 0, 0, 1, 0, 0, 0, 1, 0, 1] 
dagE22.txt 3_2x2.txt True 0.37 0.4 220.66666666666666 [2, 2, 2, 2, 3, 3, 2, 2, 2, 2, 2, 2, 2, 2, 2, 2, 0, 3, 3, 3, 2, 3, 3, 2, 2, 2, 3, 3, 2, 3, 1, 0, 1, 3, 3, 1, 1, 1, 3, 0, 0, 3, 3, 1, 1, 0, 1, 0, 0, 0, 0, 1, 0, 1, 1, 0, 0, 0, 1, 0, 0, 0, 0, 1, 0, 0, 0, 1, 0, 1] 
dagE22.txt 3_2x2.txt True 0.37 0.45 220.66666666666666 [2, 2, 2, 2, 3, 3, 2, 2, 2, 2, 2, 2, 2, 2, 2, 2, 0, 3, 3, 3, 2, 3, 3, 2, 2, 2, 3, 3, 2, 3, 1, 0, 1, 3, 3, 1, 1, 1, 3, 0, 0, 3, 3, 1, 1, 0, 1, 0, 0, 0, 0, 1, 0, 1, 1, 0, 0, 0, 1, 0, 0, 0, 0, 1, 0, 0, 0, 1, 0, 1] 
dagE22.txt 3_2x2.txt True 0.37 0.5 220.66666666666666 [2, 2, 2, 2, 3, 3, 2, 2, 2, 2, 2, 2, 2, 2, 2, 2, 0, 3, 3, 3, 2, 3, 3, 2, 2, 2, 3, 3, 2, 3, 1, 0, 1, 3, 3, 1, 1, 1, 3, 0, 0, 3, 3, 1, 1, 0, 1, 0, 0, 0, 0, 1, 0, 1, 1, 0, 0, 0, 1, 0, 0, 0, 0, 1, 0, 0, 0, 1, 0, 1] 
dagE22.txt 3_2x2.txt True 0.37 0.55 220.66666666666666 [2, 2, 2, 2, 3, 3, 2, 2, 2, 2, 2, 2, 2, 2, 2, 2, 0, 3, 3, 3, 2, 3, 3, 2, 2, 2, 3, 3, 2, 3, 1, 0, 1, 3, 3, 1, 1, 1, 3, 0, 0, 3, 3, 1, 1, 0, 1, 0, 0, 0, 0, 1, 0, 1, 1, 0, 0, 0, 1, 0, 0, 0, 0, 1, 0, 0, 0, 1, 0, 1] 
dagE22.txt 3_2x2.txt True 0.58 0.6 225.0 [2, 2, 2, 2, 3, 3, 2, 2, 2, 2, 2, 2, 2, 2, 2, 2, 0, 0, 3, 2, 1, 3, 3, 2, 0, 3, 2, 0, 1, 3, 0, 0, 1, 3, 3, 0, 2, 1, 1, 3, 0, 2, 1, 1, 1, 0, 1, 3, 3, 2, 3, 1, 0, 0, 3, 1, 0, 1, 0, 1, 0, 0, 0, 0, 3, 1, 0, 0, 0, 0] 
dagE22.txt 3_2x2.txt True 0.58 0.65 225.0 [2, 2, 2, 2, 3, 3, 2, 2, 2, 2, 2, 2, 2, 2, 2, 2, 0, 0, 3, 2, 1, 3, 3, 2, 0, 3, 2, 0, 1, 3, 0, 0, 1, 3, 3, 0, 2, 1, 1, 3, 0, 2, 1, 1, 1, 0, 1, 3, 3, 2, 3, 1, 0, 0, 3, 1, 0, 1, 0, 1, 0, 0, 0, 0, 3, 1, 0, 0, 0, 0] 
dagE22.txt 3_2x2.txt True 0.58 0.7 225.0 [2, 2, 2, 2, 3, 3, 2, 2, 2, 2, 2, 2, 2, 2, 2, 2, 0, 0, 3, 2, 1, 3, 3, 2, 0, 3, 2, 0, 1, 3, 0, 0, 1, 3, 3, 0, 2, 1, 1, 3, 0, 2, 1, 1, 1, 0, 1, 3, 3, 2, 3, 1, 0, 0, 3, 1, 0, 1, 0, 1, 0, 0, 0, 0, 3, 1, 0, 0, 0, 0] 
dagE22.txt 3_2x2.txt True 0.58 0.75 225.0 [2, 2, 2, 2, 3, 3, 2, 2, 2, 2, 2, 2, 2, 2, 2, 2, 0, 0, 3, 2, 1, 3, 3, 2, 0, 3, 2, 0, 1, 3, 0, 0, 1, 3, 3, 0, 2, 1, 1, 3, 0, 2, 1, 1, 1, 0, 1, 3, 3, 2, 3, 1, 0, 0, 3, 1, 0, 1, 0, 1, 0, 0, 0, 0, 3, 1, 0, 0, 0, 0] 
dagE22.txt 3_2x2.txt True 0.58 0.8 225.0 [2, 2, 2, 2, 3, 3, 2, 2, 2, 2, 2, 2, 2, 2, 2, 2, 0, 0, 3, 2, 1, 3, 3, 2, 0, 3, 2, 0, 1, 3, 0, 0, 1, 3, 3, 0, 2, 1, 1, 3, 0, 2, 1, 1, 1, 0, 1, 3, 3, 2, 3, 1, 0, 0, 3, 1, 0, 1, 0, 1, 0, 0, 0, 0, 3, 1, 0, 0, 0, 0] 
dagE22.txt 3_2x2.txt True 0.58 0.85 225.0 [2, 2, 2, 2, 3, 3, 2, 2, 2, 2, 2, 2, 2, 2, 2, 2, 0, 0, 3, 2, 1, 3, 3, 2, 0, 3, 2, 0, 1, 3, 0, 0, 1, 3, 3, 0, 2, 1, 1, 3, 0, 2, 1, 1, 1, 0, 1, 3, 3, 2, 3, 1, 0, 0, 3, 1, 0, 1, 0, 1, 0, 0, 0, 0, 3, 1, 0, 0, 0, 0] 
dagE22.txt 3_2x2.txt True 0.58 0.9 225.0 [2, 2, 2, 2, 3, 3, 2, 2, 2, 2, 2, 2, 2, 2, 2, 2, 0, 0, 3, 2, 1, 3, 3, 2, 0, 3, 2, 0, 1, 3, 0, 0, 1, 3, 3, 0, 2, 1, 1, 3, 0, 2, 1, 1, 1, 0, 1, 3, 3, 2, 3, 1, 0, 0, 3, 1, 0, 1, 0, 1, 0, 0, 0, 0, 3, 1, 0, 0, 0, 0] 
dagE22.txt 3_2x2.txt True 0.58 0.95 225.0 [2, 2, 2, 2, 3, 3, 2, 2, 2, 2, 2, 2, 2, 2, 2, 2, 0, 0, 3, 2, 1, 3, 3, 2, 0, 3, 2, 0, 1, 3, 0, 0, 1, 3, 3, 0, 2, 1, 1, 3, 0, 2, 1, 1, 1, 0, 1, 3, 3, 2, 3, 1, 0, 0, 3, 1, 0, 1, 0, 1, 0, 0, 0, 0, 3, 1, 0, 0, 0, 0] 
dagE22.txt 3_2x2.txt True 0.58 1 225.0 [2, 2, 2, 2, 3, 3, 2, 2, 2, 2, 2, 2, 2, 2, 2, 2, 0, 0, 3, 2, 1, 3, 3, 2, 0, 3, 2, 0, 1, 3, 0, 0, 1, 3, 3, 0, 2, 1, 1, 3, 0, 2, 1, 1, 1, 0, 1, 3, 3, 2, 3, 1, 0, 0, 3, 1, 0, 1, 0, 1, 0, 0, 0, 0, 3, 1, 0, 0, 0, 0] 
dagE22.txt 1_4x4.txt True 0.05 0.07 517.25 [7, 7, 1, 7, 7, 7, 7, 7, 1, 7, 7, 7, 7, 7, 7, 7, 7, 7, 7, 7, 7, 7, 7, 7, 7, 7, 7, 7, 7, 7, 7, 7, 7, 7, 7, 7, 7, 7, 7, 7, 7, 7, 7, 7, 7, 7, 7, 7, 7, 7, 7, 7, 7, 7, 7, 7, 7, 7, 7, 7, 7, 7, 7, 7, 7, 7, 7, 7, 7, 7] 
dagE22.txt 1_4x4.txt True 0.05 0.08 517.25 [7, 7, 1, 7, 7, 7, 7, 7, 1, 7, 7, 7, 7, 7, 7, 7, 7, 7, 7, 7, 7, 7, 7, 7, 7, 7, 7, 7, 7, 7, 7, 7, 7, 7, 7, 7, 7, 7, 7, 7, 7, 7, 7, 7, 7, 7, 7, 7, 7, 7, 7, 7, 7, 7, 7, 7, 7, 7, 7, 7, 7, 7, 7, 7, 7, 7, 7, 7, 7, 7] 
dagE22.txt 1_4x4.txt True 0.085 0.09 505.25 [7, 7, 1, 7, 7, 7, 7, 7, 1, 7, 7, 7, 7, 7, 7, 7, 7, 7, 7, 7, 7, 7, 7, 7, 1, 7, 7, 7, 7, 7, 7, 7, 7, 7, 7, 7, 7, 7, 7, 7, 7, 7, 7, 7, 7, 7, 7, 7, 7, 7, 7, 7, 7, 7, 7, 7, 7, 7, 7, 7, 7, 7, 7, 7, 7, 7, 7, 7, 7, 7] 
dagE22.txt 1_4x4.txt True 0.1 0.1 493.5 [7, 7, 1, 7, 7, 7, 7, 7, 1, 7, 7, 7, 7, 7, 7, 7, 7, 7, 7, 7, 7, 7, 7, 1, 1, 7, 7, 7, 7, 7, 7, 7, 7, 7, 7, 7, 7, 7, 7, 7, 7, 7, 7, 7, 7, 7, 7, 7, 7, 7, 7, 7, 7, 7, 7, 7, 7, 7, 7, 7, 7, 7, 7, 7, 7, 7, 7, 7, 7, 7] 
dagE22.txt 1_4x4.txt True 0.1 0.11 493.5 [7, 7, 1, 7, 7, 7, 7, 7, 1, 7, 7, 7, 7, 7, 7, 7, 7, 7, 7, 7, 7, 7, 7, 1, 1, 7, 7, 7, 7, 7, 7, 7, 7, 7, 7, 7, 7, 7, 7, 7, 7, 7, 7, 7, 7, 7, 7, 7, 7, 7, 7, 7, 7, 7, 7, 7, 7, 7, 7, 7, 7, 7, 7, 7, 7, 7, 7, 7, 7, 7] 
dagE22.txt 1_4x4.txt True 0.1 0.12 493.5 [7, 7, 1, 7, 7, 7, 7, 7, 1, 7, 7, 7, 7, 7, 7, 7, 7, 7, 7, 7, 7, 7, 7, 1, 1, 7, 7, 7, 7, 7, 7, 7, 7, 7, 7, 7, 7, 7, 7, 7, 7, 7, 7, 7, 7, 7, 7, 7, 7, 7, 7, 7, 7, 7, 7, 7, 7, 7, 7, 7, 7, 7, 7, 7, 7, 7, 7, 7, 7, 7] 
dagE22.txt 1_4x4.txt True 0.125 0.13 482.0 [7, 1, 1, 7, 7, 7, 7, 7, 1, 7, 7, 7, 7, 7, 7, 7, 7, 7, 7, 7, 7, 7, 7, 1, 1, 7, 7, 7, 7, 7, 7, 7, 7, 7, 7, 7, 7, 7, 7, 7, 7, 7, 7, 7, 7, 7, 7, 7, 7, 7, 7, 7, 7, 7, 7, 7, 7, 7, 7, 7, 7, 7, 7, 7, 7, 7, 7, 7, 7, 7] 
dagE22.txt 1_4x4.txt True 0.14 0.14 470.75 [7, 1, 1, 7, 7, 7, 1, 7, 1, 7, 7, 7, 7, 7, 7, 7, 7, 7, 7, 7, 7, 7, 7, 1, 1, 7, 7, 7, 7, 7, 7, 7, 7, 7, 7, 7, 7, 7, 7, 7, 7, 7, 7, 7, 7, 7, 7, 7, 7, 7, 7, 7, 7, 7, 7, 7, 7, 7, 7, 7, 7, 7, 7, 7, 7, 7, 7, 7, 7, 7] 
dagE22.txt 1_4x4.txt True 0.145 0.15 318.25 [5, 5, 5, 5, 5, 5, 5, 5, 5, 5, 5, 5, 5, 5, 5, 5, 5, 7, 5, 5, 5, 7, 7, 5, 5, 7, 7, 7, 5, 7, 7, 7, 5, 7, 5, 7, 7, 7, 7, 7, 5, 7, 7, 7, 7, 7, 7, 7, 7, 7, 7, 7, 7, 7, 7, 7, 7, 7, 7, 7, 7, 7, 7, 7, 7, 7, 7, 7, 7, 7] 
dagE22.txt 1_4x4.txt True 0.145 0.16 318.25 [5, 5, 5, 5, 5, 5, 5, 5, 5, 5, 5, 5, 5, 5, 5, 5, 5, 7, 5, 5, 5, 7, 7, 5, 5, 7, 7, 7, 5, 7, 7, 7, 5, 7, 5, 7, 7, 7, 7, 7, 5, 7, 7, 7, 7, 7, 7, 7, 7, 7, 7, 7, 7, 7, 7, 7, 7, 7, 7, 7, 7, 7, 7, 7, 7, 7, 7, 7, 7, 7] 
dagE22.txt 1_4x4.txt True 0.165 0.17 307.0 [5, 5, 5, 5, 5, 5, 5, 5, 5, 5, 5, 5, 5, 5, 5, 5, 5, 7, 5, 5, 5, 7, 7, 5, 5, 7, 7, 7, 5, 7, 7, 7, 5, 7, 5, 7, 7, 7, 7, 7, 5, 7, 7, 7, 7, 7, 7, 7, 7, 7, 7, 7, 7, 7, 7, 7, 7, 7, 7, 7, 7, 1, 7, 7, 7, 7, 7, 7, 7, 7] 
dagE22.txt 1_4x4.txt True 0.165 0.18 307.0 [5, 5, 5, 5, 5, 5, 5, 5, 5, 5, 5, 5, 5, 5, 5, 5, 5, 7, 5, 5, 5, 7, 7, 5, 5, 7, 7, 7, 5, 7, 7, 7, 5, 7, 5, 7, 7, 7, 7, 7, 5, 7, 7, 7, 7, 7, 7, 7, 7, 7, 7, 7, 7, 7, 7, 7, 7, 7, 7, 7, 7, 1, 7, 7, 7, 7, 7, 7, 7, 7] 
dagE22.txt 1_4x4.txt True 0.185 0.19 296.0 [5, 5, 5, 5, 5, 5, 5, 5, 5, 5, 5, 5, 5, 5, 5, 5, 5, 7, 5, 5, 5, 7, 7, 5, 5, 7, 7, 7, 5, 7, 7, 7, 5, 7, 5, 7, 7, 7, 7, 7, 5, 7, 7, 7, 7, 7, 7, 7, 7, 1, 7, 7, 7, 7, 7, 7, 7, 7, 7, 7, 7, 1, 7, 7, 7, 7, 7, 7, 7, 7] 
dagE22.txt 1_4x4.txt True 0.185 0.2 296.0 [5, 5, 5, 5, 5, 5, 5, 5, 5, 5, 5, 5, 5, 5, 5, 5, 5, 7, 5, 5, 5, 7, 7, 5, 5, 7, 7, 7, 5, 7, 7, 7, 5, 7, 5, 7, 7, 7, 7, 7, 5, 7, 7, 7, 7, 7, 7, 7, 7, 1, 7, 7, 7, 7, 7, 7, 7, 7, 7, 7, 7, 1, 7, 7, 7, 7, 7, 7, 7, 7] 
dagE22.txt 1_4x4.txt True 0.23 0.25 287.0 [7, 7, 7, 7, 7, 7, 7, 7, 7, 7, 7, 7, 7, 7, 7, 7, 7, 7, 7, 7, 7, 7, 7, 7, 7, 5, 7, 7, 7, 7, 7, 3, 3, 5, 7, 3, 7, 3, 3, 3, 7, 7, 3, 3, 3, 3, 3, 3, 3, 3, 3, 3, 3, 3, 3, 3, 3, 3, 3, 3, 3, 3, 3, 3, 3, 3, 3, 3, 3, 3] 
dagE22.txt 1_4x4.txt True 0.3 0.3 250.75 [7, 7, 1, 7, 7, 7, 7, 7, 1, 7, 7, 7, 7, 7, 7, 7, 7, 7, 7, 7, 7, 7, 7, 7, 1, 5, 7, 7, 7, 7, 7, 3, 3, 5, 7, 3, 7, 3, 3, 3, 7, 7, 3, 3, 3, 3, 3, 3, 3, 3, 3, 3, 3, 3, 3, 3, 3, 3, 3, 3, 3, 3, 3, 3, 3, 3, 3, 3, 3, 3] 
dagE22.txt 1_4x4.txt True 0.35 0.35 483.0 [3, 3, 3, 3, 5, 6, 3, 3, 3, 3, 3, 3, 3, 3, 3, 5, 1, 6, 2, 6, 3, 6, 6, 3, 3, 6, 6, 6, 3, 6, 7, 6, 2, 6, 6, 6, 7, 7, 6, 7, 1, 6, 6, 7, 7, 6, 1, 7, 7, 4, 7, 7, 7, 7, 1, 7, 7, 7, 7, 7, 7, 7, 7, 4, 7, 7, 7, 7, 7, 7] 
dagE22.txt 1_4x4.txt True 0.4 0.4 362.0 [3, 3, 3, 3, 5, 6, 3, 3, 3, 3, 3, 3, 3, 3, 3, 5, 1, 6, 2, 3, 3, 6, 6, 3, 3, 1, 6, 6, 3, 6, 7, 6, 2, 6, 6, 6, 7, 7, 6, 7, 1, 1, 6, 7, 7, 6, 1, 7, 7, 4, 7, 7, 7, 7, 1, 7, 7, 7, 7, 7, 7, 7, 7, 4, 7, 7, 7, 7, 7, 7] 
dagE22.txt 1_4x4.txt True 0.445 0.45 582.0 [0, 0, 0, 0, 1, 0, 0, 0, 0, 1, 0, 0, 0, 0, 1, 1, 2, 3, 3, 3, 0, 0, 2, 0, 6, 0, 2, 3, 0, 5, 6, 5, 3, 3, 3, 3, 6, 6, 7, 5, 3, 2, 5, 6, 6, 5, 3, 5, 6, 6, 5, 6, 7, 7, 6, 4, 5, 7, 7, 4, 7, 7, 7, 6, 4, 7, 4, 7, 7, 7] 
dagE22.txt 1_4x4.txt True 0.495 0.5 341.0 [0, 0, 0, 0, 2, 2, 0, 0, 1, 2, 0, 2, 0, 0, 2, 2, 1, 3, 2, 2, 0, 1, 1, 1, 2, 1, 1, 1, 6, 1, 5, 6, 2, 6, 3, 3, 5, 5, 5, 6, 3, 1, 3, 5, 5, 6, 3, 6, 7, 4, 6, 5, 7, 5, 5, 7, 6, 7, 7, 7, 4, 5, 7, 4, 4, 7, 7, 4, 7, 4] 
dagE22.txt 1_4x4.txt True 0.55 0.55 287.0 [0, 0, 1, 1, 1, 3, 2, 0, 0, 2, 0, 1, 0, 0, 2, 1, 3, 2, 1, 1, 0, 2, 3, 6, 2, 1, 3, 2, 7, 2, 4, 6, 5, 1, 2, 6, 6, 4, 3, 7, 1, 3, 3, 6, 4, 6, 6, 7, 7, 5, 7, 4, 5, 6, 6, 5, 7, 7, 4, 4, 5, 5, 3, 4, 5, 5, 7, 7, 5, 4] 
dagE22.txt 1_4x4.txt True 0.6 0.6 202.0 [4, 5, 1, 5, 6, 5, 1, 4, 1, 5, 4, 5, 4, 4, 1, 5, 1, 7, 7, 5, 4, 5, 5, 1, 1, 5, 6, 6, 1, 5, 2, 0, 1, 7, 7, 7, 2, 1, 6, 0, 7, 6, 6, 2, 2, 2, 7, 0, 1, 7, 0, 3, 3, 2, 7, 3, 0, 1, 0, 2, 3, 3, 1, 3, 3, 1, 3, 0, 1, 3] 
dagE22.txt 1_4x4.txt True 0.645 0.65 172.0 [4, 1, 3, 5, 6, 5, 1, 3, 1, 5, 4, 5, 4, 4, 1, 1, 1, 7, 7, 5, 4, 5, 5, 1, 1, 5, 6, 6, 1, 5, 2, 0, 1, 7, 7, 7, 1, 1, 6, 0, 7, 6, 6, 2, 2, 2, 7, 0, 1, 7, 1, 3, 3, 2, 7, 3, 0, 1, 0, 2, 3, 3, 1, 3, 3, 1, 3, 0, 1, 3] 
dagE22.txt 1_4x4.txt True 0.685 0.7 116.5 [4, 5, 5, 5, 5, 5, 5, 3, 7, 5, 4, 5, 4, 4, 1, 1, 7, 7, 7, 5, 5, 5, 5, 3, 3, 5, 6, 6, 1, 5, 3, 0, 1, 7, 7, 7, 1, 1, 6, 0, 7, 3, 6, 1, 2, 2, 7, 7, 1, 7, 1, 3, 3, 2, 7, 3, 1, 1, 0, 2, 3, 3, 1, 3, 3, 1, 3, 0, 1, 3] 
dagE22.txt 1_4x4.txt True 0.685 0.75 116.5 [4, 5, 5, 5, 5, 5, 5, 3, 7, 5, 4, 5, 4, 4, 1, 1, 7, 7, 7, 5, 5, 5, 5, 3, 3, 5, 6, 6, 1, 5, 3, 0, 1, 7, 7, 7, 1, 1, 6, 0, 7, 3, 6, 1, 2, 2, 7, 7, 1, 7, 1, 3, 3, 2, 7, 3, 1, 1, 0, 2, 3, 3, 1, 3, 3, 1, 3, 0, 1, 3] 
dagE22.txt 1_4x4.txt True 0.79 0.8 114.0 [0, 7, 7, 6, 1, 1, 3, 7, 5, 1, 4, 4, 0, 0, 6, 1, 5, 3, 4, 1, 3, 7, 5, 7, 5, 7, 6, 0, 5, 2, 7, 7, 1, 5, 4, 3, 3, 7, 2, 7, 1, 3, 1, 3, 3, 2, 4, 5, 1, 3, 5, 1, 5, 6, 7, 5, 1, 1, 3, 2, 1, 5, 3, 3, 5, 5, 2, 6, 1, 3] 
dagE22.txt 1_4x4.txt True 0.79 0.85 114.0 [0, 7, 7, 6, 1, 1, 3, 7, 5, 1, 4, 4, 0, 0, 6, 1, 5, 3, 4, 1, 3, 7, 5, 7, 5, 7, 6, 0, 5, 2, 7, 7, 1, 5, 4, 3, 3, 7, 2, 7, 1, 3, 1, 3, 3, 2, 4, 5, 1, 3, 5, 1, 5, 6, 7, 5, 1, 1, 3, 2, 1, 5, 3, 3, 5, 5, 2, 6, 1, 3] 
dagE22.txt 1_4x4.txt True 0.79 0.9 114.0 [0, 7, 7, 6, 1, 1, 3, 7, 5, 1, 4, 4, 0, 0, 6, 1, 5, 3, 4, 1, 3, 7, 5, 7, 5, 7, 6, 0, 5, 2, 7, 7, 1, 5, 4, 3, 3, 7, 2, 7, 1, 3, 1, 3, 3, 2, 4, 5, 1, 3, 5, 1, 5, 6, 7, 5, 1, 1, 3, 2, 1, 5, 3, 3, 5, 5, 2, 6, 1, 3] 
dagE22.txt 1_4x4.txt True 0.79 0.95 114.0 [0, 7, 7, 6, 1, 1, 3, 7, 5, 1, 4, 4, 0, 0, 6, 1, 5, 3, 4, 1, 3, 7, 5, 7, 5, 7, 6, 0, 5, 2, 7, 7, 1, 5, 4, 3, 3, 7, 2, 7, 1, 3, 1, 3, 3, 2, 4, 5, 1, 3, 5, 1, 5, 6, 7, 5, 1, 1, 3, 2, 1, 5, 3, 3, 5, 5, 2, 6, 1, 3] 
dagE22.txt 1_4x4.txt True 0.79 1 114.0 [0, 7, 7, 6, 1, 1, 3, 7, 5, 1, 4, 4, 0, 0, 6, 1, 5, 3, 4, 1, 3, 7, 5, 7, 5, 7, 6, 0, 5, 2, 7, 7, 1, 5, 4, 3, 3, 7, 2, 7, 1, 3, 1, 3, 3, 2, 4, 5, 1, 3, 5, 1, 5, 6, 7, 5, 1, 1, 3, 2, 1, 5, 3, 3, 5, 5, 2, 6, 1, 3] 
dagE22.txt 1_4x2.txt True 0.05 0.07 507.5 [3, 3, 3, 3, 3, 3, 3, 3, 3, 3, 3, 3, 3, 3, 3, 3, 3, 3, 3, 3, 3, 3, 3, 3, 3, 3, 3, 3, 3, 3, 3, 3, 3, 3, 3, 1, 3, 3, 3, 3, 3, 3, 3, 3, 3, 3, 3, 3, 3, 2, 3, 3, 3, 3, 1, 3, 3, 3, 3, 3, 3, 3, 3, 2, 3, 3, 3, 3, 3, 3] 
dagE22.txt 1_4x2.txt True 0.075 0.08 495.25 [3, 3, 1, 3, 3, 3, 3, 3, 3, 3, 3, 3, 3, 3, 3, 3, 3, 3, 3, 3, 3, 3, 3, 3, 3, 3, 3, 3, 3, 3, 3, 3, 3, 3, 3, 1, 3, 3, 3, 3, 3, 3, 3, 3, 3, 3, 3, 3, 3, 2, 3, 3, 3, 3, 1, 3, 3, 3, 3, 3, 3, 3, 3, 2, 3, 3, 3, 3, 3, 3] 
dagE22.txt 1_4x2.txt True 0.075 0.09 495.25 [3, 3, 1, 3, 3, 3, 3, 3, 3, 3, 3, 3, 3, 3, 3, 3, 3, 3, 3, 3, 3, 3, 3, 3, 3, 3, 3, 3, 3, 3, 3, 3, 3, 3, 3, 1, 3, 3, 3, 3, 3, 3, 3, 3, 3, 3, 3, 3, 3, 2, 3, 3, 3, 3, 1, 3, 3, 3, 3, 3, 3, 3, 3, 2, 3, 3, 3, 3, 3, 3] 
dagE22.txt 1_4x2.txt True 0.1 0.1 483.25 [3, 3, 1, 3, 3, 3, 3, 3, 1, 3, 3, 3, 3, 3, 3, 3, 3, 3, 3, 3, 3, 3, 3, 3, 3, 3, 3, 3, 3, 3, 3, 3, 3, 3, 3, 1, 3, 3, 3, 3, 3, 3, 3, 3, 3, 3, 3, 3, 3, 2, 3, 3, 3, 3, 1, 3, 3, 3, 3, 3, 3, 3, 3, 2, 3, 3, 3, 3, 3, 3] 
dagE22.txt 1_4x2.txt True 0.1 0.11 483.25 [3, 3, 1, 3, 3, 3, 3, 3, 1, 3, 3, 3, 3, 3, 3, 3, 3, 3, 3, 3, 3, 3, 3, 3, 3, 3, 3, 3, 3, 3, 3, 3, 3, 3, 3, 1, 3, 3, 3, 3, 3, 3, 3, 3, 3, 3, 3, 3, 3, 2, 3, 3, 3, 3, 1, 3, 3, 3, 3, 3, 3, 3, 3, 2, 3, 3, 3, 3, 3, 3] 
dagE22.txt 1_4x2.txt True 0.1 0.12 483.25 [3, 3, 1, 3, 3, 3, 3, 3, 1, 3, 3, 3, 3, 3, 3, 3, 3, 3, 3, 3, 3, 3, 3, 3, 3, 3, 3, 3, 3, 3, 3, 3, 3, 3, 3, 1, 3, 3, 3, 3, 3, 3, 3, 3, 3, 3, 3, 3, 3, 2, 3, 3, 3, 3, 1, 3, 3, 3, 3, 3, 3, 3, 3, 2, 3, 3, 3, 3, 3, 3] 
dagE22.txt 1_4x2.txt True 0.1 0.13 483.25 [3, 3, 1, 3, 3, 3, 3, 3, 1, 3, 3, 3, 3, 3, 3, 3, 3, 3, 3, 3, 3, 3, 3, 3, 3, 3, 3, 3, 3, 3, 3, 3, 3, 3, 3, 1, 3, 3, 3, 3, 3, 3, 3, 3, 3, 3, 3, 3, 3, 2, 3, 3, 3, 3, 1, 3, 3, 3, 3, 3, 3, 3, 3, 2, 3, 3, 3, 3, 3, 3] 
dagE22.txt 1_4x2.txt True 0.135 0.14 471.25 [3, 3, 1, 3, 3, 3, 3, 3, 1, 3, 3, 3, 3, 3, 3, 3, 3, 3, 3, 3, 3, 3, 3, 3, 1, 3, 3, 3, 3, 3, 3, 3, 3, 3, 3, 1, 3, 3, 3, 3, 3, 3, 3, 3, 3, 3, 3, 3, 3, 2, 3, 3, 3, 3, 1, 3, 3, 3, 3, 3, 3, 3, 3, 2, 3, 3, 3, 3, 3, 3] 
dagE22.txt 1_4x2.txt True 0.15 0.15 459.5 [3, 3, 1, 3, 3, 3, 3, 3, 1, 3, 3, 3, 3, 3, 3, 3, 3, 3, 3, 3, 3, 3, 3, 1, 1, 3, 3, 3, 3, 3, 3, 3, 3, 3, 3, 1, 3, 3, 3, 3, 3, 3, 3, 3, 3, 3, 3, 3, 3, 2, 3, 3, 3, 3, 1, 3, 3, 3, 3, 3, 3, 3, 3, 2, 3, 3, 3, 3, 3, 3] 
dagE22.txt 1_4x2.txt True 0.15 0.16 459.5 [3, 3, 1, 3, 3, 3, 3, 3, 1, 3, 3, 3, 3, 3, 3, 3, 3, 3, 3, 3, 3, 3, 3, 1, 1, 3, 3, 3, 3, 3, 3, 3, 3, 3, 3, 1, 3, 3, 3, 3, 3, 3, 3, 3, 3, 3, 3, 3, 3, 2, 3, 3, 3, 3, 1, 3, 3, 3, 3, 3, 3, 3, 3, 2, 3, 3, 3, 3, 3, 3] 
dagE22.txt 1_4x2.txt True 0.165 0.17 441.0 [3, 3, 3, 3, 3, 3, 3, 3, 3, 3, 3, 3, 3, 3, 3, 3, 3, 3, 3, 3, 3, 3, 3, 3, 3, 3, 3, 3, 3, 3, 1, 3, 3, 3, 3, 3, 3, 3, 3, 3, 3, 3, 3, 3, 2, 3, 1, 3, 3, 3, 3, 1, 2, 2, 3, 2, 3, 2, 2, 2, 2, 2, 2, 1, 2, 2, 2, 2, 2, 2] 
dagE22.txt 1_4x2.txt True 0.175 0.18 408.5 [3, 3, 3, 3, 3, 3, 3, 3, 3, 3, 3, 3, 3, 3, 3, 3, 3, 3, 3, 3, 3, 3, 3, 3, 3, 3, 3, 3, 3, 3, 1, 3, 3, 3, 3, 3, 3, 3, 3, 3, 3, 3, 3, 3, 2, 3, 1, 3, 3, 3, 3, 1, 2, 2, 3, 2, 3, 2, 2, 2, 2, 1, 2, 1, 2, 2, 2, 2, 2, 2] 
dagE22.txt 1_4x2.txt True 0.175 0.19 408.5 [3, 3, 3, 3, 3, 3, 3, 3, 3, 3, 3, 3, 3, 3, 3, 3, 3, 3, 3, 3, 3, 3, 3, 3, 3, 3, 3, 3, 3, 3, 1, 3, 3, 3, 3, 3, 3, 3, 3, 3, 3, 3, 3, 3, 2, 3, 1, 3, 3, 3, 3, 1, 2, 2, 3, 2, 3, 2, 2, 2, 2, 1, 2, 1, 2, 2, 2, 2, 2, 2] 
dagE22.txt 1_4x2.txt True 0.2 0.2 396.25 [3, 3, 1, 3, 3, 3, 3, 3, 3, 3, 3, 3, 3, 3, 3, 3, 3, 3, 3, 3, 3, 3, 3, 3, 3, 3, 3, 3, 3, 3, 1, 3, 3, 3, 3, 3, 3, 3, 3, 3, 3, 3, 3, 3, 2, 3, 1, 3, 3, 3, 3, 1, 2, 2, 3, 2, 3, 2, 2, 2, 2, 1, 2, 1, 2, 2, 2, 2, 2, 2] 
dagE22.txt 1_4x2.txt True 0.235 0.25 384.25 [3, 3, 1, 3, 3, 3, 3, 3, 1, 3, 3, 3, 3, 3, 3, 3, 3, 3, 3, 3, 3, 3, 3, 3, 3, 3, 3, 3, 3, 3, 1, 3, 3, 3, 3, 3, 3, 3, 3, 3, 3, 3, 3, 3, 2, 3, 1, 3, 3, 3, 3, 1, 2, 2, 3, 2, 3, 2, 2, 2, 1, 1, 2, 1, 2, 2, 2, 2, 2, 2] 
dagE22.txt 1_4x2.txt True 0.29 0.3 242.5 [1, 1, 1, 1, 2, 1, 1, 1, 1, 1, 1, 1, 1, 1, 1, 1, 1, 0, 0, 2, 1, 1, 3, 1, 1, 1, 0, 0, 1, 0, 3, 3, 0, 0, 2, 2, 3, 3, 3, 3, 2, 3, 3, 3, 3, 3, 2, 3, 3, 3, 3, 3, 3, 3, 2, 3, 3, 3, 3, 3, 3, 3, 3, 3, 3, 3, 3, 3, 3, 3] 
dagE22.txt 1_4x2.txt True 0.35 0.35 565.0 [2, 2, 3, 2, 3, 3, 2, 2, 2, 2, 2, 2, 2, 2, 2, 2, 3, 3, 3, 3, 2, 3, 3, 2, 1, 2, 3, 3, 2, 3, 1, 0, 1, 3, 3, 1, 1, 1, 3, 0, 3, 3, 3, 1, 1, 0, 1, 0, 0, 1, 0, 1, 0, 1, 1, 0, 0, 0, 1, 0, 0, 1, 0, 1, 0, 0, 0, 1, 0, 1] 
dagE22.txt 1_4x2.txt True 0.395 0.4 424.0 [2, 1, 1, 2, 3, 3, 2, 2, 1, 2, 2, 2, 2, 2, 2, 2, 3, 3, 3, 3, 2, 3, 3, 1, 1, 2, 3, 3, 2, 3, 1, 0, 1, 3, 3, 1, 1, 1, 3, 0, 3, 3, 3, 1, 1, 0, 1, 0, 0, 1, 0, 1, 0, 1, 1, 0, 0, 0, 1, 0, 1, 1, 0, 1, 0, 0, 0, 1, 0, 1] 
dagE22.txt 1_4x2.txt True 0.45 0.45 256.75 [2, 1, 3, 2, 3, 3, 1, 1, 3, 2, 2, 2, 2, 2, 2, 1, 3, 3, 3, 3, 1, 3, 3, 1, 1, 2, 3, 3, 2, 3, 1, 0, 1, 3, 3, 1, 1, 1, 3, 0, 3, 3, 3, 1, 1, 0, 1, 3, 0, 1, 1, 1, 0, 1, 1, 0, 1, 0, 1, 0, 1, 1, 1, 1, 0, 1, 0, 1, 0, 1] 
dagE22.txt 1_4x2.txt True 0.49 0.5 227.0 [2, 3, 3, 2, 3, 3, 3, 1, 3, 2, 2, 2, 2, 2, 2, 1, 3, 3, 3, 3, 1, 3, 3, 3, 3, 1, 3, 3, 2, 3, 1, 0, 1, 3, 3, 1, 1, 1, 3, 0, 3, 3, 3, 1, 1, 0, 1, 1, 0, 1, 1, 1, 0, 1, 1, 3, 1, 0, 1, 0, 1, 1, 1, 1, 0, 1, 0, 1, 0, 1] 
dagE22.txt 1_4x2.txt True 0.505 0.55 219.75 [2, 3, 3, 2, 3, 3, 3, 1, 3, 2, 2, 2, 2, 2, 2, 1, 3, 3, 3, 3, 1, 3, 3, 3, 3, 1, 3, 3, 2, 3, 1, 0, 1, 3, 3, 1, 1, 1, 3, 0, 3, 3, 3, 1, 1, 0, 1, 1, 0, 1, 1, 1, 0, 1, 1, 3, 1, 0, 1, 0, 1, 3, 1, 1, 0, 1, 0, 1, 0, 1] 
dagE22.txt 1_4x2.txt True 0.6 0.6 479.0 [2, 1, 1, 2, 3, 3, 2, 2, 1, 2, 2, 2, 2, 2, 2, 2, 1, 0, 3, 2, 1, 3, 3, 1, 1, 3, 2, 0, 1, 3, 3, 0, 1, 3, 3, 0, 2, 1, 1, 3, 3, 2, 1, 1, 1, 0, 1, 3, 3, 1, 3, 1, 0, 0, 3, 1, 0, 1, 0, 1, 0, 0, 0, 0, 3, 1, 0, 0, 0, 0] 
dagE22.txt 1_4x2.txt True 0.61 0.65 223.5 [2, 3, 3, 2, 3, 3, 1, 1, 3, 2, 2, 2, 2, 2, 2, 1, 1, 3, 3, 3, 1, 3, 3, 3, 3, 3, 2, 1, 1, 3, 3, 0, 1, 3, 3, 1, 1, 1, 1, 3, 3, 3, 1, 1, 1, 0, 1, 3, 3, 1, 3, 1, 0, 0, 3, 1, 1, 1, 0, 1, 1, 1, 1, 0, 3, 1, 0, 0, 0, 0] 
dagE22.txt 1_4x2.txt True 0.6 0.7 224.5 [2, 3, 3, 2, 3, 3, 1, 1, 3, 2, 2, 2, 2, 2, 2, 1, 1, 1, 3, 3, 1, 3, 3, 3, 3, 3, 2, 3, 1, 3, 3, 0, 1, 3, 3, 1, 1, 1, 1, 3, 3, 3, 1, 1, 1, 0, 1, 3, 3, 1, 3, 1, 0, 0, 3, 1, 1, 1, 0, 1, 1, 1, 1, 0, 3, 1, 0, 0, 0, 0] 
dagE22.txt 1_4x2.txt True 0.6 0.75 224.5 [2, 3, 3, 2, 3, 3, 1, 1, 3, 2, 2, 2, 2, 2, 2, 1, 1, 1, 3, 3, 1, 3, 3, 3, 3, 3, 2, 3, 1, 3, 3, 0, 1, 3, 3, 1, 1, 1, 1, 3, 3, 3, 1, 1, 1, 0, 1, 3, 3, 1, 3, 1, 0, 0, 3, 1, 1, 1, 0, 1, 1, 1, 1, 0, 3, 1, 0, 0, 0, 0] 
dagE22.txt 1_4x2.txt True 0.6 0.8 224.5 [2, 3, 3, 2, 3, 3, 1, 1, 3, 2, 2, 2, 2, 2, 2, 1, 1, 1, 3, 3, 1, 3, 3, 3, 3, 3, 2, 3, 1, 3, 3, 0, 1, 3, 3, 1, 1, 1, 1, 3, 3, 3, 1, 1, 1, 0, 1, 3, 3, 1, 3, 1, 0, 0, 3, 1, 1, 1, 0, 1, 1, 1, 1, 0, 3, 1, 0, 0, 0, 0] 
dagE22.txt 1_4x2.txt True 0.6 0.85 224.5 [2, 3, 3, 2, 3, 3, 1, 1, 3, 2, 2, 2, 2, 2, 2, 1, 1, 1, 3, 3, 1, 3, 3, 3, 3, 3, 2, 3, 1, 3, 3, 0, 1, 3, 3, 1, 1, 1, 1, 3, 3, 3, 1, 1, 1, 0, 1, 3, 3, 1, 3, 1, 0, 0, 3, 1, 1, 1, 0, 1, 1, 1, 1, 0, 3, 1, 0, 0, 0, 0] 
dagE22.txt 1_4x2.txt True 0.6 0.9 224.5 [2, 3, 3, 2, 3, 3, 1, 1, 3, 2, 2, 2, 2, 2, 2, 1, 1, 1, 3, 3, 1, 3, 3, 3, 3, 3, 2, 3, 1, 3, 3, 0, 1, 3, 3, 1, 1, 1, 1, 3, 3, 3, 1, 1, 1, 0, 1, 3, 3, 1, 3, 1, 0, 0, 3, 1, 1, 1, 0, 1, 1, 1, 1, 0, 3, 1, 0, 0, 0, 0] 
dagE22.txt 1_4x2.txt True 0.6 0.95 224.5 [2, 3, 3, 2, 3, 3, 1, 1, 3, 2, 2, 2, 2, 2, 2, 1, 1, 1, 3, 3, 1, 3, 3, 3, 3, 3, 2, 3, 1, 3, 3, 0, 1, 3, 3, 1, 1, 1, 1, 3, 3, 3, 1, 1, 1, 0, 1, 3, 3, 1, 3, 1, 0, 0, 3, 1, 1, 1, 0, 1, 1, 1, 1, 0, 3, 1, 0, 0, 0, 0] 
dagE22.txt 1_4x2.txt True 0.6 1 224.5 [2, 3, 3, 2, 3, 3, 1, 1, 3, 2, 2, 2, 2, 2, 2, 1, 1, 1, 3, 3, 1, 3, 3, 3, 3, 3, 2, 3, 1, 3, 3, 0, 1, 3, 3, 1, 1, 1, 1, 3, 3, 3, 1, 1, 1, 0, 1, 3, 3, 1, 3, 1, 0, 0, 3, 1, 1, 1, 0, 1, 1, 1, 1, 0, 3, 1, 0, 0, 0, 0] 
dagE22.txt 1_4x3.txt True 0.05 0.07 517.25 [5, 5, 1, 5, 5, 5, 5, 5, 1, 5, 5, 5, 5, 5, 5, 5, 5, 5, 5, 5, 5, 5, 5, 5, 5, 5, 5, 5, 5, 5, 5, 5, 5, 5, 5, 5, 5, 5, 5, 5, 5, 5, 5, 5, 5, 5, 5, 5, 5, 5, 5, 5, 5, 5, 5, 5, 5, 5, 5, 5, 5, 5, 5, 5, 5, 5, 5, 5, 5, 5] 
dagE22.txt 1_4x3.txt True 0.05 0.08 517.25 [5, 5, 1, 5, 5, 5, 5, 5, 1, 5, 5, 5, 5, 5, 5, 5, 5, 5, 5, 5, 5, 5, 5, 5, 5, 5, 5, 5, 5, 5, 5, 5, 5, 5, 5, 5, 5, 5, 5, 5, 5, 5, 5, 5, 5, 5, 5, 5, 5, 5, 5, 5, 5, 5, 5, 5, 5, 5, 5, 5, 5, 5, 5, 5, 5, 5, 5, 5, 5, 5] 
dagE22.txt 1_4x3.txt True 0.085 0.09 505.25 [5, 5, 1, 5, 5, 5, 5, 5, 1, 5, 5, 5, 5, 5, 5, 5, 5, 5, 5, 5, 5, 5, 5, 5, 1, 5, 5, 5, 5, 5, 5, 5, 5, 5, 5, 5, 5, 5, 5, 5, 5, 5, 5, 5, 5, 5, 5, 5, 5, 5, 5, 5, 5, 5, 5, 5, 5, 5, 5, 5, 5, 5, 5, 5, 5, 5, 5, 5, 5, 5] 
dagE22.txt 1_4x3.txt True 0.1 0.1 493.5 [5, 5, 1, 5, 5, 5, 5, 5, 1, 5, 5, 5, 5, 5, 5, 5, 5, 5, 5, 5, 5, 5, 5, 1, 1, 5, 5, 5, 5, 5, 5, 5, 5, 5, 5, 5, 5, 5, 5, 5, 5, 5, 5, 5, 5, 5, 5, 5, 5, 5, 5, 5, 5, 5, 5, 5, 5, 5, 5, 5, 5, 5, 5, 5, 5, 5, 5, 5, 5, 5] 
dagE22.txt 1_4x3.txt True 0.105 0.11 452.5 [3, 5, 3, 5, 5, 5, 3, 3, 3, 3, 3, 5, 3, 3, 3, 3, 5, 5, 5, 5, 5, 5, 5, 5, 5, 5, 5, 5, 5, 5, 5, 5, 5, 5, 5, 5, 5, 5, 5, 5, 5, 5, 5, 5, 5, 5, 5, 5, 5, 5, 5, 5, 5, 5, 5, 5, 5, 5, 5, 5, 5, 5, 5, 5, 5, 5, 5, 5, 5, 5] 
dagE22.txt 1_4x3.txt True 0.105 0.12 452.5 [3, 5, 3, 5, 5, 5, 3, 3, 3, 3, 3, 5, 3, 3, 3, 3, 5, 5, 5, 5, 5, 5, 5, 5, 5, 5, 5, 5, 5, 5, 5, 5, 5, 5, 5, 5, 5, 5, 5, 5, 5, 5, 5, 5, 5, 5, 5, 5, 5, 5, 5, 5, 5, 5, 5, 5, 5, 5, 5, 5, 5, 5, 5, 5, 5, 5, 5, 5, 5, 5] 
dagE22.txt 1_4x3.txt True 0.13 0.13 440.5 [3, 5, 3, 5, 5, 5, 3, 3, 3, 3, 3, 5, 3, 3, 3, 3, 5, 5, 5, 5, 5, 5, 5, 5, 3, 5, 5, 5, 5, 5, 5, 5, 5, 5, 5, 5, 5, 5, 5, 5, 5, 5, 5, 5, 5, 5, 5, 5, 5, 5, 5, 5, 5, 5, 5, 5, 5, 5, 5, 5, 5, 5, 5, 5, 5, 5, 5, 5, 5, 5] 
dagE22.txt 1_4x3.txt True 0.135 0.14 440.5 [3, 5, 3, 5, 5, 5, 3, 3, 3, 3, 3, 5, 3, 3, 3, 3, 5, 5, 5, 5, 5, 5, 5, 5, 1, 5, 5, 5, 5, 5, 5, 5, 5, 5, 5, 5, 5, 5, 5, 5, 5, 5, 5, 5, 5, 5, 5, 5, 5, 5, 5, 5, 5, 5, 5, 5, 5, 5, 5, 5, 5, 5, 5, 5, 5, 5, 5, 5, 5, 5] 
dagE22.txt 1_4x3.txt True 0.15 0.15 428.75 [3, 5, 3, 5, 5, 5, 3, 3, 3, 3, 3, 5, 3, 3, 3, 3, 5, 5, 5, 5, 5, 5, 5, 3, 1, 5, 5, 5, 5, 5, 5, 5, 5, 5, 5, 5, 5, 5, 5, 5, 5, 5, 5, 5, 5, 5, 5, 5, 5, 5, 5, 5, 5, 5, 5, 5, 5, 5, 5, 5, 5, 5, 5, 5, 5, 5, 5, 5, 5, 5] 
dagE22.txt 1_4x3.txt True 0.16 0.16 417.25 [3, 3, 3, 5, 5, 5, 3, 3, 3, 3, 3, 5, 3, 3, 3, 3, 5, 5, 5, 5, 5, 5, 5, 1, 1, 5, 5, 5, 5, 5, 5, 5, 5, 5, 5, 5, 5, 5, 5, 5, 5, 5, 5, 5, 5, 5, 5, 5, 5, 5, 5, 5, 5, 5, 5, 5, 5, 5, 5, 5, 5, 5, 5, 5, 5, 5, 5, 5, 5, 5] 
dagE22.txt 1_4x3.txt True 0.17 0.17 417.25 [3, 1, 3, 5, 5, 5, 3, 3, 3, 3, 3, 5, 3, 3, 3, 3, 5, 5, 5, 5, 5, 5, 5, 1, 1, 5, 5, 5, 5, 5, 5, 5, 5, 5, 5, 5, 5, 5, 5, 5, 5, 5, 5, 5, 5, 5, 5, 5, 5, 5, 5, 5, 5, 5, 5, 5, 5, 5, 5, 5, 5, 5, 5, 5, 5, 5, 5, 5, 5, 5] 
dagE22.txt 1_4x3.txt True 0.17 0.18 417.25 [3, 1, 3, 5, 5, 5, 3, 3, 3, 3, 3, 5, 3, 3, 3, 3, 5, 5, 5, 5, 5, 5, 5, 1, 1, 5, 5, 5, 5, 5, 5, 5, 5, 5, 5, 5, 5, 5, 5, 5, 5, 5, 5, 5, 5, 5, 5, 5, 5, 5, 5, 5, 5, 5, 5, 5, 5, 5, 5, 5, 5, 5, 5, 5, 5, 5, 5, 5, 5, 5] 
dagE22.txt 1_4x3.txt True 0.19 0.19 406.0 [3, 1, 3, 5, 5, 5, 3, 3, 3, 3, 3, 5, 3, 3, 3, 3, 5, 5, 5, 5, 5, 5, 5, 1, 1, 5, 5, 5, 5, 5, 5, 5, 5, 5, 5, 5, 5, 5, 5, 5, 5, 5, 5, 5, 5, 5, 5, 5, 5, 5, 5, 5, 5, 5, 5, 5, 5, 5, 5, 5, 5, 1, 5, 5, 5, 5, 5, 5, 5, 5] 
dagE22.txt 1_4x3.txt True 0.2 0.2 395.0 [3, 1, 3, 5, 5, 5, 3, 3, 3, 3, 3, 5, 3, 3, 3, 3, 1, 5, 5, 5, 5, 5, 5, 1, 1, 5, 5, 5, 5, 5, 5, 5, 5, 5, 5, 5, 5, 5, 5, 5, 5, 5, 5, 5, 5, 5, 5, 5, 5, 5, 5, 5, 5, 5, 5, 5, 5, 5, 5, 5, 5, 1, 5, 5, 5, 5, 5, 5, 5, 5] 
dagE22.txt 1_4x3.txt True 0.25 0.25 373.25 [3, 1, 3, 5, 5, 5, 3, 3, 3, 3, 3, 5, 3, 3, 3, 3, 1, 5, 5, 5, 5, 5, 5, 1, 1, 5, 5, 5, 5, 5, 5, 5, 5, 5, 5, 5, 1, 5, 5, 5, 5, 5, 5, 5, 5, 5, 5, 5, 5, 1, 5, 5, 5, 5, 5, 5, 5, 5, 5, 5, 5, 1, 5, 5, 5, 5, 5, 5, 5, 5] 
dagE22.txt 1_4x3.txt True 0.3 0.3 518.0 [4, 4, 4, 4, 2, 2, 4, 4, 4, 2, 4, 2, 4, 4, 2, 2, 4, 2, 2, 2, 4, 2, 5, 4, 5, 1, 2, 2, 4, 5, 5, 5, 2, 2, 2, 1, 5, 5, 5, 5, 2, 5, 5, 5, 5, 5, 5, 5, 5, 3, 5, 5, 5, 5, 1, 5, 5, 5, 5, 5, 5, 5, 5, 3, 3, 5, 5, 5, 5, 5] 
dagE22.txt 1_4x3.txt True 0.35 0.35 508.0 [2, 2, 2, 2, 1, 1, 2, 2, 2, 1, 2, 1, 2, 2, 2, 1, 1, 1, 1, 1, 2, 1, 1, 2, 1, 1, 1, 1, 2, 1, 4, 5, 1, 1, 1, 3, 4, 4, 1, 5, 1, 1, 1, 4, 4, 5, 3, 5, 5, 1, 5, 4, 5, 4, 4, 5, 5, 5, 4, 4, 4, 1, 4, 4, 5, 4, 5, 4, 4, 4] 
dagE22.txt 1_4x3.txt True 0.4 0.4 352.0 [1, 1, 1, 1, 2, 1, 1, 1, 1, 1, 1, 1, 1, 1, 1, 2, 2, 0, 2, 2, 1, 0, 0, 1, 1, 0, 2, 0, 3, 0, 4, 3, 2, 2, 0, 0, 4, 4, 0, 3, 2, 0, 0, 4, 4, 3, 5, 3, 3, 4, 3, 4, 5, 5, 4, 3, 3, 5, 5, 3, 5, 5, 5, 4, 3, 5, 3, 5, 5, 5] 
dagE22.txt 1_4x3.txt True 0.45 0.45 388.0 [4, 4, 1, 4, 3, 3, 4, 4, 4, 3, 4, 3, 4, 4, 4, 3, 3, 5, 5, 3, 4, 5, 3, 5, 2, 5, 3, 5, 0, 0, 2, 0, 5, 5, 5, 5, 2, 2, 3, 0, 5, 3, 3, 2, 2, 0, 1, 0, 2, 2, 0, 2, 1, 1, 2, 0, 0, 1, 1, 2, 1, 1, 1, 2, 0, 1, 0, 1, 1, 1] 
dagE22.txt 1_4x3.txt True 0.5 0.5 296.0 [4, 3, 1, 4, 3, 3, 4, 4, 1, 3, 4, 3, 4, 4, 4, 3, 3, 5, 5, 3, 4, 5, 3, 5, 1, 5, 3, 5, 0, 0, 2, 0, 5, 5, 5, 5, 2, 2, 3, 0, 5, 3, 3, 2, 2, 0, 1, 0, 2, 1, 0, 2, 1, 1, 2, 0, 0, 1, 1, 2, 1, 1, 1, 2, 0, 1, 0, 1, 1, 1] 
dagE22.txt 1_4x3.txt True 0.55 0.55 213.0 [4, 1, 1, 4, 3, 3, 1, 4, 1, 3, 4, 3, 4, 4, 4, 3, 3, 5, 5, 3, 4, 5, 3, 5, 1, 5, 3, 5, 1, 0, 1, 0, 5, 5, 5, 5, 1, 2, 3, 0, 5, 3, 3, 2, 2, 0, 1, 0, 2, 1, 1, 2, 1, 1, 2, 0, 1, 1, 1, 2, 1, 1, 1, 2, 0, 1, 0, 1, 1, 1] 
dagE22.txt 1_4x3.txt True 0.58 0.6 150.0 [4, 5, 5, 4, 3, 3, 5, 3, 3, 3, 4, 3, 4, 4, 4, 3, 3, 5, 5, 3, 5, 5, 3, 5, 3, 5, 3, 5, 1, 0, 1, 0, 5, 5, 5, 5, 1, 3, 3, 0, 5, 3, 3, 2, 2, 0, 1, 3, 2, 1, 1, 2, 1, 1, 3, 1, 1, 1, 1, 2, 1, 1, 1, 2, 0, 1, 0, 1, 1, 1] 
dagE22.txt 1_4x3.txt True 0.58 0.65 150.0 [4, 5, 5, 4, 3, 3, 5, 3, 3, 3, 4, 3, 4, 4, 4, 3, 3, 5, 5, 3, 5, 5, 3, 5, 3, 5, 3, 5, 1, 0, 1, 0, 5, 5, 5, 5, 1, 3, 3, 0, 5, 3, 3, 2, 2, 0, 1, 3, 2, 1, 1, 2, 1, 1, 3, 1, 1, 1, 1, 2, 1, 1, 1, 2, 0, 1, 0, 1, 1, 1] 
dagE22.txt 1_4x3.txt True 0.7 0.7 388.0 [4, 0, 2, 4, 0, 2, 4, 0, 0, 4, 0, 2, 4, 0, 4, 0, 1, 3, 2, 0, 2, 1, 1, 1, 3, 1, 2, 3, 0, 1, 5, 1, 3, 3, 0, 3, 4, 2, 5, 5, 2, 5, 3, 4, 5, 1, 1, 3, 0, 2, 5, 2, 5, 2, 4, 4, 3, 3, 3, 5, 2, 1, 3, 4, 2, 5, 1, 5, 5, 4] 
dagE22.txt 1_4x3.txt True 0.745 0.75 207.0 [4, 1, 1, 4, 0, 2, 1, 1, 1, 4, 0, 2, 3, 0, 4, 1, 1, 3, 2, 0, 1, 1, 1, 1, 3, 1, 2, 3, 0, 1, 5, 1, 3, 3, 0, 3, 1, 2, 5, 5, 1, 5, 3, 4, 5, 1, 1, 3, 0, 1, 5, 2, 5, 2, 1, 4, 3, 3, 3, 5, 3, 1, 3, 4, 2, 5, 1, 5, 5, 4] 
dagE22.txt 1_4x3.txt True 0.77 0.8 148.75 [4, 5, 5, 4, 0, 2, 5, 1, 5, 4, 0, 2, 3, 0, 4, 1, 5, 3, 2, 3, 1, 1, 1, 3, 3, 1, 2, 3, 1, 1, 5, 1, 3, 3, 0, 3, 1, 1, 5, 5, 1, 5, 3, 3, 5, 1, 1, 3, 0, 1, 5, 2, 5, 2, 1, 4, 3, 3, 3, 5, 3, 5, 3, 4, 2, 5, 1, 5, 5, 4] 
dagE22.txt 1_4x3.txt True 0.77 0.85 148.75 [4, 5, 5, 4, 0, 2, 5, 1, 5, 4, 0, 2, 3, 0, 4, 1, 5, 3, 2, 3, 1, 1, 1, 3, 3, 1, 2, 3, 1, 1, 5, 1, 3, 3, 0, 3, 1, 1, 5, 5, 1, 5, 3, 3, 5, 1, 1, 3, 0, 1, 5, 2, 5, 2, 1, 4, 3, 3, 3, 5, 3, 5, 3, 4, 2, 5, 1, 5, 5, 4] 
dagE22.txt 1_4x3.txt True 0.77 0.9 148.75 [4, 5, 5, 4, 0, 2, 5, 1, 5, 4, 0, 2, 3, 0, 4, 1, 5, 3, 2, 3, 1, 1, 1, 3, 3, 1, 2, 3, 1, 1, 5, 1, 3, 3, 0, 3, 1, 1, 5, 5, 1, 5, 3, 3, 5, 1, 1, 3, 0, 1, 5, 2, 5, 2, 1, 4, 3, 3, 3, 5, 3, 5, 3, 4, 2, 5, 1, 5, 5, 4] 
dagE22.txt 1_4x3.txt True 0.77 0.95 148.75 [4, 5, 5, 4, 0, 2, 5, 1, 5, 4, 0, 2, 3, 0, 4, 1, 5, 3, 2, 3, 1, 1, 1, 3, 3, 1, 2, 3, 1, 1, 5, 1, 3, 3, 0, 3, 1, 1, 5, 5, 1, 5, 3, 3, 5, 1, 1, 3, 0, 1, 5, 2, 5, 2, 1, 4, 3, 3, 3, 5, 3, 5, 3, 4, 2, 5, 1, 5, 5, 4] 
dagE22.txt 1_4x3.txt True 0.77 1 148.75 [4, 5, 5, 4, 0, 2, 5, 1, 5, 4, 0, 2, 3, 0, 4, 1, 5, 3, 2, 3, 1, 1, 1, 3, 3, 1, 2, 3, 1, 1, 5, 1, 3, 3, 0, 3, 1, 1, 5, 5, 1, 5, 3, 3, 5, 1, 1, 3, 0, 1, 5, 2, 5, 2, 1, 4, 3, 3, 3, 5, 3, 5, 3, 4, 2, 5, 1, 5, 5, 4] 
dagE22.txt 3_2x1.txt True 0.05 0.07 1027.0 [1, 1, 1, 1, 1, 1, 1, 1, 1, 1, 1, 1, 1, 1, 1, 1, 1, 0, 1, 1, 1, 1, 1, 1, 1, 1, 1, 1, 1, 1, 1, 1, 1, 1, 1, 0, 1, 1, 1, 1, 1, 1, 1, 1, 1, 1, 1, 1, 1, 1, 1, 1, 1, 1, 0, 1, 1, 1, 1, 1, 1, 1, 1, 1, 1, 1, 1, 1, 1, 1] 
dagE22.txt 3_2x1.txt True 0.075 0.08 1002.5 [1, 1, 0, 1, 1, 1, 1, 1, 1, 1, 1, 1, 1, 1, 1, 1, 1, 0, 1, 1, 1, 1, 1, 1, 1, 1, 1, 1, 1, 1, 1, 1, 1, 1, 1, 0, 1, 1, 1, 1, 1, 1, 1, 1, 1, 1, 1, 1, 1, 1, 1, 1, 1, 1, 0, 1, 1, 1, 1, 1, 1, 1, 1, 1, 1, 1, 1, 1, 1, 1] 
dagE22.txt 3_2x1.txt True 0.075 0.09 1002.5 [1, 1, 0, 1, 1, 1, 1, 1, 1, 1, 1, 1, 1, 1, 1, 1, 1, 0, 1, 1, 1, 1, 1, 1, 1, 1, 1, 1, 1, 1, 1, 1, 1, 1, 1, 0, 1, 1, 1, 1, 1, 1, 1, 1, 1, 1, 1, 1, 1, 1, 1, 1, 1, 1, 0, 1, 1, 1, 1, 1, 1, 1, 1, 1, 1, 1, 1, 1, 1, 1] 
dagE22.txt 3_2x1.txt True 0.1 0.1 978.5 [1, 1, 0, 1, 1, 1, 1, 1, 0, 1, 1, 1, 1, 1, 1, 1, 1, 0, 1, 1, 1, 1, 1, 1, 1, 1, 1, 1, 1, 1, 1, 1, 1, 1, 1, 0, 1, 1, 1, 1, 1, 1, 1, 1, 1, 1, 1, 1, 1, 1, 1, 1, 1, 1, 0, 1, 1, 1, 1, 1, 1, 1, 1, 1, 1, 1, 1, 1, 1, 1] 
dagE22.txt 3_2x1.txt True 0.1 0.11 978.5 [1, 1, 0, 1, 1, 1, 1, 1, 0, 1, 1, 1, 1, 1, 1, 1, 1, 0, 1, 1, 1, 1, 1, 1, 1, 1, 1, 1, 1, 1, 1, 1, 1, 1, 1, 0, 1, 1, 1, 1, 1, 1, 1, 1, 1, 1, 1, 1, 1, 1, 1, 1, 1, 1, 0, 1, 1, 1, 1, 1, 1, 1, 1, 1, 1, 1, 1, 1, 1, 1] 
dagE22.txt 3_2x1.txt True 0.1 0.12 978.5 [1, 1, 0, 1, 1, 1, 1, 1, 0, 1, 1, 1, 1, 1, 1, 1, 1, 0, 1, 1, 1, 1, 1, 1, 1, 1, 1, 1, 1, 1, 1, 1, 1, 1, 1, 0, 1, 1, 1, 1, 1, 1, 1, 1, 1, 1, 1, 1, 1, 1, 1, 1, 1, 1, 0, 1, 1, 1, 1, 1, 1, 1, 1, 1, 1, 1, 1, 1, 1, 1] 
dagE22.txt 3_2x1.txt True 0.1 0.13 978.5 [1, 1, 0, 1, 1, 1, 1, 1, 0, 1, 1, 1, 1, 1, 1, 1, 1, 0, 1, 1, 1, 1, 1, 1, 1, 1, 1, 1, 1, 1, 1, 1, 1, 1, 1, 0, 1, 1, 1, 1, 1, 1, 1, 1, 1, 1, 1, 1, 1, 1, 1, 1, 1, 1, 0, 1, 1, 1, 1, 1, 1, 1, 1, 1, 1, 1, 1, 1, 1, 1] 
dagE22.txt 3_2x1.txt True 0.135 0.14 954.5 [1, 1, 0, 1, 1, 1, 1, 1, 0, 1, 1, 1, 1, 1, 1, 1, 1, 0, 1, 1, 1, 1, 1, 1, 0, 1, 1, 1, 1, 1, 1, 1, 1, 1, 1, 0, 1, 1, 1, 1, 1, 1, 1, 1, 1, 1, 1, 1, 1, 1, 1, 1, 1, 1, 0, 1, 1, 1, 1, 1, 1, 1, 1, 1, 1, 1, 1, 1, 1, 1] 
dagE22.txt 3_2x1.txt True 0.15 0.15 583.5 [1, 1, 1, 1, 1, 1, 1, 1, 1, 1, 1, 1, 1, 1, 1, 1, 1, 1, 1, 1, 1, 1, 1, 1, 1, 1, 1, 1, 0, 0, 0, 0, 1, 1, 1, 0, 0, 0, 1, 0, 1, 1, 1, 0, 0, 0, 0, 0, 0, 0, 0, 0, 0, 0, 0, 0, 0, 0, 0, 0, 0, 0, 0, 0, 0, 0, 0, 0, 0, 0] 
dagE22.txt 3_2x1.txt True 0.15 0.16 583.5 [1, 1, 1, 1, 1, 1, 1, 1, 1, 1, 1, 1, 1, 1, 1, 1, 1, 1, 1, 1, 1, 1, 1, 1, 1, 1, 1, 1, 0, 0, 0, 0, 1, 1, 1, 0, 0, 0, 1, 0, 1, 1, 1, 0, 0, 0, 0, 0, 0, 0, 0, 0, 0, 0, 0, 0, 0, 0, 0, 0, 0, 0, 0, 0, 0, 0, 0, 0, 0, 0] 
dagE22.txt 3_2x1.txt True 0.15 0.17 583.5 [1, 1, 1, 1, 1, 1, 1, 1, 1, 1, 1, 1, 1, 1, 1, 1, 1, 1, 1, 1, 1, 1, 1, 1, 1, 1, 1, 1, 0, 0, 0, 0, 1, 1, 1, 0, 0, 0, 1, 0, 1, 1, 1, 0, 0, 0, 0, 0, 0, 0, 0, 0, 0, 0, 0, 0, 0, 0, 0, 0, 0, 0, 0, 0, 0, 0, 0, 0, 0, 0] 
dagE22.txt 3_2x1.txt True 0.175 0.18 559.0 [1, 1, 0, 1, 1, 1, 1, 1, 1, 1, 1, 1, 1, 1, 1, 1, 1, 1, 1, 1, 1, 1, 1, 1, 1, 1, 1, 1, 0, 0, 0, 0, 1, 1, 1, 0, 0, 0, 1, 0, 1, 1, 1, 0, 0, 0, 0, 0, 0, 0, 0, 0, 0, 0, 0, 0, 0, 0, 0, 0, 0, 0, 0, 0, 0, 0, 0, 0, 0, 0] 
dagE22.txt 3_2x1.txt True 0.175 0.19 559.0 [1, 1, 0, 1, 1, 1, 1, 1, 1, 1, 1, 1, 1, 1, 1, 1, 1, 1, 1, 1, 1, 1, 1, 1, 1, 1, 1, 1, 0, 0, 0, 0, 1, 1, 1, 0, 0, 0, 1, 0, 1, 1, 1, 0, 0, 0, 0, 0, 0, 0, 0, 0, 0, 0, 0, 0, 0, 0, 0, 0, 0, 0, 0, 0, 0, 0, 0, 0, 0, 0] 
dagE22.txt 3_2x1.txt True 0.2 0.2 535.0 [1, 1, 0, 1, 1, 1, 1, 1, 0, 1, 1, 1, 1, 1, 1, 1, 1, 1, 1, 1, 1, 1, 1, 1, 1, 1, 1, 1, 0, 0, 0, 0, 1, 1, 1, 0, 0, 0, 1, 0, 1, 1, 1, 0, 0, 0, 0, 0, 0, 0, 0, 0, 0, 0, 0, 0, 0, 0, 0, 0, 0, 0, 0, 0, 0, 0, 0, 0, 0, 0] 
dagE22.txt 3_2x1.txt True 0.25 0.25 442.0 [1, 0, 0, 1, 1, 1, 0, 1, 0, 1, 1, 1, 1, 1, 1, 1, 1, 1, 1, 1, 1, 1, 1, 0, 0, 1, 1, 1, 0, 0, 0, 0, 1, 1, 1, 0, 0, 0, 1, 0, 1, 1, 1, 0, 0, 0, 0, 0, 0, 0, 0, 0, 0, 0, 0, 0, 0, 0, 0, 0, 0, 0, 0, 0, 0, 0, 0, 0, 0, 0] 
dagE22.txt 3_2x1.txt True 0.25 0.3 442.0 [1, 0, 0, 1, 1, 1, 0, 1, 0, 1, 1, 1, 1, 1, 1, 1, 1, 1, 1, 1, 1, 1, 1, 0, 0, 1, 1, 1, 0, 0, 0, 0, 1, 1, 1, 0, 0, 0, 1, 0, 1, 1, 1, 0, 0, 0, 0, 0, 0, 0, 0, 0, 0, 0, 0, 0, 0, 0, 0, 0, 0, 0, 0, 0, 0, 0, 0, 0, 0, 0] 
dagE22.txt 3_2x1.txt True 0.25 0.35 442.0 [1, 0, 0, 1, 1, 1, 0, 1, 0, 1, 1, 1, 1, 1, 1, 1, 1, 1, 1, 1, 1, 1, 1, 0, 0, 1, 1, 1, 0, 0, 0, 0, 1, 1, 1, 0, 0, 0, 1, 0, 1, 1, 1, 0, 0, 0, 0, 0, 0, 0, 0, 0, 0, 0, 0, 0, 0, 0, 0, 0, 0, 0, 0, 0, 0, 0, 0, 0, 0, 0] 
dagE22.txt 3_2x1.txt True 0.25 0.4 442.0 [1, 0, 0, 1, 1, 1, 0, 1, 0, 1, 1, 1, 1, 1, 1, 1, 1, 1, 1, 1, 1, 1, 1, 0, 0, 1, 1, 1, 0, 0, 0, 0, 1, 1, 1, 0, 0, 0, 1, 0, 1, 1, 1, 0, 0, 0, 0, 0, 0, 0, 0, 0, 0, 0, 0, 0, 0, 0, 0, 0, 0, 0, 0, 0, 0, 0, 0, 0, 0, 0] 
dagE22.txt 3_2x1.txt True 0.25 0.45 442.0 [1, 0, 0, 1, 1, 1, 0, 1, 0, 1, 1, 1, 1, 1, 1, 1, 1, 1, 1, 1, 1, 1, 1, 0, 0, 1, 1, 1, 0, 0, 0, 0, 1, 1, 1, 0, 0, 0, 1, 0, 1, 1, 1, 0, 0, 0, 0, 0, 0, 0, 0, 0, 0, 0, 0, 0, 0, 0, 0, 0, 0, 0, 0, 0, 0, 0, 0, 0, 0, 0] 
dagE22.txt 3_2x1.txt True 0.25 0.5 442.0 [1, 0, 0, 1, 1, 1, 0, 1, 0, 1, 1, 1, 1, 1, 1, 1, 1, 1, 1, 1, 1, 1, 1, 0, 0, 1, 1, 1, 0, 0, 0, 0, 1, 1, 1, 0, 0, 0, 1, 0, 1, 1, 1, 0, 0, 0, 0, 0, 0, 0, 0, 0, 0, 0, 0, 0, 0, 0, 0, 0, 0, 0, 0, 0, 0, 0, 0, 0, 0, 0] 
dagE22.txt 3_2x1.txt True 0.25 0.55 442.0 [1, 0, 0, 1, 1, 1, 0, 1, 0, 1, 1, 1, 1, 1, 1, 1, 1, 1, 1, 1, 1, 1, 1, 0, 0, 1, 1, 1, 0, 0, 0, 0, 1, 1, 1, 0, 0, 0, 1, 0, 1, 1, 1, 0, 0, 0, 0, 0, 0, 0, 0, 0, 0, 0, 0, 0, 0, 0, 0, 0, 0, 0, 0, 0, 0, 0, 0, 0, 0, 0] 
dagE22.txt 3_2x1.txt True 0.25 0.6 442.0 [1, 0, 0, 1, 1, 1, 0, 1, 0, 1, 1, 1, 1, 1, 1, 1, 1, 1, 1, 1, 1, 1, 1, 0, 0, 1, 1, 1, 0, 0, 0, 0, 1, 1, 1, 0, 0, 0, 1, 0, 1, 1, 1, 0, 0, 0, 0, 0, 0, 0, 0, 0, 0, 0, 0, 0, 0, 0, 0, 0, 0, 0, 0, 0, 0, 0, 0, 0, 0, 0] 
dagE22.txt 3_2x1.txt True 0.25 0.65 442.0 [1, 0, 0, 1, 1, 1, 0, 1, 0, 1, 1, 1, 1, 1, 1, 1, 1, 1, 1, 1, 1, 1, 1, 0, 0, 1, 1, 1, 0, 0, 0, 0, 1, 1, 1, 0, 0, 0, 1, 0, 1, 1, 1, 0, 0, 0, 0, 0, 0, 0, 0, 0, 0, 0, 0, 0, 0, 0, 0, 0, 0, 0, 0, 0, 0, 0, 0, 0, 0, 0] 
dagE22.txt 3_2x1.txt True 0.25 0.7 442.0 [1, 0, 0, 1, 1, 1, 0, 1, 0, 1, 1, 1, 1, 1, 1, 1, 1, 1, 1, 1, 1, 1, 1, 0, 0, 1, 1, 1, 0, 0, 0, 0, 1, 1, 1, 0, 0, 0, 1, 0, 1, 1, 1, 0, 0, 0, 0, 0, 0, 0, 0, 0, 0, 0, 0, 0, 0, 0, 0, 0, 0, 0, 0, 0, 0, 0, 0, 0, 0, 0] 
dagE22.txt 3_2x1.txt True 0.25 0.75 442.0 [1, 0, 0, 1, 1, 1, 0, 1, 0, 1, 1, 1, 1, 1, 1, 1, 1, 1, 1, 1, 1, 1, 1, 0, 0, 1, 1, 1, 0, 0, 0, 0, 1, 1, 1, 0, 0, 0, 1, 0, 1, 1, 1, 0, 0, 0, 0, 0, 0, 0, 0, 0, 0, 0, 0, 0, 0, 0, 0, 0, 0, 0, 0, 0, 0, 0, 0, 0, 0, 0] 
dagE22.txt 3_2x1.txt True 0.25 0.8 442.0 [1, 0, 0, 1, 1, 1, 0, 1, 0, 1, 1, 1, 1, 1, 1, 1, 1, 1, 1, 1, 1, 1, 1, 0, 0, 1, 1, 1, 0, 0, 0, 0, 1, 1, 1, 0, 0, 0, 1, 0, 1, 1, 1, 0, 0, 0, 0, 0, 0, 0, 0, 0, 0, 0, 0, 0, 0, 0, 0, 0, 0, 0, 0, 0, 0, 0, 0, 0, 0, 0] 
dagE22.txt 3_2x1.txt True 0.25 0.85 442.0 [1, 0, 0, 1, 1, 1, 0, 1, 0, 1, 1, 1, 1, 1, 1, 1, 1, 1, 1, 1, 1, 1, 1, 0, 0, 1, 1, 1, 0, 0, 0, 0, 1, 1, 1, 0, 0, 0, 1, 0, 1, 1, 1, 0, 0, 0, 0, 0, 0, 0, 0, 0, 0, 0, 0, 0, 0, 0, 0, 0, 0, 0, 0, 0, 0, 0, 0, 0, 0, 0] 
dagE22.txt 3_2x1.txt True 0.25 0.9 442.0 [1, 0, 0, 1, 1, 1, 0, 1, 0, 1, 1, 1, 1, 1, 1, 1, 1, 1, 1, 1, 1, 1, 1, 0, 0, 1, 1, 1, 0, 0, 0, 0, 1, 1, 1, 0, 0, 0, 1, 0, 1, 1, 1, 0, 0, 0, 0, 0, 0, 0, 0, 0, 0, 0, 0, 0, 0, 0, 0, 0, 0, 0, 0, 0, 0, 0, 0, 0, 0, 0] 
dagE22.txt 3_2x1.txt True 0.25 0.95 442.0 [1, 0, 0, 1, 1, 1, 0, 1, 0, 1, 1, 1, 1, 1, 1, 1, 1, 1, 1, 1, 1, 1, 1, 0, 0, 1, 1, 1, 0, 0, 0, 0, 1, 1, 1, 0, 0, 0, 1, 0, 1, 1, 1, 0, 0, 0, 0, 0, 0, 0, 0, 0, 0, 0, 0, 0, 0, 0, 0, 0, 0, 0, 0, 0, 0, 0, 0, 0, 0, 0] 
dagE22.txt 3_2x1.txt True 0.25 1 442.0 [1, 0, 0, 1, 1, 1, 0, 1, 0, 1, 1, 1, 1, 1, 1, 1, 1, 1, 1, 1, 1, 1, 1, 0, 0, 1, 1, 1, 0, 0, 0, 0, 1, 1, 1, 0, 0, 0, 1, 0, 1, 1, 1, 0, 0, 0, 0, 0, 0, 0, 0, 0, 0, 0, 0, 0, 0, 0, 0, 0, 0, 0, 0, 0, 0, 0, 0, 0, 0, 0] 
