dagH41.txt 1234x1.txt True 0.49242424242424243 0.5 300.75 [1, 1, 1, 1, 0, 1, 0, 1, 1, 2, 2, 2, 0, 0, 0, 0, 0, 1, 2, 3, 2, 2, 2, 2, 0, 2, 0, 2, 2, 2, 1, 3, 2, 2, 2, 1, 2, 2, 2, 2, 2, 2, 3, 3, 2, 3, 3, 3, 3, 3, 3, 3, 3, 3, 3, 3, 3, 3, 3, 3, 3, 3, 3, 3, 3, 3, 3, 3, 3, 3, 3, 3, 3, 3, 3, 3, 3, 3, 3, 3, 3, 3, 3, 3, 3] 
dagH41.txt 1234x1.txt True 0.5946969696969697 0.6 246.0 [2, 2, 2, 2, 3, 2, 2, 2, 2, 3, 3, 2, 2, 2, 2, 3, 2, 2, 2, 2, 2, 3, 2, 3, 2, 3, 2, 1, 3, 2, 2, 1, 1, 1, 3, 3, 3, 3, 3, 3, 3, 3, 1, 0, 3, 1, 1, 0, 1, 1, 0, 1, 0, 3, 1, 1, 0, 1, 1, 1, 1, 3, 1, 3, 1, 3, 3, 0, 1, 0, 1, 1, 1, 3, 3, 3, 0, 1, 3, 1, 3, 1, 0, 3, 0] 
dagH41.txt 1234x1.txt True 0.696969696969697 0.7 510.0 [0, 0, 0, 0, 0, 0, 3, 3, 0, 1, 2, 1, 1, 0, 0, 0, 0, 0, 1, 1, 1, 1, 0, 1, 0, 0, 0, 1, 3, 1, 0, 2, 2, 0, 2, 0, 1, 2, 2, 2, 1, 2, 3, 3, 2, 3, 2, 3, 2, 3, 2, 1, 1, 3, 3, 2, 3, 3, 1, 3, 2, 2, 2, 2, 3, 3, 2, 3, 2, 3, 3, 2, 1, 3, 1, 1, 3, 1, 3, 2, 1, 2, 3, 3, 3] 
dagH41.txt 1234x1.txt True 0.7007575757575758 0.8 247.75 [2, 0, 1, 0, 0, 2, 3, 3, 2, 3, 3, 2, 1, 1, 2, 2, 2, 3, 2, 3, 2, 2, 3, 0, 3, 0, 2, 2, 2, 1, 2, 2, 1, 3, 3, 1, 3, 2, 2, 3, 0, 3, 1, 2, 2, 1, 1, 1, 1, 0, 1, 2, 3, 2, 1, 0, 0, 2, 3, 2, 3, 3, 1, 3, 0, 1, 3, 0, 0, 3, 3, 1, 2, 3, 3, 1, 0, 3, 3, 1, 1, 3, 1, 3, 3] 
dagH41.txt 1234x1.txt True 0.7007575757575758 0.9 247.75 [2, 0, 1, 0, 0, 2, 3, 3, 2, 3, 3, 2, 1, 1, 2, 2, 2, 3, 2, 3, 2, 2, 3, 0, 3, 0, 2, 2, 2, 1, 2, 2, 1, 3, 3, 1, 3, 2, 2, 3, 0, 3, 1, 2, 2, 1, 1, 1, 1, 0, 1, 2, 3, 2, 1, 0, 0, 2, 3, 2, 3, 3, 1, 3, 0, 1, 3, 0, 0, 3, 3, 1, 2, 3, 3, 1, 0, 3, 3, 1, 1, 3, 1, 3, 3] 
dagH41.txt 1234x1.txt True 0.7007575757575758 1 247.75 [2, 0, 1, 0, 0, 2, 3, 3, 2, 3, 3, 2, 1, 1, 2, 2, 2, 3, 2, 3, 2, 2, 3, 0, 3, 0, 2, 2, 2, 1, 2, 2, 1, 3, 3, 1, 3, 2, 2, 3, 0, 3, 1, 2, 2, 1, 1, 1, 1, 0, 1, 2, 3, 2, 1, 0, 0, 2, 3, 2, 3, 3, 1, 3, 0, 1, 3, 0, 0, 3, 3, 1, 2, 3, 3, 1, 0, 3, 3, 1, 1, 3, 1, 3, 3] 
dagH41.txt 1234x1.txt True 0.49242424242424243 0.5 300.75 [1, 1, 1, 1, 0, 1, 0, 1, 1, 2, 2, 2, 0, 0, 0, 0, 0, 1, 2, 3, 2, 2, 2, 2, 0, 2, 0, 2, 2, 2, 1, 3, 2, 2, 2, 1, 2, 2, 2, 2, 2, 2, 3, 3, 2, 3, 3, 3, 3, 3, 3, 3, 3, 3, 3, 3, 3, 3, 3, 3, 3, 3, 3, 3, 3, 3, 3, 3, 3, 3, 3, 3, 3, 3, 3, 3, 3, 3, 3, 3, 3, 3, 3, 3, 3] 
dagH41.txt 1234x1.txt True 0.5946969696969697 0.6 246.0 [2, 2, 2, 2, 3, 2, 2, 2, 2, 3, 3, 2, 2, 2, 2, 3, 2, 2, 2, 2, 2, 3, 2, 3, 2, 3, 2, 1, 3, 2, 2, 1, 1, 1, 3, 3, 3, 3, 3, 3, 3, 3, 1, 0, 3, 1, 1, 0, 1, 1, 0, 1, 0, 3, 1, 1, 0, 1, 1, 1, 1, 3, 1, 3, 1, 3, 3, 0, 1, 0, 1, 1, 1, 3, 3, 3, 0, 1, 3, 1, 3, 1, 0, 3, 0] 
dagH41.txt 1234x1.txt True 0.696969696969697 0.7 510.0 [0, 0, 0, 0, 0, 0, 3, 3, 0, 1, 2, 1, 1, 0, 0, 0, 0, 0, 1, 1, 1, 1, 0, 1, 0, 0, 0, 1, 3, 1, 0, 2, 2, 0, 2, 0, 1, 2, 2, 2, 1, 2, 3, 3, 2, 3, 2, 3, 2, 3, 2, 1, 1, 3, 3, 2, 3, 3, 1, 3, 2, 2, 2, 2, 3, 3, 2, 3, 2, 3, 3, 2, 1, 3, 1, 1, 3, 1, 3, 2, 1, 2, 3, 3, 3] 
dagH41.txt 1234x1.txt True 0.7007575757575758 0.8 247.75 [2, 0, 1, 0, 0, 2, 3, 3, 2, 3, 3, 2, 1, 1, 2, 2, 2, 3, 2, 3, 2, 2, 3, 0, 3, 0, 2, 2, 2, 1, 2, 2, 1, 3, 3, 1, 3, 2, 2, 3, 0, 3, 1, 2, 2, 1, 1, 1, 1, 0, 1, 2, 3, 2, 1, 0, 0, 2, 3, 2, 3, 3, 1, 3, 0, 1, 3, 0, 0, 3, 3, 1, 2, 3, 3, 1, 0, 3, 3, 1, 1, 3, 1, 3, 3] 
dagH41.txt 1234x1.txt True 0.7007575757575758 0.9 247.75 [2, 0, 1, 0, 0, 2, 3, 3, 2, 3, 3, 2, 1, 1, 2, 2, 2, 3, 2, 3, 2, 2, 3, 0, 3, 0, 2, 2, 2, 1, 2, 2, 1, 3, 3, 1, 3, 2, 2, 3, 0, 3, 1, 2, 2, 1, 1, 1, 1, 0, 1, 2, 3, 2, 1, 0, 0, 2, 3, 2, 3, 3, 1, 3, 0, 1, 3, 0, 0, 3, 3, 1, 2, 3, 3, 1, 0, 3, 3, 1, 1, 3, 1, 3, 3] 
dagH41.txt 1234x1.txt True 0.7007575757575758 1 247.75 [2, 0, 1, 0, 0, 2, 3, 3, 2, 3, 3, 2, 1, 1, 2, 2, 2, 3, 2, 3, 2, 2, 3, 0, 3, 0, 2, 2, 2, 1, 2, 2, 1, 3, 3, 1, 3, 2, 2, 3, 0, 3, 1, 2, 2, 1, 1, 1, 1, 0, 1, 2, 3, 2, 1, 0, 0, 2, 3, 2, 3, 3, 1, 3, 0, 1, 3, 0, 0, 3, 3, 1, 2, 3, 3, 1, 0, 3, 3, 1, 1, 3, 1, 3, 3] 
dagH41.txt 1234x1.txt True 0.49242424242424243 0.5 300.75 [1, 1, 1, 1, 0, 1, 0, 1, 1, 2, 2, 2, 0, 0, 0, 0, 0, 1, 2, 3, 2, 2, 2, 2, 0, 2, 0, 2, 2, 2, 1, 3, 2, 2, 2, 1, 2, 2, 2, 2, 2, 2, 3, 3, 2, 3, 3, 3, 3, 3, 3, 3, 3, 3, 3, 3, 3, 3, 3, 3, 3, 3, 3, 3, 3, 3, 3, 3, 3, 3, 3, 3, 3, 3, 3, 3, 3, 3, 3, 3, 3, 3, 3, 3, 3] 
dagH41.txt 1234x1.txt True 0.5946969696969697 0.6 246.0 [2, 2, 2, 2, 3, 2, 2, 2, 2, 3, 3, 2, 2, 2, 2, 3, 2, 2, 2, 2, 2, 3, 2, 3, 2, 3, 2, 1, 3, 2, 2, 1, 1, 1, 3, 3, 3, 3, 3, 3, 3, 3, 1, 0, 3, 1, 1, 0, 1, 1, 0, 1, 0, 3, 1, 1, 0, 1, 1, 1, 1, 3, 1, 3, 1, 3, 3, 0, 1, 0, 1, 1, 1, 3, 3, 3, 0, 1, 3, 1, 3, 1, 0, 3, 0] 
dagH41.txt 1234x1.txt True 0.696969696969697 0.7 510.0 [0, 0, 0, 0, 0, 0, 3, 3, 0, 1, 2, 1, 1, 0, 0, 0, 0, 0, 1, 1, 1, 1, 0, 1, 0, 0, 0, 1, 3, 1, 0, 2, 2, 0, 2, 0, 1, 2, 2, 2, 1, 2, 3, 3, 2, 3, 2, 3, 2, 3, 2, 1, 1, 3, 3, 2, 3, 3, 1, 3, 2, 2, 2, 2, 3, 3, 2, 3, 2, 3, 3, 2, 1, 3, 1, 1, 3, 1, 3, 2, 1, 2, 3, 3, 3] 
dagH41.txt 1234x1.txt True 0.7007575757575758 0.8 247.75 [2, 0, 1, 0, 0, 2, 3, 3, 2, 3, 3, 2, 1, 1, 2, 2, 2, 3, 2, 3, 2, 2, 3, 0, 3, 0, 2, 2, 2, 1, 2, 2, 1, 3, 3, 1, 3, 2, 2, 3, 0, 3, 1, 2, 2, 1, 1, 1, 1, 0, 1, 2, 3, 2, 1, 0, 0, 2, 3, 2, 3, 3, 1, 3, 0, 1, 3, 0, 0, 3, 3, 1, 2, 3, 3, 1, 0, 3, 3, 1, 1, 3, 1, 3, 3] 
dagH41.txt 1234x1.txt True 0.7007575757575758 0.9 247.75 [2, 0, 1, 0, 0, 2, 3, 3, 2, 3, 3, 2, 1, 1, 2, 2, 2, 3, 2, 3, 2, 2, 3, 0, 3, 0, 2, 2, 2, 1, 2, 2, 1, 3, 3, 1, 3, 2, 2, 3, 0, 3, 1, 2, 2, 1, 1, 1, 1, 0, 1, 2, 3, 2, 1, 0, 0, 2, 3, 2, 3, 3, 1, 3, 0, 1, 3, 0, 0, 3, 3, 1, 2, 3, 3, 1, 0, 3, 3, 1, 1, 3, 1, 3, 3] 
dagH41.txt 1234x1.txt True 0.7007575757575758 1 247.75 [2, 0, 1, 0, 0, 2, 3, 3, 2, 3, 3, 2, 1, 1, 2, 2, 2, 3, 2, 3, 2, 2, 3, 0, 3, 0, 2, 2, 2, 1, 2, 2, 1, 3, 3, 1, 3, 2, 2, 3, 0, 3, 1, 2, 2, 1, 1, 1, 1, 0, 1, 2, 3, 2, 1, 0, 0, 2, 3, 2, 3, 3, 1, 3, 0, 1, 3, 0, 0, 3, 3, 1, 2, 3, 3, 1, 0, 3, 3, 1, 1, 3, 1, 3, 3] 
dagH41.txt 1234x1.txt True 0.49242424242424243 0.5 300.75 [1, 1, 1, 1, 0, 1, 0, 1, 1, 2, 2, 2, 0, 0, 0, 0, 0, 1, 2, 3, 2, 2, 2, 2, 0, 2, 0, 2, 2, 2, 1, 3, 2, 2, 2, 1, 2, 2, 2, 2, 2, 2, 3, 3, 2, 3, 3, 3, 3, 3, 3, 3, 3, 3, 3, 3, 3, 3, 3, 3, 3, 3, 3, 3, 3, 3, 3, 3, 3, 3, 3, 3, 3, 3, 3, 3, 3, 3, 3, 3, 3, 3, 3, 3, 3] 
dagH41.txt 1234x1.txt True 0.5946969696969697 0.6 246.0 [2, 2, 2, 2, 3, 2, 2, 2, 2, 3, 3, 2, 2, 2, 2, 3, 2, 2, 2, 2, 2, 3, 2, 3, 2, 3, 2, 1, 3, 2, 2, 1, 1, 1, 3, 3, 3, 3, 3, 3, 3, 3, 1, 0, 3, 1, 1, 0, 1, 1, 0, 1, 0, 3, 1, 1, 0, 1, 1, 1, 1, 3, 1, 3, 1, 3, 3, 0, 1, 0, 1, 1, 1, 3, 3, 3, 0, 1, 3, 1, 3, 1, 0, 3, 0] 
dagH41.txt 1234x1.txt True 0.696969696969697 0.7 510.0 [0, 0, 0, 0, 0, 0, 3, 3, 0, 1, 2, 1, 1, 0, 0, 0, 0, 0, 1, 1, 1, 1, 0, 1, 0, 0, 0, 1, 3, 1, 0, 2, 2, 0, 2, 0, 1, 2, 2, 2, 1, 2, 3, 3, 2, 3, 2, 3, 2, 3, 2, 1, 1, 3, 3, 2, 3, 3, 1, 3, 2, 2, 2, 2, 3, 3, 2, 3, 2, 3, 3, 2, 1, 3, 1, 1, 3, 1, 3, 2, 1, 2, 3, 3, 3] 
dagH41.txt 1234x1.txt True 0.7007575757575758 0.8 247.75 [2, 0, 1, 0, 0, 2, 3, 3, 2, 3, 3, 2, 1, 1, 2, 2, 2, 3, 2, 3, 2, 2, 3, 0, 3, 0, 2, 2, 2, 1, 2, 2, 1, 3, 3, 1, 3, 2, 2, 3, 0, 3, 1, 2, 2, 1, 1, 1, 1, 0, 1, 2, 3, 2, 1, 0, 0, 2, 3, 2, 3, 3, 1, 3, 0, 1, 3, 0, 0, 3, 3, 1, 2, 3, 3, 1, 0, 3, 3, 1, 1, 3, 1, 3, 3] 
dagH41.txt 1234x1.txt True 0.7007575757575758 0.9 247.75 [2, 0, 1, 0, 0, 2, 3, 3, 2, 3, 3, 2, 1, 1, 2, 2, 2, 3, 2, 3, 2, 2, 3, 0, 3, 0, 2, 2, 2, 1, 2, 2, 1, 3, 3, 1, 3, 2, 2, 3, 0, 3, 1, 2, 2, 1, 1, 1, 1, 0, 1, 2, 3, 2, 1, 0, 0, 2, 3, 2, 3, 3, 1, 3, 0, 1, 3, 0, 0, 3, 3, 1, 2, 3, 3, 1, 0, 3, 3, 1, 1, 3, 1, 3, 3] 
dagH41.txt 1234x1.txt True 0.7007575757575758 1 247.75 [2, 0, 1, 0, 0, 2, 3, 3, 2, 3, 3, 2, 1, 1, 2, 2, 2, 3, 2, 3, 2, 2, 3, 0, 3, 0, 2, 2, 2, 1, 2, 2, 1, 3, 3, 1, 3, 2, 2, 3, 0, 3, 1, 2, 2, 1, 1, 1, 1, 0, 1, 2, 3, 2, 1, 0, 0, 2, 3, 2, 3, 3, 1, 3, 0, 1, 3, 0, 0, 3, 3, 1, 2, 3, 3, 1, 0, 3, 3, 1, 1, 3, 1, 3, 3] 
dagH41.txt 1234x1.txt True 0.49242424242424243 0.5 300.75 [1, 1, 1, 1, 0, 1, 0, 1, 1, 2, 2, 2, 0, 0, 0, 0, 0, 1, 2, 3, 2, 2, 2, 2, 0, 2, 0, 2, 2, 2, 1, 3, 2, 2, 2, 1, 2, 2, 2, 2, 2, 2, 3, 3, 2, 3, 3, 3, 3, 3, 3, 3, 3, 3, 3, 3, 3, 3, 3, 3, 3, 3, 3, 3, 3, 3, 3, 3, 3, 3, 3, 3, 3, 3, 3, 3, 3, 3, 3, 3, 3, 3, 3, 3, 3] 
dagH41.txt 1234x1.txt True 0.5946969696969697 0.6 246.0 [2, 2, 2, 2, 3, 2, 2, 2, 2, 3, 3, 2, 2, 2, 2, 3, 2, 2, 2, 2, 2, 3, 2, 3, 2, 3, 2, 1, 3, 2, 2, 1, 1, 1, 3, 3, 3, 3, 3, 3, 3, 3, 1, 0, 3, 1, 1, 0, 1, 1, 0, 1, 0, 3, 1, 1, 0, 1, 1, 1, 1, 3, 1, 3, 1, 3, 3, 0, 1, 0, 1, 1, 1, 3, 3, 3, 0, 1, 3, 1, 3, 1, 0, 3, 0] 
dagH41.txt 1234x1.txt True 0.696969696969697 0.7 510.0 [0, 0, 0, 0, 0, 0, 3, 3, 0, 1, 2, 1, 1, 0, 0, 0, 0, 0, 1, 1, 1, 1, 0, 1, 0, 0, 0, 1, 3, 1, 0, 2, 2, 0, 2, 0, 1, 2, 2, 2, 1, 2, 3, 3, 2, 3, 2, 3, 2, 3, 2, 1, 1, 3, 3, 2, 3, 3, 1, 3, 2, 2, 2, 2, 3, 3, 2, 3, 2, 3, 3, 2, 1, 3, 1, 1, 3, 1, 3, 2, 1, 2, 3, 3, 3] 
dagH41.txt 1234x1.txt True 0.7007575757575758 0.8 247.75 [2, 0, 1, 0, 0, 2, 3, 3, 2, 3, 3, 2, 1, 1, 2, 2, 2, 3, 2, 3, 2, 2, 3, 0, 3, 0, 2, 2, 2, 1, 2, 2, 1, 3, 3, 1, 3, 2, 2, 3, 0, 3, 1, 2, 2, 1, 1, 1, 1, 0, 1, 2, 3, 2, 1, 0, 0, 2, 3, 2, 3, 3, 1, 3, 0, 1, 3, 0, 0, 3, 3, 1, 2, 3, 3, 1, 0, 3, 3, 1, 1, 3, 1, 3, 3] 
dagH41.txt 1234x1.txt True 0.7007575757575758 0.9 247.75 [2, 0, 1, 0, 0, 2, 3, 3, 2, 3, 3, 2, 1, 1, 2, 2, 2, 3, 2, 3, 2, 2, 3, 0, 3, 0, 2, 2, 2, 1, 2, 2, 1, 3, 3, 1, 3, 2, 2, 3, 0, 3, 1, 2, 2, 1, 1, 1, 1, 0, 1, 2, 3, 2, 1, 0, 0, 2, 3, 2, 3, 3, 1, 3, 0, 1, 3, 0, 0, 3, 3, 1, 2, 3, 3, 1, 0, 3, 3, 1, 1, 3, 1, 3, 3] 
dagH41.txt 1234x1.txt True 0.7007575757575758 1 247.75 [2, 0, 1, 0, 0, 2, 3, 3, 2, 3, 3, 2, 1, 1, 2, 2, 2, 3, 2, 3, 2, 2, 3, 0, 3, 0, 2, 2, 2, 1, 2, 2, 1, 3, 3, 1, 3, 2, 2, 3, 0, 3, 1, 2, 2, 1, 1, 1, 1, 0, 1, 2, 3, 2, 1, 0, 0, 2, 3, 2, 3, 3, 1, 3, 0, 1, 3, 0, 0, 3, 3, 1, 2, 3, 3, 1, 0, 3, 3, 1, 1, 3, 1, 3, 3] 
dagH41.txt 1234x3.txt True 0.4962121212121212 0.5 354.0 [11, 11, 11, 11, 11, 11, 3, 3, 11, 11, 11, 11, 11, 11, 3, 11, 11, 11, 3, 3, 11, 11, 11, 11, 11, 11, 11, 11, 3, 11, 11, 11, 11, 11, 11, 11, 10, 11, 11, 11, 11, 11, 11, 11, 10, 11, 11, 10, 10, 11, 10, 10, 10, 3, 11, 10, 11, 11, 11, 11, 10, 3, 11, 11, 11, 11, 3, 11, 10, 10, 11, 10, 10, 10, 10, 10, 10, 11, 11, 10, 10, 10, 11, 3, 11] 
dagH41.txt 1234x3.txt True 0.5984848484848485 0.6 936.0 [8, 8, 8, 11, 11, 11, 8, 3, 11, 8, 11, 8, 8, 11, 11, 8, 11, 8, 3, 11, 11, 11, 11, 8, 8, 8, 11, 11, 3, 8, 8, 11, 11, 8, 11, 11, 3, 8, 8, 11, 11, 8, 11, 11, 8, 8, 8, 11, 8, 11, 8, 8, 8, 11, 11, 11, 8, 8, 8, 11, 11, 11, 8, 11, 11, 8, 3, 11, 8, 11, 11, 8, 11, 3, 3, 11, 8, 11, 11, 11, 8, 8, 8, 11, 11] 
dagH41.txt 1234x3.txt True 0.696969696969697 0.7 185.0 [3, 5, 5, 5, 5, 5, 3, 3, 5, 6, 11, 5, 6, 6, 6, 5, 5, 5, 3, 3, 5, 6, 5, 6, 3, 11, 5, 6, 3, 5, 3, 6, 6, 6, 11, 11, 6, 11, 6, 6, 6, 11, 6, 10, 11, 11, 6, 10, 11, 10, 10, 11, 10, 3, 6, 10, 10, 11, 6, 6, 10, 10, 11, 11, 10, 10, 11, 10, 10, 7, 11, 10, 11, 10, 10, 11, 7, 6, 10, 11, 11, 11, 10, 10, 10] 
dagH41.txt 1234x3.txt True 0.7992424242424242 0.8 112.25 [3, 5, 5, 5, 5, 5, 3, 2, 5, 7, 11, 3, 6, 6, 7, 5, 3, 3, 2, 3, 7, 6, 5, 6, 3, 11, 5, 6, 2, 5, 3, 6, 6, 6, 11, 11, 3, 11, 7, 3, 6, 11, 6, 10, 11, 11, 6, 10, 11, 10, 10, 11, 10, 2, 6, 10, 10, 11, 6, 6, 10, 3, 11, 2, 10, 2, 7, 10, 10, 7, 11, 10, 11, 7, 7, 2, 7, 6, 10, 11, 11, 11, 10, 7, 10] 
dagH41.txt 1234x3.txt True 0.8939393939393939 0.9 87.66666666666667 [2, 2, 2, 6, 4, 2, 2, 11, 1, 5, 1, 3, 5, 7, 7, 7, 6, 2, 2, 7, 3, 7, 7, 5, 6, 1, 2, 6, 7, 4, 1, 6, 10, 7, 1, 6, 6, 1, 3, 10, 8, 7, 10, 4, 5, 9, 9, 10, 9, 11, 0, 8, 0, 11, 3, 11, 3, 8, 8, 5, 11, 10, 10, 3, 9, 11, 10, 9, 5, 9, 4, 11, 3, 11, 11, 10, 3, 3, 6, 3, 7, 0, 11, 9, 3] 
dagH41.txt 1234x3.txt True 0.8787878787878788 1 88.5 [9, 9, 9, 9, 11, 10, 11, 11, 10, 3, 10, 7, 8, 7, 10, 11, 10, 9, 6, 11, 7, 11, 8, 8, 11, 10, 11, 7, 11, 7, 10, 5, 3, 9, 6, 10, 7, 0, 11, 1, 7, 3, 5, 6, 6, 5, 5, 4, 0, 3, 3, 5, 0, 2, 3, 6, 4, 6, 1, 2, 6, 7, 3, 1, 0, 3, 2, 2, 4, 3, 6, 4, 5, 6, 7, 5, 1, 1, 2, 4, 3, 7, 3, 2, 2] 
dagH41.txt 1234x3.txt True 0.4962121212121212 0.5 354.0 [11, 11, 11, 11, 11, 11, 3, 3, 11, 11, 11, 11, 11, 11, 3, 11, 11, 11, 3, 3, 11, 11, 11, 11, 11, 11, 11, 11, 3, 11, 11, 11, 11, 11, 11, 11, 10, 11, 11, 11, 11, 11, 11, 11, 10, 11, 11, 10, 10, 11, 10, 10, 10, 3, 11, 10, 11, 11, 11, 11, 10, 3, 11, 11, 11, 11, 3, 11, 10, 10, 11, 10, 10, 10, 10, 10, 10, 11, 11, 10, 10, 10, 11, 3, 11] 
dagH41.txt 1234x3.txt True 0.5984848484848485 0.6 936.0 [8, 8, 8, 11, 11, 11, 8, 3, 11, 8, 11, 8, 8, 11, 11, 8, 11, 8, 3, 11, 11, 11, 11, 8, 8, 8, 11, 11, 3, 8, 8, 11, 11, 8, 11, 11, 3, 8, 8, 11, 11, 8, 11, 11, 8, 8, 8, 11, 8, 11, 8, 8, 8, 11, 11, 11, 8, 8, 8, 11, 11, 11, 8, 11, 11, 8, 3, 11, 8, 11, 11, 8, 11, 3, 3, 11, 8, 11, 11, 11, 8, 8, 8, 11, 11] 
dagH41.txt 1234x3.txt True 0.696969696969697 0.7 185.0 [3, 5, 5, 5, 5, 5, 3, 3, 5, 6, 11, 5, 6, 6, 6, 5, 5, 5, 3, 3, 5, 6, 5, 6, 3, 11, 5, 6, 3, 5, 3, 6, 6, 6, 11, 11, 6, 11, 6, 6, 6, 11, 6, 10, 11, 11, 6, 10, 11, 10, 10, 11, 10, 3, 6, 10, 10, 11, 6, 6, 10, 10, 11, 11, 10, 10, 11, 10, 10, 7, 11, 10, 11, 10, 10, 11, 7, 6, 10, 11, 11, 11, 10, 10, 10] 
dagH41.txt 1234x3.txt True 0.7992424242424242 0.8 112.25 [3, 5, 5, 5, 5, 5, 3, 2, 5, 7, 11, 3, 6, 6, 7, 5, 3, 3, 2, 3, 7, 6, 5, 6, 3, 11, 5, 6, 2, 5, 3, 6, 6, 6, 11, 11, 3, 11, 7, 3, 6, 11, 6, 10, 11, 11, 6, 10, 11, 10, 10, 11, 10, 2, 6, 10, 10, 11, 6, 6, 10, 3, 11, 2, 10, 2, 7, 10, 10, 7, 11, 10, 11, 7, 7, 2, 7, 6, 10, 11, 11, 11, 10, 7, 10] 
dagH41.txt 1234x3.txt True 0.8939393939393939 0.9 87.66666666666667 [2, 2, 2, 6, 4, 2, 2, 11, 1, 5, 1, 3, 5, 7, 7, 7, 6, 2, 2, 7, 3, 7, 7, 5, 6, 1, 2, 6, 7, 4, 1, 6, 10, 7, 1, 6, 6, 1, 3, 10, 8, 7, 10, 4, 5, 9, 9, 10, 9, 11, 0, 8, 0, 11, 3, 11, 3, 8, 8, 5, 11, 10, 10, 3, 9, 11, 10, 9, 5, 9, 4, 11, 3, 11, 11, 10, 3, 3, 6, 3, 7, 0, 11, 9, 3] 
dagH41.txt 1234x3.txt True 0.8787878787878788 1 88.5 [9, 9, 9, 9, 11, 10, 11, 11, 10, 3, 10, 7, 8, 7, 10, 11, 10, 9, 6, 11, 7, 11, 8, 8, 11, 10, 11, 7, 11, 7, 10, 5, 3, 9, 6, 10, 7, 0, 11, 1, 7, 3, 5, 6, 6, 5, 5, 4, 0, 3, 3, 5, 0, 2, 3, 6, 4, 6, 1, 2, 6, 7, 3, 1, 0, 3, 2, 2, 4, 3, 6, 4, 5, 6, 7, 5, 1, 1, 2, 4, 3, 7, 3, 2, 2] 
dagH41.txt 1234x3.txt True 0.4962121212121212 0.5 354.0 [11, 11, 11, 11, 11, 11, 3, 3, 11, 11, 11, 11, 11, 11, 3, 11, 11, 11, 3, 3, 11, 11, 11, 11, 11, 11, 11, 11, 3, 11, 11, 11, 11, 11, 11, 11, 10, 11, 11, 11, 11, 11, 11, 11, 10, 11, 11, 10, 10, 11, 10, 10, 10, 3, 11, 10, 11, 11, 11, 11, 10, 3, 11, 11, 11, 11, 3, 11, 10, 10, 11, 10, 10, 10, 10, 10, 10, 11, 11, 10, 10, 10, 11, 3, 11] 
dagH41.txt 1234x3.txt True 0.5984848484848485 0.6 936.0 [8, 8, 8, 11, 11, 11, 8, 3, 11, 8, 11, 8, 8, 11, 11, 8, 11, 8, 3, 11, 11, 11, 11, 8, 8, 8, 11, 11, 3, 8, 8, 11, 11, 8, 11, 11, 3, 8, 8, 11, 11, 8, 11, 11, 8, 8, 8, 11, 8, 11, 8, 8, 8, 11, 11, 11, 8, 8, 8, 11, 11, 11, 8, 11, 11, 8, 3, 11, 8, 11, 11, 8, 11, 3, 3, 11, 8, 11, 11, 11, 8, 8, 8, 11, 11] 
dagH41.txt 1234x3.txt True 0.696969696969697 0.7 185.0 [3, 5, 5, 5, 5, 5, 3, 3, 5, 6, 11, 5, 6, 6, 6, 5, 5, 5, 3, 3, 5, 6, 5, 6, 3, 11, 5, 6, 3, 5, 3, 6, 6, 6, 11, 11, 6, 11, 6, 6, 6, 11, 6, 10, 11, 11, 6, 10, 11, 10, 10, 11, 10, 3, 6, 10, 10, 11, 6, 6, 10, 10, 11, 11, 10, 10, 11, 10, 10, 7, 11, 10, 11, 10, 10, 11, 7, 6, 10, 11, 11, 11, 10, 10, 10] 
dagH41.txt 1234x3.txt True 0.7992424242424242 0.8 112.25 [3, 5, 5, 5, 5, 5, 3, 2, 5, 7, 11, 3, 6, 6, 7, 5, 3, 3, 2, 3, 7, 6, 5, 6, 3, 11, 5, 6, 2, 5, 3, 6, 6, 6, 11, 11, 3, 11, 7, 3, 6, 11, 6, 10, 11, 11, 6, 10, 11, 10, 10, 11, 10, 2, 6, 10, 10, 11, 6, 6, 10, 3, 11, 2, 10, 2, 7, 10, 10, 7, 11, 10, 11, 7, 7, 2, 7, 6, 10, 11, 11, 11, 10, 7, 10] 
dagH41.txt 1234x3.txt True 0.8939393939393939 0.9 87.66666666666667 [2, 2, 2, 6, 4, 2, 2, 11, 1, 5, 1, 3, 5, 7, 7, 7, 6, 2, 2, 7, 3, 7, 7, 5, 6, 1, 2, 6, 7, 4, 1, 6, 10, 7, 1, 6, 6, 1, 3, 10, 8, 7, 10, 4, 5, 9, 9, 10, 9, 11, 0, 8, 0, 11, 3, 11, 3, 8, 8, 5, 11, 10, 10, 3, 9, 11, 10, 9, 5, 9, 4, 11, 3, 11, 11, 10, 3, 3, 6, 3, 7, 0, 11, 9, 3] 
dagH41.txt 1234x3.txt True 0.8787878787878788 1 88.5 [9, 9, 9, 9, 11, 10, 11, 11, 10, 3, 10, 7, 8, 7, 10, 11, 10, 9, 6, 11, 7, 11, 8, 8, 11, 10, 11, 7, 11, 7, 10, 5, 3, 9, 6, 10, 7, 0, 11, 1, 7, 3, 5, 6, 6, 5, 5, 4, 0, 3, 3, 5, 0, 2, 3, 6, 4, 6, 1, 2, 6, 7, 3, 1, 0, 3, 2, 2, 4, 3, 6, 4, 5, 6, 7, 5, 1, 1, 2, 4, 3, 7, 3, 2, 2] 
dagH41.txt 1234x3.txt True 0.4962121212121212 0.5 354.0 [11, 11, 11, 11, 11, 11, 3, 3, 11, 11, 11, 11, 11, 11, 3, 11, 11, 11, 3, 3, 11, 11, 11, 11, 11, 11, 11, 11, 3, 11, 11, 11, 11, 11, 11, 11, 10, 11, 11, 11, 11, 11, 11, 11, 10, 11, 11, 10, 10, 11, 10, 10, 10, 3, 11, 10, 11, 11, 11, 11, 10, 3, 11, 11, 11, 11, 3, 11, 10, 10, 11, 10, 10, 10, 10, 10, 10, 11, 11, 10, 10, 10, 11, 3, 11] 
dagH41.txt 1234x3.txt True 0.5984848484848485 0.6 936.0 [8, 8, 8, 11, 11, 11, 8, 3, 11, 8, 11, 8, 8, 11, 11, 8, 11, 8, 3, 11, 11, 11, 11, 8, 8, 8, 11, 11, 3, 8, 8, 11, 11, 8, 11, 11, 3, 8, 8, 11, 11, 8, 11, 11, 8, 8, 8, 11, 8, 11, 8, 8, 8, 11, 11, 11, 8, 8, 8, 11, 11, 11, 8, 11, 11, 8, 3, 11, 8, 11, 11, 8, 11, 3, 3, 11, 8, 11, 11, 11, 8, 8, 8, 11, 11] 
dagH41.txt 1234x3.txt True 0.696969696969697 0.7 185.0 [3, 5, 5, 5, 5, 5, 3, 3, 5, 6, 11, 5, 6, 6, 6, 5, 5, 5, 3, 3, 5, 6, 5, 6, 3, 11, 5, 6, 3, 5, 3, 6, 6, 6, 11, 11, 6, 11, 6, 6, 6, 11, 6, 10, 11, 11, 6, 10, 11, 10, 10, 11, 10, 3, 6, 10, 10, 11, 6, 6, 10, 10, 11, 11, 10, 10, 11, 10, 10, 7, 11, 10, 11, 10, 10, 11, 7, 6, 10, 11, 11, 11, 10, 10, 10] 
dagH41.txt 1234x3.txt True 0.7992424242424242 0.8 112.25 [3, 5, 5, 5, 5, 5, 3, 2, 5, 7, 11, 3, 6, 6, 7, 5, 3, 3, 2, 3, 7, 6, 5, 6, 3, 11, 5, 6, 2, 5, 3, 6, 6, 6, 11, 11, 3, 11, 7, 3, 6, 11, 6, 10, 11, 11, 6, 10, 11, 10, 10, 11, 10, 2, 6, 10, 10, 11, 6, 6, 10, 3, 11, 2, 10, 2, 7, 10, 10, 7, 11, 10, 11, 7, 7, 2, 7, 6, 10, 11, 11, 11, 10, 7, 10] 
dagH41.txt 1234x3.txt True 0.8939393939393939 0.9 87.66666666666667 [2, 2, 2, 6, 4, 2, 2, 11, 1, 5, 1, 3, 5, 7, 7, 7, 6, 2, 2, 7, 3, 7, 7, 5, 6, 1, 2, 6, 7, 4, 1, 6, 10, 7, 1, 6, 6, 1, 3, 10, 8, 7, 10, 4, 5, 9, 9, 10, 9, 11, 0, 8, 0, 11, 3, 11, 3, 8, 8, 5, 11, 10, 10, 3, 9, 11, 10, 9, 5, 9, 4, 11, 3, 11, 11, 10, 3, 3, 6, 3, 7, 0, 11, 9, 3] 
dagH41.txt 1234x3.txt True 0.8787878787878788 1 88.5 [9, 9, 9, 9, 11, 10, 11, 11, 10, 3, 10, 7, 8, 7, 10, 11, 10, 9, 6, 11, 7, 11, 8, 8, 11, 10, 11, 7, 11, 7, 10, 5, 3, 9, 6, 10, 7, 0, 11, 1, 7, 3, 5, 6, 6, 5, 5, 4, 0, 3, 3, 5, 0, 2, 3, 6, 4, 6, 1, 2, 6, 7, 3, 1, 0, 3, 2, 2, 4, 3, 6, 4, 5, 6, 7, 5, 1, 1, 2, 4, 3, 7, 3, 2, 2] 
dagH41.txt 1234x3.txt True 0.4962121212121212 0.5 354.0 [11, 11, 11, 11, 11, 11, 3, 3, 11, 11, 11, 11, 11, 11, 3, 11, 11, 11, 3, 3, 11, 11, 11, 11, 11, 11, 11, 11, 3, 11, 11, 11, 11, 11, 11, 11, 10, 11, 11, 11, 11, 11, 11, 11, 10, 11, 11, 10, 10, 11, 10, 10, 10, 3, 11, 10, 11, 11, 11, 11, 10, 3, 11, 11, 11, 11, 3, 11, 10, 10, 11, 10, 10, 10, 10, 10, 10, 11, 11, 10, 10, 10, 11, 3, 11] 
dagH41.txt 1234x3.txt True 0.5984848484848485 0.6 936.0 [8, 8, 8, 11, 11, 11, 8, 3, 11, 8, 11, 8, 8, 11, 11, 8, 11, 8, 3, 11, 11, 11, 11, 8, 8, 8, 11, 11, 3, 8, 8, 11, 11, 8, 11, 11, 3, 8, 8, 11, 11, 8, 11, 11, 8, 8, 8, 11, 8, 11, 8, 8, 8, 11, 11, 11, 8, 8, 8, 11, 11, 11, 8, 11, 11, 8, 3, 11, 8, 11, 11, 8, 11, 3, 3, 11, 8, 11, 11, 11, 8, 8, 8, 11, 11] 
dagH41.txt 1234x3.txt True 0.696969696969697 0.7 185.0 [3, 5, 5, 5, 5, 5, 3, 3, 5, 6, 11, 5, 6, 6, 6, 5, 5, 5, 3, 3, 5, 6, 5, 6, 3, 11, 5, 6, 3, 5, 3, 6, 6, 6, 11, 11, 6, 11, 6, 6, 6, 11, 6, 10, 11, 11, 6, 10, 11, 10, 10, 11, 10, 3, 6, 10, 10, 11, 6, 6, 10, 10, 11, 11, 10, 10, 11, 10, 10, 7, 11, 10, 11, 10, 10, 11, 7, 6, 10, 11, 11, 11, 10, 10, 10] 
dagH41.txt 1234x3.txt True 0.7992424242424242 0.8 112.25 [3, 5, 5, 5, 5, 5, 3, 2, 5, 7, 11, 3, 6, 6, 7, 5, 3, 3, 2, 3, 7, 6, 5, 6, 3, 11, 5, 6, 2, 5, 3, 6, 6, 6, 11, 11, 3, 11, 7, 3, 6, 11, 6, 10, 11, 11, 6, 10, 11, 10, 10, 11, 10, 2, 6, 10, 10, 11, 6, 6, 10, 3, 11, 2, 10, 2, 7, 10, 10, 7, 11, 10, 11, 7, 7, 2, 7, 6, 10, 11, 11, 11, 10, 7, 10] 
dagH41.txt 1234x3.txt True 0.8939393939393939 0.9 87.66666666666667 [2, 2, 2, 6, 4, 2, 2, 11, 1, 5, 1, 3, 5, 7, 7, 7, 6, 2, 2, 7, 3, 7, 7, 5, 6, 1, 2, 6, 7, 4, 1, 6, 10, 7, 1, 6, 6, 1, 3, 10, 8, 7, 10, 4, 5, 9, 9, 10, 9, 11, 0, 8, 0, 11, 3, 11, 3, 8, 8, 5, 11, 10, 10, 3, 9, 11, 10, 9, 5, 9, 4, 11, 3, 11, 11, 10, 3, 3, 6, 3, 7, 0, 11, 9, 3] 
dagH41.txt 1234x3.txt True 0.8787878787878788 1 88.5 [9, 9, 9, 9, 11, 10, 11, 11, 10, 3, 10, 7, 8, 7, 10, 11, 10, 9, 6, 11, 7, 11, 8, 8, 11, 10, 11, 7, 11, 7, 10, 5, 3, 9, 6, 10, 7, 0, 11, 1, 7, 3, 5, 6, 6, 5, 5, 4, 0, 3, 3, 5, 0, 2, 3, 6, 4, 6, 1, 2, 6, 7, 3, 1, 0, 3, 2, 2, 4, 3, 6, 4, 5, 6, 7, 5, 1, 1, 2, 4, 3, 7, 3, 2, 2] 
