dagM17.txt 3_2x4.txt True 0.05630630630630631 0.07 1049.0 [7, 5, 7, 7, 7, 3, 3, 7, 7, 1, 7, 5, 6, 7, 7, 7, 7, 7, 7, 7, 6, 7, 7, 7, 7, 7, 7, 7, 7, 7, 7, 7, 7, 7, 7, 7, 7, 7, 7, 7, 7, 7, 7, 7, 7, 7, 7, 7, 7, 7, 7, 7, 7, 7, 7, 7, 7, 7, 7, 7, 7, 7, 7, 7, 7, 7, 7, 7, 7, 7, 7, 7, 7, 7, 7, 7, 7, 7, 7, 7, 7, 7, 7, 7, 7, 7, 7, 7, 7, 7, 7, 7, 7, 7, 7, 7, 7, 7, 7, 7, 7, 7, 7, 7, 7, 7, 7, 7, 7, 7, 7, 7, 7, 7, 7, 7, 7, 7, 7, 7, 7, 7, 7, 7, 7, 7, 7, 7, 7, 7, 7, 7, 7, 7, 7, 7, 7, 7, 7, 7, 7, 7, 7, 7, 7, 7, 7, 7, 7, 7] 
dagM17.txt 3_2x4.txt True 0.0945945945945946 0.1 1012.5 [7, 5, 7, 7, 7, 3, 3, 7, 7, 1, 7, 5, 6, 7, 7, 7, 7, 7, 7, 7, 6, 7, 7, 7, 7, 7, 7, 7, 7, 7, 7, 7, 7, 7, 7, 7, 7, 7, 7, 7, 7, 7, 7, 7, 7, 7, 7, 7, 7, 7, 7, 7, 7, 7, 7, 7, 7, 7, 7, 7, 7, 7, 7, 7, 7, 7, 7, 7, 7, 7, 7, 7, 7, 7, 7, 7, 7, 7, 7, 7, 7, 7, 7, 7, 7, 7, 7, 7, 7, 7, 7, 1, 7, 7, 7, 7, 7, 7, 7, 7, 7, 7, 7, 7, 7, 7, 7, 7, 7, 7, 7, 7, 7, 7, 7, 7, 7, 7, 7, 1, 7, 1, 7, 7, 7, 7, 7, 7, 7, 7, 7, 7, 7, 7, 7, 7, 7, 7, 7, 7, 7, 7, 7, 7, 7, 7, 7, 7, 7, 7] 
dagM17.txt 3_2x4.txt True 0.14414414414414414 0.15 823.0 [3, 3, 3, 3, 3, 3, 3, 3, 3, 3, 3, 3, 3, 3, 3, 3, 3, 3, 3, 3, 6, 3, 3, 3, 3, 3, 3, 6, 6, 3, 5, 6, 3, 3, 5, 6, 5, 6, 6, 6, 6, 6, 6, 6, 6, 6, 1, 6, 6, 6, 6, 6, 6, 6, 6, 6, 7, 6, 7, 6, 7, 6, 6, 6, 7, 7, 7, 7, 6, 7, 6, 7, 7, 1, 7, 7, 7, 7, 7, 7, 7, 7, 7, 7, 7, 7, 7, 7, 7, 7, 7, 7, 7, 7, 7, 7, 7, 7, 7, 7, 7, 7, 7, 7, 7, 7, 7, 7, 7, 7, 7, 7, 7, 7, 7, 7, 7, 7, 7, 7, 7, 7, 7, 7, 7, 7, 7, 7, 7, 7, 7, 7, 7, 7, 7, 7, 7, 7, 7, 7, 7, 7, 7, 7, 7, 7, 7, 7, 7, 7] 
dagM17.txt 3_2x4.txt True 0.19594594594594594 0.2 618.75 [3, 3, 3, 3, 3, 3, 3, 3, 3, 3, 3, 3, 3, 3, 3, 3, 3, 3, 3, 3, 1, 3, 3, 3, 3, 3, 3, 6, 1, 3, 5, 6, 3, 3, 5, 6, 5, 6, 1, 6, 6, 6, 6, 6, 6, 6, 1, 6, 6, 6, 6, 6, 1, 6, 6, 6, 7, 6, 7, 1, 7, 6, 6, 1, 7, 7, 7, 7, 6, 7, 6, 7, 7, 1, 7, 7, 7, 7, 7, 7, 7, 7, 7, 7, 7, 7, 7, 7, 7, 7, 7, 7, 7, 7, 7, 7, 7, 7, 7, 7, 7, 7, 7, 7, 7, 7, 7, 7, 7, 7, 7, 7, 7, 7, 7, 7, 7, 7, 7, 7, 7, 7, 7, 7, 7, 7, 7, 7, 7, 7, 7, 7, 7, 7, 7, 7, 7, 7, 7, 7, 7, 7, 7, 7, 7, 7, 7, 7, 7, 7] 
dagM17.txt 3_2x4.txt True 0.29504504504504503 0.3 651.0 [7, 7, 7, 7, 7, 7, 7, 7, 7, 7, 7, 7, 7, 4, 7, 7, 7, 7, 7, 7, 7, 7, 7, 7, 7, 4, 7, 6, 4, 7, 6, 6, 7, 7, 6, 6, 6, 6, 6, 4, 4, 6, 6, 6, 6, 6, 1, 6, 6, 5, 6, 6, 1, 6, 6, 5, 1, 6, 5, 6, 1, 6, 5, 6, 1, 1, 1, 1, 6, 1, 6, 1, 1, 5, 1, 5, 1, 1, 1, 1, 1, 1, 1, 1, 1, 1, 1, 1, 1, 0, 1, 1, 1, 1, 1, 1, 0, 1, 1, 1, 1, 1, 1, 1, 0, 2, 3, 1, 1, 3, 1, 1, 1, 3, 0, 2, 2, 0, 3, 3, 3, 2, 3, 3, 3, 3, 3, 3, 2, 3, 3, 3, 3, 3, 3, 3, 3, 3, 3, 3, 3, 3, 3, 3, 3, 3, 3, 3, 3, 3] 
dagM17.txt 3_2x4.txt True 0.39864864864864863 0.4 587.0 [0, 1, 1, 1, 1, 0, 0, 0, 1, 1, 1, 1, 1, 1, 1, 1, 0, 0, 1, 1, 0, 1, 0, 0, 1, 1, 1, 0, 0, 0, 3, 1, 0, 0, 3, 0, 3, 2, 2, 0, 3, 2, 2, 0, 2, 3, 2, 0, 3, 3, 3, 0, 2, 2, 2, 3, 2, 7, 3, 2, 2, 2, 3, 3, 3, 3, 2, 2, 2, 6, 3, 7, 2, 3, 2, 3, 7, 6, 7, 7, 2, 6, 6, 7, 7, 7, 6, 7, 6, 3, 7, 7, 7, 6, 6, 7, 6, 7, 7, 6, 6, 7, 6, 7, 5, 5, 6, 6, 7, 5, 5, 7, 6, 4, 5, 5, 5, 6, 4, 6, 5, 5, 6, 5, 5, 5, 4, 6, 4, 5, 4, 4, 4, 5, 4, 4, 4, 5, 4, 4, 5, 6, 5, 4, 4, 4, 5, 4, 4, 4] 
dagM17.txt 3_2x4.txt True 0.5 0.5 399.0 [0, 1, 1, 1, 1, 1, 1, 0, 1, 1, 1, 1, 1, 1, 1, 1, 0, 0, 1, 1, 1, 1, 0, 1, 1, 1, 1, 0, 0, 0, 3, 1, 0, 0, 3, 0, 3, 2, 2, 0, 3, 2, 2, 0, 2, 3, 1, 0, 3, 3, 3, 0, 1, 2, 2, 3, 2, 7, 3, 1, 3, 2, 3, 3, 3, 3, 2, 2, 2, 6, 3, 7, 1, 3, 2, 3, 7, 6, 7, 7, 2, 1, 6, 7, 7, 7, 6, 7, 6, 3, 7, 7, 7, 6, 6, 7, 6, 7, 7, 1, 6, 7, 6, 7, 5, 5, 6, 6, 7, 5, 5, 7, 6, 4, 5, 5, 5, 6, 4, 1, 5, 5, 6, 5, 5, 5, 4, 6, 1, 5, 1, 4, 4, 5, 4, 4, 4, 5, 4, 4, 5, 6, 5, 1, 4, 4, 5, 4, 1, 4] 
dagM17.txt 3_2x4.txt True 0.5923423423423423 0.6 234.0 [0, 1, 1, 1, 1, 5, 3, 0, 5, 7, 1, 1, 1, 1, 1, 3, 5, 0, 1, 3, 1, 5, 0, 1, 5, 1, 1, 0, 1, 3, 3, 1, 3, 0, 3, 0, 3, 2, 5, 0, 3, 1, 2, 3, 2, 3, 7, 0, 3, 3, 3, 0, 1, 2, 2, 3, 3, 7, 3, 1, 1, 2, 3, 3, 3, 3, 3, 2, 2, 6, 3, 7, 7, 3, 2, 3, 7, 6, 7, 7, 2, 1, 6, 7, 7, 7, 6, 7, 6, 3, 7, 7, 7, 5, 3, 7, 6, 7, 7, 7, 6, 7, 1, 7, 5, 5, 6, 6, 7, 5, 5, 7, 6, 1, 5, 5, 5, 3, 4, 5, 5, 7, 6, 5, 5, 5, 4, 5, 1, 5, 7, 4, 5, 5, 4, 4, 4, 5, 1, 3, 5, 6, 5, 1, 4, 4, 5, 4, 5, 4] 
dagM17.txt 3_2x4.txt True 0.6013513513513513 0.7 229.75 [0, 1, 1, 1, 1, 5, 3, 0, 5, 7, 1, 1, 1, 1, 1, 3, 5, 0, 1, 3, 1, 5, 0, 1, 5, 1, 1, 0, 1, 3, 3, 1, 3, 0, 3, 0, 3, 2, 5, 0, 3, 1, 2, 3, 2, 3, 7, 0, 3, 3, 3, 0, 7, 2, 2, 3, 3, 7, 3, 1, 1, 2, 3, 3, 3, 3, 3, 2, 2, 6, 3, 7, 7, 3, 2, 3, 7, 6, 7, 7, 2, 1, 6, 7, 7, 7, 6, 7, 6, 3, 7, 7, 7, 5, 3, 7, 6, 7, 7, 7, 6, 7, 1, 7, 5, 5, 6, 6, 7, 5, 5, 7, 6, 1, 5, 5, 5, 3, 4, 5, 5, 7, 6, 5, 5, 5, 4, 5, 1, 5, 7, 1, 5, 5, 4, 4, 4, 5, 1, 3, 5, 6, 5, 1, 4, 4, 5, 4, 5, 4] 
dagM17.txt 3_2x4.txt True 0.7612612612612613 1 233.25 [6, 3, 0, 1, 3, 5, 7, 0, 7, 7, 1, 1, 1, 6, 1, 3, 3, 6, 0, 5, 1, 5, 1, 3, 7, 1, 1, 6, 3, 1, 7, 1, 3, 5, 1, 7, 3, 6, 7, 2, 1, 2, 1, 5, 4, 1, 7, 6, 3, 5, 0, 1, 3, 0, 1, 3, 1, 3, 0, 1, 1, 2, 1, 1, 5, 2, 1, 0, 0, 0, 3, 1, 3, 1, 4, 0, 2, 3, 5, 6, 4, 3, 5, 3, 3, 6, 4, 3, 0, 3, 7, 7, 6, 7, 5, 1, 5, 5, 3, 7, 2, 5, 3, 3, 7, 5, 5, 2, 3, 5, 6, 5, 2, 7, 5, 2, 7, 3, 2, 5, 7, 7, 2, 5, 4, 6, 4, 3, 7, 5, 7, 7, 5, 7, 4, 7, 7, 5, 1, 5, 3, 4, 5, 1, 7, 5, 7, 4, 5, 7] 
dagM17.txt 3_2x2.txt True 0.06756756756756757 0.07 2033.0 [3, 3, 3, 3, 3, 1, 1, 3, 3, 0, 3, 3, 3, 3, 3, 3, 3, 3, 3, 3, 3, 3, 3, 1, 3, 3, 3, 3, 3, 3, 3, 3, 1, 3, 3, 3, 3, 3, 3, 3, 3, 3, 3, 3, 3, 3, 3, 3, 3, 3, 3, 3, 3, 3, 3, 3, 3, 3, 2, 3, 3, 3, 2, 3, 3, 3, 3, 3, 3, 3, 3, 3, 3, 2, 3, 2, 3, 3, 3, 3, 3, 3, 3, 3, 3, 3, 3, 3, 3, 3, 3, 0, 3, 3, 3, 3, 3, 3, 3, 3, 3, 3, 3, 3, 3, 3, 3, 3, 3, 3, 3, 3, 3, 3, 3, 3, 3, 3, 3, 3, 3, 0, 3, 3, 3, 3, 3, 3, 3, 3, 3, 3, 3, 3, 3, 3, 3, 3, 3, 3, 3, 3, 3, 3, 3, 3, 3, 3, 3, 3] 
dagM17.txt 3_2x2.txt True 0.09234234234234234 0.1 1471.5 [1, 1, 1, 1, 1, 1, 1, 1, 1, 1, 1, 1, 1, 1, 1, 1, 1, 1, 1, 1, 1, 1, 1, 1, 1, 1, 1, 1, 1, 1, 2, 1, 1, 1, 2, 3, 2, 3, 3, 1, 2, 1, 3, 1, 3, 3, 3, 1, 3, 2, 3, 1, 3, 3, 3, 2, 3, 3, 2, 3, 3, 3, 2, 3, 2, 3, 3, 3, 3, 3, 3, 3, 3, 2, 3, 2, 3, 3, 3, 3, 3, 3, 3, 3, 3, 3, 3, 3, 3, 3, 3, 3, 3, 3, 3, 3, 3, 3, 3, 3, 3, 3, 3, 3, 3, 3, 3, 3, 3, 3, 3, 3, 3, 3, 3, 3, 3, 3, 3, 3, 3, 3, 3, 3, 3, 3, 3, 3, 3, 3, 3, 3, 3, 3, 3, 3, 3, 3, 3, 3, 3, 3, 3, 3, 3, 3, 3, 3, 3, 3] 
dagM17.txt 3_2x2.txt True 0.14864864864864866 0.15 1351.0 [1, 1, 1, 1, 1, 1, 1, 1, 1, 1, 1, 1, 1, 1, 1, 1, 1, 1, 1, 1, 1, 1, 1, 1, 1, 1, 1, 1, 1, 1, 2, 1, 1, 1, 2, 3, 2, 3, 3, 1, 2, 1, 3, 1, 3, 3, 2, 1, 3, 2, 3, 1, 3, 3, 3, 2, 3, 3, 2, 3, 3, 3, 2, 3, 2, 3, 3, 3, 3, 3, 3, 3, 3, 2, 3, 2, 3, 3, 3, 3, 3, 3, 3, 3, 3, 3, 3, 3, 3, 3, 3, 0, 3, 3, 3, 3, 3, 3, 3, 3, 3, 3, 3, 3, 3, 3, 3, 3, 3, 3, 3, 3, 3, 3, 3, 3, 3, 3, 3, 0, 3, 0, 3, 3, 3, 3, 3, 3, 3, 3, 3, 3, 3, 3, 3, 3, 3, 3, 3, 3, 3, 3, 3, 3, 3, 3, 3, 3, 0, 3] 
dagM17.txt 3_2x2.txt True 0.1981981981981982 0.2 548.0 [0, 0, 0, 0, 0, 0, 0, 0, 0, 0, 0, 0, 0, 0, 0, 0, 0, 0, 0, 0, 0, 0, 0, 0, 0, 0, 0, 0, 0, 0, 1, 0, 0, 0, 1, 1, 1, 1, 1, 0, 1, 0, 1, 0, 1, 1, 1, 0, 1, 1, 1, 0, 1, 1, 1, 1, 1, 2, 1, 1, 1, 1, 1, 1, 1, 2, 1, 1, 1, 2, 1, 2, 1, 1, 1, 1, 2, 2, 2, 2, 1, 2, 2, 2, 2, 2, 2, 2, 2, 1, 2, 2, 2, 2, 2, 2, 2, 2, 2, 2, 2, 2, 2, 2, 3, 3, 2, 2, 2, 3, 3, 2, 2, 2, 2, 3, 3, 2, 3, 3, 3, 0, 3, 3, 3, 3, 3, 3, 3, 3, 3, 3, 3, 3, 3, 3, 3, 3, 3, 3, 3, 3, 3, 3, 3, 3, 3, 3, 3, 3] 
dagM17.txt 3_2x2.txt True 0.26576576576576577 0.3 454.0 [0, 0, 0, 0, 0, 0, 0, 0, 0, 2, 0, 0, 0, 0, 0, 0, 0, 0, 0, 0, 0, 0, 0, 0, 0, 0, 0, 0, 0, 0, 1, 0, 0, 0, 1, 1, 1, 1, 1, 0, 1, 0, 1, 0, 1, 1, 0, 0, 1, 1, 1, 0, 1, 1, 1, 1, 1, 2, 1, 1, 1, 1, 1, 1, 1, 2, 1, 1, 1, 2, 1, 2, 2, 2, 1, 1, 2, 2, 2, 2, 1, 2, 2, 2, 2, 2, 2, 2, 2, 1, 2, 2, 2, 2, 2, 2, 2, 2, 2, 2, 2, 2, 2, 2, 3, 3, 2, 2, 2, 3, 3, 2, 2, 2, 2, 3, 3, 2, 3, 2, 2, 2, 3, 3, 3, 3, 3, 3, 3, 3, 3, 3, 3, 0, 3, 3, 3, 3, 3, 3, 3, 3, 3, 3, 3, 3, 3, 3, 0, 3] 
dagM17.txt 3_2x2.txt True 0.26576576576576577 0.4 454.0 [0, 0, 0, 0, 0, 0, 0, 0, 0, 2, 0, 0, 0, 0, 0, 0, 0, 0, 0, 0, 0, 0, 0, 0, 0, 0, 0, 0, 0, 0, 1, 0, 0, 0, 1, 1, 1, 1, 1, 0, 1, 0, 1, 0, 1, 1, 0, 0, 1, 1, 1, 0, 1, 1, 1, 1, 1, 2, 1, 1, 1, 1, 1, 1, 1, 2, 1, 1, 1, 2, 1, 2, 2, 2, 1, 1, 2, 2, 2, 2, 1, 2, 2, 2, 2, 2, 2, 2, 2, 1, 2, 2, 2, 2, 2, 2, 2, 2, 2, 2, 2, 2, 2, 2, 3, 3, 2, 2, 2, 3, 3, 2, 2, 2, 2, 3, 3, 2, 3, 2, 2, 2, 3, 3, 3, 3, 3, 3, 3, 3, 3, 3, 3, 0, 3, 3, 3, 3, 3, 3, 3, 3, 3, 3, 3, 3, 3, 3, 0, 3] 
dagM17.txt 3_2x2.txt True 0.26576576576576577 0.5 454.0 [0, 0, 0, 0, 0, 0, 0, 0, 0, 2, 0, 0, 0, 0, 0, 0, 0, 0, 0, 0, 0, 0, 0, 0, 0, 0, 0, 0, 0, 0, 1, 0, 0, 0, 1, 1, 1, 1, 1, 0, 1, 0, 1, 0, 1, 1, 0, 0, 1, 1, 1, 0, 1, 1, 1, 1, 1, 2, 1, 1, 1, 1, 1, 1, 1, 2, 1, 1, 1, 2, 1, 2, 2, 2, 1, 1, 2, 2, 2, 2, 1, 2, 2, 2, 2, 2, 2, 2, 2, 1, 2, 2, 2, 2, 2, 2, 2, 2, 2, 2, 2, 2, 2, 2, 3, 3, 2, 2, 2, 3, 3, 2, 2, 2, 2, 3, 3, 2, 3, 2, 2, 2, 3, 3, 3, 3, 3, 3, 3, 3, 3, 3, 3, 0, 3, 3, 3, 3, 3, 3, 3, 3, 3, 3, 3, 3, 3, 3, 0, 3] 
dagM17.txt 3_2x2.txt True 0.26576576576576577 0.6 454.0 [0, 0, 0, 0, 0, 0, 0, 0, 0, 2, 0, 0, 0, 0, 0, 0, 0, 0, 0, 0, 0, 0, 0, 0, 0, 0, 0, 0, 0, 0, 1, 0, 0, 0, 1, 1, 1, 1, 1, 0, 1, 0, 1, 0, 1, 1, 0, 0, 1, 1, 1, 0, 1, 1, 1, 1, 1, 2, 1, 1, 1, 1, 1, 1, 1, 2, 1, 1, 1, 2, 1, 2, 2, 2, 1, 1, 2, 2, 2, 2, 1, 2, 2, 2, 2, 2, 2, 2, 2, 1, 2, 2, 2, 2, 2, 2, 2, 2, 2, 2, 2, 2, 2, 2, 3, 3, 2, 2, 2, 3, 3, 2, 2, 2, 2, 3, 3, 2, 3, 2, 2, 2, 3, 3, 3, 3, 3, 3, 3, 3, 3, 3, 3, 0, 3, 3, 3, 3, 3, 3, 3, 3, 3, 3, 3, 3, 3, 3, 0, 3] 
dagM17.txt 3_2x2.txt True 0.6554054054054054 0.7 453.5 [0, 0, 1, 0, 2, 0, 0, 0, 2, 2, 0, 0, 1, 1, 0, 0, 1, 0, 0, 2, 2, 2, 0, 0, 2, 3, 1, 1, 2, 0, 2, 3, 0, 0, 3, 3, 3, 3, 0, 3, 3, 1, 0, 3, 3, 3, 0, 2, 3, 2, 1, 0, 0, 1, 2, 3, 0, 3, 1, 3, 3, 3, 3, 2, 1, 1, 1, 0, 2, 0, 3, 0, 2, 3, 1, 3, 3, 3, 1, 2, 0, 0, 1, 0, 0, 3, 2, 2, 1, 2, 0, 0, 2, 2, 2, 1, 1, 1, 3, 2, 2, 2, 2, 2, 1, 3, 0, 0, 0, 1, 0, 3, 2, 1, 1, 0, 1, 3, 3, 2, 2, 0, 3, 0, 0, 0, 1, 3, 2, 2, 0, 2, 1, 0, 2, 2, 3, 1, 2, 2, 1, 3, 2, 1, 1, 2, 2, 1, 2, 1] 
dagM17.txt 3_2x2.txt True 0.6554054054054054 1 453.5 [0, 0, 1, 0, 2, 0, 0, 0, 2, 2, 0, 0, 1, 1, 0, 0, 1, 0, 0, 2, 2, 2, 0, 0, 2, 3, 1, 1, 2, 0, 2, 3, 0, 0, 3, 3, 3, 3, 0, 3, 3, 1, 0, 3, 3, 3, 0, 2, 3, 2, 1, 0, 0, 1, 2, 3, 0, 3, 1, 3, 3, 3, 3, 2, 1, 1, 1, 0, 2, 0, 3, 0, 2, 3, 1, 3, 3, 3, 1, 2, 0, 0, 1, 0, 0, 3, 2, 2, 1, 2, 0, 0, 2, 2, 2, 1, 1, 1, 3, 2, 2, 2, 2, 2, 1, 3, 0, 0, 0, 1, 0, 3, 2, 1, 1, 0, 1, 3, 3, 2, 2, 0, 3, 0, 0, 0, 1, 3, 2, 2, 0, 2, 1, 0, 2, 2, 3, 1, 2, 2, 1, 3, 2, 1, 1, 2, 2, 1, 2, 1] 
dagM17.txt 3_2x1.txt True 0.06756756756756757 0.07 1081.5 [0, 0, 0, 0, 0, 0, 0, 0, 0, 0, 0, 0, 0, 0, 0, 0, 0, 0, 0, 0, 0, 0, 0, 0, 0, 0, 0, 0, 0, 0, 0, 0, 0, 0, 0, 0, 0, 0, 0, 0, 0, 0, 0, 0, 0, 0, 0, 0, 0, 0, 0, 0, 0, 0, 0, 0, 0, 0, 0, 0, 0, 0, 0, 0, 0, 1, 0, 0, 0, 1, 0, 1, 0, 0, 0, 0, 1, 1, 1, 1, 0, 1, 1, 1, 1, 1, 1, 1, 0, 1, 1, 1, 1, 1, 1, 1, 1, 1, 1, 1, 1, 1, 1, 1, 1, 1, 1, 1, 1, 1, 1, 1, 1, 1, 1, 1, 1, 1, 1, 1, 1, 1, 1, 1, 1, 1, 1, 1, 1, 1, 1, 1, 1, 1, 1, 1, 1, 1, 1, 1, 1, 1, 1, 1, 1, 1, 1, 1, 1, 1] 
dagM17.txt 3_2x1.txt True 0.08108108108108109 0.1 1032.5 [0, 0, 0, 0, 0, 0, 0, 0, 0, 0, 0, 0, 0, 0, 0, 0, 0, 0, 0, 0, 0, 0, 0, 0, 0, 0, 0, 0, 0, 0, 0, 0, 0, 0, 0, 0, 0, 0, 0, 0, 0, 0, 0, 0, 0, 0, 0, 0, 0, 0, 0, 0, 0, 0, 0, 0, 0, 0, 0, 0, 0, 0, 0, 0, 0, 1, 0, 0, 0, 1, 0, 1, 0, 0, 0, 0, 1, 1, 1, 1, 0, 1, 1, 1, 1, 1, 1, 1, 0, 1, 1, 0, 1, 1, 1, 1, 1, 1, 1, 1, 1, 1, 1, 1, 1, 1, 1, 1, 1, 1, 1, 1, 1, 1, 1, 1, 1, 1, 1, 1, 1, 0, 1, 1, 1, 1, 1, 1, 1, 1, 1, 1, 1, 1, 1, 1, 1, 1, 1, 1, 1, 1, 1, 1, 1, 1, 1, 1, 1, 1] 
dagM17.txt 3_2x1.txt True 0.13513513513513514 0.15 916.0 [0, 0, 0, 0, 0, 0, 0, 0, 0, 0, 0, 0, 0, 0, 0, 0, 0, 0, 0, 0, 0, 0, 0, 0, 0, 0, 0, 0, 0, 0, 0, 0, 0, 0, 0, 0, 0, 0, 0, 0, 0, 0, 0, 0, 0, 0, 0, 0, 0, 0, 0, 0, 0, 0, 0, 0, 0, 0, 0, 0, 0, 0, 0, 0, 0, 1, 0, 0, 0, 1, 0, 0, 0, 0, 0, 0, 1, 1, 1, 1, 0, 1, 1, 0, 1, 1, 1, 1, 0, 1, 1, 0, 1, 1, 1, 1, 1, 1, 1, 1, 1, 1, 1, 1, 1, 1, 1, 1, 1, 1, 1, 1, 1, 1, 1, 1, 1, 1, 1, 0, 1, 0, 1, 1, 1, 1, 1, 1, 1, 1, 1, 1, 1, 0, 1, 1, 1, 1, 1, 1, 1, 1, 1, 1, 1, 1, 1, 1, 0, 1] 
dagM17.txt 3_2x1.txt True 0.15315315315315314 0.2 898.6666666666666 [0, 0, 0, 0, 0, 0, 0, 0, 0, 0, 0, 0, 0, 0, 0, 0, 0, 0, 0, 0, 0, 0, 0, 0, 0, 0, 0, 0, 0, 0, 0, 0, 0, 0, 0, 0, 0, 0, 0, 0, 0, 0, 0, 0, 0, 0, 0, 0, 0, 0, 0, 0, 0, 0, 0, 0, 0, 0, 0, 0, 0, 0, 0, 0, 0, 1, 0, 0, 0, 1, 0, 0, 0, 0, 0, 0, 1, 1, 1, 1, 0, 1, 1, 0, 1, 1, 1, 1, 0, 1, 1, 0, 1, 1, 1, 1, 1, 1, 1, 1, 1, 1, 1, 1, 1, 1, 1, 1, 1, 1, 1, 1, 1, 1, 1, 1, 1, 1, 1, 0, 0, 0, 1, 1, 1, 1, 1, 1, 1, 1, 1, 1, 1, 0, 1, 1, 1, 1, 1, 1, 1, 1, 1, 1, 1, 1, 1, 1, 0, 1] 
dagM17.txt 3_2x1.txt True 0.15315315315315314 0.3 898.6666666666666 [0, 0, 0, 0, 0, 0, 0, 0, 0, 0, 0, 0, 0, 0, 0, 0, 0, 0, 0, 0, 0, 0, 0, 0, 0, 0, 0, 0, 0, 0, 0, 0, 0, 0, 0, 0, 0, 0, 0, 0, 0, 0, 0, 0, 0, 0, 0, 0, 0, 0, 0, 0, 0, 0, 0, 0, 0, 0, 0, 0, 0, 0, 0, 0, 0, 1, 0, 0, 0, 1, 0, 0, 0, 0, 0, 0, 1, 1, 1, 1, 0, 1, 1, 0, 1, 1, 1, 1, 0, 1, 1, 0, 1, 1, 1, 1, 1, 1, 1, 1, 1, 1, 1, 1, 1, 1, 1, 1, 1, 1, 1, 1, 1, 1, 1, 1, 1, 1, 1, 0, 0, 0, 1, 1, 1, 1, 1, 1, 1, 1, 1, 1, 1, 0, 1, 1, 1, 1, 1, 1, 1, 1, 1, 1, 1, 1, 1, 1, 0, 1] 
dagM17.txt 3_2x1.txt True 0.15315315315315314 0.4 898.6666666666666 [0, 0, 0, 0, 0, 0, 0, 0, 0, 0, 0, 0, 0, 0, 0, 0, 0, 0, 0, 0, 0, 0, 0, 0, 0, 0, 0, 0, 0, 0, 0, 0, 0, 0, 0, 0, 0, 0, 0, 0, 0, 0, 0, 0, 0, 0, 0, 0, 0, 0, 0, 0, 0, 0, 0, 0, 0, 0, 0, 0, 0, 0, 0, 0, 0, 1, 0, 0, 0, 1, 0, 0, 0, 0, 0, 0, 1, 1, 1, 1, 0, 1, 1, 0, 1, 1, 1, 1, 0, 1, 1, 0, 1, 1, 1, 1, 1, 1, 1, 1, 1, 1, 1, 1, 1, 1, 1, 1, 1, 1, 1, 1, 1, 1, 1, 1, 1, 1, 1, 0, 0, 0, 1, 1, 1, 1, 1, 1, 1, 1, 1, 1, 1, 0, 1, 1, 1, 1, 1, 1, 1, 1, 1, 1, 1, 1, 1, 1, 0, 1] 
dagM17.txt 3_2x1.txt True 0.15315315315315314 0.5 898.6666666666666 [0, 0, 0, 0, 0, 0, 0, 0, 0, 0, 0, 0, 0, 0, 0, 0, 0, 0, 0, 0, 0, 0, 0, 0, 0, 0, 0, 0, 0, 0, 0, 0, 0, 0, 0, 0, 0, 0, 0, 0, 0, 0, 0, 0, 0, 0, 0, 0, 0, 0, 0, 0, 0, 0, 0, 0, 0, 0, 0, 0, 0, 0, 0, 0, 0, 1, 0, 0, 0, 1, 0, 0, 0, 0, 0, 0, 1, 1, 1, 1, 0, 1, 1, 0, 1, 1, 1, 1, 0, 1, 1, 0, 1, 1, 1, 1, 1, 1, 1, 1, 1, 1, 1, 1, 1, 1, 1, 1, 1, 1, 1, 1, 1, 1, 1, 1, 1, 1, 1, 0, 0, 0, 1, 1, 1, 1, 1, 1, 1, 1, 1, 1, 1, 0, 1, 1, 1, 1, 1, 1, 1, 1, 1, 1, 1, 1, 1, 1, 0, 1] 
dagM17.txt 3_2x1.txt True 0.15315315315315314 0.6 898.6666666666666 [0, 0, 0, 0, 0, 0, 0, 0, 0, 0, 0, 0, 0, 0, 0, 0, 0, 0, 0, 0, 0, 0, 0, 0, 0, 0, 0, 0, 0, 0, 0, 0, 0, 0, 0, 0, 0, 0, 0, 0, 0, 0, 0, 0, 0, 0, 0, 0, 0, 0, 0, 0, 0, 0, 0, 0, 0, 0, 0, 0, 0, 0, 0, 0, 0, 1, 0, 0, 0, 1, 0, 0, 0, 0, 0, 0, 1, 1, 1, 1, 0, 1, 1, 0, 1, 1, 1, 1, 0, 1, 1, 0, 1, 1, 1, 1, 1, 1, 1, 1, 1, 1, 1, 1, 1, 1, 1, 1, 1, 1, 1, 1, 1, 1, 1, 1, 1, 1, 1, 0, 0, 0, 1, 1, 1, 1, 1, 1, 1, 1, 1, 1, 1, 0, 1, 1, 1, 1, 1, 1, 1, 1, 1, 1, 1, 1, 1, 1, 0, 1] 
dagM17.txt 3_2x1.txt True 0.15315315315315314 0.7 898.6666666666666 [0, 0, 0, 0, 0, 0, 0, 0, 0, 0, 0, 0, 0, 0, 0, 0, 0, 0, 0, 0, 0, 0, 0, 0, 0, 0, 0, 0, 0, 0, 0, 0, 0, 0, 0, 0, 0, 0, 0, 0, 0, 0, 0, 0, 0, 0, 0, 0, 0, 0, 0, 0, 0, 0, 0, 0, 0, 0, 0, 0, 0, 0, 0, 0, 0, 1, 0, 0, 0, 1, 0, 0, 0, 0, 0, 0, 1, 1, 1, 1, 0, 1, 1, 0, 1, 1, 1, 1, 0, 1, 1, 0, 1, 1, 1, 1, 1, 1, 1, 1, 1, 1, 1, 1, 1, 1, 1, 1, 1, 1, 1, 1, 1, 1, 1, 1, 1, 1, 1, 0, 0, 0, 1, 1, 1, 1, 1, 1, 1, 1, 1, 1, 1, 0, 1, 1, 1, 1, 1, 1, 1, 1, 1, 1, 1, 1, 1, 1, 0, 1] 
dagM17.txt 3_2x1.txt True 0.15315315315315314 1 898.6666666666666 [0, 0, 0, 0, 0, 0, 0, 0, 0, 0, 0, 0, 0, 0, 0, 0, 0, 0, 0, 0, 0, 0, 0, 0, 0, 0, 0, 0, 0, 0, 0, 0, 0, 0, 0, 0, 0, 0, 0, 0, 0, 0, 0, 0, 0, 0, 0, 0, 0, 0, 0, 0, 0, 0, 0, 0, 0, 0, 0, 0, 0, 0, 0, 0, 0, 1, 0, 0, 0, 1, 0, 0, 0, 0, 0, 0, 1, 1, 1, 1, 0, 1, 1, 0, 1, 1, 1, 1, 0, 1, 1, 0, 1, 1, 1, 1, 1, 1, 1, 1, 1, 1, 1, 1, 1, 1, 1, 1, 1, 1, 1, 1, 1, 1, 1, 1, 1, 1, 1, 0, 0, 0, 1, 1, 1, 1, 1, 1, 1, 1, 1, 1, 1, 0, 1, 1, 1, 1, 1, 1, 1, 1, 1, 1, 1, 1, 1, 1, 0, 1] 
