dagE40.txt 1234x1.txt True 0.48372093023255813 0.5 364.5 [1, 1, 1, 1, 0, 1, 1, 0, 1, 0, 1, 1, 3, 1, 1, 1, 1, 1, 1, 1, 0, 1, 1, 1, 3, 3, 3, 1, 2, 2, 3, 1, 2, 3, 3, 3, 2, 3, 3, 3, 3, 3, 3, 3, 3, 3, 3, 1, 3, 3, 2, 2, 3, 2, 3, 3, 3, 3, 3, 3, 3, 3, 3, 3, 3, 3, 3, 3, 2, 3] 
dagE40.txt 1234x1.txt True 0.48372093023255813 0.6 364.5 [1, 1, 1, 1, 0, 1, 1, 0, 1, 0, 1, 1, 3, 1, 1, 1, 1, 1, 1, 1, 0, 1, 1, 1, 3, 3, 3, 1, 2, 2, 3, 1, 2, 3, 3, 3, 2, 3, 3, 3, 3, 3, 3, 3, 3, 3, 3, 1, 3, 3, 2, 2, 3, 2, 3, 3, 3, 3, 3, 3, 3, 3, 3, 3, 3, 3, 3, 3, 2, 3] 
dagE40.txt 1234x1.txt True 0.6511627906976745 0.7 517.0 [1, 1, 1, 1, 0, 1, 0, 1, 1, 0, 1, 1, 3, 1, 0, 1, 1, 1, 0, 3, 0, 1, 1, 1, 0, 0, 0, 1, 0, 2, 2, 0, 3, 0, 0, 3, 2, 3, 2, 0, 2, 0, 2, 3, 2, 0, 3, 3, 3, 2, 3, 2, 3, 2, 3, 0, 2, 3, 2, 3, 3, 2, 0, 3, 3, 2, 2, 2, 2, 3] 
dagE40.txt 1234x1.txt True 0.7581395348837209 0.8 568.0 [3, 3, 3, 2, 3, 3, 3, 2, 2, 2, 3, 2, 0, 2, 2, 2, 2, 2, 2, 2, 2, 2, 3, 2, 2, 0, 0, 3, 3, 3, 3, 3, 1, 0, 2, 0, 3, 0, 3, 0, 0, 1, 0, 1, 3, 0, 0, 3, 0, 0, 1, 1, 1, 1, 0, 1, 1, 0, 1, 0, 0, 1, 0, 1, 1, 1, 0, 1, 1, 1] 
dagE40.txt 1234x1.txt True 0.7581395348837209 0.9 568.0 [3, 3, 3, 2, 3, 3, 3, 2, 2, 2, 3, 2, 0, 2, 2, 2, 2, 2, 2, 2, 2, 2, 3, 2, 2, 0, 0, 3, 3, 3, 3, 3, 1, 0, 2, 0, 3, 0, 3, 0, 0, 1, 0, 1, 3, 0, 0, 3, 0, 0, 1, 1, 1, 1, 0, 1, 1, 0, 1, 0, 0, 1, 0, 1, 1, 1, 0, 1, 1, 1] 
dagE40.txt 1234x1.txt True 0.7581395348837209 1 568.0 [3, 3, 3, 2, 3, 3, 3, 2, 2, 2, 3, 2, 0, 2, 2, 2, 2, 2, 2, 2, 2, 2, 3, 2, 2, 0, 0, 3, 3, 3, 3, 3, 1, 0, 2, 0, 3, 0, 3, 0, 0, 1, 0, 1, 3, 0, 0, 3, 0, 0, 1, 1, 1, 1, 0, 1, 1, 0, 1, 0, 0, 1, 0, 1, 1, 1, 0, 1, 1, 1] 
dagE40.txt 1234x1.txt True 0.48372093023255813 0.5 364.5 [1, 1, 1, 1, 0, 1, 1, 0, 1, 0, 1, 1, 3, 1, 1, 1, 1, 1, 1, 1, 0, 1, 1, 1, 3, 3, 3, 1, 2, 2, 3, 1, 2, 3, 3, 3, 2, 3, 3, 3, 3, 3, 3, 3, 3, 3, 3, 1, 3, 3, 2, 2, 3, 2, 3, 3, 3, 3, 3, 3, 3, 3, 3, 3, 3, 3, 3, 3, 2, 3] 
dagE40.txt 1234x1.txt True 0.48372093023255813 0.6 364.5 [1, 1, 1, 1, 0, 1, 1, 0, 1, 0, 1, 1, 3, 1, 1, 1, 1, 1, 1, 1, 0, 1, 1, 1, 3, 3, 3, 1, 2, 2, 3, 1, 2, 3, 3, 3, 2, 3, 3, 3, 3, 3, 3, 3, 3, 3, 3, 1, 3, 3, 2, 2, 3, 2, 3, 3, 3, 3, 3, 3, 3, 3, 3, 3, 3, 3, 3, 3, 2, 3] 
dagE40.txt 1234x1.txt True 0.6511627906976745 0.7 517.0 [1, 1, 1, 1, 0, 1, 0, 1, 1, 0, 1, 1, 3, 1, 0, 1, 1, 1, 0, 3, 0, 1, 1, 1, 0, 0, 0, 1, 0, 2, 2, 0, 3, 0, 0, 3, 2, 3, 2, 0, 2, 0, 2, 3, 2, 0, 3, 3, 3, 2, 3, 2, 3, 2, 3, 0, 2, 3, 2, 3, 3, 2, 0, 3, 3, 2, 2, 2, 2, 3] 
dagE40.txt 1234x1.txt True 0.7581395348837209 0.8 568.0 [3, 3, 3, 2, 3, 3, 3, 2, 2, 2, 3, 2, 0, 2, 2, 2, 2, 2, 2, 2, 2, 2, 3, 2, 2, 0, 0, 3, 3, 3, 3, 3, 1, 0, 2, 0, 3, 0, 3, 0, 0, 1, 0, 1, 3, 0, 0, 3, 0, 0, 1, 1, 1, 1, 0, 1, 1, 0, 1, 0, 0, 1, 0, 1, 1, 1, 0, 1, 1, 1] 
dagE40.txt 1234x1.txt True 0.7581395348837209 0.9 568.0 [3, 3, 3, 2, 3, 3, 3, 2, 2, 2, 3, 2, 0, 2, 2, 2, 2, 2, 2, 2, 2, 2, 3, 2, 2, 0, 0, 3, 3, 3, 3, 3, 1, 0, 2, 0, 3, 0, 3, 0, 0, 1, 0, 1, 3, 0, 0, 3, 0, 0, 1, 1, 1, 1, 0, 1, 1, 0, 1, 0, 0, 1, 0, 1, 1, 1, 0, 1, 1, 1] 
dagE40.txt 1234x1.txt True 0.7581395348837209 1 568.0 [3, 3, 3, 2, 3, 3, 3, 2, 2, 2, 3, 2, 0, 2, 2, 2, 2, 2, 2, 2, 2, 2, 3, 2, 2, 0, 0, 3, 3, 3, 3, 3, 1, 0, 2, 0, 3, 0, 3, 0, 0, 1, 0, 1, 3, 0, 0, 3, 0, 0, 1, 1, 1, 1, 0, 1, 1, 0, 1, 0, 0, 1, 0, 1, 1, 1, 0, 1, 1, 1] 
dagE40.txt 1234x1.txt True 0.48372093023255813 0.5 364.5 [1, 1, 1, 1, 0, 1, 1, 0, 1, 0, 1, 1, 3, 1, 1, 1, 1, 1, 1, 1, 0, 1, 1, 1, 3, 3, 3, 1, 2, 2, 3, 1, 2, 3, 3, 3, 2, 3, 3, 3, 3, 3, 3, 3, 3, 3, 3, 1, 3, 3, 2, 2, 3, 2, 3, 3, 3, 3, 3, 3, 3, 3, 3, 3, 3, 3, 3, 3, 2, 3] 
dagE40.txt 1234x1.txt True 0.48372093023255813 0.6 364.5 [1, 1, 1, 1, 0, 1, 1, 0, 1, 0, 1, 1, 3, 1, 1, 1, 1, 1, 1, 1, 0, 1, 1, 1, 3, 3, 3, 1, 2, 2, 3, 1, 2, 3, 3, 3, 2, 3, 3, 3, 3, 3, 3, 3, 3, 3, 3, 1, 3, 3, 2, 2, 3, 2, 3, 3, 3, 3, 3, 3, 3, 3, 3, 3, 3, 3, 3, 3, 2, 3] 
dagE40.txt 1234x1.txt True 0.6511627906976745 0.7 517.0 [1, 1, 1, 1, 0, 1, 0, 1, 1, 0, 1, 1, 3, 1, 0, 1, 1, 1, 0, 3, 0, 1, 1, 1, 0, 0, 0, 1, 0, 2, 2, 0, 3, 0, 0, 3, 2, 3, 2, 0, 2, 0, 2, 3, 2, 0, 3, 3, 3, 2, 3, 2, 3, 2, 3, 0, 2, 3, 2, 3, 3, 2, 0, 3, 3, 2, 2, 2, 2, 3] 
dagE40.txt 1234x1.txt True 0.7581395348837209 0.8 568.0 [3, 3, 3, 2, 3, 3, 3, 2, 2, 2, 3, 2, 0, 2, 2, 2, 2, 2, 2, 2, 2, 2, 3, 2, 2, 0, 0, 3, 3, 3, 3, 3, 1, 0, 2, 0, 3, 0, 3, 0, 0, 1, 0, 1, 3, 0, 0, 3, 0, 0, 1, 1, 1, 1, 0, 1, 1, 0, 1, 0, 0, 1, 0, 1, 1, 1, 0, 1, 1, 1] 
dagE40.txt 1234x1.txt True 0.7581395348837209 0.9 568.0 [3, 3, 3, 2, 3, 3, 3, 2, 2, 2, 3, 2, 0, 2, 2, 2, 2, 2, 2, 2, 2, 2, 3, 2, 2, 0, 0, 3, 3, 3, 3, 3, 1, 0, 2, 0, 3, 0, 3, 0, 0, 1, 0, 1, 3, 0, 0, 3, 0, 0, 1, 1, 1, 1, 0, 1, 1, 0, 1, 0, 0, 1, 0, 1, 1, 1, 0, 1, 1, 1] 
dagE40.txt 1234x1.txt True 0.7581395348837209 1 568.0 [3, 3, 3, 2, 3, 3, 3, 2, 2, 2, 3, 2, 0, 2, 2, 2, 2, 2, 2, 2, 2, 2, 3, 2, 2, 0, 0, 3, 3, 3, 3, 3, 1, 0, 2, 0, 3, 0, 3, 0, 0, 1, 0, 1, 3, 0, 0, 3, 0, 0, 1, 1, 1, 1, 0, 1, 1, 0, 1, 0, 0, 1, 0, 1, 1, 1, 0, 1, 1, 1] 
dagE40.txt 1234x1.txt True 0.48372093023255813 0.5 364.5 [1, 1, 1, 1, 0, 1, 1, 0, 1, 0, 1, 1, 3, 1, 1, 1, 1, 1, 1, 1, 0, 1, 1, 1, 3, 3, 3, 1, 2, 2, 3, 1, 2, 3, 3, 3, 2, 3, 3, 3, 3, 3, 3, 3, 3, 3, 3, 1, 3, 3, 2, 2, 3, 2, 3, 3, 3, 3, 3, 3, 3, 3, 3, 3, 3, 3, 3, 3, 2, 3] 
dagE40.txt 1234x1.txt True 0.48372093023255813 0.6 364.5 [1, 1, 1, 1, 0, 1, 1, 0, 1, 0, 1, 1, 3, 1, 1, 1, 1, 1, 1, 1, 0, 1, 1, 1, 3, 3, 3, 1, 2, 2, 3, 1, 2, 3, 3, 3, 2, 3, 3, 3, 3, 3, 3, 3, 3, 3, 3, 1, 3, 3, 2, 2, 3, 2, 3, 3, 3, 3, 3, 3, 3, 3, 3, 3, 3, 3, 3, 3, 2, 3] 
dagE40.txt 1234x1.txt True 0.6511627906976745 0.7 517.0 [1, 1, 1, 1, 0, 1, 0, 1, 1, 0, 1, 1, 3, 1, 0, 1, 1, 1, 0, 3, 0, 1, 1, 1, 0, 0, 0, 1, 0, 2, 2, 0, 3, 0, 0, 3, 2, 3, 2, 0, 2, 0, 2, 3, 2, 0, 3, 3, 3, 2, 3, 2, 3, 2, 3, 0, 2, 3, 2, 3, 3, 2, 0, 3, 3, 2, 2, 2, 2, 3] 
dagE40.txt 1234x1.txt True 0.7581395348837209 0.8 568.0 [3, 3, 3, 2, 3, 3, 3, 2, 2, 2, 3, 2, 0, 2, 2, 2, 2, 2, 2, 2, 2, 2, 3, 2, 2, 0, 0, 3, 3, 3, 3, 3, 1, 0, 2, 0, 3, 0, 3, 0, 0, 1, 0, 1, 3, 0, 0, 3, 0, 0, 1, 1, 1, 1, 0, 1, 1, 0, 1, 0, 0, 1, 0, 1, 1, 1, 0, 1, 1, 1] 
dagE40.txt 1234x1.txt True 0.7581395348837209 0.9 568.0 [3, 3, 3, 2, 3, 3, 3, 2, 2, 2, 3, 2, 0, 2, 2, 2, 2, 2, 2, 2, 2, 2, 3, 2, 2, 0, 0, 3, 3, 3, 3, 3, 1, 0, 2, 0, 3, 0, 3, 0, 0, 1, 0, 1, 3, 0, 0, 3, 0, 0, 1, 1, 1, 1, 0, 1, 1, 0, 1, 0, 0, 1, 0, 1, 1, 1, 0, 1, 1, 1] 
dagE40.txt 1234x1.txt True 0.7581395348837209 1 568.0 [3, 3, 3, 2, 3, 3, 3, 2, 2, 2, 3, 2, 0, 2, 2, 2, 2, 2, 2, 2, 2, 2, 3, 2, 2, 0, 0, 3, 3, 3, 3, 3, 1, 0, 2, 0, 3, 0, 3, 0, 0, 1, 0, 1, 3, 0, 0, 3, 0, 0, 1, 1, 1, 1, 0, 1, 1, 0, 1, 0, 0, 1, 0, 1, 1, 1, 0, 1, 1, 1] 
dagE40.txt 1234x1.txt True 0.48372093023255813 0.5 364.5 [1, 1, 1, 1, 0, 1, 1, 0, 1, 0, 1, 1, 3, 1, 1, 1, 1, 1, 1, 1, 0, 1, 1, 1, 3, 3, 3, 1, 2, 2, 3, 1, 2, 3, 3, 3, 2, 3, 3, 3, 3, 3, 3, 3, 3, 3, 3, 1, 3, 3, 2, 2, 3, 2, 3, 3, 3, 3, 3, 3, 3, 3, 3, 3, 3, 3, 3, 3, 2, 3] 
dagE40.txt 1234x1.txt True 0.48372093023255813 0.6 364.5 [1, 1, 1, 1, 0, 1, 1, 0, 1, 0, 1, 1, 3, 1, 1, 1, 1, 1, 1, 1, 0, 1, 1, 1, 3, 3, 3, 1, 2, 2, 3, 1, 2, 3, 3, 3, 2, 3, 3, 3, 3, 3, 3, 3, 3, 3, 3, 1, 3, 3, 2, 2, 3, 2, 3, 3, 3, 3, 3, 3, 3, 3, 3, 3, 3, 3, 3, 3, 2, 3] 
dagE40.txt 1234x1.txt True 0.6511627906976745 0.7 517.0 [1, 1, 1, 1, 0, 1, 0, 1, 1, 0, 1, 1, 3, 1, 0, 1, 1, 1, 0, 3, 0, 1, 1, 1, 0, 0, 0, 1, 0, 2, 2, 0, 3, 0, 0, 3, 2, 3, 2, 0, 2, 0, 2, 3, 2, 0, 3, 3, 3, 2, 3, 2, 3, 2, 3, 0, 2, 3, 2, 3, 3, 2, 0, 3, 3, 2, 2, 2, 2, 3] 
dagE40.txt 1234x1.txt True 0.7581395348837209 0.8 568.0 [3, 3, 3, 2, 3, 3, 3, 2, 2, 2, 3, 2, 0, 2, 2, 2, 2, 2, 2, 2, 2, 2, 3, 2, 2, 0, 0, 3, 3, 3, 3, 3, 1, 0, 2, 0, 3, 0, 3, 0, 0, 1, 0, 1, 3, 0, 0, 3, 0, 0, 1, 1, 1, 1, 0, 1, 1, 0, 1, 0, 0, 1, 0, 1, 1, 1, 0, 1, 1, 1] 
dagE40.txt 1234x1.txt True 0.7581395348837209 0.9 568.0 [3, 3, 3, 2, 3, 3, 3, 2, 2, 2, 3, 2, 0, 2, 2, 2, 2, 2, 2, 2, 2, 2, 3, 2, 2, 0, 0, 3, 3, 3, 3, 3, 1, 0, 2, 0, 3, 0, 3, 0, 0, 1, 0, 1, 3, 0, 0, 3, 0, 0, 1, 1, 1, 1, 0, 1, 1, 0, 1, 0, 0, 1, 0, 1, 1, 1, 0, 1, 1, 1] 
dagE40.txt 1234x1.txt True 0.7581395348837209 1 568.0 [3, 3, 3, 2, 3, 3, 3, 2, 2, 2, 3, 2, 0, 2, 2, 2, 2, 2, 2, 2, 2, 2, 3, 2, 2, 0, 0, 3, 3, 3, 3, 3, 1, 0, 2, 0, 3, 0, 3, 0, 0, 1, 0, 1, 3, 0, 0, 3, 0, 0, 1, 1, 1, 1, 0, 1, 1, 0, 1, 0, 0, 1, 0, 1, 1, 1, 0, 1, 1, 1] 
dagE40.txt 1234x3.txt True 0.2837209302325581 0.5 400.5 [11, 11, 11, 11, 11, 11, 11, 11, 11, 11, 11, 11, 7, 11, 11, 11, 11, 11, 11, 11, 11, 11, 11, 11, 11, 11, 11, 11, 11, 11, 11, 11, 7, 11, 11, 11, 11, 11, 11, 11, 11, 7, 11, 11, 11, 11, 7, 11, 11, 11, 7, 7, 7, 7, 11, 7, 11, 11, 11, 11, 7, 11, 11, 7, 7, 10, 10, 11, 3, 7] 
dagE40.txt 1234x3.txt True 0.5953488372093023 0.6 267.6666666666667 [11, 10, 11, 11, 11, 10, 11, 10, 10, 11, 11, 10, 10, 10, 11, 10, 10, 11, 10, 10, 11, 10, 10, 10, 11, 11, 11, 11, 11, 11, 10, 11, 10, 11, 11, 10, 11, 11, 11, 10, 11, 7, 11, 11, 11, 11, 10, 10, 11, 11, 10, 10, 10, 10, 10, 7, 7, 11, 7, 7, 10, 7, 10, 7, 7, 7, 7, 7, 11, 7] 
dagE40.txt 1234x3.txt True 0.5953488372093023 0.7 267.6666666666667 [11, 10, 11, 11, 11, 10, 11, 10, 10, 11, 11, 10, 10, 10, 11, 10, 10, 11, 10, 10, 11, 10, 10, 10, 11, 11, 11, 11, 11, 11, 10, 11, 10, 11, 11, 10, 11, 11, 11, 10, 11, 7, 11, 11, 11, 11, 10, 10, 11, 11, 10, 10, 10, 10, 10, 7, 7, 11, 7, 7, 10, 7, 10, 7, 7, 7, 7, 7, 11, 7] 
dagE40.txt 1234x3.txt True 0.7069767441860465 0.8 285.0 [7, 5, 5, 5, 7, 5, 5, 4, 5, 5, 5, 5, 4, 5, 5, 2, 5, 5, 5, 10, 5, 5, 5, 2, 11, 11, 11, 10, 7, 7, 10, 5, 10, 11, 11, 10, 7, 11, 10, 9, 11, 11, 11, 10, 11, 11, 10, 2, 11, 11, 10, 7, 10, 7, 10, 11, 10, 10, 10, 11, 10, 11, 9, 11, 10, 10, 11, 10, 7, 10] 
dagE40.txt 1234x3.txt True 0.8883720930232558 0.9 191.0 [4, 2, 4, 4, 4, 3, 4, 5, 2, 1, 5, 0, 3, 0, 1, 0, 2, 1, 2, 2, 1, 1, 2, 0, 8, 5, 5, 4, 6, 6, 3, 1, 10, 5, 8, 5, 6, 7, 3, 3, 8, 7, 8, 11, 6, 7, 9, 0, 8, 8, 10, 10, 9, 10, 11, 7, 11, 11, 11, 7, 7, 8, 3, 9, 9, 11, 7, 10, 11, 9] 
dagE40.txt 1234x3.txt True 0.9023255813953488 1 160.0 [7, 10, 8, 10, 7, 7, 8, 11, 10, 9, 6, 11, 4, 10, 9, 11, 10, 10, 6, 10, 9, 9, 6, 11, 9, 2, 5, 8, 8, 8, 7, 6, 5, 2, 11, 5, 8, 5, 7, 4, 4, 4, 2, 0, 6, 1, 3, 7, 2, 2, 5, 0, 4, 0, 3, 2, 1, 1, 0, 2, 5, 0, 3, 4, 3, 1, 1, 1, 0, 3] 
dagE40.txt 1234x3.txt True 0.2837209302325581 0.5 400.5 [11, 11, 11, 11, 11, 11, 11, 11, 11, 11, 11, 11, 7, 11, 11, 11, 11, 11, 11, 11, 11, 11, 11, 11, 11, 11, 11, 11, 11, 11, 11, 11, 7, 11, 11, 11, 11, 11, 11, 11, 11, 7, 11, 11, 11, 11, 7, 11, 11, 11, 7, 7, 7, 7, 11, 7, 11, 11, 11, 11, 7, 11, 11, 7, 7, 10, 10, 11, 3, 7] 
dagE40.txt 1234x3.txt True 0.5953488372093023 0.6 267.6666666666667 [11, 10, 11, 11, 11, 10, 11, 10, 10, 11, 11, 10, 10, 10, 11, 10, 10, 11, 10, 10, 11, 10, 10, 10, 11, 11, 11, 11, 11, 11, 10, 11, 10, 11, 11, 10, 11, 11, 11, 10, 11, 7, 11, 11, 11, 11, 10, 10, 11, 11, 10, 10, 10, 10, 10, 7, 7, 11, 7, 7, 10, 7, 10, 7, 7, 7, 7, 7, 11, 7] 
dagE40.txt 1234x3.txt True 0.5953488372093023 0.7 267.6666666666667 [11, 10, 11, 11, 11, 10, 11, 10, 10, 11, 11, 10, 10, 10, 11, 10, 10, 11, 10, 10, 11, 10, 10, 10, 11, 11, 11, 11, 11, 11, 10, 11, 10, 11, 11, 10, 11, 11, 11, 10, 11, 7, 11, 11, 11, 11, 10, 10, 11, 11, 10, 10, 10, 10, 10, 7, 7, 11, 7, 7, 10, 7, 10, 7, 7, 7, 7, 7, 11, 7] 
dagE40.txt 1234x3.txt True 0.7069767441860465 0.8 285.0 [7, 5, 5, 5, 7, 5, 5, 4, 5, 5, 5, 5, 4, 5, 5, 2, 5, 5, 5, 10, 5, 5, 5, 2, 11, 11, 11, 10, 7, 7, 10, 5, 10, 11, 11, 10, 7, 11, 10, 9, 11, 11, 11, 10, 11, 11, 10, 2, 11, 11, 10, 7, 10, 7, 10, 11, 10, 10, 10, 11, 10, 11, 9, 11, 10, 10, 11, 10, 7, 10] 
dagE40.txt 1234x3.txt True 0.8883720930232558 0.9 191.0 [4, 2, 4, 4, 4, 3, 4, 5, 2, 1, 5, 0, 3, 0, 1, 0, 2, 1, 2, 2, 1, 1, 2, 0, 8, 5, 5, 4, 6, 6, 3, 1, 10, 5, 8, 5, 6, 7, 3, 3, 8, 7, 8, 11, 6, 7, 9, 0, 8, 8, 10, 10, 9, 10, 11, 7, 11, 11, 11, 7, 7, 8, 3, 9, 9, 11, 7, 10, 11, 9] 
dagE40.txt 1234x3.txt True 0.9023255813953488 1 160.0 [7, 10, 8, 10, 7, 7, 8, 11, 10, 9, 6, 11, 4, 10, 9, 11, 10, 10, 6, 10, 9, 9, 6, 11, 9, 2, 5, 8, 8, 8, 7, 6, 5, 2, 11, 5, 8, 5, 7, 4, 4, 4, 2, 0, 6, 1, 3, 7, 2, 2, 5, 0, 4, 0, 3, 2, 1, 1, 0, 2, 5, 0, 3, 4, 3, 1, 1, 1, 0, 3] 
dagE40.txt 1234x3.txt True 0.2837209302325581 0.5 400.5 [11, 11, 11, 11, 11, 11, 11, 11, 11, 11, 11, 11, 7, 11, 11, 11, 11, 11, 11, 11, 11, 11, 11, 11, 11, 11, 11, 11, 11, 11, 11, 11, 7, 11, 11, 11, 11, 11, 11, 11, 11, 7, 11, 11, 11, 11, 7, 11, 11, 11, 7, 7, 7, 7, 11, 7, 11, 11, 11, 11, 7, 11, 11, 7, 7, 10, 10, 11, 3, 7] 
dagE40.txt 1234x3.txt True 0.5953488372093023 0.6 267.6666666666667 [11, 10, 11, 11, 11, 10, 11, 10, 10, 11, 11, 10, 10, 10, 11, 10, 10, 11, 10, 10, 11, 10, 10, 10, 11, 11, 11, 11, 11, 11, 10, 11, 10, 11, 11, 10, 11, 11, 11, 10, 11, 7, 11, 11, 11, 11, 10, 10, 11, 11, 10, 10, 10, 10, 10, 7, 7, 11, 7, 7, 10, 7, 10, 7, 7, 7, 7, 7, 11, 7] 
dagE40.txt 1234x3.txt True 0.5953488372093023 0.7 267.6666666666667 [11, 10, 11, 11, 11, 10, 11, 10, 10, 11, 11, 10, 10, 10, 11, 10, 10, 11, 10, 10, 11, 10, 10, 10, 11, 11, 11, 11, 11, 11, 10, 11, 10, 11, 11, 10, 11, 11, 11, 10, 11, 7, 11, 11, 11, 11, 10, 10, 11, 11, 10, 10, 10, 10, 10, 7, 7, 11, 7, 7, 10, 7, 10, 7, 7, 7, 7, 7, 11, 7] 
dagE40.txt 1234x3.txt True 0.7069767441860465 0.8 285.0 [7, 5, 5, 5, 7, 5, 5, 4, 5, 5, 5, 5, 4, 5, 5, 2, 5, 5, 5, 10, 5, 5, 5, 2, 11, 11, 11, 10, 7, 7, 10, 5, 10, 11, 11, 10, 7, 11, 10, 9, 11, 11, 11, 10, 11, 11, 10, 2, 11, 11, 10, 7, 10, 7, 10, 11, 10, 10, 10, 11, 10, 11, 9, 11, 10, 10, 11, 10, 7, 10] 
dagE40.txt 1234x3.txt True 0.8883720930232558 0.9 191.0 [4, 2, 4, 4, 4, 3, 4, 5, 2, 1, 5, 0, 3, 0, 1, 0, 2, 1, 2, 2, 1, 1, 2, 0, 8, 5, 5, 4, 6, 6, 3, 1, 10, 5, 8, 5, 6, 7, 3, 3, 8, 7, 8, 11, 6, 7, 9, 0, 8, 8, 10, 10, 9, 10, 11, 7, 11, 11, 11, 7, 7, 8, 3, 9, 9, 11, 7, 10, 11, 9] 
dagE40.txt 1234x3.txt True 0.9023255813953488 1 160.0 [7, 10, 8, 10, 7, 7, 8, 11, 10, 9, 6, 11, 4, 10, 9, 11, 10, 10, 6, 10, 9, 9, 6, 11, 9, 2, 5, 8, 8, 8, 7, 6, 5, 2, 11, 5, 8, 5, 7, 4, 4, 4, 2, 0, 6, 1, 3, 7, 2, 2, 5, 0, 4, 0, 3, 2, 1, 1, 0, 2, 5, 0, 3, 4, 3, 1, 1, 1, 0, 3] 
dagE40.txt 1234x3.txt True 0.2837209302325581 0.5 400.5 [11, 11, 11, 11, 11, 11, 11, 11, 11, 11, 11, 11, 7, 11, 11, 11, 11, 11, 11, 11, 11, 11, 11, 11, 11, 11, 11, 11, 11, 11, 11, 11, 7, 11, 11, 11, 11, 11, 11, 11, 11, 7, 11, 11, 11, 11, 7, 11, 11, 11, 7, 7, 7, 7, 11, 7, 11, 11, 11, 11, 7, 11, 11, 7, 7, 10, 10, 11, 3, 7] 
dagE40.txt 1234x3.txt True 0.5953488372093023 0.6 267.6666666666667 [11, 10, 11, 11, 11, 10, 11, 10, 10, 11, 11, 10, 10, 10, 11, 10, 10, 11, 10, 10, 11, 10, 10, 10, 11, 11, 11, 11, 11, 11, 10, 11, 10, 11, 11, 10, 11, 11, 11, 10, 11, 7, 11, 11, 11, 11, 10, 10, 11, 11, 10, 10, 10, 10, 10, 7, 7, 11, 7, 7, 10, 7, 10, 7, 7, 7, 7, 7, 11, 7] 
dagE40.txt 1234x3.txt True 0.5953488372093023 0.7 267.6666666666667 [11, 10, 11, 11, 11, 10, 11, 10, 10, 11, 11, 10, 10, 10, 11, 10, 10, 11, 10, 10, 11, 10, 10, 10, 11, 11, 11, 11, 11, 11, 10, 11, 10, 11, 11, 10, 11, 11, 11, 10, 11, 7, 11, 11, 11, 11, 10, 10, 11, 11, 10, 10, 10, 10, 10, 7, 7, 11, 7, 7, 10, 7, 10, 7, 7, 7, 7, 7, 11, 7] 
dagE40.txt 1234x3.txt True 0.7069767441860465 0.8 285.0 [7, 5, 5, 5, 7, 5, 5, 4, 5, 5, 5, 5, 4, 5, 5, 2, 5, 5, 5, 10, 5, 5, 5, 2, 11, 11, 11, 10, 7, 7, 10, 5, 10, 11, 11, 10, 7, 11, 10, 9, 11, 11, 11, 10, 11, 11, 10, 2, 11, 11, 10, 7, 10, 7, 10, 11, 10, 10, 10, 11, 10, 11, 9, 11, 10, 10, 11, 10, 7, 10] 
dagE40.txt 1234x3.txt True 0.8883720930232558 0.9 191.0 [4, 2, 4, 4, 4, 3, 4, 5, 2, 1, 5, 0, 3, 0, 1, 0, 2, 1, 2, 2, 1, 1, 2, 0, 8, 5, 5, 4, 6, 6, 3, 1, 10, 5, 8, 5, 6, 7, 3, 3, 8, 7, 8, 11, 6, 7, 9, 0, 8, 8, 10, 10, 9, 10, 11, 7, 11, 11, 11, 7, 7, 8, 3, 9, 9, 11, 7, 10, 11, 9] 
dagE40.txt 1234x3.txt True 0.9023255813953488 1 160.0 [7, 10, 8, 10, 7, 7, 8, 11, 10, 9, 6, 11, 4, 10, 9, 11, 10, 10, 6, 10, 9, 9, 6, 11, 9, 2, 5, 8, 8, 8, 7, 6, 5, 2, 11, 5, 8, 5, 7, 4, 4, 4, 2, 0, 6, 1, 3, 7, 2, 2, 5, 0, 4, 0, 3, 2, 1, 1, 0, 2, 5, 0, 3, 4, 3, 1, 1, 1, 0, 3] 
dagE40.txt 1234x3.txt True 0.2837209302325581 0.5 400.5 [11, 11, 11, 11, 11, 11, 11, 11, 11, 11, 11, 11, 7, 11, 11, 11, 11, 11, 11, 11, 11, 11, 11, 11, 11, 11, 11, 11, 11, 11, 11, 11, 7, 11, 11, 11, 11, 11, 11, 11, 11, 7, 11, 11, 11, 11, 7, 11, 11, 11, 7, 7, 7, 7, 11, 7, 11, 11, 11, 11, 7, 11, 11, 7, 7, 10, 10, 11, 3, 7] 
dagE40.txt 1234x3.txt True 0.5953488372093023 0.6 267.6666666666667 [11, 10, 11, 11, 11, 10, 11, 10, 10, 11, 11, 10, 10, 10, 11, 10, 10, 11, 10, 10, 11, 10, 10, 10, 11, 11, 11, 11, 11, 11, 10, 11, 10, 11, 11, 10, 11, 11, 11, 10, 11, 7, 11, 11, 11, 11, 10, 10, 11, 11, 10, 10, 10, 10, 10, 7, 7, 11, 7, 7, 10, 7, 10, 7, 7, 7, 7, 7, 11, 7] 
dagE40.txt 1234x3.txt True 0.5953488372093023 0.7 267.6666666666667 [11, 10, 11, 11, 11, 10, 11, 10, 10, 11, 11, 10, 10, 10, 11, 10, 10, 11, 10, 10, 11, 10, 10, 10, 11, 11, 11, 11, 11, 11, 10, 11, 10, 11, 11, 10, 11, 11, 11, 10, 11, 7, 11, 11, 11, 11, 10, 10, 11, 11, 10, 10, 10, 10, 10, 7, 7, 11, 7, 7, 10, 7, 10, 7, 7, 7, 7, 7, 11, 7] 
dagE40.txt 1234x3.txt True 0.7069767441860465 0.8 285.0 [7, 5, 5, 5, 7, 5, 5, 4, 5, 5, 5, 5, 4, 5, 5, 2, 5, 5, 5, 10, 5, 5, 5, 2, 11, 11, 11, 10, 7, 7, 10, 5, 10, 11, 11, 10, 7, 11, 10, 9, 11, 11, 11, 10, 11, 11, 10, 2, 11, 11, 10, 7, 10, 7, 10, 11, 10, 10, 10, 11, 10, 11, 9, 11, 10, 10, 11, 10, 7, 10] 
dagE40.txt 1234x3.txt True 0.8883720930232558 0.9 191.0 [4, 2, 4, 4, 4, 3, 4, 5, 2, 1, 5, 0, 3, 0, 1, 0, 2, 1, 2, 2, 1, 1, 2, 0, 8, 5, 5, 4, 6, 6, 3, 1, 10, 5, 8, 5, 6, 7, 3, 3, 8, 7, 8, 11, 6, 7, 9, 0, 8, 8, 10, 10, 9, 10, 11, 7, 11, 11, 11, 7, 7, 8, 3, 9, 9, 11, 7, 10, 11, 9] 
dagE40.txt 1234x3.txt True 0.9023255813953488 1 160.0 [7, 10, 8, 10, 7, 7, 8, 11, 10, 9, 6, 11, 4, 10, 9, 11, 10, 10, 6, 10, 9, 9, 6, 11, 9, 2, 5, 8, 8, 8, 7, 6, 5, 2, 11, 5, 8, 5, 7, 4, 4, 4, 2, 0, 6, 1, 3, 7, 2, 2, 5, 0, 4, 0, 3, 2, 1, 1, 0, 2, 5, 0, 3, 4, 3, 1, 1, 1, 0, 3] 
