dagF18.txt 3_2x4.txt True 0.02304147465437788 0.07 523.25 [7, 7, 7, 7, 7, 7, 7, 7, 7, 7, 7, 7, 7, 7, 7, 7, 7, 7, 7, 7, 7, 7, 7, 7, 7, 7, 7, 7, 7, 7, 7, 7, 7, 7, 7, 7, 7, 7, 7, 7, 7, 7, 7, 7, 7, 7, 7, 7, 7, 7, 7, 7, 7, 4, 7, 7, 7, 7, 7, 7, 7, 7, 7, 7, 7, 7, 7, 7, 7, 7, 7, 7, 7, 4, 7] 
dagF18.txt 3_2x4.txt True 0.02304147465437788 0.1 523.25 [7, 7, 7, 7, 7, 7, 7, 7, 7, 7, 7, 7, 7, 7, 7, 7, 7, 7, 7, 7, 7, 7, 7, 7, 7, 7, 7, 7, 7, 7, 7, 7, 7, 7, 7, 7, 7, 7, 7, 7, 7, 7, 7, 7, 7, 7, 7, 7, 7, 7, 7, 7, 7, 4, 7, 7, 7, 7, 7, 7, 7, 7, 7, 7, 7, 7, 7, 7, 7, 7, 7, 7, 7, 4, 7] 
dagF18.txt 3_2x4.txt True 0.02304147465437788 0.15 523.25 [7, 7, 7, 7, 7, 7, 7, 7, 7, 7, 7, 7, 7, 7, 7, 7, 7, 7, 7, 7, 7, 7, 7, 7, 7, 7, 7, 7, 7, 7, 7, 7, 7, 7, 7, 7, 7, 7, 7, 7, 7, 7, 7, 7, 7, 7, 7, 7, 7, 7, 7, 7, 7, 4, 7, 7, 7, 7, 7, 7, 7, 7, 7, 7, 7, 7, 7, 7, 7, 7, 7, 7, 7, 4, 7] 
dagF18.txt 3_2x4.txt True 0.16129032258064516 0.2 478.25 [7, 7, 7, 7, 1, 7, 7, 7, 7, 7, 7, 7, 7, 7, 7, 7, 7, 7, 7, 7, 7, 7, 7, 7, 7, 7, 7, 7, 7, 7, 7, 7, 7, 7, 7, 7, 7, 7, 7, 7, 7, 7, 7, 7, 7, 7, 7, 7, 1, 7, 7, 7, 7, 4, 7, 4, 7, 7, 7, 7, 7, 7, 7, 4, 4, 7, 7, 7, 7, 7, 7, 7, 4, 7, 7] 
dagF18.txt 3_2x4.txt True 0.20276497695852536 0.3 655.0 [7, 7, 7, 7, 7, 7, 7, 7, 7, 7, 7, 7, 7, 7, 2, 7, 7, 7, 7, 7, 7, 7, 7, 7, 7, 7, 7, 7, 7, 7, 7, 7, 7, 7, 2, 2, 7, 2, 2, 7, 2, 7, 7, 7, 7, 2, 2, 7, 7, 7, 7, 2, 7, 2, 2, 7, 2, 2, 2, 5, 2, 2, 7, 5, 2, 6, 2, 2, 6, 2, 2, 7, 2, 2, 2] 
dagF18.txt 3_2x4.txt True 0.3640552995391705 0.4 199.25 [3, 1, 3, 3, 2, 3, 3, 3, 2, 1, 3, 3, 3, 3, 6, 3, 3, 3, 3, 3, 3, 3, 3, 1, 3, 3, 3, 3, 3, 4, 3, 3, 0, 7, 4, 6, 4, 7, 3, 0, 6, 3, 7, 7, 4, 7, 7, 7, 5, 7, 7, 0, 5, 7, 7, 7, 7, 7, 7, 3, 7, 7, 7, 7, 7, 7, 7, 7, 7, 5, 7, 7, 7, 7, 7] 
dagF18.txt 3_2x4.txt True 0.4792626728110599 0.5 298.0 [5, 7, 6, 6, 5, 6, 6, 5, 5, 5, 6, 6, 7, 6, 4, 7, 7, 6, 5, 6, 0, 7, 0, 5, 5, 7, 7, 6, 0, 4, 7, 7, 0, 1, 4, 4, 4, 2, 0, 0, 4, 0, 1, 1, 4, 2, 1, 1, 3, 1, 0, 0, 3, 3, 3, 0, 2, 2, 3, 3, 2, 2, 1, 3, 2, 2, 2, 1, 2, 3, 2, 1, 3, 3, 3] 
dagF18.txt 3_2x4.txt True 0.5069124423963134 0.6 267.0 [2, 1, 0, 0, 1, 0, 0, 2, 1, 1, 0, 0, 1, 0, 3, 2, 2, 1, 1, 0, 2, 3, 4, 1, 2, 2, 2, 0, 4, 3, 2, 4, 2, 6, 3, 3, 3, 7, 4, 4, 3, 4, 5, 7, 3, 7, 6, 5, 6, 5, 4, 4, 6, 6, 4, 4, 7, 7, 5, 5, 7, 7, 7, 5, 7, 6, 7, 6, 6, 6, 7, 5, 5, 5, 6] 
dagF18.txt 3_2x4.txt True 0.5069124423963134 0.7 267.0 [2, 1, 0, 0, 1, 0, 0, 2, 1, 1, 0, 0, 1, 0, 3, 2, 2, 1, 1, 0, 2, 3, 4, 1, 2, 2, 2, 0, 4, 3, 2, 4, 2, 6, 3, 3, 3, 7, 4, 4, 3, 4, 5, 7, 3, 7, 6, 5, 6, 5, 4, 4, 6, 6, 4, 4, 7, 7, 5, 5, 7, 7, 7, 5, 7, 6, 7, 6, 6, 6, 7, 5, 5, 5, 6] 
dagF18.txt 3_2x4.txt True 0.5069124423963134 1 267.0 [2, 1, 0, 0, 1, 0, 0, 2, 1, 1, 0, 0, 1, 0, 3, 2, 2, 1, 1, 0, 2, 3, 4, 1, 2, 2, 2, 0, 4, 3, 2, 4, 2, 6, 3, 3, 3, 7, 4, 4, 3, 4, 5, 7, 3, 7, 6, 5, 6, 5, 4, 4, 6, 6, 4, 4, 7, 7, 5, 5, 7, 7, 7, 5, 7, 6, 7, 6, 6, 6, 7, 5, 5, 5, 6] 
dagF18.txt 3_2x2.txt True 0.06912442396313365 0.07 977.5 [3, 3, 3, 3, 2, 3, 3, 3, 3, 2, 3, 3, 3, 3, 3, 3, 3, 3, 3, 3, 3, 3, 3, 3, 3, 3, 3, 3, 3, 3, 3, 3, 3, 3, 3, 3, 3, 3, 3, 3, 3, 3, 3, 3, 3, 0, 3, 3, 3, 3, 3, 3, 3, 3, 3, 3, 3, 3, 3, 3, 3, 3, 3, 3, 3, 0, 3, 3, 0, 3, 3, 3, 3, 3, 3] 
dagF18.txt 3_2x2.txt True 0.06912442396313365 0.1 977.5 [3, 3, 3, 3, 2, 3, 3, 3, 3, 2, 3, 3, 3, 3, 3, 3, 3, 3, 3, 3, 3, 3, 3, 3, 3, 3, 3, 3, 3, 3, 3, 3, 3, 3, 3, 3, 3, 3, 3, 3, 3, 3, 3, 3, 3, 0, 3, 3, 3, 3, 3, 3, 3, 3, 3, 3, 3, 3, 3, 3, 3, 3, 3, 3, 3, 0, 3, 3, 0, 3, 3, 3, 3, 3, 3] 
dagF18.txt 3_2x2.txt True 0.06912442396313365 0.15 977.5 [3, 3, 3, 3, 2, 3, 3, 3, 3, 2, 3, 3, 3, 3, 3, 3, 3, 3, 3, 3, 3, 3, 3, 3, 3, 3, 3, 3, 3, 3, 3, 3, 3, 3, 3, 3, 3, 3, 3, 3, 3, 3, 3, 3, 3, 0, 3, 3, 3, 3, 3, 3, 3, 3, 3, 3, 3, 3, 3, 3, 3, 3, 3, 3, 3, 0, 3, 3, 0, 3, 3, 3, 3, 3, 3] 
dagF18.txt 3_2x2.txt True 0.17972350230414746 0.2 806.0 [3, 3, 3, 3, 2, 3, 3, 2, 3, 2, 3, 3, 3, 3, 2, 3, 3, 3, 3, 3, 3, 3, 3, 2, 3, 3, 3, 3, 3, 3, 3, 3, 3, 3, 3, 2, 3, 0, 3, 3, 2, 3, 3, 3, 3, 0, 3, 3, 3, 3, 3, 3, 3, 3, 3, 3, 0, 3, 3, 3, 0, 0, 3, 3, 0, 0, 0, 3, 0, 3, 0, 3, 3, 3, 3] 
dagF18.txt 3_2x2.txt True 0.2995391705069124 0.3 324.0 [0, 0, 0, 0, 0, 0, 0, 0, 0, 1, 0, 0, 0, 0, 1, 0, 0, 0, 0, 0, 2, 1, 2, 1, 0, 0, 1, 0, 3, 1, 0, 3, 1, 2, 1, 1, 1, 3, 2, 1, 1, 2, 2, 2, 1, 3, 2, 2, 3, 2, 2, 3, 3, 3, 3, 2, 3, 3, 3, 3, 3, 3, 2, 3, 3, 3, 3, 2, 3, 3, 3, 2, 3, 3, 3] 
dagF18.txt 3_2x2.txt True 0.3548387096774194 0.4 265.5 [2, 2, 2, 2, 2, 2, 2, 2, 2, 2, 3, 2, 2, 2, 0, 3, 3, 2, 2, 2, 0, 3, 1, 2, 3, 3, 3, 3, 1, 0, 3, 1, 3, 1, 0, 0, 0, 0, 0, 1, 0, 3, 3, 0, 3, 0, 3, 3, 1, 3, 1, 1, 1, 1, 1, 3, 0, 0, 1, 1, 0, 0, 3, 1, 0, 0, 0, 1, 0, 1, 1, 3, 1, 1, 1] 
dagF18.txt 3_2x2.txt True 0.3548387096774194 0.5 265.5 [2, 2, 2, 2, 2, 2, 2, 2, 2, 2, 3, 2, 2, 2, 0, 3, 3, 2, 2, 2, 0, 3, 1, 2, 3, 3, 3, 3, 1, 0, 3, 1, 3, 1, 0, 0, 0, 0, 0, 1, 0, 3, 3, 0, 3, 0, 3, 3, 1, 3, 1, 1, 1, 1, 1, 3, 0, 0, 1, 1, 0, 0, 3, 1, 0, 0, 0, 1, 0, 1, 1, 3, 1, 1, 1] 
dagF18.txt 3_2x2.txt True 0.3548387096774194 0.6 265.5 [2, 2, 2, 2, 2, 2, 2, 2, 2, 2, 3, 2, 2, 2, 0, 3, 3, 2, 2, 2, 0, 3, 1, 2, 3, 3, 3, 3, 1, 0, 3, 1, 3, 1, 0, 0, 0, 0, 0, 1, 0, 3, 3, 0, 3, 0, 3, 3, 1, 3, 1, 1, 1, 1, 1, 3, 0, 0, 1, 1, 0, 0, 3, 1, 0, 0, 0, 1, 0, 1, 1, 3, 1, 1, 1] 
dagF18.txt 3_2x2.txt True 0.3548387096774194 0.7 265.5 [2, 2, 2, 2, 2, 2, 2, 2, 2, 2, 3, 2, 2, 2, 0, 3, 3, 2, 2, 2, 0, 3, 1, 2, 3, 3, 3, 3, 1, 0, 3, 1, 3, 1, 0, 0, 0, 0, 0, 1, 0, 3, 3, 0, 3, 0, 3, 3, 1, 3, 1, 1, 1, 1, 1, 3, 0, 0, 1, 1, 0, 0, 3, 1, 0, 0, 0, 1, 0, 1, 1, 3, 1, 1, 1] 
dagF18.txt 3_2x2.txt True 0.3548387096774194 1 265.5 [2, 2, 2, 2, 2, 2, 2, 2, 2, 2, 3, 2, 2, 2, 0, 3, 3, 2, 2, 2, 0, 3, 1, 2, 3, 3, 3, 3, 1, 0, 3, 1, 3, 1, 0, 0, 0, 0, 0, 1, 0, 3, 3, 0, 3, 0, 3, 3, 1, 3, 1, 1, 1, 1, 1, 3, 0, 0, 1, 1, 0, 0, 3, 1, 0, 0, 0, 1, 0, 1, 1, 3, 1, 1, 1] 
dagF18.txt 3_2x1.txt True 0.03686635944700461 0.07 1022.0 [1, 1, 1, 1, 1, 1, 1, 1, 1, 1, 1, 1, 1, 1, 1, 1, 1, 1, 1, 1, 1, 1, 1, 1, 1, 1, 1, 1, 1, 1, 1, 1, 1, 1, 1, 1, 1, 1, 1, 1, 1, 1, 1, 1, 1, 0, 1, 1, 1, 1, 1, 1, 1, 1, 1, 1, 1, 1, 1, 1, 1, 1, 1, 1, 1, 0, 1, 1, 0, 1, 1, 1, 1, 1, 1] 
dagF18.txt 3_2x1.txt True 0.03686635944700461 0.1 1022.0 [1, 1, 1, 1, 1, 1, 1, 1, 1, 1, 1, 1, 1, 1, 1, 1, 1, 1, 1, 1, 1, 1, 1, 1, 1, 1, 1, 1, 1, 1, 1, 1, 1, 1, 1, 1, 1, 1, 1, 1, 1, 1, 1, 1, 1, 0, 1, 1, 1, 1, 1, 1, 1, 1, 1, 1, 1, 1, 1, 1, 1, 1, 1, 1, 1, 0, 1, 1, 0, 1, 1, 1, 1, 1, 1] 
dagF18.txt 3_2x1.txt True 0.14746543778801843 0.15 530.0 [1, 1, 1, 1, 1, 1, 1, 1, 1, 1, 1, 1, 1, 1, 1, 1, 1, 1, 1, 1, 1, 1, 0, 1, 1, 1, 1, 1, 0, 1, 1, 0, 1, 0, 1, 1, 1, 0, 0, 0, 1, 0, 0, 0, 1, 0, 0, 0, 0, 0, 0, 0, 0, 0, 0, 0, 0, 0, 0, 0, 0, 0, 0, 0, 0, 0, 0, 0, 0, 0, 0, 0, 0, 0, 0] 
dagF18.txt 3_2x1.txt True 0.17511520737327188 0.2 532.5 [0, 0, 0, 0, 0, 0, 0, 0, 0, 0, 0, 0, 0, 0, 0, 0, 0, 0, 0, 0, 0, 0, 1, 0, 0, 0, 1, 0, 0, 0, 0, 1, 0, 1, 1, 0, 0, 1, 1, 1, 0, 1, 1, 1, 0, 1, 1, 1, 1, 1, 1, 1, 1, 1, 1, 1, 0, 1, 1, 1, 1, 1, 1, 1, 1, 1, 1, 1, 1, 1, 0, 1, 1, 1, 1] 
dagF18.txt 3_2x1.txt True 0.17511520737327188 0.3 532.5 [0, 0, 0, 0, 0, 0, 0, 0, 0, 0, 0, 0, 0, 0, 0, 0, 0, 0, 0, 0, 0, 0, 1, 0, 0, 0, 1, 0, 0, 0, 0, 1, 0, 1, 1, 0, 0, 1, 1, 1, 0, 1, 1, 1, 0, 1, 1, 1, 1, 1, 1, 1, 1, 1, 1, 1, 0, 1, 1, 1, 1, 1, 1, 1, 1, 1, 1, 1, 1, 1, 0, 1, 1, 1, 1] 
dagF18.txt 3_2x1.txt True 0.17511520737327188 0.4 532.5 [0, 0, 0, 0, 0, 0, 0, 0, 0, 0, 0, 0, 0, 0, 0, 0, 0, 0, 0, 0, 0, 0, 1, 0, 0, 0, 1, 0, 0, 0, 0, 1, 0, 1, 1, 0, 0, 1, 1, 1, 0, 1, 1, 1, 0, 1, 1, 1, 1, 1, 1, 1, 1, 1, 1, 1, 0, 1, 1, 1, 1, 1, 1, 1, 1, 1, 1, 1, 1, 1, 0, 1, 1, 1, 1] 
dagF18.txt 3_2x1.txt True 0.17511520737327188 0.5 532.5 [0, 0, 0, 0, 0, 0, 0, 0, 0, 0, 0, 0, 0, 0, 0, 0, 0, 0, 0, 0, 0, 0, 1, 0, 0, 0, 1, 0, 0, 0, 0, 1, 0, 1, 1, 0, 0, 1, 1, 1, 0, 1, 1, 1, 0, 1, 1, 1, 1, 1, 1, 1, 1, 1, 1, 1, 0, 1, 1, 1, 1, 1, 1, 1, 1, 1, 1, 1, 1, 1, 0, 1, 1, 1, 1] 
dagF18.txt 3_2x1.txt True 0.17511520737327188 0.6 532.5 [0, 0, 0, 0, 0, 0, 0, 0, 0, 0, 0, 0, 0, 0, 0, 0, 0, 0, 0, 0, 0, 0, 1, 0, 0, 0, 1, 0, 0, 0, 0, 1, 0, 1, 1, 0, 0, 1, 1, 1, 0, 1, 1, 1, 0, 1, 1, 1, 1, 1, 1, 1, 1, 1, 1, 1, 0, 1, 1, 1, 1, 1, 1, 1, 1, 1, 1, 1, 1, 1, 0, 1, 1, 1, 1] 
dagF18.txt 3_2x1.txt True 0.17511520737327188 0.7 532.5 [0, 0, 0, 0, 0, 0, 0, 0, 0, 0, 0, 0, 0, 0, 0, 0, 0, 0, 0, 0, 0, 0, 1, 0, 0, 0, 1, 0, 0, 0, 0, 1, 0, 1, 1, 0, 0, 1, 1, 1, 0, 1, 1, 1, 0, 1, 1, 1, 1, 1, 1, 1, 1, 1, 1, 1, 0, 1, 1, 1, 1, 1, 1, 1, 1, 1, 1, 1, 1, 1, 0, 1, 1, 1, 1] 
dagF18.txt 3_2x1.txt True 0.17511520737327188 1 532.5 [0, 0, 0, 0, 0, 0, 0, 0, 0, 0, 0, 0, 0, 0, 0, 0, 0, 0, 0, 0, 0, 0, 1, 0, 0, 0, 1, 0, 0, 0, 0, 1, 0, 1, 1, 0, 0, 1, 1, 1, 0, 1, 1, 1, 0, 1, 1, 1, 1, 1, 1, 1, 1, 1, 1, 1, 0, 1, 1, 1, 1, 1, 1, 1, 1, 1, 1, 1, 1, 1, 0, 1, 1, 1, 1] 
