dagH26.txt 1234x1.txt True 0.4090909090909091 0.5 386.0 [1, 1, 1, 1, 1, 1, 1, 1, 0, 1, 1, 0, 0, 1, 1, 0, 1, 1, 1, 1, 1, 1, 1, 2, 0, 1, 1, 1, 1, 1, 3, 3, 3, 3, 3, 1, 3, 3, 2, 3, 3, 3, 3, 3, 3, 3, 3, 2, 3, 3, 2, 2, 3, 3, 3, 3, 3, 3, 3, 3, 3, 3, 2, 3, 3, 3, 2, 3, 3, 3, 3, 2, 3, 3, 3, 3, 2, 3, 3, 3, 3, 3, 3, 3, 3] 
dagH26.txt 1234x1.txt True 0.571969696969697 0.6 691.0 [0, 0, 0, 1, 0, 1, 1, 0, 0, 0, 0, 0, 0, 0, 0, 0, 0, 0, 0, 0, 0, 0, 0, 0, 0, 1, 1, 1, 1, 1, 2, 2, 2, 2, 1, 0, 1, 1, 2, 2, 2, 2, 2, 3, 2, 2, 2, 2, 2, 2, 3, 3, 2, 2, 3, 3, 2, 2, 2, 3, 2, 3, 3, 3, 3, 2, 2, 3, 2, 3, 2, 2, 2, 2, 2, 3, 3, 2, 3, 3, 1, 2, 2, 2, 2] 
dagH26.txt 1234x1.txt True 0.678030303030303 0.7 623.0 [3, 3, 2, 3, 2, 3, 3, 3, 2, 2, 2, 2, 2, 2, 2, 0, 2, 2, 2, 2, 2, 2, 0, 2, 2, 2, 3, 2, 3, 3, 0, 3, 0, 0, 3, 2, 3, 3, 1, 0, 1, 0, 0, 1, 0, 0, 0, 3, 0, 0, 1, 1, 3, 0, 1, 1, 0, 1, 3, 1, 0, 0, 1, 1, 1, 0, 1, 1, 1, 0, 0, 0, 0, 0, 1, 1, 1, 1, 1, 1, 3, 1, 3, 3, 3] 
dagH26.txt 1234x1.txt True 0.678030303030303 0.8 623.0 [3, 3, 2, 3, 2, 3, 3, 3, 2, 2, 2, 2, 2, 2, 2, 0, 2, 2, 2, 2, 2, 2, 0, 2, 2, 2, 3, 2, 3, 3, 0, 3, 0, 0, 3, 2, 3, 3, 1, 0, 1, 0, 0, 1, 0, 0, 0, 3, 0, 0, 1, 1, 3, 0, 1, 1, 0, 1, 3, 1, 0, 0, 1, 1, 1, 0, 1, 1, 1, 0, 0, 0, 0, 0, 1, 1, 1, 1, 1, 1, 3, 1, 3, 3, 3] 
dagH26.txt 1234x1.txt True 0.678030303030303 0.9 623.0 [3, 3, 2, 3, 2, 3, 3, 3, 2, 2, 2, 2, 2, 2, 2, 0, 2, 2, 2, 2, 2, 2, 0, 2, 2, 2, 3, 2, 3, 3, 0, 3, 0, 0, 3, 2, 3, 3, 1, 0, 1, 0, 0, 1, 0, 0, 0, 3, 0, 0, 1, 1, 3, 0, 1, 1, 0, 1, 3, 1, 0, 0, 1, 1, 1, 0, 1, 1, 1, 0, 0, 0, 0, 0, 1, 1, 1, 1, 1, 1, 3, 1, 3, 3, 3] 
dagH26.txt 1234x1.txt True 0.678030303030303 1 623.0 [3, 3, 2, 3, 2, 3, 3, 3, 2, 2, 2, 2, 2, 2, 2, 0, 2, 2, 2, 2, 2, 2, 0, 2, 2, 2, 3, 2, 3, 3, 0, 3, 0, 0, 3, 2, 3, 3, 1, 0, 1, 0, 0, 1, 0, 0, 0, 3, 0, 0, 1, 1, 3, 0, 1, 1, 0, 1, 3, 1, 0, 0, 1, 1, 1, 0, 1, 1, 1, 0, 0, 0, 0, 0, 1, 1, 1, 1, 1, 1, 3, 1, 3, 3, 3] 
dagH26.txt 1234x1.txt True 0.4090909090909091 0.5 386.0 [1, 1, 1, 1, 1, 1, 1, 1, 0, 1, 1, 0, 0, 1, 1, 0, 1, 1, 1, 1, 1, 1, 1, 2, 0, 1, 1, 1, 1, 1, 3, 3, 3, 3, 3, 1, 3, 3, 2, 3, 3, 3, 3, 3, 3, 3, 3, 2, 3, 3, 2, 2, 3, 3, 3, 3, 3, 3, 3, 3, 3, 3, 2, 3, 3, 3, 2, 3, 3, 3, 3, 2, 3, 3, 3, 3, 2, 3, 3, 3, 3, 3, 3, 3, 3] 
dagH26.txt 1234x1.txt True 0.571969696969697 0.6 691.0 [0, 0, 0, 1, 0, 1, 1, 0, 0, 0, 0, 0, 0, 0, 0, 0, 0, 0, 0, 0, 0, 0, 0, 0, 0, 1, 1, 1, 1, 1, 2, 2, 2, 2, 1, 0, 1, 1, 2, 2, 2, 2, 2, 3, 2, 2, 2, 2, 2, 2, 3, 3, 2, 2, 3, 3, 2, 2, 2, 3, 2, 3, 3, 3, 3, 2, 2, 3, 2, 3, 2, 2, 2, 2, 2, 3, 3, 2, 3, 3, 1, 2, 2, 2, 2] 
dagH26.txt 1234x1.txt True 0.678030303030303 0.7 623.0 [3, 3, 2, 3, 2, 3, 3, 3, 2, 2, 2, 2, 2, 2, 2, 0, 2, 2, 2, 2, 2, 2, 0, 2, 2, 2, 3, 2, 3, 3, 0, 3, 0, 0, 3, 2, 3, 3, 1, 0, 1, 0, 0, 1, 0, 0, 0, 3, 0, 0, 1, 1, 3, 0, 1, 1, 0, 1, 3, 1, 0, 0, 1, 1, 1, 0, 1, 1, 1, 0, 0, 0, 0, 0, 1, 1, 1, 1, 1, 1, 3, 1, 3, 3, 3] 
dagH26.txt 1234x1.txt True 0.678030303030303 0.8 623.0 [3, 3, 2, 3, 2, 3, 3, 3, 2, 2, 2, 2, 2, 2, 2, 0, 2, 2, 2, 2, 2, 2, 0, 2, 2, 2, 3, 2, 3, 3, 0, 3, 0, 0, 3, 2, 3, 3, 1, 0, 1, 0, 0, 1, 0, 0, 0, 3, 0, 0, 1, 1, 3, 0, 1, 1, 0, 1, 3, 1, 0, 0, 1, 1, 1, 0, 1, 1, 1, 0, 0, 0, 0, 0, 1, 1, 1, 1, 1, 1, 3, 1, 3, 3, 3] 
dagH26.txt 1234x1.txt True 0.678030303030303 0.9 623.0 [3, 3, 2, 3, 2, 3, 3, 3, 2, 2, 2, 2, 2, 2, 2, 0, 2, 2, 2, 2, 2, 2, 0, 2, 2, 2, 3, 2, 3, 3, 0, 3, 0, 0, 3, 2, 3, 3, 1, 0, 1, 0, 0, 1, 0, 0, 0, 3, 0, 0, 1, 1, 3, 0, 1, 1, 0, 1, 3, 1, 0, 0, 1, 1, 1, 0, 1, 1, 1, 0, 0, 0, 0, 0, 1, 1, 1, 1, 1, 1, 3, 1, 3, 3, 3] 
dagH26.txt 1234x1.txt True 0.678030303030303 1 623.0 [3, 3, 2, 3, 2, 3, 3, 3, 2, 2, 2, 2, 2, 2, 2, 0, 2, 2, 2, 2, 2, 2, 0, 2, 2, 2, 3, 2, 3, 3, 0, 3, 0, 0, 3, 2, 3, 3, 1, 0, 1, 0, 0, 1, 0, 0, 0, 3, 0, 0, 1, 1, 3, 0, 1, 1, 0, 1, 3, 1, 0, 0, 1, 1, 1, 0, 1, 1, 1, 0, 0, 0, 0, 0, 1, 1, 1, 1, 1, 1, 3, 1, 3, 3, 3] 
dagH26.txt 1234x1.txt True 0.4090909090909091 0.5 386.0 [1, 1, 1, 1, 1, 1, 1, 1, 0, 1, 1, 0, 0, 1, 1, 0, 1, 1, 1, 1, 1, 1, 1, 2, 0, 1, 1, 1, 1, 1, 3, 3, 3, 3, 3, 1, 3, 3, 2, 3, 3, 3, 3, 3, 3, 3, 3, 2, 3, 3, 2, 2, 3, 3, 3, 3, 3, 3, 3, 3, 3, 3, 2, 3, 3, 3, 2, 3, 3, 3, 3, 2, 3, 3, 3, 3, 2, 3, 3, 3, 3, 3, 3, 3, 3] 
dagH26.txt 1234x1.txt True 0.571969696969697 0.6 691.0 [0, 0, 0, 1, 0, 1, 1, 0, 0, 0, 0, 0, 0, 0, 0, 0, 0, 0, 0, 0, 0, 0, 0, 0, 0, 1, 1, 1, 1, 1, 2, 2, 2, 2, 1, 0, 1, 1, 2, 2, 2, 2, 2, 3, 2, 2, 2, 2, 2, 2, 3, 3, 2, 2, 3, 3, 2, 2, 2, 3, 2, 3, 3, 3, 3, 2, 2, 3, 2, 3, 2, 2, 2, 2, 2, 3, 3, 2, 3, 3, 1, 2, 2, 2, 2] 
dagH26.txt 1234x1.txt True 0.678030303030303 0.7 623.0 [3, 3, 2, 3, 2, 3, 3, 3, 2, 2, 2, 2, 2, 2, 2, 0, 2, 2, 2, 2, 2, 2, 0, 2, 2, 2, 3, 2, 3, 3, 0, 3, 0, 0, 3, 2, 3, 3, 1, 0, 1, 0, 0, 1, 0, 0, 0, 3, 0, 0, 1, 1, 3, 0, 1, 1, 0, 1, 3, 1, 0, 0, 1, 1, 1, 0, 1, 1, 1, 0, 0, 0, 0, 0, 1, 1, 1, 1, 1, 1, 3, 1, 3, 3, 3] 
dagH26.txt 1234x1.txt True 0.678030303030303 0.8 623.0 [3, 3, 2, 3, 2, 3, 3, 3, 2, 2, 2, 2, 2, 2, 2, 0, 2, 2, 2, 2, 2, 2, 0, 2, 2, 2, 3, 2, 3, 3, 0, 3, 0, 0, 3, 2, 3, 3, 1, 0, 1, 0, 0, 1, 0, 0, 0, 3, 0, 0, 1, 1, 3, 0, 1, 1, 0, 1, 3, 1, 0, 0, 1, 1, 1, 0, 1, 1, 1, 0, 0, 0, 0, 0, 1, 1, 1, 1, 1, 1, 3, 1, 3, 3, 3] 
dagH26.txt 1234x1.txt True 0.678030303030303 0.9 623.0 [3, 3, 2, 3, 2, 3, 3, 3, 2, 2, 2, 2, 2, 2, 2, 0, 2, 2, 2, 2, 2, 2, 0, 2, 2, 2, 3, 2, 3, 3, 0, 3, 0, 0, 3, 2, 3, 3, 1, 0, 1, 0, 0, 1, 0, 0, 0, 3, 0, 0, 1, 1, 3, 0, 1, 1, 0, 1, 3, 1, 0, 0, 1, 1, 1, 0, 1, 1, 1, 0, 0, 0, 0, 0, 1, 1, 1, 1, 1, 1, 3, 1, 3, 3, 3] 
dagH26.txt 1234x1.txt True 0.678030303030303 1 623.0 [3, 3, 2, 3, 2, 3, 3, 3, 2, 2, 2, 2, 2, 2, 2, 0, 2, 2, 2, 2, 2, 2, 0, 2, 2, 2, 3, 2, 3, 3, 0, 3, 0, 0, 3, 2, 3, 3, 1, 0, 1, 0, 0, 1, 0, 0, 0, 3, 0, 0, 1, 1, 3, 0, 1, 1, 0, 1, 3, 1, 0, 0, 1, 1, 1, 0, 1, 1, 1, 0, 0, 0, 0, 0, 1, 1, 1, 1, 1, 1, 3, 1, 3, 3, 3] 
dagH26.txt 1234x1.txt True 0.4090909090909091 0.5 386.0 [1, 1, 1, 1, 1, 1, 1, 1, 0, 1, 1, 0, 0, 1, 1, 0, 1, 1, 1, 1, 1, 1, 1, 2, 0, 1, 1, 1, 1, 1, 3, 3, 3, 3, 3, 1, 3, 3, 2, 3, 3, 3, 3, 3, 3, 3, 3, 2, 3, 3, 2, 2, 3, 3, 3, 3, 3, 3, 3, 3, 3, 3, 2, 3, 3, 3, 2, 3, 3, 3, 3, 2, 3, 3, 3, 3, 2, 3, 3, 3, 3, 3, 3, 3, 3] 
dagH26.txt 1234x1.txt True 0.571969696969697 0.6 691.0 [0, 0, 0, 1, 0, 1, 1, 0, 0, 0, 0, 0, 0, 0, 0, 0, 0, 0, 0, 0, 0, 0, 0, 0, 0, 1, 1, 1, 1, 1, 2, 2, 2, 2, 1, 0, 1, 1, 2, 2, 2, 2, 2, 3, 2, 2, 2, 2, 2, 2, 3, 3, 2, 2, 3, 3, 2, 2, 2, 3, 2, 3, 3, 3, 3, 2, 2, 3, 2, 3, 2, 2, 2, 2, 2, 3, 3, 2, 3, 3, 1, 2, 2, 2, 2] 
dagH26.txt 1234x1.txt True 0.678030303030303 0.7 623.0 [3, 3, 2, 3, 2, 3, 3, 3, 2, 2, 2, 2, 2, 2, 2, 0, 2, 2, 2, 2, 2, 2, 0, 2, 2, 2, 3, 2, 3, 3, 0, 3, 0, 0, 3, 2, 3, 3, 1, 0, 1, 0, 0, 1, 0, 0, 0, 3, 0, 0, 1, 1, 3, 0, 1, 1, 0, 1, 3, 1, 0, 0, 1, 1, 1, 0, 1, 1, 1, 0, 0, 0, 0, 0, 1, 1, 1, 1, 1, 1, 3, 1, 3, 3, 3] 
dagH26.txt 1234x1.txt True 0.678030303030303 0.8 623.0 [3, 3, 2, 3, 2, 3, 3, 3, 2, 2, 2, 2, 2, 2, 2, 0, 2, 2, 2, 2, 2, 2, 0, 2, 2, 2, 3, 2, 3, 3, 0, 3, 0, 0, 3, 2, 3, 3, 1, 0, 1, 0, 0, 1, 0, 0, 0, 3, 0, 0, 1, 1, 3, 0, 1, 1, 0, 1, 3, 1, 0, 0, 1, 1, 1, 0, 1, 1, 1, 0, 0, 0, 0, 0, 1, 1, 1, 1, 1, 1, 3, 1, 3, 3, 3] 
dagH26.txt 1234x1.txt True 0.678030303030303 0.9 623.0 [3, 3, 2, 3, 2, 3, 3, 3, 2, 2, 2, 2, 2, 2, 2, 0, 2, 2, 2, 2, 2, 2, 0, 2, 2, 2, 3, 2, 3, 3, 0, 3, 0, 0, 3, 2, 3, 3, 1, 0, 1, 0, 0, 1, 0, 0, 0, 3, 0, 0, 1, 1, 3, 0, 1, 1, 0, 1, 3, 1, 0, 0, 1, 1, 1, 0, 1, 1, 1, 0, 0, 0, 0, 0, 1, 1, 1, 1, 1, 1, 3, 1, 3, 3, 3] 
dagH26.txt 1234x1.txt True 0.678030303030303 1 623.0 [3, 3, 2, 3, 2, 3, 3, 3, 2, 2, 2, 2, 2, 2, 2, 0, 2, 2, 2, 2, 2, 2, 0, 2, 2, 2, 3, 2, 3, 3, 0, 3, 0, 0, 3, 2, 3, 3, 1, 0, 1, 0, 0, 1, 0, 0, 0, 3, 0, 0, 1, 1, 3, 0, 1, 1, 0, 1, 3, 1, 0, 0, 1, 1, 1, 0, 1, 1, 1, 0, 0, 0, 0, 0, 1, 1, 1, 1, 1, 1, 3, 1, 3, 3, 3] 
dagH26.txt 1234x1.txt True 0.4090909090909091 0.5 386.0 [1, 1, 1, 1, 1, 1, 1, 1, 0, 1, 1, 0, 0, 1, 1, 0, 1, 1, 1, 1, 1, 1, 1, 2, 0, 1, 1, 1, 1, 1, 3, 3, 3, 3, 3, 1, 3, 3, 2, 3, 3, 3, 3, 3, 3, 3, 3, 2, 3, 3, 2, 2, 3, 3, 3, 3, 3, 3, 3, 3, 3, 3, 2, 3, 3, 3, 2, 3, 3, 3, 3, 2, 3, 3, 3, 3, 2, 3, 3, 3, 3, 3, 3, 3, 3] 
dagH26.txt 1234x1.txt True 0.571969696969697 0.6 691.0 [0, 0, 0, 1, 0, 1, 1, 0, 0, 0, 0, 0, 0, 0, 0, 0, 0, 0, 0, 0, 0, 0, 0, 0, 0, 1, 1, 1, 1, 1, 2, 2, 2, 2, 1, 0, 1, 1, 2, 2, 2, 2, 2, 3, 2, 2, 2, 2, 2, 2, 3, 3, 2, 2, 3, 3, 2, 2, 2, 3, 2, 3, 3, 3, 3, 2, 2, 3, 2, 3, 2, 2, 2, 2, 2, 3, 3, 2, 3, 3, 1, 2, 2, 2, 2] 
dagH26.txt 1234x1.txt True 0.678030303030303 0.7 623.0 [3, 3, 2, 3, 2, 3, 3, 3, 2, 2, 2, 2, 2, 2, 2, 0, 2, 2, 2, 2, 2, 2, 0, 2, 2, 2, 3, 2, 3, 3, 0, 3, 0, 0, 3, 2, 3, 3, 1, 0, 1, 0, 0, 1, 0, 0, 0, 3, 0, 0, 1, 1, 3, 0, 1, 1, 0, 1, 3, 1, 0, 0, 1, 1, 1, 0, 1, 1, 1, 0, 0, 0, 0, 0, 1, 1, 1, 1, 1, 1, 3, 1, 3, 3, 3] 
dagH26.txt 1234x1.txt True 0.678030303030303 0.8 623.0 [3, 3, 2, 3, 2, 3, 3, 3, 2, 2, 2, 2, 2, 2, 2, 0, 2, 2, 2, 2, 2, 2, 0, 2, 2, 2, 3, 2, 3, 3, 0, 3, 0, 0, 3, 2, 3, 3, 1, 0, 1, 0, 0, 1, 0, 0, 0, 3, 0, 0, 1, 1, 3, 0, 1, 1, 0, 1, 3, 1, 0, 0, 1, 1, 1, 0, 1, 1, 1, 0, 0, 0, 0, 0, 1, 1, 1, 1, 1, 1, 3, 1, 3, 3, 3] 
dagH26.txt 1234x1.txt True 0.678030303030303 0.9 623.0 [3, 3, 2, 3, 2, 3, 3, 3, 2, 2, 2, 2, 2, 2, 2, 0, 2, 2, 2, 2, 2, 2, 0, 2, 2, 2, 3, 2, 3, 3, 0, 3, 0, 0, 3, 2, 3, 3, 1, 0, 1, 0, 0, 1, 0, 0, 0, 3, 0, 0, 1, 1, 3, 0, 1, 1, 0, 1, 3, 1, 0, 0, 1, 1, 1, 0, 1, 1, 1, 0, 0, 0, 0, 0, 1, 1, 1, 1, 1, 1, 3, 1, 3, 3, 3] 
dagH26.txt 1234x1.txt True 0.678030303030303 1 623.0 [3, 3, 2, 3, 2, 3, 3, 3, 2, 2, 2, 2, 2, 2, 2, 0, 2, 2, 2, 2, 2, 2, 0, 2, 2, 2, 3, 2, 3, 3, 0, 3, 0, 0, 3, 2, 3, 3, 1, 0, 1, 0, 0, 1, 0, 0, 0, 3, 0, 0, 1, 1, 3, 0, 1, 1, 0, 1, 3, 1, 0, 0, 1, 1, 1, 0, 1, 1, 1, 0, 0, 0, 0, 0, 1, 1, 1, 1, 1, 1, 3, 1, 3, 3, 3] 
dagH26.txt 1234x3.txt True 0.3484848484848485 0.5 471.75 [10, 11, 10, 10, 6, 11, 11, 11, 11, 11, 6, 10, 10, 11, 6, 11, 11, 6, 6, 11, 11, 11, 11, 11, 11, 6, 11, 11, 10, 10, 11, 11, 11, 11, 11, 10, 11, 11, 11, 11, 11, 11, 11, 11, 11, 11, 11, 11, 11, 11, 0, 0, 11, 11, 11, 11, 11, 11, 11, 11, 11, 11, 11, 11, 11, 11, 11, 0, 11, 11, 11, 0, 11, 11, 11, 11, 11, 11, 11, 11, 11, 11, 11, 11, 11] 
dagH26.txt 1234x3.txt True 0.5643939393939394 0.6 492.5 [9, 9, 9, 9, 9, 9, 9, 9, 9, 9, 6, 9, 9, 9, 9, 9, 9, 6, 6, 9, 11, 9, 9, 9, 9, 6, 6, 6, 9, 9, 11, 9, 9, 11, 9, 6, 11, 9, 11, 11, 11, 11, 9, 11, 11, 11, 11, 9, 9, 11, 0, 0, 10, 11, 11, 11, 11, 11, 11, 11, 9, 11, 11, 11, 11, 11, 9, 11, 11, 11, 11, 9, 9, 11, 11, 11, 11, 11, 11, 11, 11, 11, 9, 10, 10] 
dagH26.txt 1234x3.txt True 0.6931818181818182 0.7 199.66666666666666 [2, 2, 2, 5, 2, 2, 10, 5, 2, 2, 2, 2, 2, 2, 2, 3, 10, 2, 1, 5, 2, 2, 3, 2, 2, 1, 2, 2, 4, 4, 3, 2, 10, 11, 11, 2, 11, 5, 10, 11, 11, 10, 9, 11, 10, 10, 10, 10, 11, 10, 10, 10, 5, 11, 11, 10, 10, 11, 11, 7, 10, 10, 11, 11, 11, 11, 10, 11, 11, 10, 10, 9, 9, 11, 10, 11, 11, 11, 7, 11, 11, 11, 5, 10, 10] 
dagH26.txt 1234x3.txt True 0.6931818181818182 0.8 199.66666666666666 [2, 2, 2, 5, 2, 2, 10, 5, 2, 2, 2, 2, 2, 2, 2, 3, 10, 2, 1, 5, 2, 2, 3, 2, 2, 1, 2, 2, 4, 4, 3, 2, 10, 11, 11, 2, 11, 5, 10, 11, 11, 10, 9, 11, 10, 10, 10, 10, 11, 10, 10, 10, 5, 11, 11, 10, 10, 11, 11, 7, 10, 10, 11, 11, 11, 11, 10, 11, 11, 10, 10, 9, 9, 11, 10, 11, 11, 11, 7, 11, 11, 11, 5, 10, 10] 
dagH26.txt 1234x3.txt True 0.8901515151515151 0.9 214.0 [2, 2, 2, 1, 2, 0, 5, 4, 3, 1, 2, 0, 0, 2, 1, 4, 3, 1, 3, 3, 3, 1, 4, 1, 0, 2, 2, 0, 4, 4, 11, 1, 7, 7, 6, 3, 4, 9, 7, 6, 7, 8, 6, 11, 8, 8, 5, 5, 7, 6, 9, 11, 5, 6, 11, 0, 7, 11, 9, 10, 8, 11, 10, 10, 9, 7, 9, 11, 7, 8, 8, 6, 6, 8, 8, 10, 10, 10, 10, 11, 9, 9, 5, 5, 5] 
dagH26.txt 1234x3.txt True 0.8901515151515151 1 214.0 [2, 2, 2, 1, 2, 0, 5, 4, 3, 1, 2, 0, 0, 2, 1, 4, 3, 1, 3, 3, 3, 1, 4, 1, 0, 2, 2, 0, 4, 4, 11, 1, 7, 7, 6, 3, 4, 9, 7, 6, 7, 8, 6, 11, 8, 8, 5, 5, 7, 6, 9, 11, 5, 6, 11, 0, 7, 11, 9, 10, 8, 11, 10, 10, 9, 7, 9, 11, 7, 8, 8, 6, 6, 8, 8, 10, 10, 10, 10, 11, 9, 9, 5, 5, 5] 
dagH26.txt 1234x3.txt True 0.3484848484848485 0.5 471.75 [10, 11, 10, 10, 6, 11, 11, 11, 11, 11, 6, 10, 10, 11, 6, 11, 11, 6, 6, 11, 11, 11, 11, 11, 11, 6, 11, 11, 10, 10, 11, 11, 11, 11, 11, 10, 11, 11, 11, 11, 11, 11, 11, 11, 11, 11, 11, 11, 11, 11, 0, 0, 11, 11, 11, 11, 11, 11, 11, 11, 11, 11, 11, 11, 11, 11, 11, 0, 11, 11, 11, 0, 11, 11, 11, 11, 11, 11, 11, 11, 11, 11, 11, 11, 11] 
dagH26.txt 1234x3.txt True 0.5643939393939394 0.6 492.5 [9, 9, 9, 9, 9, 9, 9, 9, 9, 9, 6, 9, 9, 9, 9, 9, 9, 6, 6, 9, 11, 9, 9, 9, 9, 6, 6, 6, 9, 9, 11, 9, 9, 11, 9, 6, 11, 9, 11, 11, 11, 11, 9, 11, 11, 11, 11, 9, 9, 11, 0, 0, 10, 11, 11, 11, 11, 11, 11, 11, 9, 11, 11, 11, 11, 11, 9, 11, 11, 11, 11, 9, 9, 11, 11, 11, 11, 11, 11, 11, 11, 11, 9, 10, 10] 
dagH26.txt 1234x3.txt True 0.6931818181818182 0.7 199.66666666666666 [2, 2, 2, 5, 2, 2, 10, 5, 2, 2, 2, 2, 2, 2, 2, 3, 10, 2, 1, 5, 2, 2, 3, 2, 2, 1, 2, 2, 4, 4, 3, 2, 10, 11, 11, 2, 11, 5, 10, 11, 11, 10, 9, 11, 10, 10, 10, 10, 11, 10, 10, 10, 5, 11, 11, 10, 10, 11, 11, 7, 10, 10, 11, 11, 11, 11, 10, 11, 11, 10, 10, 9, 9, 11, 10, 11, 11, 11, 7, 11, 11, 11, 5, 10, 10] 
dagH26.txt 1234x3.txt True 0.6931818181818182 0.8 199.66666666666666 [2, 2, 2, 5, 2, 2, 10, 5, 2, 2, 2, 2, 2, 2, 2, 3, 10, 2, 1, 5, 2, 2, 3, 2, 2, 1, 2, 2, 4, 4, 3, 2, 10, 11, 11, 2, 11, 5, 10, 11, 11, 10, 9, 11, 10, 10, 10, 10, 11, 10, 10, 10, 5, 11, 11, 10, 10, 11, 11, 7, 10, 10, 11, 11, 11, 11, 10, 11, 11, 10, 10, 9, 9, 11, 10, 11, 11, 11, 7, 11, 11, 11, 5, 10, 10] 
dagH26.txt 1234x3.txt True 0.8901515151515151 0.9 214.0 [2, 2, 2, 1, 2, 0, 5, 4, 3, 1, 2, 0, 0, 2, 1, 4, 3, 1, 3, 3, 3, 1, 4, 1, 0, 2, 2, 0, 4, 4, 11, 1, 7, 7, 6, 3, 4, 9, 7, 6, 7, 8, 6, 11, 8, 8, 5, 5, 7, 6, 9, 11, 5, 6, 11, 0, 7, 11, 9, 10, 8, 11, 10, 10, 9, 7, 9, 11, 7, 8, 8, 6, 6, 8, 8, 10, 10, 10, 10, 11, 9, 9, 5, 5, 5] 
dagH26.txt 1234x3.txt True 0.8901515151515151 1 214.0 [2, 2, 2, 1, 2, 0, 5, 4, 3, 1, 2, 0, 0, 2, 1, 4, 3, 1, 3, 3, 3, 1, 4, 1, 0, 2, 2, 0, 4, 4, 11, 1, 7, 7, 6, 3, 4, 9, 7, 6, 7, 8, 6, 11, 8, 8, 5, 5, 7, 6, 9, 11, 5, 6, 11, 0, 7, 11, 9, 10, 8, 11, 10, 10, 9, 7, 9, 11, 7, 8, 8, 6, 6, 8, 8, 10, 10, 10, 10, 11, 9, 9, 5, 5, 5] 
dagH26.txt 1234x3.txt True 0.3484848484848485 0.5 471.75 [10, 11, 10, 10, 6, 11, 11, 11, 11, 11, 6, 10, 10, 11, 6, 11, 11, 6, 6, 11, 11, 11, 11, 11, 11, 6, 11, 11, 10, 10, 11, 11, 11, 11, 11, 10, 11, 11, 11, 11, 11, 11, 11, 11, 11, 11, 11, 11, 11, 11, 0, 0, 11, 11, 11, 11, 11, 11, 11, 11, 11, 11, 11, 11, 11, 11, 11, 0, 11, 11, 11, 0, 11, 11, 11, 11, 11, 11, 11, 11, 11, 11, 11, 11, 11] 
dagH26.txt 1234x3.txt True 0.5643939393939394 0.6 492.5 [9, 9, 9, 9, 9, 9, 9, 9, 9, 9, 6, 9, 9, 9, 9, 9, 9, 6, 6, 9, 11, 9, 9, 9, 9, 6, 6, 6, 9, 9, 11, 9, 9, 11, 9, 6, 11, 9, 11, 11, 11, 11, 9, 11, 11, 11, 11, 9, 9, 11, 0, 0, 10, 11, 11, 11, 11, 11, 11, 11, 9, 11, 11, 11, 11, 11, 9, 11, 11, 11, 11, 9, 9, 11, 11, 11, 11, 11, 11, 11, 11, 11, 9, 10, 10] 
dagH26.txt 1234x3.txt True 0.6931818181818182 0.7 199.66666666666666 [2, 2, 2, 5, 2, 2, 10, 5, 2, 2, 2, 2, 2, 2, 2, 3, 10, 2, 1, 5, 2, 2, 3, 2, 2, 1, 2, 2, 4, 4, 3, 2, 10, 11, 11, 2, 11, 5, 10, 11, 11, 10, 9, 11, 10, 10, 10, 10, 11, 10, 10, 10, 5, 11, 11, 10, 10, 11, 11, 7, 10, 10, 11, 11, 11, 11, 10, 11, 11, 10, 10, 9, 9, 11, 10, 11, 11, 11, 7, 11, 11, 11, 5, 10, 10] 
dagH26.txt 1234x3.txt True 0.6931818181818182 0.8 199.66666666666666 [2, 2, 2, 5, 2, 2, 10, 5, 2, 2, 2, 2, 2, 2, 2, 3, 10, 2, 1, 5, 2, 2, 3, 2, 2, 1, 2, 2, 4, 4, 3, 2, 10, 11, 11, 2, 11, 5, 10, 11, 11, 10, 9, 11, 10, 10, 10, 10, 11, 10, 10, 10, 5, 11, 11, 10, 10, 11, 11, 7, 10, 10, 11, 11, 11, 11, 10, 11, 11, 10, 10, 9, 9, 11, 10, 11, 11, 11, 7, 11, 11, 11, 5, 10, 10] 
dagH26.txt 1234x3.txt True 0.8901515151515151 0.9 214.0 [2, 2, 2, 1, 2, 0, 5, 4, 3, 1, 2, 0, 0, 2, 1, 4, 3, 1, 3, 3, 3, 1, 4, 1, 0, 2, 2, 0, 4, 4, 11, 1, 7, 7, 6, 3, 4, 9, 7, 6, 7, 8, 6, 11, 8, 8, 5, 5, 7, 6, 9, 11, 5, 6, 11, 0, 7, 11, 9, 10, 8, 11, 10, 10, 9, 7, 9, 11, 7, 8, 8, 6, 6, 8, 8, 10, 10, 10, 10, 11, 9, 9, 5, 5, 5] 
dagH26.txt 1234x3.txt True 0.8901515151515151 1 214.0 [2, 2, 2, 1, 2, 0, 5, 4, 3, 1, 2, 0, 0, 2, 1, 4, 3, 1, 3, 3, 3, 1, 4, 1, 0, 2, 2, 0, 4, 4, 11, 1, 7, 7, 6, 3, 4, 9, 7, 6, 7, 8, 6, 11, 8, 8, 5, 5, 7, 6, 9, 11, 5, 6, 11, 0, 7, 11, 9, 10, 8, 11, 10, 10, 9, 7, 9, 11, 7, 8, 8, 6, 6, 8, 8, 10, 10, 10, 10, 11, 9, 9, 5, 5, 5] 
dagH26.txt 1234x3.txt True 0.3484848484848485 0.5 471.75 [10, 11, 10, 10, 6, 11, 11, 11, 11, 11, 6, 10, 10, 11, 6, 11, 11, 6, 6, 11, 11, 11, 11, 11, 11, 6, 11, 11, 10, 10, 11, 11, 11, 11, 11, 10, 11, 11, 11, 11, 11, 11, 11, 11, 11, 11, 11, 11, 11, 11, 0, 0, 11, 11, 11, 11, 11, 11, 11, 11, 11, 11, 11, 11, 11, 11, 11, 0, 11, 11, 11, 0, 11, 11, 11, 11, 11, 11, 11, 11, 11, 11, 11, 11, 11] 
dagH26.txt 1234x3.txt True 0.5643939393939394 0.6 492.5 [9, 9, 9, 9, 9, 9, 9, 9, 9, 9, 6, 9, 9, 9, 9, 9, 9, 6, 6, 9, 11, 9, 9, 9, 9, 6, 6, 6, 9, 9, 11, 9, 9, 11, 9, 6, 11, 9, 11, 11, 11, 11, 9, 11, 11, 11, 11, 9, 9, 11, 0, 0, 10, 11, 11, 11, 11, 11, 11, 11, 9, 11, 11, 11, 11, 11, 9, 11, 11, 11, 11, 9, 9, 11, 11, 11, 11, 11, 11, 11, 11, 11, 9, 10, 10] 
dagH26.txt 1234x3.txt True 0.6931818181818182 0.7 199.66666666666666 [2, 2, 2, 5, 2, 2, 10, 5, 2, 2, 2, 2, 2, 2, 2, 3, 10, 2, 1, 5, 2, 2, 3, 2, 2, 1, 2, 2, 4, 4, 3, 2, 10, 11, 11, 2, 11, 5, 10, 11, 11, 10, 9, 11, 10, 10, 10, 10, 11, 10, 10, 10, 5, 11, 11, 10, 10, 11, 11, 7, 10, 10, 11, 11, 11, 11, 10, 11, 11, 10, 10, 9, 9, 11, 10, 11, 11, 11, 7, 11, 11, 11, 5, 10, 10] 
dagH26.txt 1234x3.txt True 0.6931818181818182 0.8 199.66666666666666 [2, 2, 2, 5, 2, 2, 10, 5, 2, 2, 2, 2, 2, 2, 2, 3, 10, 2, 1, 5, 2, 2, 3, 2, 2, 1, 2, 2, 4, 4, 3, 2, 10, 11, 11, 2, 11, 5, 10, 11, 11, 10, 9, 11, 10, 10, 10, 10, 11, 10, 10, 10, 5, 11, 11, 10, 10, 11, 11, 7, 10, 10, 11, 11, 11, 11, 10, 11, 11, 10, 10, 9, 9, 11, 10, 11, 11, 11, 7, 11, 11, 11, 5, 10, 10] 
dagH26.txt 1234x3.txt True 0.8901515151515151 0.9 214.0 [2, 2, 2, 1, 2, 0, 5, 4, 3, 1, 2, 0, 0, 2, 1, 4, 3, 1, 3, 3, 3, 1, 4, 1, 0, 2, 2, 0, 4, 4, 11, 1, 7, 7, 6, 3, 4, 9, 7, 6, 7, 8, 6, 11, 8, 8, 5, 5, 7, 6, 9, 11, 5, 6, 11, 0, 7, 11, 9, 10, 8, 11, 10, 10, 9, 7, 9, 11, 7, 8, 8, 6, 6, 8, 8, 10, 10, 10, 10, 11, 9, 9, 5, 5, 5] 
dagH26.txt 1234x3.txt True 0.8901515151515151 1 214.0 [2, 2, 2, 1, 2, 0, 5, 4, 3, 1, 2, 0, 0, 2, 1, 4, 3, 1, 3, 3, 3, 1, 4, 1, 0, 2, 2, 0, 4, 4, 11, 1, 7, 7, 6, 3, 4, 9, 7, 6, 7, 8, 6, 11, 8, 8, 5, 5, 7, 6, 9, 11, 5, 6, 11, 0, 7, 11, 9, 10, 8, 11, 10, 10, 9, 7, 9, 11, 7, 8, 8, 6, 6, 8, 8, 10, 10, 10, 10, 11, 9, 9, 5, 5, 5] 
dagH26.txt 1234x3.txt True 0.3484848484848485 0.5 471.75 [10, 11, 10, 10, 6, 11, 11, 11, 11, 11, 6, 10, 10, 11, 6, 11, 11, 6, 6, 11, 11, 11, 11, 11, 11, 6, 11, 11, 10, 10, 11, 11, 11, 11, 11, 10, 11, 11, 11, 11, 11, 11, 11, 11, 11, 11, 11, 11, 11, 11, 0, 0, 11, 11, 11, 11, 11, 11, 11, 11, 11, 11, 11, 11, 11, 11, 11, 0, 11, 11, 11, 0, 11, 11, 11, 11, 11, 11, 11, 11, 11, 11, 11, 11, 11] 
dagH26.txt 1234x3.txt True 0.5643939393939394 0.6 492.5 [9, 9, 9, 9, 9, 9, 9, 9, 9, 9, 6, 9, 9, 9, 9, 9, 9, 6, 6, 9, 11, 9, 9, 9, 9, 6, 6, 6, 9, 9, 11, 9, 9, 11, 9, 6, 11, 9, 11, 11, 11, 11, 9, 11, 11, 11, 11, 9, 9, 11, 0, 0, 10, 11, 11, 11, 11, 11, 11, 11, 9, 11, 11, 11, 11, 11, 9, 11, 11, 11, 11, 9, 9, 11, 11, 11, 11, 11, 11, 11, 11, 11, 9, 10, 10] 
dagH26.txt 1234x3.txt True 0.6931818181818182 0.7 199.66666666666666 [2, 2, 2, 5, 2, 2, 10, 5, 2, 2, 2, 2, 2, 2, 2, 3, 10, 2, 1, 5, 2, 2, 3, 2, 2, 1, 2, 2, 4, 4, 3, 2, 10, 11, 11, 2, 11, 5, 10, 11, 11, 10, 9, 11, 10, 10, 10, 10, 11, 10, 10, 10, 5, 11, 11, 10, 10, 11, 11, 7, 10, 10, 11, 11, 11, 11, 10, 11, 11, 10, 10, 9, 9, 11, 10, 11, 11, 11, 7, 11, 11, 11, 5, 10, 10] 
dagH26.txt 1234x3.txt True 0.6931818181818182 0.8 199.66666666666666 [2, 2, 2, 5, 2, 2, 10, 5, 2, 2, 2, 2, 2, 2, 2, 3, 10, 2, 1, 5, 2, 2, 3, 2, 2, 1, 2, 2, 4, 4, 3, 2, 10, 11, 11, 2, 11, 5, 10, 11, 11, 10, 9, 11, 10, 10, 10, 10, 11, 10, 10, 10, 5, 11, 11, 10, 10, 11, 11, 7, 10, 10, 11, 11, 11, 11, 10, 11, 11, 10, 10, 9, 9, 11, 10, 11, 11, 11, 7, 11, 11, 11, 5, 10, 10] 
dagH26.txt 1234x3.txt True 0.8901515151515151 0.9 214.0 [2, 2, 2, 1, 2, 0, 5, 4, 3, 1, 2, 0, 0, 2, 1, 4, 3, 1, 3, 3, 3, 1, 4, 1, 0, 2, 2, 0, 4, 4, 11, 1, 7, 7, 6, 3, 4, 9, 7, 6, 7, 8, 6, 11, 8, 8, 5, 5, 7, 6, 9, 11, 5, 6, 11, 0, 7, 11, 9, 10, 8, 11, 10, 10, 9, 7, 9, 11, 7, 8, 8, 6, 6, 8, 8, 10, 10, 10, 10, 11, 9, 9, 5, 5, 5] 
dagH26.txt 1234x3.txt True 0.8901515151515151 1 214.0 [2, 2, 2, 1, 2, 0, 5, 4, 3, 1, 2, 0, 0, 2, 1, 4, 3, 1, 3, 3, 3, 1, 4, 1, 0, 2, 2, 0, 4, 4, 11, 1, 7, 7, 6, 3, 4, 9, 7, 6, 7, 8, 6, 11, 8, 8, 5, 5, 7, 6, 9, 11, 5, 6, 11, 0, 7, 11, 9, 10, 8, 11, 10, 10, 9, 7, 9, 11, 7, 8, 8, 6, 6, 8, 8, 10, 10, 10, 10, 11, 9, 9, 5, 5, 5] 
