dagM15.txt 1234x1.txt True 0.26303854875283444 0.5 1090.0 [1, 1, 1, 1, 1, 1, 1, 1, 1, 1, 1, 1, 1, 1, 1, 1, 1, 1, 1, 1, 1, 1, 1, 1, 1, 1, 1, 1, 1, 1, 1, 1, 1, 1, 1, 0, 1, 1, 0, 0, 0, 0, 1, 0, 0, 0, 0, 0, 0, 0, 0, 0, 0, 0, 0, 0, 0, 0, 0, 0, 0, 0, 0, 0, 0, 3, 0, 0, 0, 0, 0, 0, 0, 0, 3, 0, 0, 3, 0, 3, 3, 3, 3, 3, 3, 0, 3, 3, 3, 3, 3, 3, 3, 3, 3, 3, 3, 3, 3, 3, 3, 3, 3, 3, 3, 2, 3, 2, 3, 3, 3, 3, 3, 2, 2, 3, 2, 2, 2, 2, 2, 2, 2, 2, 2, 2, 2, 3, 2, 2, 2, 2, 2, 2, 2, 2, 2, 2, 2, 2, 2, 2, 2, 2, 2, 2, 2, 2, 2, 2] 
dagM15.txt 1234x1.txt True 0.26303854875283444 0.6 1090.0 [1, 1, 1, 1, 1, 1, 1, 1, 1, 1, 1, 1, 1, 1, 1, 1, 1, 1, 1, 1, 1, 1, 1, 1, 1, 1, 1, 1, 1, 1, 1, 1, 1, 1, 1, 0, 1, 1, 0, 0, 0, 0, 1, 0, 0, 0, 0, 0, 0, 0, 0, 0, 0, 0, 0, 0, 0, 0, 0, 0, 0, 0, 0, 0, 0, 3, 0, 0, 0, 0, 0, 0, 0, 0, 3, 0, 0, 3, 0, 3, 3, 3, 3, 3, 3, 0, 3, 3, 3, 3, 3, 3, 3, 3, 3, 3, 3, 3, 3, 3, 3, 3, 3, 3, 3, 2, 3, 2, 3, 3, 3, 3, 3, 2, 2, 3, 2, 2, 2, 2, 2, 2, 2, 2, 2, 2, 2, 3, 2, 2, 2, 2, 2, 2, 2, 2, 2, 2, 2, 2, 2, 2, 2, 2, 2, 2, 2, 2, 2, 2] 
dagM15.txt 1234x1.txt True 0.26303854875283444 0.7 1090.0 [1, 1, 1, 1, 1, 1, 1, 1, 1, 1, 1, 1, 1, 1, 1, 1, 1, 1, 1, 1, 1, 1, 1, 1, 1, 1, 1, 1, 1, 1, 1, 1, 1, 1, 1, 0, 1, 1, 0, 0, 0, 0, 1, 0, 0, 0, 0, 0, 0, 0, 0, 0, 0, 0, 0, 0, 0, 0, 0, 0, 0, 0, 0, 0, 0, 3, 0, 0, 0, 0, 0, 0, 0, 0, 3, 0, 0, 3, 0, 3, 3, 3, 3, 3, 3, 0, 3, 3, 3, 3, 3, 3, 3, 3, 3, 3, 3, 3, 3, 3, 3, 3, 3, 3, 3, 2, 3, 2, 3, 3, 3, 3, 3, 2, 2, 3, 2, 2, 2, 2, 2, 2, 2, 2, 2, 2, 2, 3, 2, 2, 2, 2, 2, 2, 2, 2, 2, 2, 2, 2, 2, 2, 2, 2, 2, 2, 2, 2, 2, 2] 
dagM15.txt 1234x1.txt True 0.26303854875283444 0.8 1090.0 [1, 1, 1, 1, 1, 1, 1, 1, 1, 1, 1, 1, 1, 1, 1, 1, 1, 1, 1, 1, 1, 1, 1, 1, 1, 1, 1, 1, 1, 1, 1, 1, 1, 1, 1, 0, 1, 1, 0, 0, 0, 0, 1, 0, 0, 0, 0, 0, 0, 0, 0, 0, 0, 0, 0, 0, 0, 0, 0, 0, 0, 0, 0, 0, 0, 3, 0, 0, 0, 0, 0, 0, 0, 0, 3, 0, 0, 3, 0, 3, 3, 3, 3, 3, 3, 0, 3, 3, 3, 3, 3, 3, 3, 3, 3, 3, 3, 3, 3, 3, 3, 3, 3, 3, 3, 2, 3, 2, 3, 3, 3, 3, 3, 2, 2, 3, 2, 2, 2, 2, 2, 2, 2, 2, 2, 2, 2, 3, 2, 2, 2, 2, 2, 2, 2, 2, 2, 2, 2, 2, 2, 2, 2, 2, 2, 2, 2, 2, 2, 2] 
dagM15.txt 1234x1.txt True 0.26303854875283444 0.9 1090.0 [1, 1, 1, 1, 1, 1, 1, 1, 1, 1, 1, 1, 1, 1, 1, 1, 1, 1, 1, 1, 1, 1, 1, 1, 1, 1, 1, 1, 1, 1, 1, 1, 1, 1, 1, 0, 1, 1, 0, 0, 0, 0, 1, 0, 0, 0, 0, 0, 0, 0, 0, 0, 0, 0, 0, 0, 0, 0, 0, 0, 0, 0, 0, 0, 0, 3, 0, 0, 0, 0, 0, 0, 0, 0, 3, 0, 0, 3, 0, 3, 3, 3, 3, 3, 3, 0, 3, 3, 3, 3, 3, 3, 3, 3, 3, 3, 3, 3, 3, 3, 3, 3, 3, 3, 3, 2, 3, 2, 3, 3, 3, 3, 3, 2, 2, 3, 2, 2, 2, 2, 2, 2, 2, 2, 2, 2, 2, 3, 2, 2, 2, 2, 2, 2, 2, 2, 2, 2, 2, 2, 2, 2, 2, 2, 2, 2, 2, 2, 2, 2] 
dagM15.txt 1234x1.txt True 0.26303854875283444 1 1090.0 [1, 1, 1, 1, 1, 1, 1, 1, 1, 1, 1, 1, 1, 1, 1, 1, 1, 1, 1, 1, 1, 1, 1, 1, 1, 1, 1, 1, 1, 1, 1, 1, 1, 1, 1, 0, 1, 1, 0, 0, 0, 0, 1, 0, 0, 0, 0, 0, 0, 0, 0, 0, 0, 0, 0, 0, 0, 0, 0, 0, 0, 0, 0, 0, 0, 3, 0, 0, 0, 0, 0, 0, 0, 0, 3, 0, 0, 3, 0, 3, 3, 3, 3, 3, 3, 0, 3, 3, 3, 3, 3, 3, 3, 3, 3, 3, 3, 3, 3, 3, 3, 3, 3, 3, 3, 2, 3, 2, 3, 3, 3, 3, 3, 2, 2, 3, 2, 2, 2, 2, 2, 2, 2, 2, 2, 2, 2, 3, 2, 2, 2, 2, 2, 2, 2, 2, 2, 2, 2, 2, 2, 2, 2, 2, 2, 2, 2, 2, 2, 2] 
dagM15.txt 1234x1.txt True 0.26303854875283444 0.5 1090.0 [1, 1, 1, 1, 1, 1, 1, 1, 1, 1, 1, 1, 1, 1, 1, 1, 1, 1, 1, 1, 1, 1, 1, 1, 1, 1, 1, 1, 1, 1, 1, 1, 1, 1, 1, 0, 1, 1, 0, 0, 0, 0, 1, 0, 0, 0, 0, 0, 0, 0, 0, 0, 0, 0, 0, 0, 0, 0, 0, 0, 0, 0, 0, 0, 0, 3, 0, 0, 0, 0, 0, 0, 0, 0, 3, 0, 0, 3, 0, 3, 3, 3, 3, 3, 3, 0, 3, 3, 3, 3, 3, 3, 3, 3, 3, 3, 3, 3, 3, 3, 3, 3, 3, 3, 3, 2, 3, 2, 3, 3, 3, 3, 3, 2, 2, 3, 2, 2, 2, 2, 2, 2, 2, 2, 2, 2, 2, 3, 2, 2, 2, 2, 2, 2, 2, 2, 2, 2, 2, 2, 2, 2, 2, 2, 2, 2, 2, 2, 2, 2] 
dagM15.txt 1234x1.txt True 0.26303854875283444 0.6 1090.0 [1, 1, 1, 1, 1, 1, 1, 1, 1, 1, 1, 1, 1, 1, 1, 1, 1, 1, 1, 1, 1, 1, 1, 1, 1, 1, 1, 1, 1, 1, 1, 1, 1, 1, 1, 0, 1, 1, 0, 0, 0, 0, 1, 0, 0, 0, 0, 0, 0, 0, 0, 0, 0, 0, 0, 0, 0, 0, 0, 0, 0, 0, 0, 0, 0, 3, 0, 0, 0, 0, 0, 0, 0, 0, 3, 0, 0, 3, 0, 3, 3, 3, 3, 3, 3, 0, 3, 3, 3, 3, 3, 3, 3, 3, 3, 3, 3, 3, 3, 3, 3, 3, 3, 3, 3, 2, 3, 2, 3, 3, 3, 3, 3, 2, 2, 3, 2, 2, 2, 2, 2, 2, 2, 2, 2, 2, 2, 3, 2, 2, 2, 2, 2, 2, 2, 2, 2, 2, 2, 2, 2, 2, 2, 2, 2, 2, 2, 2, 2, 2] 
dagM15.txt 1234x1.txt True 0.26303854875283444 0.7 1090.0 [1, 1, 1, 1, 1, 1, 1, 1, 1, 1, 1, 1, 1, 1, 1, 1, 1, 1, 1, 1, 1, 1, 1, 1, 1, 1, 1, 1, 1, 1, 1, 1, 1, 1, 1, 0, 1, 1, 0, 0, 0, 0, 1, 0, 0, 0, 0, 0, 0, 0, 0, 0, 0, 0, 0, 0, 0, 0, 0, 0, 0, 0, 0, 0, 0, 3, 0, 0, 0, 0, 0, 0, 0, 0, 3, 0, 0, 3, 0, 3, 3, 3, 3, 3, 3, 0, 3, 3, 3, 3, 3, 3, 3, 3, 3, 3, 3, 3, 3, 3, 3, 3, 3, 3, 3, 2, 3, 2, 3, 3, 3, 3, 3, 2, 2, 3, 2, 2, 2, 2, 2, 2, 2, 2, 2, 2, 2, 3, 2, 2, 2, 2, 2, 2, 2, 2, 2, 2, 2, 2, 2, 2, 2, 2, 2, 2, 2, 2, 2, 2] 
dagM15.txt 1234x1.txt True 0.26303854875283444 0.8 1090.0 [1, 1, 1, 1, 1, 1, 1, 1, 1, 1, 1, 1, 1, 1, 1, 1, 1, 1, 1, 1, 1, 1, 1, 1, 1, 1, 1, 1, 1, 1, 1, 1, 1, 1, 1, 0, 1, 1, 0, 0, 0, 0, 1, 0, 0, 0, 0, 0, 0, 0, 0, 0, 0, 0, 0, 0, 0, 0, 0, 0, 0, 0, 0, 0, 0, 3, 0, 0, 0, 0, 0, 0, 0, 0, 3, 0, 0, 3, 0, 3, 3, 3, 3, 3, 3, 0, 3, 3, 3, 3, 3, 3, 3, 3, 3, 3, 3, 3, 3, 3, 3, 3, 3, 3, 3, 2, 3, 2, 3, 3, 3, 3, 3, 2, 2, 3, 2, 2, 2, 2, 2, 2, 2, 2, 2, 2, 2, 3, 2, 2, 2, 2, 2, 2, 2, 2, 2, 2, 2, 2, 2, 2, 2, 2, 2, 2, 2, 2, 2, 2] 
dagM15.txt 1234x1.txt True 0.26303854875283444 0.9 1090.0 [1, 1, 1, 1, 1, 1, 1, 1, 1, 1, 1, 1, 1, 1, 1, 1, 1, 1, 1, 1, 1, 1, 1, 1, 1, 1, 1, 1, 1, 1, 1, 1, 1, 1, 1, 0, 1, 1, 0, 0, 0, 0, 1, 0, 0, 0, 0, 0, 0, 0, 0, 0, 0, 0, 0, 0, 0, 0, 0, 0, 0, 0, 0, 0, 0, 3, 0, 0, 0, 0, 0, 0, 0, 0, 3, 0, 0, 3, 0, 3, 3, 3, 3, 3, 3, 0, 3, 3, 3, 3, 3, 3, 3, 3, 3, 3, 3, 3, 3, 3, 3, 3, 3, 3, 3, 2, 3, 2, 3, 3, 3, 3, 3, 2, 2, 3, 2, 2, 2, 2, 2, 2, 2, 2, 2, 2, 2, 3, 2, 2, 2, 2, 2, 2, 2, 2, 2, 2, 2, 2, 2, 2, 2, 2, 2, 2, 2, 2, 2, 2] 
dagM15.txt 1234x1.txt True 0.26303854875283444 1 1090.0 [1, 1, 1, 1, 1, 1, 1, 1, 1, 1, 1, 1, 1, 1, 1, 1, 1, 1, 1, 1, 1, 1, 1, 1, 1, 1, 1, 1, 1, 1, 1, 1, 1, 1, 1, 0, 1, 1, 0, 0, 0, 0, 1, 0, 0, 0, 0, 0, 0, 0, 0, 0, 0, 0, 0, 0, 0, 0, 0, 0, 0, 0, 0, 0, 0, 3, 0, 0, 0, 0, 0, 0, 0, 0, 3, 0, 0, 3, 0, 3, 3, 3, 3, 3, 3, 0, 3, 3, 3, 3, 3, 3, 3, 3, 3, 3, 3, 3, 3, 3, 3, 3, 3, 3, 3, 2, 3, 2, 3, 3, 3, 3, 3, 2, 2, 3, 2, 2, 2, 2, 2, 2, 2, 2, 2, 2, 2, 3, 2, 2, 2, 2, 2, 2, 2, 2, 2, 2, 2, 2, 2, 2, 2, 2, 2, 2, 2, 2, 2, 2] 
dagM15.txt 1234x1.txt True 0.26303854875283444 0.5 1090.0 [1, 1, 1, 1, 1, 1, 1, 1, 1, 1, 1, 1, 1, 1, 1, 1, 1, 1, 1, 1, 1, 1, 1, 1, 1, 1, 1, 1, 1, 1, 1, 1, 1, 1, 1, 0, 1, 1, 0, 0, 0, 0, 1, 0, 0, 0, 0, 0, 0, 0, 0, 0, 0, 0, 0, 0, 0, 0, 0, 0, 0, 0, 0, 0, 0, 3, 0, 0, 0, 0, 0, 0, 0, 0, 3, 0, 0, 3, 0, 3, 3, 3, 3, 3, 3, 0, 3, 3, 3, 3, 3, 3, 3, 3, 3, 3, 3, 3, 3, 3, 3, 3, 3, 3, 3, 2, 3, 2, 3, 3, 3, 3, 3, 2, 2, 3, 2, 2, 2, 2, 2, 2, 2, 2, 2, 2, 2, 3, 2, 2, 2, 2, 2, 2, 2, 2, 2, 2, 2, 2, 2, 2, 2, 2, 2, 2, 2, 2, 2, 2] 
dagM15.txt 1234x1.txt True 0.26303854875283444 0.6 1090.0 [1, 1, 1, 1, 1, 1, 1, 1, 1, 1, 1, 1, 1, 1, 1, 1, 1, 1, 1, 1, 1, 1, 1, 1, 1, 1, 1, 1, 1, 1, 1, 1, 1, 1, 1, 0, 1, 1, 0, 0, 0, 0, 1, 0, 0, 0, 0, 0, 0, 0, 0, 0, 0, 0, 0, 0, 0, 0, 0, 0, 0, 0, 0, 0, 0, 3, 0, 0, 0, 0, 0, 0, 0, 0, 3, 0, 0, 3, 0, 3, 3, 3, 3, 3, 3, 0, 3, 3, 3, 3, 3, 3, 3, 3, 3, 3, 3, 3, 3, 3, 3, 3, 3, 3, 3, 2, 3, 2, 3, 3, 3, 3, 3, 2, 2, 3, 2, 2, 2, 2, 2, 2, 2, 2, 2, 2, 2, 3, 2, 2, 2, 2, 2, 2, 2, 2, 2, 2, 2, 2, 2, 2, 2, 2, 2, 2, 2, 2, 2, 2] 
dagM15.txt 1234x1.txt True 0.26303854875283444 0.7 1090.0 [1, 1, 1, 1, 1, 1, 1, 1, 1, 1, 1, 1, 1, 1, 1, 1, 1, 1, 1, 1, 1, 1, 1, 1, 1, 1, 1, 1, 1, 1, 1, 1, 1, 1, 1, 0, 1, 1, 0, 0, 0, 0, 1, 0, 0, 0, 0, 0, 0, 0, 0, 0, 0, 0, 0, 0, 0, 0, 0, 0, 0, 0, 0, 0, 0, 3, 0, 0, 0, 0, 0, 0, 0, 0, 3, 0, 0, 3, 0, 3, 3, 3, 3, 3, 3, 0, 3, 3, 3, 3, 3, 3, 3, 3, 3, 3, 3, 3, 3, 3, 3, 3, 3, 3, 3, 2, 3, 2, 3, 3, 3, 3, 3, 2, 2, 3, 2, 2, 2, 2, 2, 2, 2, 2, 2, 2, 2, 3, 2, 2, 2, 2, 2, 2, 2, 2, 2, 2, 2, 2, 2, 2, 2, 2, 2, 2, 2, 2, 2, 2] 
dagM15.txt 1234x1.txt True 0.26303854875283444 0.8 1090.0 [1, 1, 1, 1, 1, 1, 1, 1, 1, 1, 1, 1, 1, 1, 1, 1, 1, 1, 1, 1, 1, 1, 1, 1, 1, 1, 1, 1, 1, 1, 1, 1, 1, 1, 1, 0, 1, 1, 0, 0, 0, 0, 1, 0, 0, 0, 0, 0, 0, 0, 0, 0, 0, 0, 0, 0, 0, 0, 0, 0, 0, 0, 0, 0, 0, 3, 0, 0, 0, 0, 0, 0, 0, 0, 3, 0, 0, 3, 0, 3, 3, 3, 3, 3, 3, 0, 3, 3, 3, 3, 3, 3, 3, 3, 3, 3, 3, 3, 3, 3, 3, 3, 3, 3, 3, 2, 3, 2, 3, 3, 3, 3, 3, 2, 2, 3, 2, 2, 2, 2, 2, 2, 2, 2, 2, 2, 2, 3, 2, 2, 2, 2, 2, 2, 2, 2, 2, 2, 2, 2, 2, 2, 2, 2, 2, 2, 2, 2, 2, 2] 
dagM15.txt 1234x1.txt True 0.26303854875283444 0.9 1090.0 [1, 1, 1, 1, 1, 1, 1, 1, 1, 1, 1, 1, 1, 1, 1, 1, 1, 1, 1, 1, 1, 1, 1, 1, 1, 1, 1, 1, 1, 1, 1, 1, 1, 1, 1, 0, 1, 1, 0, 0, 0, 0, 1, 0, 0, 0, 0, 0, 0, 0, 0, 0, 0, 0, 0, 0, 0, 0, 0, 0, 0, 0, 0, 0, 0, 3, 0, 0, 0, 0, 0, 0, 0, 0, 3, 0, 0, 3, 0, 3, 3, 3, 3, 3, 3, 0, 3, 3, 3, 3, 3, 3, 3, 3, 3, 3, 3, 3, 3, 3, 3, 3, 3, 3, 3, 2, 3, 2, 3, 3, 3, 3, 3, 2, 2, 3, 2, 2, 2, 2, 2, 2, 2, 2, 2, 2, 2, 3, 2, 2, 2, 2, 2, 2, 2, 2, 2, 2, 2, 2, 2, 2, 2, 2, 2, 2, 2, 2, 2, 2] 
dagM15.txt 1234x1.txt True 0.26303854875283444 1 1090.0 [1, 1, 1, 1, 1, 1, 1, 1, 1, 1, 1, 1, 1, 1, 1, 1, 1, 1, 1, 1, 1, 1, 1, 1, 1, 1, 1, 1, 1, 1, 1, 1, 1, 1, 1, 0, 1, 1, 0, 0, 0, 0, 1, 0, 0, 0, 0, 0, 0, 0, 0, 0, 0, 0, 0, 0, 0, 0, 0, 0, 0, 0, 0, 0, 0, 3, 0, 0, 0, 0, 0, 0, 0, 0, 3, 0, 0, 3, 0, 3, 3, 3, 3, 3, 3, 0, 3, 3, 3, 3, 3, 3, 3, 3, 3, 3, 3, 3, 3, 3, 3, 3, 3, 3, 3, 2, 3, 2, 3, 3, 3, 3, 3, 2, 2, 3, 2, 2, 2, 2, 2, 2, 2, 2, 2, 2, 2, 3, 2, 2, 2, 2, 2, 2, 2, 2, 2, 2, 2, 2, 2, 2, 2, 2, 2, 2, 2, 2, 2, 2] 
dagM15.txt 1234x1.txt True 0.26303854875283444 0.5 1090.0 [1, 1, 1, 1, 1, 1, 1, 1, 1, 1, 1, 1, 1, 1, 1, 1, 1, 1, 1, 1, 1, 1, 1, 1, 1, 1, 1, 1, 1, 1, 1, 1, 1, 1, 1, 0, 1, 1, 0, 0, 0, 0, 1, 0, 0, 0, 0, 0, 0, 0, 0, 0, 0, 0, 0, 0, 0, 0, 0, 0, 0, 0, 0, 0, 0, 3, 0, 0, 0, 0, 0, 0, 0, 0, 3, 0, 0, 3, 0, 3, 3, 3, 3, 3, 3, 0, 3, 3, 3, 3, 3, 3, 3, 3, 3, 3, 3, 3, 3, 3, 3, 3, 3, 3, 3, 2, 3, 2, 3, 3, 3, 3, 3, 2, 2, 3, 2, 2, 2, 2, 2, 2, 2, 2, 2, 2, 2, 3, 2, 2, 2, 2, 2, 2, 2, 2, 2, 2, 2, 2, 2, 2, 2, 2, 2, 2, 2, 2, 2, 2] 
dagM15.txt 1234x1.txt True 0.26303854875283444 0.6 1090.0 [1, 1, 1, 1, 1, 1, 1, 1, 1, 1, 1, 1, 1, 1, 1, 1, 1, 1, 1, 1, 1, 1, 1, 1, 1, 1, 1, 1, 1, 1, 1, 1, 1, 1, 1, 0, 1, 1, 0, 0, 0, 0, 1, 0, 0, 0, 0, 0, 0, 0, 0, 0, 0, 0, 0, 0, 0, 0, 0, 0, 0, 0, 0, 0, 0, 3, 0, 0, 0, 0, 0, 0, 0, 0, 3, 0, 0, 3, 0, 3, 3, 3, 3, 3, 3, 0, 3, 3, 3, 3, 3, 3, 3, 3, 3, 3, 3, 3, 3, 3, 3, 3, 3, 3, 3, 2, 3, 2, 3, 3, 3, 3, 3, 2, 2, 3, 2, 2, 2, 2, 2, 2, 2, 2, 2, 2, 2, 3, 2, 2, 2, 2, 2, 2, 2, 2, 2, 2, 2, 2, 2, 2, 2, 2, 2, 2, 2, 2, 2, 2] 
dagM15.txt 1234x1.txt True 0.26303854875283444 0.7 1090.0 [1, 1, 1, 1, 1, 1, 1, 1, 1, 1, 1, 1, 1, 1, 1, 1, 1, 1, 1, 1, 1, 1, 1, 1, 1, 1, 1, 1, 1, 1, 1, 1, 1, 1, 1, 0, 1, 1, 0, 0, 0, 0, 1, 0, 0, 0, 0, 0, 0, 0, 0, 0, 0, 0, 0, 0, 0, 0, 0, 0, 0, 0, 0, 0, 0, 3, 0, 0, 0, 0, 0, 0, 0, 0, 3, 0, 0, 3, 0, 3, 3, 3, 3, 3, 3, 0, 3, 3, 3, 3, 3, 3, 3, 3, 3, 3, 3, 3, 3, 3, 3, 3, 3, 3, 3, 2, 3, 2, 3, 3, 3, 3, 3, 2, 2, 3, 2, 2, 2, 2, 2, 2, 2, 2, 2, 2, 2, 3, 2, 2, 2, 2, 2, 2, 2, 2, 2, 2, 2, 2, 2, 2, 2, 2, 2, 2, 2, 2, 2, 2] 
dagM15.txt 1234x1.txt True 0.26303854875283444 0.8 1090.0 [1, 1, 1, 1, 1, 1, 1, 1, 1, 1, 1, 1, 1, 1, 1, 1, 1, 1, 1, 1, 1, 1, 1, 1, 1, 1, 1, 1, 1, 1, 1, 1, 1, 1, 1, 0, 1, 1, 0, 0, 0, 0, 1, 0, 0, 0, 0, 0, 0, 0, 0, 0, 0, 0, 0, 0, 0, 0, 0, 0, 0, 0, 0, 0, 0, 3, 0, 0, 0, 0, 0, 0, 0, 0, 3, 0, 0, 3, 0, 3, 3, 3, 3, 3, 3, 0, 3, 3, 3, 3, 3, 3, 3, 3, 3, 3, 3, 3, 3, 3, 3, 3, 3, 3, 3, 2, 3, 2, 3, 3, 3, 3, 3, 2, 2, 3, 2, 2, 2, 2, 2, 2, 2, 2, 2, 2, 2, 3, 2, 2, 2, 2, 2, 2, 2, 2, 2, 2, 2, 2, 2, 2, 2, 2, 2, 2, 2, 2, 2, 2] 
dagM15.txt 1234x1.txt True 0.26303854875283444 0.9 1090.0 [1, 1, 1, 1, 1, 1, 1, 1, 1, 1, 1, 1, 1, 1, 1, 1, 1, 1, 1, 1, 1, 1, 1, 1, 1, 1, 1, 1, 1, 1, 1, 1, 1, 1, 1, 0, 1, 1, 0, 0, 0, 0, 1, 0, 0, 0, 0, 0, 0, 0, 0, 0, 0, 0, 0, 0, 0, 0, 0, 0, 0, 0, 0, 0, 0, 3, 0, 0, 0, 0, 0, 0, 0, 0, 3, 0, 0, 3, 0, 3, 3, 3, 3, 3, 3, 0, 3, 3, 3, 3, 3, 3, 3, 3, 3, 3, 3, 3, 3, 3, 3, 3, 3, 3, 3, 2, 3, 2, 3, 3, 3, 3, 3, 2, 2, 3, 2, 2, 2, 2, 2, 2, 2, 2, 2, 2, 2, 3, 2, 2, 2, 2, 2, 2, 2, 2, 2, 2, 2, 2, 2, 2, 2, 2, 2, 2, 2, 2, 2, 2] 
dagM15.txt 1234x1.txt True 0.26303854875283444 1 1090.0 [1, 1, 1, 1, 1, 1, 1, 1, 1, 1, 1, 1, 1, 1, 1, 1, 1, 1, 1, 1, 1, 1, 1, 1, 1, 1, 1, 1, 1, 1, 1, 1, 1, 1, 1, 0, 1, 1, 0, 0, 0, 0, 1, 0, 0, 0, 0, 0, 0, 0, 0, 0, 0, 0, 0, 0, 0, 0, 0, 0, 0, 0, 0, 0, 0, 3, 0, 0, 0, 0, 0, 0, 0, 0, 3, 0, 0, 3, 0, 3, 3, 3, 3, 3, 3, 0, 3, 3, 3, 3, 3, 3, 3, 3, 3, 3, 3, 3, 3, 3, 3, 3, 3, 3, 3, 2, 3, 2, 3, 3, 3, 3, 3, 2, 2, 3, 2, 2, 2, 2, 2, 2, 2, 2, 2, 2, 2, 3, 2, 2, 2, 2, 2, 2, 2, 2, 2, 2, 2, 2, 2, 2, 2, 2, 2, 2, 2, 2, 2, 2] 
dagM15.txt 1234x1.txt True 0.26303854875283444 0.5 1090.0 [1, 1, 1, 1, 1, 1, 1, 1, 1, 1, 1, 1, 1, 1, 1, 1, 1, 1, 1, 1, 1, 1, 1, 1, 1, 1, 1, 1, 1, 1, 1, 1, 1, 1, 1, 0, 1, 1, 0, 0, 0, 0, 1, 0, 0, 0, 0, 0, 0, 0, 0, 0, 0, 0, 0, 0, 0, 0, 0, 0, 0, 0, 0, 0, 0, 3, 0, 0, 0, 0, 0, 0, 0, 0, 3, 0, 0, 3, 0, 3, 3, 3, 3, 3, 3, 0, 3, 3, 3, 3, 3, 3, 3, 3, 3, 3, 3, 3, 3, 3, 3, 3, 3, 3, 3, 2, 3, 2, 3, 3, 3, 3, 3, 2, 2, 3, 2, 2, 2, 2, 2, 2, 2, 2, 2, 2, 2, 3, 2, 2, 2, 2, 2, 2, 2, 2, 2, 2, 2, 2, 2, 2, 2, 2, 2, 2, 2, 2, 2, 2] 
dagM15.txt 1234x1.txt True 0.26303854875283444 0.6 1090.0 [1, 1, 1, 1, 1, 1, 1, 1, 1, 1, 1, 1, 1, 1, 1, 1, 1, 1, 1, 1, 1, 1, 1, 1, 1, 1, 1, 1, 1, 1, 1, 1, 1, 1, 1, 0, 1, 1, 0, 0, 0, 0, 1, 0, 0, 0, 0, 0, 0, 0, 0, 0, 0, 0, 0, 0, 0, 0, 0, 0, 0, 0, 0, 0, 0, 3, 0, 0, 0, 0, 0, 0, 0, 0, 3, 0, 0, 3, 0, 3, 3, 3, 3, 3, 3, 0, 3, 3, 3, 3, 3, 3, 3, 3, 3, 3, 3, 3, 3, 3, 3, 3, 3, 3, 3, 2, 3, 2, 3, 3, 3, 3, 3, 2, 2, 3, 2, 2, 2, 2, 2, 2, 2, 2, 2, 2, 2, 3, 2, 2, 2, 2, 2, 2, 2, 2, 2, 2, 2, 2, 2, 2, 2, 2, 2, 2, 2, 2, 2, 2] 
dagM15.txt 1234x1.txt True 0.26303854875283444 0.7 1090.0 [1, 1, 1, 1, 1, 1, 1, 1, 1, 1, 1, 1, 1, 1, 1, 1, 1, 1, 1, 1, 1, 1, 1, 1, 1, 1, 1, 1, 1, 1, 1, 1, 1, 1, 1, 0, 1, 1, 0, 0, 0, 0, 1, 0, 0, 0, 0, 0, 0, 0, 0, 0, 0, 0, 0, 0, 0, 0, 0, 0, 0, 0, 0, 0, 0, 3, 0, 0, 0, 0, 0, 0, 0, 0, 3, 0, 0, 3, 0, 3, 3, 3, 3, 3, 3, 0, 3, 3, 3, 3, 3, 3, 3, 3, 3, 3, 3, 3, 3, 3, 3, 3, 3, 3, 3, 2, 3, 2, 3, 3, 3, 3, 3, 2, 2, 3, 2, 2, 2, 2, 2, 2, 2, 2, 2, 2, 2, 3, 2, 2, 2, 2, 2, 2, 2, 2, 2, 2, 2, 2, 2, 2, 2, 2, 2, 2, 2, 2, 2, 2] 
dagM15.txt 1234x1.txt True 0.26303854875283444 0.8 1090.0 [1, 1, 1, 1, 1, 1, 1, 1, 1, 1, 1, 1, 1, 1, 1, 1, 1, 1, 1, 1, 1, 1, 1, 1, 1, 1, 1, 1, 1, 1, 1, 1, 1, 1, 1, 0, 1, 1, 0, 0, 0, 0, 1, 0, 0, 0, 0, 0, 0, 0, 0, 0, 0, 0, 0, 0, 0, 0, 0, 0, 0, 0, 0, 0, 0, 3, 0, 0, 0, 0, 0, 0, 0, 0, 3, 0, 0, 3, 0, 3, 3, 3, 3, 3, 3, 0, 3, 3, 3, 3, 3, 3, 3, 3, 3, 3, 3, 3, 3, 3, 3, 3, 3, 3, 3, 2, 3, 2, 3, 3, 3, 3, 3, 2, 2, 3, 2, 2, 2, 2, 2, 2, 2, 2, 2, 2, 2, 3, 2, 2, 2, 2, 2, 2, 2, 2, 2, 2, 2, 2, 2, 2, 2, 2, 2, 2, 2, 2, 2, 2] 
dagM15.txt 1234x1.txt True 0.26303854875283444 0.9 1090.0 [1, 1, 1, 1, 1, 1, 1, 1, 1, 1, 1, 1, 1, 1, 1, 1, 1, 1, 1, 1, 1, 1, 1, 1, 1, 1, 1, 1, 1, 1, 1, 1, 1, 1, 1, 0, 1, 1, 0, 0, 0, 0, 1, 0, 0, 0, 0, 0, 0, 0, 0, 0, 0, 0, 0, 0, 0, 0, 0, 0, 0, 0, 0, 0, 0, 3, 0, 0, 0, 0, 0, 0, 0, 0, 3, 0, 0, 3, 0, 3, 3, 3, 3, 3, 3, 0, 3, 3, 3, 3, 3, 3, 3, 3, 3, 3, 3, 3, 3, 3, 3, 3, 3, 3, 3, 2, 3, 2, 3, 3, 3, 3, 3, 2, 2, 3, 2, 2, 2, 2, 2, 2, 2, 2, 2, 2, 2, 3, 2, 2, 2, 2, 2, 2, 2, 2, 2, 2, 2, 2, 2, 2, 2, 2, 2, 2, 2, 2, 2, 2] 
dagM15.txt 1234x1.txt True 0.26303854875283444 1 1090.0 [1, 1, 1, 1, 1, 1, 1, 1, 1, 1, 1, 1, 1, 1, 1, 1, 1, 1, 1, 1, 1, 1, 1, 1, 1, 1, 1, 1, 1, 1, 1, 1, 1, 1, 1, 0, 1, 1, 0, 0, 0, 0, 1, 0, 0, 0, 0, 0, 0, 0, 0, 0, 0, 0, 0, 0, 0, 0, 0, 0, 0, 0, 0, 0, 0, 3, 0, 0, 0, 0, 0, 0, 0, 0, 3, 0, 0, 3, 0, 3, 3, 3, 3, 3, 3, 0, 3, 3, 3, 3, 3, 3, 3, 3, 3, 3, 3, 3, 3, 3, 3, 3, 3, 3, 3, 2, 3, 2, 3, 3, 3, 3, 3, 2, 2, 3, 2, 2, 2, 2, 2, 2, 2, 2, 2, 2, 2, 3, 2, 2, 2, 2, 2, 2, 2, 2, 2, 2, 2, 2, 2, 2, 2, 2, 2, 2, 2, 2, 2, 2] 
dagM15.txt 1234x3.txt True 0.41723356009070295 0.5 513.0 [2, 2, 2, 2, 2, 2, 2, 2, 2, 2, 2, 2, 2, 2, 2, 2, 2, 3, 3, 2, 2, 2, 2, 2, 2, 1, 2, 2, 2, 2, 2, 2, 2, 1, 2, 3, 3, 3, 5, 5, 5, 5, 5, 5, 5, 5, 5, 1, 5, 5, 5, 5, 5, 5, 5, 5, 5, 5, 5, 5, 5, 5, 5, 5, 5, 5, 5, 5, 5, 5, 5, 5, 5, 5, 5, 11, 5, 11, 11, 11, 11, 11, 11, 10, 11, 11, 11, 11, 11, 11, 11, 11, 7, 10, 11, 10, 11, 11, 11, 11, 11, 10, 7, 7, 7, 7, 7, 7, 7, 7, 7, 7, 7, 7, 7, 11, 7, 7, 7, 7, 7, 7, 7, 7, 7, 7, 7, 7, 7, 7, 7, 6, 7, 7, 7, 7, 7, 7, 7, 7, 7, 8, 8, 7, 6, 6, 7, 7, 8, 8] 
dagM15.txt 1234x3.txt True 0.41723356009070295 0.6 513.0 [2, 2, 2, 2, 2, 2, 2, 2, 2, 2, 2, 2, 2, 2, 2, 2, 2, 3, 3, 2, 2, 2, 2, 2, 2, 1, 2, 2, 2, 2, 2, 2, 2, 1, 2, 3, 3, 3, 5, 5, 5, 5, 5, 5, 5, 5, 5, 1, 5, 5, 5, 5, 5, 5, 5, 5, 5, 5, 5, 5, 5, 5, 5, 5, 5, 5, 5, 5, 5, 5, 5, 5, 5, 5, 5, 11, 5, 11, 11, 11, 11, 11, 11, 10, 11, 11, 11, 11, 11, 11, 11, 11, 7, 10, 11, 10, 11, 11, 11, 11, 11, 10, 7, 7, 7, 7, 7, 7, 7, 7, 7, 7, 7, 7, 7, 11, 7, 7, 7, 7, 7, 7, 7, 7, 7, 7, 7, 7, 7, 7, 7, 6, 7, 7, 7, 7, 7, 7, 7, 7, 7, 8, 8, 7, 6, 6, 7, 7, 8, 8] 
dagM15.txt 1234x3.txt True 0.6961451247165533 0.7 685.0 [10, 10, 10, 11, 10, 10, 10, 11, 10, 10, 9, 10, 10, 10, 11, 10, 10, 10, 6, 10, 10, 10, 10, 10, 10, 9, 11, 11, 11, 6, 10, 11, 11, 9, 6, 6, 9, 6, 7, 6, 9, 7, 11, 6, 7, 9, 7, 7, 6, 10, 7, 6, 7, 7, 7, 7, 7, 8, 7, 7, 6, 8, 7, 7, 8, 7, 7, 7, 7, 8, 8, 7, 7, 7, 7, 1, 8, 2, 2, 1, 1, 1, 1, 0, 1, 2, 2, 1, 1, 2, 1, 1, 4, 8, 2, 0, 1, 1, 1, 4, 4, 0, 0, 4, 1, 4, 0, 4, 4, 4, 4, 4, 1, 4, 4, 4, 4, 4, 4, 0, 3, 4, 0, 5, 4, 4, 3, 5, 4, 4, 5, 5, 4, 5, 5, 3, 4, 3, 3, 5, 5, 3, 5, 5, 5, 5, 3, 3, 5, 3] 
dagM15.txt 1234x3.txt True 0.7596371882086168 0.8 418.0 [7, 7, 7, 7, 7, 7, 7, 8, 8, 10, 8, 7, 7, 7, 8, 8, 8, 8, 8, 7, 7, 6, 7, 7, 8, 6, 6, 7, 8, 6, 6, 10, 8, 6, 6, 10, 8, 9, 10, 9, 11, 9, 6, 10, 10, 11, 10, 6, 6, 6, 11, 10, 9, 10, 9, 10, 11, 9, 9, 11, 10, 11, 10, 10, 11, 10, 9, 9, 9, 11, 11, 11, 9, 9, 4, 9, 11, 4, 4, 4, 4, 10, 4, 5, 3, 4, 4, 4, 3, 4, 5, 4, 5, 11, 3, 5, 10, 5, 2, 5, 3, 5, 3, 5, 5, 1, 3, 1, 5, 5, 5, 1, 5, 1, 1, 5, 1, 2, 2, 3, 2, 1, 3, 0, 1, 1, 0, 1, 2, 1, 1, 2, 2, 0, 1, 2, 2, 2, 1, 0, 0, 0, 0, 0, 2, 2, 0, 0, 0, 0] 
dagM15.txt 1234x3.txt True 0.7596371882086168 0.9 418.0 [7, 7, 7, 7, 7, 7, 7, 8, 8, 10, 8, 7, 7, 7, 8, 8, 8, 8, 8, 7, 7, 6, 7, 7, 8, 6, 6, 7, 8, 6, 6, 10, 8, 6, 6, 10, 8, 9, 10, 9, 11, 9, 6, 10, 10, 11, 10, 6, 6, 6, 11, 10, 9, 10, 9, 10, 11, 9, 9, 11, 10, 11, 10, 10, 11, 10, 9, 9, 9, 11, 11, 11, 9, 9, 4, 9, 11, 4, 4, 4, 4, 10, 4, 5, 3, 4, 4, 4, 3, 4, 5, 4, 5, 11, 3, 5, 10, 5, 2, 5, 3, 5, 3, 5, 5, 1, 3, 1, 5, 5, 5, 1, 5, 1, 1, 5, 1, 2, 2, 3, 2, 1, 3, 0, 1, 1, 0, 1, 2, 1, 1, 2, 2, 0, 1, 2, 2, 2, 1, 0, 0, 0, 0, 0, 2, 2, 0, 0, 0, 0] 
dagM15.txt 1234x3.txt True 0.7596371882086168 1 418.0 [7, 7, 7, 7, 7, 7, 7, 8, 8, 10, 8, 7, 7, 7, 8, 8, 8, 8, 8, 7, 7, 6, 7, 7, 8, 6, 6, 7, 8, 6, 6, 10, 8, 6, 6, 10, 8, 9, 10, 9, 11, 9, 6, 10, 10, 11, 10, 6, 6, 6, 11, 10, 9, 10, 9, 10, 11, 9, 9, 11, 10, 11, 10, 10, 11, 10, 9, 9, 9, 11, 11, 11, 9, 9, 4, 9, 11, 4, 4, 4, 4, 10, 4, 5, 3, 4, 4, 4, 3, 4, 5, 4, 5, 11, 3, 5, 10, 5, 2, 5, 3, 5, 3, 5, 5, 1, 3, 1, 5, 5, 5, 1, 5, 1, 1, 5, 1, 2, 2, 3, 2, 1, 3, 0, 1, 1, 0, 1, 2, 1, 1, 2, 2, 0, 1, 2, 2, 2, 1, 0, 0, 0, 0, 0, 2, 2, 0, 0, 0, 0] 
dagM15.txt 1234x3.txt True 0.41723356009070295 0.5 513.0 [2, 2, 2, 2, 2, 2, 2, 2, 2, 2, 2, 2, 2, 2, 2, 2, 2, 3, 3, 2, 2, 2, 2, 2, 2, 1, 2, 2, 2, 2, 2, 2, 2, 1, 2, 3, 3, 3, 5, 5, 5, 5, 5, 5, 5, 5, 5, 1, 5, 5, 5, 5, 5, 5, 5, 5, 5, 5, 5, 5, 5, 5, 5, 5, 5, 5, 5, 5, 5, 5, 5, 5, 5, 5, 5, 11, 5, 11, 11, 11, 11, 11, 11, 10, 11, 11, 11, 11, 11, 11, 11, 11, 7, 10, 11, 10, 11, 11, 11, 11, 11, 10, 7, 7, 7, 7, 7, 7, 7, 7, 7, 7, 7, 7, 7, 11, 7, 7, 7, 7, 7, 7, 7, 7, 7, 7, 7, 7, 7, 7, 7, 6, 7, 7, 7, 7, 7, 7, 7, 7, 7, 8, 8, 7, 6, 6, 7, 7, 8, 8] 
dagM15.txt 1234x3.txt True 0.41723356009070295 0.6 513.0 [2, 2, 2, 2, 2, 2, 2, 2, 2, 2, 2, 2, 2, 2, 2, 2, 2, 3, 3, 2, 2, 2, 2, 2, 2, 1, 2, 2, 2, 2, 2, 2, 2, 1, 2, 3, 3, 3, 5, 5, 5, 5, 5, 5, 5, 5, 5, 1, 5, 5, 5, 5, 5, 5, 5, 5, 5, 5, 5, 5, 5, 5, 5, 5, 5, 5, 5, 5, 5, 5, 5, 5, 5, 5, 5, 11, 5, 11, 11, 11, 11, 11, 11, 10, 11, 11, 11, 11, 11, 11, 11, 11, 7, 10, 11, 10, 11, 11, 11, 11, 11, 10, 7, 7, 7, 7, 7, 7, 7, 7, 7, 7, 7, 7, 7, 11, 7, 7, 7, 7, 7, 7, 7, 7, 7, 7, 7, 7, 7, 7, 7, 6, 7, 7, 7, 7, 7, 7, 7, 7, 7, 8, 8, 7, 6, 6, 7, 7, 8, 8] 
dagM15.txt 1234x3.txt True 0.6961451247165533 0.7 685.0 [10, 10, 10, 11, 10, 10, 10, 11, 10, 10, 9, 10, 10, 10, 11, 10, 10, 10, 6, 10, 10, 10, 10, 10, 10, 9, 11, 11, 11, 6, 10, 11, 11, 9, 6, 6, 9, 6, 7, 6, 9, 7, 11, 6, 7, 9, 7, 7, 6, 10, 7, 6, 7, 7, 7, 7, 7, 8, 7, 7, 6, 8, 7, 7, 8, 7, 7, 7, 7, 8, 8, 7, 7, 7, 7, 1, 8, 2, 2, 1, 1, 1, 1, 0, 1, 2, 2, 1, 1, 2, 1, 1, 4, 8, 2, 0, 1, 1, 1, 4, 4, 0, 0, 4, 1, 4, 0, 4, 4, 4, 4, 4, 1, 4, 4, 4, 4, 4, 4, 0, 3, 4, 0, 5, 4, 4, 3, 5, 4, 4, 5, 5, 4, 5, 5, 3, 4, 3, 3, 5, 5, 3, 5, 5, 5, 5, 3, 3, 5, 3] 
dagM15.txt 1234x3.txt True 0.7596371882086168 0.8 418.0 [7, 7, 7, 7, 7, 7, 7, 8, 8, 10, 8, 7, 7, 7, 8, 8, 8, 8, 8, 7, 7, 6, 7, 7, 8, 6, 6, 7, 8, 6, 6, 10, 8, 6, 6, 10, 8, 9, 10, 9, 11, 9, 6, 10, 10, 11, 10, 6, 6, 6, 11, 10, 9, 10, 9, 10, 11, 9, 9, 11, 10, 11, 10, 10, 11, 10, 9, 9, 9, 11, 11, 11, 9, 9, 4, 9, 11, 4, 4, 4, 4, 10, 4, 5, 3, 4, 4, 4, 3, 4, 5, 4, 5, 11, 3, 5, 10, 5, 2, 5, 3, 5, 3, 5, 5, 1, 3, 1, 5, 5, 5, 1, 5, 1, 1, 5, 1, 2, 2, 3, 2, 1, 3, 0, 1, 1, 0, 1, 2, 1, 1, 2, 2, 0, 1, 2, 2, 2, 1, 0, 0, 0, 0, 0, 2, 2, 0, 0, 0, 0] 
dagM15.txt 1234x3.txt True 0.7596371882086168 0.9 418.0 [7, 7, 7, 7, 7, 7, 7, 8, 8, 10, 8, 7, 7, 7, 8, 8, 8, 8, 8, 7, 7, 6, 7, 7, 8, 6, 6, 7, 8, 6, 6, 10, 8, 6, 6, 10, 8, 9, 10, 9, 11, 9, 6, 10, 10, 11, 10, 6, 6, 6, 11, 10, 9, 10, 9, 10, 11, 9, 9, 11, 10, 11, 10, 10, 11, 10, 9, 9, 9, 11, 11, 11, 9, 9, 4, 9, 11, 4, 4, 4, 4, 10, 4, 5, 3, 4, 4, 4, 3, 4, 5, 4, 5, 11, 3, 5, 10, 5, 2, 5, 3, 5, 3, 5, 5, 1, 3, 1, 5, 5, 5, 1, 5, 1, 1, 5, 1, 2, 2, 3, 2, 1, 3, 0, 1, 1, 0, 1, 2, 1, 1, 2, 2, 0, 1, 2, 2, 2, 1, 0, 0, 0, 0, 0, 2, 2, 0, 0, 0, 0] 
dagM15.txt 1234x3.txt True 0.7596371882086168 1 418.0 [7, 7, 7, 7, 7, 7, 7, 8, 8, 10, 8, 7, 7, 7, 8, 8, 8, 8, 8, 7, 7, 6, 7, 7, 8, 6, 6, 7, 8, 6, 6, 10, 8, 6, 6, 10, 8, 9, 10, 9, 11, 9, 6, 10, 10, 11, 10, 6, 6, 6, 11, 10, 9, 10, 9, 10, 11, 9, 9, 11, 10, 11, 10, 10, 11, 10, 9, 9, 9, 11, 11, 11, 9, 9, 4, 9, 11, 4, 4, 4, 4, 10, 4, 5, 3, 4, 4, 4, 3, 4, 5, 4, 5, 11, 3, 5, 10, 5, 2, 5, 3, 5, 3, 5, 5, 1, 3, 1, 5, 5, 5, 1, 5, 1, 1, 5, 1, 2, 2, 3, 2, 1, 3, 0, 1, 1, 0, 1, 2, 1, 1, 2, 2, 0, 1, 2, 2, 2, 1, 0, 0, 0, 0, 0, 2, 2, 0, 0, 0, 0] 
dagM15.txt 1234x3.txt True 0.41723356009070295 0.5 513.0 [2, 2, 2, 2, 2, 2, 2, 2, 2, 2, 2, 2, 2, 2, 2, 2, 2, 3, 3, 2, 2, 2, 2, 2, 2, 1, 2, 2, 2, 2, 2, 2, 2, 1, 2, 3, 3, 3, 5, 5, 5, 5, 5, 5, 5, 5, 5, 1, 5, 5, 5, 5, 5, 5, 5, 5, 5, 5, 5, 5, 5, 5, 5, 5, 5, 5, 5, 5, 5, 5, 5, 5, 5, 5, 5, 11, 5, 11, 11, 11, 11, 11, 11, 10, 11, 11, 11, 11, 11, 11, 11, 11, 7, 10, 11, 10, 11, 11, 11, 11, 11, 10, 7, 7, 7, 7, 7, 7, 7, 7, 7, 7, 7, 7, 7, 11, 7, 7, 7, 7, 7, 7, 7, 7, 7, 7, 7, 7, 7, 7, 7, 6, 7, 7, 7, 7, 7, 7, 7, 7, 7, 8, 8, 7, 6, 6, 7, 7, 8, 8] 
dagM15.txt 1234x3.txt True 0.41723356009070295 0.6 513.0 [2, 2, 2, 2, 2, 2, 2, 2, 2, 2, 2, 2, 2, 2, 2, 2, 2, 3, 3, 2, 2, 2, 2, 2, 2, 1, 2, 2, 2, 2, 2, 2, 2, 1, 2, 3, 3, 3, 5, 5, 5, 5, 5, 5, 5, 5, 5, 1, 5, 5, 5, 5, 5, 5, 5, 5, 5, 5, 5, 5, 5, 5, 5, 5, 5, 5, 5, 5, 5, 5, 5, 5, 5, 5, 5, 11, 5, 11, 11, 11, 11, 11, 11, 10, 11, 11, 11, 11, 11, 11, 11, 11, 7, 10, 11, 10, 11, 11, 11, 11, 11, 10, 7, 7, 7, 7, 7, 7, 7, 7, 7, 7, 7, 7, 7, 11, 7, 7, 7, 7, 7, 7, 7, 7, 7, 7, 7, 7, 7, 7, 7, 6, 7, 7, 7, 7, 7, 7, 7, 7, 7, 8, 8, 7, 6, 6, 7, 7, 8, 8] 
dagM15.txt 1234x3.txt True 0.6961451247165533 0.7 685.0 [10, 10, 10, 11, 10, 10, 10, 11, 10, 10, 9, 10, 10, 10, 11, 10, 10, 10, 6, 10, 10, 10, 10, 10, 10, 9, 11, 11, 11, 6, 10, 11, 11, 9, 6, 6, 9, 6, 7, 6, 9, 7, 11, 6, 7, 9, 7, 7, 6, 10, 7, 6, 7, 7, 7, 7, 7, 8, 7, 7, 6, 8, 7, 7, 8, 7, 7, 7, 7, 8, 8, 7, 7, 7, 7, 1, 8, 2, 2, 1, 1, 1, 1, 0, 1, 2, 2, 1, 1, 2, 1, 1, 4, 8, 2, 0, 1, 1, 1, 4, 4, 0, 0, 4, 1, 4, 0, 4, 4, 4, 4, 4, 1, 4, 4, 4, 4, 4, 4, 0, 3, 4, 0, 5, 4, 4, 3, 5, 4, 4, 5, 5, 4, 5, 5, 3, 4, 3, 3, 5, 5, 3, 5, 5, 5, 5, 3, 3, 5, 3] 
dagM15.txt 1234x3.txt True 0.7596371882086168 0.8 418.0 [7, 7, 7, 7, 7, 7, 7, 8, 8, 10, 8, 7, 7, 7, 8, 8, 8, 8, 8, 7, 7, 6, 7, 7, 8, 6, 6, 7, 8, 6, 6, 10, 8, 6, 6, 10, 8, 9, 10, 9, 11, 9, 6, 10, 10, 11, 10, 6, 6, 6, 11, 10, 9, 10, 9, 10, 11, 9, 9, 11, 10, 11, 10, 10, 11, 10, 9, 9, 9, 11, 11, 11, 9, 9, 4, 9, 11, 4, 4, 4, 4, 10, 4, 5, 3, 4, 4, 4, 3, 4, 5, 4, 5, 11, 3, 5, 10, 5, 2, 5, 3, 5, 3, 5, 5, 1, 3, 1, 5, 5, 5, 1, 5, 1, 1, 5, 1, 2, 2, 3, 2, 1, 3, 0, 1, 1, 0, 1, 2, 1, 1, 2, 2, 0, 1, 2, 2, 2, 1, 0, 0, 0, 0, 0, 2, 2, 0, 0, 0, 0] 
dagM15.txt 1234x3.txt True 0.7596371882086168 0.9 418.0 [7, 7, 7, 7, 7, 7, 7, 8, 8, 10, 8, 7, 7, 7, 8, 8, 8, 8, 8, 7, 7, 6, 7, 7, 8, 6, 6, 7, 8, 6, 6, 10, 8, 6, 6, 10, 8, 9, 10, 9, 11, 9, 6, 10, 10, 11, 10, 6, 6, 6, 11, 10, 9, 10, 9, 10, 11, 9, 9, 11, 10, 11, 10, 10, 11, 10, 9, 9, 9, 11, 11, 11, 9, 9, 4, 9, 11, 4, 4, 4, 4, 10, 4, 5, 3, 4, 4, 4, 3, 4, 5, 4, 5, 11, 3, 5, 10, 5, 2, 5, 3, 5, 3, 5, 5, 1, 3, 1, 5, 5, 5, 1, 5, 1, 1, 5, 1, 2, 2, 3, 2, 1, 3, 0, 1, 1, 0, 1, 2, 1, 1, 2, 2, 0, 1, 2, 2, 2, 1, 0, 0, 0, 0, 0, 2, 2, 0, 0, 0, 0] 
dagM15.txt 1234x3.txt True 0.7596371882086168 1 418.0 [7, 7, 7, 7, 7, 7, 7, 8, 8, 10, 8, 7, 7, 7, 8, 8, 8, 8, 8, 7, 7, 6, 7, 7, 8, 6, 6, 7, 8, 6, 6, 10, 8, 6, 6, 10, 8, 9, 10, 9, 11, 9, 6, 10, 10, 11, 10, 6, 6, 6, 11, 10, 9, 10, 9, 10, 11, 9, 9, 11, 10, 11, 10, 10, 11, 10, 9, 9, 9, 11, 11, 11, 9, 9, 4, 9, 11, 4, 4, 4, 4, 10, 4, 5, 3, 4, 4, 4, 3, 4, 5, 4, 5, 11, 3, 5, 10, 5, 2, 5, 3, 5, 3, 5, 5, 1, 3, 1, 5, 5, 5, 1, 5, 1, 1, 5, 1, 2, 2, 3, 2, 1, 3, 0, 1, 1, 0, 1, 2, 1, 1, 2, 2, 0, 1, 2, 2, 2, 1, 0, 0, 0, 0, 0, 2, 2, 0, 0, 0, 0] 
dagM15.txt 1234x3.txt True 0.41723356009070295 0.5 513.0 [2, 2, 2, 2, 2, 2, 2, 2, 2, 2, 2, 2, 2, 2, 2, 2, 2, 3, 3, 2, 2, 2, 2, 2, 2, 1, 2, 2, 2, 2, 2, 2, 2, 1, 2, 3, 3, 3, 5, 5, 5, 5, 5, 5, 5, 5, 5, 1, 5, 5, 5, 5, 5, 5, 5, 5, 5, 5, 5, 5, 5, 5, 5, 5, 5, 5, 5, 5, 5, 5, 5, 5, 5, 5, 5, 11, 5, 11, 11, 11, 11, 11, 11, 10, 11, 11, 11, 11, 11, 11, 11, 11, 7, 10, 11, 10, 11, 11, 11, 11, 11, 10, 7, 7, 7, 7, 7, 7, 7, 7, 7, 7, 7, 7, 7, 11, 7, 7, 7, 7, 7, 7, 7, 7, 7, 7, 7, 7, 7, 7, 7, 6, 7, 7, 7, 7, 7, 7, 7, 7, 7, 8, 8, 7, 6, 6, 7, 7, 8, 8] 
dagM15.txt 1234x3.txt True 0.41723356009070295 0.6 513.0 [2, 2, 2, 2, 2, 2, 2, 2, 2, 2, 2, 2, 2, 2, 2, 2, 2, 3, 3, 2, 2, 2, 2, 2, 2, 1, 2, 2, 2, 2, 2, 2, 2, 1, 2, 3, 3, 3, 5, 5, 5, 5, 5, 5, 5, 5, 5, 1, 5, 5, 5, 5, 5, 5, 5, 5, 5, 5, 5, 5, 5, 5, 5, 5, 5, 5, 5, 5, 5, 5, 5, 5, 5, 5, 5, 11, 5, 11, 11, 11, 11, 11, 11, 10, 11, 11, 11, 11, 11, 11, 11, 11, 7, 10, 11, 10, 11, 11, 11, 11, 11, 10, 7, 7, 7, 7, 7, 7, 7, 7, 7, 7, 7, 7, 7, 11, 7, 7, 7, 7, 7, 7, 7, 7, 7, 7, 7, 7, 7, 7, 7, 6, 7, 7, 7, 7, 7, 7, 7, 7, 7, 8, 8, 7, 6, 6, 7, 7, 8, 8] 
dagM15.txt 1234x3.txt True 0.6961451247165533 0.7 685.0 [10, 10, 10, 11, 10, 10, 10, 11, 10, 10, 9, 10, 10, 10, 11, 10, 10, 10, 6, 10, 10, 10, 10, 10, 10, 9, 11, 11, 11, 6, 10, 11, 11, 9, 6, 6, 9, 6, 7, 6, 9, 7, 11, 6, 7, 9, 7, 7, 6, 10, 7, 6, 7, 7, 7, 7, 7, 8, 7, 7, 6, 8, 7, 7, 8, 7, 7, 7, 7, 8, 8, 7, 7, 7, 7, 1, 8, 2, 2, 1, 1, 1, 1, 0, 1, 2, 2, 1, 1, 2, 1, 1, 4, 8, 2, 0, 1, 1, 1, 4, 4, 0, 0, 4, 1, 4, 0, 4, 4, 4, 4, 4, 1, 4, 4, 4, 4, 4, 4, 0, 3, 4, 0, 5, 4, 4, 3, 5, 4, 4, 5, 5, 4, 5, 5, 3, 4, 3, 3, 5, 5, 3, 5, 5, 5, 5, 3, 3, 5, 3] 
dagM15.txt 1234x3.txt True 0.7596371882086168 0.8 418.0 [7, 7, 7, 7, 7, 7, 7, 8, 8, 10, 8, 7, 7, 7, 8, 8, 8, 8, 8, 7, 7, 6, 7, 7, 8, 6, 6, 7, 8, 6, 6, 10, 8, 6, 6, 10, 8, 9, 10, 9, 11, 9, 6, 10, 10, 11, 10, 6, 6, 6, 11, 10, 9, 10, 9, 10, 11, 9, 9, 11, 10, 11, 10, 10, 11, 10, 9, 9, 9, 11, 11, 11, 9, 9, 4, 9, 11, 4, 4, 4, 4, 10, 4, 5, 3, 4, 4, 4, 3, 4, 5, 4, 5, 11, 3, 5, 10, 5, 2, 5, 3, 5, 3, 5, 5, 1, 3, 1, 5, 5, 5, 1, 5, 1, 1, 5, 1, 2, 2, 3, 2, 1, 3, 0, 1, 1, 0, 1, 2, 1, 1, 2, 2, 0, 1, 2, 2, 2, 1, 0, 0, 0, 0, 0, 2, 2, 0, 0, 0, 0] 
dagM15.txt 1234x3.txt True 0.7596371882086168 0.9 418.0 [7, 7, 7, 7, 7, 7, 7, 8, 8, 10, 8, 7, 7, 7, 8, 8, 8, 8, 8, 7, 7, 6, 7, 7, 8, 6, 6, 7, 8, 6, 6, 10, 8, 6, 6, 10, 8, 9, 10, 9, 11, 9, 6, 10, 10, 11, 10, 6, 6, 6, 11, 10, 9, 10, 9, 10, 11, 9, 9, 11, 10, 11, 10, 10, 11, 10, 9, 9, 9, 11, 11, 11, 9, 9, 4, 9, 11, 4, 4, 4, 4, 10, 4, 5, 3, 4, 4, 4, 3, 4, 5, 4, 5, 11, 3, 5, 10, 5, 2, 5, 3, 5, 3, 5, 5, 1, 3, 1, 5, 5, 5, 1, 5, 1, 1, 5, 1, 2, 2, 3, 2, 1, 3, 0, 1, 1, 0, 1, 2, 1, 1, 2, 2, 0, 1, 2, 2, 2, 1, 0, 0, 0, 0, 0, 2, 2, 0, 0, 0, 0] 
dagM15.txt 1234x3.txt True 0.7596371882086168 1 418.0 [7, 7, 7, 7, 7, 7, 7, 8, 8, 10, 8, 7, 7, 7, 8, 8, 8, 8, 8, 7, 7, 6, 7, 7, 8, 6, 6, 7, 8, 6, 6, 10, 8, 6, 6, 10, 8, 9, 10, 9, 11, 9, 6, 10, 10, 11, 10, 6, 6, 6, 11, 10, 9, 10, 9, 10, 11, 9, 9, 11, 10, 11, 10, 10, 11, 10, 9, 9, 9, 11, 11, 11, 9, 9, 4, 9, 11, 4, 4, 4, 4, 10, 4, 5, 3, 4, 4, 4, 3, 4, 5, 4, 5, 11, 3, 5, 10, 5, 2, 5, 3, 5, 3, 5, 5, 1, 3, 1, 5, 5, 5, 1, 5, 1, 1, 5, 1, 2, 2, 3, 2, 1, 3, 0, 1, 1, 0, 1, 2, 1, 1, 2, 2, 0, 1, 2, 2, 2, 1, 0, 0, 0, 0, 0, 2, 2, 0, 0, 0, 0] 
dagM15.txt 1234x3.txt True 0.41723356009070295 0.5 513.0 [2, 2, 2, 2, 2, 2, 2, 2, 2, 2, 2, 2, 2, 2, 2, 2, 2, 3, 3, 2, 2, 2, 2, 2, 2, 1, 2, 2, 2, 2, 2, 2, 2, 1, 2, 3, 3, 3, 5, 5, 5, 5, 5, 5, 5, 5, 5, 1, 5, 5, 5, 5, 5, 5, 5, 5, 5, 5, 5, 5, 5, 5, 5, 5, 5, 5, 5, 5, 5, 5, 5, 5, 5, 5, 5, 11, 5, 11, 11, 11, 11, 11, 11, 10, 11, 11, 11, 11, 11, 11, 11, 11, 7, 10, 11, 10, 11, 11, 11, 11, 11, 10, 7, 7, 7, 7, 7, 7, 7, 7, 7, 7, 7, 7, 7, 11, 7, 7, 7, 7, 7, 7, 7, 7, 7, 7, 7, 7, 7, 7, 7, 6, 7, 7, 7, 7, 7, 7, 7, 7, 7, 8, 8, 7, 6, 6, 7, 7, 8, 8] 
dagM15.txt 1234x3.txt True 0.41723356009070295 0.6 513.0 [2, 2, 2, 2, 2, 2, 2, 2, 2, 2, 2, 2, 2, 2, 2, 2, 2, 3, 3, 2, 2, 2, 2, 2, 2, 1, 2, 2, 2, 2, 2, 2, 2, 1, 2, 3, 3, 3, 5, 5, 5, 5, 5, 5, 5, 5, 5, 1, 5, 5, 5, 5, 5, 5, 5, 5, 5, 5, 5, 5, 5, 5, 5, 5, 5, 5, 5, 5, 5, 5, 5, 5, 5, 5, 5, 11, 5, 11, 11, 11, 11, 11, 11, 10, 11, 11, 11, 11, 11, 11, 11, 11, 7, 10, 11, 10, 11, 11, 11, 11, 11, 10, 7, 7, 7, 7, 7, 7, 7, 7, 7, 7, 7, 7, 7, 11, 7, 7, 7, 7, 7, 7, 7, 7, 7, 7, 7, 7, 7, 7, 7, 6, 7, 7, 7, 7, 7, 7, 7, 7, 7, 8, 8, 7, 6, 6, 7, 7, 8, 8] 
dagM15.txt 1234x3.txt True 0.6961451247165533 0.7 685.0 [10, 10, 10, 11, 10, 10, 10, 11, 10, 10, 9, 10, 10, 10, 11, 10, 10, 10, 6, 10, 10, 10, 10, 10, 10, 9, 11, 11, 11, 6, 10, 11, 11, 9, 6, 6, 9, 6, 7, 6, 9, 7, 11, 6, 7, 9, 7, 7, 6, 10, 7, 6, 7, 7, 7, 7, 7, 8, 7, 7, 6, 8, 7, 7, 8, 7, 7, 7, 7, 8, 8, 7, 7, 7, 7, 1, 8, 2, 2, 1, 1, 1, 1, 0, 1, 2, 2, 1, 1, 2, 1, 1, 4, 8, 2, 0, 1, 1, 1, 4, 4, 0, 0, 4, 1, 4, 0, 4, 4, 4, 4, 4, 1, 4, 4, 4, 4, 4, 4, 0, 3, 4, 0, 5, 4, 4, 3, 5, 4, 4, 5, 5, 4, 5, 5, 3, 4, 3, 3, 5, 5, 3, 5, 5, 5, 5, 3, 3, 5, 3] 
dagM15.txt 1234x3.txt True 0.7596371882086168 0.8 418.0 [7, 7, 7, 7, 7, 7, 7, 8, 8, 10, 8, 7, 7, 7, 8, 8, 8, 8, 8, 7, 7, 6, 7, 7, 8, 6, 6, 7, 8, 6, 6, 10, 8, 6, 6, 10, 8, 9, 10, 9, 11, 9, 6, 10, 10, 11, 10, 6, 6, 6, 11, 10, 9, 10, 9, 10, 11, 9, 9, 11, 10, 11, 10, 10, 11, 10, 9, 9, 9, 11, 11, 11, 9, 9, 4, 9, 11, 4, 4, 4, 4, 10, 4, 5, 3, 4, 4, 4, 3, 4, 5, 4, 5, 11, 3, 5, 10, 5, 2, 5, 3, 5, 3, 5, 5, 1, 3, 1, 5, 5, 5, 1, 5, 1, 1, 5, 1, 2, 2, 3, 2, 1, 3, 0, 1, 1, 0, 1, 2, 1, 1, 2, 2, 0, 1, 2, 2, 2, 1, 0, 0, 0, 0, 0, 2, 2, 0, 0, 0, 0] 
dagM15.txt 1234x3.txt True 0.7596371882086168 0.9 418.0 [7, 7, 7, 7, 7, 7, 7, 8, 8, 10, 8, 7, 7, 7, 8, 8, 8, 8, 8, 7, 7, 6, 7, 7, 8, 6, 6, 7, 8, 6, 6, 10, 8, 6, 6, 10, 8, 9, 10, 9, 11, 9, 6, 10, 10, 11, 10, 6, 6, 6, 11, 10, 9, 10, 9, 10, 11, 9, 9, 11, 10, 11, 10, 10, 11, 10, 9, 9, 9, 11, 11, 11, 9, 9, 4, 9, 11, 4, 4, 4, 4, 10, 4, 5, 3, 4, 4, 4, 3, 4, 5, 4, 5, 11, 3, 5, 10, 5, 2, 5, 3, 5, 3, 5, 5, 1, 3, 1, 5, 5, 5, 1, 5, 1, 1, 5, 1, 2, 2, 3, 2, 1, 3, 0, 1, 1, 0, 1, 2, 1, 1, 2, 2, 0, 1, 2, 2, 2, 1, 0, 0, 0, 0, 0, 2, 2, 0, 0, 0, 0] 
dagM15.txt 1234x3.txt True 0.7596371882086168 1 418.0 [7, 7, 7, 7, 7, 7, 7, 8, 8, 10, 8, 7, 7, 7, 8, 8, 8, 8, 8, 7, 7, 6, 7, 7, 8, 6, 6, 7, 8, 6, 6, 10, 8, 6, 6, 10, 8, 9, 10, 9, 11, 9, 6, 10, 10, 11, 10, 6, 6, 6, 11, 10, 9, 10, 9, 10, 11, 9, 9, 11, 10, 11, 10, 10, 11, 10, 9, 9, 9, 11, 11, 11, 9, 9, 4, 9, 11, 4, 4, 4, 4, 10, 4, 5, 3, 4, 4, 4, 3, 4, 5, 4, 5, 11, 3, 5, 10, 5, 2, 5, 3, 5, 3, 5, 5, 1, 3, 1, 5, 5, 5, 1, 5, 1, 1, 5, 1, 2, 2, 3, 2, 1, 3, 0, 1, 1, 0, 1, 2, 1, 1, 2, 2, 0, 1, 2, 2, 2, 1, 0, 0, 0, 0, 0, 2, 2, 0, 0, 0, 0] 
