triadag10_0.txt 3_2x1correct.txt 0.07 50 0.14444444444444443 True 0.07 10000000582.0 None 
triadag10_0.txt 3_2x1correct.txt 0.07 50 0.14444444444444443 True 0.2 582.0 [0, 0, 0, 0, 0, 0, 0, 0, 0, 0, 0, 0, 0, 0, 0, 0, 0, 0, 0, 0, 0, 0, 0, 0, 0, 0, 0, 0, 0, 0, 0, 0, 0, 1, 1, 1, 1, 1, 1, 1, 1, 1, 1, 1, 1, 1, 1, 1, 1, 1, 1, 1, 1, 1, 1] 
triadag10_0.txt 3_2x1correct.txt 0.07 50 0.14444444444444443 True 0.07 10000000582.0 None 
triadag10_0.txt 3_2x1correct.txt 0.07 50 0.14444444444444443 True 0.2 582.0 [0, 0, 0, 0, 0, 0, 0, 0, 0, 0, 0, 0, 0, 0, 0, 0, 0, 0, 0, 0, 0, 0, 0, 0, 0, 0, 0, 0, 0, 0, 0, 0, 0, 1, 1, 1, 1, 1, 1, 1, 1, 1, 1, 1, 1, 1, 1, 1, 1, 1, 1, 1, 1, 1, 1] 
triadag10_0.txt 3_2x1correct.txt 0.07 50 0.14444444444444443 True 0.07 10000000582.0 None 
triadag10_0.txt 3_2x1correct.txt 0.07 50 0.14444444444444443 True 0.2 582.0 [0, 0, 0, 0, 0, 0, 0, 0, 0, 0, 0, 0, 0, 0, 0, 0, 0, 0, 0, 0, 0, 0, 0, 0, 0, 0, 0, 0, 0, 0, 0, 0, 0, 1, 1, 1, 1, 1, 1, 1, 1, 1, 1, 1, 1, 1, 1, 1, 1, 1, 1, 1, 1, 1, 1] 
triadag10_0.txt 3_2x1correct.txt 0.07 50 0.14444444444444443 True 0.07 10000000582.0 None 
triadag10_0.txt 3_2x1correct.txt 0.07 50 0.14444444444444443 True 0.2 582.0 [0, 0, 0, 0, 0, 0, 0, 0, 0, 0, 0, 0, 0, 0, 0, 0, 0, 0, 0, 0, 0, 0, 0, 0, 0, 0, 0, 0, 0, 0, 0, 0, 0, 1, 1, 1, 1, 1, 1, 1, 1, 1, 1, 1, 1, 1, 1, 1, 1, 1, 1, 1, 1, 1, 1] 
triadag10_0.txt 3_2x1correct.txt 0.07 50 0.14444444444444443 True 0.07 10000000582.0 None 
triadag10_0.txt 3_2x1correct.txt 0.07 50 0.14444444444444443 True 0.2 582.0 [0, 0, 0, 0, 0, 0, 0, 0, 0, 0, 0, 0, 0, 0, 0, 0, 0, 0, 0, 0, 0, 0, 0, 0, 0, 0, 0, 0, 0, 0, 0, 0, 0, 1, 1, 1, 1, 1, 1, 1, 1, 1, 1, 1, 1, 1, 1, 1, 1, 1, 1, 1, 1, 1, 1] 
triadag10_0.txt 3_2x1correct.txt 0.07 50 0.14444444444444443 True 0.07 10000000582.0 None 
triadag10_0.txt 3_2x1correct.txt 0.07 50 0.14444444444444443 True 0.1 10000000582.0 None 
triadag10_0.txt 3_2x1correct.txt 0.07 50 0.14444444444444443 True 0.15 582.0 [0, 0, 0, 0, 0, 0, 0, 0, 0, 0, 0, 0, 0, 0, 0, 0, 0, 0, 0, 0, 0, 0, 0, 0, 0, 0, 0, 0, 0, 0, 0, 0, 0, 1, 1, 1, 1, 1, 1, 1, 1, 1, 1, 1, 1, 1, 1, 1, 1, 1, 1, 1, 1, 1, 1] 
triadag10_0.txt 3_2x1correct.txt 0.07 50 0.14444444444444443 True 0.2 582.0 [0, 0, 0, 0, 0, 0, 0, 0, 0, 0, 0, 0, 0, 0, 0, 0, 0, 0, 0, 0, 0, 0, 0, 0, 0, 0, 0, 0, 0, 0, 0, 0, 0, 1, 1, 1, 1, 1, 1, 1, 1, 1, 1, 1, 1, 1, 1, 1, 1, 1, 1, 1, 1, 1, 1] 
triadag10_0.txt 3_2x1correct.txt 0.07 50 0.14444444444444443 True 0.3 582.0 [0, 0, 0, 0, 0, 0, 0, 0, 0, 0, 0, 0, 0, 0, 0, 0, 0, 0, 0, 0, 0, 0, 0, 0, 0, 0, 0, 0, 0, 0, 0, 0, 0, 1, 1, 1, 1, 1, 1, 1, 1, 1, 1, 1, 1, 1, 1, 1, 1, 1, 1, 1, 1, 1, 1] 
triadag10_0.txt 3_2x1correct.txt 0.07 50 0.14444444444444443 True 0.07 10000000582.0 None 
triadag10_0.txt 3_2x1correct.txt 0.07 50 0.14444444444444443 True 0.1 10000000582.0 None 
triadag10_0.txt 3_2x1correct.txt 0.07 50 0.14444444444444443 True 0.15 582.0 [0, 0, 0, 0, 0, 0, 0, 0, 0, 0, 0, 0, 0, 0, 0, 0, 0, 0, 0, 0, 0, 0, 0, 0, 0, 0, 0, 0, 0, 0, 0, 0, 0, 1, 1, 1, 1, 1, 1, 1, 1, 1, 1, 1, 1, 1, 1, 1, 1, 1, 1, 1, 1, 1, 1] 
triadag10_0.txt 3_2x1correct.txt 0.07 50 0.14444444444444443 True 0.2 582.0 [0, 0, 0, 0, 0, 0, 0, 0, 0, 0, 0, 0, 0, 0, 0, 0, 0, 0, 0, 0, 0, 0, 0, 0, 0, 0, 0, 0, 0, 0, 0, 0, 0, 1, 1, 1, 1, 1, 1, 1, 1, 1, 1, 1, 1, 1, 1, 1, 1, 1, 1, 1, 1, 1, 1] 
triadag10_0.txt 3_2x1correct.txt 0.07 50 0.14444444444444443 True 0.3 582.0 [0, 0, 0, 0, 0, 0, 0, 0, 0, 0, 0, 0, 0, 0, 0, 0, 0, 0, 0, 0, 0, 0, 0, 0, 0, 0, 0, 0, 0, 0, 0, 0, 0, 1, 1, 1, 1, 1, 1, 1, 1, 1, 1, 1, 1, 1, 1, 1, 1, 1, 1, 1, 1, 1, 1] 
triadag10_0.txt 3_2x1correct.txt 0.07 50 0.14444444444444443 True 0.07 10000000582.0 None 
triadag10_0.txt 3_2x1correct.txt 0.07 50 0.14444444444444443 True 0.1 10000000582.0 None 
triadag10_0.txt 3_2x1correct.txt 0.07 50 0.14444444444444443 True 0.15 582.0 [0, 0, 0, 0, 0, 0, 0, 0, 0, 0, 0, 0, 0, 0, 0, 0, 0, 0, 0, 0, 0, 0, 0, 0, 0, 0, 0, 0, 0, 0, 0, 0, 0, 1, 1, 1, 1, 1, 1, 1, 1, 1, 1, 1, 1, 1, 1, 1, 1, 1, 1, 1, 1, 1, 1] 
triadag10_0.txt 3_2x1correct.txt 0.07 50 0.14444444444444443 True 0.2 582.0 [0, 0, 0, 0, 0, 0, 0, 0, 0, 0, 0, 0, 0, 0, 0, 0, 0, 0, 0, 0, 0, 0, 0, 0, 0, 0, 0, 0, 0, 0, 0, 0, 0, 1, 1, 1, 1, 1, 1, 1, 1, 1, 1, 1, 1, 1, 1, 1, 1, 1, 1, 1, 1, 1, 1] 
triadag10_0.txt 3_2x1correct.txt 0.07 50 0.14444444444444443 True 0.3 582.0 [0, 0, 0, 0, 0, 0, 0, 0, 0, 0, 0, 0, 0, 0, 0, 0, 0, 0, 0, 0, 0, 0, 0, 0, 0, 0, 0, 0, 0, 0, 0, 0, 0, 1, 1, 1, 1, 1, 1, 1, 1, 1, 1, 1, 1, 1, 1, 1, 1, 1, 1, 1, 1, 1, 1] 
triadag10_0.txt 3_2x1correct.txt 0.07 50 0.14444444444444443 True 0.07 10000000582.0 None 
triadag10_0.txt 3_2x1correct.txt 0.07 50 0.14444444444444443 True 0.1 10000000582.0 None 
triadag10_0.txt 3_2x1correct.txt 0.07 50 0.14444444444444443 True 0.15 582.0 [0, 0, 0, 0, 0, 0, 0, 0, 0, 0, 0, 0, 0, 0, 0, 0, 0, 0, 0, 0, 0, 0, 0, 0, 0, 0, 0, 0, 0, 0, 0, 0, 0, 1, 1, 1, 1, 1, 1, 1, 1, 1, 1, 1, 1, 1, 1, 1, 1, 1, 1, 1, 1, 1, 1] 
triadag10_0.txt 3_2x1correct.txt 0.07 50 0.14444444444444443 True 0.2 582.0 [0, 0, 0, 0, 0, 0, 0, 0, 0, 0, 0, 0, 0, 0, 0, 0, 0, 0, 0, 0, 0, 0, 0, 0, 0, 0, 0, 0, 0, 0, 0, 0, 0, 1, 1, 1, 1, 1, 1, 1, 1, 1, 1, 1, 1, 1, 1, 1, 1, 1, 1, 1, 1, 1, 1] 
triadag10_0.txt 3_2x1correct.txt 0.07 50 0.14444444444444443 True 0.3 582.0 [0, 0, 0, 0, 0, 0, 0, 0, 0, 0, 0, 0, 0, 0, 0, 0, 0, 0, 0, 0, 0, 0, 0, 0, 0, 0, 0, 0, 0, 0, 0, 0, 0, 1, 1, 1, 1, 1, 1, 1, 1, 1, 1, 1, 1, 1, 1, 1, 1, 1, 1, 1, 1, 1, 1] 
triadag10_0.txt 3_2x1correct.txt 0.07 50 0.14444444444444443 True 0.07 10000000582.0 None 
triadag10_0.txt 3_2x1correct.txt 0.07 50 0.14444444444444443 True 0.1 10000000582.0 None 
triadag10_0.txt 3_2x1correct.txt 0.07 50 0.14444444444444443 True 0.15 582.0 [0, 0, 0, 0, 0, 0, 0, 0, 0, 0, 0, 0, 0, 0, 0, 0, 0, 0, 0, 0, 0, 0, 0, 0, 0, 0, 0, 0, 0, 0, 0, 0, 0, 1, 1, 1, 1, 1, 1, 1, 1, 1, 1, 1, 1, 1, 1, 1, 1, 1, 1, 1, 1, 1, 1] 
triadag10_0.txt 3_2x1correct.txt 0.07 50 0.14444444444444443 True 0.2 582.0 [0, 0, 0, 0, 0, 0, 0, 0, 0, 0, 0, 0, 0, 0, 0, 0, 0, 0, 0, 0, 0, 0, 0, 0, 0, 0, 0, 0, 0, 0, 0, 0, 0, 1, 1, 1, 1, 1, 1, 1, 1, 1, 1, 1, 1, 1, 1, 1, 1, 1, 1, 1, 1, 1, 1] 
triadag10_0.txt 3_2x1correct.txt 0.07 50 0.14444444444444443 True 0.3 582.0 [0, 0, 0, 0, 0, 0, 0, 0, 0, 0, 0, 0, 0, 0, 0, 0, 0, 0, 0, 0, 0, 0, 0, 0, 0, 0, 0, 0, 0, 0, 0, 0, 0, 1, 1, 1, 1, 1, 1, 1, 1, 1, 1, 1, 1, 1, 1, 1, 1, 1, 1, 1, 1, 1, 1] 
