dagF16.txt 3_2x4.txt True 0.03139013452914798 0.07 512.0 [1, 1, 1, 1, 1, 1, 1, 1, 1, 1, 1, 1, 1, 1, 1, 1, 1, 1, 1, 1, 1, 1, 1, 1, 1, 1, 1, 1, 1, 1, 1, 1, 1, 1, 1, 1, 1, 1, 1, 1, 1, 1, 1, 1, 1, 1, 1, 1, 1, 1, 1, 1, 1, 1, 1, 1, 1, 1, 1, 1, 1, 4, 1, 1, 1, 1, 4, 1, 1, 1, 1, 1, 4, 1, 1] 
dagF16.txt 3_2x4.txt True 0.03139013452914798 0.1 512.0 [1, 1, 1, 1, 1, 1, 1, 1, 1, 1, 1, 1, 1, 1, 1, 1, 1, 1, 1, 1, 1, 1, 1, 1, 1, 1, 1, 1, 1, 1, 1, 1, 1, 1, 1, 1, 1, 1, 1, 1, 1, 1, 1, 1, 1, 1, 1, 1, 1, 1, 1, 1, 1, 1, 1, 1, 1, 1, 1, 1, 1, 4, 1, 1, 1, 1, 4, 1, 1, 1, 1, 1, 4, 1, 1] 
dagF16.txt 3_2x4.txt True 0.1031390134529148 0.15 453.5 [3, 3, 3, 3, 3, 3, 3, 3, 3, 3, 3, 3, 3, 3, 3, 3, 3, 3, 3, 3, 3, 3, 3, 3, 3, 3, 3, 3, 3, 3, 3, 3, 3, 3, 3, 3, 6, 3, 3, 3, 3, 3, 3, 3, 3, 3, 3, 3, 4, 3, 3, 4, 3, 6, 4, 3, 3, 6, 3, 3, 3, 3, 3, 3, 6, 3, 3, 3, 3, 4, 3, 4, 3, 3, 3] 
dagF16.txt 3_2x4.txt True 0.15695067264573992 0.2 433.5 [7, 7, 7, 7, 7, 7, 7, 7, 7, 7, 7, 7, 7, 7, 7, 7, 7, 7, 7, 7, 7, 7, 7, 7, 7, 7, 7, 7, 7, 7, 7, 7, 7, 7, 7, 7, 7, 7, 3, 7, 7, 7, 7, 7, 7, 7, 7, 3, 0, 1, 7, 0, 7, 2, 7, 0, 7, 7, 1, 7, 7, 7, 7, 7, 2, 7, 7, 3, 7, 1, 1, 0, 7, 7, 3] 
dagF16.txt 3_2x4.txt True 0.15695067264573992 0.3 433.5 [7, 7, 7, 7, 7, 7, 7, 7, 7, 7, 7, 7, 7, 7, 7, 7, 7, 7, 7, 7, 7, 7, 7, 7, 7, 7, 7, 7, 7, 7, 7, 7, 7, 7, 7, 7, 7, 7, 3, 7, 7, 7, 7, 7, 7, 7, 7, 3, 0, 1, 7, 0, 7, 2, 7, 0, 7, 7, 1, 7, 7, 7, 7, 7, 2, 7, 7, 3, 7, 1, 1, 0, 7, 7, 3] 
dagF16.txt 3_2x4.txt True 0.15695067264573992 0.4 433.5 [7, 7, 7, 7, 7, 7, 7, 7, 7, 7, 7, 7, 7, 7, 7, 7, 7, 7, 7, 7, 7, 7, 7, 7, 7, 7, 7, 7, 7, 7, 7, 7, 7, 7, 7, 7, 7, 7, 3, 7, 7, 7, 7, 7, 7, 7, 7, 3, 0, 1, 7, 0, 7, 2, 7, 0, 7, 7, 1, 7, 7, 7, 7, 7, 2, 7, 7, 3, 7, 1, 1, 0, 7, 7, 3] 
dagF16.txt 3_2x4.txt True 0.4170403587443946 0.5 181.25 [5, 5, 5, 5, 3, 5, 3, 5, 3, 4, 5, 5, 5, 3, 3, 3, 5, 5, 7, 7, 7, 3, 5, 7, 4, 7, 3, 3, 7, 3, 3, 7, 0, 3, 7, 4, 1, 7, 7, 7, 7, 1, 7, 7, 7, 7, 7, 7, 1, 1, 7, 1, 1, 1, 7, 7, 7, 1, 1, 7, 1, 1, 7, 1, 1, 7, 1, 7, 1, 1, 7, 1, 1, 3, 7] 
dagF16.txt 3_2x4.txt True 0.4798206278026906 0.6 175.5 [7, 3, 7, 7, 7, 7, 3, 7, 7, 7, 7, 3, 7, 7, 3, 3, 3, 7, 3, 3, 0, 7, 3, 3, 7, 3, 7, 7, 3, 7, 3, 1, 6, 3, 3, 3, 4, 1, 3, 3, 0, 3, 1, 5, 3, 3, 1, 0, 1, 5, 1, 1, 3, 3, 1, 1, 5, 5, 5, 1, 5, 4, 1, 4, 3, 5, 5, 3, 3, 5, 5, 1, 5, 0, 0] 
dagF16.txt 3_2x4.txt True 0.6098654708520179 0.7 136.0 [3, 7, 3, 6, 3, 3, 3, 1, 6, 3, 3, 3, 3, 7, 3, 3, 3, 3, 4, 4, 1, 1, 3, 7, 6, 1, 7, 3, 1, 7, 1, 1, 1, 7, 4, 7, 5, 1, 4, 7, 0, 7, 0, 6, 1, 7, 0, 1, 5, 5, 7, 2, 7, 7, 1, 1, 1, 5, 5, 1, 5, 7, 1, 5, 7, 0, 0, 4, 7, 5, 7, 2, 7, 7, 6] 
dagF16.txt 3_2x4.txt True 0.6591928251121076 1 112.25 [7, 6, 7, 5, 1, 4, 6, 7, 5, 1, 7, 7, 7, 7, 5, 6, 5, 4, 6, 5, 5, 5, 5, 5, 1, 5, 5, 7, 1, 3, 1, 3, 7, 5, 3, 7, 1, 7, 6, 0, 3, 1, 3, 3, 5, 7, 3, 4, 2, 1, 2, 2, 0, 3, 3, 3, 3, 7, 3, 3, 1, 1, 7, 1, 5, 3, 0, 7, 0, 1, 3, 2, 3, 1, 3] 
dagF16.txt 3_2x2.txt True 0.03139013452914798 0.07 682.6666666666666 [0, 0, 0, 0, 0, 0, 0, 0, 0, 0, 0, 0, 0, 0, 0, 0, 0, 0, 0, 0, 0, 0, 0, 0, 0, 0, 0, 0, 0, 0, 0, 0, 0, 0, 0, 0, 0, 0, 0, 0, 0, 0, 0, 0, 0, 0, 0, 0, 0, 0, 0, 0, 0, 0, 0, 0, 0, 0, 0, 0, 0, 2, 0, 0, 0, 0, 2, 0, 0, 0, 0, 0, 2, 0, 0] 
dagF16.txt 3_2x2.txt True 0.03139013452914798 0.1 682.6666666666666 [0, 0, 0, 0, 0, 0, 0, 0, 0, 0, 0, 0, 0, 0, 0, 0, 0, 0, 0, 0, 0, 0, 0, 0, 0, 0, 0, 0, 0, 0, 0, 0, 0, 0, 0, 0, 0, 0, 0, 0, 0, 0, 0, 0, 0, 0, 0, 0, 0, 0, 0, 0, 0, 0, 0, 0, 0, 0, 0, 0, 0, 2, 0, 0, 0, 0, 2, 0, 0, 0, 0, 0, 2, 0, 0] 
dagF16.txt 3_2x2.txt True 0.1031390134529148 0.15 604.6666666666666 [0, 0, 0, 0, 0, 0, 0, 0, 0, 0, 0, 0, 0, 0, 0, 0, 0, 0, 0, 0, 0, 0, 0, 0, 0, 0, 0, 0, 0, 0, 0, 0, 0, 0, 0, 0, 3, 0, 0, 0, 0, 0, 0, 0, 0, 0, 0, 0, 2, 0, 0, 2, 0, 3, 2, 0, 0, 3, 0, 0, 0, 0, 0, 0, 3, 0, 0, 0, 0, 2, 0, 2, 0, 0, 0] 
dagF16.txt 3_2x2.txt True 0.14798206278026907 0.2 578.0 [2, 2, 2, 2, 2, 2, 2, 2, 2, 2, 2, 2, 2, 2, 2, 2, 2, 2, 2, 2, 2, 2, 2, 2, 2, 2, 2, 2, 2, 2, 2, 2, 2, 2, 2, 2, 2, 2, 1, 2, 2, 2, 2, 2, 2, 2, 2, 1, 0, 0, 2, 0, 2, 1, 2, 0, 2, 2, 0, 2, 2, 2, 2, 2, 1, 2, 2, 1, 2, 0, 0, 0, 2, 2, 1] 
dagF16.txt 3_2x2.txt True 0.14798206278026907 0.3 578.0 [2, 2, 2, 2, 2, 2, 2, 2, 2, 2, 2, 2, 2, 2, 2, 2, 2, 2, 2, 2, 2, 2, 2, 2, 2, 2, 2, 2, 2, 2, 2, 2, 2, 2, 2, 2, 2, 2, 1, 2, 2, 2, 2, 2, 2, 2, 2, 1, 0, 0, 2, 0, 2, 1, 2, 0, 2, 2, 0, 2, 2, 2, 2, 2, 1, 2, 2, 1, 2, 0, 0, 0, 2, 2, 1] 
dagF16.txt 3_2x2.txt True 0.14798206278026907 0.4 578.0 [2, 2, 2, 2, 2, 2, 2, 2, 2, 2, 2, 2, 2, 2, 2, 2, 2, 2, 2, 2, 2, 2, 2, 2, 2, 2, 2, 2, 2, 2, 2, 2, 2, 2, 2, 2, 2, 2, 1, 2, 2, 2, 2, 2, 2, 2, 2, 1, 0, 0, 2, 0, 2, 1, 2, 0, 2, 2, 0, 2, 2, 2, 2, 2, 1, 2, 2, 1, 2, 0, 0, 0, 2, 2, 1] 
dagF16.txt 3_2x2.txt True 0.30493273542600896 0.5 261.0 [2, 2, 2, 2, 2, 2, 2, 2, 2, 2, 2, 2, 2, 2, 2, 2, 2, 2, 3, 3, 1, 2, 2, 1, 2, 3, 2, 2, 3, 2, 2, 1, 0, 2, 1, 2, 0, 1, 3, 3, 1, 0, 1, 1, 3, 3, 1, 1, 0, 0, 3, 0, 0, 0, 1, 1, 1, 0, 0, 3, 0, 0, 1, 0, 0, 1, 0, 3, 0, 0, 0, 0, 0, 1, 1] 
dagF16.txt 3_2x2.txt True 0.36771300448430494 0.6 296.5 [1, 3, 1, 1, 1, 1, 1, 1, 1, 1, 1, 3, 1, 1, 3, 1, 3, 1, 2, 2, 0, 1, 3, 2, 1, 2, 1, 1, 2, 1, 0, 0, 1, 3, 2, 2, 2, 0, 2, 2, 0, 2, 0, 0, 2, 2, 0, 0, 0, 2, 0, 0, 2, 2, 0, 0, 0, 2, 2, 0, 2, 2, 0, 2, 2, 0, 2, 2, 2, 2, 2, 0, 2, 0, 0] 
dagF16.txt 3_2x2.txt True 0.43946188340807174 0.7 264.5 [1, 2, 1, 2, 1, 1, 1, 2, 2, 1, 1, 1, 1, 2, 1, 1, 1, 1, 2, 2, 2, 2, 1, 2, 3, 3, 2, 1, 2, 2, 2, 0, 3, 2, 2, 3, 0, 0, 2, 3, 0, 3, 0, 2, 2, 3, 0, 3, 0, 0, 3, 1, 3, 3, 1, 0, 0, 0, 0, 0, 0, 3, 0, 0, 3, 0, 0, 3, 3, 0, 3, 1, 3, 3, 0] 
dagF16.txt 3_2x2.txt True 0.45739910313901344 1 224.66666666666666 [2, 3, 2, 2, 2, 2, 3, 3, 2, 2, 2, 2, 2, 2, 2, 3, 2, 2, 3, 2, 3, 3, 2, 2, 2, 3, 0, 3, 3, 2, 0, 1, 3, 0, 1, 0, 0, 0, 3, 0, 1, 0, 2, 2, 3, 0, 1, 3, 1, 0, 1, 1, 0, 0, 1, 1, 1, 1, 0, 1, 0, 0, 0, 0, 0, 1, 0, 0, 0, 0, 0, 1, 0, 1, 1] 
dagF16.txt 3_2x1.txt True 0.03139013452914798 0.07 682.6666666666666 [0, 0, 0, 0, 0, 0, 0, 0, 0, 0, 0, 0, 0, 0, 0, 0, 0, 0, 0, 0, 0, 0, 0, 0, 0, 0, 0, 0, 0, 0, 0, 0, 0, 0, 0, 0, 0, 0, 0, 0, 0, 0, 0, 0, 0, 0, 0, 0, 0, 0, 0, 0, 0, 0, 0, 0, 0, 0, 0, 0, 0, 1, 0, 0, 0, 0, 1, 0, 0, 0, 0, 0, 1, 0, 0] 
dagF16.txt 3_2x1.txt True 0.03139013452914798 0.1 682.6666666666666 [0, 0, 0, 0, 0, 0, 0, 0, 0, 0, 0, 0, 0, 0, 0, 0, 0, 0, 0, 0, 0, 0, 0, 0, 0, 0, 0, 0, 0, 0, 0, 0, 0, 0, 0, 0, 0, 0, 0, 0, 0, 0, 0, 0, 0, 0, 0, 0, 0, 0, 0, 0, 0, 0, 0, 0, 0, 0, 0, 0, 0, 1, 0, 0, 0, 0, 1, 0, 0, 0, 0, 0, 1, 0, 0] 
dagF16.txt 3_2x1.txt True 0.09865470852017937 0.15 604.6666666666666 [0, 0, 0, 0, 0, 0, 0, 0, 0, 0, 0, 0, 0, 0, 0, 0, 0, 0, 0, 0, 0, 0, 0, 0, 0, 0, 0, 0, 0, 0, 0, 0, 0, 0, 0, 0, 1, 0, 0, 0, 0, 0, 0, 0, 0, 0, 0, 0, 1, 0, 0, 1, 0, 1, 1, 0, 0, 1, 0, 0, 0, 0, 0, 0, 1, 0, 0, 0, 0, 1, 0, 1, 0, 0, 0] 
dagF16.txt 3_2x1.txt True 0.0 0.2 710.0 [0, 0, 0, 0, 0, 0, 0, 0, 0, 0, 0, 0, 0, 0, 0, 0, 0, 0, 0, 0, 0, 0, 0, 0, 0, 0, 0, 0, 0, 0, 0, 0, 0, 0, 0, 0, 0, 0, 0, 0, 0, 0, 0, 0, 0, 0, 0, 0, 0, 0, 0, 0, 0, 0, 0, 0, 0, 0, 0, 0, 0, 0, 0, 0, 0, 0, 0, 0, 0, 0, 0, 0, 0, 0, 0] 
dagF16.txt 3_2x1.txt True 0.0 0.3 710.0 [0, 0, 0, 0, 0, 0, 0, 0, 0, 0, 0, 0, 0, 0, 0, 0, 0, 0, 0, 0, 0, 0, 0, 0, 0, 0, 0, 0, 0, 0, 0, 0, 0, 0, 0, 0, 0, 0, 0, 0, 0, 0, 0, 0, 0, 0, 0, 0, 0, 0, 0, 0, 0, 0, 0, 0, 0, 0, 0, 0, 0, 0, 0, 0, 0, 0, 0, 0, 0, 0, 0, 0, 0, 0, 0] 
dagF16.txt 3_2x1.txt True 0.0 0.4 710.0 [0, 0, 0, 0, 0, 0, 0, 0, 0, 0, 0, 0, 0, 0, 0, 0, 0, 0, 0, 0, 0, 0, 0, 0, 0, 0, 0, 0, 0, 0, 0, 0, 0, 0, 0, 0, 0, 0, 0, 0, 0, 0, 0, 0, 0, 0, 0, 0, 0, 0, 0, 0, 0, 0, 0, 0, 0, 0, 0, 0, 0, 0, 0, 0, 0, 0, 0, 0, 0, 0, 0, 0, 0, 0, 0] 
dagF16.txt 3_2x1.txt True 0.3273542600896861 0.5 471.3333333333333 [0, 0, 0, 0, 1, 0, 1, 0, 1, 1, 0, 0, 0, 1, 1, 1, 0, 0, 1, 1, 0, 1, 0, 0, 1, 1, 1, 1, 1, 1, 1, 0, 0, 1, 0, 1, 0, 0, 1, 1, 0, 0, 0, 0, 1, 1, 0, 0, 0, 0, 1, 0, 0, 0, 0, 0, 0, 0, 0, 1, 0, 0, 0, 0, 0, 0, 0, 1, 0, 0, 0, 0, 0, 0, 0] 
dagF16.txt 3_2x1.txt True 0.23766816143497757 0.6 511.0 [0, 1, 0, 0, 0, 0, 1, 0, 0, 0, 0, 1, 0, 0, 1, 1, 1, 0, 0, 0, 0, 0, 1, 0, 0, 0, 0, 0, 0, 0, 0, 0, 1, 1, 0, 0, 1, 0, 0, 0, 0, 0, 0, 0, 0, 0, 0, 0, 0, 1, 0, 0, 0, 0, 0, 0, 0, 1, 1, 0, 1, 1, 0, 1, 0, 0, 1, 0, 0, 1, 1, 0, 1, 0, 0] 
dagF16.txt 3_2x1.txt True 0.19730941704035873 0.7 447.3333333333333 [0, 0, 0, 0, 0, 0, 0, 0, 0, 0, 0, 0, 0, 0, 0, 0, 0, 0, 0, 0, 0, 0, 0, 0, 0, 1, 0, 0, 0, 0, 0, 1, 0, 0, 1, 0, 1, 1, 1, 0, 1, 0, 1, 1, 0, 0, 1, 0, 1, 1, 1, 1, 0, 0, 1, 1, 1, 1, 1, 1, 1, 0, 1, 1, 0, 1, 1, 1, 0, 1, 0, 1, 0, 0, 1] 
dagF16.txt 3_2x1.txt True 0.273542600896861 1 429.0 [1, 1, 1, 0, 1, 1, 1, 1, 1, 0, 1, 1, 1, 1, 1, 1, 1, 1, 0, 0, 1, 1, 1, 1, 0, 0, 0, 1, 0, 1, 1, 0, 0, 0, 0, 0, 0, 0, 0, 0, 1, 0, 0, 0, 0, 0, 1, 1, 0, 0, 0, 0, 0, 0, 0, 0, 1, 0, 0, 0, 0, 0, 0, 0, 0, 1, 0, 0, 0, 0, 0, 0, 0, 1, 0] 
