dagC33.txt 3_2x4.txt True 0.06321839080459771 0.07 437.5 [1, 1, 1, 1, 1, 1, 1, 1, 1, 1, 1, 1, 1, 5, 1, 1, 1, 1, 1, 1, 1, 1, 1, 1, 1, 1, 1, 1, 1, 1, 1, 1, 1, 1, 1, 1, 1, 1, 1, 1, 1, 1, 1, 1, 5, 1, 1, 1, 1, 5, 1, 1, 1, 5, 1, 5, 1, 1, 1, 1] 
dagC33.txt 3_2x4.txt True 0.06321839080459771 0.1 437.5 [1, 1, 1, 1, 1, 1, 1, 1, 1, 1, 1, 1, 1, 5, 1, 1, 1, 1, 1, 1, 1, 1, 1, 1, 1, 1, 1, 1, 1, 1, 1, 1, 1, 1, 1, 1, 1, 1, 1, 1, 1, 1, 1, 1, 5, 1, 1, 1, 1, 5, 1, 1, 1, 5, 1, 5, 1, 1, 1, 1] 
dagC33.txt 3_2x4.txt True 0.10919540229885058 0.15 415.0 [3, 3, 3, 3, 3, 3, 3, 3, 3, 3, 3, 3, 3, 3, 3, 3, 3, 3, 3, 3, 3, 3, 3, 3, 3, 7, 3, 3, 3, 3, 3, 3, 3, 3, 7, 3, 3, 1, 3, 3, 3, 3, 3, 3, 5, 3, 1, 3, 3, 3, 1, 3, 3, 5, 3, 3, 3, 3, 3, 7] 
dagC33.txt 3_2x4.txt True 0.13218390804597702 0.2 391.75 [3, 3, 3, 3, 3, 3, 3, 3, 3, 3, 3, 3, 3, 3, 7, 3, 3, 3, 3, 3, 3, 3, 3, 3, 3, 3, 3, 5, 3, 3, 3, 3, 3, 3, 3, 3, 3, 1, 3, 3, 5, 3, 3, 3, 3, 7, 1, 7, 3, 3, 1, 3, 7, 3, 3, 3, 5, 7, 3, 3] 
dagC33.txt 3_2x4.txt True 0.13218390804597702 0.3 391.75 [3, 3, 3, 3, 3, 3, 3, 3, 3, 3, 3, 3, 3, 3, 7, 3, 3, 3, 3, 3, 3, 3, 3, 3, 3, 3, 3, 5, 3, 3, 3, 3, 3, 3, 3, 3, 3, 1, 3, 3, 5, 3, 3, 3, 3, 7, 1, 7, 3, 3, 1, 3, 7, 3, 3, 3, 5, 7, 3, 3] 
dagC33.txt 3_2x4.txt True 0.13218390804597702 0.4 391.75 [3, 3, 3, 3, 3, 3, 3, 3, 3, 3, 3, 3, 3, 3, 7, 3, 3, 3, 3, 3, 3, 3, 3, 3, 3, 3, 3, 5, 3, 3, 3, 3, 3, 3, 3, 3, 3, 1, 3, 3, 5, 3, 3, 3, 3, 7, 1, 7, 3, 3, 1, 3, 7, 3, 3, 3, 5, 7, 3, 3] 
dagC33.txt 3_2x4.txt True 0.4425287356321839 0.5 148.5 [5, 5, 5, 5, 5, 5, 3, 3, 7, 1, 5, 1, 3, 1, 7, 3, 7, 5, 3, 5, 5, 5, 7, 5, 7, 5, 3, 1, 1, 3, 3, 7, 5, 5, 7, 7, 1, 7, 7, 3, 0, 7, 3, 1, 7, 7, 7, 0, 3, 1, 3, 3, 7, 7, 3, 1, 0, 0, 7, 7] 
dagC33.txt 3_2x4.txt True 0.5057471264367817 0.6 147.0 [5, 3, 5, 5, 5, 5, 5, 5, 3, 1, 3, 1, 3, 1, 1, 3, 1, 5, 5, 5, 5, 3, 3, 3, 1, 5, 5, 1, 1, 5, 3, 0, 5, 5, 1, 1, 5, 3, 6, 1, 3, 1, 0, 3, 0, 4, 3, 3, 3, 1, 5, 3, 4, 0, 5, 6, 4, 3, 1, 6] 
dagC33.txt 3_2x4.txt True 0.5057471264367817 0.7 147.0 [5, 3, 5, 5, 5, 5, 5, 5, 3, 1, 3, 1, 3, 1, 1, 3, 1, 5, 5, 5, 5, 3, 3, 3, 1, 5, 5, 1, 1, 5, 3, 0, 5, 5, 1, 1, 5, 3, 6, 1, 3, 1, 0, 3, 0, 4, 3, 3, 3, 1, 5, 3, 4, 0, 5, 6, 4, 3, 1, 6] 
dagC33.txt 3_2x4.txt True 0.6954022988505747 1 103.5 [5, 4, 7, 7, 5, 6, 5, 1, 5, 7, 7, 3, 7, 1, 0, 5, 1, 1, 3, 6, 1, 7, 3, 5, 7, 5, 4, 3, 3, 1, 7, 1, 7, 7, 3, 1, 7, 5, 3, 5, 1, 5, 5, 0, 1, 3, 0, 5, 2, 3, 2, 5, 4, 1, 4, 2, 3, 5, 1, 3] 
dagC33.txt 3_2x2.txt True 0.06321839080459771 0.07 583.3333333333334 [0, 0, 0, 0, 0, 0, 0, 0, 0, 0, 0, 0, 0, 3, 0, 0, 0, 0, 0, 0, 0, 0, 0, 0, 0, 0, 0, 0, 0, 0, 0, 0, 0, 0, 0, 0, 0, 0, 0, 0, 0, 0, 0, 0, 3, 0, 0, 0, 0, 3, 0, 0, 0, 3, 0, 3, 0, 0, 0, 0] 
dagC33.txt 3_2x2.txt True 0.06321839080459771 0.1 583.3333333333334 [0, 0, 0, 0, 0, 0, 0, 0, 0, 0, 0, 0, 0, 3, 0, 0, 0, 0, 0, 0, 0, 0, 0, 0, 0, 0, 0, 0, 0, 0, 0, 0, 0, 0, 0, 0, 0, 0, 0, 0, 0, 0, 0, 0, 3, 0, 0, 0, 0, 3, 0, 0, 0, 3, 0, 3, 0, 0, 0, 0] 
dagC33.txt 3_2x2.txt True 0.09195402298850575 0.15 579.0 [2, 2, 2, 2, 2, 2, 2, 2, 2, 2, 2, 2, 2, 2, 2, 2, 2, 2, 2, 2, 2, 2, 2, 2, 2, 3, 2, 2, 2, 2, 2, 2, 2, 2, 3, 2, 2, 0, 2, 2, 2, 2, 2, 2, 2, 2, 0, 2, 2, 2, 0, 2, 2, 2, 2, 2, 2, 2, 2, 3] 
dagC33.txt 3_2x2.txt True 0.09770114942528736 0.2 558.3333333333334 [0, 0, 0, 0, 0, 0, 0, 0, 0, 0, 0, 0, 0, 0, 2, 0, 0, 0, 0, 0, 0, 0, 0, 0, 0, 0, 0, 1, 0, 0, 0, 0, 0, 0, 0, 0, 0, 0, 0, 0, 1, 0, 0, 0, 0, 2, 0, 2, 0, 0, 0, 0, 2, 0, 0, 0, 1, 2, 0, 0] 
dagC33.txt 3_2x2.txt True 0.09770114942528736 0.3 558.3333333333334 [0, 0, 0, 0, 0, 0, 0, 0, 0, 0, 0, 0, 0, 0, 2, 0, 0, 0, 0, 0, 0, 0, 0, 0, 0, 0, 0, 1, 0, 0, 0, 0, 0, 0, 0, 0, 0, 0, 0, 0, 1, 0, 0, 0, 0, 2, 0, 2, 0, 0, 0, 0, 2, 0, 0, 0, 1, 2, 0, 0] 
dagC33.txt 3_2x2.txt True 0.09770114942528736 0.4 558.3333333333334 [0, 0, 0, 0, 0, 0, 0, 0, 0, 0, 0, 0, 0, 0, 2, 0, 0, 0, 0, 0, 0, 0, 0, 0, 0, 0, 0, 1, 0, 0, 0, 0, 0, 0, 0, 0, 0, 0, 0, 0, 1, 0, 0, 0, 0, 2, 0, 2, 0, 0, 0, 0, 2, 0, 0, 0, 1, 2, 0, 0] 
dagC33.txt 3_2x2.txt True 0.4482758620689655 0.5 248.5 [0, 0, 0, 0, 0, 0, 1, 1, 2, 3, 0, 3, 1, 3, 2, 1, 2, 0, 1, 0, 0, 0, 2, 0, 2, 0, 1, 3, 3, 1, 1, 2, 0, 0, 2, 2, 3, 3, 2, 1, 0, 2, 1, 3, 2, 2, 3, 1, 1, 3, 1, 1, 2, 2, 1, 3, 0, 1, 2, 2] 
dagC33.txt 3_2x2.txt True 0.3793103448275862 0.6 316.3333333333333 [2, 0, 2, 2, 2, 2, 2, 2, 0, 3, 0, 0, 2, 3, 0, 2, 2, 2, 2, 2, 2, 0, 0, 0, 3, 2, 2, 0, 0, 2, 2, 2, 2, 2, 1, 0, 2, 0, 1, 3, 2, 0, 2, 0, 2, 1, 3, 2, 2, 3, 2, 0, 1, 3, 2, 2, 1, 2, 1, 1] 
dagC33.txt 3_2x2.txt True 0.3793103448275862 0.7 316.3333333333333 [2, 0, 2, 2, 2, 2, 2, 2, 0, 3, 0, 0, 2, 3, 0, 2, 2, 2, 2, 2, 2, 0, 0, 0, 3, 2, 2, 0, 0, 2, 2, 2, 2, 2, 1, 0, 2, 0, 1, 3, 2, 0, 2, 0, 2, 1, 3, 2, 2, 3, 2, 0, 1, 3, 2, 2, 1, 2, 1, 1] 
dagC33.txt 3_2x2.txt True 0.6781609195402298 1 209.0 [1, 1, 0, 2, 0, 0, 0, 0, 2, 2, 0, 2, 0, 0, 2, 1, 3, 2, 3, 0, 1, 0, 2, 0, 1, 0, 3, 2, 2, 0, 2, 3, 2, 2, 0, 1, 0, 2, 1, 3, 0, 3, 0, 1, 1, 2, 3, 2, 3, 3, 0, 3, 2, 1, 3, 3, 2, 2, 3, 0] 
dagC33.txt 3_2x1.txt True 0.06321839080459771 0.07 583.3333333333334 [0, 0, 0, 0, 0, 0, 0, 0, 0, 0, 0, 0, 0, 1, 0, 0, 0, 0, 0, 0, 0, 0, 0, 0, 0, 0, 0, 0, 0, 0, 0, 0, 0, 0, 0, 0, 0, 0, 0, 0, 0, 0, 0, 0, 1, 0, 0, 0, 0, 1, 0, 0, 0, 1, 0, 1, 0, 0, 0, 0] 
dagC33.txt 3_2x1.txt True 0.06321839080459771 0.1 583.3333333333334 [0, 0, 0, 0, 0, 0, 0, 0, 0, 0, 0, 0, 0, 1, 0, 0, 0, 0, 0, 0, 0, 0, 0, 0, 0, 0, 0, 0, 0, 0, 0, 0, 0, 0, 0, 0, 0, 0, 0, 0, 0, 0, 0, 0, 1, 0, 0, 0, 0, 1, 0, 0, 0, 1, 0, 1, 0, 0, 0, 0] 
dagC33.txt 3_2x1.txt True 0.04597701149425287 0.15 593.6666666666666 [0, 0, 0, 0, 0, 0, 0, 0, 0, 0, 0, 0, 0, 0, 0, 0, 0, 0, 0, 0, 0, 0, 0, 0, 0, 0, 0, 0, 0, 0, 0, 0, 0, 0, 1, 0, 0, 0, 0, 0, 0, 0, 0, 0, 1, 0, 0, 0, 0, 0, 0, 0, 0, 1, 0, 0, 0, 0, 0, 1] 
dagC33.txt 3_2x1.txt True 0.04597701149425287 0.2 585.0 [0, 0, 0, 0, 0, 0, 0, 0, 0, 0, 0, 0, 0, 0, 0, 0, 0, 0, 0, 0, 0, 0, 0, 0, 0, 0, 0, 1, 0, 0, 0, 0, 0, 0, 0, 0, 0, 0, 0, 0, 1, 0, 0, 0, 0, 0, 0, 1, 0, 0, 0, 0, 0, 0, 0, 0, 1, 1, 0, 0] 
dagC33.txt 3_2x1.txt True 0.04597701149425287 0.3 585.0 [0, 0, 0, 0, 0, 0, 0, 0, 0, 0, 0, 0, 0, 0, 0, 0, 0, 0, 0, 0, 0, 0, 0, 0, 0, 0, 0, 1, 0, 0, 0, 0, 0, 0, 0, 0, 0, 0, 0, 0, 1, 0, 0, 0, 0, 0, 0, 1, 0, 0, 0, 0, 0, 0, 0, 0, 1, 1, 0, 0] 
dagC33.txt 3_2x1.txt True 0.04597701149425287 0.4 585.0 [0, 0, 0, 0, 0, 0, 0, 0, 0, 0, 0, 0, 0, 0, 0, 0, 0, 0, 0, 0, 0, 0, 0, 0, 0, 0, 0, 1, 0, 0, 0, 0, 0, 0, 0, 0, 0, 0, 0, 0, 1, 0, 0, 0, 0, 0, 0, 1, 0, 0, 0, 0, 0, 0, 0, 0, 1, 1, 0, 0] 
dagC33.txt 3_2x1.txt True 0.20689655172413793 0.5 445.3333333333333 [0, 0, 0, 0, 0, 0, 0, 0, 1, 0, 0, 0, 0, 0, 1, 0, 1, 0, 0, 0, 0, 0, 1, 0, 1, 0, 0, 0, 0, 0, 0, 1, 0, 0, 1, 1, 0, 1, 1, 0, 0, 1, 0, 0, 1, 1, 1, 0, 0, 0, 0, 0, 1, 1, 0, 0, 0, 0, 1, 1] 
dagC33.txt 3_2x1.txt True 0.27011494252873564 0.6 408.3333333333333 [0, 1, 0, 0, 0, 0, 0, 0, 1, 1, 1, 1, 0, 1, 1, 0, 1, 0, 0, 0, 0, 1, 1, 1, 0, 0, 0, 1, 1, 0, 0, 0, 0, 0, 0, 0, 0, 1, 0, 0, 0, 1, 0, 1, 0, 0, 1, 0, 0, 1, 0, 1, 0, 1, 0, 1, 1, 0, 0, 0] 
dagC33.txt 3_2x1.txt True 0.27011494252873564 0.7 408.3333333333333 [0, 1, 0, 0, 0, 0, 0, 0, 1, 1, 1, 1, 0, 1, 1, 0, 1, 0, 0, 0, 0, 1, 1, 1, 0, 0, 0, 1, 1, 0, 0, 0, 0, 0, 0, 0, 0, 1, 0, 0, 0, 1, 0, 1, 0, 0, 1, 0, 0, 1, 0, 1, 0, 1, 0, 1, 1, 0, 0, 0] 
dagC33.txt 3_2x1.txt True 0.3448275862068966 1 386.3333333333333 [1, 1, 1, 0, 0, 1, 0, 1, 0, 1, 0, 0, 1, 1, 0, 1, 0, 1, 1, 1, 1, 1, 0, 0, 0, 0, 1, 0, 0, 1, 1, 0, 1, 0, 0, 0, 1, 0, 0, 1, 0, 0, 0, 0, 0, 0, 1, 0, 1, 0, 1, 0, 0, 0, 1, 0, 0, 0, 0, 0] 
dagC33.txt 3_2x4.txt True 0.06321839080459771 0.07 437.5 [1, 1, 1, 1, 1, 1, 1, 1, 1, 1, 1, 1, 1, 5, 1, 1, 1, 1, 1, 1, 1, 1, 1, 1, 1, 1, 1, 1, 1, 1, 1, 1, 1, 1, 1, 1, 1, 1, 1, 1, 1, 1, 1, 1, 5, 1, 1, 1, 1, 5, 1, 1, 1, 5, 1, 5, 1, 1, 1, 1] 
dagC33.txt 3_2x4.txt True 0.06321839080459771 0.08 437.5 [1, 1, 1, 1, 1, 1, 1, 1, 1, 1, 1, 1, 1, 5, 1, 1, 1, 1, 1, 1, 1, 1, 1, 1, 1, 1, 1, 1, 1, 1, 1, 1, 1, 1, 1, 1, 1, 1, 1, 1, 1, 1, 1, 1, 5, 1, 1, 1, 1, 5, 1, 1, 1, 5, 1, 5, 1, 1, 1, 1] 
dagC33.txt 3_2x4.txt True 0.06321839080459771 0.09 437.5 [1, 1, 1, 1, 1, 1, 1, 1, 1, 1, 1, 1, 1, 5, 1, 1, 1, 1, 1, 1, 1, 1, 1, 1, 1, 1, 1, 1, 1, 1, 1, 1, 1, 1, 1, 1, 1, 1, 1, 1, 1, 1, 1, 1, 5, 1, 1, 1, 1, 5, 1, 1, 1, 5, 1, 5, 1, 1, 1, 1] 
dagC33.txt 3_2x4.txt True 0.06321839080459771 0.1 437.5 [1, 1, 1, 1, 1, 1, 1, 1, 1, 1, 1, 1, 1, 5, 1, 1, 1, 1, 1, 1, 1, 1, 1, 1, 1, 1, 1, 1, 1, 1, 1, 1, 1, 1, 1, 1, 1, 1, 1, 1, 1, 1, 1, 1, 5, 1, 1, 1, 1, 5, 1, 1, 1, 5, 1, 5, 1, 1, 1, 1] 
dagC33.txt 3_2x4.txt True 0.06321839080459771 0.11 437.5 [1, 1, 1, 1, 1, 1, 1, 1, 1, 1, 1, 1, 1, 5, 1, 1, 1, 1, 1, 1, 1, 1, 1, 1, 1, 1, 1, 1, 1, 1, 1, 1, 1, 1, 1, 1, 1, 1, 1, 1, 1, 1, 1, 1, 5, 1, 1, 1, 1, 5, 1, 1, 1, 5, 1, 5, 1, 1, 1, 1] 
dagC33.txt 3_2x4.txt True 0.06321839080459771 0.12 437.5 [1, 1, 1, 1, 1, 1, 1, 1, 1, 1, 1, 1, 1, 5, 1, 1, 1, 1, 1, 1, 1, 1, 1, 1, 1, 1, 1, 1, 1, 1, 1, 1, 1, 1, 1, 1, 1, 1, 1, 1, 1, 1, 1, 1, 5, 1, 1, 1, 1, 5, 1, 1, 1, 5, 1, 5, 1, 1, 1, 1] 
dagC33.txt 3_2x4.txt True 0.06321839080459771 0.13 437.5 [1, 1, 1, 1, 1, 1, 1, 1, 1, 1, 1, 1, 1, 5, 1, 1, 1, 1, 1, 1, 1, 1, 1, 1, 1, 1, 1, 1, 1, 1, 1, 1, 1, 1, 1, 1, 1, 1, 1, 1, 1, 1, 1, 1, 5, 1, 1, 1, 1, 5, 1, 1, 1, 5, 1, 5, 1, 1, 1, 1] 
dagC33.txt 3_2x4.txt True 0.10919540229885058 0.14 415.0 [3, 3, 3, 3, 3, 3, 3, 3, 3, 3, 3, 3, 3, 3, 3, 3, 3, 3, 3, 3, 3, 3, 3, 3, 3, 7, 3, 3, 3, 3, 3, 3, 3, 3, 7, 3, 3, 1, 3, 3, 3, 3, 3, 3, 5, 3, 1, 3, 3, 3, 1, 3, 3, 5, 3, 3, 3, 3, 3, 7] 
dagC33.txt 3_2x4.txt True 0.10919540229885058 0.15 415.0 [3, 3, 3, 3, 3, 3, 3, 3, 3, 3, 3, 3, 3, 3, 3, 3, 3, 3, 3, 3, 3, 3, 3, 3, 3, 7, 3, 3, 3, 3, 3, 3, 3, 3, 7, 3, 3, 1, 3, 3, 3, 3, 3, 3, 5, 3, 1, 3, 3, 3, 1, 3, 3, 5, 3, 3, 3, 3, 3, 7] 
dagC33.txt 3_2x4.txt True 0.13218390804597702 0.16 391.75 [3, 3, 3, 3, 3, 3, 3, 3, 3, 3, 3, 3, 3, 3, 7, 3, 3, 3, 3, 3, 3, 3, 3, 3, 3, 3, 3, 5, 3, 3, 3, 3, 3, 3, 3, 3, 3, 1, 3, 3, 5, 3, 3, 3, 3, 7, 1, 7, 3, 3, 1, 3, 7, 3, 3, 3, 5, 7, 3, 3] 
dagC33.txt 3_2x4.txt True 0.13218390804597702 0.17 391.75 [3, 3, 3, 3, 3, 3, 3, 3, 3, 3, 3, 3, 3, 3, 7, 3, 3, 3, 3, 3, 3, 3, 3, 3, 3, 3, 3, 5, 3, 3, 3, 3, 3, 3, 3, 3, 3, 1, 3, 3, 5, 3, 3, 3, 3, 7, 1, 7, 3, 3, 1, 3, 7, 3, 3, 3, 5, 7, 3, 3] 
dagC33.txt 3_2x4.txt True 0.13218390804597702 0.18 391.75 [3, 3, 3, 3, 3, 3, 3, 3, 3, 3, 3, 3, 3, 3, 7, 3, 3, 3, 3, 3, 3, 3, 3, 3, 3, 3, 3, 5, 3, 3, 3, 3, 3, 3, 3, 3, 3, 1, 3, 3, 5, 3, 3, 3, 3, 7, 1, 7, 3, 3, 1, 3, 7, 3, 3, 3, 5, 7, 3, 3] 
dagC33.txt 3_2x4.txt True 0.13218390804597702 0.19 391.75 [3, 3, 3, 3, 3, 3, 3, 3, 3, 3, 3, 3, 3, 3, 7, 3, 3, 3, 3, 3, 3, 3, 3, 3, 3, 3, 3, 5, 3, 3, 3, 3, 3, 3, 3, 3, 3, 1, 3, 3, 5, 3, 3, 3, 3, 7, 1, 7, 3, 3, 1, 3, 7, 3, 3, 3, 5, 7, 3, 3] 
dagC33.txt 3_2x4.txt True 0.13218390804597702 0.2 391.75 [3, 3, 3, 3, 3, 3, 3, 3, 3, 3, 3, 3, 3, 3, 7, 3, 3, 3, 3, 3, 3, 3, 3, 3, 3, 3, 3, 5, 3, 3, 3, 3, 3, 3, 3, 3, 3, 1, 3, 3, 5, 3, 3, 3, 3, 7, 1, 7, 3, 3, 1, 3, 7, 3, 3, 3, 5, 7, 3, 3] 
dagC33.txt 3_2x4.txt True 0.13218390804597702 0.25 391.75 [3, 3, 3, 3, 3, 3, 3, 3, 3, 3, 3, 3, 3, 3, 7, 3, 3, 3, 3, 3, 3, 3, 3, 3, 3, 3, 3, 5, 3, 3, 3, 3, 3, 3, 3, 3, 3, 1, 3, 3, 5, 3, 3, 3, 3, 7, 1, 7, 3, 3, 1, 3, 7, 3, 3, 3, 5, 7, 3, 3] 
dagC33.txt 3_2x4.txt True 0.13218390804597702 0.3 391.75 [3, 3, 3, 3, 3, 3, 3, 3, 3, 3, 3, 3, 3, 3, 7, 3, 3, 3, 3, 3, 3, 3, 3, 3, 3, 3, 3, 5, 3, 3, 3, 3, 3, 3, 3, 3, 3, 1, 3, 3, 5, 3, 3, 3, 3, 7, 1, 7, 3, 3, 1, 3, 7, 3, 3, 3, 5, 7, 3, 3] 
dagC33.txt 3_2x4.txt True 0.13218390804597702 0.35 391.75 [3, 3, 3, 3, 3, 3, 3, 3, 3, 3, 3, 3, 3, 3, 7, 3, 3, 3, 3, 3, 3, 3, 3, 3, 3, 3, 3, 5, 3, 3, 3, 3, 3, 3, 3, 3, 3, 1, 3, 3, 5, 3, 3, 3, 3, 7, 1, 7, 3, 3, 1, 3, 7, 3, 3, 3, 5, 7, 3, 3] 
dagC33.txt 3_2x4.txt True 0.13218390804597702 0.4 391.75 [3, 3, 3, 3, 3, 3, 3, 3, 3, 3, 3, 3, 3, 3, 7, 3, 3, 3, 3, 3, 3, 3, 3, 3, 3, 3, 3, 5, 3, 3, 3, 3, 3, 3, 3, 3, 3, 1, 3, 3, 5, 3, 3, 3, 3, 7, 1, 7, 3, 3, 1, 3, 7, 3, 3, 3, 5, 7, 3, 3] 
dagC33.txt 3_2x4.txt True 0.13218390804597702 0.45 391.75 [3, 3, 3, 3, 3, 3, 3, 3, 3, 3, 3, 3, 3, 3, 7, 3, 3, 3, 3, 3, 3, 3, 3, 3, 3, 3, 3, 5, 3, 3, 3, 3, 3, 3, 3, 3, 3, 1, 3, 3, 5, 3, 3, 3, 3, 7, 1, 7, 3, 3, 1, 3, 7, 3, 3, 3, 5, 7, 3, 3] 
dagC33.txt 3_2x4.txt True 0.4425287356321839 0.5 148.5 [5, 5, 5, 5, 5, 5, 3, 3, 7, 1, 5, 1, 3, 1, 7, 3, 7, 5, 3, 5, 5, 5, 7, 5, 7, 5, 3, 1, 1, 3, 3, 7, 5, 5, 7, 7, 1, 7, 7, 3, 0, 7, 3, 1, 7, 7, 7, 0, 3, 1, 3, 3, 7, 7, 3, 1, 0, 0, 7, 7] 
dagC33.txt 3_2x4.txt True 0.47701149425287354 0.55 150.0 [7, 3, 3, 3, 3, 3, 3, 3, 3, 5, 1, 7, 3, 5, 7, 3, 3, 3, 1, 3, 3, 7, 1, 3, 5, 7, 1, 7, 7, 1, 7, 7, 3, 3, 5, 5, 1, 6, 5, 6, 7, 5, 7, 1, 7, 1, 6, 7, 7, 7, 1, 1, 1, 7, 1, 7, 7, 7, 5, 5] 
dagC33.txt 3_2x4.txt True 0.5057471264367817 0.6 147.0 [5, 3, 5, 5, 5, 5, 5, 5, 3, 1, 3, 1, 3, 1, 1, 3, 1, 5, 5, 5, 5, 3, 3, 3, 1, 5, 5, 1, 1, 5, 3, 0, 5, 5, 1, 1, 5, 3, 6, 1, 3, 1, 0, 3, 0, 4, 3, 3, 3, 1, 5, 3, 4, 0, 5, 6, 4, 3, 1, 6] 
dagC33.txt 3_2x4.txt True 0.5057471264367817 0.65 147.0 [5, 3, 5, 5, 5, 5, 5, 5, 3, 1, 3, 1, 3, 1, 1, 3, 1, 5, 5, 5, 5, 3, 3, 3, 1, 5, 5, 1, 1, 5, 3, 0, 5, 5, 1, 1, 5, 3, 6, 1, 3, 1, 0, 3, 0, 4, 3, 3, 3, 1, 5, 3, 4, 0, 5, 6, 4, 3, 1, 6] 
dagC33.txt 3_2x4.txt True 0.5057471264367817 0.7 147.0 [5, 3, 5, 5, 5, 5, 5, 5, 3, 1, 3, 1, 3, 1, 1, 3, 1, 5, 5, 5, 5, 3, 3, 3, 1, 5, 5, 1, 1, 5, 3, 0, 5, 5, 1, 1, 5, 3, 6, 1, 3, 1, 0, 3, 0, 4, 3, 3, 3, 1, 5, 3, 4, 0, 5, 6, 4, 3, 1, 6] 
dagC33.txt 3_2x4.txt True 0.5402298850574713 0.75 124.75 [7, 5, 1, 3, 4, 3, 3, 3, 5, 7, 5, 7, 3, 1, 7, 3, 0, 3, 3, 4, 3, 5, 0, 5, 7, 5, 3, 1, 7, 3, 7, 5, 7, 3, 5, 7, 7, 2, 7, 3, 1, 5, 7, 1, 5, 1, 2, 7, 7, 1, 3, 1, 1, 5, 3, 7, 4, 7, 5, 5] 
dagC33.txt 3_2x4.txt True 0.6666666666666666 0.8 115.75 [2, 5, 1, 5, 5, 7, 5, 3, 3, 1, 1, 5, 7, 1, 3, 5, 3, 7, 5, 5, 5, 5, 5, 5, 3, 5, 3, 1, 3, 3, 7, 3, 2, 1, 7, 3, 5, 2, 3, 5, 0, 7, 7, 3, 6, 4, 0, 1, 7, 4, 1, 3, 4, 6, 3, 1, 1, 1, 3, 7] 
dagC33.txt 3_2x4.txt True 0.6724137931034483 0.85 105.25 [7, 5, 6, 7, 0, 1, 7, 1, 1, 3, 5, 3, 7, 1, 1, 1, 1, 5, 6, 1, 0, 5, 3, 5, 3, 7, 7, 5, 2, 7, 3, 1, 4, 7, 3, 4, 0, 1, 1, 1, 5, 4, 7, 1, 5, 7, 1, 5, 2, 3, 7, 7, 7, 5, 7, 3, 5, 5, 3, 3] 
dagC33.txt 3_2x4.txt True 0.7298850574712644 0.9 104.75 [0, 3, 1, 1, 1, 5, 1, 2, 4, 3, 6, 7, 5, 3, 7, 3, 4, 3, 2, 2, 4, 3, 1, 1, 5, 1, 1, 5, 7, 3, 5, 7, 5, 1, 6, 1, 3, 7, 5, 3, 5, 7, 1, 5, 7, 0, 7, 1, 7, 7, 1, 5, 0, 7, 3, 3, 5, 7, 7, 3] 
dagC33.txt 3_2x4.txt True 0.6954022988505747 0.95 103.5 [5, 4, 7, 7, 5, 6, 5, 1, 5, 7, 7, 3, 7, 1, 0, 5, 1, 1, 3, 6, 1, 7, 3, 5, 7, 5, 4, 3, 3, 1, 7, 1, 7, 7, 3, 1, 7, 5, 3, 5, 1, 5, 5, 0, 1, 3, 0, 5, 2, 3, 2, 5, 4, 1, 4, 2, 3, 5, 1, 3] 
dagC33.txt 3_2x4.txt True 0.6954022988505747 1 103.5 [5, 4, 7, 7, 5, 6, 5, 1, 5, 7, 7, 3, 7, 1, 0, 5, 1, 1, 3, 6, 1, 7, 3, 5, 7, 5, 4, 3, 3, 1, 7, 1, 7, 7, 3, 1, 7, 5, 3, 5, 1, 5, 5, 0, 1, 3, 0, 5, 2, 3, 2, 5, 4, 1, 4, 2, 3, 5, 1, 3] 
dagC33.txt 100_1x1.txt True 0.0 0.07 19.3 [0, 0, 0, 0, 0, 0, 0, 0, 0, 0, 0, 0, 0, 0, 0, 0, 0, 0, 0, 0, 0, 0, 0, 0, 0, 0, 0, 0, 0, 0, 0, 0, 0, 0, 0, 0, 0, 0, 0, 0, 0, 0, 0, 0, 0, 0, 0, 0, 0, 0, 0, 0, 0, 0, 0, 0, 0, 0, 0, 0] 
dagC33.txt 100_1x1.txt True 0.0 0.08 19.3 [0, 0, 0, 0, 0, 0, 0, 0, 0, 0, 0, 0, 0, 0, 0, 0, 0, 0, 0, 0, 0, 0, 0, 0, 0, 0, 0, 0, 0, 0, 0, 0, 0, 0, 0, 0, 0, 0, 0, 0, 0, 0, 0, 0, 0, 0, 0, 0, 0, 0, 0, 0, 0, 0, 0, 0, 0, 0, 0, 0] 
dagC33.txt 100_1x1.txt True 0.0 0.09 19.3 [0, 0, 0, 0, 0, 0, 0, 0, 0, 0, 0, 0, 0, 0, 0, 0, 0, 0, 0, 0, 0, 0, 0, 0, 0, 0, 0, 0, 0, 0, 0, 0, 0, 0, 0, 0, 0, 0, 0, 0, 0, 0, 0, 0, 0, 0, 0, 0, 0, 0, 0, 0, 0, 0, 0, 0, 0, 0, 0, 0] 
dagC33.txt 100_1x1.txt True 0.0 0.1 19.3 [0, 0, 0, 0, 0, 0, 0, 0, 0, 0, 0, 0, 0, 0, 0, 0, 0, 0, 0, 0, 0, 0, 0, 0, 0, 0, 0, 0, 0, 0, 0, 0, 0, 0, 0, 0, 0, 0, 0, 0, 0, 0, 0, 0, 0, 0, 0, 0, 0, 0, 0, 0, 0, 0, 0, 0, 0, 0, 0, 0] 
dagC33.txt 100_1x1.txt True 0.0 0.11 19.3 [0, 0, 0, 0, 0, 0, 0, 0, 0, 0, 0, 0, 0, 0, 0, 0, 0, 0, 0, 0, 0, 0, 0, 0, 0, 0, 0, 0, 0, 0, 0, 0, 0, 0, 0, 0, 0, 0, 0, 0, 0, 0, 0, 0, 0, 0, 0, 0, 0, 0, 0, 0, 0, 0, 0, 0, 0, 0, 0, 0] 
dagC33.txt 100_1x1.txt True 0.0 0.12 19.3 [0, 0, 0, 0, 0, 0, 0, 0, 0, 0, 0, 0, 0, 0, 0, 0, 0, 0, 0, 0, 0, 0, 0, 0, 0, 0, 0, 0, 0, 0, 0, 0, 0, 0, 0, 0, 0, 0, 0, 0, 0, 0, 0, 0, 0, 0, 0, 0, 0, 0, 0, 0, 0, 0, 0, 0, 0, 0, 0, 0] 
dagC33.txt 100_1x1.txt True 0.0 0.13 19.3 [0, 0, 0, 0, 0, 0, 0, 0, 0, 0, 0, 0, 0, 0, 0, 0, 0, 0, 0, 0, 0, 0, 0, 0, 0, 0, 0, 0, 0, 0, 0, 0, 0, 0, 0, 0, 0, 0, 0, 0, 0, 0, 0, 0, 0, 0, 0, 0, 0, 0, 0, 0, 0, 0, 0, 0, 0, 0, 0, 0] 
dagC33.txt 100_1x1.txt True 0.0 0.14 19.3 [0, 0, 0, 0, 0, 0, 0, 0, 0, 0, 0, 0, 0, 0, 0, 0, 0, 0, 0, 0, 0, 0, 0, 0, 0, 0, 0, 0, 0, 0, 0, 0, 0, 0, 0, 0, 0, 0, 0, 0, 0, 0, 0, 0, 0, 0, 0, 0, 0, 0, 0, 0, 0, 0, 0, 0, 0, 0, 0, 0] 
dagC33.txt 100_1x1.txt True 0.0 0.15 19.3 [0, 0, 0, 0, 0, 0, 0, 0, 0, 0, 0, 0, 0, 0, 0, 0, 0, 0, 0, 0, 0, 0, 0, 0, 0, 0, 0, 0, 0, 0, 0, 0, 0, 0, 0, 0, 0, 0, 0, 0, 0, 0, 0, 0, 0, 0, 0, 0, 0, 0, 0, 0, 0, 0, 0, 0, 0, 0, 0, 0] 
dagC33.txt 100_1x1.txt True 0.0 0.16 19.3 [0, 0, 0, 0, 0, 0, 0, 0, 0, 0, 0, 0, 0, 0, 0, 0, 0, 0, 0, 0, 0, 0, 0, 0, 0, 0, 0, 0, 0, 0, 0, 0, 0, 0, 0, 0, 0, 0, 0, 0, 0, 0, 0, 0, 0, 0, 0, 0, 0, 0, 0, 0, 0, 0, 0, 0, 0, 0, 0, 0] 
dagC33.txt 100_1x1.txt True 0.0 0.17 19.3 [0, 0, 0, 0, 0, 0, 0, 0, 0, 0, 0, 0, 0, 0, 0, 0, 0, 0, 0, 0, 0, 0, 0, 0, 0, 0, 0, 0, 0, 0, 0, 0, 0, 0, 0, 0, 0, 0, 0, 0, 0, 0, 0, 0, 0, 0, 0, 0, 0, 0, 0, 0, 0, 0, 0, 0, 0, 0, 0, 0] 
dagC33.txt 100_1x1.txt True 0.0 0.18 19.3 [0, 0, 0, 0, 0, 0, 0, 0, 0, 0, 0, 0, 0, 0, 0, 0, 0, 0, 0, 0, 0, 0, 0, 0, 0, 0, 0, 0, 0, 0, 0, 0, 0, 0, 0, 0, 0, 0, 0, 0, 0, 0, 0, 0, 0, 0, 0, 0, 0, 0, 0, 0, 0, 0, 0, 0, 0, 0, 0, 0] 
dagC33.txt 100_1x1.txt True 0.0 0.19 19.3 [0, 0, 0, 0, 0, 0, 0, 0, 0, 0, 0, 0, 0, 0, 0, 0, 0, 0, 0, 0, 0, 0, 0, 0, 0, 0, 0, 0, 0, 0, 0, 0, 0, 0, 0, 0, 0, 0, 0, 0, 0, 0, 0, 0, 0, 0, 0, 0, 0, 0, 0, 0, 0, 0, 0, 0, 0, 0, 0, 0] 
dagC33.txt 100_1x1.txt True 0.0 0.2 19.3 [0, 0, 0, 0, 0, 0, 0, 0, 0, 0, 0, 0, 0, 0, 0, 0, 0, 0, 0, 0, 0, 0, 0, 0, 0, 0, 0, 0, 0, 0, 0, 0, 0, 0, 0, 0, 0, 0, 0, 0, 0, 0, 0, 0, 0, 0, 0, 0, 0, 0, 0, 0, 0, 0, 0, 0, 0, 0, 0, 0] 
dagC33.txt 100_1x1.txt True 0.0 0.25 19.3 [0, 0, 0, 0, 0, 0, 0, 0, 0, 0, 0, 0, 0, 0, 0, 0, 0, 0, 0, 0, 0, 0, 0, 0, 0, 0, 0, 0, 0, 0, 0, 0, 0, 0, 0, 0, 0, 0, 0, 0, 0, 0, 0, 0, 0, 0, 0, 0, 0, 0, 0, 0, 0, 0, 0, 0, 0, 0, 0, 0] 
dagC33.txt 100_1x1.txt True 0.0 0.3 19.3 [0, 0, 0, 0, 0, 0, 0, 0, 0, 0, 0, 0, 0, 0, 0, 0, 0, 0, 0, 0, 0, 0, 0, 0, 0, 0, 0, 0, 0, 0, 0, 0, 0, 0, 0, 0, 0, 0, 0, 0, 0, 0, 0, 0, 0, 0, 0, 0, 0, 0, 0, 0, 0, 0, 0, 0, 0, 0, 0, 0] 
dagC33.txt 100_1x1.txt True 0.0 0.35 19.3 [0, 0, 0, 0, 0, 0, 0, 0, 0, 0, 0, 0, 0, 0, 0, 0, 0, 0, 0, 0, 0, 0, 0, 0, 0, 0, 0, 0, 0, 0, 0, 0, 0, 0, 0, 0, 0, 0, 0, 0, 0, 0, 0, 0, 0, 0, 0, 0, 0, 0, 0, 0, 0, 0, 0, 0, 0, 0, 0, 0] 
dagC33.txt 100_1x1.txt True 0.0 0.4 19.3 [0, 0, 0, 0, 0, 0, 0, 0, 0, 0, 0, 0, 0, 0, 0, 0, 0, 0, 0, 0, 0, 0, 0, 0, 0, 0, 0, 0, 0, 0, 0, 0, 0, 0, 0, 0, 0, 0, 0, 0, 0, 0, 0, 0, 0, 0, 0, 0, 0, 0, 0, 0, 0, 0, 0, 0, 0, 0, 0, 0] 
dagC33.txt 100_1x1.txt True 0.0 0.45 19.3 [0, 0, 0, 0, 0, 0, 0, 0, 0, 0, 0, 0, 0, 0, 0, 0, 0, 0, 0, 0, 0, 0, 0, 0, 0, 0, 0, 0, 0, 0, 0, 0, 0, 0, 0, 0, 0, 0, 0, 0, 0, 0, 0, 0, 0, 0, 0, 0, 0, 0, 0, 0, 0, 0, 0, 0, 0, 0, 0, 0] 
dagC33.txt 100_1x1.txt True 0.0 0.5 19.3 [0, 0, 0, 0, 0, 0, 0, 0, 0, 0, 0, 0, 0, 0, 0, 0, 0, 0, 0, 0, 0, 0, 0, 0, 0, 0, 0, 0, 0, 0, 0, 0, 0, 0, 0, 0, 0, 0, 0, 0, 0, 0, 0, 0, 0, 0, 0, 0, 0, 0, 0, 0, 0, 0, 0, 0, 0, 0, 0, 0] 
dagC33.txt 100_1x1.txt True 0.0 0.55 19.3 [0, 0, 0, 0, 0, 0, 0, 0, 0, 0, 0, 0, 0, 0, 0, 0, 0, 0, 0, 0, 0, 0, 0, 0, 0, 0, 0, 0, 0, 0, 0, 0, 0, 0, 0, 0, 0, 0, 0, 0, 0, 0, 0, 0, 0, 0, 0, 0, 0, 0, 0, 0, 0, 0, 0, 0, 0, 0, 0, 0] 
dagC33.txt 100_1x1.txt True 0.0 0.6 19.3 [0, 0, 0, 0, 0, 0, 0, 0, 0, 0, 0, 0, 0, 0, 0, 0, 0, 0, 0, 0, 0, 0, 0, 0, 0, 0, 0, 0, 0, 0, 0, 0, 0, 0, 0, 0, 0, 0, 0, 0, 0, 0, 0, 0, 0, 0, 0, 0, 0, 0, 0, 0, 0, 0, 0, 0, 0, 0, 0, 0] 
dagC33.txt 100_1x1.txt True 0.0 0.65 19.3 [0, 0, 0, 0, 0, 0, 0, 0, 0, 0, 0, 0, 0, 0, 0, 0, 0, 0, 0, 0, 0, 0, 0, 0, 0, 0, 0, 0, 0, 0, 0, 0, 0, 0, 0, 0, 0, 0, 0, 0, 0, 0, 0, 0, 0, 0, 0, 0, 0, 0, 0, 0, 0, 0, 0, 0, 0, 0, 0, 0] 
dagC33.txt 100_1x1.txt True 0.0 0.7 19.3 [0, 0, 0, 0, 0, 0, 0, 0, 0, 0, 0, 0, 0, 0, 0, 0, 0, 0, 0, 0, 0, 0, 0, 0, 0, 0, 0, 0, 0, 0, 0, 0, 0, 0, 0, 0, 0, 0, 0, 0, 0, 0, 0, 0, 0, 0, 0, 0, 0, 0, 0, 0, 0, 0, 0, 0, 0, 0, 0, 0] 
dagC33.txt 100_1x1.txt True 0.0 0.75 19.3 [0, 0, 0, 0, 0, 0, 0, 0, 0, 0, 0, 0, 0, 0, 0, 0, 0, 0, 0, 0, 0, 0, 0, 0, 0, 0, 0, 0, 0, 0, 0, 0, 0, 0, 0, 0, 0, 0, 0, 0, 0, 0, 0, 0, 0, 0, 0, 0, 0, 0, 0, 0, 0, 0, 0, 0, 0, 0, 0, 0] 
dagC33.txt 100_1x1.txt True 0.0 0.8 19.3 [0, 0, 0, 0, 0, 0, 0, 0, 0, 0, 0, 0, 0, 0, 0, 0, 0, 0, 0, 0, 0, 0, 0, 0, 0, 0, 0, 0, 0, 0, 0, 0, 0, 0, 0, 0, 0, 0, 0, 0, 0, 0, 0, 0, 0, 0, 0, 0, 0, 0, 0, 0, 0, 0, 0, 0, 0, 0, 0, 0] 
dagC33.txt 100_1x1.txt True 0.0 0.85 19.3 [0, 0, 0, 0, 0, 0, 0, 0, 0, 0, 0, 0, 0, 0, 0, 0, 0, 0, 0, 0, 0, 0, 0, 0, 0, 0, 0, 0, 0, 0, 0, 0, 0, 0, 0, 0, 0, 0, 0, 0, 0, 0, 0, 0, 0, 0, 0, 0, 0, 0, 0, 0, 0, 0, 0, 0, 0, 0, 0, 0] 
dagC33.txt 100_1x1.txt True 0.011494252873563218 0.9 19.13 [0, 0, 0, 0, 0, 0, 0, 0, 0, 0, 0, 0, 0, 0, 0, 0, 0, 0, 0, 0, 0, 0, 0, 0, 0, 0, 0, 0, 0, 0, 0, 0, 0, 0, 0, 0, 0, 0, 0, 0, 0, 0, 0, 0, 0, 0, 0, 0, 0, 0, 0, 0, 1, 0, 0, 0, 0, 0, 0, 0] 
dagC33.txt 100_1x1.txt True 0.0 0.95 19.3 [0, 0, 0, 0, 0, 0, 0, 0, 0, 0, 0, 0, 0, 0, 0, 0, 0, 0, 0, 0, 0, 0, 0, 0, 0, 0, 0, 0, 0, 0, 0, 0, 0, 0, 0, 0, 0, 0, 0, 0, 0, 0, 0, 0, 0, 0, 0, 0, 0, 0, 0, 0, 0, 0, 0, 0, 0, 0, 0, 0] 
dagC33.txt 100_1x1.txt True 0.0 1 19.3 [0, 0, 0, 0, 0, 0, 0, 0, 0, 0, 0, 0, 0, 0, 0, 0, 0, 0, 0, 0, 0, 0, 0, 0, 0, 0, 0, 0, 0, 0, 0, 0, 0, 0, 0, 0, 0, 0, 0, 0, 0, 0, 0, 0, 0, 0, 0, 0, 0, 0, 0, 0, 0, 0, 0, 0, 0, 0, 0, 0] 
dagC33.txt 1234x1.txt True 0.0 0.07 482.5 [3, 3, 3, 3, 3, 3, 3, 3, 3, 3, 3, 3, 3, 3, 3, 3, 3, 3, 3, 3, 3, 3, 3, 3, 3, 3, 3, 3, 3, 3, 3, 3, 3, 3, 3, 3, 3, 3, 3, 3, 3, 3, 3, 3, 3, 3, 3, 3, 3, 3, 3, 3, 3, 3, 3, 3, 3, 3, 3, 3] 
dagC33.txt 1234x1.txt True 0.0 0.08 482.5 [3, 3, 3, 3, 3, 3, 3, 3, 3, 3, 3, 3, 3, 3, 3, 3, 3, 3, 3, 3, 3, 3, 3, 3, 3, 3, 3, 3, 3, 3, 3, 3, 3, 3, 3, 3, 3, 3, 3, 3, 3, 3, 3, 3, 3, 3, 3, 3, 3, 3, 3, 3, 3, 3, 3, 3, 3, 3, 3, 3] 
dagC33.txt 1234x1.txt True 0.0 0.09 482.5 [3, 3, 3, 3, 3, 3, 3, 3, 3, 3, 3, 3, 3, 3, 3, 3, 3, 3, 3, 3, 3, 3, 3, 3, 3, 3, 3, 3, 3, 3, 3, 3, 3, 3, 3, 3, 3, 3, 3, 3, 3, 3, 3, 3, 3, 3, 3, 3, 3, 3, 3, 3, 3, 3, 3, 3, 3, 3, 3, 3] 
dagC33.txt 1234x1.txt True 0.0 0.1 482.5 [3, 3, 3, 3, 3, 3, 3, 3, 3, 3, 3, 3, 3, 3, 3, 3, 3, 3, 3, 3, 3, 3, 3, 3, 3, 3, 3, 3, 3, 3, 3, 3, 3, 3, 3, 3, 3, 3, 3, 3, 3, 3, 3, 3, 3, 3, 3, 3, 3, 3, 3, 3, 3, 3, 3, 3, 3, 3, 3, 3] 
dagC33.txt 1234x1.txt True 0.0 0.11 482.5 [3, 3, 3, 3, 3, 3, 3, 3, 3, 3, 3, 3, 3, 3, 3, 3, 3, 3, 3, 3, 3, 3, 3, 3, 3, 3, 3, 3, 3, 3, 3, 3, 3, 3, 3, 3, 3, 3, 3, 3, 3, 3, 3, 3, 3, 3, 3, 3, 3, 3, 3, 3, 3, 3, 3, 3, 3, 3, 3, 3] 
dagC33.txt 1234x1.txt True 0.0 0.12 482.5 [3, 3, 3, 3, 3, 3, 3, 3, 3, 3, 3, 3, 3, 3, 3, 3, 3, 3, 3, 3, 3, 3, 3, 3, 3, 3, 3, 3, 3, 3, 3, 3, 3, 3, 3, 3, 3, 3, 3, 3, 3, 3, 3, 3, 3, 3, 3, 3, 3, 3, 3, 3, 3, 3, 3, 3, 3, 3, 3, 3] 
dagC33.txt 1234x1.txt True 0.0 0.13 482.5 [3, 3, 3, 3, 3, 3, 3, 3, 3, 3, 3, 3, 3, 3, 3, 3, 3, 3, 3, 3, 3, 3, 3, 3, 3, 3, 3, 3, 3, 3, 3, 3, 3, 3, 3, 3, 3, 3, 3, 3, 3, 3, 3, 3, 3, 3, 3, 3, 3, 3, 3, 3, 3, 3, 3, 3, 3, 3, 3, 3] 
dagC33.txt 1234x1.txt True 0.05172413793103448 0.14 436.25 [3, 3, 3, 3, 3, 3, 3, 3, 3, 3, 3, 3, 3, 3, 3, 3, 3, 3, 3, 3, 3, 3, 3, 3, 3, 3, 3, 3, 3, 3, 3, 3, 3, 3, 3, 3, 3, 0, 3, 3, 3, 3, 3, 3, 2, 3, 0, 3, 3, 3, 0, 3, 3, 2, 3, 3, 3, 3, 3, 3] 
dagC33.txt 1234x1.txt True 0.05172413793103448 0.15 436.25 [3, 3, 3, 3, 3, 3, 3, 3, 3, 3, 3, 3, 3, 3, 3, 3, 3, 3, 3, 3, 3, 3, 3, 3, 3, 3, 3, 3, 3, 3, 3, 3, 3, 3, 3, 3, 3, 0, 3, 3, 3, 3, 3, 3, 2, 3, 0, 3, 3, 3, 0, 3, 3, 2, 3, 3, 3, 3, 3, 3] 
dagC33.txt 1234x1.txt True 0.13218390804597702 0.16 391.75 [3, 3, 3, 3, 3, 3, 3, 3, 3, 3, 3, 3, 3, 3, 2, 3, 3, 3, 3, 3, 3, 3, 3, 3, 3, 3, 3, 1, 3, 3, 3, 3, 3, 3, 3, 3, 3, 0, 3, 3, 1, 3, 3, 3, 3, 2, 0, 2, 3, 3, 0, 3, 2, 3, 3, 3, 1, 2, 3, 3] 
dagC33.txt 1234x1.txt True 0.13218390804597702 0.17 391.75 [3, 3, 3, 3, 3, 3, 3, 3, 3, 3, 3, 3, 3, 3, 2, 3, 3, 3, 3, 3, 3, 3, 3, 3, 3, 3, 3, 1, 3, 3, 3, 3, 3, 3, 3, 3, 3, 0, 3, 3, 1, 3, 3, 3, 3, 2, 0, 2, 3, 3, 0, 3, 2, 3, 3, 3, 1, 2, 3, 3] 
dagC33.txt 1234x1.txt True 0.13218390804597702 0.18 391.75 [3, 3, 3, 3, 3, 3, 3, 3, 3, 3, 3, 3, 3, 3, 2, 3, 3, 3, 3, 3, 3, 3, 3, 3, 3, 3, 3, 1, 3, 3, 3, 3, 3, 3, 3, 3, 3, 0, 3, 3, 1, 3, 3, 3, 3, 2, 0, 2, 3, 3, 0, 3, 2, 3, 3, 3, 1, 2, 3, 3] 
dagC33.txt 1234x1.txt True 0.13218390804597702 0.19 391.75 [3, 3, 3, 3, 3, 3, 3, 3, 3, 3, 3, 3, 3, 3, 2, 3, 3, 3, 3, 3, 3, 3, 3, 3, 3, 3, 3, 1, 3, 3, 3, 3, 3, 3, 3, 3, 3, 0, 3, 3, 1, 3, 3, 3, 3, 2, 0, 2, 3, 3, 0, 3, 2, 3, 3, 3, 1, 2, 3, 3] 
dagC33.txt 1234x1.txt True 0.13218390804597702 0.2 391.75 [3, 3, 3, 3, 3, 3, 3, 3, 3, 3, 3, 3, 3, 3, 2, 3, 3, 3, 3, 3, 3, 3, 3, 3, 3, 3, 3, 1, 3, 3, 3, 3, 3, 3, 3, 3, 3, 0, 3, 3, 1, 3, 3, 3, 3, 2, 0, 2, 3, 3, 0, 3, 2, 3, 3, 3, 1, 2, 3, 3] 
dagC33.txt 1234x1.txt True 0.13218390804597702 0.25 391.75 [3, 3, 3, 3, 3, 3, 3, 3, 3, 3, 3, 3, 3, 3, 2, 3, 3, 3, 3, 3, 3, 3, 3, 3, 3, 3, 3, 1, 3, 3, 3, 3, 3, 3, 3, 3, 3, 0, 3, 3, 1, 3, 3, 3, 3, 2, 0, 2, 3, 3, 0, 3, 2, 3, 3, 3, 1, 2, 3, 3] 
dagC33.txt 1234x1.txt True 0.13218390804597702 0.3 391.75 [3, 3, 3, 3, 3, 3, 3, 3, 3, 3, 3, 3, 3, 3, 2, 3, 3, 3, 3, 3, 3, 3, 3, 3, 3, 3, 3, 1, 3, 3, 3, 3, 3, 3, 3, 3, 3, 0, 3, 3, 1, 3, 3, 3, 3, 2, 0, 2, 3, 3, 0, 3, 2, 3, 3, 3, 1, 2, 3, 3] 
dagC33.txt 1234x1.txt True 0.13218390804597702 0.35 391.75 [3, 3, 3, 3, 3, 3, 3, 3, 3, 3, 3, 3, 3, 3, 2, 3, 3, 3, 3, 3, 3, 3, 3, 3, 3, 3, 3, 1, 3, 3, 3, 3, 3, 3, 3, 3, 3, 0, 3, 3, 1, 3, 3, 3, 3, 2, 0, 2, 3, 3, 0, 3, 2, 3, 3, 3, 1, 2, 3, 3] 
dagC33.txt 1234x1.txt True 0.13218390804597702 0.4 391.75 [3, 3, 3, 3, 3, 3, 3, 3, 3, 3, 3, 3, 3, 3, 2, 3, 3, 3, 3, 3, 3, 3, 3, 3, 3, 3, 3, 1, 3, 3, 3, 3, 3, 3, 3, 3, 3, 0, 3, 3, 1, 3, 3, 3, 3, 2, 0, 2, 3, 3, 0, 3, 2, 3, 3, 3, 1, 2, 3, 3] 
dagC33.txt 1234x1.txt True 0.13218390804597702 0.45 391.75 [3, 3, 3, 3, 3, 3, 3, 3, 3, 3, 3, 3, 3, 3, 2, 3, 3, 3, 3, 3, 3, 3, 3, 3, 3, 3, 3, 1, 3, 3, 3, 3, 3, 3, 3, 3, 3, 0, 3, 3, 1, 3, 3, 3, 3, 2, 0, 2, 3, 3, 0, 3, 2, 3, 3, 3, 1, 2, 3, 3] 
dagC33.txt 1234x1.txt True 0.40804597701149425 0.5 248.5 [3, 3, 3, 3, 3, 3, 1, 1, 2, 3, 3, 3, 1, 3, 2, 1, 2, 3, 1, 3, 3, 3, 2, 3, 2, 3, 1, 3, 3, 1, 1, 2, 3, 3, 2, 2, 3, 3, 2, 1, 0, 2, 1, 3, 2, 2, 3, 1, 1, 3, 1, 1, 2, 2, 1, 3, 0, 1, 2, 2] 
dagC33.txt 1234x1.txt True 0.45977011494252873 0.55 249.5 [2, 1, 1, 1, 1, 1, 1, 1, 1, 3, 0, 2, 1, 3, 2, 1, 1, 1, 3, 1, 1, 2, 0, 1, 3, 2, 3, 2, 2, 3, 2, 2, 1, 1, 3, 3, 3, 0, 3, 0, 2, 3, 2, 0, 2, 3, 0, 2, 2, 2, 3, 3, 3, 2, 3, 2, 2, 2, 3, 3] 
dagC33.txt 1234x1.txt True 0.41954022988505746 0.6 273.25 [3, 3, 3, 3, 3, 3, 3, 3, 3, 3, 3, 0, 2, 3, 0, 2, 2, 3, 3, 3, 3, 3, 3, 3, 3, 3, 3, 0, 0, 3, 2, 2, 3, 3, 1, 0, 3, 0, 1, 3, 2, 0, 2, 3, 2, 1, 3, 2, 2, 3, 3, 3, 1, 3, 3, 2, 1, 2, 1, 1] 
dagC33.txt 1234x1.txt True 0.41954022988505746 0.65 273.25 [3, 3, 3, 3, 3, 3, 3, 3, 3, 3, 3, 0, 2, 3, 0, 2, 2, 3, 3, 3, 3, 3, 3, 3, 3, 3, 3, 0, 0, 3, 2, 2, 3, 3, 1, 0, 3, 0, 1, 3, 2, 0, 2, 3, 2, 1, 3, 2, 2, 3, 3, 3, 1, 3, 3, 2, 1, 2, 1, 1] 
dagC33.txt 1234x1.txt True 0.41954022988505746 0.7 273.25 [3, 3, 3, 3, 3, 3, 3, 3, 3, 3, 3, 0, 2, 3, 0, 2, 2, 3, 3, 3, 3, 3, 3, 3, 3, 3, 3, 0, 0, 3, 2, 2, 3, 3, 1, 0, 3, 0, 1, 3, 2, 0, 2, 3, 2, 1, 3, 2, 2, 3, 3, 3, 1, 3, 3, 2, 1, 2, 1, 1] 
dagC33.txt 1234x1.txt True 0.41379310344827586 0.75 221.0 [3, 1, 0, 3, 1, 3, 3, 3, 1, 2, 1, 2, 3, 2, 3, 3, 3, 3, 3, 0, 2, 1, 1, 1, 3, 1, 2, 2, 2, 2, 3, 3, 2, 3, 3, 3, 2, 1, 3, 3, 2, 3, 0, 2, 3, 0, 1, 3, 3, 2, 2, 2, 0, 3, 2, 2, 2, 3, 3, 3] 
dagC33.txt 1234x1.txt True 0.5574712643678161 0.8 214.0 [0, 2, 0, 2, 2, 3, 3, 3, 2, 3, 3, 3, 2, 3, 2, 3, 2, 3, 2, 2, 2, 2, 3, 2, 0, 2, 3, 1, 2, 3, 2, 2, 0, 3, 3, 3, 2, 1, 3, 3, 0, 3, 2, 2, 1, 3, 1, 2, 2, 1, 1, 3, 0, 1, 3, 1, 1, 2, 3, 3] 
dagC33.txt 1234x1.txt True 0.5919540229885057 0.85 206.0 [2, 2, 0, 2, 1, 3, 1, 3, 3, 1, 3, 2, 2, 3, 3, 3, 3, 2, 3, 3, 1, 0, 2, 3, 1, 2, 3, 3, 2, 1, 2, 3, 1, 2, 2, 1, 0, 3, 3, 3, 2, 2, 1, 0, 1, 3, 3, 2, 3, 3, 1, 3, 3, 1, 3, 3, 3, 2, 3, 2] 
dagC33.txt 1234x1.txt True 0.632183908045977 0.9 198.0 [0, 2, 3, 3, 1, 2, 3, 2, 1, 1, 2, 2, 2, 1, 2, 3, 1, 2, 2, 2, 2, 2, 3, 1, 3, 1, 1, 0, 2, 1, 2, 2, 2, 3, 3, 3, 1, 3, 3, 3, 0, 2, 3, 0, 3, 1, 3, 0, 3, 3, 1, 1, 1, 3, 1, 2, 2, 3, 3, 3] 
dagC33.txt 1234x1.txt True 0.6666666666666666 0.95 204.75 [1, 1, 3, 2, 3, 0, 3, 3, 2, 2, 3, 2, 0, 3, 2, 1, 3, 2, 3, 0, 1, 0, 2, 3, 1, 3, 3, 2, 2, 3, 2, 3, 2, 2, 0, 1, 3, 2, 1, 3, 0, 3, 3, 1, 1, 2, 3, 2, 3, 3, 3, 3, 2, 1, 3, 3, 2, 2, 3, 3] 
dagC33.txt 1234x1.txt True 0.6666666666666666 1 204.75 [1, 1, 3, 2, 3, 0, 3, 3, 2, 2, 3, 2, 0, 3, 2, 1, 3, 2, 3, 0, 1, 0, 2, 3, 1, 3, 3, 2, 2, 3, 2, 3, 2, 2, 0, 1, 3, 2, 1, 3, 0, 3, 3, 1, 1, 2, 3, 2, 3, 3, 3, 3, 2, 1, 3, 3, 2, 2, 3, 3] 
dagC33.txt 3_2x3.txt True 0.06321839080459771 0.07 583.3333333333334 [0, 0, 0, 0, 0, 0, 0, 0, 0, 0, 0, 0, 0, 5, 0, 0, 0, 0, 0, 0, 0, 0, 0, 0, 0, 0, 0, 0, 0, 0, 0, 0, 0, 0, 0, 0, 0, 0, 0, 0, 0, 0, 0, 0, 5, 0, 0, 0, 0, 5, 0, 0, 0, 5, 0, 5, 0, 0, 0, 0] 
dagC33.txt 3_2x3.txt True 0.06321839080459771 0.08 583.3333333333334 [0, 0, 0, 0, 0, 0, 0, 0, 0, 0, 0, 0, 0, 5, 0, 0, 0, 0, 0, 0, 0, 0, 0, 0, 0, 0, 0, 0, 0, 0, 0, 0, 0, 0, 0, 0, 0, 0, 0, 0, 0, 0, 0, 0, 5, 0, 0, 0, 0, 5, 0, 0, 0, 5, 0, 5, 0, 0, 0, 0] 
dagC33.txt 3_2x3.txt True 0.06321839080459771 0.09 583.3333333333334 [0, 0, 0, 0, 0, 0, 0, 0, 0, 0, 0, 0, 0, 5, 0, 0, 0, 0, 0, 0, 0, 0, 0, 0, 0, 0, 0, 0, 0, 0, 0, 0, 0, 0, 0, 0, 0, 0, 0, 0, 0, 0, 0, 0, 5, 0, 0, 0, 0, 5, 0, 0, 0, 5, 0, 5, 0, 0, 0, 0] 
dagC33.txt 3_2x3.txt True 0.06321839080459771 0.1 583.3333333333334 [0, 0, 0, 0, 0, 0, 0, 0, 0, 0, 0, 0, 0, 5, 0, 0, 0, 0, 0, 0, 0, 0, 0, 0, 0, 0, 0, 0, 0, 0, 0, 0, 0, 0, 0, 0, 0, 0, 0, 0, 0, 0, 0, 0, 5, 0, 0, 0, 0, 5, 0, 0, 0, 5, 0, 5, 0, 0, 0, 0] 
dagC33.txt 3_2x3.txt True 0.06321839080459771 0.11 583.3333333333334 [0, 0, 0, 0, 0, 0, 0, 0, 0, 0, 0, 0, 0, 5, 0, 0, 0, 0, 0, 0, 0, 0, 0, 0, 0, 0, 0, 0, 0, 0, 0, 0, 0, 0, 0, 0, 0, 0, 0, 0, 0, 0, 0, 0, 5, 0, 0, 0, 0, 5, 0, 0, 0, 5, 0, 5, 0, 0, 0, 0] 
dagC33.txt 3_2x3.txt True 0.06321839080459771 0.12 583.3333333333334 [0, 0, 0, 0, 0, 0, 0, 0, 0, 0, 0, 0, 0, 5, 0, 0, 0, 0, 0, 0, 0, 0, 0, 0, 0, 0, 0, 0, 0, 0, 0, 0, 0, 0, 0, 0, 0, 0, 0, 0, 0, 0, 0, 0, 5, 0, 0, 0, 0, 5, 0, 0, 0, 5, 0, 5, 0, 0, 0, 0] 
dagC33.txt 3_2x3.txt True 0.06321839080459771 0.13 583.3333333333334 [0, 0, 0, 0, 0, 0, 0, 0, 0, 0, 0, 0, 0, 5, 0, 0, 0, 0, 0, 0, 0, 0, 0, 0, 0, 0, 0, 0, 0, 0, 0, 0, 0, 0, 0, 0, 0, 0, 0, 0, 0, 0, 0, 0, 5, 0, 0, 0, 0, 5, 0, 0, 0, 5, 0, 5, 0, 0, 0, 0] 
dagC33.txt 3_2x3.txt True 0.10919540229885058 0.14 553.3333333333334 [0, 0, 0, 0, 0, 0, 0, 0, 0, 0, 0, 0, 0, 0, 0, 0, 0, 0, 0, 0, 0, 0, 0, 0, 0, 4, 0, 0, 0, 0, 0, 0, 0, 0, 3, 0, 0, 2, 0, 0, 0, 0, 0, 0, 4, 0, 2, 0, 0, 0, 2, 0, 0, 4, 0, 0, 0, 0, 0, 3] 
dagC33.txt 3_2x3.txt True 0.10919540229885058 0.15 553.3333333333334 [0, 0, 0, 0, 0, 0, 0, 0, 0, 0, 0, 0, 0, 0, 0, 0, 0, 0, 0, 0, 0, 0, 0, 0, 0, 4, 0, 0, 0, 0, 0, 0, 0, 0, 3, 0, 0, 2, 0, 0, 0, 0, 0, 0, 4, 0, 2, 0, 0, 0, 2, 0, 0, 4, 0, 0, 0, 0, 0, 3] 
dagC33.txt 3_2x3.txt True 0.10344827586206896 0.16 558.3333333333334 [2, 2, 2, 2, 2, 2, 2, 2, 2, 2, 2, 2, 2, 2, 4, 2, 2, 2, 2, 2, 2, 2, 2, 2, 2, 2, 2, 4, 2, 2, 2, 2, 2, 2, 2, 2, 2, 2, 2, 2, 0, 2, 2, 2, 2, 4, 2, 0, 2, 2, 2, 2, 4, 2, 2, 2, 0, 0, 2, 2] 
dagC33.txt 3_2x3.txt True 0.10344827586206896 0.17 558.3333333333334 [2, 2, 2, 2, 2, 2, 2, 2, 2, 2, 2, 2, 2, 2, 4, 2, 2, 2, 2, 2, 2, 2, 2, 2, 2, 2, 2, 4, 2, 2, 2, 2, 2, 2, 2, 2, 2, 2, 2, 2, 0, 2, 2, 2, 2, 4, 2, 0, 2, 2, 2, 2, 4, 2, 2, 2, 0, 0, 2, 2] 
dagC33.txt 3_2x3.txt True 0.10344827586206896 0.18 558.3333333333334 [2, 2, 2, 2, 2, 2, 2, 2, 2, 2, 2, 2, 2, 2, 4, 2, 2, 2, 2, 2, 2, 2, 2, 2, 2, 2, 2, 4, 2, 2, 2, 2, 2, 2, 2, 2, 2, 2, 2, 2, 0, 2, 2, 2, 2, 4, 2, 0, 2, 2, 2, 2, 4, 2, 2, 2, 0, 0, 2, 2] 
dagC33.txt 3_2x3.txt True 0.10344827586206896 0.19 558.3333333333334 [2, 2, 2, 2, 2, 2, 2, 2, 2, 2, 2, 2, 2, 2, 4, 2, 2, 2, 2, 2, 2, 2, 2, 2, 2, 2, 2, 4, 2, 2, 2, 2, 2, 2, 2, 2, 2, 2, 2, 2, 0, 2, 2, 2, 2, 4, 2, 0, 2, 2, 2, 2, 4, 2, 2, 2, 0, 0, 2, 2] 
dagC33.txt 3_2x3.txt True 0.10344827586206896 0.2 558.3333333333334 [2, 2, 2, 2, 2, 2, 2, 2, 2, 2, 2, 2, 2, 2, 4, 2, 2, 2, 2, 2, 2, 2, 2, 2, 2, 2, 2, 4, 2, 2, 2, 2, 2, 2, 2, 2, 2, 2, 2, 2, 0, 2, 2, 2, 2, 4, 2, 0, 2, 2, 2, 2, 4, 2, 2, 2, 0, 0, 2, 2] 
dagC33.txt 3_2x3.txt True 0.10344827586206896 0.25 558.3333333333334 [2, 2, 2, 2, 2, 2, 2, 2, 2, 2, 2, 2, 2, 2, 4, 2, 2, 2, 2, 2, 2, 2, 2, 2, 2, 2, 2, 4, 2, 2, 2, 2, 2, 2, 2, 2, 2, 2, 2, 2, 0, 2, 2, 2, 2, 4, 2, 0, 2, 2, 2, 2, 4, 2, 2, 2, 0, 0, 2, 2] 
dagC33.txt 3_2x3.txt True 0.10344827586206896 0.3 558.3333333333334 [2, 2, 2, 2, 2, 2, 2, 2, 2, 2, 2, 2, 2, 2, 4, 2, 2, 2, 2, 2, 2, 2, 2, 2, 2, 2, 2, 4, 2, 2, 2, 2, 2, 2, 2, 2, 2, 2, 2, 2, 0, 2, 2, 2, 2, 4, 2, 0, 2, 2, 2, 2, 4, 2, 2, 2, 0, 0, 2, 2] 
dagC33.txt 3_2x3.txt True 0.10344827586206896 0.35 558.3333333333334 [2, 2, 2, 2, 2, 2, 2, 2, 2, 2, 2, 2, 2, 2, 4, 2, 2, 2, 2, 2, 2, 2, 2, 2, 2, 2, 2, 4, 2, 2, 2, 2, 2, 2, 2, 2, 2, 2, 2, 2, 0, 2, 2, 2, 2, 4, 2, 0, 2, 2, 2, 2, 4, 2, 2, 2, 0, 0, 2, 2] 
dagC33.txt 3_2x3.txt True 0.10344827586206896 0.4 558.3333333333334 [2, 2, 2, 2, 2, 2, 2, 2, 2, 2, 2, 2, 2, 2, 4, 2, 2, 2, 2, 2, 2, 2, 2, 2, 2, 2, 2, 4, 2, 2, 2, 2, 2, 2, 2, 2, 2, 2, 2, 2, 0, 2, 2, 2, 2, 4, 2, 0, 2, 2, 2, 2, 4, 2, 2, 2, 0, 0, 2, 2] 
dagC33.txt 3_2x3.txt True 0.10344827586206896 0.45 558.3333333333334 [2, 2, 2, 2, 2, 2, 2, 2, 2, 2, 2, 2, 2, 2, 4, 2, 2, 2, 2, 2, 2, 2, 2, 2, 2, 2, 2, 4, 2, 2, 2, 2, 2, 2, 2, 2, 2, 2, 2, 2, 0, 2, 2, 2, 2, 4, 2, 0, 2, 2, 2, 2, 4, 2, 2, 2, 0, 0, 2, 2] 
dagC33.txt 3_2x3.txt True 0.41954022988505746 0.5 233.5 [1, 1, 1, 1, 1, 1, 0, 0, 4, 2, 1, 2, 0, 2, 4, 0, 4, 1, 0, 1, 1, 1, 4, 1, 4, 1, 0, 2, 2, 0, 0, 4, 1, 1, 4, 4, 2, 4, 4, 0, 2, 4, 0, 2, 4, 4, 4, 2, 0, 2, 0, 0, 4, 4, 0, 2, 2, 2, 4, 4] 
dagC33.txt 3_2x3.txt True 0.5114942528735632 0.55 166.33333333333334 [3, 4, 4, 4, 4, 4, 4, 4, 4, 1, 5, 2, 4, 1, 2, 4, 4, 4, 0, 4, 4, 3, 5, 4, 1, 3, 0, 2, 2, 0, 3, 2, 4, 4, 1, 1, 0, 5, 1, 5, 2, 1, 3, 5, 2, 0, 5, 3, 3, 2, 0, 0, 0, 2, 0, 2, 3, 3, 1, 1] 
dagC33.txt 3_2x3.txt True 0.4942528735632184 0.6 250.0 [0, 2, 0, 0, 0, 0, 0, 0, 2, 4, 2, 4, 3, 4, 4, 3, 2, 0, 0, 0, 0, 2, 2, 2, 1, 0, 0, 5, 4, 0, 3, 0, 0, 0, 1, 1, 0, 0, 3, 1, 3, 4, 5, 2, 0, 3, 0, 3, 3, 4, 0, 2, 3, 0, 0, 4, 5, 3, 1, 3] 
dagC33.txt 3_2x3.txt True 0.4942528735632184 0.65 250.0 [0, 2, 0, 0, 0, 0, 0, 0, 2, 4, 2, 4, 3, 4, 4, 3, 2, 0, 0, 0, 0, 2, 2, 2, 1, 0, 0, 5, 4, 0, 3, 0, 0, 0, 1, 1, 0, 0, 3, 1, 3, 4, 5, 2, 0, 3, 0, 3, 3, 4, 0, 2, 3, 0, 0, 4, 5, 3, 1, 3] 
dagC33.txt 3_2x3.txt True 0.4942528735632184 0.7 250.0 [0, 2, 0, 0, 0, 0, 0, 0, 2, 4, 2, 4, 3, 4, 4, 3, 2, 0, 0, 0, 0, 2, 2, 2, 1, 0, 0, 5, 4, 0, 3, 0, 0, 0, 1, 1, 0, 0, 3, 1, 3, 4, 5, 2, 0, 3, 0, 3, 3, 4, 0, 2, 3, 0, 0, 4, 5, 3, 1, 3] 
dagC33.txt 3_2x3.txt True 0.6149425287356322 0.75 163.33333333333334 [0, 5, 5, 2, 1, 2, 2, 2, 5, 0, 5, 0, 2, 4, 0, 2, 1, 2, 2, 1, 4, 5, 1, 5, 0, 2, 4, 4, 0, 4, 3, 4, 0, 2, 4, 0, 0, 3, 0, 2, 4, 4, 3, 1, 5, 2, 3, 3, 4, 2, 4, 1, 2, 5, 4, 0, 5, 4, 4, 4] 
dagC33.txt 3_2x3.txt True 0.6436781609195402 0.8 148.33333333333334 [1, 4, 2, 4, 4, 1, 2, 4, 2, 1, 0, 5, 4, 1, 2, 2, 2, 1, 0, 4, 4, 4, 5, 4, 3, 4, 0, 5, 2, 0, 4, 2, 1, 0, 0, 5, 2, 4, 4, 2, 5, 0, 4, 2, 3, 0, 4, 3, 4, 1, 1, 0, 0, 3, 0, 1, 5, 3, 5, 0] 
dagC33.txt 3_2x3.txt True 0.6781609195402298 0.85 142.5 [4, 5, 2, 4, 0, 1, 2, 5, 0, 5, 0, 0, 2, 5, 0, 4, 0, 5, 3, 1, 0, 5, 0, 0, 5, 4, 3, 2, 4, 0, 1, 0, 0, 4, 4, 1, 0, 1, 5, 4, 4, 4, 1, 1, 2, 3, 1, 2, 2, 3, 0, 3, 3, 2, 3, 3, 2, 2, 4, 4] 
dagC33.txt 3_2x3.txt True 0.6264367816091954 0.9 137.33333333333334 [3, 1, 2, 2, 1, 4, 2, 4, 1, 2, 1, 4, 2, 2, 4, 0, 1, 2, 3, 4, 0, 1, 1, 1, 4, 1, 0, 4, 2, 0, 2, 4, 4, 2, 3, 3, 0, 0, 4, 0, 5, 2, 4, 4, 5, 3, 0, 2, 4, 5, 0, 0, 3, 5, 0, 5, 4, 5, 0, 5] 
dagC33.txt 3_2x3.txt True 0.7586206896551724 0.95 137.33333333333334 [2, 3, 0, 4, 0, 3, 2, 3, 4, 2, 1, 0, 0, 3, 1, 2, 5, 5, 2, 0, 4, 0, 0, 0, 2, 0, 5, 2, 0, 5, 4, 5, 2, 4, 4, 1, 4, 4, 3, 5, 1, 2, 2, 0, 2, 3, 1, 4, 5, 4, 1, 0, 3, 1, 5, 4, 2, 4, 5, 3] 
dagC33.txt 3_2x3.txt True 0.7586206896551724 1 137.33333333333334 [2, 3, 0, 4, 0, 3, 2, 3, 4, 2, 1, 0, 0, 3, 1, 2, 5, 5, 2, 0, 4, 0, 0, 0, 2, 0, 5, 2, 0, 5, 4, 5, 2, 4, 4, 1, 4, 4, 3, 5, 1, 2, 2, 0, 2, 3, 1, 4, 5, 4, 1, 0, 3, 1, 5, 4, 2, 4, 5, 3] 
dagC33.txt 1234x3.txt True 0.06896551724137931 0.07 437.5 [3, 3, 3, 3, 3, 3, 3, 3, 3, 3, 3, 3, 3, 11, 3, 3, 3, 3, 3, 3, 3, 3, 3, 3, 3, 3, 3, 3, 3, 3, 3, 3, 3, 3, 3, 3, 3, 3, 3, 3, 3, 3, 3, 3, 5, 3, 3, 3, 3, 11, 3, 3, 3, 5, 3, 11, 3, 3, 3, 3] 
dagC33.txt 1234x3.txt True 0.06896551724137931 0.08 437.5 [3, 3, 3, 3, 3, 3, 3, 3, 3, 3, 3, 3, 3, 11, 3, 3, 3, 3, 3, 3, 3, 3, 3, 3, 3, 3, 3, 3, 3, 3, 3, 3, 3, 3, 3, 3, 3, 3, 3, 3, 3, 3, 3, 3, 5, 3, 3, 3, 3, 11, 3, 3, 3, 5, 3, 11, 3, 3, 3, 3] 
dagC33.txt 1234x3.txt True 0.06896551724137931 0.09 437.5 [3, 3, 3, 3, 3, 3, 3, 3, 3, 3, 3, 3, 3, 11, 3, 3, 3, 3, 3, 3, 3, 3, 3, 3, 3, 3, 3, 3, 3, 3, 3, 3, 3, 3, 3, 3, 3, 3, 3, 3, 3, 3, 3, 3, 5, 3, 3, 3, 3, 11, 3, 3, 3, 5, 3, 11, 3, 3, 3, 3] 
dagC33.txt 1234x3.txt True 0.06896551724137931 0.1 437.5 [3, 3, 3, 3, 3, 3, 3, 3, 3, 3, 3, 3, 3, 11, 3, 3, 3, 3, 3, 3, 3, 3, 3, 3, 3, 3, 3, 3, 3, 3, 3, 3, 3, 3, 3, 3, 3, 3, 3, 3, 3, 3, 3, 3, 5, 3, 3, 3, 3, 11, 3, 3, 3, 5, 3, 11, 3, 3, 3, 3] 
dagC33.txt 1234x3.txt True 0.06896551724137931 0.11 437.5 [3, 3, 3, 3, 3, 3, 3, 3, 3, 3, 3, 3, 3, 11, 3, 3, 3, 3, 3, 3, 3, 3, 3, 3, 3, 3, 3, 3, 3, 3, 3, 3, 3, 3, 3, 3, 3, 3, 3, 3, 3, 3, 3, 3, 5, 3, 3, 3, 3, 11, 3, 3, 3, 5, 3, 11, 3, 3, 3, 3] 
dagC33.txt 1234x3.txt True 0.06896551724137931 0.12 437.5 [3, 3, 3, 3, 3, 3, 3, 3, 3, 3, 3, 3, 3, 11, 3, 3, 3, 3, 3, 3, 3, 3, 3, 3, 3, 3, 3, 3, 3, 3, 3, 3, 3, 3, 3, 3, 3, 3, 3, 3, 3, 3, 3, 3, 5, 3, 3, 3, 3, 11, 3, 3, 3, 5, 3, 11, 3, 3, 3, 3] 
dagC33.txt 1234x3.txt True 0.06896551724137931 0.13 437.5 [3, 3, 3, 3, 3, 3, 3, 3, 3, 3, 3, 3, 3, 11, 3, 3, 3, 3, 3, 3, 3, 3, 3, 3, 3, 3, 3, 3, 3, 3, 3, 3, 3, 3, 3, 3, 3, 3, 3, 3, 3, 3, 3, 3, 5, 3, 3, 3, 3, 11, 3, 3, 3, 5, 3, 11, 3, 3, 3, 3] 
dagC33.txt 1234x3.txt True 0.13218390804597702 0.14 415.0 [3, 3, 3, 3, 3, 3, 3, 3, 3, 3, 3, 3, 3, 3, 3, 3, 3, 3, 3, 3, 3, 3, 3, 3, 3, 8, 3, 3, 3, 3, 3, 3, 3, 3, 4, 3, 3, 2, 3, 3, 3, 3, 3, 3, 11, 3, 1, 3, 3, 3, 7, 3, 3, 10, 3, 3, 3, 3, 3, 5] 
dagC33.txt 1234x3.txt True 0.13218390804597702 0.15 415.0 [3, 3, 3, 3, 3, 3, 3, 3, 3, 3, 3, 3, 3, 3, 3, 3, 3, 3, 3, 3, 3, 3, 3, 3, 3, 8, 3, 3, 3, 3, 3, 3, 3, 3, 4, 3, 3, 2, 3, 3, 3, 3, 3, 3, 11, 3, 1, 3, 3, 3, 7, 3, 3, 10, 3, 3, 3, 3, 3, 5] 
dagC33.txt 1234x3.txt True 0.12643678160919541 0.16 395.25 [3, 3, 3, 3, 3, 3, 3, 3, 3, 3, 3, 3, 3, 3, 3, 3, 3, 3, 3, 3, 3, 3, 3, 3, 3, 3, 3, 2, 3, 3, 3, 3, 3, 3, 3, 3, 3, 8, 3, 3, 1, 3, 3, 3, 3, 10, 7, 4, 3, 3, 6, 3, 10, 3, 3, 3, 11, 4, 3, 3] 
dagC33.txt 1234x3.txt True 0.12643678160919541 0.17 395.25 [3, 3, 3, 3, 3, 3, 3, 3, 3, 3, 3, 3, 3, 3, 3, 3, 3, 3, 3, 3, 3, 3, 3, 3, 3, 3, 3, 2, 3, 3, 3, 3, 3, 3, 3, 3, 3, 8, 3, 3, 1, 3, 3, 3, 3, 10, 7, 4, 3, 3, 6, 3, 10, 3, 3, 3, 11, 4, 3, 3] 
dagC33.txt 1234x3.txt True 0.12643678160919541 0.18 395.25 [3, 3, 3, 3, 3, 3, 3, 3, 3, 3, 3, 3, 3, 3, 3, 3, 3, 3, 3, 3, 3, 3, 3, 3, 3, 3, 3, 2, 3, 3, 3, 3, 3, 3, 3, 3, 3, 8, 3, 3, 1, 3, 3, 3, 3, 10, 7, 4, 3, 3, 6, 3, 10, 3, 3, 3, 11, 4, 3, 3] 
dagC33.txt 1234x3.txt True 0.12643678160919541 0.19 395.25 [3, 3, 3, 3, 3, 3, 3, 3, 3, 3, 3, 3, 3, 3, 3, 3, 3, 3, 3, 3, 3, 3, 3, 3, 3, 3, 3, 2, 3, 3, 3, 3, 3, 3, 3, 3, 3, 8, 3, 3, 1, 3, 3, 3, 3, 10, 7, 4, 3, 3, 6, 3, 10, 3, 3, 3, 11, 4, 3, 3] 
dagC33.txt 1234x3.txt True 0.12643678160919541 0.2 395.25 [3, 3, 3, 3, 3, 3, 3, 3, 3, 3, 3, 3, 3, 3, 3, 3, 3, 3, 3, 3, 3, 3, 3, 3, 3, 3, 3, 2, 3, 3, 3, 3, 3, 3, 3, 3, 3, 8, 3, 3, 1, 3, 3, 3, 3, 10, 7, 4, 3, 3, 6, 3, 10, 3, 3, 3, 11, 4, 3, 3] 
dagC33.txt 1234x3.txt True 0.12643678160919541 0.25 395.25 [3, 3, 3, 3, 3, 3, 3, 3, 3, 3, 3, 3, 3, 3, 3, 3, 3, 3, 3, 3, 3, 3, 3, 3, 3, 3, 3, 2, 3, 3, 3, 3, 3, 3, 3, 3, 3, 8, 3, 3, 1, 3, 3, 3, 3, 10, 7, 4, 3, 3, 6, 3, 10, 3, 3, 3, 11, 4, 3, 3] 
dagC33.txt 1234x3.txt True 0.12643678160919541 0.3 395.25 [3, 3, 3, 3, 3, 3, 3, 3, 3, 3, 3, 3, 3, 3, 3, 3, 3, 3, 3, 3, 3, 3, 3, 3, 3, 3, 3, 2, 3, 3, 3, 3, 3, 3, 3, 3, 3, 8, 3, 3, 1, 3, 3, 3, 3, 10, 7, 4, 3, 3, 6, 3, 10, 3, 3, 3, 11, 4, 3, 3] 
dagC33.txt 1234x3.txt True 0.12643678160919541 0.35 395.25 [3, 3, 3, 3, 3, 3, 3, 3, 3, 3, 3, 3, 3, 3, 3, 3, 3, 3, 3, 3, 3, 3, 3, 3, 3, 3, 3, 2, 3, 3, 3, 3, 3, 3, 3, 3, 3, 8, 3, 3, 1, 3, 3, 3, 3, 10, 7, 4, 3, 3, 6, 3, 10, 3, 3, 3, 11, 4, 3, 3] 
dagC33.txt 1234x3.txt True 0.12643678160919541 0.4 395.25 [3, 3, 3, 3, 3, 3, 3, 3, 3, 3, 3, 3, 3, 3, 3, 3, 3, 3, 3, 3, 3, 3, 3, 3, 3, 3, 3, 2, 3, 3, 3, 3, 3, 3, 3, 3, 3, 8, 3, 3, 1, 3, 3, 3, 3, 10, 7, 4, 3, 3, 6, 3, 10, 3, 3, 3, 11, 4, 3, 3] 
dagC33.txt 1234x3.txt True 0.12643678160919541 0.45 395.25 [3, 3, 3, 3, 3, 3, 3, 3, 3, 3, 3, 3, 3, 3, 3, 3, 3, 3, 3, 3, 3, 3, 3, 3, 3, 3, 3, 2, 3, 3, 3, 3, 3, 3, 3, 3, 3, 8, 3, 3, 1, 3, 3, 3, 3, 10, 7, 4, 3, 3, 6, 3, 10, 3, 3, 3, 11, 4, 3, 3] 
dagC33.txt 1234x3.txt True 0.46551724137931033 0.5 127.0 [3, 3, 3, 3, 3, 3, 11, 11, 10, 2, 3, 2, 11, 2, 7, 11, 10, 3, 11, 3, 3, 3, 10, 3, 7, 3, 11, 2, 2, 11, 11, 7, 3, 3, 7, 7, 2, 11, 7, 11, 5, 7, 11, 2, 7, 8, 11, 4, 11, 2, 11, 11, 8, 7, 11, 2, 2, 4, 7, 7] 
dagC33.txt 1234x3.txt True 0.5172413793103449 0.55 133.0 [1, 7, 7, 7, 7, 7, 7, 7, 7, 11, 0, 2, 7, 11, 2, 7, 7, 7, 3, 7, 7, 1, 0, 7, 11, 1, 3, 2, 2, 3, 1, 2, 7, 7, 11, 11, 3, 10, 11, 9, 2, 11, 1, 0, 2, 3, 10, 7, 1, 2, 3, 3, 3, 2, 3, 2, 11, 8, 11, 11] 
dagC33.txt 1234x3.txt True 0.5287356321839081 0.6 154.0 [7, 3, 7, 7, 7, 7, 7, 7, 3, 10, 3, 3, 5, 10, 3, 5, 2, 7, 7, 7, 7, 3, 3, 3, 4, 7, 7, 11, 3, 7, 5, 1, 7, 7, 4, 0, 7, 8, 5, 4, 5, 3, 7, 3, 1, 6, 8, 5, 5, 10, 7, 3, 6, 9, 7, 10, 11, 5, 4, 5] 
dagC33.txt 1234x3.txt True 0.5287356321839081 0.65 154.0 [7, 3, 7, 7, 7, 7, 7, 7, 3, 10, 3, 3, 5, 10, 3, 5, 2, 7, 7, 7, 7, 3, 3, 3, 4, 7, 7, 11, 3, 7, 5, 1, 7, 7, 4, 0, 7, 8, 5, 4, 5, 3, 7, 3, 1, 6, 8, 5, 5, 10, 7, 3, 6, 9, 7, 10, 11, 5, 4, 5] 
dagC33.txt 1234x3.txt True 0.5287356321839081 0.7 154.0 [7, 3, 7, 7, 7, 7, 7, 7, 3, 10, 3, 3, 5, 10, 3, 5, 2, 7, 7, 7, 7, 3, 3, 3, 4, 7, 7, 11, 3, 7, 5, 1, 7, 7, 4, 0, 7, 8, 5, 4, 5, 3, 7, 3, 1, 6, 8, 5, 5, 10, 7, 3, 6, 9, 7, 10, 11, 5, 4, 5] 
dagC33.txt 1234x3.txt True 0.603448275862069 0.75 107.5 [3, 2, 1, 11, 2, 11, 11, 11, 2, 7, 2, 7, 11, 11, 3, 11, 7, 11, 11, 1, 7, 2, 6, 2, 3, 0, 7, 9, 7, 7, 8, 3, 7, 11, 3, 3, 7, 0, 3, 11, 9, 3, 3, 6, 11, 5, 0, 3, 10, 10, 7, 6, 5, 11, 7, 7, 9, 10, 3, 3] 
dagC33.txt 1234x3.txt True 0.6551724137931034 0.8 85.5 [11, 7, 11, 7, 7, 10, 9, 7, 3, 11, 3, 8, 10, 11, 3, 9, 3, 10, 4, 7, 7, 7, 8, 7, 6, 7, 5, 2, 3, 5, 10, 3, 11, 3, 7, 6, 3, 3, 7, 9, 2, 7, 9, 3, 0, 5, 3, 2, 9, 1, 1, 5, 5, 0, 5, 1, 2, 2, 6, 7] 
dagC33.txt 1234x3.txt True 0.7011494252873564 0.85 80.75 [11, 1, 2, 11, 2, 2, 3, 5, 7, 3, 7, 11, 1, 5, 7, 3, 7, 1, 5, 2, 2, 1, 11, 7, 3, 11, 3, 10, 8, 7, 3, 7, 0, 11, 6, 6, 4, 9, 5, 3, 10, 8, 11, 7, 9, 7, 9, 11, 11, 10, 7, 3, 7, 9, 3, 10, 10, 11, 6, 6] 
dagC33.txt 1234x3.txt True 0.6896551724137931 0.9 75.5 [7, 6, 9, 7, 7, 3, 11, 7, 3, 9, 6, 3, 11, 9, 3, 6, 3, 9, 8, 7, 10, 6, 6, 7, 2, 7, 11, 7, 11, 10, 11, 3, 3, 7, 1, 2, 11, 10, 2, 6, 4, 11, 3, 5, 0, 2, 10, 3, 3, 7, 11, 5, 2, 3, 10, 4, 5, 7, 1, 1] 
dagC33.txt 1234x3.txt True 0.7011494252873564 0.95 72.0 [7, 7, 6, 7, 7, 8, 11, 6, 10, 2, 3, 11, 11, 6, 3, 9, 4, 7, 6, 6, 3, 7, 11, 7, 7, 7, 10, 1, 11, 10, 11, 4, 2, 7, 5, 3, 10, 10, 3, 9, 1, 5, 11, 0, 4, 3, 9, 2, 11, 2, 10, 0, 3, 3, 10, 2, 1, 2, 5, 6] 
dagC33.txt 1234x3.txt True 0.7011494252873564 1 72.0 [7, 7, 6, 7, 7, 8, 11, 6, 10, 2, 3, 11, 11, 6, 3, 9, 4, 7, 6, 6, 3, 7, 11, 7, 7, 7, 10, 1, 11, 10, 11, 4, 2, 7, 5, 3, 10, 10, 3, 9, 1, 5, 11, 0, 4, 3, 9, 2, 11, 2, 10, 0, 3, 3, 10, 2, 1, 2, 5, 6] 
dagC33.txt 1_4x1.txt True 0.0 0.07 482.5 [1, 1, 1, 1, 1, 1, 1, 1, 1, 1, 1, 1, 1, 1, 1, 1, 1, 1, 1, 1, 1, 1, 1, 1, 1, 1, 1, 1, 1, 1, 1, 1, 1, 1, 1, 1, 1, 1, 1, 1, 1, 1, 1, 1, 1, 1, 1, 1, 1, 1, 1, 1, 1, 1, 1, 1, 1, 1, 1, 1] 
dagC33.txt 1_4x1.txt True 0.0 0.08 482.5 [1, 1, 1, 1, 1, 1, 1, 1, 1, 1, 1, 1, 1, 1, 1, 1, 1, 1, 1, 1, 1, 1, 1, 1, 1, 1, 1, 1, 1, 1, 1, 1, 1, 1, 1, 1, 1, 1, 1, 1, 1, 1, 1, 1, 1, 1, 1, 1, 1, 1, 1, 1, 1, 1, 1, 1, 1, 1, 1, 1] 
dagC33.txt 1_4x1.txt True 0.0 0.09 482.5 [1, 1, 1, 1, 1, 1, 1, 1, 1, 1, 1, 1, 1, 1, 1, 1, 1, 1, 1, 1, 1, 1, 1, 1, 1, 1, 1, 1, 1, 1, 1, 1, 1, 1, 1, 1, 1, 1, 1, 1, 1, 1, 1, 1, 1, 1, 1, 1, 1, 1, 1, 1, 1, 1, 1, 1, 1, 1, 1, 1] 
dagC33.txt 1_4x1.txt True 0.0 0.1 482.5 [1, 1, 1, 1, 1, 1, 1, 1, 1, 1, 1, 1, 1, 1, 1, 1, 1, 1, 1, 1, 1, 1, 1, 1, 1, 1, 1, 1, 1, 1, 1, 1, 1, 1, 1, 1, 1, 1, 1, 1, 1, 1, 1, 1, 1, 1, 1, 1, 1, 1, 1, 1, 1, 1, 1, 1, 1, 1, 1, 1] 
dagC33.txt 1_4x1.txt True 0.0 0.11 482.5 [1, 1, 1, 1, 1, 1, 1, 1, 1, 1, 1, 1, 1, 1, 1, 1, 1, 1, 1, 1, 1, 1, 1, 1, 1, 1, 1, 1, 1, 1, 1, 1, 1, 1, 1, 1, 1, 1, 1, 1, 1, 1, 1, 1, 1, 1, 1, 1, 1, 1, 1, 1, 1, 1, 1, 1, 1, 1, 1, 1] 
dagC33.txt 1_4x1.txt True 0.0 0.12 482.5 [1, 1, 1, 1, 1, 1, 1, 1, 1, 1, 1, 1, 1, 1, 1, 1, 1, 1, 1, 1, 1, 1, 1, 1, 1, 1, 1, 1, 1, 1, 1, 1, 1, 1, 1, 1, 1, 1, 1, 1, 1, 1, 1, 1, 1, 1, 1, 1, 1, 1, 1, 1, 1, 1, 1, 1, 1, 1, 1, 1] 
dagC33.txt 1_4x1.txt True 0.0 0.13 482.5 [1, 1, 1, 1, 1, 1, 1, 1, 1, 1, 1, 1, 1, 1, 1, 1, 1, 1, 1, 1, 1, 1, 1, 1, 1, 1, 1, 1, 1, 1, 1, 1, 1, 1, 1, 1, 1, 1, 1, 1, 1, 1, 1, 1, 1, 1, 1, 1, 1, 1, 1, 1, 1, 1, 1, 1, 1, 1, 1, 1] 
dagC33.txt 1_4x1.txt True 0.06321839080459771 0.14 452.25 [1, 1, 1, 1, 1, 1, 1, 1, 1, 1, 1, 1, 1, 1, 1, 1, 1, 1, 1, 1, 1, 1, 1, 1, 1, 0, 1, 1, 1, 1, 1, 1, 1, 1, 1, 1, 1, 0, 1, 1, 1, 1, 1, 1, 1, 1, 0, 1, 1, 1, 0, 1, 1, 1, 1, 1, 1, 1, 1, 1] 
dagC33.txt 1_4x1.txt True 0.06321839080459771 0.15 452.25 [1, 1, 1, 1, 1, 1, 1, 1, 1, 1, 1, 1, 1, 1, 1, 1, 1, 1, 1, 1, 1, 1, 1, 1, 1, 0, 1, 1, 1, 1, 1, 1, 1, 1, 1, 1, 1, 0, 1, 1, 1, 1, 1, 1, 1, 1, 0, 1, 1, 1, 0, 1, 1, 1, 1, 1, 1, 1, 1, 1] 
dagC33.txt 1_4x1.txt True 0.08045977011494253 0.16 435.5 [1, 1, 1, 1, 1, 1, 1, 1, 1, 1, 1, 1, 1, 1, 0, 1, 1, 1, 1, 1, 1, 1, 1, 1, 1, 1, 1, 1, 1, 1, 1, 1, 1, 1, 1, 1, 1, 0, 1, 1, 1, 1, 1, 1, 1, 0, 0, 1, 1, 1, 0, 1, 0, 1, 1, 1, 1, 1, 1, 1] 
dagC33.txt 1_4x1.txt True 0.08045977011494253 0.17 435.5 [1, 1, 1, 1, 1, 1, 1, 1, 1, 1, 1, 1, 1, 1, 0, 1, 1, 1, 1, 1, 1, 1, 1, 1, 1, 1, 1, 1, 1, 1, 1, 1, 1, 1, 1, 1, 1, 0, 1, 1, 1, 1, 1, 1, 1, 0, 0, 1, 1, 1, 0, 1, 0, 1, 1, 1, 1, 1, 1, 1] 
dagC33.txt 1_4x1.txt True 0.08045977011494253 0.18 435.5 [1, 1, 1, 1, 1, 1, 1, 1, 1, 1, 1, 1, 1, 1, 0, 1, 1, 1, 1, 1, 1, 1, 1, 1, 1, 1, 1, 1, 1, 1, 1, 1, 1, 1, 1, 1, 1, 0, 1, 1, 1, 1, 1, 1, 1, 0, 0, 1, 1, 1, 0, 1, 0, 1, 1, 1, 1, 1, 1, 1] 
dagC33.txt 1_4x1.txt True 0.08045977011494253 0.19 435.5 [1, 1, 1, 1, 1, 1, 1, 1, 1, 1, 1, 1, 1, 1, 0, 1, 1, 1, 1, 1, 1, 1, 1, 1, 1, 1, 1, 1, 1, 1, 1, 1, 1, 1, 1, 1, 1, 0, 1, 1, 1, 1, 1, 1, 1, 0, 0, 1, 1, 1, 0, 1, 0, 1, 1, 1, 1, 1, 1, 1] 
dagC33.txt 1_4x1.txt True 0.08045977011494253 0.2 435.5 [1, 1, 1, 1, 1, 1, 1, 1, 1, 1, 1, 1, 1, 1, 0, 1, 1, 1, 1, 1, 1, 1, 1, 1, 1, 1, 1, 1, 1, 1, 1, 1, 1, 1, 1, 1, 1, 0, 1, 1, 1, 1, 1, 1, 1, 0, 0, 1, 1, 1, 0, 1, 0, 1, 1, 1, 1, 1, 1, 1] 
dagC33.txt 1_4x1.txt True 0.08045977011494253 0.25 435.5 [1, 1, 1, 1, 1, 1, 1, 1, 1, 1, 1, 1, 1, 1, 0, 1, 1, 1, 1, 1, 1, 1, 1, 1, 1, 1, 1, 1, 1, 1, 1, 1, 1, 1, 1, 1, 1, 0, 1, 1, 1, 1, 1, 1, 1, 0, 0, 1, 1, 1, 0, 1, 0, 1, 1, 1, 1, 1, 1, 1] 
dagC33.txt 1_4x1.txt True 0.08045977011494253 0.3 435.5 [1, 1, 1, 1, 1, 1, 1, 1, 1, 1, 1, 1, 1, 1, 0, 1, 1, 1, 1, 1, 1, 1, 1, 1, 1, 1, 1, 1, 1, 1, 1, 1, 1, 1, 1, 1, 1, 0, 1, 1, 1, 1, 1, 1, 1, 0, 0, 1, 1, 1, 0, 1, 0, 1, 1, 1, 1, 1, 1, 1] 
dagC33.txt 1_4x1.txt True 0.08045977011494253 0.35 435.5 [1, 1, 1, 1, 1, 1, 1, 1, 1, 1, 1, 1, 1, 1, 0, 1, 1, 1, 1, 1, 1, 1, 1, 1, 1, 1, 1, 1, 1, 1, 1, 1, 1, 1, 1, 1, 1, 0, 1, 1, 1, 1, 1, 1, 1, 0, 0, 1, 1, 1, 0, 1, 0, 1, 1, 1, 1, 1, 1, 1] 
dagC33.txt 1_4x1.txt True 0.08045977011494253 0.4 435.5 [1, 1, 1, 1, 1, 1, 1, 1, 1, 1, 1, 1, 1, 1, 0, 1, 1, 1, 1, 1, 1, 1, 1, 1, 1, 1, 1, 1, 1, 1, 1, 1, 1, 1, 1, 1, 1, 0, 1, 1, 1, 1, 1, 1, 1, 0, 0, 1, 1, 1, 0, 1, 0, 1, 1, 1, 1, 1, 1, 1] 
dagC33.txt 1_4x1.txt True 0.08045977011494253 0.45 435.5 [1, 1, 1, 1, 1, 1, 1, 1, 1, 1, 1, 1, 1, 1, 0, 1, 1, 1, 1, 1, 1, 1, 1, 1, 1, 1, 1, 1, 1, 1, 1, 1, 1, 1, 1, 1, 1, 0, 1, 1, 1, 1, 1, 1, 1, 0, 0, 1, 1, 1, 0, 1, 0, 1, 1, 1, 1, 1, 1, 1] 
dagC33.txt 1_4x1.txt True 0.14367816091954022 0.5 431.0 [1, 1, 1, 1, 1, 1, 1, 1, 1, 0, 1, 0, 1, 0, 1, 1, 1, 1, 1, 1, 1, 1, 1, 1, 1, 1, 1, 0, 0, 1, 1, 1, 1, 1, 1, 1, 0, 1, 1, 1, 0, 1, 1, 0, 1, 1, 1, 0, 1, 0, 1, 1, 1, 1, 1, 0, 0, 0, 1, 1] 
dagC33.txt 1_4x1.txt True 0.09770114942528736 0.55 425.75 [1, 1, 1, 1, 1, 1, 1, 1, 1, 1, 0, 1, 1, 1, 1, 1, 1, 1, 1, 1, 1, 1, 0, 1, 1, 1, 1, 1, 1, 1, 1, 1, 1, 1, 1, 1, 1, 0, 1, 0, 1, 1, 1, 0, 1, 1, 0, 1, 1, 1, 1, 1, 1, 1, 1, 1, 1, 1, 1, 1] 
dagC33.txt 1_4x1.txt True 0.1781609195402299 0.6 401.75 [1, 1, 1, 1, 1, 1, 1, 1, 1, 1, 1, 1, 1, 1, 1, 1, 1, 1, 1, 1, 1, 1, 1, 1, 1, 1, 1, 1, 1, 1, 1, 0, 1, 1, 0, 0, 1, 1, 0, 1, 1, 1, 0, 1, 0, 0, 1, 1, 1, 1, 1, 1, 0, 1, 1, 1, 1, 1, 0, 0] 
dagC33.txt 1_4x1.txt True 0.1781609195402299 0.65 401.75 [1, 1, 1, 1, 1, 1, 1, 1, 1, 1, 1, 1, 1, 1, 1, 1, 1, 1, 1, 1, 1, 1, 1, 1, 1, 1, 1, 1, 1, 1, 1, 0, 1, 1, 0, 0, 1, 1, 0, 1, 1, 1, 0, 1, 0, 0, 1, 1, 1, 1, 1, 1, 0, 1, 1, 1, 1, 1, 0, 0] 
dagC33.txt 1_4x1.txt True 0.1781609195402299 0.7 401.75 [1, 1, 1, 1, 1, 1, 1, 1, 1, 1, 1, 1, 1, 1, 1, 1, 1, 1, 1, 1, 1, 1, 1, 1, 1, 1, 1, 1, 1, 1, 1, 0, 1, 1, 0, 0, 1, 1, 0, 1, 1, 1, 0, 1, 0, 0, 1, 1, 1, 1, 1, 1, 0, 1, 1, 1, 1, 1, 0, 0] 
dagC33.txt 1_4x1.txt True 0.1724137931034483 0.75 403.75 [1, 1, 0, 1, 0, 1, 1, 1, 1, 1, 1, 1, 1, 1, 1, 1, 1, 1, 1, 0, 1, 1, 0, 1, 1, 0, 1, 1, 1, 1, 1, 1, 1, 1, 1, 1, 1, 0, 1, 1, 1, 1, 0, 1, 1, 0, 0, 1, 1, 1, 1, 1, 0, 1, 1, 1, 1, 1, 1, 1] 
dagC33.txt 1_4x1.txt True 0.12643678160919541 0.8 387.0 [1, 1, 1, 1, 1, 1, 1, 1, 1, 1, 1, 1, 1, 1, 1, 1, 1, 1, 0, 1, 1, 1, 1, 1, 1, 1, 1, 1, 1, 1, 1, 1, 1, 1, 1, 1, 0, 0, 1, 1, 0, 1, 1, 1, 0, 0, 0, 1, 1, 0, 1, 1, 0, 0, 1, 1, 1, 1, 1, 1] 
dagC33.txt 1_4x1.txt True 0.27011494252873564 0.85 386.25 [1, 1, 0, 1, 1, 1, 0, 1, 1, 1, 1, 1, 0, 1, 1, 1, 1, 1, 0, 1, 1, 0, 1, 1, 1, 1, 1, 1, 0, 1, 1, 1, 1, 1, 1, 1, 1, 1, 1, 1, 1, 0, 0, 1, 1, 1, 1, 1, 0, 1, 1, 1, 1, 1, 1, 1, 1, 1, 0, 1] 
dagC33.txt 1_4x1.txt True 0.3735632183908046 0.9 388.0 [0, 1, 1, 1, 1, 1, 0, 0, 0, 0, 0, 1, 1, 0, 1, 1, 0, 0, 0, 0, 0, 1, 1, 1, 1, 1, 1, 1, 1, 1, 1, 1, 1, 1, 1, 1, 1, 1, 1, 1, 1, 1, 1, 1, 1, 1, 1, 1, 1, 1, 1, 1, 1, 1, 1, 1, 1, 1, 1, 1] 
dagC33.txt 1_4x1.txt True 0.22413793103448276 0.95 391.25 [1, 1, 1, 1, 1, 1, 1, 1, 1, 1, 1, 1, 1, 1, 0, 1, 1, 1, 1, 1, 1, 1, 1, 1, 1, 1, 1, 1, 1, 1, 1, 1, 1, 1, 0, 1, 1, 1, 0, 1, 0, 0, 1, 0, 0, 1, 1, 0, 1, 1, 1, 0, 0, 1, 1, 0, 0, 0, 1, 1] 
dagC33.txt 1_4x1.txt True 0.22413793103448276 1 391.25 [1, 1, 1, 1, 1, 1, 1, 1, 1, 1, 1, 1, 1, 1, 0, 1, 1, 1, 1, 1, 1, 1, 1, 1, 1, 1, 1, 1, 1, 1, 1, 1, 1, 1, 0, 1, 1, 1, 0, 1, 0, 0, 1, 0, 0, 1, 1, 0, 1, 1, 1, 0, 0, 1, 1, 0, 0, 0, 1, 1] 
dagC33.txt 3_2x2.txt True 0.06321839080459771 0.07 583.3333333333334 [0, 0, 0, 0, 0, 0, 0, 0, 0, 0, 0, 0, 0, 3, 0, 0, 0, 0, 0, 0, 0, 0, 0, 0, 0, 0, 0, 0, 0, 0, 0, 0, 0, 0, 0, 0, 0, 0, 0, 0, 0, 0, 0, 0, 3, 0, 0, 0, 0, 3, 0, 0, 0, 3, 0, 3, 0, 0, 0, 0] 
dagC33.txt 3_2x2.txt True 0.06321839080459771 0.08 583.3333333333334 [0, 0, 0, 0, 0, 0, 0, 0, 0, 0, 0, 0, 0, 3, 0, 0, 0, 0, 0, 0, 0, 0, 0, 0, 0, 0, 0, 0, 0, 0, 0, 0, 0, 0, 0, 0, 0, 0, 0, 0, 0, 0, 0, 0, 3, 0, 0, 0, 0, 3, 0, 0, 0, 3, 0, 3, 0, 0, 0, 0] 
dagC33.txt 3_2x2.txt True 0.06321839080459771 0.09 583.3333333333334 [0, 0, 0, 0, 0, 0, 0, 0, 0, 0, 0, 0, 0, 3, 0, 0, 0, 0, 0, 0, 0, 0, 0, 0, 0, 0, 0, 0, 0, 0, 0, 0, 0, 0, 0, 0, 0, 0, 0, 0, 0, 0, 0, 0, 3, 0, 0, 0, 0, 3, 0, 0, 0, 3, 0, 3, 0, 0, 0, 0] 
dagC33.txt 3_2x2.txt True 0.06321839080459771 0.1 583.3333333333334 [0, 0, 0, 0, 0, 0, 0, 0, 0, 0, 0, 0, 0, 3, 0, 0, 0, 0, 0, 0, 0, 0, 0, 0, 0, 0, 0, 0, 0, 0, 0, 0, 0, 0, 0, 0, 0, 0, 0, 0, 0, 0, 0, 0, 3, 0, 0, 0, 0, 3, 0, 0, 0, 3, 0, 3, 0, 0, 0, 0] 
dagC33.txt 3_2x2.txt True 0.06321839080459771 0.11 583.3333333333334 [0, 0, 0, 0, 0, 0, 0, 0, 0, 0, 0, 0, 0, 3, 0, 0, 0, 0, 0, 0, 0, 0, 0, 0, 0, 0, 0, 0, 0, 0, 0, 0, 0, 0, 0, 0, 0, 0, 0, 0, 0, 0, 0, 0, 3, 0, 0, 0, 0, 3, 0, 0, 0, 3, 0, 3, 0, 0, 0, 0] 
dagC33.txt 3_2x2.txt True 0.06321839080459771 0.12 583.3333333333334 [0, 0, 0, 0, 0, 0, 0, 0, 0, 0, 0, 0, 0, 3, 0, 0, 0, 0, 0, 0, 0, 0, 0, 0, 0, 0, 0, 0, 0, 0, 0, 0, 0, 0, 0, 0, 0, 0, 0, 0, 0, 0, 0, 0, 3, 0, 0, 0, 0, 3, 0, 0, 0, 3, 0, 3, 0, 0, 0, 0] 
dagC33.txt 3_2x2.txt True 0.06321839080459771 0.13 583.3333333333334 [0, 0, 0, 0, 0, 0, 0, 0, 0, 0, 0, 0, 0, 3, 0, 0, 0, 0, 0, 0, 0, 0, 0, 0, 0, 0, 0, 0, 0, 0, 0, 0, 0, 0, 0, 0, 0, 0, 0, 0, 0, 0, 0, 0, 3, 0, 0, 0, 0, 3, 0, 0, 0, 3, 0, 3, 0, 0, 0, 0] 
dagC33.txt 3_2x2.txt True 0.09195402298850575 0.14 579.0 [2, 2, 2, 2, 2, 2, 2, 2, 2, 2, 2, 2, 2, 2, 2, 2, 2, 2, 2, 2, 2, 2, 2, 2, 2, 3, 2, 2, 2, 2, 2, 2, 2, 2, 3, 2, 2, 0, 2, 2, 2, 2, 2, 2, 2, 2, 0, 2, 2, 2, 0, 2, 2, 2, 2, 2, 2, 2, 2, 3] 
dagC33.txt 3_2x2.txt True 0.09195402298850575 0.15 579.0 [2, 2, 2, 2, 2, 2, 2, 2, 2, 2, 2, 2, 2, 2, 2, 2, 2, 2, 2, 2, 2, 2, 2, 2, 2, 3, 2, 2, 2, 2, 2, 2, 2, 2, 3, 2, 2, 0, 2, 2, 2, 2, 2, 2, 2, 2, 0, 2, 2, 2, 0, 2, 2, 2, 2, 2, 2, 2, 2, 3] 
dagC33.txt 3_2x2.txt True 0.09770114942528736 0.16 558.3333333333334 [0, 0, 0, 0, 0, 0, 0, 0, 0, 0, 0, 0, 0, 0, 2, 0, 0, 0, 0, 0, 0, 0, 0, 0, 0, 0, 0, 1, 0, 0, 0, 0, 0, 0, 0, 0, 0, 0, 0, 0, 1, 0, 0, 0, 0, 2, 0, 2, 0, 0, 0, 0, 2, 0, 0, 0, 1, 2, 0, 0] 
dagC33.txt 3_2x2.txt True 0.09770114942528736 0.17 558.3333333333334 [0, 0, 0, 0, 0, 0, 0, 0, 0, 0, 0, 0, 0, 0, 2, 0, 0, 0, 0, 0, 0, 0, 0, 0, 0, 0, 0, 1, 0, 0, 0, 0, 0, 0, 0, 0, 0, 0, 0, 0, 1, 0, 0, 0, 0, 2, 0, 2, 0, 0, 0, 0, 2, 0, 0, 0, 1, 2, 0, 0] 
dagC33.txt 3_2x2.txt True 0.09770114942528736 0.18 558.3333333333334 [0, 0, 0, 0, 0, 0, 0, 0, 0, 0, 0, 0, 0, 0, 2, 0, 0, 0, 0, 0, 0, 0, 0, 0, 0, 0, 0, 1, 0, 0, 0, 0, 0, 0, 0, 0, 0, 0, 0, 0, 1, 0, 0, 0, 0, 2, 0, 2, 0, 0, 0, 0, 2, 0, 0, 0, 1, 2, 0, 0] 
dagC33.txt 3_2x2.txt True 0.09770114942528736 0.19 558.3333333333334 [0, 0, 0, 0, 0, 0, 0, 0, 0, 0, 0, 0, 0, 0, 2, 0, 0, 0, 0, 0, 0, 0, 0, 0, 0, 0, 0, 1, 0, 0, 0, 0, 0, 0, 0, 0, 0, 0, 0, 0, 1, 0, 0, 0, 0, 2, 0, 2, 0, 0, 0, 0, 2, 0, 0, 0, 1, 2, 0, 0] 
dagC33.txt 3_2x2.txt True 0.09770114942528736 0.2 558.3333333333334 [0, 0, 0, 0, 0, 0, 0, 0, 0, 0, 0, 0, 0, 0, 2, 0, 0, 0, 0, 0, 0, 0, 0, 0, 0, 0, 0, 1, 0, 0, 0, 0, 0, 0, 0, 0, 0, 0, 0, 0, 1, 0, 0, 0, 0, 2, 0, 2, 0, 0, 0, 0, 2, 0, 0, 0, 1, 2, 0, 0] 
dagC33.txt 3_2x2.txt True 0.09770114942528736 0.25 558.3333333333334 [0, 0, 0, 0, 0, 0, 0, 0, 0, 0, 0, 0, 0, 0, 2, 0, 0, 0, 0, 0, 0, 0, 0, 0, 0, 0, 0, 1, 0, 0, 0, 0, 0, 0, 0, 0, 0, 0, 0, 0, 1, 0, 0, 0, 0, 2, 0, 2, 0, 0, 0, 0, 2, 0, 0, 0, 1, 2, 0, 0] 
dagC33.txt 3_2x2.txt True 0.09770114942528736 0.3 558.3333333333334 [0, 0, 0, 0, 0, 0, 0, 0, 0, 0, 0, 0, 0, 0, 2, 0, 0, 0, 0, 0, 0, 0, 0, 0, 0, 0, 0, 1, 0, 0, 0, 0, 0, 0, 0, 0, 0, 0, 0, 0, 1, 0, 0, 0, 0, 2, 0, 2, 0, 0, 0, 0, 2, 0, 0, 0, 1, 2, 0, 0] 
dagC33.txt 3_2x2.txt True 0.09770114942528736 0.35 558.3333333333334 [0, 0, 0, 0, 0, 0, 0, 0, 0, 0, 0, 0, 0, 0, 2, 0, 0, 0, 0, 0, 0, 0, 0, 0, 0, 0, 0, 1, 0, 0, 0, 0, 0, 0, 0, 0, 0, 0, 0, 0, 1, 0, 0, 0, 0, 2, 0, 2, 0, 0, 0, 0, 2, 0, 0, 0, 1, 2, 0, 0] 
dagC33.txt 3_2x2.txt True 0.09770114942528736 0.4 558.3333333333334 [0, 0, 0, 0, 0, 0, 0, 0, 0, 0, 0, 0, 0, 0, 2, 0, 0, 0, 0, 0, 0, 0, 0, 0, 0, 0, 0, 1, 0, 0, 0, 0, 0, 0, 0, 0, 0, 0, 0, 0, 1, 0, 0, 0, 0, 2, 0, 2, 0, 0, 0, 0, 2, 0, 0, 0, 1, 2, 0, 0] 
dagC33.txt 3_2x2.txt True 0.09770114942528736 0.45 558.3333333333334 [0, 0, 0, 0, 0, 0, 0, 0, 0, 0, 0, 0, 0, 0, 2, 0, 0, 0, 0, 0, 0, 0, 0, 0, 0, 0, 0, 1, 0, 0, 0, 0, 0, 0, 0, 0, 0, 0, 0, 0, 1, 0, 0, 0, 0, 2, 0, 2, 0, 0, 0, 0, 2, 0, 0, 0, 1, 2, 0, 0] 
dagC33.txt 3_2x2.txt True 0.4482758620689655 0.5 248.5 [0, 0, 0, 0, 0, 0, 1, 1, 2, 3, 0, 3, 1, 3, 2, 1, 2, 0, 1, 0, 0, 0, 2, 0, 2, 0, 1, 3, 3, 1, 1, 2, 0, 0, 2, 2, 3, 3, 2, 1, 0, 2, 1, 3, 2, 2, 3, 1, 1, 3, 1, 1, 2, 2, 1, 3, 0, 1, 2, 2] 
dagC33.txt 3_2x2.txt True 0.47126436781609193 0.55 249.5 [2, 1, 1, 1, 1, 1, 1, 1, 1, 3, 0, 2, 1, 3, 2, 1, 1, 1, 0, 1, 1, 2, 0, 1, 3, 2, 0, 2, 2, 0, 2, 2, 1, 1, 3, 3, 0, 0, 3, 0, 2, 3, 2, 0, 2, 0, 0, 2, 2, 2, 0, 0, 0, 2, 0, 2, 2, 2, 3, 3] 
dagC33.txt 3_2x2.txt True 0.3793103448275862 0.6 316.3333333333333 [2, 0, 2, 2, 2, 2, 2, 2, 0, 3, 0, 0, 2, 3, 0, 2, 2, 2, 2, 2, 2, 0, 0, 0, 3, 2, 2, 0, 0, 2, 2, 2, 2, 2, 1, 0, 2, 0, 1, 3, 2, 0, 2, 0, 2, 1, 3, 2, 2, 3, 2, 0, 1, 3, 2, 2, 1, 2, 1, 1] 
dagC33.txt 3_2x2.txt True 0.3793103448275862 0.65 316.3333333333333 [2, 0, 2, 2, 2, 2, 2, 2, 0, 3, 0, 0, 2, 3, 0, 2, 2, 2, 2, 2, 2, 0, 0, 0, 3, 2, 2, 0, 0, 2, 2, 2, 2, 2, 1, 0, 2, 0, 1, 3, 2, 0, 2, 0, 2, 1, 3, 2, 2, 3, 2, 0, 1, 3, 2, 2, 1, 2, 1, 1] 
dagC33.txt 3_2x2.txt True 0.3793103448275862 0.7 316.3333333333333 [2, 0, 2, 2, 2, 2, 2, 2, 0, 3, 0, 0, 2, 3, 0, 2, 2, 2, 2, 2, 2, 0, 0, 0, 3, 2, 2, 0, 0, 2, 2, 2, 2, 2, 1, 0, 2, 0, 1, 3, 2, 0, 2, 0, 2, 1, 3, 2, 2, 3, 2, 0, 1, 3, 2, 2, 1, 2, 1, 1] 
dagC33.txt 3_2x2.txt True 0.41954022988505746 0.75 219.0 [0, 1, 0, 0, 1, 0, 0, 0, 1, 2, 1, 2, 0, 2, 0, 0, 3, 0, 0, 0, 2, 1, 1, 1, 0, 1, 2, 2, 2, 2, 3, 3, 2, 0, 3, 0, 2, 1, 0, 0, 2, 3, 0, 2, 3, 0, 1, 3, 3, 2, 2, 2, 0, 3, 2, 2, 2, 3, 3, 3] 
dagC33.txt 3_2x2.txt True 0.5574712643678161 0.8 214.0 [0, 2, 0, 2, 2, 0, 0, 3, 2, 3, 3, 3, 2, 3, 2, 0, 2, 0, 2, 2, 2, 2, 3, 2, 0, 2, 0, 1, 2, 0, 2, 2, 0, 3, 0, 3, 2, 1, 3, 0, 0, 0, 2, 2, 1, 3, 1, 2, 2, 1, 1, 0, 0, 1, 0, 1, 1, 2, 3, 0] 
dagC33.txt 3_2x2.txt True 0.6091954022988506 0.85 206.0 [2, 2, 0, 2, 1, 3, 1, 3, 0, 1, 0, 2, 2, 3, 0, 3, 0, 2, 3, 3, 1, 0, 2, 0, 1, 2, 0, 0, 2, 1, 2, 0, 1, 2, 2, 1, 0, 0, 3, 3, 2, 2, 1, 0, 1, 0, 0, 2, 3, 3, 1, 0, 0, 1, 0, 3, 0, 2, 3, 2] 
dagC33.txt 3_2x2.txt True 0.6436781609195402 0.9 202.33333333333334 [0, 2, 0, 0, 1, 2, 3, 2, 1, 1, 2, 2, 0, 1, 2, 0, 1, 2, 2, 2, 2, 2, 3, 1, 2, 1, 1, 0, 2, 1, 0, 2, 2, 0, 3, 3, 1, 0, 2, 0, 0, 2, 3, 0, 3, 1, 0, 0, 3, 0, 1, 1, 1, 3, 1, 2, 2, 0, 3, 0] 
dagC33.txt 3_2x2.txt True 0.6781609195402298 0.95 209.0 [1, 1, 0, 2, 0, 0, 0, 0, 2, 2, 0, 2, 0, 0, 2, 1, 3, 2, 3, 0, 1, 0, 2, 0, 1, 0, 3, 2, 2, 0, 2, 3, 2, 2, 0, 1, 0, 2, 1, 3, 0, 3, 0, 1, 1, 2, 3, 2, 3, 3, 0, 3, 2, 1, 3, 3, 2, 2, 3, 0] 
dagC33.txt 3_2x2.txt True 0.6781609195402298 1 209.0 [1, 1, 0, 2, 0, 0, 0, 0, 2, 2, 0, 2, 0, 0, 2, 1, 3, 2, 3, 0, 1, 0, 2, 0, 1, 0, 3, 2, 2, 0, 2, 3, 2, 2, 0, 1, 0, 2, 1, 3, 0, 3, 0, 1, 1, 2, 3, 2, 3, 3, 0, 3, 2, 1, 3, 3, 2, 2, 3, 0] 
dagC33.txt 1_4x4.txt True 0.06321839080459771 0.07 437.5 [1, 1, 1, 1, 1, 1, 1, 1, 1, 1, 1, 1, 1, 5, 1, 1, 1, 1, 1, 1, 1, 1, 1, 1, 1, 1, 1, 1, 1, 1, 1, 1, 1, 1, 1, 1, 1, 1, 1, 1, 1, 1, 1, 1, 5, 1, 1, 1, 1, 5, 1, 1, 1, 5, 1, 5, 1, 1, 1, 1] 
dagC33.txt 1_4x4.txt True 0.06321839080459771 0.08 437.5 [1, 1, 1, 1, 1, 1, 1, 1, 1, 1, 1, 1, 1, 5, 1, 1, 1, 1, 1, 1, 1, 1, 1, 1, 1, 1, 1, 1, 1, 1, 1, 1, 1, 1, 1, 1, 1, 1, 1, 1, 1, 1, 1, 1, 5, 1, 1, 1, 1, 5, 1, 1, 1, 5, 1, 5, 1, 1, 1, 1] 
dagC33.txt 1_4x4.txt True 0.06321839080459771 0.09 437.5 [1, 1, 1, 1, 1, 1, 1, 1, 1, 1, 1, 1, 1, 5, 1, 1, 1, 1, 1, 1, 1, 1, 1, 1, 1, 1, 1, 1, 1, 1, 1, 1, 1, 1, 1, 1, 1, 1, 1, 1, 1, 1, 1, 1, 5, 1, 1, 1, 1, 5, 1, 1, 1, 5, 1, 5, 1, 1, 1, 1] 
dagC33.txt 1_4x4.txt True 0.06321839080459771 0.1 437.5 [1, 1, 1, 1, 1, 1, 1, 1, 1, 1, 1, 1, 1, 5, 1, 1, 1, 1, 1, 1, 1, 1, 1, 1, 1, 1, 1, 1, 1, 1, 1, 1, 1, 1, 1, 1, 1, 1, 1, 1, 1, 1, 1, 1, 5, 1, 1, 1, 1, 5, 1, 1, 1, 5, 1, 5, 1, 1, 1, 1] 
dagC33.txt 1_4x4.txt True 0.06321839080459771 0.11 437.5 [1, 1, 1, 1, 1, 1, 1, 1, 1, 1, 1, 1, 1, 5, 1, 1, 1, 1, 1, 1, 1, 1, 1, 1, 1, 1, 1, 1, 1, 1, 1, 1, 1, 1, 1, 1, 1, 1, 1, 1, 1, 1, 1, 1, 5, 1, 1, 1, 1, 5, 1, 1, 1, 5, 1, 5, 1, 1, 1, 1] 
dagC33.txt 1_4x4.txt True 0.06321839080459771 0.12 437.5 [1, 1, 1, 1, 1, 1, 1, 1, 1, 1, 1, 1, 1, 5, 1, 1, 1, 1, 1, 1, 1, 1, 1, 1, 1, 1, 1, 1, 1, 1, 1, 1, 1, 1, 1, 1, 1, 1, 1, 1, 1, 1, 1, 1, 5, 1, 1, 1, 1, 5, 1, 1, 1, 5, 1, 5, 1, 1, 1, 1] 
dagC33.txt 1_4x4.txt True 0.06321839080459771 0.13 437.5 [1, 1, 1, 1, 1, 1, 1, 1, 1, 1, 1, 1, 1, 5, 1, 1, 1, 1, 1, 1, 1, 1, 1, 1, 1, 1, 1, 1, 1, 1, 1, 1, 1, 1, 1, 1, 1, 1, 1, 1, 1, 1, 1, 1, 5, 1, 1, 1, 1, 5, 1, 1, 1, 5, 1, 5, 1, 1, 1, 1] 
dagC33.txt 1_4x4.txt True 0.10919540229885058 0.14 415.0 [3, 3, 3, 3, 3, 3, 3, 3, 3, 3, 3, 3, 3, 3, 3, 3, 3, 3, 3, 3, 3, 3, 3, 3, 3, 7, 3, 3, 3, 3, 3, 3, 3, 3, 7, 3, 3, 1, 3, 3, 3, 3, 3, 3, 5, 3, 1, 3, 3, 3, 1, 3, 3, 5, 3, 3, 3, 3, 3, 7] 
dagC33.txt 1_4x4.txt True 0.10919540229885058 0.15 415.0 [3, 3, 3, 3, 3, 3, 3, 3, 3, 3, 3, 3, 3, 3, 3, 3, 3, 3, 3, 3, 3, 3, 3, 3, 3, 7, 3, 3, 3, 3, 3, 3, 3, 3, 7, 3, 3, 1, 3, 3, 3, 3, 3, 3, 5, 3, 1, 3, 3, 3, 1, 3, 3, 5, 3, 3, 3, 3, 3, 7] 
dagC33.txt 1_4x4.txt True 0.13218390804597702 0.16 391.75 [3, 3, 3, 3, 3, 3, 3, 3, 3, 3, 3, 3, 3, 3, 7, 3, 3, 3, 3, 3, 3, 3, 3, 3, 3, 3, 3, 5, 3, 3, 3, 3, 3, 3, 3, 3, 3, 1, 3, 3, 5, 3, 3, 3, 3, 7, 1, 7, 3, 3, 1, 3, 7, 3, 3, 3, 5, 7, 3, 3] 
dagC33.txt 1_4x4.txt True 0.13218390804597702 0.17 391.75 [3, 3, 3, 3, 3, 3, 3, 3, 3, 3, 3, 3, 3, 3, 7, 3, 3, 3, 3, 3, 3, 3, 3, 3, 3, 3, 3, 5, 3, 3, 3, 3, 3, 3, 3, 3, 3, 1, 3, 3, 5, 3, 3, 3, 3, 7, 1, 7, 3, 3, 1, 3, 7, 3, 3, 3, 5, 7, 3, 3] 
dagC33.txt 1_4x4.txt True 0.13218390804597702 0.18 391.75 [3, 3, 3, 3, 3, 3, 3, 3, 3, 3, 3, 3, 3, 3, 7, 3, 3, 3, 3, 3, 3, 3, 3, 3, 3, 3, 3, 5, 3, 3, 3, 3, 3, 3, 3, 3, 3, 1, 3, 3, 5, 3, 3, 3, 3, 7, 1, 7, 3, 3, 1, 3, 7, 3, 3, 3, 5, 7, 3, 3] 
dagC33.txt 1_4x4.txt True 0.13218390804597702 0.19 391.75 [3, 3, 3, 3, 3, 3, 3, 3, 3, 3, 3, 3, 3, 3, 7, 3, 3, 3, 3, 3, 3, 3, 3, 3, 3, 3, 3, 5, 3, 3, 3, 3, 3, 3, 3, 3, 3, 1, 3, 3, 5, 3, 3, 3, 3, 7, 1, 7, 3, 3, 1, 3, 7, 3, 3, 3, 5, 7, 3, 3] 
dagC33.txt 1_4x4.txt True 0.13218390804597702 0.2 391.75 [3, 3, 3, 3, 3, 3, 3, 3, 3, 3, 3, 3, 3, 3, 7, 3, 3, 3, 3, 3, 3, 3, 3, 3, 3, 3, 3, 5, 3, 3, 3, 3, 3, 3, 3, 3, 3, 1, 3, 3, 5, 3, 3, 3, 3, 7, 1, 7, 3, 3, 1, 3, 7, 3, 3, 3, 5, 7, 3, 3] 
dagC33.txt 1_4x4.txt True 0.13218390804597702 0.25 391.75 [3, 3, 3, 3, 3, 3, 3, 3, 3, 3, 3, 3, 3, 3, 7, 3, 3, 3, 3, 3, 3, 3, 3, 3, 3, 3, 3, 5, 3, 3, 3, 3, 3, 3, 3, 3, 3, 1, 3, 3, 5, 3, 3, 3, 3, 7, 1, 7, 3, 3, 1, 3, 7, 3, 3, 3, 5, 7, 3, 3] 
dagC33.txt 1_4x4.txt True 0.13218390804597702 0.3 391.75 [3, 3, 3, 3, 3, 3, 3, 3, 3, 3, 3, 3, 3, 3, 7, 3, 3, 3, 3, 3, 3, 3, 3, 3, 3, 3, 3, 5, 3, 3, 3, 3, 3, 3, 3, 3, 3, 1, 3, 3, 5, 3, 3, 3, 3, 7, 1, 7, 3, 3, 1, 3, 7, 3, 3, 3, 5, 7, 3, 3] 
dagC33.txt 1_4x4.txt True 0.13218390804597702 0.35 391.75 [3, 3, 3, 3, 3, 3, 3, 3, 3, 3, 3, 3, 3, 3, 7, 3, 3, 3, 3, 3, 3, 3, 3, 3, 3, 3, 3, 5, 3, 3, 3, 3, 3, 3, 3, 3, 3, 1, 3, 3, 5, 3, 3, 3, 3, 7, 1, 7, 3, 3, 1, 3, 7, 3, 3, 3, 5, 7, 3, 3] 
dagC33.txt 1_4x4.txt True 0.13218390804597702 0.4 391.75 [3, 3, 3, 3, 3, 3, 3, 3, 3, 3, 3, 3, 3, 3, 7, 3, 3, 3, 3, 3, 3, 3, 3, 3, 3, 3, 3, 5, 3, 3, 3, 3, 3, 3, 3, 3, 3, 1, 3, 3, 5, 3, 3, 3, 3, 7, 1, 7, 3, 3, 1, 3, 7, 3, 3, 3, 5, 7, 3, 3] 
dagC33.txt 1_4x4.txt True 0.13218390804597702 0.45 391.75 [3, 3, 3, 3, 3, 3, 3, 3, 3, 3, 3, 3, 3, 3, 7, 3, 3, 3, 3, 3, 3, 3, 3, 3, 3, 3, 3, 5, 3, 3, 3, 3, 3, 3, 3, 3, 3, 1, 3, 3, 5, 3, 3, 3, 3, 7, 1, 7, 3, 3, 1, 3, 7, 3, 3, 3, 5, 7, 3, 3] 
dagC33.txt 1_4x4.txt True 0.4425287356321839 0.5 148.5 [5, 5, 5, 5, 5, 5, 3, 3, 7, 1, 5, 1, 3, 1, 7, 3, 7, 5, 3, 5, 5, 5, 7, 5, 7, 5, 3, 1, 1, 3, 3, 7, 5, 5, 7, 7, 1, 7, 7, 3, 0, 7, 3, 1, 7, 7, 7, 0, 3, 1, 3, 3, 7, 7, 3, 1, 0, 0, 7, 7] 
dagC33.txt 1_4x4.txt True 0.47701149425287354 0.55 150.0 [7, 3, 3, 3, 3, 3, 3, 3, 3, 5, 1, 7, 3, 5, 7, 3, 3, 3, 1, 3, 3, 7, 1, 3, 5, 7, 1, 7, 7, 1, 7, 7, 3, 3, 5, 5, 1, 6, 5, 6, 7, 5, 7, 1, 7, 1, 6, 7, 7, 7, 1, 1, 1, 7, 1, 7, 7, 7, 5, 5] 
dagC33.txt 1_4x4.txt True 0.5057471264367817 0.6 147.0 [5, 3, 5, 5, 5, 5, 5, 5, 3, 1, 3, 1, 3, 1, 1, 3, 1, 5, 5, 5, 5, 3, 3, 3, 1, 5, 5, 1, 1, 5, 3, 0, 5, 5, 1, 1, 5, 3, 6, 1, 3, 1, 0, 3, 0, 4, 3, 3, 3, 1, 5, 3, 4, 0, 5, 6, 4, 3, 1, 6] 
dagC33.txt 1_4x4.txt True 0.5057471264367817 0.65 147.0 [5, 3, 5, 5, 5, 5, 5, 5, 3, 1, 3, 1, 3, 1, 1, 3, 1, 5, 5, 5, 5, 3, 3, 3, 1, 5, 5, 1, 1, 5, 3, 0, 5, 5, 1, 1, 5, 3, 6, 1, 3, 1, 0, 3, 0, 4, 3, 3, 3, 1, 5, 3, 4, 0, 5, 6, 4, 3, 1, 6] 
dagC33.txt 1_4x4.txt True 0.5057471264367817 0.7 147.0 [5, 3, 5, 5, 5, 5, 5, 5, 3, 1, 3, 1, 3, 1, 1, 3, 1, 5, 5, 5, 5, 3, 3, 3, 1, 5, 5, 1, 1, 5, 3, 0, 5, 5, 1, 1, 5, 3, 6, 1, 3, 1, 0, 3, 0, 4, 3, 3, 3, 1, 5, 3, 4, 0, 5, 6, 4, 3, 1, 6] 
dagC33.txt 1_4x4.txt True 0.5402298850574713 0.75 124.75 [7, 5, 1, 3, 4, 3, 3, 3, 5, 7, 5, 7, 3, 1, 7, 3, 0, 3, 3, 4, 3, 5, 0, 5, 7, 5, 3, 1, 7, 3, 7, 5, 7, 3, 5, 7, 7, 2, 7, 3, 1, 5, 7, 1, 5, 1, 2, 7, 7, 1, 3, 1, 1, 5, 3, 7, 4, 7, 5, 5] 
dagC33.txt 1_4x4.txt True 0.6666666666666666 0.8 115.75 [2, 5, 1, 5, 5, 7, 5, 3, 3, 1, 1, 5, 7, 1, 3, 5, 3, 7, 5, 5, 5, 5, 5, 5, 3, 5, 3, 1, 3, 3, 7, 3, 2, 1, 7, 3, 5, 2, 3, 5, 0, 7, 7, 3, 6, 4, 0, 1, 7, 4, 1, 3, 4, 6, 3, 1, 1, 1, 3, 7] 
dagC33.txt 1_4x4.txt True 0.6724137931034483 0.85 105.25 [7, 5, 6, 7, 0, 1, 7, 1, 1, 3, 5, 3, 7, 1, 1, 1, 1, 5, 6, 1, 0, 5, 3, 5, 3, 7, 7, 5, 2, 7, 3, 1, 4, 7, 3, 4, 0, 1, 1, 1, 5, 4, 7, 1, 5, 7, 1, 5, 2, 3, 7, 7, 7, 5, 7, 3, 5, 5, 3, 3] 
dagC33.txt 1_4x4.txt True 0.7298850574712644 0.9 104.75 [0, 3, 1, 1, 1, 5, 1, 2, 4, 3, 6, 7, 5, 3, 7, 3, 4, 3, 2, 2, 4, 3, 1, 1, 5, 1, 1, 5, 7, 3, 5, 7, 5, 1, 6, 1, 3, 7, 5, 3, 5, 7, 1, 5, 7, 0, 7, 1, 7, 7, 1, 5, 0, 7, 3, 3, 5, 7, 7, 3] 
dagC33.txt 1_4x4.txt True 0.6954022988505747 0.95 103.5 [5, 4, 7, 7, 5, 6, 5, 1, 5, 7, 7, 3, 7, 1, 0, 5, 1, 1, 3, 6, 1, 7, 3, 5, 7, 5, 4, 3, 3, 1, 7, 1, 7, 7, 3, 1, 7, 5, 3, 5, 1, 5, 5, 0, 1, 3, 0, 5, 2, 3, 2, 5, 4, 1, 4, 2, 3, 5, 1, 3] 
dagC33.txt 1_4x4.txt True 0.6954022988505747 1 103.5 [5, 4, 7, 7, 5, 6, 5, 1, 5, 7, 7, 3, 7, 1, 0, 5, 1, 1, 3, 6, 1, 7, 3, 5, 7, 5, 4, 3, 3, 1, 7, 1, 7, 7, 3, 1, 7, 5, 3, 5, 1, 5, 5, 0, 1, 3, 0, 5, 2, 3, 2, 5, 4, 1, 4, 2, 3, 5, 1, 3] 
dagC33.txt 1_4x2.txt True 0.06321839080459771 0.07 437.5 [1, 1, 1, 1, 1, 1, 1, 1, 1, 1, 1, 1, 1, 3, 1, 1, 1, 1, 1, 1, 1, 1, 1, 1, 1, 1, 1, 1, 1, 1, 1, 1, 1, 1, 1, 1, 1, 1, 1, 1, 1, 1, 1, 1, 3, 1, 1, 1, 1, 3, 1, 1, 1, 3, 1, 3, 1, 1, 1, 1] 
dagC33.txt 1_4x2.txt True 0.06321839080459771 0.08 437.5 [1, 1, 1, 1, 1, 1, 1, 1, 1, 1, 1, 1, 1, 3, 1, 1, 1, 1, 1, 1, 1, 1, 1, 1, 1, 1, 1, 1, 1, 1, 1, 1, 1, 1, 1, 1, 1, 1, 1, 1, 1, 1, 1, 1, 3, 1, 1, 1, 1, 3, 1, 1, 1, 3, 1, 3, 1, 1, 1, 1] 
dagC33.txt 1_4x2.txt True 0.06321839080459771 0.09 437.5 [1, 1, 1, 1, 1, 1, 1, 1, 1, 1, 1, 1, 1, 3, 1, 1, 1, 1, 1, 1, 1, 1, 1, 1, 1, 1, 1, 1, 1, 1, 1, 1, 1, 1, 1, 1, 1, 1, 1, 1, 1, 1, 1, 1, 3, 1, 1, 1, 1, 3, 1, 1, 1, 3, 1, 3, 1, 1, 1, 1] 
dagC33.txt 1_4x2.txt True 0.06321839080459771 0.1 437.5 [1, 1, 1, 1, 1, 1, 1, 1, 1, 1, 1, 1, 1, 3, 1, 1, 1, 1, 1, 1, 1, 1, 1, 1, 1, 1, 1, 1, 1, 1, 1, 1, 1, 1, 1, 1, 1, 1, 1, 1, 1, 1, 1, 1, 3, 1, 1, 1, 1, 3, 1, 1, 1, 3, 1, 3, 1, 1, 1, 1] 
dagC33.txt 1_4x2.txt True 0.06321839080459771 0.11 437.5 [1, 1, 1, 1, 1, 1, 1, 1, 1, 1, 1, 1, 1, 3, 1, 1, 1, 1, 1, 1, 1, 1, 1, 1, 1, 1, 1, 1, 1, 1, 1, 1, 1, 1, 1, 1, 1, 1, 1, 1, 1, 1, 1, 1, 3, 1, 1, 1, 1, 3, 1, 1, 1, 3, 1, 3, 1, 1, 1, 1] 
dagC33.txt 1_4x2.txt True 0.06321839080459771 0.12 437.5 [1, 1, 1, 1, 1, 1, 1, 1, 1, 1, 1, 1, 1, 3, 1, 1, 1, 1, 1, 1, 1, 1, 1, 1, 1, 1, 1, 1, 1, 1, 1, 1, 1, 1, 1, 1, 1, 1, 1, 1, 1, 1, 1, 1, 3, 1, 1, 1, 1, 3, 1, 1, 1, 3, 1, 3, 1, 1, 1, 1] 
dagC33.txt 1_4x2.txt True 0.06321839080459771 0.13 437.5 [1, 1, 1, 1, 1, 1, 1, 1, 1, 1, 1, 1, 1, 3, 1, 1, 1, 1, 1, 1, 1, 1, 1, 1, 1, 1, 1, 1, 1, 1, 1, 1, 1, 1, 1, 1, 1, 1, 1, 1, 1, 1, 1, 1, 3, 1, 1, 1, 1, 3, 1, 1, 1, 3, 1, 3, 1, 1, 1, 1] 
dagC33.txt 1_4x2.txt True 0.10919540229885058 0.14 415.0 [1, 1, 1, 1, 1, 1, 1, 1, 1, 1, 1, 1, 1, 1, 1, 1, 1, 1, 1, 1, 1, 1, 1, 1, 1, 3, 1, 1, 1, 1, 1, 1, 1, 1, 3, 1, 1, 0, 1, 1, 1, 1, 1, 1, 2, 1, 0, 1, 1, 1, 0, 1, 1, 2, 1, 1, 1, 1, 1, 3] 
dagC33.txt 1_4x2.txt True 0.10919540229885058 0.15 415.0 [1, 1, 1, 1, 1, 1, 1, 1, 1, 1, 1, 1, 1, 1, 1, 1, 1, 1, 1, 1, 1, 1, 1, 1, 1, 3, 1, 1, 1, 1, 1, 1, 1, 1, 3, 1, 1, 0, 1, 1, 1, 1, 1, 1, 2, 1, 0, 1, 1, 1, 0, 1, 1, 2, 1, 1, 1, 1, 1, 3] 
dagC33.txt 1_4x2.txt True 0.13218390804597702 0.16 391.75 [3, 3, 3, 3, 3, 3, 3, 3, 3, 3, 3, 3, 3, 3, 2, 3, 3, 3, 3, 3, 3, 3, 3, 3, 3, 3, 3, 1, 3, 3, 3, 3, 3, 3, 3, 3, 3, 0, 3, 3, 1, 3, 3, 3, 3, 2, 0, 2, 3, 3, 0, 3, 2, 3, 3, 3, 1, 2, 3, 3] 
dagC33.txt 1_4x2.txt True 0.13218390804597702 0.17 391.75 [3, 3, 3, 3, 3, 3, 3, 3, 3, 3, 3, 3, 3, 3, 2, 3, 3, 3, 3, 3, 3, 3, 3, 3, 3, 3, 3, 1, 3, 3, 3, 3, 3, 3, 3, 3, 3, 0, 3, 3, 1, 3, 3, 3, 3, 2, 0, 2, 3, 3, 0, 3, 2, 3, 3, 3, 1, 2, 3, 3] 
dagC33.txt 1_4x2.txt True 0.13218390804597702 0.18 391.75 [3, 3, 3, 3, 3, 3, 3, 3, 3, 3, 3, 3, 3, 3, 2, 3, 3, 3, 3, 3, 3, 3, 3, 3, 3, 3, 3, 1, 3, 3, 3, 3, 3, 3, 3, 3, 3, 0, 3, 3, 1, 3, 3, 3, 3, 2, 0, 2, 3, 3, 0, 3, 2, 3, 3, 3, 1, 2, 3, 3] 
dagC33.txt 1_4x2.txt True 0.13218390804597702 0.19 391.75 [3, 3, 3, 3, 3, 3, 3, 3, 3, 3, 3, 3, 3, 3, 2, 3, 3, 3, 3, 3, 3, 3, 3, 3, 3, 3, 3, 1, 3, 3, 3, 3, 3, 3, 3, 3, 3, 0, 3, 3, 1, 3, 3, 3, 3, 2, 0, 2, 3, 3, 0, 3, 2, 3, 3, 3, 1, 2, 3, 3] 
dagC33.txt 1_4x2.txt True 0.13218390804597702 0.2 391.75 [3, 3, 3, 3, 3, 3, 3, 3, 3, 3, 3, 3, 3, 3, 2, 3, 3, 3, 3, 3, 3, 3, 3, 3, 3, 3, 3, 1, 3, 3, 3, 3, 3, 3, 3, 3, 3, 0, 3, 3, 1, 3, 3, 3, 3, 2, 0, 2, 3, 3, 0, 3, 2, 3, 3, 3, 1, 2, 3, 3] 
dagC33.txt 1_4x2.txt True 0.13218390804597702 0.25 391.75 [3, 3, 3, 3, 3, 3, 3, 3, 3, 3, 3, 3, 3, 3, 2, 3, 3, 3, 3, 3, 3, 3, 3, 3, 3, 3, 3, 1, 3, 3, 3, 3, 3, 3, 3, 3, 3, 0, 3, 3, 1, 3, 3, 3, 3, 2, 0, 2, 3, 3, 0, 3, 2, 3, 3, 3, 1, 2, 3, 3] 
dagC33.txt 1_4x2.txt True 0.13218390804597702 0.3 391.75 [3, 3, 3, 3, 3, 3, 3, 3, 3, 3, 3, 3, 3, 3, 2, 3, 3, 3, 3, 3, 3, 3, 3, 3, 3, 3, 3, 1, 3, 3, 3, 3, 3, 3, 3, 3, 3, 0, 3, 3, 1, 3, 3, 3, 3, 2, 0, 2, 3, 3, 0, 3, 2, 3, 3, 3, 1, 2, 3, 3] 
dagC33.txt 1_4x2.txt True 0.13218390804597702 0.35 391.75 [3, 3, 3, 3, 3, 3, 3, 3, 3, 3, 3, 3, 3, 3, 2, 3, 3, 3, 3, 3, 3, 3, 3, 3, 3, 3, 3, 1, 3, 3, 3, 3, 3, 3, 3, 3, 3, 0, 3, 3, 1, 3, 3, 3, 3, 2, 0, 2, 3, 3, 0, 3, 2, 3, 3, 3, 1, 2, 3, 3] 
dagC33.txt 1_4x2.txt True 0.13218390804597702 0.4 391.75 [3, 3, 3, 3, 3, 3, 3, 3, 3, 3, 3, 3, 3, 3, 2, 3, 3, 3, 3, 3, 3, 3, 3, 3, 3, 3, 3, 1, 3, 3, 3, 3, 3, 3, 3, 3, 3, 0, 3, 3, 1, 3, 3, 3, 3, 2, 0, 2, 3, 3, 0, 3, 2, 3, 3, 3, 1, 2, 3, 3] 
dagC33.txt 1_4x2.txt True 0.13218390804597702 0.45 391.75 [3, 3, 3, 3, 3, 3, 3, 3, 3, 3, 3, 3, 3, 3, 2, 3, 3, 3, 3, 3, 3, 3, 3, 3, 3, 3, 3, 1, 3, 3, 3, 3, 3, 3, 3, 3, 3, 0, 3, 3, 1, 3, 3, 3, 3, 2, 0, 2, 3, 3, 0, 3, 2, 3, 3, 3, 1, 2, 3, 3] 
dagC33.txt 1_4x2.txt True 0.39655172413793105 0.5 216.0 [3, 3, 3, 3, 3, 3, 1, 1, 2, 3, 3, 3, 1, 3, 1, 1, 2, 3, 1, 3, 3, 3, 2, 3, 1, 3, 1, 3, 3, 1, 1, 1, 3, 3, 1, 1, 3, 3, 1, 1, 0, 1, 1, 3, 1, 2, 3, 1, 1, 3, 1, 1, 2, 1, 1, 3, 0, 1, 1, 1] 
dagC33.txt 1_4x2.txt True 0.39655172413793105 0.55 220.0 [1, 3, 3, 3, 3, 3, 3, 3, 3, 1, 2, 3, 3, 1, 3, 3, 3, 3, 1, 3, 3, 1, 2, 3, 1, 1, 1, 3, 3, 1, 1, 3, 3, 3, 1, 1, 1, 0, 1, 0, 3, 1, 1, 2, 3, 1, 0, 2, 1, 3, 1, 1, 1, 3, 1, 3, 2, 2, 1, 1] 
dagC33.txt 1_4x2.txt True 0.4540229885057471 0.6 210.25 [3, 1, 3, 3, 3, 3, 3, 3, 1, 3, 1, 1, 1, 3, 1, 1, 2, 3, 3, 3, 3, 1, 1, 1, 3, 3, 3, 0, 1, 3, 1, 2, 3, 3, 1, 0, 3, 0, 1, 3, 1, 1, 2, 1, 2, 1, 3, 1, 1, 3, 3, 1, 1, 3, 3, 2, 1, 1, 1, 1] 
dagC33.txt 1_4x2.txt True 0.4540229885057471 0.65 210.25 [3, 1, 3, 3, 3, 3, 3, 3, 1, 3, 1, 1, 1, 3, 1, 1, 2, 3, 3, 3, 3, 1, 1, 1, 3, 3, 3, 0, 1, 3, 1, 2, 3, 3, 1, 0, 3, 0, 1, 3, 1, 1, 2, 1, 2, 1, 3, 1, 1, 3, 3, 1, 1, 3, 3, 2, 1, 1, 1, 1] 
dagC33.txt 1_4x2.txt True 0.4540229885057471 0.7 210.25 [3, 1, 3, 3, 3, 3, 3, 3, 1, 3, 1, 1, 1, 3, 1, 1, 2, 3, 3, 3, 3, 1, 1, 1, 3, 3, 3, 0, 1, 3, 1, 2, 3, 3, 1, 0, 3, 0, 1, 3, 1, 1, 2, 1, 2, 1, 3, 1, 1, 3, 3, 1, 1, 3, 3, 2, 1, 1, 1, 1] 
dagC33.txt 1_4x2.txt True 0.4367816091954023 0.75 213.5 [1, 1, 0, 3, 1, 3, 3, 3, 1, 1, 1, 1, 3, 2, 1, 3, 3, 3, 3, 0, 1, 1, 1, 1, 1, 1, 1, 1, 1, 1, 3, 3, 1, 3, 3, 1, 1, 1, 1, 3, 1, 3, 0, 2, 3, 0, 1, 3, 3, 2, 1, 2, 0, 3, 1, 1, 2, 3, 3, 3] 
dagC33.txt 1_4x2.txt True 0.45977011494252873 0.8 210.5 [3, 3, 0, 3, 3, 1, 1, 3, 1, 3, 3, 3, 1, 3, 1, 1, 1, 1, 2, 3, 3, 3, 3, 3, 0, 3, 1, 1, 1, 1, 1, 1, 3, 3, 3, 3, 2, 1, 3, 1, 0, 3, 3, 1, 1, 3, 1, 2, 3, 1, 1, 1, 0, 1, 1, 1, 1, 2, 3, 3] 
dagC33.txt 1_4x2.txt True 0.5804597701149425 0.85 197.75 [3, 1, 0, 3, 1, 3, 1, 3, 1, 1, 1, 1, 2, 3, 1, 3, 1, 1, 3, 3, 1, 0, 1, 1, 1, 3, 3, 3, 2, 3, 2, 1, 1, 3, 1, 1, 0, 1, 3, 3, 2, 2, 1, 0, 3, 1, 1, 1, 3, 3, 3, 3, 1, 3, 3, 3, 3, 1, 3, 1] 
dagC33.txt 1_4x2.txt True 0.47126436781609193 0.9 197.75 [0, 1, 1, 1, 1, 1, 3, 1, 1, 1, 2, 3, 3, 1, 3, 1, 1, 2, 2, 1, 1, 1, 3, 1, 3, 1, 1, 0, 3, 1, 3, 3, 1, 1, 3, 3, 1, 3, 3, 1, 0, 3, 3, 0, 3, 1, 3, 0, 3, 3, 1, 1, 1, 3, 1, 2, 2, 3, 3, 3] 
dagC33.txt 1_4x2.txt True 0.5459770114942529 0.95 197.0 [1, 1, 1, 1, 1, 0, 3, 1, 3, 3, 1, 3, 0, 1, 2, 1, 3, 3, 3, 0, 1, 0, 1, 1, 1, 1, 3, 1, 3, 1, 2, 3, 3, 1, 0, 1, 3, 3, 1, 3, 0, 3, 3, 1, 1, 1, 3, 2, 3, 3, 3, 3, 2, 1, 3, 3, 2, 2, 3, 3] 
dagC33.txt 1_4x2.txt True 0.5459770114942529 1 197.0 [1, 1, 1, 1, 1, 0, 3, 1, 3, 3, 1, 3, 0, 1, 2, 1, 3, 3, 3, 0, 1, 0, 1, 1, 1, 1, 3, 1, 3, 1, 2, 3, 3, 1, 0, 1, 3, 3, 1, 3, 0, 3, 3, 1, 1, 1, 3, 2, 3, 3, 3, 3, 2, 1, 3, 3, 2, 2, 3, 3] 
dagC33.txt 1_4x3.txt True 0.06321839080459771 0.07 437.5 [1, 1, 1, 1, 1, 1, 1, 1, 1, 1, 1, 1, 1, 5, 1, 1, 1, 1, 1, 1, 1, 1, 1, 1, 1, 1, 1, 1, 1, 1, 1, 1, 1, 1, 1, 1, 1, 1, 1, 1, 1, 1, 1, 1, 5, 1, 1, 1, 1, 5, 1, 1, 1, 5, 1, 5, 1, 1, 1, 1] 
dagC33.txt 1_4x3.txt True 0.06321839080459771 0.08 437.5 [1, 1, 1, 1, 1, 1, 1, 1, 1, 1, 1, 1, 1, 5, 1, 1, 1, 1, 1, 1, 1, 1, 1, 1, 1, 1, 1, 1, 1, 1, 1, 1, 1, 1, 1, 1, 1, 1, 1, 1, 1, 1, 1, 1, 5, 1, 1, 1, 1, 5, 1, 1, 1, 5, 1, 5, 1, 1, 1, 1] 
dagC33.txt 1_4x3.txt True 0.06321839080459771 0.09 437.5 [1, 1, 1, 1, 1, 1, 1, 1, 1, 1, 1, 1, 1, 5, 1, 1, 1, 1, 1, 1, 1, 1, 1, 1, 1, 1, 1, 1, 1, 1, 1, 1, 1, 1, 1, 1, 1, 1, 1, 1, 1, 1, 1, 1, 5, 1, 1, 1, 1, 5, 1, 1, 1, 5, 1, 5, 1, 1, 1, 1] 
dagC33.txt 1_4x3.txt True 0.06321839080459771 0.1 437.5 [1, 1, 1, 1, 1, 1, 1, 1, 1, 1, 1, 1, 1, 5, 1, 1, 1, 1, 1, 1, 1, 1, 1, 1, 1, 1, 1, 1, 1, 1, 1, 1, 1, 1, 1, 1, 1, 1, 1, 1, 1, 1, 1, 1, 5, 1, 1, 1, 1, 5, 1, 1, 1, 5, 1, 5, 1, 1, 1, 1] 
dagC33.txt 1_4x3.txt True 0.06321839080459771 0.11 437.5 [1, 1, 1, 1, 1, 1, 1, 1, 1, 1, 1, 1, 1, 5, 1, 1, 1, 1, 1, 1, 1, 1, 1, 1, 1, 1, 1, 1, 1, 1, 1, 1, 1, 1, 1, 1, 1, 1, 1, 1, 1, 1, 1, 1, 5, 1, 1, 1, 1, 5, 1, 1, 1, 5, 1, 5, 1, 1, 1, 1] 
dagC33.txt 1_4x3.txt True 0.06321839080459771 0.12 437.5 [1, 1, 1, 1, 1, 1, 1, 1, 1, 1, 1, 1, 1, 5, 1, 1, 1, 1, 1, 1, 1, 1, 1, 1, 1, 1, 1, 1, 1, 1, 1, 1, 1, 1, 1, 1, 1, 1, 1, 1, 1, 1, 1, 1, 5, 1, 1, 1, 1, 5, 1, 1, 1, 5, 1, 5, 1, 1, 1, 1] 
dagC33.txt 1_4x3.txt True 0.06321839080459771 0.13 437.5 [1, 1, 1, 1, 1, 1, 1, 1, 1, 1, 1, 1, 1, 5, 1, 1, 1, 1, 1, 1, 1, 1, 1, 1, 1, 1, 1, 1, 1, 1, 1, 1, 1, 1, 1, 1, 1, 1, 1, 1, 1, 1, 1, 1, 5, 1, 1, 1, 1, 5, 1, 1, 1, 5, 1, 5, 1, 1, 1, 1] 
dagC33.txt 1_4x3.txt True 0.10919540229885058 0.14 415.0 [1, 1, 1, 1, 1, 1, 1, 1, 1, 1, 1, 1, 1, 1, 1, 1, 1, 1, 1, 1, 1, 1, 1, 1, 1, 4, 1, 1, 1, 1, 1, 1, 1, 1, 3, 1, 1, 2, 1, 1, 1, 1, 1, 1, 4, 1, 2, 1, 1, 1, 2, 1, 1, 4, 1, 1, 1, 1, 1, 3] 
dagC33.txt 1_4x3.txt True 0.10919540229885058 0.15 415.0 [1, 1, 1, 1, 1, 1, 1, 1, 1, 1, 1, 1, 1, 1, 1, 1, 1, 1, 1, 1, 1, 1, 1, 1, 1, 4, 1, 1, 1, 1, 1, 1, 1, 1, 3, 1, 1, 2, 1, 1, 1, 1, 1, 1, 4, 1, 2, 1, 1, 1, 2, 1, 1, 4, 1, 1, 1, 1, 1, 3] 
dagC33.txt 1_4x3.txt True 0.13793103448275862 0.16 391.75 [1, 1, 1, 1, 1, 1, 1, 1, 1, 1, 1, 1, 1, 1, 4, 1, 1, 1, 1, 1, 1, 1, 1, 1, 1, 1, 1, 4, 1, 1, 1, 1, 1, 1, 1, 1, 1, 2, 1, 1, 0, 1, 1, 1, 1, 4, 2, 0, 1, 1, 2, 1, 4, 1, 1, 1, 0, 0, 1, 1] 
dagC33.txt 1_4x3.txt True 0.13793103448275862 0.17 391.75 [1, 1, 1, 1, 1, 1, 1, 1, 1, 1, 1, 1, 1, 1, 4, 1, 1, 1, 1, 1, 1, 1, 1, 1, 1, 1, 1, 4, 1, 1, 1, 1, 1, 1, 1, 1, 1, 2, 1, 1, 0, 1, 1, 1, 1, 4, 2, 0, 1, 1, 2, 1, 4, 1, 1, 1, 0, 0, 1, 1] 
dagC33.txt 1_4x3.txt True 0.13793103448275862 0.18 391.75 [1, 1, 1, 1, 1, 1, 1, 1, 1, 1, 1, 1, 1, 1, 4, 1, 1, 1, 1, 1, 1, 1, 1, 1, 1, 1, 1, 4, 1, 1, 1, 1, 1, 1, 1, 1, 1, 2, 1, 1, 0, 1, 1, 1, 1, 4, 2, 0, 1, 1, 2, 1, 4, 1, 1, 1, 0, 0, 1, 1] 
dagC33.txt 1_4x3.txt True 0.13793103448275862 0.19 391.75 [1, 1, 1, 1, 1, 1, 1, 1, 1, 1, 1, 1, 1, 1, 4, 1, 1, 1, 1, 1, 1, 1, 1, 1, 1, 1, 1, 4, 1, 1, 1, 1, 1, 1, 1, 1, 1, 2, 1, 1, 0, 1, 1, 1, 1, 4, 2, 0, 1, 1, 2, 1, 4, 1, 1, 1, 0, 0, 1, 1] 
dagC33.txt 1_4x3.txt True 0.13793103448275862 0.2 391.75 [1, 1, 1, 1, 1, 1, 1, 1, 1, 1, 1, 1, 1, 1, 4, 1, 1, 1, 1, 1, 1, 1, 1, 1, 1, 1, 1, 4, 1, 1, 1, 1, 1, 1, 1, 1, 1, 2, 1, 1, 0, 1, 1, 1, 1, 4, 2, 0, 1, 1, 2, 1, 4, 1, 1, 1, 0, 0, 1, 1] 
dagC33.txt 1_4x3.txt True 0.13793103448275862 0.25 391.75 [1, 1, 1, 1, 1, 1, 1, 1, 1, 1, 1, 1, 1, 1, 4, 1, 1, 1, 1, 1, 1, 1, 1, 1, 1, 1, 1, 4, 1, 1, 1, 1, 1, 1, 1, 1, 1, 2, 1, 1, 0, 1, 1, 1, 1, 4, 2, 0, 1, 1, 2, 1, 4, 1, 1, 1, 0, 0, 1, 1] 
dagC33.txt 1_4x3.txt True 0.13793103448275862 0.3 391.75 [1, 1, 1, 1, 1, 1, 1, 1, 1, 1, 1, 1, 1, 1, 4, 1, 1, 1, 1, 1, 1, 1, 1, 1, 1, 1, 1, 4, 1, 1, 1, 1, 1, 1, 1, 1, 1, 2, 1, 1, 0, 1, 1, 1, 1, 4, 2, 0, 1, 1, 2, 1, 4, 1, 1, 1, 0, 0, 1, 1] 
dagC33.txt 1_4x3.txt True 0.13793103448275862 0.35 391.75 [1, 1, 1, 1, 1, 1, 1, 1, 1, 1, 1, 1, 1, 1, 4, 1, 1, 1, 1, 1, 1, 1, 1, 1, 1, 1, 1, 4, 1, 1, 1, 1, 1, 1, 1, 1, 1, 2, 1, 1, 0, 1, 1, 1, 1, 4, 2, 0, 1, 1, 2, 1, 4, 1, 1, 1, 0, 0, 1, 1] 
dagC33.txt 1_4x3.txt True 0.13793103448275862 0.4 391.75 [1, 1, 1, 1, 1, 1, 1, 1, 1, 1, 1, 1, 1, 1, 4, 1, 1, 1, 1, 1, 1, 1, 1, 1, 1, 1, 1, 4, 1, 1, 1, 1, 1, 1, 1, 1, 1, 2, 1, 1, 0, 1, 1, 1, 1, 4, 2, 0, 1, 1, 2, 1, 4, 1, 1, 1, 0, 0, 1, 1] 
dagC33.txt 1_4x3.txt True 0.13793103448275862 0.45 391.75 [1, 1, 1, 1, 1, 1, 1, 1, 1, 1, 1, 1, 1, 1, 4, 1, 1, 1, 1, 1, 1, 1, 1, 1, 1, 1, 1, 4, 1, 1, 1, 1, 1, 1, 1, 1, 1, 2, 1, 1, 0, 1, 1, 1, 1, 4, 2, 0, 1, 1, 2, 1, 4, 1, 1, 1, 0, 0, 1, 1] 
dagC33.txt 1_4x3.txt True 0.40229885057471265 0.5 190.0 [5, 5, 5, 5, 5, 5, 3, 3, 1, 1, 5, 1, 3, 1, 1, 3, 1, 5, 3, 5, 5, 5, 1, 5, 1, 5, 3, 1, 1, 3, 3, 1, 5, 5, 1, 1, 1, 4, 1, 3, 2, 1, 3, 1, 1, 4, 4, 2, 3, 1, 3, 3, 4, 1, 3, 1, 2, 2, 1, 1] 
dagC33.txt 1_4x3.txt True 0.42528735632183906 0.55 201.25 [3, 1, 1, 1, 1, 1, 1, 1, 1, 1, 5, 3, 1, 1, 3, 1, 1, 1, 5, 1, 1, 3, 5, 1, 1, 3, 5, 3, 3, 5, 3, 3, 1, 1, 1, 1, 5, 5, 1, 5, 3, 1, 3, 5, 3, 5, 5, 3, 3, 3, 5, 5, 5, 3, 5, 3, 3, 3, 1, 1] 
dagC33.txt 1_4x3.txt True 0.47701149425287354 0.6 174.25 [5, 1, 5, 5, 5, 5, 5, 5, 1, 4, 1, 1, 3, 4, 1, 3, 2, 5, 5, 5, 5, 1, 1, 1, 1, 5, 5, 5, 1, 5, 3, 0, 5, 5, 1, 1, 5, 0, 3, 1, 3, 1, 5, 1, 0, 3, 0, 3, 3, 4, 5, 1, 3, 0, 5, 4, 5, 3, 1, 3] 
dagC33.txt 1_4x3.txt True 0.47701149425287354 0.65 174.25 [5, 1, 5, 5, 5, 5, 5, 5, 1, 4, 1, 1, 3, 4, 1, 3, 2, 5, 5, 5, 5, 1, 1, 1, 1, 5, 5, 5, 1, 5, 3, 0, 5, 5, 1, 1, 5, 0, 3, 1, 3, 1, 5, 1, 0, 3, 0, 3, 3, 4, 5, 1, 3, 0, 5, 4, 5, 3, 1, 3] 
dagC33.txt 1_4x3.txt True 0.47701149425287354 0.7 174.25 [5, 1, 5, 5, 5, 5, 5, 5, 1, 4, 1, 1, 3, 4, 1, 3, 2, 5, 5, 5, 5, 1, 1, 1, 1, 5, 5, 5, 1, 5, 3, 0, 5, 5, 1, 1, 5, 0, 3, 1, 3, 1, 5, 1, 0, 3, 0, 3, 3, 4, 5, 1, 3, 0, 5, 4, 5, 3, 1, 3] 
dagC33.txt 1_4x3.txt True 0.5344827586206896 0.75 163.5 [3, 5, 5, 3, 1, 3, 3, 3, 5, 5, 5, 5, 3, 4, 3, 3, 1, 3, 3, 1, 1, 5, 1, 5, 3, 2, 1, 1, 5, 1, 3, 1, 5, 3, 1, 3, 5, 3, 3, 3, 1, 1, 3, 1, 5, 2, 3, 3, 4, 2, 1, 1, 2, 5, 1, 5, 5, 4, 1, 1] 
dagC33.txt 1_4x3.txt True 0.5632183908045977 0.8 151.5 [1, 3, 2, 3, 3, 1, 1, 4, 3, 1, 1, 5, 1, 1, 3, 1, 3, 1, 0, 3, 3, 3, 5, 3, 3, 3, 5, 5, 3, 5, 1, 3, 1, 1, 5, 5, 2, 4, 4, 1, 5, 5, 3, 3, 3, 0, 4, 3, 3, 1, 1, 5, 0, 3, 5, 1, 5, 3, 5, 5] 
dagC33.txt 1_4x3.txt True 0.6551724137931034 0.85 138.0 [5, 5, 3, 5, 0, 1, 2, 5, 1, 5, 3, 3, 2, 5, 1, 1, 1, 5, 3, 1, 0, 5, 3, 3, 5, 5, 3, 5, 4, 5, 1, 1, 0, 5, 1, 1, 0, 5, 5, 1, 4, 4, 1, 1, 3, 3, 5, 1, 2, 3, 5, 3, 3, 3, 3, 3, 5, 1, 1, 1] 
dagC33.txt 1_4x3.txt True 0.603448275862069 0.9 135.0 [3, 5, 1, 1, 1, 3, 2, 1, 1, 3, 1, 1, 5, 3, 1, 3, 1, 2, 3, 1, 0, 5, 1, 1, 3, 1, 5, 1, 5, 1, 5, 1, 3, 1, 3, 3, 1, 3, 3, 3, 5, 5, 4, 4, 5, 3, 3, 2, 4, 5, 5, 0, 3, 5, 1, 5, 4, 5, 0, 5] 
dagC33.txt 1_4x3.txt True 0.7298850574712644 0.95 134.0 [3, 3, 5, 3, 3, 3, 5, 3, 5, 1, 1, 3, 0, 3, 1, 2, 5, 5, 1, 0, 1, 0, 3, 3, 5, 3, 5, 1, 3, 5, 1, 5, 1, 3, 4, 1, 5, 5, 3, 5, 1, 2, 5, 0, 2, 3, 1, 4, 5, 1, 1, 3, 3, 1, 5, 4, 2, 4, 5, 3] 
dagC33.txt 1_4x3.txt True 0.7298850574712644 1 134.0 [3, 3, 5, 3, 3, 3, 5, 3, 5, 1, 1, 3, 0, 3, 1, 2, 5, 5, 1, 0, 1, 0, 3, 3, 5, 3, 5, 1, 3, 5, 1, 5, 1, 3, 4, 1, 5, 5, 3, 5, 1, 2, 5, 0, 2, 3, 1, 4, 5, 1, 1, 3, 3, 1, 5, 4, 2, 4, 5, 3] 
dagC33.txt 3_2x1.txt True 0.06321839080459771 0.07 583.3333333333334 [0, 0, 0, 0, 0, 0, 0, 0, 0, 0, 0, 0, 0, 1, 0, 0, 0, 0, 0, 0, 0, 0, 0, 0, 0, 0, 0, 0, 0, 0, 0, 0, 0, 0, 0, 0, 0, 0, 0, 0, 0, 0, 0, 0, 1, 0, 0, 0, 0, 1, 0, 0, 0, 1, 0, 1, 0, 0, 0, 0] 
dagC33.txt 3_2x1.txt True 0.06321839080459771 0.08 583.3333333333334 [0, 0, 0, 0, 0, 0, 0, 0, 0, 0, 0, 0, 0, 1, 0, 0, 0, 0, 0, 0, 0, 0, 0, 0, 0, 0, 0, 0, 0, 0, 0, 0, 0, 0, 0, 0, 0, 0, 0, 0, 0, 0, 0, 0, 1, 0, 0, 0, 0, 1, 0, 0, 0, 1, 0, 1, 0, 0, 0, 0] 
dagC33.txt 3_2x1.txt True 0.06321839080459771 0.09 583.3333333333334 [0, 0, 0, 0, 0, 0, 0, 0, 0, 0, 0, 0, 0, 1, 0, 0, 0, 0, 0, 0, 0, 0, 0, 0, 0, 0, 0, 0, 0, 0, 0, 0, 0, 0, 0, 0, 0, 0, 0, 0, 0, 0, 0, 0, 1, 0, 0, 0, 0, 1, 0, 0, 0, 1, 0, 1, 0, 0, 0, 0] 
dagC33.txt 3_2x1.txt True 0.06321839080459771 0.1 583.3333333333334 [0, 0, 0, 0, 0, 0, 0, 0, 0, 0, 0, 0, 0, 1, 0, 0, 0, 0, 0, 0, 0, 0, 0, 0, 0, 0, 0, 0, 0, 0, 0, 0, 0, 0, 0, 0, 0, 0, 0, 0, 0, 0, 0, 0, 1, 0, 0, 0, 0, 1, 0, 0, 0, 1, 0, 1, 0, 0, 0, 0] 
dagC33.txt 3_2x1.txt True 0.06321839080459771 0.11 583.3333333333334 [0, 0, 0, 0, 0, 0, 0, 0, 0, 0, 0, 0, 0, 1, 0, 0, 0, 0, 0, 0, 0, 0, 0, 0, 0, 0, 0, 0, 0, 0, 0, 0, 0, 0, 0, 0, 0, 0, 0, 0, 0, 0, 0, 0, 1, 0, 0, 0, 0, 1, 0, 0, 0, 1, 0, 1, 0, 0, 0, 0] 
dagC33.txt 3_2x1.txt True 0.06321839080459771 0.12 583.3333333333334 [0, 0, 0, 0, 0, 0, 0, 0, 0, 0, 0, 0, 0, 1, 0, 0, 0, 0, 0, 0, 0, 0, 0, 0, 0, 0, 0, 0, 0, 0, 0, 0, 0, 0, 0, 0, 0, 0, 0, 0, 0, 0, 0, 0, 1, 0, 0, 0, 0, 1, 0, 0, 0, 1, 0, 1, 0, 0, 0, 0] 
dagC33.txt 3_2x1.txt True 0.06321839080459771 0.13 583.3333333333334 [0, 0, 0, 0, 0, 0, 0, 0, 0, 0, 0, 0, 0, 1, 0, 0, 0, 0, 0, 0, 0, 0, 0, 0, 0, 0, 0, 0, 0, 0, 0, 0, 0, 0, 0, 0, 0, 0, 0, 0, 0, 0, 0, 0, 1, 0, 0, 0, 0, 1, 0, 0, 0, 1, 0, 1, 0, 0, 0, 0] 
dagC33.txt 3_2x1.txt True 0.04597701149425287 0.14 593.6666666666666 [0, 0, 0, 0, 0, 0, 0, 0, 0, 0, 0, 0, 0, 0, 0, 0, 0, 0, 0, 0, 0, 0, 0, 0, 0, 0, 0, 0, 0, 0, 0, 0, 0, 0, 1, 0, 0, 0, 0, 0, 0, 0, 0, 0, 1, 0, 0, 0, 0, 0, 0, 0, 0, 1, 0, 0, 0, 0, 0, 1] 
dagC33.txt 3_2x1.txt True 0.04597701149425287 0.15 593.6666666666666 [0, 0, 0, 0, 0, 0, 0, 0, 0, 0, 0, 0, 0, 0, 0, 0, 0, 0, 0, 0, 0, 0, 0, 0, 0, 0, 0, 0, 0, 0, 0, 0, 0, 0, 1, 0, 0, 0, 0, 0, 0, 0, 0, 0, 1, 0, 0, 0, 0, 0, 0, 0, 0, 1, 0, 0, 0, 0, 0, 1] 
dagC33.txt 3_2x1.txt True 0.04597701149425287 0.16 585.0 [0, 0, 0, 0, 0, 0, 0, 0, 0, 0, 0, 0, 0, 0, 0, 0, 0, 0, 0, 0, 0, 0, 0, 0, 0, 0, 0, 1, 0, 0, 0, 0, 0, 0, 0, 0, 0, 0, 0, 0, 1, 0, 0, 0, 0, 0, 0, 1, 0, 0, 0, 0, 0, 0, 0, 0, 1, 1, 0, 0] 
dagC33.txt 3_2x1.txt True 0.04597701149425287 0.17 585.0 [0, 0, 0, 0, 0, 0, 0, 0, 0, 0, 0, 0, 0, 0, 0, 0, 0, 0, 0, 0, 0, 0, 0, 0, 0, 0, 0, 1, 0, 0, 0, 0, 0, 0, 0, 0, 0, 0, 0, 0, 1, 0, 0, 0, 0, 0, 0, 1, 0, 0, 0, 0, 0, 0, 0, 0, 1, 1, 0, 0] 
dagC33.txt 3_2x1.txt True 0.04597701149425287 0.18 585.0 [0, 0, 0, 0, 0, 0, 0, 0, 0, 0, 0, 0, 0, 0, 0, 0, 0, 0, 0, 0, 0, 0, 0, 0, 0, 0, 0, 1, 0, 0, 0, 0, 0, 0, 0, 0, 0, 0, 0, 0, 1, 0, 0, 0, 0, 0, 0, 1, 0, 0, 0, 0, 0, 0, 0, 0, 1, 1, 0, 0] 
dagC33.txt 3_2x1.txt True 0.04597701149425287 0.19 585.0 [0, 0, 0, 0, 0, 0, 0, 0, 0, 0, 0, 0, 0, 0, 0, 0, 0, 0, 0, 0, 0, 0, 0, 0, 0, 0, 0, 1, 0, 0, 0, 0, 0, 0, 0, 0, 0, 0, 0, 0, 1, 0, 0, 0, 0, 0, 0, 1, 0, 0, 0, 0, 0, 0, 0, 0, 1, 1, 0, 0] 
dagC33.txt 3_2x1.txt True 0.04597701149425287 0.2 585.0 [0, 0, 0, 0, 0, 0, 0, 0, 0, 0, 0, 0, 0, 0, 0, 0, 0, 0, 0, 0, 0, 0, 0, 0, 0, 0, 0, 1, 0, 0, 0, 0, 0, 0, 0, 0, 0, 0, 0, 0, 1, 0, 0, 0, 0, 0, 0, 1, 0, 0, 0, 0, 0, 0, 0, 0, 1, 1, 0, 0] 
dagC33.txt 3_2x1.txt True 0.04597701149425287 0.25 585.0 [0, 0, 0, 0, 0, 0, 0, 0, 0, 0, 0, 0, 0, 0, 0, 0, 0, 0, 0, 0, 0, 0, 0, 0, 0, 0, 0, 1, 0, 0, 0, 0, 0, 0, 0, 0, 0, 0, 0, 0, 1, 0, 0, 0, 0, 0, 0, 1, 0, 0, 0, 0, 0, 0, 0, 0, 1, 1, 0, 0] 
dagC33.txt 3_2x1.txt True 0.04597701149425287 0.3 585.0 [0, 0, 0, 0, 0, 0, 0, 0, 0, 0, 0, 0, 0, 0, 0, 0, 0, 0, 0, 0, 0, 0, 0, 0, 0, 0, 0, 1, 0, 0, 0, 0, 0, 0, 0, 0, 0, 0, 0, 0, 1, 0, 0, 0, 0, 0, 0, 1, 0, 0, 0, 0, 0, 0, 0, 0, 1, 1, 0, 0] 
dagC33.txt 3_2x1.txt True 0.04597701149425287 0.35 585.0 [0, 0, 0, 0, 0, 0, 0, 0, 0, 0, 0, 0, 0, 0, 0, 0, 0, 0, 0, 0, 0, 0, 0, 0, 0, 0, 0, 1, 0, 0, 0, 0, 0, 0, 0, 0, 0, 0, 0, 0, 1, 0, 0, 0, 0, 0, 0, 1, 0, 0, 0, 0, 0, 0, 0, 0, 1, 1, 0, 0] 
dagC33.txt 3_2x1.txt True 0.04597701149425287 0.4 585.0 [0, 0, 0, 0, 0, 0, 0, 0, 0, 0, 0, 0, 0, 0, 0, 0, 0, 0, 0, 0, 0, 0, 0, 0, 0, 0, 0, 1, 0, 0, 0, 0, 0, 0, 0, 0, 0, 0, 0, 0, 1, 0, 0, 0, 0, 0, 0, 1, 0, 0, 0, 0, 0, 0, 0, 0, 1, 1, 0, 0] 
dagC33.txt 3_2x1.txt True 0.04597701149425287 0.45 585.0 [0, 0, 0, 0, 0, 0, 0, 0, 0, 0, 0, 0, 0, 0, 0, 0, 0, 0, 0, 0, 0, 0, 0, 0, 0, 0, 0, 1, 0, 0, 0, 0, 0, 0, 0, 0, 0, 0, 0, 0, 1, 0, 0, 0, 0, 0, 0, 1, 0, 0, 0, 0, 0, 0, 0, 0, 1, 1, 0, 0] 
dagC33.txt 3_2x1.txt True 0.20689655172413793 0.5 445.3333333333333 [0, 0, 0, 0, 0, 0, 0, 0, 1, 0, 0, 0, 0, 0, 1, 0, 1, 0, 0, 0, 0, 0, 1, 0, 1, 0, 0, 0, 0, 0, 0, 1, 0, 0, 1, 1, 0, 1, 1, 0, 0, 1, 0, 0, 1, 1, 1, 0, 0, 0, 0, 0, 1, 1, 0, 0, 0, 0, 1, 1] 
dagC33.txt 3_2x1.txt True 0.3448275862068966 0.55 449.0 [1, 0, 0, 0, 0, 0, 0, 0, 0, 0, 0, 1, 0, 0, 1, 0, 0, 0, 1, 0, 0, 1, 0, 0, 0, 1, 1, 1, 1, 1, 1, 1, 0, 0, 0, 0, 1, 0, 0, 0, 1, 0, 1, 0, 1, 1, 0, 1, 1, 1, 1, 1, 1, 1, 1, 1, 1, 1, 0, 0] 
dagC33.txt 3_2x1.txt True 0.27011494252873564 0.6 408.3333333333333 [0, 1, 0, 0, 0, 0, 0, 0, 1, 1, 1, 1, 0, 1, 1, 0, 1, 0, 0, 0, 0, 1, 1, 1, 0, 0, 0, 1, 1, 0, 0, 0, 0, 0, 0, 0, 0, 1, 0, 0, 0, 1, 0, 1, 0, 0, 1, 0, 0, 1, 0, 1, 0, 1, 0, 1, 1, 0, 0, 0] 
dagC33.txt 3_2x1.txt True 0.27011494252873564 0.65 408.3333333333333 [0, 1, 0, 0, 0, 0, 0, 0, 1, 1, 1, 1, 0, 1, 1, 0, 1, 0, 0, 0, 0, 1, 1, 1, 0, 0, 0, 1, 1, 0, 0, 0, 0, 0, 0, 0, 0, 1, 0, 0, 0, 1, 0, 1, 0, 0, 1, 0, 0, 1, 0, 1, 0, 1, 0, 1, 1, 0, 0, 0] 
dagC33.txt 3_2x1.txt True 0.27011494252873564 0.7 408.3333333333333 [0, 1, 0, 0, 0, 0, 0, 0, 1, 1, 1, 1, 0, 1, 1, 0, 1, 0, 0, 0, 0, 1, 1, 1, 0, 0, 0, 1, 1, 0, 0, 0, 0, 0, 0, 0, 0, 1, 0, 0, 0, 1, 0, 1, 0, 0, 1, 0, 0, 1, 0, 1, 0, 1, 0, 1, 1, 0, 0, 0] 
dagC33.txt 3_2x1.txt True 0.22413793103448276 0.75 417.5 [0, 0, 0, 0, 0, 0, 0, 0, 0, 1, 0, 1, 0, 1, 0, 0, 1, 0, 0, 0, 0, 0, 0, 0, 0, 0, 0, 1, 1, 0, 1, 1, 1, 0, 1, 0, 1, 0, 0, 0, 1, 1, 0, 1, 1, 0, 0, 1, 1, 1, 0, 1, 0, 1, 0, 1, 1, 1, 1, 1] 
dagC33.txt 3_2x1.txt True 0.3448275862068966 0.8 395.5 [1, 0, 1, 0, 0, 1, 1, 1, 0, 1, 1, 1, 1, 1, 0, 1, 0, 1, 0, 0, 0, 0, 1, 0, 1, 0, 0, 0, 0, 0, 1, 0, 1, 1, 1, 0, 0, 0, 1, 1, 0, 1, 1, 0, 0, 0, 0, 0, 1, 0, 0, 0, 0, 0, 0, 0, 0, 0, 0, 1] 
dagC33.txt 3_2x1.txt True 0.39655172413793105 0.85 393.3333333333333 [0, 0, 0, 0, 1, 0, 0, 0, 1, 0, 0, 1, 0, 0, 1, 1, 1, 0, 0, 0, 1, 0, 1, 0, 0, 0, 1, 0, 0, 0, 1, 1, 1, 0, 0, 1, 1, 1, 0, 1, 1, 0, 0, 1, 0, 1, 1, 0, 0, 1, 0, 1, 1, 0, 1, 1, 0, 0, 0, 0] 
dagC33.txt 3_2x1.txt True 0.2471264367816092 0.9 399.0 [0, 0, 0, 0, 0, 0, 0, 0, 0, 0, 0, 1, 0, 0, 1, 0, 0, 0, 0, 0, 0, 0, 0, 0, 1, 0, 0, 1, 0, 0, 0, 1, 0, 0, 1, 1, 0, 0, 1, 0, 1, 0, 1, 1, 1, 1, 0, 1, 1, 1, 0, 1, 1, 1, 0, 1, 1, 1, 1, 1] 
dagC33.txt 3_2x1.txt True 0.3448275862068966 0.95 386.3333333333333 [1, 1, 1, 0, 0, 1, 0, 1, 0, 1, 0, 0, 1, 1, 0, 1, 0, 1, 1, 1, 1, 1, 0, 0, 0, 0, 1, 0, 0, 1, 1, 0, 1, 0, 0, 0, 1, 0, 0, 1, 0, 0, 0, 0, 0, 0, 1, 0, 1, 0, 1, 0, 0, 0, 1, 0, 0, 0, 0, 0] 
dagC33.txt 3_2x1.txt True 0.3448275862068966 1 386.3333333333333 [1, 1, 1, 0, 0, 1, 0, 1, 0, 1, 0, 0, 1, 1, 0, 1, 0, 1, 1, 1, 1, 1, 0, 0, 0, 0, 1, 0, 0, 1, 1, 0, 1, 0, 0, 0, 1, 0, 0, 1, 0, 0, 0, 0, 0, 0, 1, 0, 1, 0, 1, 0, 0, 0, 1, 0, 0, 0, 0, 0] 
