dagD16.txt 3_2x4.txt True 0.04568527918781726 0.07 458.5 [1, 1, 1, 1, 1, 1, 1, 1, 1, 1, 1, 1, 1, 1, 1, 1, 1, 1, 1, 1, 1, 1, 1, 1, 1, 1, 1, 1, 1, 1, 1, 1, 1, 1, 1, 1, 1, 1, 1, 1, 1, 1, 3, 1, 1, 1, 1, 1, 1, 3, 1, 1, 1, 3, 1, 1, 1, 1, 1, 3, 1, 1, 1, 1, 3] 
dagD16.txt 3_2x4.txt True 0.07614213197969544 0.1 415.75 [3, 3, 3, 3, 3, 3, 3, 3, 3, 3, 3, 3, 3, 3, 3, 3, 3, 3, 3, 3, 3, 3, 3, 3, 3, 3, 3, 3, 3, 3, 3, 3, 3, 3, 3, 3, 3, 3, 3, 1, 3, 3, 1, 3, 3, 3, 3, 1, 3, 1, 3, 3, 1, 1, 3, 3, 3, 3, 3, 1, 1, 3, 3, 1, 1] 
dagD16.txt 3_2x4.txt True 0.1116751269035533 0.15 403.25 [1, 1, 1, 1, 1, 1, 1, 1, 1, 1, 1, 1, 1, 5, 1, 1, 1, 1, 1, 1, 1, 1, 1, 1, 1, 1, 5, 1, 1, 1, 1, 1, 1, 1, 1, 1, 1, 1, 1, 1, 1, 1, 1, 1, 1, 1, 1, 0, 1, 1, 3, 1, 0, 0, 1, 1, 5, 1, 5, 3, 5, 1, 3, 1, 1] 
dagD16.txt 3_2x4.txt True 0.15228426395939088 0.2 379.75 [1, 1, 1, 1, 1, 1, 1, 1, 1, 1, 1, 1, 1, 1, 1, 1, 1, 1, 1, 1, 1, 1, 3, 1, 1, 1, 1, 1, 1, 1, 1, 1, 1, 1, 5, 1, 1, 1, 1, 5, 1, 1, 1, 1, 1, 1, 1, 0, 6, 1, 3, 1, 0, 2, 5, 1, 6, 1, 3, 2, 2, 1, 1, 1, 1] 
dagD16.txt 3_2x4.txt True 0.15228426395939088 0.3 379.75 [1, 1, 1, 1, 1, 1, 1, 1, 1, 1, 1, 1, 1, 1, 1, 1, 1, 1, 1, 1, 1, 1, 3, 1, 1, 1, 1, 1, 1, 1, 1, 1, 1, 1, 5, 1, 1, 1, 1, 5, 1, 1, 1, 1, 1, 1, 1, 0, 6, 1, 3, 1, 0, 2, 5, 1, 6, 1, 3, 2, 2, 1, 1, 1, 1] 
dagD16.txt 3_2x4.txt True 0.15228426395939088 0.4 379.75 [1, 1, 1, 1, 1, 1, 1, 1, 1, 1, 1, 1, 1, 1, 1, 1, 1, 1, 1, 1, 1, 1, 3, 1, 1, 1, 1, 1, 1, 1, 1, 1, 1, 1, 5, 1, 1, 1, 1, 5, 1, 1, 1, 1, 1, 1, 1, 0, 6, 1, 3, 1, 0, 2, 5, 1, 6, 1, 3, 2, 2, 1, 1, 1, 1] 
dagD16.txt 3_2x4.txt True 0.15228426395939088 0.5 379.75 [1, 1, 1, 1, 1, 1, 1, 1, 1, 1, 1, 1, 1, 1, 1, 1, 1, 1, 1, 1, 1, 1, 3, 1, 1, 1, 1, 1, 1, 1, 1, 1, 1, 1, 5, 1, 1, 1, 1, 5, 1, 1, 1, 1, 1, 1, 1, 0, 6, 1, 3, 1, 0, 2, 5, 1, 6, 1, 3, 2, 2, 1, 1, 1, 1] 
dagD16.txt 3_2x4.txt True 0.5380710659898477 0.6 140.0 [1, 2, 7, 0, 7, 7, 7, 7, 7, 7, 0, 0, 1, 4, 2, 0, 7, 7, 1, 7, 4, 5, 7, 1, 2, 7, 4, 3, 1, 7, 7, 1, 3, 1, 5, 3, 7, 5, 5, 5, 5, 3, 3, 5, 7, 1, 1, 7, 3, 3, 3, 1, 7, 6, 5, 5, 3, 5, 1, 6, 6, 1, 1, 5, 3] 
dagD16.txt 3_2x4.txt True 0.5279187817258884 0.7 146.25 [5, 3, 1, 1, 7, 7, 0, 7, 7, 5, 1, 5, 1, 2, 0, 5, 2, 7, 5, 3, 1, 1, 7, 7, 7, 5, 2, 3, 5, 3, 7, 7, 3, 7, 1, 3, 7, 1, 1, 1, 1, 3, 3, 1, 3, 7, 7, 6, 3, 3, 3, 7, 6, 4, 1, 1, 3, 1, 7, 4, 7, 7, 7, 1, 3] 
dagD16.txt 3_2x4.txt True 0.7461928934010152 1 106.75 [7, 2, 1, 1, 7, 5, 5, 5, 2, 5, 7, 7, 0, 7, 1, 7, 3, 1, 5, 7, 5, 7, 7, 7, 3, 5, 1, 1, 5, 5, 5, 3, 5, 3, 1, 7, 1, 7, 2, 0, 5, 3, 4, 1, 4, 3, 5, 3, 7, 4, 1, 6, 3, 3, 5, 3, 0, 5, 6, 3, 1, 6, 1, 3, 4] 
dagD16.txt 3_2x2.txt True 0.04568527918781726 0.07 611.3333333333334 [0, 0, 0, 0, 0, 0, 0, 0, 0, 0, 0, 0, 0, 0, 0, 0, 0, 0, 0, 0, 0, 0, 0, 0, 0, 0, 0, 0, 0, 0, 0, 0, 0, 0, 0, 0, 0, 0, 0, 0, 0, 0, 1, 0, 0, 0, 0, 0, 0, 1, 0, 0, 0, 1, 0, 0, 0, 0, 0, 1, 0, 0, 0, 0, 1] 
dagD16.txt 3_2x2.txt True 0.07614213197969544 0.1 554.3333333333334 [0, 0, 0, 0, 0, 0, 0, 0, 0, 0, 0, 0, 0, 0, 0, 0, 0, 0, 0, 0, 0, 0, 0, 0, 0, 0, 0, 0, 0, 0, 0, 0, 0, 0, 0, 0, 0, 0, 0, 3, 0, 0, 3, 0, 0, 0, 0, 3, 0, 3, 0, 0, 3, 3, 0, 0, 0, 0, 0, 3, 3, 0, 0, 3, 3] 
dagD16.txt 3_2x2.txt True 0.1065989847715736 0.15 537.6666666666666 [2, 2, 2, 2, 2, 2, 2, 2, 2, 2, 2, 2, 2, 3, 2, 2, 2, 2, 2, 2, 2, 2, 2, 2, 2, 2, 3, 2, 2, 2, 2, 2, 2, 2, 2, 2, 2, 2, 2, 2, 2, 2, 2, 2, 2, 2, 2, 0, 2, 2, 1, 2, 0, 0, 2, 2, 3, 2, 3, 1, 0, 2, 1, 2, 2] 
dagD16.txt 3_2x2.txt True 0.116751269035533 0.2 534.3333333333334 [2, 2, 2, 2, 2, 2, 2, 2, 2, 2, 2, 2, 2, 2, 2, 2, 2, 2, 2, 2, 2, 2, 0, 2, 2, 2, 2, 2, 2, 2, 2, 2, 2, 2, 2, 2, 2, 2, 2, 2, 2, 2, 2, 2, 2, 2, 2, 0, 3, 2, 3, 2, 0, 1, 2, 2, 3, 2, 1, 1, 0, 2, 2, 2, 2] 
dagD16.txt 3_2x2.txt True 0.116751269035533 0.3 534.3333333333334 [2, 2, 2, 2, 2, 2, 2, 2, 2, 2, 2, 2, 2, 2, 2, 2, 2, 2, 2, 2, 2, 2, 0, 2, 2, 2, 2, 2, 2, 2, 2, 2, 2, 2, 2, 2, 2, 2, 2, 2, 2, 2, 2, 2, 2, 2, 2, 0, 3, 2, 3, 2, 0, 1, 2, 2, 3, 2, 1, 1, 0, 2, 2, 2, 2] 
dagD16.txt 3_2x2.txt True 0.116751269035533 0.4 534.3333333333334 [2, 2, 2, 2, 2, 2, 2, 2, 2, 2, 2, 2, 2, 2, 2, 2, 2, 2, 2, 2, 2, 2, 0, 2, 2, 2, 2, 2, 2, 2, 2, 2, 2, 2, 2, 2, 2, 2, 2, 2, 2, 2, 2, 2, 2, 2, 2, 0, 3, 2, 3, 2, 0, 1, 2, 2, 3, 2, 1, 1, 0, 2, 2, 2, 2] 
dagD16.txt 3_2x2.txt True 0.116751269035533 0.5 534.3333333333334 [2, 2, 2, 2, 2, 2, 2, 2, 2, 2, 2, 2, 2, 2, 2, 2, 2, 2, 2, 2, 2, 2, 0, 2, 2, 2, 2, 2, 2, 2, 2, 2, 2, 2, 2, 2, 2, 2, 2, 2, 2, 2, 2, 2, 2, 2, 2, 0, 3, 2, 3, 2, 0, 1, 2, 2, 3, 2, 1, 1, 0, 2, 2, 2, 2] 
dagD16.txt 3_2x2.txt True 0.39593908629441626 0.6 299.6666666666667 [2, 2, 2, 2, 2, 2, 2, 2, 2, 2, 2, 0, 2, 1, 3, 3, 2, 2, 2, 2, 1, 0, 2, 2, 3, 2, 1, 3, 2, 2, 2, 2, 3, 2, 0, 3, 2, 0, 0, 0, 0, 3, 3, 0, 2, 0, 0, 0, 3, 3, 3, 2, 0, 2, 0, 0, 3, 0, 0, 2, 2, 1, 0, 0, 3] 
dagD16.txt 3_2x2.txt True 0.4365482233502538 0.7 247.33333333333334 [1, 3, 1, 3, 2, 2, 0, 2, 2, 1, 3, 1, 1, 0, 0, 1, 1, 2, 1, 3, 3, 0, 2, 2, 2, 1, 0, 0, 1, 3, 2, 2, 0, 2, 0, 0, 2, 0, 0, 0, 0, 0, 0, 0, 0, 2, 2, 2, 0, 0, 0, 2, 2, 2, 0, 0, 0, 0, 2, 2, 2, 3, 2, 0, 0] 
dagD16.txt 3_2x2.txt True 0.6091370558375635 1 201.33333333333334 [2, 2, 3, 2, 2, 1, 2, 3, 0, 2, 2, 2, 2, 2, 1, 2, 1, 3, 2, 0, 0, 3, 3, 2, 1, 2, 1, 3, 2, 2, 1, 3, 1, 2, 0, 0, 1, 0, 0, 0, 0, 2, 3, 1, 1, 2, 3, 0, 0, 2, 0, 3, 0, 0, 0, 2, 0, 3, 3, 0, 0, 3, 0, 3, 2] 
dagD16.txt 3_2x1.txt True 0.04568527918781726 0.07 611.3333333333334 [0, 0, 0, 0, 0, 0, 0, 0, 0, 0, 0, 0, 0, 0, 0, 0, 0, 0, 0, 0, 0, 0, 0, 0, 0, 0, 0, 0, 0, 0, 0, 0, 0, 0, 0, 0, 0, 0, 0, 0, 0, 0, 1, 0, 0, 0, 0, 0, 0, 1, 0, 0, 0, 1, 0, 0, 0, 0, 0, 1, 0, 0, 0, 0, 1] 
dagD16.txt 3_2x1.txt True 0.07614213197969544 0.1 554.3333333333334 [0, 0, 0, 0, 0, 0, 0, 0, 0, 0, 0, 0, 0, 0, 0, 0, 0, 0, 0, 0, 0, 0, 0, 0, 0, 0, 0, 0, 0, 0, 0, 0, 0, 0, 0, 0, 0, 0, 0, 1, 0, 0, 1, 0, 0, 0, 0, 1, 0, 1, 0, 0, 1, 1, 0, 0, 0, 0, 0, 1, 1, 0, 0, 1, 1] 
dagD16.txt 3_2x1.txt True 0.08629441624365482 0.15 588.0 [0, 0, 0, 0, 0, 0, 0, 0, 0, 0, 0, 0, 0, 1, 0, 0, 0, 0, 0, 0, 0, 0, 0, 0, 0, 0, 1, 0, 0, 0, 0, 0, 0, 0, 0, 0, 0, 0, 0, 0, 0, 0, 0, 0, 0, 0, 0, 0, 0, 0, 1, 0, 0, 0, 0, 0, 1, 0, 1, 0, 0, 0, 1, 0, 0] 
dagD16.txt 3_2x1.txt True 0.1218274111675127 0.2 566.0 [0, 0, 0, 0, 0, 0, 0, 0, 0, 0, 0, 0, 0, 0, 0, 0, 0, 0, 0, 0, 0, 0, 1, 0, 0, 0, 0, 0, 0, 0, 0, 0, 0, 0, 1, 0, 0, 0, 0, 1, 0, 0, 0, 0, 0, 0, 0, 0, 1, 0, 1, 0, 0, 0, 1, 0, 1, 0, 0, 0, 0, 0, 0, 0, 0] 
dagD16.txt 3_2x1.txt True 0.1218274111675127 0.3 566.0 [0, 0, 0, 0, 0, 0, 0, 0, 0, 0, 0, 0, 0, 0, 0, 0, 0, 0, 0, 0, 0, 0, 1, 0, 0, 0, 0, 0, 0, 0, 0, 0, 0, 0, 1, 0, 0, 0, 0, 1, 0, 0, 0, 0, 0, 0, 0, 0, 1, 0, 1, 0, 0, 0, 1, 0, 1, 0, 0, 0, 0, 0, 0, 0, 0] 
dagD16.txt 3_2x1.txt True 0.1218274111675127 0.4 566.0 [0, 0, 0, 0, 0, 0, 0, 0, 0, 0, 0, 0, 0, 0, 0, 0, 0, 0, 0, 0, 0, 0, 1, 0, 0, 0, 0, 0, 0, 0, 0, 0, 0, 0, 1, 0, 0, 0, 0, 1, 0, 0, 0, 0, 0, 0, 0, 0, 1, 0, 1, 0, 0, 0, 1, 0, 1, 0, 0, 0, 0, 0, 0, 0, 0] 
dagD16.txt 3_2x1.txt True 0.1218274111675127 0.5 566.0 [0, 0, 0, 0, 0, 0, 0, 0, 0, 0, 0, 0, 0, 0, 0, 0, 0, 0, 0, 0, 0, 0, 1, 0, 0, 0, 0, 0, 0, 0, 0, 0, 0, 0, 1, 0, 0, 0, 0, 1, 0, 0, 0, 0, 0, 0, 0, 0, 1, 0, 1, 0, 0, 0, 1, 0, 1, 0, 0, 0, 0, 0, 0, 0, 0] 
dagD16.txt 3_2x1.txt True 0.19289340101522842 0.6 415.3333333333333 [0, 0, 0, 0, 0, 0, 0, 0, 0, 0, 0, 0, 0, 1, 1, 0, 0, 0, 0, 0, 0, 1, 0, 0, 0, 0, 1, 0, 0, 0, 0, 0, 0, 0, 1, 0, 0, 1, 1, 1, 1, 0, 0, 1, 0, 1, 1, 1, 0, 0, 0, 0, 1, 1, 1, 1, 0, 1, 1, 1, 1, 1, 1, 1, 0] 
dagD16.txt 3_2x1.txt True 0.20304568527918782 0.7 419.6666666666667 [0, 0, 0, 0, 0, 0, 0, 0, 0, 0, 0, 0, 0, 1, 0, 0, 1, 0, 0, 0, 0, 0, 0, 0, 0, 0, 1, 1, 0, 0, 0, 0, 1, 0, 0, 1, 0, 0, 0, 0, 0, 1, 1, 0, 1, 1, 1, 1, 1, 1, 1, 0, 1, 1, 0, 0, 1, 0, 1, 1, 1, 0, 1, 0, 1] 
dagD16.txt 3_2x1.txt True 0.4720812182741117 1 384.6666666666667 [0, 0, 0, 0, 1, 0, 0, 0, 1, 0, 0, 1, 1, 0, 1, 0, 1, 1, 1, 1, 0, 0, 0, 0, 0, 0, 1, 1, 0, 0, 0, 0, 0, 1, 1, 0, 1, 1, 0, 0, 0, 0, 0, 1, 0, 1, 1, 1, 0, 0, 1, 1, 0, 0, 0, 1, 1, 1, 0, 0, 1, 1, 1, 1, 0] 
dagD16.txt 3_2x4.txt True 0.04568527918781726 0.07 458.5 [1, 1, 1, 1, 1, 1, 1, 1, 1, 1, 1, 1, 1, 1, 1, 1, 1, 1, 1, 1, 1, 1, 1, 1, 1, 1, 1, 1, 1, 1, 1, 1, 1, 1, 1, 1, 1, 1, 1, 1, 1, 1, 3, 1, 1, 1, 1, 1, 1, 3, 1, 1, 1, 3, 1, 1, 1, 1, 1, 3, 1, 1, 1, 1, 3] 
dagD16.txt 3_2x4.txt True 0.04568527918781726 0.08 458.5 [1, 1, 1, 1, 1, 1, 1, 1, 1, 1, 1, 1, 1, 1, 1, 1, 1, 1, 1, 1, 1, 1, 1, 1, 1, 1, 1, 1, 1, 1, 1, 1, 1, 1, 1, 1, 1, 1, 1, 1, 1, 1, 3, 1, 1, 1, 1, 1, 1, 3, 1, 1, 1, 3, 1, 1, 1, 1, 1, 3, 1, 1, 1, 1, 3] 
dagD16.txt 3_2x4.txt True 0.07614213197969544 0.09 415.75 [3, 3, 3, 3, 3, 3, 3, 3, 3, 3, 3, 3, 3, 3, 3, 3, 3, 3, 3, 3, 3, 3, 3, 3, 3, 3, 3, 3, 3, 3, 3, 3, 3, 3, 3, 3, 3, 3, 3, 1, 3, 3, 1, 3, 3, 3, 3, 1, 3, 1, 3, 3, 1, 1, 3, 3, 3, 3, 3, 1, 1, 3, 3, 1, 1] 
dagD16.txt 3_2x4.txt True 0.07614213197969544 0.1 415.75 [3, 3, 3, 3, 3, 3, 3, 3, 3, 3, 3, 3, 3, 3, 3, 3, 3, 3, 3, 3, 3, 3, 3, 3, 3, 3, 3, 3, 3, 3, 3, 3, 3, 3, 3, 3, 3, 3, 3, 1, 3, 3, 1, 3, 3, 3, 3, 1, 3, 1, 3, 3, 1, 1, 3, 3, 3, 3, 3, 1, 1, 3, 3, 1, 1] 
dagD16.txt 3_2x4.txt True 0.09137055837563451 0.11 400.5 [1, 1, 1, 1, 1, 1, 1, 1, 1, 1, 1, 1, 1, 7, 1, 1, 1, 1, 1, 1, 1, 1, 1, 1, 1, 1, 7, 1, 1, 1, 1, 7, 1, 1, 1, 1, 1, 1, 1, 1, 1, 1, 1, 1, 1, 1, 1, 7, 1, 1, 1, 7, 7, 7, 1, 1, 1, 1, 7, 7, 7, 1, 1, 1, 1] 
dagD16.txt 3_2x4.txt True 0.09644670050761421 0.12 389.5 [1, 1, 1, 1, 1, 1, 1, 1, 1, 1, 1, 1, 1, 6, 1, 1, 1, 1, 1, 1, 1, 1, 1, 1, 1, 1, 6, 1, 1, 1, 1, 1, 1, 1, 7, 1, 1, 1, 1, 7, 1, 1, 1, 1, 1, 1, 1, 6, 1, 1, 1, 1, 3, 3, 7, 1, 1, 1, 3, 3, 3, 1, 1, 7, 1] 
dagD16.txt 3_2x4.txt True 0.1116751269035533 0.13 403.25 [1, 1, 1, 1, 1, 1, 1, 1, 1, 1, 1, 1, 1, 5, 1, 1, 1, 1, 1, 1, 1, 1, 1, 1, 1, 1, 5, 1, 1, 1, 1, 1, 1, 1, 1, 1, 1, 1, 1, 1, 1, 1, 1, 1, 1, 1, 1, 0, 1, 1, 3, 1, 0, 0, 1, 1, 5, 1, 5, 3, 5, 1, 3, 1, 1] 
dagD16.txt 3_2x4.txt True 0.1116751269035533 0.14 403.25 [1, 1, 1, 1, 1, 1, 1, 1, 1, 1, 1, 1, 1, 5, 1, 1, 1, 1, 1, 1, 1, 1, 1, 1, 1, 1, 5, 1, 1, 1, 1, 1, 1, 1, 1, 1, 1, 1, 1, 1, 1, 1, 1, 1, 1, 1, 1, 0, 1, 1, 3, 1, 0, 0, 1, 1, 5, 1, 5, 3, 5, 1, 3, 1, 1] 
dagD16.txt 3_2x4.txt True 0.1116751269035533 0.15 403.25 [1, 1, 1, 1, 1, 1, 1, 1, 1, 1, 1, 1, 1, 5, 1, 1, 1, 1, 1, 1, 1, 1, 1, 1, 1, 1, 5, 1, 1, 1, 1, 1, 1, 1, 1, 1, 1, 1, 1, 1, 1, 1, 1, 1, 1, 1, 1, 0, 1, 1, 3, 1, 0, 0, 1, 1, 5, 1, 5, 3, 5, 1, 3, 1, 1] 
dagD16.txt 3_2x4.txt True 0.1116751269035533 0.16 403.25 [1, 1, 1, 1, 1, 1, 1, 1, 1, 1, 1, 1, 1, 5, 1, 1, 1, 1, 1, 1, 1, 1, 1, 1, 1, 1, 5, 1, 1, 1, 1, 1, 1, 1, 1, 1, 1, 1, 1, 1, 1, 1, 1, 1, 1, 1, 1, 0, 1, 1, 3, 1, 0, 0, 1, 1, 5, 1, 5, 3, 5, 1, 3, 1, 1] 
dagD16.txt 3_2x4.txt True 0.1116751269035533 0.17 403.25 [1, 1, 1, 1, 1, 1, 1, 1, 1, 1, 1, 1, 1, 5, 1, 1, 1, 1, 1, 1, 1, 1, 1, 1, 1, 1, 5, 1, 1, 1, 1, 1, 1, 1, 1, 1, 1, 1, 1, 1, 1, 1, 1, 1, 1, 1, 1, 0, 1, 1, 3, 1, 0, 0, 1, 1, 5, 1, 5, 3, 5, 1, 3, 1, 1] 
dagD16.txt 3_2x4.txt True 0.1116751269035533 0.18 403.25 [1, 1, 1, 1, 1, 1, 1, 1, 1, 1, 1, 1, 1, 5, 1, 1, 1, 1, 1, 1, 1, 1, 1, 1, 1, 1, 5, 1, 1, 1, 1, 1, 1, 1, 1, 1, 1, 1, 1, 1, 1, 1, 1, 1, 1, 1, 1, 0, 1, 1, 3, 1, 0, 0, 1, 1, 5, 1, 5, 3, 5, 1, 3, 1, 1] 
dagD16.txt 3_2x4.txt True 0.15228426395939088 0.19 379.75 [1, 1, 1, 1, 1, 1, 1, 1, 1, 1, 1, 1, 1, 1, 1, 1, 1, 1, 1, 1, 1, 1, 3, 1, 1, 1, 1, 1, 1, 1, 1, 1, 1, 1, 5, 1, 1, 1, 1, 5, 1, 1, 1, 1, 1, 1, 1, 0, 6, 1, 3, 1, 0, 2, 5, 1, 6, 1, 3, 2, 2, 1, 1, 1, 1] 
dagD16.txt 3_2x4.txt True 0.15228426395939088 0.2 379.75 [1, 1, 1, 1, 1, 1, 1, 1, 1, 1, 1, 1, 1, 1, 1, 1, 1, 1, 1, 1, 1, 1, 3, 1, 1, 1, 1, 1, 1, 1, 1, 1, 1, 1, 5, 1, 1, 1, 1, 5, 1, 1, 1, 1, 1, 1, 1, 0, 6, 1, 3, 1, 0, 2, 5, 1, 6, 1, 3, 2, 2, 1, 1, 1, 1] 
dagD16.txt 3_2x4.txt True 0.15228426395939088 0.25 379.75 [1, 1, 1, 1, 1, 1, 1, 1, 1, 1, 1, 1, 1, 1, 1, 1, 1, 1, 1, 1, 1, 1, 3, 1, 1, 1, 1, 1, 1, 1, 1, 1, 1, 1, 5, 1, 1, 1, 1, 5, 1, 1, 1, 1, 1, 1, 1, 0, 6, 1, 3, 1, 0, 2, 5, 1, 6, 1, 3, 2, 2, 1, 1, 1, 1] 
dagD16.txt 3_2x4.txt True 0.15228426395939088 0.3 379.75 [1, 1, 1, 1, 1, 1, 1, 1, 1, 1, 1, 1, 1, 1, 1, 1, 1, 1, 1, 1, 1, 1, 3, 1, 1, 1, 1, 1, 1, 1, 1, 1, 1, 1, 5, 1, 1, 1, 1, 5, 1, 1, 1, 1, 1, 1, 1, 0, 6, 1, 3, 1, 0, 2, 5, 1, 6, 1, 3, 2, 2, 1, 1, 1, 1] 
dagD16.txt 3_2x4.txt True 0.15228426395939088 0.35 379.75 [1, 1, 1, 1, 1, 1, 1, 1, 1, 1, 1, 1, 1, 1, 1, 1, 1, 1, 1, 1, 1, 1, 3, 1, 1, 1, 1, 1, 1, 1, 1, 1, 1, 1, 5, 1, 1, 1, 1, 5, 1, 1, 1, 1, 1, 1, 1, 0, 6, 1, 3, 1, 0, 2, 5, 1, 6, 1, 3, 2, 2, 1, 1, 1, 1] 
dagD16.txt 3_2x4.txt True 0.15228426395939088 0.4 379.75 [1, 1, 1, 1, 1, 1, 1, 1, 1, 1, 1, 1, 1, 1, 1, 1, 1, 1, 1, 1, 1, 1, 3, 1, 1, 1, 1, 1, 1, 1, 1, 1, 1, 1, 5, 1, 1, 1, 1, 5, 1, 1, 1, 1, 1, 1, 1, 0, 6, 1, 3, 1, 0, 2, 5, 1, 6, 1, 3, 2, 2, 1, 1, 1, 1] 
dagD16.txt 3_2x4.txt True 0.15228426395939088 0.45 379.75 [1, 1, 1, 1, 1, 1, 1, 1, 1, 1, 1, 1, 1, 1, 1, 1, 1, 1, 1, 1, 1, 1, 3, 1, 1, 1, 1, 1, 1, 1, 1, 1, 1, 1, 5, 1, 1, 1, 1, 5, 1, 1, 1, 1, 1, 1, 1, 0, 6, 1, 3, 1, 0, 2, 5, 1, 6, 1, 3, 2, 2, 1, 1, 1, 1] 
dagD16.txt 3_2x4.txt True 0.15228426395939088 0.5 379.75 [1, 1, 1, 1, 1, 1, 1, 1, 1, 1, 1, 1, 1, 1, 1, 1, 1, 1, 1, 1, 1, 1, 3, 1, 1, 1, 1, 1, 1, 1, 1, 1, 1, 1, 5, 1, 1, 1, 1, 5, 1, 1, 1, 1, 1, 1, 1, 0, 6, 1, 3, 1, 0, 2, 5, 1, 6, 1, 3, 2, 2, 1, 1, 1, 1] 
dagD16.txt 3_2x4.txt True 0.15228426395939088 0.55 379.75 [1, 1, 1, 1, 1, 1, 1, 1, 1, 1, 1, 1, 1, 1, 1, 1, 1, 1, 1, 1, 1, 1, 3, 1, 1, 1, 1, 1, 1, 1, 1, 1, 1, 1, 5, 1, 1, 1, 1, 5, 1, 1, 1, 1, 1, 1, 1, 0, 6, 1, 3, 1, 0, 2, 5, 1, 6, 1, 3, 2, 2, 1, 1, 1, 1] 
dagD16.txt 3_2x4.txt True 0.5380710659898477 0.6 140.0 [1, 2, 7, 0, 7, 7, 7, 7, 7, 7, 0, 0, 1, 4, 2, 0, 7, 7, 1, 7, 4, 5, 7, 1, 2, 7, 4, 3, 1, 7, 7, 1, 3, 1, 5, 3, 7, 5, 5, 5, 5, 3, 3, 5, 7, 1, 1, 7, 3, 3, 3, 1, 7, 6, 5, 5, 3, 5, 1, 6, 6, 1, 1, 5, 3] 
dagD16.txt 3_2x4.txt True 0.5279187817258884 0.65 146.25 [5, 3, 1, 1, 7, 7, 0, 7, 7, 5, 1, 5, 1, 2, 0, 5, 2, 7, 5, 3, 1, 1, 7, 7, 7, 5, 2, 3, 5, 3, 7, 7, 3, 7, 1, 3, 7, 1, 1, 1, 1, 3, 3, 1, 3, 7, 7, 6, 3, 3, 3, 7, 6, 4, 1, 1, 3, 1, 7, 4, 7, 7, 7, 1, 3] 
dagD16.txt 3_2x4.txt True 0.5279187817258884 0.7 146.25 [5, 3, 1, 1, 7, 7, 0, 7, 7, 5, 1, 5, 1, 2, 0, 5, 2, 7, 5, 3, 1, 1, 7, 7, 7, 5, 2, 3, 5, 3, 7, 7, 3, 7, 1, 3, 7, 1, 1, 1, 1, 3, 3, 1, 3, 7, 7, 6, 3, 3, 3, 7, 6, 4, 1, 1, 3, 1, 7, 4, 7, 7, 7, 1, 3] 
dagD16.txt 3_2x4.txt True 0.6040609137055838 0.75 123.75 [7, 2, 7, 1, 7, 7, 6, 5, 5, 7, 1, 7, 7, 1, 3, 7, 5, 7, 2, 7, 4, 3, 7, 7, 3, 7, 1, 3, 7, 2, 7, 5, 5, 5, 5, 3, 7, 3, 3, 1, 5, 5, 3, 1, 7, 1, 1, 0, 6, 3, 3, 5, 1, 1, 5, 3, 3, 4, 0, 1, 0, 4, 1, 1, 3] 
dagD16.txt 3_2x4.txt True 0.6598984771573604 0.8 110.75 [5, 2, 1, 7, 5, 7, 3, 7, 5, 5, 5, 7, 2, 6, 3, 7, 3, 5, 1, 5, 1, 1, 6, 5, 5, 3, 1, 3, 5, 5, 7, 1, 1, 0, 3, 7, 5, 1, 1, 3, 3, 7, 3, 1, 3, 7, 7, 5, 7, 3, 7, 1, 5, 0, 3, 1, 7, 4, 1, 0, 1, 4, 7, 3, 3] 
dagD16.txt 3_2x4.txt True 0.6852791878172588 0.85 104.5 [7, 3, 5, 7, 5, 5, 1, 5, 7, 7, 4, 5, 5, 4, 3, 5, 6, 1, 7, 3, 7, 1, 5, 5, 5, 1, 2, 3, 7, 5, 7, 7, 1, 0, 7, 7, 2, 3, 3, 1, 1, 1, 3, 1, 1, 0, 3, 6, 5, 3, 7, 7, 3, 3, 1, 3, 5, 3, 3, 3, 3, 1, 0, 1, 3] 
dagD16.txt 3_2x4.txt True 0.7309644670050761 0.9 109.0 [7, 1, 6, 3, 3, 7, 5, 5, 7, 3, 7, 3, 2, 2, 5, 3, 6, 3, 1, 4, 3, 5, 5, 0, 4, 5, 3, 7, 7, 5, 5, 3, 3, 1, 3, 1, 5, 3, 5, 4, 1, 7, 7, 5, 3, 7, 0, 1, 1, 7, 7, 0, 1, 1, 1, 5, 3, 1, 7, 1, 7, 7, 7, 1, 7] 
dagD16.txt 3_2x4.txt True 0.7461928934010152 0.95 106.75 [7, 2, 1, 1, 7, 5, 5, 5, 2, 5, 7, 7, 0, 7, 1, 7, 3, 1, 5, 7, 5, 7, 7, 7, 3, 5, 1, 1, 5, 5, 5, 3, 5, 3, 1, 7, 1, 7, 2, 0, 5, 3, 4, 1, 4, 3, 5, 3, 7, 4, 1, 6, 3, 3, 5, 3, 0, 5, 6, 3, 1, 6, 1, 3, 4] 
dagD16.txt 3_2x4.txt True 0.7461928934010152 1 106.75 [7, 2, 1, 1, 7, 5, 5, 5, 2, 5, 7, 7, 0, 7, 1, 7, 3, 1, 5, 7, 5, 7, 7, 7, 3, 5, 1, 1, 5, 5, 5, 3, 5, 3, 1, 7, 1, 7, 2, 0, 5, 3, 4, 1, 4, 3, 5, 3, 7, 4, 1, 6, 3, 3, 5, 3, 0, 5, 6, 3, 1, 6, 1, 3, 4] 
dagD16.txt 100_1x1.txt True 0.0 0.07 19.22 [0, 0, 0, 0, 0, 0, 0, 0, 0, 0, 0, 0, 0, 0, 0, 0, 0, 0, 0, 0, 0, 0, 0, 0, 0, 0, 0, 0, 0, 0, 0, 0, 0, 0, 0, 0, 0, 0, 0, 0, 0, 0, 0, 0, 0, 0, 0, 0, 0, 0, 0, 0, 0, 0, 0, 0, 0, 0, 0, 0, 0, 0, 0, 0, 0] 
dagD16.txt 100_1x1.txt True 0.0 0.08 19.22 [0, 0, 0, 0, 0, 0, 0, 0, 0, 0, 0, 0, 0, 0, 0, 0, 0, 0, 0, 0, 0, 0, 0, 0, 0, 0, 0, 0, 0, 0, 0, 0, 0, 0, 0, 0, 0, 0, 0, 0, 0, 0, 0, 0, 0, 0, 0, 0, 0, 0, 0, 0, 0, 0, 0, 0, 0, 0, 0, 0, 0, 0, 0, 0, 0] 
dagD16.txt 100_1x1.txt True 0.0 0.09 19.22 [0, 0, 0, 0, 0, 0, 0, 0, 0, 0, 0, 0, 0, 0, 0, 0, 0, 0, 0, 0, 0, 0, 0, 0, 0, 0, 0, 0, 0, 0, 0, 0, 0, 0, 0, 0, 0, 0, 0, 0, 0, 0, 0, 0, 0, 0, 0, 0, 0, 0, 0, 0, 0, 0, 0, 0, 0, 0, 0, 0, 0, 0, 0, 0, 0] 
dagD16.txt 100_1x1.txt True 0.0 0.1 19.22 [0, 0, 0, 0, 0, 0, 0, 0, 0, 0, 0, 0, 0, 0, 0, 0, 0, 0, 0, 0, 0, 0, 0, 0, 0, 0, 0, 0, 0, 0, 0, 0, 0, 0, 0, 0, 0, 0, 0, 0, 0, 0, 0, 0, 0, 0, 0, 0, 0, 0, 0, 0, 0, 0, 0, 0, 0, 0, 0, 0, 0, 0, 0, 0, 0] 
dagD16.txt 100_1x1.txt True 0.0 0.11 19.22 [0, 0, 0, 0, 0, 0, 0, 0, 0, 0, 0, 0, 0, 0, 0, 0, 0, 0, 0, 0, 0, 0, 0, 0, 0, 0, 0, 0, 0, 0, 0, 0, 0, 0, 0, 0, 0, 0, 0, 0, 0, 0, 0, 0, 0, 0, 0, 0, 0, 0, 0, 0, 0, 0, 0, 0, 0, 0, 0, 0, 0, 0, 0, 0, 0] 
dagD16.txt 100_1x1.txt True 0.0 0.12 19.22 [0, 0, 0, 0, 0, 0, 0, 0, 0, 0, 0, 0, 0, 0, 0, 0, 0, 0, 0, 0, 0, 0, 0, 0, 0, 0, 0, 0, 0, 0, 0, 0, 0, 0, 0, 0, 0, 0, 0, 0, 0, 0, 0, 0, 0, 0, 0, 0, 0, 0, 0, 0, 0, 0, 0, 0, 0, 0, 0, 0, 0, 0, 0, 0, 0] 
dagD16.txt 100_1x1.txt True 0.015228426395939087 0.13 19.12 [0, 0, 0, 0, 0, 0, 0, 0, 0, 0, 0, 0, 0, 0, 0, 0, 0, 0, 0, 0, 0, 0, 0, 0, 0, 0, 0, 0, 0, 0, 0, 0, 0, 0, 0, 0, 0, 0, 0, 0, 0, 0, 0, 0, 0, 0, 0, 0, 0, 0, 0, 0, 0, 0, 0, 0, 0, 0, 0, 0, 0, 0, 1, 0, 0] 
dagD16.txt 100_1x1.txt True 0.015228426395939087 0.14 19.12 [0, 0, 0, 0, 0, 0, 0, 0, 0, 0, 0, 0, 0, 0, 0, 0, 0, 0, 0, 0, 0, 0, 0, 0, 0, 0, 0, 0, 0, 0, 0, 0, 0, 0, 0, 0, 0, 0, 0, 0, 0, 0, 0, 0, 0, 0, 0, 0, 0, 0, 0, 0, 0, 0, 0, 0, 0, 0, 0, 0, 0, 0, 1, 0, 0] 
dagD16.txt 100_1x1.txt True 0.015228426395939087 0.15 19.12 [0, 0, 0, 0, 0, 0, 0, 0, 0, 0, 0, 0, 0, 0, 0, 0, 0, 0, 0, 0, 0, 0, 0, 0, 0, 0, 0, 0, 0, 0, 0, 0, 0, 0, 0, 0, 0, 0, 0, 0, 0, 0, 0, 0, 0, 0, 0, 0, 0, 0, 0, 0, 0, 0, 0, 0, 0, 0, 0, 0, 0, 0, 1, 0, 0] 
dagD16.txt 100_1x1.txt True 0.015228426395939087 0.16 19.12 [0, 0, 0, 0, 0, 0, 0, 0, 0, 0, 0, 0, 0, 0, 0, 0, 0, 0, 0, 0, 0, 0, 0, 0, 0, 0, 0, 0, 0, 0, 0, 0, 0, 0, 0, 0, 0, 0, 0, 0, 0, 0, 0, 0, 0, 0, 0, 0, 0, 0, 0, 0, 0, 0, 0, 0, 0, 0, 0, 0, 0, 0, 1, 0, 0] 
dagD16.txt 100_1x1.txt True 0.015228426395939087 0.17 19.12 [0, 0, 0, 0, 0, 0, 0, 0, 0, 0, 0, 0, 0, 0, 0, 0, 0, 0, 0, 0, 0, 0, 0, 0, 0, 0, 0, 0, 0, 0, 0, 0, 0, 0, 0, 0, 0, 0, 0, 0, 0, 0, 0, 0, 0, 0, 0, 0, 0, 0, 0, 0, 0, 0, 0, 0, 0, 0, 0, 0, 0, 0, 1, 0, 0] 
dagD16.txt 100_1x1.txt True 0.015228426395939087 0.18 19.12 [0, 0, 0, 0, 0, 0, 0, 0, 0, 0, 0, 0, 0, 0, 0, 0, 0, 0, 0, 0, 0, 0, 0, 0, 0, 0, 0, 0, 0, 0, 0, 0, 0, 0, 0, 0, 0, 0, 0, 0, 0, 0, 0, 0, 0, 0, 0, 0, 0, 0, 0, 0, 0, 0, 0, 0, 0, 0, 0, 0, 0, 0, 1, 0, 0] 
dagD16.txt 100_1x1.txt True 0.01015228426395939 0.19 19.08 [0, 0, 0, 0, 0, 0, 0, 0, 0, 0, 0, 0, 0, 0, 0, 0, 0, 0, 0, 0, 0, 0, 0, 0, 0, 0, 0, 0, 0, 0, 0, 0, 0, 0, 0, 0, 0, 0, 0, 0, 0, 0, 0, 0, 0, 0, 0, 0, 0, 0, 0, 0, 0, 0, 1, 0, 0, 0, 0, 0, 0, 0, 0, 0, 0] 
dagD16.txt 100_1x1.txt True 0.01015228426395939 0.2 19.08 [0, 0, 0, 0, 0, 0, 0, 0, 0, 0, 0, 0, 0, 0, 0, 0, 0, 0, 0, 0, 0, 0, 0, 0, 0, 0, 0, 0, 0, 0, 0, 0, 0, 0, 0, 0, 0, 0, 0, 0, 0, 0, 0, 0, 0, 0, 0, 0, 0, 0, 0, 0, 0, 0, 1, 0, 0, 0, 0, 0, 0, 0, 0, 0, 0] 
dagD16.txt 100_1x1.txt True 0.01015228426395939 0.25 19.08 [0, 0, 0, 0, 0, 0, 0, 0, 0, 0, 0, 0, 0, 0, 0, 0, 0, 0, 0, 0, 0, 0, 0, 0, 0, 0, 0, 0, 0, 0, 0, 0, 0, 0, 0, 0, 0, 0, 0, 0, 0, 0, 0, 0, 0, 0, 0, 0, 0, 0, 0, 0, 0, 0, 1, 0, 0, 0, 0, 0, 0, 0, 0, 0, 0] 
dagD16.txt 100_1x1.txt True 0.01015228426395939 0.3 19.08 [0, 0, 0, 0, 0, 0, 0, 0, 0, 0, 0, 0, 0, 0, 0, 0, 0, 0, 0, 0, 0, 0, 0, 0, 0, 0, 0, 0, 0, 0, 0, 0, 0, 0, 0, 0, 0, 0, 0, 0, 0, 0, 0, 0, 0, 0, 0, 0, 0, 0, 0, 0, 0, 0, 1, 0, 0, 0, 0, 0, 0, 0, 0, 0, 0] 
dagD16.txt 100_1x1.txt True 0.01015228426395939 0.35 19.08 [0, 0, 0, 0, 0, 0, 0, 0, 0, 0, 0, 0, 0, 0, 0, 0, 0, 0, 0, 0, 0, 0, 0, 0, 0, 0, 0, 0, 0, 0, 0, 0, 0, 0, 0, 0, 0, 0, 0, 0, 0, 0, 0, 0, 0, 0, 0, 0, 0, 0, 0, 0, 0, 0, 1, 0, 0, 0, 0, 0, 0, 0, 0, 0, 0] 
dagD16.txt 100_1x1.txt True 0.01015228426395939 0.4 19.08 [0, 0, 0, 0, 0, 0, 0, 0, 0, 0, 0, 0, 0, 0, 0, 0, 0, 0, 0, 0, 0, 0, 0, 0, 0, 0, 0, 0, 0, 0, 0, 0, 0, 0, 0, 0, 0, 0, 0, 0, 0, 0, 0, 0, 0, 0, 0, 0, 0, 0, 0, 0, 0, 0, 1, 0, 0, 0, 0, 0, 0, 0, 0, 0, 0] 
dagD16.txt 100_1x1.txt True 0.01015228426395939 0.45 19.08 [0, 0, 0, 0, 0, 0, 0, 0, 0, 0, 0, 0, 0, 0, 0, 0, 0, 0, 0, 0, 0, 0, 0, 0, 0, 0, 0, 0, 0, 0, 0, 0, 0, 0, 0, 0, 0, 0, 0, 0, 0, 0, 0, 0, 0, 0, 0, 0, 0, 0, 0, 0, 0, 0, 1, 0, 0, 0, 0, 0, 0, 0, 0, 0, 0] 
dagD16.txt 100_1x1.txt True 0.01015228426395939 0.5 19.08 [0, 0, 0, 0, 0, 0, 0, 0, 0, 0, 0, 0, 0, 0, 0, 0, 0, 0, 0, 0, 0, 0, 0, 0, 0, 0, 0, 0, 0, 0, 0, 0, 0, 0, 0, 0, 0, 0, 0, 0, 0, 0, 0, 0, 0, 0, 0, 0, 0, 0, 0, 0, 0, 0, 1, 0, 0, 0, 0, 0, 0, 0, 0, 0, 0] 
dagD16.txt 100_1x1.txt True 0.01015228426395939 0.55 19.08 [0, 0, 0, 0, 0, 0, 0, 0, 0, 0, 0, 0, 0, 0, 0, 0, 0, 0, 0, 0, 0, 0, 0, 0, 0, 0, 0, 0, 0, 0, 0, 0, 0, 0, 0, 0, 0, 0, 0, 0, 0, 0, 0, 0, 0, 0, 0, 0, 0, 0, 0, 0, 0, 0, 1, 0, 0, 0, 0, 0, 0, 0, 0, 0, 0] 
dagD16.txt 100_1x1.txt True 0.0 0.6 19.22 [0, 0, 0, 0, 0, 0, 0, 0, 0, 0, 0, 0, 0, 0, 0, 0, 0, 0, 0, 0, 0, 0, 0, 0, 0, 0, 0, 0, 0, 0, 0, 0, 0, 0, 0, 0, 0, 0, 0, 0, 0, 0, 0, 0, 0, 0, 0, 0, 0, 0, 0, 0, 0, 0, 0, 0, 0, 0, 0, 0, 0, 0, 0, 0, 0] 
dagD16.txt 100_1x1.txt True 0.015228426395939087 0.65 19.08 [0, 0, 0, 0, 0, 0, 0, 0, 0, 0, 0, 0, 0, 0, 0, 0, 0, 0, 0, 0, 0, 0, 0, 0, 0, 0, 0, 0, 0, 0, 0, 0, 0, 0, 0, 0, 0, 0, 0, 0, 0, 0, 0, 0, 0, 0, 0, 0, 0, 0, 0, 0, 0, 1, 0, 0, 0, 0, 0, 0, 0, 0, 0, 0, 0] 
dagD16.txt 100_1x1.txt True 0.015228426395939087 0.7 19.08 [0, 0, 0, 0, 0, 0, 0, 0, 0, 0, 0, 0, 0, 0, 0, 0, 0, 0, 0, 0, 0, 0, 0, 0, 0, 0, 0, 0, 0, 0, 0, 0, 0, 0, 0, 0, 0, 0, 0, 0, 0, 0, 0, 0, 0, 0, 0, 0, 0, 0, 0, 0, 0, 1, 0, 0, 0, 0, 0, 0, 0, 0, 0, 0, 0] 
dagD16.txt 100_1x1.txt True 0.0 0.75 19.22 [0, 0, 0, 0, 0, 0, 0, 0, 0, 0, 0, 0, 0, 0, 0, 0, 0, 0, 0, 0, 0, 0, 0, 0, 0, 0, 0, 0, 0, 0, 0, 0, 0, 0, 0, 0, 0, 0, 0, 0, 0, 0, 0, 0, 0, 0, 0, 0, 0, 0, 0, 0, 0, 0, 0, 0, 0, 0, 0, 0, 0, 0, 0, 0, 0] 
dagD16.txt 100_1x1.txt True 0.0 0.8 19.22 [0, 0, 0, 0, 0, 0, 0, 0, 0, 0, 0, 0, 0, 0, 0, 0, 0, 0, 0, 0, 0, 0, 0, 0, 0, 0, 0, 0, 0, 0, 0, 0, 0, 0, 0, 0, 0, 0, 0, 0, 0, 0, 0, 0, 0, 0, 0, 0, 0, 0, 0, 0, 0, 0, 0, 0, 0, 0, 0, 0, 0, 0, 0, 0, 0] 
dagD16.txt 100_1x1.txt True 0.0 0.85 19.22 [0, 0, 0, 0, 0, 0, 0, 0, 0, 0, 0, 0, 0, 0, 0, 0, 0, 0, 0, 0, 0, 0, 0, 0, 0, 0, 0, 0, 0, 0, 0, 0, 0, 0, 0, 0, 0, 0, 0, 0, 0, 0, 0, 0, 0, 0, 0, 0, 0, 0, 0, 0, 0, 0, 0, 0, 0, 0, 0, 0, 0, 0, 0, 0, 0] 
dagD16.txt 100_1x1.txt True 0.0 0.9 19.22 [0, 0, 0, 0, 0, 0, 0, 0, 0, 0, 0, 0, 0, 0, 0, 0, 0, 0, 0, 0, 0, 0, 0, 0, 0, 0, 0, 0, 0, 0, 0, 0, 0, 0, 0, 0, 0, 0, 0, 0, 0, 0, 0, 0, 0, 0, 0, 0, 0, 0, 0, 0, 0, 0, 0, 0, 0, 0, 0, 0, 0, 0, 0, 0, 0] 
dagD16.txt 100_1x1.txt True 0.0 0.95 19.22 [0, 0, 0, 0, 0, 0, 0, 0, 0, 0, 0, 0, 0, 0, 0, 0, 0, 0, 0, 0, 0, 0, 0, 0, 0, 0, 0, 0, 0, 0, 0, 0, 0, 0, 0, 0, 0, 0, 0, 0, 0, 0, 0, 0, 0, 0, 0, 0, 0, 0, 0, 0, 0, 0, 0, 0, 0, 0, 0, 0, 0, 0, 0, 0, 0] 
dagD16.txt 100_1x1.txt True 0.0 1 19.22 [0, 0, 0, 0, 0, 0, 0, 0, 0, 0, 0, 0, 0, 0, 0, 0, 0, 0, 0, 0, 0, 0, 0, 0, 0, 0, 0, 0, 0, 0, 0, 0, 0, 0, 0, 0, 0, 0, 0, 0, 0, 0, 0, 0, 0, 0, 0, 0, 0, 0, 0, 0, 0, 0, 0, 0, 0, 0, 0, 0, 0, 0, 0, 0, 0] 
dagD16.txt 1234x1.txt True 0.04568527918781726 0.07 458.5 [3, 3, 3, 3, 3, 3, 3, 3, 3, 3, 3, 3, 3, 3, 3, 3, 3, 3, 3, 3, 3, 3, 3, 3, 3, 3, 3, 3, 3, 3, 3, 3, 3, 3, 3, 3, 3, 3, 3, 3, 3, 3, 1, 3, 3, 3, 3, 3, 3, 1, 3, 3, 3, 1, 3, 3, 3, 3, 3, 1, 3, 3, 3, 3, 1] 
dagD16.txt 1234x1.txt True 0.04568527918781726 0.08 458.5 [3, 3, 3, 3, 3, 3, 3, 3, 3, 3, 3, 3, 3, 3, 3, 3, 3, 3, 3, 3, 3, 3, 3, 3, 3, 3, 3, 3, 3, 3, 3, 3, 3, 3, 3, 3, 3, 3, 3, 3, 3, 3, 1, 3, 3, 3, 3, 3, 3, 1, 3, 3, 3, 1, 3, 3, 3, 3, 3, 1, 3, 3, 3, 3, 1] 
dagD16.txt 1234x1.txt True 0.0 0.09 480.5 [3, 3, 3, 3, 3, 3, 3, 3, 3, 3, 3, 3, 3, 3, 3, 3, 3, 3, 3, 3, 3, 3, 3, 3, 3, 3, 3, 3, 3, 3, 3, 3, 3, 3, 3, 3, 3, 3, 3, 3, 3, 3, 3, 3, 3, 3, 3, 3, 3, 3, 3, 3, 3, 3, 3, 3, 3, 3, 3, 3, 3, 3, 3, 3, 3] 
dagD16.txt 1234x1.txt True 0.0 0.1 480.5 [3, 3, 3, 3, 3, 3, 3, 3, 3, 3, 3, 3, 3, 3, 3, 3, 3, 3, 3, 3, 3, 3, 3, 3, 3, 3, 3, 3, 3, 3, 3, 3, 3, 3, 3, 3, 3, 3, 3, 3, 3, 3, 3, 3, 3, 3, 3, 3, 3, 3, 3, 3, 3, 3, 3, 3, 3, 3, 3, 3, 3, 3, 3, 3, 3] 
dagD16.txt 1234x1.txt True 0.09137055837563451 0.11 400.5 [3, 3, 3, 3, 3, 3, 3, 3, 3, 3, 3, 3, 3, 1, 3, 3, 3, 3, 3, 3, 3, 3, 3, 3, 3, 3, 1, 3, 3, 3, 3, 1, 3, 3, 3, 3, 3, 3, 3, 3, 3, 3, 3, 3, 3, 3, 3, 1, 3, 3, 3, 1, 1, 1, 3, 3, 3, 3, 1, 1, 1, 3, 3, 3, 3] 
dagD16.txt 1234x1.txt True 0.08629441624365482 0.12 397.25 [3, 3, 3, 3, 3, 3, 3, 3, 3, 3, 3, 3, 3, 2, 3, 3, 3, 3, 3, 3, 3, 3, 3, 3, 3, 3, 2, 3, 3, 3, 3, 3, 3, 3, 2, 3, 3, 3, 3, 2, 3, 3, 3, 3, 3, 3, 3, 1, 3, 3, 3, 3, 1, 0, 2, 3, 3, 3, 0, 0, 0, 3, 3, 3, 3] 
dagD16.txt 1234x1.txt True 0.05583756345177665 0.13 434.75 [3, 3, 3, 3, 3, 3, 3, 3, 3, 3, 3, 3, 3, 3, 3, 3, 3, 3, 3, 3, 3, 3, 3, 3, 3, 3, 3, 3, 3, 3, 3, 3, 3, 3, 3, 3, 3, 3, 3, 3, 3, 3, 3, 3, 3, 3, 3, 0, 3, 3, 1, 3, 0, 0, 3, 3, 3, 3, 3, 1, 0, 3, 1, 3, 3] 
dagD16.txt 1234x1.txt True 0.05583756345177665 0.14 434.75 [3, 3, 3, 3, 3, 3, 3, 3, 3, 3, 3, 3, 3, 3, 3, 3, 3, 3, 3, 3, 3, 3, 3, 3, 3, 3, 3, 3, 3, 3, 3, 3, 3, 3, 3, 3, 3, 3, 3, 3, 3, 3, 3, 3, 3, 3, 3, 0, 3, 3, 1, 3, 0, 0, 3, 3, 3, 3, 3, 1, 0, 3, 1, 3, 3] 
dagD16.txt 1234x1.txt True 0.05583756345177665 0.15 434.75 [3, 3, 3, 3, 3, 3, 3, 3, 3, 3, 3, 3, 3, 3, 3, 3, 3, 3, 3, 3, 3, 3, 3, 3, 3, 3, 3, 3, 3, 3, 3, 3, 3, 3, 3, 3, 3, 3, 3, 3, 3, 3, 3, 3, 3, 3, 3, 0, 3, 3, 1, 3, 0, 0, 3, 3, 3, 3, 3, 1, 0, 3, 1, 3, 3] 
dagD16.txt 1234x1.txt True 0.05583756345177665 0.16 434.75 [3, 3, 3, 3, 3, 3, 3, 3, 3, 3, 3, 3, 3, 3, 3, 3, 3, 3, 3, 3, 3, 3, 3, 3, 3, 3, 3, 3, 3, 3, 3, 3, 3, 3, 3, 3, 3, 3, 3, 3, 3, 3, 3, 3, 3, 3, 3, 0, 3, 3, 1, 3, 0, 0, 3, 3, 3, 3, 3, 1, 0, 3, 1, 3, 3] 
dagD16.txt 1234x1.txt True 0.05583756345177665 0.17 434.75 [3, 3, 3, 3, 3, 3, 3, 3, 3, 3, 3, 3, 3, 3, 3, 3, 3, 3, 3, 3, 3, 3, 3, 3, 3, 3, 3, 3, 3, 3, 3, 3, 3, 3, 3, 3, 3, 3, 3, 3, 3, 3, 3, 3, 3, 3, 3, 0, 3, 3, 1, 3, 0, 0, 3, 3, 3, 3, 3, 1, 0, 3, 1, 3, 3] 
dagD16.txt 1234x1.txt True 0.05583756345177665 0.18 434.75 [3, 3, 3, 3, 3, 3, 3, 3, 3, 3, 3, 3, 3, 3, 3, 3, 3, 3, 3, 3, 3, 3, 3, 3, 3, 3, 3, 3, 3, 3, 3, 3, 3, 3, 3, 3, 3, 3, 3, 3, 3, 3, 3, 3, 3, 3, 3, 0, 3, 3, 1, 3, 0, 0, 3, 3, 3, 3, 3, 1, 0, 3, 1, 3, 3] 
dagD16.txt 1234x1.txt True 0.09137055837563451 0.19 404.25 [3, 3, 3, 3, 3, 3, 3, 3, 3, 3, 3, 3, 3, 3, 3, 3, 3, 3, 3, 3, 3, 3, 0, 3, 3, 3, 3, 3, 3, 3, 3, 3, 3, 3, 2, 3, 3, 3, 3, 2, 3, 3, 3, 3, 3, 3, 3, 0, 3, 3, 3, 3, 0, 1, 2, 3, 3, 3, 1, 1, 0, 3, 3, 3, 3] 
dagD16.txt 1234x1.txt True 0.09137055837563451 0.2 404.25 [3, 3, 3, 3, 3, 3, 3, 3, 3, 3, 3, 3, 3, 3, 3, 3, 3, 3, 3, 3, 3, 3, 0, 3, 3, 3, 3, 3, 3, 3, 3, 3, 3, 3, 2, 3, 3, 3, 3, 2, 3, 3, 3, 3, 3, 3, 3, 0, 3, 3, 3, 3, 0, 1, 2, 3, 3, 3, 1, 1, 0, 3, 3, 3, 3] 
dagD16.txt 1234x1.txt True 0.09137055837563451 0.25 404.25 [3, 3, 3, 3, 3, 3, 3, 3, 3, 3, 3, 3, 3, 3, 3, 3, 3, 3, 3, 3, 3, 3, 0, 3, 3, 3, 3, 3, 3, 3, 3, 3, 3, 3, 2, 3, 3, 3, 3, 2, 3, 3, 3, 3, 3, 3, 3, 0, 3, 3, 3, 3, 0, 1, 2, 3, 3, 3, 1, 1, 0, 3, 3, 3, 3] 
dagD16.txt 1234x1.txt True 0.09137055837563451 0.3 404.25 [3, 3, 3, 3, 3, 3, 3, 3, 3, 3, 3, 3, 3, 3, 3, 3, 3, 3, 3, 3, 3, 3, 0, 3, 3, 3, 3, 3, 3, 3, 3, 3, 3, 3, 2, 3, 3, 3, 3, 2, 3, 3, 3, 3, 3, 3, 3, 0, 3, 3, 3, 3, 0, 1, 2, 3, 3, 3, 1, 1, 0, 3, 3, 3, 3] 
dagD16.txt 1234x1.txt True 0.09137055837563451 0.35 404.25 [3, 3, 3, 3, 3, 3, 3, 3, 3, 3, 3, 3, 3, 3, 3, 3, 3, 3, 3, 3, 3, 3, 0, 3, 3, 3, 3, 3, 3, 3, 3, 3, 3, 3, 2, 3, 3, 3, 3, 2, 3, 3, 3, 3, 3, 3, 3, 0, 3, 3, 3, 3, 0, 1, 2, 3, 3, 3, 1, 1, 0, 3, 3, 3, 3] 
dagD16.txt 1234x1.txt True 0.09137055837563451 0.4 404.25 [3, 3, 3, 3, 3, 3, 3, 3, 3, 3, 3, 3, 3, 3, 3, 3, 3, 3, 3, 3, 3, 3, 0, 3, 3, 3, 3, 3, 3, 3, 3, 3, 3, 3, 2, 3, 3, 3, 3, 2, 3, 3, 3, 3, 3, 3, 3, 0, 3, 3, 3, 3, 0, 1, 2, 3, 3, 3, 1, 1, 0, 3, 3, 3, 3] 
dagD16.txt 1234x1.txt True 0.09137055837563451 0.45 404.25 [3, 3, 3, 3, 3, 3, 3, 3, 3, 3, 3, 3, 3, 3, 3, 3, 3, 3, 3, 3, 3, 3, 0, 3, 3, 3, 3, 3, 3, 3, 3, 3, 3, 3, 2, 3, 3, 3, 3, 2, 3, 3, 3, 3, 3, 3, 3, 0, 3, 3, 3, 3, 0, 1, 2, 3, 3, 3, 1, 1, 0, 3, 3, 3, 3] 
dagD16.txt 1234x1.txt True 0.09137055837563451 0.5 404.25 [3, 3, 3, 3, 3, 3, 3, 3, 3, 3, 3, 3, 3, 3, 3, 3, 3, 3, 3, 3, 3, 3, 0, 3, 3, 3, 3, 3, 3, 3, 3, 3, 3, 3, 2, 3, 3, 3, 3, 2, 3, 3, 3, 3, 3, 3, 3, 0, 3, 3, 3, 3, 0, 1, 2, 3, 3, 3, 1, 1, 0, 3, 3, 3, 3] 
dagD16.txt 1234x1.txt True 0.09137055837563451 0.55 404.25 [3, 3, 3, 3, 3, 3, 3, 3, 3, 3, 3, 3, 3, 3, 3, 3, 3, 3, 3, 3, 3, 3, 0, 3, 3, 3, 3, 3, 3, 3, 3, 3, 3, 3, 2, 3, 3, 3, 3, 2, 3, 3, 3, 3, 3, 3, 3, 0, 3, 3, 3, 3, 0, 1, 2, 3, 3, 3, 1, 1, 0, 3, 3, 3, 3] 
dagD16.txt 1234x1.txt True 0.3248730964467005 0.6 297.25 [2, 2, 3, 2, 3, 3, 3, 3, 3, 3, 2, 0, 2, 1, 3, 3, 3, 3, 2, 3, 1, 3, 3, 2, 3, 3, 1, 3, 2, 3, 3, 2, 3, 2, 3, 3, 3, 3, 3, 3, 3, 3, 3, 3, 3, 0, 0, 0, 3, 3, 3, 2, 0, 2, 3, 3, 3, 3, 0, 2, 2, 1, 0, 3, 3] 
dagD16.txt 1234x1.txt True 0.4263959390862944 0.65 220.66666666666666 [1, 3, 1, 3, 2, 2, 0, 2, 2, 1, 3, 1, 1, 0, 0, 1, 1, 2, 1, 3, 3, 3, 2, 2, 2, 1, 0, 3, 1, 3, 2, 2, 3, 2, 3, 3, 2, 3, 3, 3, 3, 3, 3, 3, 0, 2, 2, 2, 3, 3, 3, 2, 2, 2, 3, 3, 3, 3, 2, 2, 2, 3, 2, 3, 3] 
dagD16.txt 1234x1.txt True 0.4263959390862944 0.7 220.66666666666666 [1, 3, 1, 3, 2, 2, 0, 2, 2, 1, 3, 1, 1, 0, 0, 1, 1, 2, 1, 3, 3, 3, 2, 2, 2, 1, 0, 3, 1, 3, 2, 2, 3, 2, 3, 3, 2, 3, 3, 3, 3, 3, 3, 3, 0, 2, 2, 2, 3, 3, 3, 2, 2, 2, 3, 3, 3, 3, 2, 2, 2, 3, 2, 3, 3] 
dagD16.txt 1234x1.txt True 0.45685279187817257 0.75 235.0 [2, 0, 1, 1, 2, 2, 2, 3, 3, 2, 1, 2, 1, 2, 2, 2, 0, 2, 0, 1, 2, 3, 2, 2, 2, 2, 2, 3, 2, 1, 2, 3, 2, 3, 3, 3, 2, 3, 3, 3, 3, 2, 3, 3, 2, 3, 3, 0, 1, 3, 3, 3, 0, 3, 3, 3, 3, 3, 3, 3, 3, 3, 3, 3, 3] 
dagD16.txt 1234x1.txt True 0.5177664974619289 0.8 201.0 [3, 2, 2, 3, 3, 2, 0, 2, 2, 3, 3, 3, 2, 3, 2, 3, 2, 3, 2, 1, 3, 1, 2, 3, 2, 0, 1, 1, 3, 1, 2, 2, 1, 2, 3, 3, 2, 0, 0, 3, 3, 1, 1, 1, 2, 0, 0, 3, 3, 1, 3, 2, 3, 2, 3, 0, 3, 3, 1, 2, 1, 3, 0, 3, 1] 
dagD16.txt 1234x1.txt True 0.467005076142132 0.85 200.25 [2, 2, 2, 2, 2, 3, 3, 3, 2, 2, 2, 2, 2, 1, 3, 2, 3, 3, 2, 2, 2, 3, 2, 2, 3, 3, 1, 1, 2, 0, 2, 3, 1, 3, 0, 1, 3, 3, 3, 3, 3, 1, 1, 3, 3, 0, 3, 1, 2, 1, 1, 3, 1, 3, 3, 3, 2, 0, 3, 3, 3, 0, 0, 3, 1] 
dagD16.txt 1234x1.txt True 0.6142131979695431 0.9 203.5 [3, 2, 3, 3, 1, 2, 3, 3, 2, 3, 3, 1, 1, 2, 3, 3, 1, 1, 2, 2, 3, 3, 1, 2, 1, 3, 1, 2, 3, 2, 3, 1, 2, 3, 2, 3, 0, 3, 1, 0, 2, 2, 2, 3, 3, 3, 3, 0, 2, 2, 0, 3, 1, 0, 2, 1, 3, 3, 2, 0, 3, 0, 3, 3, 2] 
dagD16.txt 1234x1.txt True 0.5888324873096447 0.95 199.66666666666666 [2, 2, 3, 2, 2, 1, 2, 3, 0, 2, 2, 2, 2, 2, 1, 2, 1, 3, 2, 3, 3, 3, 3, 2, 1, 2, 1, 3, 2, 3, 1, 3, 1, 2, 3, 3, 1, 3, 0, 0, 2, 3, 3, 1, 1, 2, 3, 0, 3, 2, 0, 3, 3, 2, 2, 2, 0, 3, 3, 2, 3, 3, 0, 3, 2] 
dagD16.txt 1234x1.txt True 0.5888324873096447 1 199.66666666666666 [2, 2, 3, 2, 2, 1, 2, 3, 0, 2, 2, 2, 2, 2, 1, 2, 1, 3, 2, 3, 3, 3, 3, 2, 1, 2, 1, 3, 2, 3, 1, 3, 1, 2, 3, 3, 1, 3, 0, 0, 2, 3, 3, 1, 1, 2, 3, 0, 3, 2, 0, 3, 3, 2, 2, 2, 0, 3, 3, 2, 3, 3, 0, 3, 2] 
dagD16.txt 3_2x3.txt True 0.04568527918781726 0.07 611.3333333333334 [0, 0, 0, 0, 0, 0, 0, 0, 0, 0, 0, 0, 0, 0, 0, 0, 0, 0, 0, 0, 0, 0, 0, 0, 0, 0, 0, 0, 0, 0, 0, 0, 0, 0, 0, 0, 0, 0, 0, 0, 0, 0, 2, 0, 0, 0, 0, 0, 0, 2, 0, 0, 0, 2, 0, 0, 0, 0, 0, 2, 0, 0, 0, 0, 2] 
dagD16.txt 3_2x3.txt True 0.04568527918781726 0.08 611.3333333333334 [0, 0, 0, 0, 0, 0, 0, 0, 0, 0, 0, 0, 0, 0, 0, 0, 0, 0, 0, 0, 0, 0, 0, 0, 0, 0, 0, 0, 0, 0, 0, 0, 0, 0, 0, 0, 0, 0, 0, 0, 0, 0, 2, 0, 0, 0, 0, 0, 0, 2, 0, 0, 0, 2, 0, 0, 0, 0, 0, 2, 0, 0, 0, 0, 2] 
dagD16.txt 3_2x3.txt True 0.07614213197969544 0.09 554.3333333333334 [0, 0, 0, 0, 0, 0, 0, 0, 0, 0, 0, 0, 0, 0, 0, 0, 0, 0, 0, 0, 0, 0, 0, 0, 0, 0, 0, 0, 0, 0, 0, 0, 0, 0, 0, 0, 0, 0, 0, 2, 0, 0, 2, 0, 0, 0, 0, 2, 0, 2, 0, 0, 2, 2, 0, 0, 0, 0, 0, 2, 2, 0, 0, 2, 2] 
dagD16.txt 3_2x3.txt True 0.07614213197969544 0.1 554.3333333333334 [0, 0, 0, 0, 0, 0, 0, 0, 0, 0, 0, 0, 0, 0, 0, 0, 0, 0, 0, 0, 0, 0, 0, 0, 0, 0, 0, 0, 0, 0, 0, 0, 0, 0, 0, 0, 0, 0, 0, 2, 0, 0, 2, 0, 0, 0, 0, 2, 0, 2, 0, 0, 2, 2, 0, 0, 0, 0, 0, 2, 2, 0, 0, 2, 2] 
dagD16.txt 3_2x3.txt True 0.09137055837563451 0.11 534.0 [0, 0, 0, 0, 0, 0, 0, 0, 0, 0, 0, 0, 0, 2, 0, 0, 0, 0, 0, 0, 0, 0, 0, 0, 0, 0, 2, 0, 0, 0, 0, 2, 0, 0, 0, 0, 0, 0, 0, 0, 0, 0, 0, 0, 0, 0, 0, 2, 0, 0, 0, 2, 2, 2, 0, 0, 0, 0, 2, 2, 2, 0, 0, 0, 0] 
dagD16.txt 3_2x3.txt True 0.09644670050761421 0.12 519.3333333333334 [0, 0, 0, 0, 0, 0, 0, 0, 0, 0, 0, 0, 0, 4, 0, 0, 0, 0, 0, 0, 0, 0, 0, 0, 0, 0, 4, 0, 0, 0, 0, 0, 0, 0, 5, 0, 0, 0, 0, 5, 0, 0, 0, 0, 0, 0, 0, 2, 0, 0, 0, 0, 2, 4, 5, 0, 0, 0, 4, 4, 4, 0, 0, 5, 0] 
dagD16.txt 3_2x3.txt True 0.1065989847715736 0.13 537.6666666666666 [0, 0, 0, 0, 0, 0, 0, 0, 0, 0, 0, 0, 0, 3, 0, 0, 0, 0, 0, 0, 0, 0, 0, 0, 0, 0, 3, 0, 0, 0, 0, 0, 0, 0, 0, 0, 0, 0, 0, 0, 0, 0, 0, 0, 0, 0, 0, 1, 0, 0, 5, 0, 1, 2, 0, 0, 3, 0, 2, 2, 1, 0, 5, 0, 0] 
dagD16.txt 3_2x3.txt True 0.1065989847715736 0.14 537.6666666666666 [0, 0, 0, 0, 0, 0, 0, 0, 0, 0, 0, 0, 0, 3, 0, 0, 0, 0, 0, 0, 0, 0, 0, 0, 0, 0, 3, 0, 0, 0, 0, 0, 0, 0, 0, 0, 0, 0, 0, 0, 0, 0, 0, 0, 0, 0, 0, 1, 0, 0, 5, 0, 1, 2, 0, 0, 3, 0, 2, 2, 1, 0, 5, 0, 0] 
dagD16.txt 3_2x3.txt True 0.1065989847715736 0.15 537.6666666666666 [0, 0, 0, 0, 0, 0, 0, 0, 0, 0, 0, 0, 0, 3, 0, 0, 0, 0, 0, 0, 0, 0, 0, 0, 0, 0, 3, 0, 0, 0, 0, 0, 0, 0, 0, 0, 0, 0, 0, 0, 0, 0, 0, 0, 0, 0, 0, 1, 0, 0, 5, 0, 1, 2, 0, 0, 3, 0, 2, 2, 1, 0, 5, 0, 0] 
dagD16.txt 3_2x3.txt True 0.1065989847715736 0.16 537.6666666666666 [0, 0, 0, 0, 0, 0, 0, 0, 0, 0, 0, 0, 0, 3, 0, 0, 0, 0, 0, 0, 0, 0, 0, 0, 0, 0, 3, 0, 0, 0, 0, 0, 0, 0, 0, 0, 0, 0, 0, 0, 0, 0, 0, 0, 0, 0, 0, 1, 0, 0, 5, 0, 1, 2, 0, 0, 3, 0, 2, 2, 1, 0, 5, 0, 0] 
dagD16.txt 3_2x3.txt True 0.1065989847715736 0.17 537.6666666666666 [0, 0, 0, 0, 0, 0, 0, 0, 0, 0, 0, 0, 0, 3, 0, 0, 0, 0, 0, 0, 0, 0, 0, 0, 0, 0, 3, 0, 0, 0, 0, 0, 0, 0, 0, 0, 0, 0, 0, 0, 0, 0, 0, 0, 0, 0, 0, 1, 0, 0, 5, 0, 1, 2, 0, 0, 3, 0, 2, 2, 1, 0, 5, 0, 0] 
dagD16.txt 3_2x3.txt True 0.1065989847715736 0.18 537.6666666666666 [0, 0, 0, 0, 0, 0, 0, 0, 0, 0, 0, 0, 0, 3, 0, 0, 0, 0, 0, 0, 0, 0, 0, 0, 0, 0, 3, 0, 0, 0, 0, 0, 0, 0, 0, 0, 0, 0, 0, 0, 0, 0, 0, 0, 0, 0, 0, 1, 0, 0, 5, 0, 1, 2, 0, 0, 3, 0, 2, 2, 1, 0, 5, 0, 0] 
dagD16.txt 3_2x3.txt True 0.15228426395939088 0.19 506.3333333333333 [0, 0, 0, 0, 0, 0, 0, 0, 0, 0, 0, 0, 0, 0, 0, 0, 0, 0, 0, 0, 0, 0, 4, 0, 0, 0, 0, 0, 0, 0, 0, 0, 0, 0, 5, 0, 0, 0, 0, 5, 0, 0, 0, 0, 0, 0, 0, 1, 3, 0, 4, 0, 1, 2, 5, 0, 3, 0, 1, 2, 2, 0, 0, 0, 0] 
dagD16.txt 3_2x3.txt True 0.15228426395939088 0.2 506.3333333333333 [0, 0, 0, 0, 0, 0, 0, 0, 0, 0, 0, 0, 0, 0, 0, 0, 0, 0, 0, 0, 0, 0, 4, 0, 0, 0, 0, 0, 0, 0, 0, 0, 0, 0, 5, 0, 0, 0, 0, 5, 0, 0, 0, 0, 0, 0, 0, 1, 3, 0, 4, 0, 1, 2, 5, 0, 3, 0, 1, 2, 2, 0, 0, 0, 0] 
dagD16.txt 3_2x3.txt True 0.15228426395939088 0.25 506.3333333333333 [0, 0, 0, 0, 0, 0, 0, 0, 0, 0, 0, 0, 0, 0, 0, 0, 0, 0, 0, 0, 0, 0, 4, 0, 0, 0, 0, 0, 0, 0, 0, 0, 0, 0, 5, 0, 0, 0, 0, 5, 0, 0, 0, 0, 0, 0, 0, 1, 3, 0, 4, 0, 1, 2, 5, 0, 3, 0, 1, 2, 2, 0, 0, 0, 0] 
dagD16.txt 3_2x3.txt True 0.15228426395939088 0.3 506.3333333333333 [0, 0, 0, 0, 0, 0, 0, 0, 0, 0, 0, 0, 0, 0, 0, 0, 0, 0, 0, 0, 0, 0, 4, 0, 0, 0, 0, 0, 0, 0, 0, 0, 0, 0, 5, 0, 0, 0, 0, 5, 0, 0, 0, 0, 0, 0, 0, 1, 3, 0, 4, 0, 1, 2, 5, 0, 3, 0, 1, 2, 2, 0, 0, 0, 0] 
dagD16.txt 3_2x3.txt True 0.15228426395939088 0.35 506.3333333333333 [0, 0, 0, 0, 0, 0, 0, 0, 0, 0, 0, 0, 0, 0, 0, 0, 0, 0, 0, 0, 0, 0, 4, 0, 0, 0, 0, 0, 0, 0, 0, 0, 0, 0, 5, 0, 0, 0, 0, 5, 0, 0, 0, 0, 0, 0, 0, 1, 3, 0, 4, 0, 1, 2, 5, 0, 3, 0, 1, 2, 2, 0, 0, 0, 0] 
dagD16.txt 3_2x3.txt True 0.15228426395939088 0.4 506.3333333333333 [0, 0, 0, 0, 0, 0, 0, 0, 0, 0, 0, 0, 0, 0, 0, 0, 0, 0, 0, 0, 0, 0, 4, 0, 0, 0, 0, 0, 0, 0, 0, 0, 0, 0, 5, 0, 0, 0, 0, 5, 0, 0, 0, 0, 0, 0, 0, 1, 3, 0, 4, 0, 1, 2, 5, 0, 3, 0, 1, 2, 2, 0, 0, 0, 0] 
dagD16.txt 3_2x3.txt True 0.15228426395939088 0.45 506.3333333333333 [0, 0, 0, 0, 0, 0, 0, 0, 0, 0, 0, 0, 0, 0, 0, 0, 0, 0, 0, 0, 0, 0, 4, 0, 0, 0, 0, 0, 0, 0, 0, 0, 0, 0, 5, 0, 0, 0, 0, 5, 0, 0, 0, 0, 0, 0, 0, 1, 3, 0, 4, 0, 1, 2, 5, 0, 3, 0, 1, 2, 2, 0, 0, 0, 0] 
dagD16.txt 3_2x3.txt True 0.15228426395939088 0.5 506.3333333333333 [0, 0, 0, 0, 0, 0, 0, 0, 0, 0, 0, 0, 0, 0, 0, 0, 0, 0, 0, 0, 0, 0, 4, 0, 0, 0, 0, 0, 0, 0, 0, 0, 0, 0, 5, 0, 0, 0, 0, 5, 0, 0, 0, 0, 0, 0, 0, 1, 3, 0, 4, 0, 1, 2, 5, 0, 3, 0, 1, 2, 2, 0, 0, 0, 0] 
dagD16.txt 3_2x3.txt True 0.15228426395939088 0.55 506.3333333333333 [0, 0, 0, 0, 0, 0, 0, 0, 0, 0, 0, 0, 0, 0, 0, 0, 0, 0, 0, 0, 0, 0, 4, 0, 0, 0, 0, 0, 0, 0, 0, 0, 0, 0, 5, 0, 0, 0, 0, 5, 0, 0, 0, 0, 0, 0, 0, 1, 3, 0, 4, 0, 1, 2, 5, 0, 3, 0, 1, 2, 2, 0, 0, 0, 0] 
dagD16.txt 3_2x3.txt True 0.49238578680203043 0.6 162.66666666666666 [0, 1, 2, 0, 2, 2, 2, 2, 2, 2, 0, 3, 0, 4, 1, 0, 2, 2, 0, 2, 0, 4, 2, 0, 1, 2, 4, 5, 0, 2, 2, 0, 5, 0, 4, 5, 2, 4, 4, 4, 4, 5, 5, 4, 2, 0, 0, 1, 5, 5, 5, 0, 1, 3, 4, 4, 5, 4, 0, 3, 3, 4, 0, 4, 5] 
dagD16.txt 3_2x3.txt True 0.5532994923857868 0.65 182.66666666666666 [5, 1, 2, 3, 2, 2, 0, 2, 2, 5, 3, 5, 2, 3, 0, 5, 2, 2, 5, 1, 3, 0, 2, 2, 2, 5, 3, 4, 5, 1, 2, 2, 4, 2, 0, 4, 2, 0, 0, 0, 0, 4, 4, 0, 1, 5, 5, 4, 4, 4, 4, 2, 4, 4, 0, 0, 4, 0, 4, 2, 4, 4, 5, 0, 4] 
dagD16.txt 3_2x3.txt True 0.5532994923857868 0.7 182.66666666666666 [5, 1, 2, 3, 2, 2, 0, 2, 2, 5, 3, 5, 2, 3, 0, 5, 2, 2, 5, 1, 3, 0, 2, 2, 2, 5, 3, 4, 5, 1, 2, 2, 4, 2, 0, 4, 2, 0, 0, 0, 0, 4, 4, 0, 1, 5, 5, 4, 4, 4, 4, 2, 4, 4, 0, 0, 4, 0, 4, 2, 4, 4, 5, 0, 4] 
dagD16.txt 3_2x3.txt True 0.5786802030456852 0.75 162.66666666666666 [2, 1, 2, 4, 2, 2, 5, 5, 5, 2, 4, 2, 5, 3, 5, 2, 3, 2, 2, 1, 4, 0, 2, 2, 5, 2, 3, 4, 2, 2, 2, 5, 0, 5, 3, 4, 2, 0, 0, 0, 3, 0, 4, 0, 3, 0, 0, 0, 4, 4, 4, 5, 1, 0, 3, 0, 0, 4, 1, 0, 1, 4, 0, 0, 4] 
dagD16.txt 3_2x3.txt True 0.583756345177665 0.8 140.0 [1, 4, 5, 4, 5, 2, 2, 2, 0, 1, 1, 4, 4, 4, 1, 4, 5, 5, 5, 0, 4, 2, 5, 5, 0, 2, 4, 0, 1, 0, 2, 1, 4, 3, 1, 0, 0, 2, 2, 1, 2, 0, 0, 2, 5, 3, 3, 4, 0, 0, 0, 1, 4, 3, 2, 2, 0, 2, 3, 3, 3, 2, 3, 2, 0] 
dagD16.txt 3_2x3.txt True 0.6954314720812182 0.85 142.0 [0, 4, 4, 2, 1, 2, 4, 2, 0, 0, 3, 1, 4, 3, 4, 2, 5, 4, 0, 4, 4, 5, 0, 1, 2, 4, 5, 3, 0, 2, 0, 2, 5, 1, 1, 0, 4, 5, 5, 2, 1, 3, 3, 5, 4, 3, 0, 4, 2, 3, 0, 1, 0, 3, 1, 5, 2, 1, 0, 3, 0, 0, 3, 2, 3] 
dagD16.txt 3_2x3.txt True 0.6954314720812182 0.9 137.0 [4, 2, 4, 0, 0, 0, 2, 2, 0, 0, 4, 0, 4, 5, 1, 4, 4, 0, 2, 0, 2, 3, 4, 4, 1, 2, 5, 3, 4, 4, 2, 3, 2, 3, 5, 0, 2, 1, 0, 0, 0, 2, 3, 3, 4, 3, 5, 1, 5, 3, 2, 5, 1, 5, 0, 0, 1, 2, 1, 5, 1, 3, 3, 2, 3] 
dagD16.txt 3_2x3.txt True 0.6852791878172588 0.95 138.0 [2, 1, 3, 4, 2, 5, 4, 0, 3, 2, 4, 2, 1, 2, 5, 3, 3, 0, 1, 4, 4, 5, 3, 2, 1, 4, 2, 0, 2, 4, 0, 3, 2, 4, 1, 0, 0, 4, 3, 1, 2, 0, 2, 5, 1, 4, 0, 0, 2, 5, 5, 1, 2, 4, 2, 4, 5, 0, 0, 4, 2, 0, 5, 5, 5] 
dagD16.txt 3_2x3.txt True 0.6852791878172588 1 138.0 [2, 1, 3, 4, 2, 5, 4, 0, 3, 2, 4, 2, 1, 2, 5, 3, 3, 0, 1, 4, 4, 5, 3, 2, 1, 4, 2, 0, 2, 4, 0, 3, 2, 4, 1, 0, 0, 4, 3, 1, 2, 0, 2, 5, 1, 4, 0, 0, 2, 5, 5, 1, 2, 4, 2, 4, 5, 0, 0, 4, 2, 0, 5, 5, 5] 
dagD16.txt 1234x3.txt True 0.04568527918781726 0.07 458.5 [3, 3, 3, 3, 3, 3, 3, 3, 3, 3, 3, 3, 3, 3, 3, 3, 3, 3, 3, 3, 3, 3, 3, 3, 3, 3, 3, 3, 3, 3, 3, 3, 3, 3, 3, 3, 3, 3, 3, 3, 3, 3, 11, 3, 3, 3, 3, 3, 3, 11, 3, 3, 3, 5, 3, 3, 3, 3, 3, 5, 3, 3, 3, 3, 11] 
dagD16.txt 1234x3.txt True 0.04568527918781726 0.08 458.5 [3, 3, 3, 3, 3, 3, 3, 3, 3, 3, 3, 3, 3, 3, 3, 3, 3, 3, 3, 3, 3, 3, 3, 3, 3, 3, 3, 3, 3, 3, 3, 3, 3, 3, 3, 3, 3, 3, 3, 3, 3, 3, 11, 3, 3, 3, 3, 3, 3, 11, 3, 3, 3, 5, 3, 3, 3, 3, 3, 5, 3, 3, 3, 3, 11] 
dagD16.txt 1234x3.txt True 0.08121827411167512 0.09 415.75 [11, 11, 11, 11, 11, 11, 11, 11, 11, 11, 11, 11, 11, 11, 11, 11, 11, 11, 11, 11, 11, 11, 11, 11, 11, 11, 11, 11, 11, 11, 11, 11, 11, 11, 11, 11, 11, 11, 11, 10, 11, 11, 8, 11, 11, 11, 11, 5, 11, 8, 11, 11, 5, 2, 11, 11, 11, 11, 11, 2, 2, 11, 11, 10, 8] 
dagD16.txt 1234x3.txt True 0.08121827411167512 0.1 415.75 [11, 11, 11, 11, 11, 11, 11, 11, 11, 11, 11, 11, 11, 11, 11, 11, 11, 11, 11, 11, 11, 11, 11, 11, 11, 11, 11, 11, 11, 11, 11, 11, 11, 11, 11, 11, 11, 11, 11, 10, 11, 11, 8, 11, 11, 11, 11, 5, 11, 8, 11, 11, 5, 2, 11, 11, 11, 11, 11, 2, 2, 11, 11, 10, 8] 
dagD16.txt 1234x3.txt True 0.10152284263959391 0.11 400.5 [11, 11, 11, 11, 11, 11, 11, 11, 11, 11, 11, 11, 11, 10, 11, 11, 11, 11, 11, 11, 11, 11, 11, 11, 11, 11, 10, 11, 11, 11, 11, 8, 11, 11, 11, 11, 11, 11, 11, 11, 11, 11, 11, 11, 11, 11, 11, 4, 11, 11, 11, 8, 4, 2, 11, 11, 11, 11, 5, 2, 5, 11, 11, 11, 11] 
dagD16.txt 1234x3.txt True 0.116751269035533 0.12 389.5 [7, 7, 7, 7, 7, 7, 7, 7, 7, 7, 7, 7, 7, 8, 7, 7, 7, 7, 7, 7, 7, 7, 7, 7, 7, 7, 8, 7, 7, 7, 7, 7, 7, 7, 11, 7, 7, 7, 7, 10, 7, 7, 7, 7, 7, 7, 7, 1, 7, 7, 7, 7, 2, 5, 11, 7, 7, 7, 4, 5, 4, 7, 7, 9, 7] 
dagD16.txt 1234x3.txt True 0.12690355329949238 0.13 403.25 [7, 7, 7, 7, 7, 7, 7, 7, 7, 7, 7, 7, 7, 10, 7, 7, 7, 7, 7, 7, 7, 7, 7, 7, 7, 7, 10, 7, 7, 7, 7, 7, 7, 7, 7, 7, 7, 7, 7, 7, 7, 7, 7, 7, 7, 7, 7, 9, 7, 7, 8, 7, 2, 5, 7, 7, 11, 7, 0, 4, 1, 7, 6, 7, 7] 
dagD16.txt 1234x3.txt True 0.12690355329949238 0.14 403.25 [7, 7, 7, 7, 7, 7, 7, 7, 7, 7, 7, 7, 7, 10, 7, 7, 7, 7, 7, 7, 7, 7, 7, 7, 7, 7, 10, 7, 7, 7, 7, 7, 7, 7, 7, 7, 7, 7, 7, 7, 7, 7, 7, 7, 7, 7, 7, 9, 7, 7, 8, 7, 2, 5, 7, 7, 11, 7, 0, 4, 1, 7, 6, 7, 7] 
dagD16.txt 1234x3.txt True 0.12690355329949238 0.15 403.25 [7, 7, 7, 7, 7, 7, 7, 7, 7, 7, 7, 7, 7, 10, 7, 7, 7, 7, 7, 7, 7, 7, 7, 7, 7, 7, 10, 7, 7, 7, 7, 7, 7, 7, 7, 7, 7, 7, 7, 7, 7, 7, 7, 7, 7, 7, 7, 9, 7, 7, 8, 7, 2, 5, 7, 7, 11, 7, 0, 4, 1, 7, 6, 7, 7] 
dagD16.txt 1234x3.txt True 0.12690355329949238 0.16 403.25 [7, 7, 7, 7, 7, 7, 7, 7, 7, 7, 7, 7, 7, 10, 7, 7, 7, 7, 7, 7, 7, 7, 7, 7, 7, 7, 10, 7, 7, 7, 7, 7, 7, 7, 7, 7, 7, 7, 7, 7, 7, 7, 7, 7, 7, 7, 7, 9, 7, 7, 8, 7, 2, 5, 7, 7, 11, 7, 0, 4, 1, 7, 6, 7, 7] 
dagD16.txt 1234x3.txt True 0.12690355329949238 0.17 403.25 [7, 7, 7, 7, 7, 7, 7, 7, 7, 7, 7, 7, 7, 10, 7, 7, 7, 7, 7, 7, 7, 7, 7, 7, 7, 7, 10, 7, 7, 7, 7, 7, 7, 7, 7, 7, 7, 7, 7, 7, 7, 7, 7, 7, 7, 7, 7, 9, 7, 7, 8, 7, 2, 5, 7, 7, 11, 7, 0, 4, 1, 7, 6, 7, 7] 
dagD16.txt 1234x3.txt True 0.12690355329949238 0.18 403.25 [7, 7, 7, 7, 7, 7, 7, 7, 7, 7, 7, 7, 7, 10, 7, 7, 7, 7, 7, 7, 7, 7, 7, 7, 7, 7, 10, 7, 7, 7, 7, 7, 7, 7, 7, 7, 7, 7, 7, 7, 7, 7, 7, 7, 7, 7, 7, 9, 7, 7, 8, 7, 2, 5, 7, 7, 11, 7, 0, 4, 1, 7, 6, 7, 7] 
dagD16.txt 1234x3.txt True 0.17766497461928935 0.19 385.75 [3, 3, 3, 3, 3, 3, 3, 3, 3, 3, 3, 3, 3, 3, 3, 3, 3, 3, 3, 3, 3, 3, 6, 3, 3, 3, 3, 3, 3, 3, 3, 3, 3, 3, 11, 3, 3, 3, 3, 10, 3, 3, 3, 3, 3, 3, 3, 1, 7, 3, 0, 3, 2, 4, 9, 3, 8, 3, 5, 3, 5, 3, 3, 3, 3] 
dagD16.txt 1234x3.txt True 0.17766497461928935 0.2 385.75 [3, 3, 3, 3, 3, 3, 3, 3, 3, 3, 3, 3, 3, 3, 3, 3, 3, 3, 3, 3, 3, 3, 6, 3, 3, 3, 3, 3, 3, 3, 3, 3, 3, 3, 11, 3, 3, 3, 3, 10, 3, 3, 3, 3, 3, 3, 3, 1, 7, 3, 0, 3, 2, 4, 9, 3, 8, 3, 5, 3, 5, 3, 3, 3, 3] 
dagD16.txt 1234x3.txt True 0.17766497461928935 0.25 385.75 [3, 3, 3, 3, 3, 3, 3, 3, 3, 3, 3, 3, 3, 3, 3, 3, 3, 3, 3, 3, 3, 3, 6, 3, 3, 3, 3, 3, 3, 3, 3, 3, 3, 3, 11, 3, 3, 3, 3, 10, 3, 3, 3, 3, 3, 3, 3, 1, 7, 3, 0, 3, 2, 4, 9, 3, 8, 3, 5, 3, 5, 3, 3, 3, 3] 
dagD16.txt 1234x3.txt True 0.17766497461928935 0.3 385.75 [3, 3, 3, 3, 3, 3, 3, 3, 3, 3, 3, 3, 3, 3, 3, 3, 3, 3, 3, 3, 3, 3, 6, 3, 3, 3, 3, 3, 3, 3, 3, 3, 3, 3, 11, 3, 3, 3, 3, 10, 3, 3, 3, 3, 3, 3, 3, 1, 7, 3, 0, 3, 2, 4, 9, 3, 8, 3, 5, 3, 5, 3, 3, 3, 3] 
dagD16.txt 1234x3.txt True 0.17766497461928935 0.35 385.75 [3, 3, 3, 3, 3, 3, 3, 3, 3, 3, 3, 3, 3, 3, 3, 3, 3, 3, 3, 3, 3, 3, 6, 3, 3, 3, 3, 3, 3, 3, 3, 3, 3, 3, 11, 3, 3, 3, 3, 10, 3, 3, 3, 3, 3, 3, 3, 1, 7, 3, 0, 3, 2, 4, 9, 3, 8, 3, 5, 3, 5, 3, 3, 3, 3] 
dagD16.txt 1234x3.txt True 0.17766497461928935 0.4 385.75 [3, 3, 3, 3, 3, 3, 3, 3, 3, 3, 3, 3, 3, 3, 3, 3, 3, 3, 3, 3, 3, 3, 6, 3, 3, 3, 3, 3, 3, 3, 3, 3, 3, 3, 11, 3, 3, 3, 3, 10, 3, 3, 3, 3, 3, 3, 3, 1, 7, 3, 0, 3, 2, 4, 9, 3, 8, 3, 5, 3, 5, 3, 3, 3, 3] 
dagD16.txt 1234x3.txt True 0.17766497461928935 0.45 385.75 [3, 3, 3, 3, 3, 3, 3, 3, 3, 3, 3, 3, 3, 3, 3, 3, 3, 3, 3, 3, 3, 3, 6, 3, 3, 3, 3, 3, 3, 3, 3, 3, 3, 3, 11, 3, 3, 3, 3, 10, 3, 3, 3, 3, 3, 3, 3, 1, 7, 3, 0, 3, 2, 4, 9, 3, 8, 3, 5, 3, 5, 3, 3, 3, 3] 
dagD16.txt 1234x3.txt True 0.17766497461928935 0.5 385.75 [3, 3, 3, 3, 3, 3, 3, 3, 3, 3, 3, 3, 3, 3, 3, 3, 3, 3, 3, 3, 3, 3, 6, 3, 3, 3, 3, 3, 3, 3, 3, 3, 3, 3, 11, 3, 3, 3, 3, 10, 3, 3, 3, 3, 3, 3, 3, 1, 7, 3, 0, 3, 2, 4, 9, 3, 8, 3, 5, 3, 5, 3, 3, 3, 3] 
dagD16.txt 1234x3.txt True 0.17766497461928935 0.55 385.75 [3, 3, 3, 3, 3, 3, 3, 3, 3, 3, 3, 3, 3, 3, 3, 3, 3, 3, 3, 3, 3, 3, 6, 3, 3, 3, 3, 3, 3, 3, 3, 3, 3, 3, 11, 3, 3, 3, 3, 10, 3, 3, 3, 3, 3, 3, 3, 1, 7, 3, 0, 3, 2, 4, 9, 3, 8, 3, 5, 3, 5, 3, 3, 3, 3] 
dagD16.txt 1234x3.txt True 0.5532994923857868 0.6 128.75 [1, 3, 3, 0, 3, 3, 3, 3, 3, 3, 0, 2, 1, 11, 9, 2, 3, 3, 1, 3, 5, 10, 3, 1, 4, 3, 11, 7, 1, 3, 3, 1, 7, 1, 10, 7, 3, 10, 10, 10, 10, 7, 7, 10, 3, 6, 6, 8, 7, 7, 7, 1, 8, 7, 10, 10, 7, 10, 6, 7, 7, 10, 6, 10, 7] 
dagD16.txt 1234x3.txt True 0.5583756345177665 0.65 122.75 [2, 1, 2, 3, 7, 7, 4, 7, 7, 2, 3, 2, 2, 7, 5, 2, 0, 7, 2, 1, 3, 11, 7, 7, 7, 2, 7, 3, 2, 1, 7, 7, 3, 7, 11, 3, 7, 11, 11, 11, 11, 3, 3, 11, 8, 10, 10, 11, 3, 3, 3, 7, 11, 11, 11, 11, 3, 11, 10, 9, 10, 6, 10, 11, 3] 
dagD16.txt 1234x3.txt True 0.5583756345177665 0.7 122.75 [2, 1, 2, 3, 7, 7, 4, 7, 7, 2, 3, 2, 2, 7, 5, 2, 0, 7, 2, 1, 3, 11, 7, 7, 7, 2, 7, 3, 2, 1, 7, 7, 3, 7, 11, 3, 7, 11, 11, 11, 11, 3, 3, 11, 8, 10, 10, 11, 3, 3, 3, 7, 11, 11, 11, 11, 3, 11, 10, 9, 10, 6, 10, 11, 3] 
dagD16.txt 1234x3.txt True 0.5989847715736041 0.75 111.0 [7, 1, 3, 2, 7, 7, 0, 3, 3, 7, 2, 7, 3, 3, 6, 7, 7, 7, 0, 1, 2, 11, 7, 7, 6, 7, 3, 10, 7, 2, 7, 3, 3, 3, 9, 10, 7, 11, 11, 11, 9, 3, 10, 11, 7, 10, 10, 4, 8, 10, 10, 3, 4, 5, 9, 11, 11, 11, 5, 5, 5, 11, 10, 11, 10] 
dagD16.txt 1234x3.txt True 0.6446700507614214 0.8 76.0 [11, 7, 10, 6, 11, 10, 9, 10, 11, 11, 11, 6, 7, 6, 3, 6, 10, 11, 10, 7, 8, 3, 11, 11, 11, 9, 6, 7, 11, 7, 10, 3, 6, 3, 4, 2, 11, 5, 5, 4, 7, 2, 7, 3, 10, 1, 1, 9, 2, 7, 2, 3, 9, 0, 7, 5, 2, 5, 1, 0, 1, 5, 1, 7, 7] 
dagD16.txt 1234x3.txt True 0.6751269035532995 0.85 77.33333333333333 [11, 6, 11, 7, 3, 6, 9, 6, 11, 11, 7, 3, 11, 5, 2, 7, 4, 11, 11, 6, 6, 2, 8, 3, 6, 9, 5, 10, 11, 6, 11, 3, 4, 11, 0, 10, 9, 7, 7, 2, 2, 3, 10, 2, 11, 10, 1, 3, 7, 10, 10, 0, 3, 5, 2, 7, 7, 1, 1, 5, 3, 1, 10, 2, 10] 
dagD16.txt 1234x3.txt True 0.6751269035532995 0.9 74.0 [6, 7, 7, 7, 6, 11, 10, 7, 11, 7, 6, 6, 8, 1, 10, 8, 9, 9, 7, 6, 3, 11, 6, 6, 10, 10, 5, 11, 6, 7, 7, 11, 5, 11, 4, 3, 10, 3, 3, 2, 3, 5, 11, 11, 9, 3, 2, 0, 2, 11, 3, 11, 7, 0, 3, 3, 3, 1, 2, 0, 2, 1, 3, 1, 11] 
dagD16.txt 1234x3.txt True 0.7411167512690355 0.95 70.0 [10, 7, 7, 7, 6, 1, 11, 1, 1, 8, 8, 6, 7, 9, 3, 7, 4, 3, 7, 6, 3, 6, 6, 10, 1, 11, 11, 3, 8, 11, 6, 2, 11, 2, 10, 5, 2, 6, 5, 10, 10, 11, 0, 9, 0, 2, 11, 4, 7, 7, 5, 9, 3, 3, 10, 2, 5, 11, 3, 3, 3, 9, 5, 10, 7] 
dagD16.txt 1234x3.txt True 0.7411167512690355 1 70.0 [10, 7, 7, 7, 6, 1, 11, 1, 1, 8, 8, 6, 7, 9, 3, 7, 4, 3, 7, 6, 3, 6, 6, 10, 1, 11, 11, 3, 8, 11, 6, 2, 11, 2, 10, 5, 2, 6, 5, 10, 10, 11, 0, 9, 0, 2, 11, 4, 7, 7, 5, 9, 3, 3, 10, 2, 5, 11, 3, 3, 3, 9, 5, 10, 7] 
dagD16.txt 1_4x1.txt True 0.0 0.07 480.5 [1, 1, 1, 1, 1, 1, 1, 1, 1, 1, 1, 1, 1, 1, 1, 1, 1, 1, 1, 1, 1, 1, 1, 1, 1, 1, 1, 1, 1, 1, 1, 1, 1, 1, 1, 1, 1, 1, 1, 1, 1, 1, 1, 1, 1, 1, 1, 1, 1, 1, 1, 1, 1, 1, 1, 1, 1, 1, 1, 1, 1, 1, 1, 1, 1] 
dagD16.txt 1_4x1.txt True 0.0 0.08 480.5 [1, 1, 1, 1, 1, 1, 1, 1, 1, 1, 1, 1, 1, 1, 1, 1, 1, 1, 1, 1, 1, 1, 1, 1, 1, 1, 1, 1, 1, 1, 1, 1, 1, 1, 1, 1, 1, 1, 1, 1, 1, 1, 1, 1, 1, 1, 1, 1, 1, 1, 1, 1, 1, 1, 1, 1, 1, 1, 1, 1, 1, 1, 1, 1, 1] 
dagD16.txt 1_4x1.txt True 0.0 0.09 480.5 [1, 1, 1, 1, 1, 1, 1, 1, 1, 1, 1, 1, 1, 1, 1, 1, 1, 1, 1, 1, 1, 1, 1, 1, 1, 1, 1, 1, 1, 1, 1, 1, 1, 1, 1, 1, 1, 1, 1, 1, 1, 1, 1, 1, 1, 1, 1, 1, 1, 1, 1, 1, 1, 1, 1, 1, 1, 1, 1, 1, 1, 1, 1, 1, 1] 
dagD16.txt 1_4x1.txt True 0.0 0.1 480.5 [1, 1, 1, 1, 1, 1, 1, 1, 1, 1, 1, 1, 1, 1, 1, 1, 1, 1, 1, 1, 1, 1, 1, 1, 1, 1, 1, 1, 1, 1, 1, 1, 1, 1, 1, 1, 1, 1, 1, 1, 1, 1, 1, 1, 1, 1, 1, 1, 1, 1, 1, 1, 1, 1, 1, 1, 1, 1, 1, 1, 1, 1, 1, 1, 1] 
dagD16.txt 1_4x1.txt True 0.09137055837563451 0.11 400.5 [1, 1, 1, 1, 1, 1, 1, 1, 1, 1, 1, 1, 1, 0, 1, 1, 1, 1, 1, 1, 1, 1, 1, 1, 1, 1, 0, 1, 1, 1, 1, 0, 1, 1, 1, 1, 1, 1, 1, 1, 1, 1, 1, 1, 1, 1, 1, 0, 1, 1, 1, 0, 0, 0, 1, 1, 1, 1, 0, 0, 0, 1, 1, 1, 1] 
dagD16.txt 1_4x1.txt True 0.02030456852791878 0.12 435.75 [1, 1, 1, 1, 1, 1, 1, 1, 1, 1, 1, 1, 1, 1, 1, 1, 1, 1, 1, 1, 1, 1, 1, 1, 1, 1, 1, 1, 1, 1, 1, 1, 1, 1, 1, 1, 1, 1, 1, 1, 1, 1, 1, 1, 1, 1, 1, 0, 1, 1, 1, 1, 0, 0, 1, 1, 1, 1, 0, 0, 0, 1, 1, 1, 1] 
dagD16.txt 1_4x1.txt True 0.02030456852791878 0.13 442.75 [1, 1, 1, 1, 1, 1, 1, 1, 1, 1, 1, 1, 1, 1, 1, 1, 1, 1, 1, 1, 1, 1, 1, 1, 1, 1, 1, 1, 1, 1, 1, 1, 1, 1, 1, 1, 1, 1, 1, 1, 1, 1, 1, 1, 1, 1, 1, 0, 1, 1, 1, 1, 0, 0, 1, 1, 1, 1, 1, 0, 0, 1, 1, 1, 1] 
dagD16.txt 1_4x1.txt True 0.02030456852791878 0.14 442.75 [1, 1, 1, 1, 1, 1, 1, 1, 1, 1, 1, 1, 1, 1, 1, 1, 1, 1, 1, 1, 1, 1, 1, 1, 1, 1, 1, 1, 1, 1, 1, 1, 1, 1, 1, 1, 1, 1, 1, 1, 1, 1, 1, 1, 1, 1, 1, 0, 1, 1, 1, 1, 0, 0, 1, 1, 1, 1, 1, 0, 0, 1, 1, 1, 1] 
dagD16.txt 1_4x1.txt True 0.02030456852791878 0.15 442.75 [1, 1, 1, 1, 1, 1, 1, 1, 1, 1, 1, 1, 1, 1, 1, 1, 1, 1, 1, 1, 1, 1, 1, 1, 1, 1, 1, 1, 1, 1, 1, 1, 1, 1, 1, 1, 1, 1, 1, 1, 1, 1, 1, 1, 1, 1, 1, 0, 1, 1, 1, 1, 0, 0, 1, 1, 1, 1, 1, 0, 0, 1, 1, 1, 1] 
dagD16.txt 1_4x1.txt True 0.02030456852791878 0.16 442.75 [1, 1, 1, 1, 1, 1, 1, 1, 1, 1, 1, 1, 1, 1, 1, 1, 1, 1, 1, 1, 1, 1, 1, 1, 1, 1, 1, 1, 1, 1, 1, 1, 1, 1, 1, 1, 1, 1, 1, 1, 1, 1, 1, 1, 1, 1, 1, 0, 1, 1, 1, 1, 0, 0, 1, 1, 1, 1, 1, 0, 0, 1, 1, 1, 1] 
dagD16.txt 1_4x1.txt True 0.02030456852791878 0.17 442.75 [1, 1, 1, 1, 1, 1, 1, 1, 1, 1, 1, 1, 1, 1, 1, 1, 1, 1, 1, 1, 1, 1, 1, 1, 1, 1, 1, 1, 1, 1, 1, 1, 1, 1, 1, 1, 1, 1, 1, 1, 1, 1, 1, 1, 1, 1, 1, 0, 1, 1, 1, 1, 0, 0, 1, 1, 1, 1, 1, 0, 0, 1, 1, 1, 1] 
dagD16.txt 1_4x1.txt True 0.02030456852791878 0.18 442.75 [1, 1, 1, 1, 1, 1, 1, 1, 1, 1, 1, 1, 1, 1, 1, 1, 1, 1, 1, 1, 1, 1, 1, 1, 1, 1, 1, 1, 1, 1, 1, 1, 1, 1, 1, 1, 1, 1, 1, 1, 1, 1, 1, 1, 1, 1, 1, 0, 1, 1, 1, 1, 0, 0, 1, 1, 1, 1, 1, 0, 0, 1, 1, 1, 1] 
dagD16.txt 1_4x1.txt True 0.02030456852791878 0.19 435.75 [1, 1, 1, 1, 1, 1, 1, 1, 1, 1, 1, 1, 1, 1, 1, 1, 1, 1, 1, 1, 1, 1, 1, 1, 1, 1, 1, 1, 1, 1, 1, 1, 1, 1, 1, 1, 1, 1, 1, 1, 1, 1, 1, 1, 1, 1, 1, 0, 1, 1, 1, 1, 0, 0, 1, 1, 1, 1, 0, 0, 0, 1, 1, 1, 1] 
dagD16.txt 1_4x1.txt True 0.02030456852791878 0.2 435.75 [1, 1, 1, 1, 1, 1, 1, 1, 1, 1, 1, 1, 1, 1, 1, 1, 1, 1, 1, 1, 1, 1, 1, 1, 1, 1, 1, 1, 1, 1, 1, 1, 1, 1, 1, 1, 1, 1, 1, 1, 1, 1, 1, 1, 1, 1, 1, 0, 1, 1, 1, 1, 0, 0, 1, 1, 1, 1, 0, 0, 0, 1, 1, 1, 1] 
dagD16.txt 1_4x1.txt True 0.02030456852791878 0.25 435.75 [1, 1, 1, 1, 1, 1, 1, 1, 1, 1, 1, 1, 1, 1, 1, 1, 1, 1, 1, 1, 1, 1, 1, 1, 1, 1, 1, 1, 1, 1, 1, 1, 1, 1, 1, 1, 1, 1, 1, 1, 1, 1, 1, 1, 1, 1, 1, 0, 1, 1, 1, 1, 0, 0, 1, 1, 1, 1, 0, 0, 0, 1, 1, 1, 1] 
dagD16.txt 1_4x1.txt True 0.02030456852791878 0.3 435.75 [1, 1, 1, 1, 1, 1, 1, 1, 1, 1, 1, 1, 1, 1, 1, 1, 1, 1, 1, 1, 1, 1, 1, 1, 1, 1, 1, 1, 1, 1, 1, 1, 1, 1, 1, 1, 1, 1, 1, 1, 1, 1, 1, 1, 1, 1, 1, 0, 1, 1, 1, 1, 0, 0, 1, 1, 1, 1, 0, 0, 0, 1, 1, 1, 1] 
dagD16.txt 1_4x1.txt True 0.02030456852791878 0.35 435.75 [1, 1, 1, 1, 1, 1, 1, 1, 1, 1, 1, 1, 1, 1, 1, 1, 1, 1, 1, 1, 1, 1, 1, 1, 1, 1, 1, 1, 1, 1, 1, 1, 1, 1, 1, 1, 1, 1, 1, 1, 1, 1, 1, 1, 1, 1, 1, 0, 1, 1, 1, 1, 0, 0, 1, 1, 1, 1, 0, 0, 0, 1, 1, 1, 1] 
dagD16.txt 1_4x1.txt True 0.02030456852791878 0.4 435.75 [1, 1, 1, 1, 1, 1, 1, 1, 1, 1, 1, 1, 1, 1, 1, 1, 1, 1, 1, 1, 1, 1, 1, 1, 1, 1, 1, 1, 1, 1, 1, 1, 1, 1, 1, 1, 1, 1, 1, 1, 1, 1, 1, 1, 1, 1, 1, 0, 1, 1, 1, 1, 0, 0, 1, 1, 1, 1, 0, 0, 0, 1, 1, 1, 1] 
dagD16.txt 1_4x1.txt True 0.02030456852791878 0.45 435.75 [1, 1, 1, 1, 1, 1, 1, 1, 1, 1, 1, 1, 1, 1, 1, 1, 1, 1, 1, 1, 1, 1, 1, 1, 1, 1, 1, 1, 1, 1, 1, 1, 1, 1, 1, 1, 1, 1, 1, 1, 1, 1, 1, 1, 1, 1, 1, 0, 1, 1, 1, 1, 0, 0, 1, 1, 1, 1, 0, 0, 0, 1, 1, 1, 1] 
dagD16.txt 1_4x1.txt True 0.02030456852791878 0.5 435.75 [1, 1, 1, 1, 1, 1, 1, 1, 1, 1, 1, 1, 1, 1, 1, 1, 1, 1, 1, 1, 1, 1, 1, 1, 1, 1, 1, 1, 1, 1, 1, 1, 1, 1, 1, 1, 1, 1, 1, 1, 1, 1, 1, 1, 1, 1, 1, 0, 1, 1, 1, 1, 0, 0, 1, 1, 1, 1, 0, 0, 0, 1, 1, 1, 1] 
dagD16.txt 1_4x1.txt True 0.02030456852791878 0.55 435.75 [1, 1, 1, 1, 1, 1, 1, 1, 1, 1, 1, 1, 1, 1, 1, 1, 1, 1, 1, 1, 1, 1, 1, 1, 1, 1, 1, 1, 1, 1, 1, 1, 1, 1, 1, 1, 1, 1, 1, 1, 1, 1, 1, 1, 1, 1, 1, 0, 1, 1, 1, 1, 0, 0, 1, 1, 1, 1, 0, 0, 0, 1, 1, 1, 1] 
dagD16.txt 1_4x1.txt True 0.17766497461928935 0.6 420.75 [1, 0, 1, 0, 1, 1, 1, 1, 1, 1, 0, 0, 1, 1, 1, 0, 1, 1, 1, 1, 0, 1, 1, 1, 0, 1, 1, 1, 1, 1, 1, 1, 1, 1, 1, 1, 1, 1, 1, 1, 1, 1, 1, 1, 1, 1, 1, 1, 1, 1, 1, 1, 1, 1, 1, 1, 1, 1, 1, 1, 1, 1, 1, 1, 1] 
dagD16.txt 1_4x1.txt True 0.20812182741116753 0.65 385.5 [1, 0, 0, 0, 1, 1, 0, 1, 1, 1, 0, 1, 0, 1, 0, 1, 1, 1, 1, 0, 0, 1, 1, 1, 1, 1, 1, 1, 1, 0, 1, 1, 1, 1, 1, 1, 1, 1, 1, 1, 1, 1, 1, 1, 1, 1, 1, 1, 1, 1, 1, 1, 1, 1, 1, 1, 1, 1, 1, 1, 1, 0, 1, 1, 1] 
dagD16.txt 1_4x1.txt True 0.20812182741116753 0.7 385.5 [1, 0, 0, 0, 1, 1, 0, 1, 1, 1, 0, 1, 0, 1, 0, 1, 1, 1, 1, 0, 0, 1, 1, 1, 1, 1, 1, 1, 1, 0, 1, 1, 1, 1, 1, 1, 1, 1, 1, 1, 1, 1, 1, 1, 1, 1, 1, 1, 1, 1, 1, 1, 1, 1, 1, 1, 1, 1, 1, 1, 1, 0, 1, 1, 1] 
dagD16.txt 1_4x1.txt True 0.22842639593908629 0.75 396.75 [1, 0, 1, 1, 1, 1, 0, 1, 1, 1, 1, 1, 0, 1, 1, 1, 0, 1, 0, 0, 1, 1, 1, 1, 0, 1, 1, 1, 1, 1, 1, 1, 1, 1, 1, 1, 1, 1, 1, 1, 1, 1, 1, 1, 0, 1, 1, 0, 0, 1, 1, 1, 1, 1, 1, 1, 1, 1, 0, 1, 1, 1, 1, 1, 1] 
dagD16.txt 1_4x1.txt True 0.18781725888324874 0.8 395.5 [1, 1, 1, 1, 1, 1, 1, 1, 1, 1, 1, 1, 1, 1, 0, 1, 1, 1, 1, 1, 1, 0, 1, 1, 1, 1, 1, 1, 1, 1, 1, 1, 1, 0, 1, 1, 1, 1, 1, 1, 1, 0, 1, 0, 1, 0, 0, 1, 1, 1, 1, 1, 1, 0, 1, 1, 1, 0, 1, 0, 1, 0, 0, 1, 1] 
dagD16.txt 1_4x1.txt True 0.14720812182741116 0.85 386.75 [1, 1, 1, 1, 1, 1, 1, 1, 1, 1, 1, 1, 1, 0, 1, 1, 0, 1, 1, 1, 1, 1, 1, 1, 1, 1, 0, 1, 1, 1, 1, 1, 0, 1, 1, 1, 1, 1, 1, 1, 1, 1, 1, 1, 1, 0, 1, 0, 1, 1, 1, 1, 0, 0, 1, 1, 1, 0, 1, 0, 0, 0, 0, 1, 1] 
dagD16.txt 1_4x1.txt True 0.25888324873096447 0.9 385.25 [1, 1, 1, 1, 1, 1, 1, 1, 1, 1, 1, 1, 0, 1, 1, 1, 0, 1, 1, 1, 1, 1, 1, 0, 0, 1, 1, 1, 1, 1, 1, 1, 1, 1, 1, 1, 0, 1, 1, 0, 1, 1, 1, 1, 1, 0, 1, 0, 1, 1, 0, 1, 1, 0, 1, 1, 1, 1, 0, 0, 1, 0, 0, 1, 1] 
dagD16.txt 1_4x1.txt True 0.36548223350253806 0.95 390.0 [1, 0, 1, 1, 1, 1, 1, 0, 1, 0, 0, 1, 1, 0, 1, 1, 1, 1, 1, 1, 1, 0, 1, 1, 0, 1, 1, 1, 0, 1, 1, 1, 0, 1, 1, 1, 1, 1, 0, 0, 1, 1, 0, 1, 0, 1, 1, 1, 1, 0, 1, 1, 1, 1, 1, 1, 1, 1, 0, 1, 1, 1, 1, 1, 0] 
dagD16.txt 1_4x1.txt True 0.36548223350253806 1 390.0 [1, 0, 1, 1, 1, 1, 1, 0, 1, 0, 0, 1, 1, 0, 1, 1, 1, 1, 1, 1, 1, 0, 1, 1, 0, 1, 1, 1, 0, 1, 1, 1, 0, 1, 1, 1, 1, 1, 0, 0, 1, 1, 0, 1, 0, 1, 1, 1, 1, 0, 1, 1, 1, 1, 1, 1, 1, 1, 0, 1, 1, 1, 1, 1, 0] 
dagD16.txt 3_2x2.txt True 0.04568527918781726 0.07 611.3333333333334 [0, 0, 0, 0, 0, 0, 0, 0, 0, 0, 0, 0, 0, 0, 0, 0, 0, 0, 0, 0, 0, 0, 0, 0, 0, 0, 0, 0, 0, 0, 0, 0, 0, 0, 0, 0, 0, 0, 0, 0, 0, 0, 1, 0, 0, 0, 0, 0, 0, 1, 0, 0, 0, 1, 0, 0, 0, 0, 0, 1, 0, 0, 0, 0, 1] 
dagD16.txt 3_2x2.txt True 0.04568527918781726 0.08 611.3333333333334 [0, 0, 0, 0, 0, 0, 0, 0, 0, 0, 0, 0, 0, 0, 0, 0, 0, 0, 0, 0, 0, 0, 0, 0, 0, 0, 0, 0, 0, 0, 0, 0, 0, 0, 0, 0, 0, 0, 0, 0, 0, 0, 1, 0, 0, 0, 0, 0, 0, 1, 0, 0, 0, 1, 0, 0, 0, 0, 0, 1, 0, 0, 0, 0, 1] 
dagD16.txt 3_2x2.txt True 0.07614213197969544 0.09 554.3333333333334 [0, 0, 0, 0, 0, 0, 0, 0, 0, 0, 0, 0, 0, 0, 0, 0, 0, 0, 0, 0, 0, 0, 0, 0, 0, 0, 0, 0, 0, 0, 0, 0, 0, 0, 0, 0, 0, 0, 0, 3, 0, 0, 3, 0, 0, 0, 0, 3, 0, 3, 0, 0, 3, 3, 0, 0, 0, 0, 0, 3, 3, 0, 0, 3, 3] 
dagD16.txt 3_2x2.txt True 0.07614213197969544 0.1 554.3333333333334 [0, 0, 0, 0, 0, 0, 0, 0, 0, 0, 0, 0, 0, 0, 0, 0, 0, 0, 0, 0, 0, 0, 0, 0, 0, 0, 0, 0, 0, 0, 0, 0, 0, 0, 0, 0, 0, 0, 0, 3, 0, 0, 3, 0, 0, 0, 0, 3, 0, 3, 0, 0, 3, 3, 0, 0, 0, 0, 0, 3, 3, 0, 0, 3, 3] 
dagD16.txt 3_2x2.txt True 0.09137055837563451 0.11 534.0 [0, 0, 0, 0, 0, 0, 0, 0, 0, 0, 0, 0, 0, 1, 0, 0, 0, 0, 0, 0, 0, 0, 0, 0, 0, 0, 1, 0, 0, 0, 0, 1, 0, 0, 0, 0, 0, 0, 0, 0, 0, 0, 0, 0, 0, 0, 0, 1, 0, 0, 0, 1, 1, 1, 0, 0, 0, 0, 1, 1, 1, 0, 0, 0, 0] 
dagD16.txt 3_2x2.txt True 0.08629441624365482 0.12 555.0 [0, 0, 0, 0, 0, 0, 0, 0, 0, 0, 0, 0, 0, 2, 0, 0, 0, 0, 0, 0, 0, 0, 0, 0, 0, 0, 2, 0, 0, 0, 0, 0, 0, 0, 2, 0, 0, 0, 0, 2, 0, 0, 0, 0, 0, 0, 0, 1, 0, 0, 0, 0, 1, 0, 2, 0, 0, 0, 0, 0, 0, 0, 0, 3, 0] 
dagD16.txt 3_2x2.txt True 0.1065989847715736 0.13 537.6666666666666 [2, 2, 2, 2, 2, 2, 2, 2, 2, 2, 2, 2, 2, 3, 2, 2, 2, 2, 2, 2, 2, 2, 2, 2, 2, 2, 3, 2, 2, 2, 2, 2, 2, 2, 2, 2, 2, 2, 2, 2, 2, 2, 2, 2, 2, 2, 2, 0, 2, 2, 1, 2, 0, 0, 2, 2, 3, 2, 3, 1, 0, 2, 1, 2, 2] 
dagD16.txt 3_2x2.txt True 0.1065989847715736 0.14 537.6666666666666 [2, 2, 2, 2, 2, 2, 2, 2, 2, 2, 2, 2, 2, 3, 2, 2, 2, 2, 2, 2, 2, 2, 2, 2, 2, 2, 3, 2, 2, 2, 2, 2, 2, 2, 2, 2, 2, 2, 2, 2, 2, 2, 2, 2, 2, 2, 2, 0, 2, 2, 1, 2, 0, 0, 2, 2, 3, 2, 3, 1, 0, 2, 1, 2, 2] 
dagD16.txt 3_2x2.txt True 0.1065989847715736 0.15 537.6666666666666 [2, 2, 2, 2, 2, 2, 2, 2, 2, 2, 2, 2, 2, 3, 2, 2, 2, 2, 2, 2, 2, 2, 2, 2, 2, 2, 3, 2, 2, 2, 2, 2, 2, 2, 2, 2, 2, 2, 2, 2, 2, 2, 2, 2, 2, 2, 2, 0, 2, 2, 1, 2, 0, 0, 2, 2, 3, 2, 3, 1, 0, 2, 1, 2, 2] 
dagD16.txt 3_2x2.txt True 0.1065989847715736 0.16 537.6666666666666 [2, 2, 2, 2, 2, 2, 2, 2, 2, 2, 2, 2, 2, 3, 2, 2, 2, 2, 2, 2, 2, 2, 2, 2, 2, 2, 3, 2, 2, 2, 2, 2, 2, 2, 2, 2, 2, 2, 2, 2, 2, 2, 2, 2, 2, 2, 2, 0, 2, 2, 1, 2, 0, 0, 2, 2, 3, 2, 3, 1, 0, 2, 1, 2, 2] 
dagD16.txt 3_2x2.txt True 0.1065989847715736 0.17 537.6666666666666 [2, 2, 2, 2, 2, 2, 2, 2, 2, 2, 2, 2, 2, 3, 2, 2, 2, 2, 2, 2, 2, 2, 2, 2, 2, 2, 3, 2, 2, 2, 2, 2, 2, 2, 2, 2, 2, 2, 2, 2, 2, 2, 2, 2, 2, 2, 2, 0, 2, 2, 1, 2, 0, 0, 2, 2, 3, 2, 3, 1, 0, 2, 1, 2, 2] 
dagD16.txt 3_2x2.txt True 0.1065989847715736 0.18 537.6666666666666 [2, 2, 2, 2, 2, 2, 2, 2, 2, 2, 2, 2, 2, 3, 2, 2, 2, 2, 2, 2, 2, 2, 2, 2, 2, 2, 3, 2, 2, 2, 2, 2, 2, 2, 2, 2, 2, 2, 2, 2, 2, 2, 2, 2, 2, 2, 2, 0, 2, 2, 1, 2, 0, 0, 2, 2, 3, 2, 3, 1, 0, 2, 1, 2, 2] 
dagD16.txt 3_2x2.txt True 0.116751269035533 0.19 534.3333333333334 [2, 2, 2, 2, 2, 2, 2, 2, 2, 2, 2, 2, 2, 2, 2, 2, 2, 2, 2, 2, 2, 2, 0, 2, 2, 2, 2, 2, 2, 2, 2, 2, 2, 2, 2, 2, 2, 2, 2, 2, 2, 2, 2, 2, 2, 2, 2, 0, 3, 2, 3, 2, 0, 1, 2, 2, 3, 2, 1, 1, 0, 2, 2, 2, 2] 
dagD16.txt 3_2x2.txt True 0.116751269035533 0.2 534.3333333333334 [2, 2, 2, 2, 2, 2, 2, 2, 2, 2, 2, 2, 2, 2, 2, 2, 2, 2, 2, 2, 2, 2, 0, 2, 2, 2, 2, 2, 2, 2, 2, 2, 2, 2, 2, 2, 2, 2, 2, 2, 2, 2, 2, 2, 2, 2, 2, 0, 3, 2, 3, 2, 0, 1, 2, 2, 3, 2, 1, 1, 0, 2, 2, 2, 2] 
dagD16.txt 3_2x2.txt True 0.116751269035533 0.25 534.3333333333334 [2, 2, 2, 2, 2, 2, 2, 2, 2, 2, 2, 2, 2, 2, 2, 2, 2, 2, 2, 2, 2, 2, 0, 2, 2, 2, 2, 2, 2, 2, 2, 2, 2, 2, 2, 2, 2, 2, 2, 2, 2, 2, 2, 2, 2, 2, 2, 0, 3, 2, 3, 2, 0, 1, 2, 2, 3, 2, 1, 1, 0, 2, 2, 2, 2] 
dagD16.txt 3_2x2.txt True 0.116751269035533 0.3 534.3333333333334 [2, 2, 2, 2, 2, 2, 2, 2, 2, 2, 2, 2, 2, 2, 2, 2, 2, 2, 2, 2, 2, 2, 0, 2, 2, 2, 2, 2, 2, 2, 2, 2, 2, 2, 2, 2, 2, 2, 2, 2, 2, 2, 2, 2, 2, 2, 2, 0, 3, 2, 3, 2, 0, 1, 2, 2, 3, 2, 1, 1, 0, 2, 2, 2, 2] 
dagD16.txt 3_2x2.txt True 0.116751269035533 0.35 534.3333333333334 [2, 2, 2, 2, 2, 2, 2, 2, 2, 2, 2, 2, 2, 2, 2, 2, 2, 2, 2, 2, 2, 2, 0, 2, 2, 2, 2, 2, 2, 2, 2, 2, 2, 2, 2, 2, 2, 2, 2, 2, 2, 2, 2, 2, 2, 2, 2, 0, 3, 2, 3, 2, 0, 1, 2, 2, 3, 2, 1, 1, 0, 2, 2, 2, 2] 
dagD16.txt 3_2x2.txt True 0.116751269035533 0.4 534.3333333333334 [2, 2, 2, 2, 2, 2, 2, 2, 2, 2, 2, 2, 2, 2, 2, 2, 2, 2, 2, 2, 2, 2, 0, 2, 2, 2, 2, 2, 2, 2, 2, 2, 2, 2, 2, 2, 2, 2, 2, 2, 2, 2, 2, 2, 2, 2, 2, 0, 3, 2, 3, 2, 0, 1, 2, 2, 3, 2, 1, 1, 0, 2, 2, 2, 2] 
dagD16.txt 3_2x2.txt True 0.116751269035533 0.45 534.3333333333334 [2, 2, 2, 2, 2, 2, 2, 2, 2, 2, 2, 2, 2, 2, 2, 2, 2, 2, 2, 2, 2, 2, 0, 2, 2, 2, 2, 2, 2, 2, 2, 2, 2, 2, 2, 2, 2, 2, 2, 2, 2, 2, 2, 2, 2, 2, 2, 0, 3, 2, 3, 2, 0, 1, 2, 2, 3, 2, 1, 1, 0, 2, 2, 2, 2] 
dagD16.txt 3_2x2.txt True 0.116751269035533 0.5 534.3333333333334 [2, 2, 2, 2, 2, 2, 2, 2, 2, 2, 2, 2, 2, 2, 2, 2, 2, 2, 2, 2, 2, 2, 0, 2, 2, 2, 2, 2, 2, 2, 2, 2, 2, 2, 2, 2, 2, 2, 2, 2, 2, 2, 2, 2, 2, 2, 2, 0, 3, 2, 3, 2, 0, 1, 2, 2, 3, 2, 1, 1, 0, 2, 2, 2, 2] 
dagD16.txt 3_2x2.txt True 0.116751269035533 0.55 534.3333333333334 [2, 2, 2, 2, 2, 2, 2, 2, 2, 2, 2, 2, 2, 2, 2, 2, 2, 2, 2, 2, 2, 2, 0, 2, 2, 2, 2, 2, 2, 2, 2, 2, 2, 2, 2, 2, 2, 2, 2, 2, 2, 2, 2, 2, 2, 2, 2, 0, 3, 2, 3, 2, 0, 1, 2, 2, 3, 2, 1, 1, 0, 2, 2, 2, 2] 
dagD16.txt 3_2x2.txt True 0.39593908629441626 0.6 299.6666666666667 [2, 2, 2, 2, 2, 2, 2, 2, 2, 2, 2, 0, 2, 1, 3, 3, 2, 2, 2, 2, 1, 0, 2, 2, 3, 2, 1, 3, 2, 2, 2, 2, 3, 2, 0, 3, 2, 0, 0, 0, 0, 3, 3, 0, 2, 0, 0, 0, 3, 3, 3, 2, 0, 2, 0, 0, 3, 0, 0, 2, 2, 1, 0, 0, 3] 
dagD16.txt 3_2x2.txt True 0.4365482233502538 0.65 247.33333333333334 [1, 3, 1, 3, 2, 2, 0, 2, 2, 1, 3, 1, 1, 0, 0, 1, 1, 2, 1, 3, 3, 0, 2, 2, 2, 1, 0, 0, 1, 3, 2, 2, 0, 2, 0, 0, 2, 0, 0, 0, 0, 0, 0, 0, 0, 2, 2, 2, 0, 0, 0, 2, 2, 2, 0, 0, 0, 0, 2, 2, 2, 3, 2, 0, 0] 
dagD16.txt 3_2x2.txt True 0.4365482233502538 0.7 247.33333333333334 [1, 3, 1, 3, 2, 2, 0, 2, 2, 1, 3, 1, 1, 0, 0, 1, 1, 2, 1, 3, 3, 0, 2, 2, 2, 1, 0, 0, 1, 3, 2, 2, 0, 2, 0, 0, 2, 0, 0, 0, 0, 0, 0, 0, 0, 2, 2, 2, 0, 0, 0, 2, 2, 2, 0, 0, 0, 0, 2, 2, 2, 3, 2, 0, 0] 
dagD16.txt 3_2x2.txt True 0.5177664974619289 0.75 235.0 [2, 0, 1, 1, 2, 2, 2, 0, 0, 2, 1, 2, 1, 2, 2, 2, 0, 2, 0, 1, 2, 0, 2, 2, 2, 2, 2, 3, 2, 1, 2, 0, 2, 0, 0, 3, 2, 0, 0, 3, 0, 2, 3, 3, 2, 3, 3, 0, 1, 3, 3, 0, 0, 3, 0, 0, 0, 3, 3, 3, 3, 3, 3, 3, 3] 
dagD16.txt 3_2x2.txt True 0.5736040609137056 0.8 200.33333333333334 [0, 2, 2, 0, 3, 0, 0, 0, 2, 0, 0, 0, 2, 3, 2, 0, 2, 3, 2, 1, 3, 1, 2, 3, 2, 0, 1, 1, 0, 1, 0, 2, 1, 2, 3, 0, 2, 0, 0, 3, 2, 1, 1, 1, 2, 0, 0, 0, 3, 1, 0, 2, 0, 2, 2, 0, 3, 3, 1, 2, 1, 3, 0, 2, 1] 
dagD16.txt 3_2x2.txt True 0.4467005076142132 0.85 208.66666666666666 [2, 2, 2, 2, 2, 0, 3, 0, 2, 2, 2, 2, 2, 1, 3, 2, 3, 2, 2, 2, 2, 0, 2, 2, 0, 3, 1, 1, 2, 0, 2, 3, 1, 3, 0, 1, 3, 0, 0, 0, 0, 1, 1, 0, 2, 0, 0, 1, 0, 1, 1, 3, 1, 3, 0, 0, 0, 0, 0, 3, 3, 0, 0, 0, 1] 
dagD16.txt 3_2x2.txt True 0.6852791878172588 0.9 205.0 [0, 2, 3, 0, 1, 2, 0, 0, 2, 0, 0, 1, 1, 2, 0, 3, 1, 1, 2, 2, 3, 0, 1, 2, 1, 0, 1, 2, 0, 2, 0, 1, 2, 3, 2, 3, 0, 0, 1, 0, 2, 2, 2, 0, 3, 3, 3, 0, 2, 2, 0, 3, 1, 0, 2, 1, 0, 3, 2, 0, 0, 0, 3, 3, 2] 
dagD16.txt 3_2x2.txt True 0.6091370558375635 0.95 201.33333333333334 [2, 2, 3, 2, 2, 1, 2, 3, 0, 2, 2, 2, 2, 2, 1, 2, 1, 3, 2, 0, 0, 3, 3, 2, 1, 2, 1, 3, 2, 2, 1, 3, 1, 2, 0, 0, 1, 0, 0, 0, 0, 2, 3, 1, 1, 2, 3, 0, 0, 2, 0, 3, 0, 0, 0, 2, 0, 3, 3, 0, 0, 3, 0, 3, 2] 
dagD16.txt 3_2x2.txt True 0.6091370558375635 1 201.33333333333334 [2, 2, 3, 2, 2, 1, 2, 3, 0, 2, 2, 2, 2, 2, 1, 2, 1, 3, 2, 0, 0, 3, 3, 2, 1, 2, 1, 3, 2, 2, 1, 3, 1, 2, 0, 0, 1, 0, 0, 0, 0, 2, 3, 1, 1, 2, 3, 0, 0, 2, 0, 3, 0, 0, 0, 2, 0, 3, 3, 0, 0, 3, 0, 3, 2] 
dagD16.txt 1_4x4.txt True 0.04568527918781726 0.07 458.5 [1, 1, 1, 1, 1, 1, 1, 1, 1, 1, 1, 1, 1, 1, 1, 1, 1, 1, 1, 1, 1, 1, 1, 1, 1, 1, 1, 1, 1, 1, 1, 1, 1, 1, 1, 1, 1, 1, 1, 1, 1, 1, 3, 1, 1, 1, 1, 1, 1, 3, 1, 1, 1, 3, 1, 1, 1, 1, 1, 3, 1, 1, 1, 1, 3] 
dagD16.txt 1_4x4.txt True 0.04568527918781726 0.08 458.5 [1, 1, 1, 1, 1, 1, 1, 1, 1, 1, 1, 1, 1, 1, 1, 1, 1, 1, 1, 1, 1, 1, 1, 1, 1, 1, 1, 1, 1, 1, 1, 1, 1, 1, 1, 1, 1, 1, 1, 1, 1, 1, 3, 1, 1, 1, 1, 1, 1, 3, 1, 1, 1, 3, 1, 1, 1, 1, 1, 3, 1, 1, 1, 1, 3] 
dagD16.txt 1_4x4.txt True 0.07614213197969544 0.09 415.75 [3, 3, 3, 3, 3, 3, 3, 3, 3, 3, 3, 3, 3, 3, 3, 3, 3, 3, 3, 3, 3, 3, 3, 3, 3, 3, 3, 3, 3, 3, 3, 3, 3, 3, 3, 3, 3, 3, 3, 1, 3, 3, 1, 3, 3, 3, 3, 1, 3, 1, 3, 3, 1, 1, 3, 3, 3, 3, 3, 1, 1, 3, 3, 1, 1] 
dagD16.txt 1_4x4.txt True 0.07614213197969544 0.1 415.75 [3, 3, 3, 3, 3, 3, 3, 3, 3, 3, 3, 3, 3, 3, 3, 3, 3, 3, 3, 3, 3, 3, 3, 3, 3, 3, 3, 3, 3, 3, 3, 3, 3, 3, 3, 3, 3, 3, 3, 1, 3, 3, 1, 3, 3, 3, 3, 1, 3, 1, 3, 3, 1, 1, 3, 3, 3, 3, 3, 1, 1, 3, 3, 1, 1] 
dagD16.txt 1_4x4.txt True 0.09137055837563451 0.11 400.5 [1, 1, 1, 1, 1, 1, 1, 1, 1, 1, 1, 1, 1, 7, 1, 1, 1, 1, 1, 1, 1, 1, 1, 1, 1, 1, 7, 1, 1, 1, 1, 7, 1, 1, 1, 1, 1, 1, 1, 1, 1, 1, 1, 1, 1, 1, 1, 7, 1, 1, 1, 7, 7, 7, 1, 1, 1, 1, 7, 7, 7, 1, 1, 1, 1] 
dagD16.txt 1_4x4.txt True 0.09644670050761421 0.12 389.5 [1, 1, 1, 1, 1, 1, 1, 1, 1, 1, 1, 1, 1, 6, 1, 1, 1, 1, 1, 1, 1, 1, 1, 1, 1, 1, 6, 1, 1, 1, 1, 1, 1, 1, 7, 1, 1, 1, 1, 7, 1, 1, 1, 1, 1, 1, 1, 6, 1, 1, 1, 1, 3, 3, 7, 1, 1, 1, 3, 3, 3, 1, 1, 7, 1] 
dagD16.txt 1_4x4.txt True 0.1116751269035533 0.13 403.25 [1, 1, 1, 1, 1, 1, 1, 1, 1, 1, 1, 1, 1, 5, 1, 1, 1, 1, 1, 1, 1, 1, 1, 1, 1, 1, 5, 1, 1, 1, 1, 1, 1, 1, 1, 1, 1, 1, 1, 1, 1, 1, 1, 1, 1, 1, 1, 0, 1, 1, 3, 1, 0, 0, 1, 1, 5, 1, 5, 3, 5, 1, 3, 1, 1] 
dagD16.txt 1_4x4.txt True 0.1116751269035533 0.14 403.25 [1, 1, 1, 1, 1, 1, 1, 1, 1, 1, 1, 1, 1, 5, 1, 1, 1, 1, 1, 1, 1, 1, 1, 1, 1, 1, 5, 1, 1, 1, 1, 1, 1, 1, 1, 1, 1, 1, 1, 1, 1, 1, 1, 1, 1, 1, 1, 0, 1, 1, 3, 1, 0, 0, 1, 1, 5, 1, 5, 3, 5, 1, 3, 1, 1] 
dagD16.txt 1_4x4.txt True 0.1116751269035533 0.15 403.25 [1, 1, 1, 1, 1, 1, 1, 1, 1, 1, 1, 1, 1, 5, 1, 1, 1, 1, 1, 1, 1, 1, 1, 1, 1, 1, 5, 1, 1, 1, 1, 1, 1, 1, 1, 1, 1, 1, 1, 1, 1, 1, 1, 1, 1, 1, 1, 0, 1, 1, 3, 1, 0, 0, 1, 1, 5, 1, 5, 3, 5, 1, 3, 1, 1] 
dagD16.txt 1_4x4.txt True 0.1116751269035533 0.16 403.25 [1, 1, 1, 1, 1, 1, 1, 1, 1, 1, 1, 1, 1, 5, 1, 1, 1, 1, 1, 1, 1, 1, 1, 1, 1, 1, 5, 1, 1, 1, 1, 1, 1, 1, 1, 1, 1, 1, 1, 1, 1, 1, 1, 1, 1, 1, 1, 0, 1, 1, 3, 1, 0, 0, 1, 1, 5, 1, 5, 3, 5, 1, 3, 1, 1] 
dagD16.txt 1_4x4.txt True 0.1116751269035533 0.17 403.25 [1, 1, 1, 1, 1, 1, 1, 1, 1, 1, 1, 1, 1, 5, 1, 1, 1, 1, 1, 1, 1, 1, 1, 1, 1, 1, 5, 1, 1, 1, 1, 1, 1, 1, 1, 1, 1, 1, 1, 1, 1, 1, 1, 1, 1, 1, 1, 0, 1, 1, 3, 1, 0, 0, 1, 1, 5, 1, 5, 3, 5, 1, 3, 1, 1] 
dagD16.txt 1_4x4.txt True 0.1116751269035533 0.18 403.25 [1, 1, 1, 1, 1, 1, 1, 1, 1, 1, 1, 1, 1, 5, 1, 1, 1, 1, 1, 1, 1, 1, 1, 1, 1, 1, 5, 1, 1, 1, 1, 1, 1, 1, 1, 1, 1, 1, 1, 1, 1, 1, 1, 1, 1, 1, 1, 0, 1, 1, 3, 1, 0, 0, 1, 1, 5, 1, 5, 3, 5, 1, 3, 1, 1] 
dagD16.txt 1_4x4.txt True 0.15228426395939088 0.19 379.75 [1, 1, 1, 1, 1, 1, 1, 1, 1, 1, 1, 1, 1, 1, 1, 1, 1, 1, 1, 1, 1, 1, 3, 1, 1, 1, 1, 1, 1, 1, 1, 1, 1, 1, 5, 1, 1, 1, 1, 5, 1, 1, 1, 1, 1, 1, 1, 0, 6, 1, 3, 1, 0, 2, 5, 1, 6, 1, 3, 2, 2, 1, 1, 1, 1] 
dagD16.txt 1_4x4.txt True 0.15228426395939088 0.2 379.75 [1, 1, 1, 1, 1, 1, 1, 1, 1, 1, 1, 1, 1, 1, 1, 1, 1, 1, 1, 1, 1, 1, 3, 1, 1, 1, 1, 1, 1, 1, 1, 1, 1, 1, 5, 1, 1, 1, 1, 5, 1, 1, 1, 1, 1, 1, 1, 0, 6, 1, 3, 1, 0, 2, 5, 1, 6, 1, 3, 2, 2, 1, 1, 1, 1] 
dagD16.txt 1_4x4.txt True 0.15228426395939088 0.25 379.75 [1, 1, 1, 1, 1, 1, 1, 1, 1, 1, 1, 1, 1, 1, 1, 1, 1, 1, 1, 1, 1, 1, 3, 1, 1, 1, 1, 1, 1, 1, 1, 1, 1, 1, 5, 1, 1, 1, 1, 5, 1, 1, 1, 1, 1, 1, 1, 0, 6, 1, 3, 1, 0, 2, 5, 1, 6, 1, 3, 2, 2, 1, 1, 1, 1] 
dagD16.txt 1_4x4.txt True 0.15228426395939088 0.3 379.75 [1, 1, 1, 1, 1, 1, 1, 1, 1, 1, 1, 1, 1, 1, 1, 1, 1, 1, 1, 1, 1, 1, 3, 1, 1, 1, 1, 1, 1, 1, 1, 1, 1, 1, 5, 1, 1, 1, 1, 5, 1, 1, 1, 1, 1, 1, 1, 0, 6, 1, 3, 1, 0, 2, 5, 1, 6, 1, 3, 2, 2, 1, 1, 1, 1] 
dagD16.txt 1_4x4.txt True 0.15228426395939088 0.35 379.75 [1, 1, 1, 1, 1, 1, 1, 1, 1, 1, 1, 1, 1, 1, 1, 1, 1, 1, 1, 1, 1, 1, 3, 1, 1, 1, 1, 1, 1, 1, 1, 1, 1, 1, 5, 1, 1, 1, 1, 5, 1, 1, 1, 1, 1, 1, 1, 0, 6, 1, 3, 1, 0, 2, 5, 1, 6, 1, 3, 2, 2, 1, 1, 1, 1] 
dagD16.txt 1_4x4.txt True 0.15228426395939088 0.4 379.75 [1, 1, 1, 1, 1, 1, 1, 1, 1, 1, 1, 1, 1, 1, 1, 1, 1, 1, 1, 1, 1, 1, 3, 1, 1, 1, 1, 1, 1, 1, 1, 1, 1, 1, 5, 1, 1, 1, 1, 5, 1, 1, 1, 1, 1, 1, 1, 0, 6, 1, 3, 1, 0, 2, 5, 1, 6, 1, 3, 2, 2, 1, 1, 1, 1] 
dagD16.txt 1_4x4.txt True 0.15228426395939088 0.45 379.75 [1, 1, 1, 1, 1, 1, 1, 1, 1, 1, 1, 1, 1, 1, 1, 1, 1, 1, 1, 1, 1, 1, 3, 1, 1, 1, 1, 1, 1, 1, 1, 1, 1, 1, 5, 1, 1, 1, 1, 5, 1, 1, 1, 1, 1, 1, 1, 0, 6, 1, 3, 1, 0, 2, 5, 1, 6, 1, 3, 2, 2, 1, 1, 1, 1] 
dagD16.txt 1_4x4.txt True 0.15228426395939088 0.5 379.75 [1, 1, 1, 1, 1, 1, 1, 1, 1, 1, 1, 1, 1, 1, 1, 1, 1, 1, 1, 1, 1, 1, 3, 1, 1, 1, 1, 1, 1, 1, 1, 1, 1, 1, 5, 1, 1, 1, 1, 5, 1, 1, 1, 1, 1, 1, 1, 0, 6, 1, 3, 1, 0, 2, 5, 1, 6, 1, 3, 2, 2, 1, 1, 1, 1] 
dagD16.txt 1_4x4.txt True 0.15228426395939088 0.55 379.75 [1, 1, 1, 1, 1, 1, 1, 1, 1, 1, 1, 1, 1, 1, 1, 1, 1, 1, 1, 1, 1, 1, 3, 1, 1, 1, 1, 1, 1, 1, 1, 1, 1, 1, 5, 1, 1, 1, 1, 5, 1, 1, 1, 1, 1, 1, 1, 0, 6, 1, 3, 1, 0, 2, 5, 1, 6, 1, 3, 2, 2, 1, 1, 1, 1] 
dagD16.txt 1_4x4.txt True 0.5380710659898477 0.6 140.0 [1, 2, 7, 0, 7, 7, 7, 7, 7, 7, 0, 0, 1, 4, 2, 0, 7, 7, 1, 7, 4, 5, 7, 1, 2, 7, 4, 3, 1, 7, 7, 1, 3, 1, 5, 3, 7, 5, 5, 5, 5, 3, 3, 5, 7, 1, 1, 7, 3, 3, 3, 1, 7, 6, 5, 5, 3, 5, 1, 6, 6, 1, 1, 5, 3] 
dagD16.txt 1_4x4.txt True 0.5279187817258884 0.65 146.25 [5, 3, 1, 1, 7, 7, 0, 7, 7, 5, 1, 5, 1, 2, 0, 5, 2, 7, 5, 3, 1, 1, 7, 7, 7, 5, 2, 3, 5, 3, 7, 7, 3, 7, 1, 3, 7, 1, 1, 1, 1, 3, 3, 1, 3, 7, 7, 6, 3, 3, 3, 7, 6, 4, 1, 1, 3, 1, 7, 4, 7, 7, 7, 1, 3] 
dagD16.txt 1_4x4.txt True 0.5279187817258884 0.7 146.25 [5, 3, 1, 1, 7, 7, 0, 7, 7, 5, 1, 5, 1, 2, 0, 5, 2, 7, 5, 3, 1, 1, 7, 7, 7, 5, 2, 3, 5, 3, 7, 7, 3, 7, 1, 3, 7, 1, 1, 1, 1, 3, 3, 1, 3, 7, 7, 6, 3, 3, 3, 7, 6, 4, 1, 1, 3, 1, 7, 4, 7, 7, 7, 1, 3] 
dagD16.txt 1_4x4.txt True 0.6040609137055838 0.75 123.75 [7, 2, 7, 1, 7, 7, 6, 5, 5, 7, 1, 7, 7, 1, 3, 7, 5, 7, 2, 7, 4, 3, 7, 7, 3, 7, 1, 3, 7, 2, 7, 5, 5, 5, 5, 3, 7, 3, 3, 1, 5, 5, 3, 1, 7, 1, 1, 0, 6, 3, 3, 5, 1, 1, 5, 3, 3, 4, 0, 1, 0, 4, 1, 1, 3] 
dagD16.txt 1_4x4.txt True 0.6598984771573604 0.8 110.75 [5, 2, 1, 7, 5, 7, 3, 7, 5, 5, 5, 7, 2, 6, 3, 7, 3, 5, 1, 5, 1, 1, 6, 5, 5, 3, 1, 3, 5, 5, 7, 1, 1, 0, 3, 7, 5, 1, 1, 3, 3, 7, 3, 1, 3, 7, 7, 5, 7, 3, 7, 1, 5, 0, 3, 1, 7, 4, 1, 0, 1, 4, 7, 3, 3] 
dagD16.txt 1_4x4.txt True 0.6852791878172588 0.85 104.5 [7, 3, 5, 7, 5, 5, 1, 5, 7, 7, 4, 5, 5, 4, 3, 5, 6, 1, 7, 3, 7, 1, 5, 5, 5, 1, 2, 3, 7, 5, 7, 7, 1, 0, 7, 7, 2, 3, 3, 1, 1, 1, 3, 1, 1, 0, 3, 6, 5, 3, 7, 7, 3, 3, 1, 3, 5, 3, 3, 3, 3, 1, 0, 1, 3] 
dagD16.txt 1_4x4.txt True 0.7309644670050761 0.9 109.0 [7, 1, 6, 3, 3, 7, 5, 5, 7, 3, 7, 3, 2, 2, 5, 3, 6, 3, 1, 4, 3, 5, 5, 0, 4, 5, 3, 7, 7, 5, 5, 3, 3, 1, 3, 1, 5, 3, 5, 4, 1, 7, 7, 5, 3, 7, 0, 1, 1, 7, 7, 0, 1, 1, 1, 5, 3, 1, 7, 1, 7, 7, 7, 1, 7] 
dagD16.txt 1_4x4.txt True 0.7461928934010152 0.95 106.75 [7, 2, 1, 1, 7, 5, 5, 5, 2, 5, 7, 7, 0, 7, 1, 7, 3, 1, 5, 7, 5, 7, 7, 7, 3, 5, 1, 1, 5, 5, 5, 3, 5, 3, 1, 7, 1, 7, 2, 0, 5, 3, 4, 1, 4, 3, 5, 3, 7, 4, 1, 6, 3, 3, 5, 3, 0, 5, 6, 3, 1, 6, 1, 3, 4] 
dagD16.txt 1_4x4.txt True 0.7461928934010152 1 106.75 [7, 2, 1, 1, 7, 5, 5, 5, 2, 5, 7, 7, 0, 7, 1, 7, 3, 1, 5, 7, 5, 7, 7, 7, 3, 5, 1, 1, 5, 5, 5, 3, 5, 3, 1, 7, 1, 7, 2, 0, 5, 3, 4, 1, 4, 3, 5, 3, 7, 4, 1, 6, 3, 3, 5, 3, 0, 5, 6, 3, 1, 6, 1, 3, 4] 
dagD16.txt 1_4x2.txt True 0.04568527918781726 0.07 458.5 [3, 3, 3, 3, 3, 3, 3, 3, 3, 3, 3, 3, 3, 3, 3, 3, 3, 3, 3, 3, 3, 3, 3, 3, 3, 3, 3, 3, 3, 3, 3, 3, 3, 3, 3, 3, 3, 3, 3, 3, 3, 3, 1, 3, 3, 3, 3, 3, 3, 1, 3, 3, 3, 1, 3, 3, 3, 3, 3, 1, 3, 3, 3, 3, 1] 
dagD16.txt 1_4x2.txt True 0.04568527918781726 0.08 458.5 [3, 3, 3, 3, 3, 3, 3, 3, 3, 3, 3, 3, 3, 3, 3, 3, 3, 3, 3, 3, 3, 3, 3, 3, 3, 3, 3, 3, 3, 3, 3, 3, 3, 3, 3, 3, 3, 3, 3, 3, 3, 3, 1, 3, 3, 3, 3, 3, 3, 1, 3, 3, 3, 1, 3, 3, 3, 3, 3, 1, 3, 3, 3, 3, 1] 
dagD16.txt 1_4x2.txt True 0.07614213197969544 0.09 415.75 [1, 1, 1, 1, 1, 1, 1, 1, 1, 1, 1, 1, 1, 1, 1, 1, 1, 1, 1, 1, 1, 1, 1, 1, 1, 1, 1, 1, 1, 1, 1, 1, 1, 1, 1, 1, 1, 1, 1, 3, 1, 1, 3, 1, 1, 1, 1, 3, 1, 3, 1, 1, 3, 3, 1, 1, 1, 1, 1, 3, 3, 1, 1, 3, 3] 
dagD16.txt 1_4x2.txt True 0.07614213197969544 0.1 415.75 [1, 1, 1, 1, 1, 1, 1, 1, 1, 1, 1, 1, 1, 1, 1, 1, 1, 1, 1, 1, 1, 1, 1, 1, 1, 1, 1, 1, 1, 1, 1, 1, 1, 1, 1, 1, 1, 1, 1, 3, 1, 1, 3, 1, 1, 1, 1, 3, 1, 3, 1, 1, 3, 3, 1, 1, 1, 1, 1, 3, 3, 1, 1, 3, 3] 
dagD16.txt 1_4x2.txt True 0.09137055837563451 0.11 400.5 [3, 3, 3, 3, 3, 3, 3, 3, 3, 3, 3, 3, 3, 1, 3, 3, 3, 3, 3, 3, 3, 3, 3, 3, 3, 3, 1, 3, 3, 3, 3, 1, 3, 3, 3, 3, 3, 3, 3, 3, 3, 3, 3, 3, 3, 3, 3, 1, 3, 3, 3, 1, 1, 1, 3, 3, 3, 3, 1, 1, 1, 3, 3, 3, 3] 
dagD16.txt 1_4x2.txt True 0.08629441624365482 0.12 397.25 [3, 3, 3, 3, 3, 3, 3, 3, 3, 3, 3, 3, 3, 2, 3, 3, 3, 3, 3, 3, 3, 3, 3, 3, 3, 3, 2, 3, 3, 3, 3, 3, 3, 3, 2, 3, 3, 3, 3, 2, 3, 3, 3, 3, 3, 3, 3, 1, 3, 3, 3, 3, 1, 0, 2, 3, 3, 3, 0, 0, 0, 3, 3, 3, 3] 
dagD16.txt 1_4x2.txt True 0.07614213197969544 0.13 417.25 [1, 1, 1, 1, 1, 1, 1, 1, 1, 1, 1, 1, 1, 3, 1, 1, 1, 1, 1, 1, 1, 1, 1, 1, 1, 1, 3, 1, 1, 1, 1, 1, 1, 1, 1, 1, 1, 1, 1, 1, 1, 1, 1, 1, 1, 1, 1, 0, 1, 1, 1, 1, 0, 0, 1, 1, 3, 1, 3, 1, 0, 1, 1, 1, 1] 
dagD16.txt 1_4x2.txt True 0.07614213197969544 0.14 417.25 [1, 1, 1, 1, 1, 1, 1, 1, 1, 1, 1, 1, 1, 3, 1, 1, 1, 1, 1, 1, 1, 1, 1, 1, 1, 1, 3, 1, 1, 1, 1, 1, 1, 1, 1, 1, 1, 1, 1, 1, 1, 1, 1, 1, 1, 1, 1, 0, 1, 1, 1, 1, 0, 0, 1, 1, 3, 1, 3, 1, 0, 1, 1, 1, 1] 
dagD16.txt 1_4x2.txt True 0.07614213197969544 0.15 417.25 [1, 1, 1, 1, 1, 1, 1, 1, 1, 1, 1, 1, 1, 3, 1, 1, 1, 1, 1, 1, 1, 1, 1, 1, 1, 1, 3, 1, 1, 1, 1, 1, 1, 1, 1, 1, 1, 1, 1, 1, 1, 1, 1, 1, 1, 1, 1, 0, 1, 1, 1, 1, 0, 0, 1, 1, 3, 1, 3, 1, 0, 1, 1, 1, 1] 
dagD16.txt 1_4x2.txt True 0.07614213197969544 0.16 417.25 [1, 1, 1, 1, 1, 1, 1, 1, 1, 1, 1, 1, 1, 3, 1, 1, 1, 1, 1, 1, 1, 1, 1, 1, 1, 1, 3, 1, 1, 1, 1, 1, 1, 1, 1, 1, 1, 1, 1, 1, 1, 1, 1, 1, 1, 1, 1, 0, 1, 1, 1, 1, 0, 0, 1, 1, 3, 1, 3, 1, 0, 1, 1, 1, 1] 
dagD16.txt 1_4x2.txt True 0.07614213197969544 0.17 417.25 [1, 1, 1, 1, 1, 1, 1, 1, 1, 1, 1, 1, 1, 3, 1, 1, 1, 1, 1, 1, 1, 1, 1, 1, 1, 1, 3, 1, 1, 1, 1, 1, 1, 1, 1, 1, 1, 1, 1, 1, 1, 1, 1, 1, 1, 1, 1, 0, 1, 1, 1, 1, 0, 0, 1, 1, 3, 1, 3, 1, 0, 1, 1, 1, 1] 
dagD16.txt 1_4x2.txt True 0.07614213197969544 0.18 417.25 [1, 1, 1, 1, 1, 1, 1, 1, 1, 1, 1, 1, 1, 3, 1, 1, 1, 1, 1, 1, 1, 1, 1, 1, 1, 1, 3, 1, 1, 1, 1, 1, 1, 1, 1, 1, 1, 1, 1, 1, 1, 1, 1, 1, 1, 1, 1, 0, 1, 1, 1, 1, 0, 0, 1, 1, 3, 1, 3, 1, 0, 1, 1, 1, 1] 
dagD16.txt 1_4x2.txt True 0.14213197969543148 0.19 396.25 [1, 1, 1, 1, 1, 1, 1, 1, 1, 1, 1, 1, 1, 1, 1, 1, 1, 1, 1, 1, 1, 1, 0, 1, 1, 1, 1, 1, 1, 1, 1, 1, 1, 1, 2, 1, 1, 1, 1, 2, 1, 1, 1, 1, 1, 1, 1, 0, 3, 1, 3, 1, 0, 1, 2, 1, 3, 1, 1, 1, 0, 1, 1, 1, 1] 
dagD16.txt 1_4x2.txt True 0.14213197969543148 0.2 396.25 [1, 1, 1, 1, 1, 1, 1, 1, 1, 1, 1, 1, 1, 1, 1, 1, 1, 1, 1, 1, 1, 1, 0, 1, 1, 1, 1, 1, 1, 1, 1, 1, 1, 1, 2, 1, 1, 1, 1, 2, 1, 1, 1, 1, 1, 1, 1, 0, 3, 1, 3, 1, 0, 1, 2, 1, 3, 1, 1, 1, 0, 1, 1, 1, 1] 
dagD16.txt 1_4x2.txt True 0.14213197969543148 0.25 396.25 [1, 1, 1, 1, 1, 1, 1, 1, 1, 1, 1, 1, 1, 1, 1, 1, 1, 1, 1, 1, 1, 1, 0, 1, 1, 1, 1, 1, 1, 1, 1, 1, 1, 1, 2, 1, 1, 1, 1, 2, 1, 1, 1, 1, 1, 1, 1, 0, 3, 1, 3, 1, 0, 1, 2, 1, 3, 1, 1, 1, 0, 1, 1, 1, 1] 
dagD16.txt 1_4x2.txt True 0.14213197969543148 0.3 396.25 [1, 1, 1, 1, 1, 1, 1, 1, 1, 1, 1, 1, 1, 1, 1, 1, 1, 1, 1, 1, 1, 1, 0, 1, 1, 1, 1, 1, 1, 1, 1, 1, 1, 1, 2, 1, 1, 1, 1, 2, 1, 1, 1, 1, 1, 1, 1, 0, 3, 1, 3, 1, 0, 1, 2, 1, 3, 1, 1, 1, 0, 1, 1, 1, 1] 
dagD16.txt 1_4x2.txt True 0.14213197969543148 0.35 396.25 [1, 1, 1, 1, 1, 1, 1, 1, 1, 1, 1, 1, 1, 1, 1, 1, 1, 1, 1, 1, 1, 1, 0, 1, 1, 1, 1, 1, 1, 1, 1, 1, 1, 1, 2, 1, 1, 1, 1, 2, 1, 1, 1, 1, 1, 1, 1, 0, 3, 1, 3, 1, 0, 1, 2, 1, 3, 1, 1, 1, 0, 1, 1, 1, 1] 
dagD16.txt 1_4x2.txt True 0.14213197969543148 0.4 396.25 [1, 1, 1, 1, 1, 1, 1, 1, 1, 1, 1, 1, 1, 1, 1, 1, 1, 1, 1, 1, 1, 1, 0, 1, 1, 1, 1, 1, 1, 1, 1, 1, 1, 1, 2, 1, 1, 1, 1, 2, 1, 1, 1, 1, 1, 1, 1, 0, 3, 1, 3, 1, 0, 1, 2, 1, 3, 1, 1, 1, 0, 1, 1, 1, 1] 
dagD16.txt 1_4x2.txt True 0.14213197969543148 0.45 396.25 [1, 1, 1, 1, 1, 1, 1, 1, 1, 1, 1, 1, 1, 1, 1, 1, 1, 1, 1, 1, 1, 1, 0, 1, 1, 1, 1, 1, 1, 1, 1, 1, 1, 1, 2, 1, 1, 1, 1, 2, 1, 1, 1, 1, 1, 1, 1, 0, 3, 1, 3, 1, 0, 1, 2, 1, 3, 1, 1, 1, 0, 1, 1, 1, 1] 
dagD16.txt 1_4x2.txt True 0.14213197969543148 0.5 396.25 [1, 1, 1, 1, 1, 1, 1, 1, 1, 1, 1, 1, 1, 1, 1, 1, 1, 1, 1, 1, 1, 1, 0, 1, 1, 1, 1, 1, 1, 1, 1, 1, 1, 1, 2, 1, 1, 1, 1, 2, 1, 1, 1, 1, 1, 1, 1, 0, 3, 1, 3, 1, 0, 1, 2, 1, 3, 1, 1, 1, 0, 1, 1, 1, 1] 
dagD16.txt 1_4x2.txt True 0.14213197969543148 0.55 396.25 [1, 1, 1, 1, 1, 1, 1, 1, 1, 1, 1, 1, 1, 1, 1, 1, 1, 1, 1, 1, 1, 1, 0, 1, 1, 1, 1, 1, 1, 1, 1, 1, 1, 1, 2, 1, 1, 1, 1, 2, 1, 1, 1, 1, 1, 1, 1, 0, 3, 1, 3, 1, 0, 1, 2, 1, 3, 1, 1, 1, 0, 1, 1, 1, 1] 
dagD16.txt 1_4x2.txt True 0.41116751269035534 0.6 224.0 [1, 2, 3, 2, 3, 3, 3, 3, 3, 3, 2, 0, 1, 1, 3, 3, 3, 3, 1, 3, 1, 1, 3, 1, 3, 3, 1, 3, 1, 3, 3, 1, 3, 1, 1, 3, 3, 1, 1, 1, 1, 3, 3, 1, 3, 0, 0, 0, 3, 3, 3, 1, 0, 2, 1, 1, 3, 1, 0, 2, 2, 1, 0, 1, 3] 
dagD16.txt 1_4x2.txt True 0.37055837563451777 0.65 207.5 [1, 3, 1, 3, 1, 1, 0, 1, 1, 1, 3, 1, 1, 0, 0, 1, 1, 1, 1, 3, 3, 3, 1, 1, 1, 1, 0, 3, 1, 3, 1, 1, 3, 1, 3, 3, 1, 3, 3, 3, 3, 3, 3, 3, 0, 2, 2, 1, 3, 3, 3, 1, 1, 2, 3, 3, 3, 3, 2, 2, 2, 3, 2, 3, 3] 
dagD16.txt 1_4x2.txt True 0.37055837563451777 0.7 207.5 [1, 3, 1, 3, 1, 1, 0, 1, 1, 1, 3, 1, 1, 0, 0, 1, 1, 1, 1, 3, 3, 3, 1, 1, 1, 1, 0, 3, 1, 3, 1, 1, 3, 1, 3, 3, 1, 3, 3, 3, 3, 3, 3, 3, 0, 2, 2, 1, 3, 3, 3, 1, 1, 2, 3, 3, 3, 3, 2, 2, 2, 3, 2, 3, 3] 
dagD16.txt 1_4x2.txt True 0.39593908629441626 0.75 243.0 [1, 0, 1, 1, 1, 1, 2, 1, 1, 1, 1, 1, 1, 3, 2, 1, 0, 1, 0, 1, 2, 1, 1, 1, 2, 1, 3, 3, 1, 1, 1, 1, 1, 1, 3, 3, 1, 1, 1, 3, 3, 1, 3, 3, 2, 3, 3, 0, 1, 3, 3, 1, 0, 3, 3, 1, 1, 3, 3, 3, 3, 3, 3, 3, 3] 
dagD16.txt 1_4x2.txt True 0.4720812182741117 0.8 201.75 [3, 1, 1, 3, 3, 3, 0, 3, 3, 3, 3, 3, 1, 3, 2, 3, 1, 3, 1, 1, 3, 1, 2, 3, 3, 0, 1, 1, 3, 1, 3, 1, 1, 2, 3, 1, 3, 0, 0, 3, 3, 1, 1, 1, 1, 0, 0, 1, 3, 1, 1, 1, 1, 2, 3, 0, 3, 3, 1, 2, 1, 3, 0, 3, 1] 
dagD16.txt 1_4x2.txt True 0.5380710659898477 0.85 205.5 [3, 3, 1, 2, 1, 3, 3, 3, 1, 3, 2, 1, 1, 1, 3, 2, 3, 3, 3, 3, 1, 1, 2, 1, 3, 3, 1, 1, 3, 0, 1, 3, 1, 3, 0, 1, 3, 1, 1, 1, 3, 1, 1, 1, 3, 0, 1, 1, 3, 1, 1, 3, 1, 3, 3, 1, 3, 0, 1, 3, 3, 0, 0, 1, 1] 
dagD16.txt 1_4x2.txt True 0.5685279187817259 0.9 194.25 [3, 1, 3, 1, 1, 3, 1, 3, 3, 1, 3, 1, 1, 2, 3, 3, 1, 1, 1, 2, 3, 3, 1, 2, 1, 1, 1, 3, 3, 3, 3, 1, 2, 3, 2, 3, 0, 1, 1, 0, 1, 1, 3, 3, 3, 3, 3, 0, 1, 3, 0, 3, 1, 0, 1, 1, 1, 3, 2, 0, 1, 0, 3, 3, 3] 
dagD16.txt 1_4x2.txt True 0.6345177664974619 0.95 198.75 [3, 2, 3, 1, 2, 1, 3, 3, 0, 2, 3, 2, 2, 1, 1, 1, 1, 3, 2, 1, 1, 3, 3, 3, 1, 3, 1, 3, 2, 3, 1, 3, 1, 1, 1, 3, 1, 1, 0, 0, 3, 1, 3, 1, 1, 1, 3, 0, 3, 2, 0, 3, 1, 3, 3, 1, 0, 3, 3, 3, 3, 3, 0, 3, 2] 
dagD16.txt 1_4x2.txt True 0.6345177664974619 1 198.75 [3, 2, 3, 1, 2, 1, 3, 3, 0, 2, 3, 2, 2, 1, 1, 1, 1, 3, 2, 1, 1, 3, 3, 3, 1, 3, 1, 3, 2, 3, 1, 3, 1, 1, 1, 3, 1, 1, 0, 0, 3, 1, 3, 1, 1, 1, 3, 0, 3, 2, 0, 3, 1, 3, 3, 1, 0, 3, 3, 3, 3, 3, 0, 3, 2] 
dagD16.txt 1_4x3.txt True 0.04568527918781726 0.07 458.5 [1, 1, 1, 1, 1, 1, 1, 1, 1, 1, 1, 1, 1, 1, 1, 1, 1, 1, 1, 1, 1, 1, 1, 1, 1, 1, 1, 1, 1, 1, 1, 1, 1, 1, 1, 1, 1, 1, 1, 1, 1, 1, 2, 1, 1, 1, 1, 1, 1, 2, 1, 1, 1, 2, 1, 1, 1, 1, 1, 2, 1, 1, 1, 1, 2] 
dagD16.txt 1_4x3.txt True 0.04568527918781726 0.08 458.5 [1, 1, 1, 1, 1, 1, 1, 1, 1, 1, 1, 1, 1, 1, 1, 1, 1, 1, 1, 1, 1, 1, 1, 1, 1, 1, 1, 1, 1, 1, 1, 1, 1, 1, 1, 1, 1, 1, 1, 1, 1, 1, 2, 1, 1, 1, 1, 1, 1, 2, 1, 1, 1, 2, 1, 1, 1, 1, 1, 2, 1, 1, 1, 1, 2] 
dagD16.txt 1_4x3.txt True 0.07614213197969544 0.09 415.75 [1, 1, 1, 1, 1, 1, 1, 1, 1, 1, 1, 1, 1, 1, 1, 1, 1, 1, 1, 1, 1, 1, 1, 1, 1, 1, 1, 1, 1, 1, 1, 1, 1, 1, 1, 1, 1, 1, 1, 2, 1, 1, 2, 1, 1, 1, 1, 2, 1, 2, 1, 1, 2, 2, 1, 1, 1, 1, 1, 2, 2, 1, 1, 2, 2] 
dagD16.txt 1_4x3.txt True 0.07614213197969544 0.1 415.75 [1, 1, 1, 1, 1, 1, 1, 1, 1, 1, 1, 1, 1, 1, 1, 1, 1, 1, 1, 1, 1, 1, 1, 1, 1, 1, 1, 1, 1, 1, 1, 1, 1, 1, 1, 1, 1, 1, 1, 2, 1, 1, 2, 1, 1, 1, 1, 2, 1, 2, 1, 1, 2, 2, 1, 1, 1, 1, 1, 2, 2, 1, 1, 2, 2] 
dagD16.txt 1_4x3.txt True 0.09137055837563451 0.11 400.5 [1, 1, 1, 1, 1, 1, 1, 1, 1, 1, 1, 1, 1, 2, 1, 1, 1, 1, 1, 1, 1, 1, 1, 1, 1, 1, 2, 1, 1, 1, 1, 2, 1, 1, 1, 1, 1, 1, 1, 1, 1, 1, 1, 1, 1, 1, 1, 2, 1, 1, 1, 2, 2, 2, 1, 1, 1, 1, 2, 2, 2, 1, 1, 1, 1] 
dagD16.txt 1_4x3.txt True 0.09644670050761421 0.12 389.5 [1, 1, 1, 1, 1, 1, 1, 1, 1, 1, 1, 1, 1, 4, 1, 1, 1, 1, 1, 1, 1, 1, 1, 1, 1, 1, 4, 1, 1, 1, 1, 1, 1, 1, 5, 1, 1, 1, 1, 5, 1, 1, 1, 1, 1, 1, 1, 2, 1, 1, 1, 1, 2, 4, 5, 1, 1, 1, 4, 4, 4, 1, 1, 5, 1] 
dagD16.txt 1_4x3.txt True 0.07614213197969544 0.13 411.25 [5, 5, 5, 5, 5, 5, 5, 5, 5, 5, 5, 5, 5, 3, 5, 5, 5, 5, 5, 5, 5, 5, 5, 5, 5, 5, 3, 5, 5, 5, 5, 5, 5, 5, 5, 5, 5, 5, 5, 5, 5, 5, 5, 5, 5, 5, 5, 1, 5, 5, 5, 5, 1, 2, 5, 5, 3, 5, 2, 2, 1, 5, 5, 5, 5] 
dagD16.txt 1_4x3.txt True 0.07614213197969544 0.14 411.25 [5, 5, 5, 5, 5, 5, 5, 5, 5, 5, 5, 5, 5, 3, 5, 5, 5, 5, 5, 5, 5, 5, 5, 5, 5, 5, 3, 5, 5, 5, 5, 5, 5, 5, 5, 5, 5, 5, 5, 5, 5, 5, 5, 5, 5, 5, 5, 1, 5, 5, 5, 5, 1, 2, 5, 5, 3, 5, 2, 2, 1, 5, 5, 5, 5] 
dagD16.txt 1_4x3.txt True 0.07614213197969544 0.15 411.25 [5, 5, 5, 5, 5, 5, 5, 5, 5, 5, 5, 5, 5, 3, 5, 5, 5, 5, 5, 5, 5, 5, 5, 5, 5, 5, 3, 5, 5, 5, 5, 5, 5, 5, 5, 5, 5, 5, 5, 5, 5, 5, 5, 5, 5, 5, 5, 1, 5, 5, 5, 5, 1, 2, 5, 5, 3, 5, 2, 2, 1, 5, 5, 5, 5] 
dagD16.txt 1_4x3.txt True 0.07614213197969544 0.16 411.25 [5, 5, 5, 5, 5, 5, 5, 5, 5, 5, 5, 5, 5, 3, 5, 5, 5, 5, 5, 5, 5, 5, 5, 5, 5, 5, 3, 5, 5, 5, 5, 5, 5, 5, 5, 5, 5, 5, 5, 5, 5, 5, 5, 5, 5, 5, 5, 1, 5, 5, 5, 5, 1, 2, 5, 5, 3, 5, 2, 2, 1, 5, 5, 5, 5] 
dagD16.txt 1_4x3.txt True 0.07614213197969544 0.17 411.25 [5, 5, 5, 5, 5, 5, 5, 5, 5, 5, 5, 5, 5, 3, 5, 5, 5, 5, 5, 5, 5, 5, 5, 5, 5, 5, 3, 5, 5, 5, 5, 5, 5, 5, 5, 5, 5, 5, 5, 5, 5, 5, 5, 5, 5, 5, 5, 1, 5, 5, 5, 5, 1, 2, 5, 5, 3, 5, 2, 2, 1, 5, 5, 5, 5] 
dagD16.txt 1_4x3.txt True 0.07614213197969544 0.18 411.25 [5, 5, 5, 5, 5, 5, 5, 5, 5, 5, 5, 5, 5, 3, 5, 5, 5, 5, 5, 5, 5, 5, 5, 5, 5, 5, 3, 5, 5, 5, 5, 5, 5, 5, 5, 5, 5, 5, 5, 5, 5, 5, 5, 5, 5, 5, 5, 1, 5, 5, 5, 5, 1, 2, 5, 5, 3, 5, 2, 2, 1, 5, 5, 5, 5] 
dagD16.txt 1_4x3.txt True 0.116751269035533 0.19 398.75 [3, 3, 3, 3, 3, 3, 3, 3, 3, 3, 3, 3, 3, 3, 3, 3, 3, 3, 3, 3, 3, 3, 4, 3, 3, 3, 3, 3, 3, 3, 3, 3, 3, 3, 5, 3, 3, 3, 3, 5, 3, 3, 3, 3, 3, 3, 3, 1, 3, 3, 4, 3, 1, 2, 5, 3, 3, 3, 1, 2, 2, 3, 3, 3, 3] 
dagD16.txt 1_4x3.txt True 0.116751269035533 0.2 398.75 [3, 3, 3, 3, 3, 3, 3, 3, 3, 3, 3, 3, 3, 3, 3, 3, 3, 3, 3, 3, 3, 3, 4, 3, 3, 3, 3, 3, 3, 3, 3, 3, 3, 3, 5, 3, 3, 3, 3, 5, 3, 3, 3, 3, 3, 3, 3, 1, 3, 3, 4, 3, 1, 2, 5, 3, 3, 3, 1, 2, 2, 3, 3, 3, 3] 
dagD16.txt 1_4x3.txt True 0.116751269035533 0.25 398.75 [3, 3, 3, 3, 3, 3, 3, 3, 3, 3, 3, 3, 3, 3, 3, 3, 3, 3, 3, 3, 3, 3, 4, 3, 3, 3, 3, 3, 3, 3, 3, 3, 3, 3, 5, 3, 3, 3, 3, 5, 3, 3, 3, 3, 3, 3, 3, 1, 3, 3, 4, 3, 1, 2, 5, 3, 3, 3, 1, 2, 2, 3, 3, 3, 3] 
dagD16.txt 1_4x3.txt True 0.116751269035533 0.3 398.75 [3, 3, 3, 3, 3, 3, 3, 3, 3, 3, 3, 3, 3, 3, 3, 3, 3, 3, 3, 3, 3, 3, 4, 3, 3, 3, 3, 3, 3, 3, 3, 3, 3, 3, 5, 3, 3, 3, 3, 5, 3, 3, 3, 3, 3, 3, 3, 1, 3, 3, 4, 3, 1, 2, 5, 3, 3, 3, 1, 2, 2, 3, 3, 3, 3] 
dagD16.txt 1_4x3.txt True 0.116751269035533 0.35 398.75 [3, 3, 3, 3, 3, 3, 3, 3, 3, 3, 3, 3, 3, 3, 3, 3, 3, 3, 3, 3, 3, 3, 4, 3, 3, 3, 3, 3, 3, 3, 3, 3, 3, 3, 5, 3, 3, 3, 3, 5, 3, 3, 3, 3, 3, 3, 3, 1, 3, 3, 4, 3, 1, 2, 5, 3, 3, 3, 1, 2, 2, 3, 3, 3, 3] 
dagD16.txt 1_4x3.txt True 0.116751269035533 0.4 398.75 [3, 3, 3, 3, 3, 3, 3, 3, 3, 3, 3, 3, 3, 3, 3, 3, 3, 3, 3, 3, 3, 3, 4, 3, 3, 3, 3, 3, 3, 3, 3, 3, 3, 3, 5, 3, 3, 3, 3, 5, 3, 3, 3, 3, 3, 3, 3, 1, 3, 3, 4, 3, 1, 2, 5, 3, 3, 3, 1, 2, 2, 3, 3, 3, 3] 
dagD16.txt 1_4x3.txt True 0.116751269035533 0.45 398.75 [3, 3, 3, 3, 3, 3, 3, 3, 3, 3, 3, 3, 3, 3, 3, 3, 3, 3, 3, 3, 3, 3, 4, 3, 3, 3, 3, 3, 3, 3, 3, 3, 3, 3, 5, 3, 3, 3, 3, 5, 3, 3, 3, 3, 3, 3, 3, 1, 3, 3, 4, 3, 1, 2, 5, 3, 3, 3, 1, 2, 2, 3, 3, 3, 3] 
dagD16.txt 1_4x3.txt True 0.116751269035533 0.5 398.75 [3, 3, 3, 3, 3, 3, 3, 3, 3, 3, 3, 3, 3, 3, 3, 3, 3, 3, 3, 3, 3, 3, 4, 3, 3, 3, 3, 3, 3, 3, 3, 3, 3, 3, 5, 3, 3, 3, 3, 5, 3, 3, 3, 3, 3, 3, 3, 1, 3, 3, 4, 3, 1, 2, 5, 3, 3, 3, 1, 2, 2, 3, 3, 3, 3] 
dagD16.txt 1_4x3.txt True 0.116751269035533 0.55 398.75 [3, 3, 3, 3, 3, 3, 3, 3, 3, 3, 3, 3, 3, 3, 3, 3, 3, 3, 3, 3, 3, 3, 4, 3, 3, 3, 3, 3, 3, 3, 3, 3, 3, 3, 5, 3, 3, 3, 3, 5, 3, 3, 3, 3, 3, 3, 3, 1, 3, 3, 4, 3, 1, 2, 5, 3, 3, 3, 1, 2, 2, 3, 3, 3, 3] 
dagD16.txt 1_4x3.txt True 0.49238578680203043 0.6 167.25 [1, 1, 5, 0, 5, 5, 5, 5, 5, 5, 0, 3, 1, 4, 1, 0, 5, 5, 1, 5, 0, 3, 5, 1, 1, 5, 4, 3, 1, 5, 5, 1, 3, 1, 3, 3, 5, 3, 3, 3, 3, 3, 3, 3, 5, 1, 1, 1, 3, 3, 3, 1, 1, 3, 3, 3, 3, 3, 1, 3, 3, 4, 1, 3, 3] 
dagD16.txt 1_4x3.txt True 0.467005076142132 0.65 162.0 [5, 1, 2, 3, 5, 5, 0, 5, 5, 5, 3, 5, 2, 3, 0, 5, 2, 5, 5, 1, 3, 3, 5, 5, 5, 5, 3, 1, 5, 1, 5, 5, 1, 5, 3, 1, 5, 3, 3, 3, 3, 1, 1, 3, 1, 5, 5, 3, 1, 1, 1, 5, 3, 4, 3, 3, 1, 3, 4, 2, 4, 4, 5, 3, 1] 
dagD16.txt 1_4x3.txt True 0.467005076142132 0.7 162.0 [5, 1, 2, 3, 5, 5, 0, 5, 5, 5, 3, 5, 2, 3, 0, 5, 2, 5, 5, 1, 3, 3, 5, 5, 5, 5, 3, 1, 5, 1, 5, 5, 1, 5, 3, 1, 5, 3, 3, 3, 3, 1, 1, 3, 1, 5, 5, 3, 1, 1, 1, 5, 3, 4, 3, 3, 1, 3, 4, 2, 4, 4, 5, 3, 1] 
dagD16.txt 1_4x3.txt True 0.5228426395939086 0.75 163.25 [5, 1, 2, 1, 5, 5, 5, 5, 5, 5, 1, 5, 5, 3, 5, 5, 3, 5, 2, 1, 4, 1, 5, 5, 5, 5, 3, 1, 5, 2, 5, 5, 1, 5, 3, 1, 5, 1, 1, 3, 3, 1, 1, 3, 3, 0, 0, 0, 4, 1, 1, 5, 1, 0, 3, 1, 1, 4, 1, 0, 1, 4, 0, 3, 1] 
dagD16.txt 1_4x3.txt True 0.5482233502538071 0.8 140.5 [1, 4, 5, 5, 5, 5, 2, 5, 5, 1, 1, 5, 4, 4, 1, 5, 5, 5, 5, 1, 4, 3, 5, 5, 5, 2, 3, 0, 1, 1, 5, 1, 3, 3, 1, 3, 5, 1, 1, 1, 1, 0, 0, 3, 5, 3, 3, 3, 1, 0, 3, 1, 3, 3, 1, 1, 1, 2, 3, 3, 3, 2, 3, 1, 0] 
dagD16.txt 1_4x3.txt True 0.6294416243654822 0.85 137.0 [5, 1, 5, 2, 1, 5, 1, 5, 3, 5, 3, 1, 5, 3, 4, 2, 5, 1, 5, 1, 1, 5, 1, 1, 5, 1, 5, 3, 5, 3, 3, 2, 5, 1, 1, 3, 4, 5, 5, 5, 1, 3, 3, 5, 1, 3, 1, 4, 3, 3, 3, 1, 0, 3, 1, 5, 3, 1, 1, 3, 0, 0, 3, 5, 3] 
dagD16.txt 1_4x3.txt True 0.6903553299492385 0.9 135.75 [5, 3, 1, 3, 0, 3, 3, 3, 3, 3, 5, 0, 4, 5, 1, 1, 4, 0, 3, 0, 5, 5, 1, 4, 1, 3, 5, 5, 5, 1, 3, 3, 2, 3, 5, 1, 2, 1, 3, 0, 1, 3, 5, 5, 4, 3, 5, 1, 5, 5, 2, 5, 1, 5, 1, 3, 1, 5, 1, 5, 1, 3, 3, 5, 5] 
dagD16.txt 1_4x3.txt True 0.6954314720812182 0.95 139.5 [5, 1, 3, 3, 2, 5, 5, 0, 3, 2, 4, 2, 1, 1, 5, 3, 3, 1, 1, 1, 3, 5, 3, 5, 1, 5, 3, 1, 2, 3, 1, 3, 2, 1, 1, 5, 3, 1, 3, 1, 5, 3, 2, 5, 1, 4, 5, 0, 3, 5, 5, 1, 1, 4, 5, 4, 5, 5, 0, 4, 1, 0, 5, 5, 5] 
dagD16.txt 1_4x3.txt True 0.6954314720812182 1 139.5 [5, 1, 3, 3, 2, 5, 5, 0, 3, 2, 4, 2, 1, 1, 5, 3, 3, 1, 1, 1, 3, 5, 3, 5, 1, 5, 3, 1, 2, 3, 1, 3, 2, 1, 1, 5, 3, 1, 3, 1, 5, 3, 2, 5, 1, 4, 5, 0, 3, 5, 5, 1, 1, 4, 5, 4, 5, 5, 0, 4, 1, 0, 5, 5, 5] 
dagD16.txt 3_2x1.txt True 0.04568527918781726 0.07 611.3333333333334 [0, 0, 0, 0, 0, 0, 0, 0, 0, 0, 0, 0, 0, 0, 0, 0, 0, 0, 0, 0, 0, 0, 0, 0, 0, 0, 0, 0, 0, 0, 0, 0, 0, 0, 0, 0, 0, 0, 0, 0, 0, 0, 1, 0, 0, 0, 0, 0, 0, 1, 0, 0, 0, 1, 0, 0, 0, 0, 0, 1, 0, 0, 0, 0, 1] 
dagD16.txt 3_2x1.txt True 0.04568527918781726 0.08 611.3333333333334 [0, 0, 0, 0, 0, 0, 0, 0, 0, 0, 0, 0, 0, 0, 0, 0, 0, 0, 0, 0, 0, 0, 0, 0, 0, 0, 0, 0, 0, 0, 0, 0, 0, 0, 0, 0, 0, 0, 0, 0, 0, 0, 1, 0, 0, 0, 0, 0, 0, 1, 0, 0, 0, 1, 0, 0, 0, 0, 0, 1, 0, 0, 0, 0, 1] 
dagD16.txt 3_2x1.txt True 0.07614213197969544 0.09 554.3333333333334 [0, 0, 0, 0, 0, 0, 0, 0, 0, 0, 0, 0, 0, 0, 0, 0, 0, 0, 0, 0, 0, 0, 0, 0, 0, 0, 0, 0, 0, 0, 0, 0, 0, 0, 0, 0, 0, 0, 0, 1, 0, 0, 1, 0, 0, 0, 0, 1, 0, 1, 0, 0, 1, 1, 0, 0, 0, 0, 0, 1, 1, 0, 0, 1, 1] 
dagD16.txt 3_2x1.txt True 0.07614213197969544 0.1 554.3333333333334 [0, 0, 0, 0, 0, 0, 0, 0, 0, 0, 0, 0, 0, 0, 0, 0, 0, 0, 0, 0, 0, 0, 0, 0, 0, 0, 0, 0, 0, 0, 0, 0, 0, 0, 0, 0, 0, 0, 0, 1, 0, 0, 1, 0, 0, 0, 0, 1, 0, 1, 0, 0, 1, 1, 0, 0, 0, 0, 0, 1, 1, 0, 0, 1, 1] 
dagD16.txt 3_2x1.txt True 0.0 0.11 640.6666666666666 [0, 0, 0, 0, 0, 0, 0, 0, 0, 0, 0, 0, 0, 0, 0, 0, 0, 0, 0, 0, 0, 0, 0, 0, 0, 0, 0, 0, 0, 0, 0, 0, 0, 0, 0, 0, 0, 0, 0, 0, 0, 0, 0, 0, 0, 0, 0, 0, 0, 0, 0, 0, 0, 0, 0, 0, 0, 0, 0, 0, 0, 0, 0, 0, 0] 
dagD16.txt 3_2x1.txt True 0.07106598984771574 0.12 579.0 [0, 0, 0, 0, 0, 0, 0, 0, 0, 0, 0, 0, 0, 1, 0, 0, 0, 0, 0, 0, 0, 0, 0, 0, 0, 0, 1, 0, 0, 0, 0, 0, 0, 0, 1, 0, 0, 0, 0, 1, 0, 0, 0, 0, 0, 0, 0, 0, 0, 0, 0, 0, 0, 0, 1, 0, 0, 0, 0, 0, 0, 0, 0, 1, 0] 
dagD16.txt 3_2x1.txt True 0.08629441624365482 0.13 588.0 [0, 0, 0, 0, 0, 0, 0, 0, 0, 0, 0, 0, 0, 1, 0, 0, 0, 0, 0, 0, 0, 0, 0, 0, 0, 0, 1, 0, 0, 0, 0, 0, 0, 0, 0, 0, 0, 0, 0, 0, 0, 0, 0, 0, 0, 0, 0, 0, 0, 0, 1, 0, 0, 0, 0, 0, 1, 0, 1, 0, 0, 0, 1, 0, 0] 
dagD16.txt 3_2x1.txt True 0.08629441624365482 0.14 588.0 [0, 0, 0, 0, 0, 0, 0, 0, 0, 0, 0, 0, 0, 1, 0, 0, 0, 0, 0, 0, 0, 0, 0, 0, 0, 0, 1, 0, 0, 0, 0, 0, 0, 0, 0, 0, 0, 0, 0, 0, 0, 0, 0, 0, 0, 0, 0, 0, 0, 0, 1, 0, 0, 0, 0, 0, 1, 0, 1, 0, 0, 0, 1, 0, 0] 
dagD16.txt 3_2x1.txt True 0.08629441624365482 0.15 588.0 [0, 0, 0, 0, 0, 0, 0, 0, 0, 0, 0, 0, 0, 1, 0, 0, 0, 0, 0, 0, 0, 0, 0, 0, 0, 0, 1, 0, 0, 0, 0, 0, 0, 0, 0, 0, 0, 0, 0, 0, 0, 0, 0, 0, 0, 0, 0, 0, 0, 0, 1, 0, 0, 0, 0, 0, 1, 0, 1, 0, 0, 0, 1, 0, 0] 
dagD16.txt 3_2x1.txt True 0.08629441624365482 0.16 588.0 [0, 0, 0, 0, 0, 0, 0, 0, 0, 0, 0, 0, 0, 1, 0, 0, 0, 0, 0, 0, 0, 0, 0, 0, 0, 0, 1, 0, 0, 0, 0, 0, 0, 0, 0, 0, 0, 0, 0, 0, 0, 0, 0, 0, 0, 0, 0, 0, 0, 0, 1, 0, 0, 0, 0, 0, 1, 0, 1, 0, 0, 0, 1, 0, 0] 
dagD16.txt 3_2x1.txt True 0.08629441624365482 0.17 588.0 [0, 0, 0, 0, 0, 0, 0, 0, 0, 0, 0, 0, 0, 1, 0, 0, 0, 0, 0, 0, 0, 0, 0, 0, 0, 0, 1, 0, 0, 0, 0, 0, 0, 0, 0, 0, 0, 0, 0, 0, 0, 0, 0, 0, 0, 0, 0, 0, 0, 0, 1, 0, 0, 0, 0, 0, 1, 0, 1, 0, 0, 0, 1, 0, 0] 
dagD16.txt 3_2x1.txt True 0.08629441624365482 0.18 588.0 [0, 0, 0, 0, 0, 0, 0, 0, 0, 0, 0, 0, 0, 1, 0, 0, 0, 0, 0, 0, 0, 0, 0, 0, 0, 0, 1, 0, 0, 0, 0, 0, 0, 0, 0, 0, 0, 0, 0, 0, 0, 0, 0, 0, 0, 0, 0, 0, 0, 0, 1, 0, 0, 0, 0, 0, 1, 0, 1, 0, 0, 0, 1, 0, 0] 
dagD16.txt 3_2x1.txt True 0.1218274111675127 0.19 566.0 [0, 0, 0, 0, 0, 0, 0, 0, 0, 0, 0, 0, 0, 0, 0, 0, 0, 0, 0, 0, 0, 0, 1, 0, 0, 0, 0, 0, 0, 0, 0, 0, 0, 0, 1, 0, 0, 0, 0, 1, 0, 0, 0, 0, 0, 0, 0, 0, 1, 0, 1, 0, 0, 0, 1, 0, 1, 0, 0, 0, 0, 0, 0, 0, 0] 
dagD16.txt 3_2x1.txt True 0.1218274111675127 0.2 566.0 [0, 0, 0, 0, 0, 0, 0, 0, 0, 0, 0, 0, 0, 0, 0, 0, 0, 0, 0, 0, 0, 0, 1, 0, 0, 0, 0, 0, 0, 0, 0, 0, 0, 0, 1, 0, 0, 0, 0, 1, 0, 0, 0, 0, 0, 0, 0, 0, 1, 0, 1, 0, 0, 0, 1, 0, 1, 0, 0, 0, 0, 0, 0, 0, 0] 
dagD16.txt 3_2x1.txt True 0.1218274111675127 0.25 566.0 [0, 0, 0, 0, 0, 0, 0, 0, 0, 0, 0, 0, 0, 0, 0, 0, 0, 0, 0, 0, 0, 0, 1, 0, 0, 0, 0, 0, 0, 0, 0, 0, 0, 0, 1, 0, 0, 0, 0, 1, 0, 0, 0, 0, 0, 0, 0, 0, 1, 0, 1, 0, 0, 0, 1, 0, 1, 0, 0, 0, 0, 0, 0, 0, 0] 
dagD16.txt 3_2x1.txt True 0.1218274111675127 0.3 566.0 [0, 0, 0, 0, 0, 0, 0, 0, 0, 0, 0, 0, 0, 0, 0, 0, 0, 0, 0, 0, 0, 0, 1, 0, 0, 0, 0, 0, 0, 0, 0, 0, 0, 0, 1, 0, 0, 0, 0, 1, 0, 0, 0, 0, 0, 0, 0, 0, 1, 0, 1, 0, 0, 0, 1, 0, 1, 0, 0, 0, 0, 0, 0, 0, 0] 
dagD16.txt 3_2x1.txt True 0.1218274111675127 0.35 566.0 [0, 0, 0, 0, 0, 0, 0, 0, 0, 0, 0, 0, 0, 0, 0, 0, 0, 0, 0, 0, 0, 0, 1, 0, 0, 0, 0, 0, 0, 0, 0, 0, 0, 0, 1, 0, 0, 0, 0, 1, 0, 0, 0, 0, 0, 0, 0, 0, 1, 0, 1, 0, 0, 0, 1, 0, 1, 0, 0, 0, 0, 0, 0, 0, 0] 
dagD16.txt 3_2x1.txt True 0.1218274111675127 0.4 566.0 [0, 0, 0, 0, 0, 0, 0, 0, 0, 0, 0, 0, 0, 0, 0, 0, 0, 0, 0, 0, 0, 0, 1, 0, 0, 0, 0, 0, 0, 0, 0, 0, 0, 0, 1, 0, 0, 0, 0, 1, 0, 0, 0, 0, 0, 0, 0, 0, 1, 0, 1, 0, 0, 0, 1, 0, 1, 0, 0, 0, 0, 0, 0, 0, 0] 
dagD16.txt 3_2x1.txt True 0.1218274111675127 0.45 566.0 [0, 0, 0, 0, 0, 0, 0, 0, 0, 0, 0, 0, 0, 0, 0, 0, 0, 0, 0, 0, 0, 0, 1, 0, 0, 0, 0, 0, 0, 0, 0, 0, 0, 0, 1, 0, 0, 0, 0, 1, 0, 0, 0, 0, 0, 0, 0, 0, 1, 0, 1, 0, 0, 0, 1, 0, 1, 0, 0, 0, 0, 0, 0, 0, 0] 
dagD16.txt 3_2x1.txt True 0.1218274111675127 0.5 566.0 [0, 0, 0, 0, 0, 0, 0, 0, 0, 0, 0, 0, 0, 0, 0, 0, 0, 0, 0, 0, 0, 0, 1, 0, 0, 0, 0, 0, 0, 0, 0, 0, 0, 0, 1, 0, 0, 0, 0, 1, 0, 0, 0, 0, 0, 0, 0, 0, 1, 0, 1, 0, 0, 0, 1, 0, 1, 0, 0, 0, 0, 0, 0, 0, 0] 
dagD16.txt 3_2x1.txt True 0.1218274111675127 0.55 566.0 [0, 0, 0, 0, 0, 0, 0, 0, 0, 0, 0, 0, 0, 0, 0, 0, 0, 0, 0, 0, 0, 0, 1, 0, 0, 0, 0, 0, 0, 0, 0, 0, 0, 0, 1, 0, 0, 0, 0, 1, 0, 0, 0, 0, 0, 0, 0, 0, 1, 0, 1, 0, 0, 0, 1, 0, 1, 0, 0, 0, 0, 0, 0, 0, 0] 
dagD16.txt 3_2x1.txt True 0.19289340101522842 0.6 415.3333333333333 [0, 0, 0, 0, 0, 0, 0, 0, 0, 0, 0, 0, 0, 1, 1, 0, 0, 0, 0, 0, 0, 1, 0, 0, 0, 0, 1, 0, 0, 0, 0, 0, 0, 0, 1, 0, 0, 1, 1, 1, 1, 0, 0, 1, 0, 1, 1, 1, 0, 0, 0, 0, 1, 1, 1, 1, 0, 1, 1, 1, 1, 1, 1, 1, 0] 
dagD16.txt 3_2x1.txt True 0.20304568527918782 0.65 419.6666666666667 [0, 0, 0, 0, 0, 0, 0, 0, 0, 0, 0, 0, 0, 1, 0, 0, 1, 0, 0, 0, 0, 0, 0, 0, 0, 0, 1, 1, 0, 0, 0, 0, 1, 0, 0, 1, 0, 0, 0, 0, 0, 1, 1, 0, 1, 1, 1, 1, 1, 1, 1, 0, 1, 1, 0, 0, 1, 0, 1, 1, 1, 0, 1, 0, 1] 
dagD16.txt 3_2x1.txt True 0.20304568527918782 0.7 419.6666666666667 [0, 0, 0, 0, 0, 0, 0, 0, 0, 0, 0, 0, 0, 1, 0, 0, 1, 0, 0, 0, 0, 0, 0, 0, 0, 0, 1, 1, 0, 0, 0, 0, 1, 0, 0, 1, 0, 0, 0, 0, 0, 1, 1, 0, 1, 1, 1, 1, 1, 1, 1, 0, 1, 1, 0, 0, 1, 0, 1, 1, 1, 0, 1, 0, 1] 
dagD16.txt 3_2x1.txt True 0.29441624365482233 0.75 385.6666666666667 [0, 0, 1, 0, 0, 0, 0, 0, 0, 0, 0, 0, 0, 1, 1, 0, 0, 0, 0, 0, 1, 1, 0, 0, 0, 0, 1, 0, 0, 1, 0, 0, 1, 0, 0, 0, 0, 1, 1, 1, 0, 1, 0, 1, 0, 1, 1, 0, 0, 0, 0, 0, 1, 1, 0, 1, 1, 1, 0, 1, 1, 1, 1, 1, 0] 
dagD16.txt 3_2x1.txt True 0.3248730964467005 0.8 399.0 [1, 1, 1, 0, 1, 0, 1, 0, 0, 1, 1, 0, 1, 1, 0, 0, 1, 1, 1, 1, 1, 0, 1, 1, 0, 1, 1, 1, 1, 1, 0, 0, 1, 0, 0, 0, 0, 0, 0, 0, 0, 0, 1, 0, 1, 0, 0, 1, 0, 1, 0, 0, 1, 0, 0, 0, 0, 0, 0, 0, 0, 0, 0, 0, 1] 
dagD16.txt 3_2x1.txt True 0.38071065989847713 0.85 394.0 [0, 1, 0, 1, 1, 0, 1, 0, 1, 0, 1, 1, 0, 0, 1, 1, 0, 1, 0, 1, 1, 0, 1, 1, 0, 1, 0, 1, 0, 1, 1, 1, 0, 1, 0, 0, 1, 0, 0, 0, 0, 0, 1, 0, 1, 0, 0, 0, 0, 1, 0, 1, 0, 0, 0, 0, 0, 0, 0, 0, 0, 0, 0, 0, 1] 
dagD16.txt 3_2x1.txt True 0.41116751269035534 0.9 393.0 [0, 1, 0, 0, 1, 0, 1, 0, 0, 0, 0, 1, 0, 1, 0, 0, 0, 1, 1, 1, 0, 0, 0, 0, 0, 1, 1, 0, 0, 1, 0, 1, 1, 1, 1, 1, 0, 1, 1, 0, 0, 1, 0, 0, 1, 0, 1, 0, 1, 0, 0, 1, 0, 0, 0, 1, 1, 0, 0, 0, 0, 0, 0, 0, 0] 
dagD16.txt 3_2x1.txt True 0.4720812182741117 0.95 384.6666666666667 [0, 0, 0, 0, 1, 0, 0, 0, 1, 0, 0, 1, 1, 0, 1, 0, 1, 1, 1, 1, 0, 0, 0, 0, 0, 0, 1, 1, 0, 0, 0, 0, 0, 1, 1, 0, 1, 1, 0, 0, 0, 0, 0, 1, 0, 1, 1, 1, 0, 0, 1, 1, 0, 0, 0, 1, 1, 1, 0, 0, 1, 1, 1, 1, 0] 
dagD16.txt 3_2x1.txt True 0.4720812182741117 1 384.6666666666667 [0, 0, 0, 0, 1, 0, 0, 0, 1, 0, 0, 1, 1, 0, 1, 0, 1, 1, 1, 1, 0, 0, 0, 0, 0, 0, 1, 1, 0, 0, 0, 0, 0, 1, 1, 0, 1, 1, 0, 0, 0, 0, 0, 1, 0, 1, 1, 1, 0, 0, 1, 1, 0, 0, 0, 1, 1, 1, 0, 0, 1, 1, 1, 1, 0] 
