dagD20.txt 3_2x4.txt True 0.04639175257731959 0.07 430.25 [1, 1, 1, 1, 1, 1, 1, 1, 1, 1, 1, 1, 1, 1, 1, 1, 1, 1, 1, 1, 1, 1, 1, 1, 1, 1, 1, 1, 1, 1, 1, 1, 1, 1, 1, 1, 1, 1, 1, 1, 1, 3, 1, 1, 1, 1, 1, 1, 1, 1, 1, 1, 3, 1, 1, 1, 1, 1, 1, 1, 1, 1, 1, 1, 1] 
dagD20.txt 3_2x4.txt True 0.04639175257731959 0.1 430.25 [1, 1, 1, 1, 1, 1, 1, 1, 1, 1, 1, 1, 1, 1, 1, 1, 1, 1, 1, 1, 1, 1, 1, 1, 1, 1, 1, 1, 1, 1, 1, 1, 1, 1, 1, 1, 1, 1, 1, 1, 1, 3, 1, 1, 1, 1, 1, 1, 1, 1, 1, 1, 3, 1, 1, 1, 1, 1, 1, 1, 1, 1, 1, 1, 1] 
dagD20.txt 3_2x4.txt True 0.12371134020618557 0.15 379.5 [5, 5, 5, 1, 5, 5, 5, 5, 6, 5, 5, 5, 5, 5, 5, 6, 1, 5, 5, 5, 5, 5, 5, 5, 5, 5, 5, 5, 5, 5, 5, 5, 5, 5, 5, 5, 5, 5, 5, 5, 5, 5, 5, 5, 5, 6, 5, 5, 5, 5, 5, 3, 6, 5, 5, 5, 5, 5, 5, 5, 3, 5, 5, 6, 5] 
dagD20.txt 3_2x4.txt True 0.16494845360824742 0.2 352.75 [7, 7, 7, 1, 7, 7, 7, 7, 7, 7, 7, 7, 7, 7, 7, 7, 1, 7, 7, 7, 7, 7, 7, 7, 7, 7, 7, 7, 7, 7, 5, 7, 7, 7, 7, 7, 7, 7, 7, 7, 7, 7, 7, 7, 7, 7, 5, 7, 7, 7, 3, 3, 5, 7, 7, 1, 7, 7, 7, 7, 3, 3, 7, 5, 7] 
dagD20.txt 3_2x4.txt True 0.16494845360824742 0.3 352.75 [7, 7, 7, 1, 7, 7, 7, 7, 7, 7, 7, 7, 7, 7, 7, 7, 1, 7, 7, 7, 7, 7, 7, 7, 7, 7, 7, 7, 7, 7, 5, 7, 7, 7, 7, 7, 7, 7, 7, 7, 7, 7, 7, 7, 7, 7, 5, 7, 7, 7, 3, 3, 5, 7, 7, 1, 7, 7, 7, 7, 3, 3, 7, 5, 7] 
dagD20.txt 3_2x4.txt True 0.16494845360824742 0.4 352.75 [7, 7, 7, 1, 7, 7, 7, 7, 7, 7, 7, 7, 7, 7, 7, 7, 1, 7, 7, 7, 7, 7, 7, 7, 7, 7, 7, 7, 7, 7, 5, 7, 7, 7, 7, 7, 7, 7, 7, 7, 7, 7, 7, 7, 7, 7, 5, 7, 7, 7, 3, 3, 5, 7, 7, 1, 7, 7, 7, 7, 3, 3, 7, 5, 7] 
dagD20.txt 3_2x4.txt True 0.4381443298969072 0.5 159.25 [7, 5, 5, 7, 7, 7, 7, 5, 7, 5, 5, 5, 5, 5, 1, 7, 7, 1, 7, 5, 5, 7, 7, 3, 3, 3, 5, 3, 1, 5, 5, 5, 5, 7, 7, 3, 1, 3, 3, 1, 5, 3, 1, 7, 1, 3, 3, 3, 1, 3, 3, 7, 3, 3, 3, 7, 3, 3, 3, 1, 1, 3, 3, 3, 7] 
dagD20.txt 3_2x4.txt True 0.4639175257731959 0.6 131.75 [3, 3, 1, 3, 3, 3, 3, 1, 3, 3, 1, 3, 1, 3, 1, 3, 3, 1, 1, 3, 1, 3, 7, 7, 5, 5, 3, 5, 1, 5, 1, 1, 5, 5, 1, 7, 5, 1, 5, 1, 5, 7, 3, 5, 7, 7, 7, 5, 7, 5, 7, 7, 1, 1, 5, 1, 7, 5, 5, 1, 7, 1, 7, 7, 5] 
dagD20.txt 3_2x4.txt True 0.5979381443298969 0.7 154.0 [7, 4, 4, 3, 1, 7, 0, 4, 7, 5, 0, 5, 5, 7, 2, 7, 1, 1, 3, 5, 5, 3, 3, 3, 3, 3, 5, 3, 2, 0, 3, 5, 5, 3, 7, 3, 6, 5, 3, 5, 0, 3, 4, 3, 6, 5, 3, 3, 2, 3, 3, 2, 1, 5, 3, 5, 3, 3, 7, 1, 2, 3, 6, 6, 3] 
dagD20.txt 3_2x4.txt True 0.7268041237113402 1 98.5 [6, 1, 7, 2, 5, 3, 2, 3, 7, 3, 3, 1, 1, 3, 6, 3, 3, 1, 3, 0, 0, 6, 3, 3, 3, 1, 5, 1, 7, 5, 5, 4, 5, 5, 7, 3, 1, 3, 3, 7, 5, 5, 1, 4, 1, 7, 3, 7, 4, 1, 7, 6, 7, 2, 5, 5, 7, 7, 1, 4, 1, 5, 1, 7, 5] 
dagD20.txt 3_2x2.txt True 0.04639175257731959 0.07 573.6666666666666 [0, 0, 0, 0, 0, 0, 0, 0, 0, 0, 0, 0, 0, 0, 0, 0, 0, 0, 0, 0, 0, 0, 0, 0, 0, 0, 0, 0, 0, 0, 0, 0, 0, 0, 0, 0, 0, 0, 0, 0, 0, 3, 0, 0, 0, 0, 0, 0, 0, 0, 0, 0, 3, 0, 0, 0, 0, 0, 0, 0, 0, 0, 0, 0, 0] 
dagD20.txt 3_2x2.txt True 0.04639175257731959 0.1 573.6666666666666 [0, 0, 0, 0, 0, 0, 0, 0, 0, 0, 0, 0, 0, 0, 0, 0, 0, 0, 0, 0, 0, 0, 0, 0, 0, 0, 0, 0, 0, 0, 0, 0, 0, 0, 0, 0, 0, 0, 0, 0, 0, 3, 0, 0, 0, 0, 0, 0, 0, 0, 0, 0, 3, 0, 0, 0, 0, 0, 0, 0, 0, 0, 0, 0, 0] 
dagD20.txt 3_2x2.txt True 0.12371134020618557 0.15 506.0 [2, 2, 2, 0, 2, 2, 2, 2, 3, 2, 2, 2, 2, 2, 2, 3, 0, 2, 2, 2, 2, 2, 2, 2, 2, 2, 2, 2, 2, 2, 2, 2, 2, 2, 2, 2, 2, 2, 2, 2, 2, 2, 2, 2, 2, 3, 2, 2, 2, 2, 2, 1, 3, 2, 2, 2, 2, 2, 2, 2, 1, 2, 2, 3, 2] 
dagD20.txt 3_2x2.txt True 0.12886597938144329 0.2 491.3333333333333 [0, 0, 0, 0, 0, 0, 0, 0, 0, 0, 0, 0, 0, 0, 0, 0, 0, 0, 0, 0, 0, 0, 0, 0, 0, 0, 0, 0, 0, 0, 3, 0, 0, 0, 0, 0, 0, 0, 0, 0, 0, 0, 0, 0, 0, 0, 3, 0, 0, 0, 3, 1, 2, 0, 0, 3, 0, 0, 0, 0, 1, 3, 0, 2, 0] 
dagD20.txt 3_2x2.txt True 0.12886597938144329 0.3 491.3333333333333 [0, 0, 0, 0, 0, 0, 0, 0, 0, 0, 0, 0, 0, 0, 0, 0, 0, 0, 0, 0, 0, 0, 0, 0, 0, 0, 0, 0, 0, 0, 3, 0, 0, 0, 0, 0, 0, 0, 0, 0, 0, 0, 0, 0, 0, 0, 3, 0, 0, 0, 3, 1, 2, 0, 0, 3, 0, 0, 0, 0, 1, 3, 0, 2, 0] 
dagD20.txt 3_2x2.txt True 0.12886597938144329 0.4 491.3333333333333 [0, 0, 0, 0, 0, 0, 0, 0, 0, 0, 0, 0, 0, 0, 0, 0, 0, 0, 0, 0, 0, 0, 0, 0, 0, 0, 0, 0, 0, 0, 3, 0, 0, 0, 0, 0, 0, 0, 0, 0, 0, 0, 0, 0, 0, 0, 3, 0, 0, 0, 3, 1, 2, 0, 0, 3, 0, 0, 0, 0, 1, 3, 0, 2, 0] 
dagD20.txt 3_2x2.txt True 0.38144329896907214 0.5 315.0 [0, 2, 2, 0, 0, 3, 0, 2, 0, 2, 2, 2, 2, 2, 2, 3, 0, 2, 0, 2, 2, 0, 0, 0, 0, 0, 2, 0, 2, 2, 2, 2, 2, 0, 3, 0, 2, 0, 0, 2, 2, 0, 2, 1, 2, 0, 0, 0, 2, 0, 0, 0, 0, 0, 0, 1, 0, 0, 0, 2, 2, 0, 0, 0, 1] 
dagD20.txt 3_2x2.txt True 0.4484536082474227 0.6 267.0 [0, 0, 2, 0, 0, 0, 0, 2, 0, 3, 2, 3, 2, 0, 0, 0, 0, 0, 2, 3, 1, 0, 2, 2, 0, 0, 3, 0, 0, 0, 2, 1, 0, 0, 3, 2, 0, 3, 0, 3, 0, 2, 3, 0, 2, 2, 2, 0, 2, 0, 2, 2, 1, 3, 0, 1, 2, 0, 0, 1, 2, 3, 2, 2, 0] 
dagD20.txt 3_2x2.txt True 0.4896907216494845 0.7 264.6666666666667 [1, 0, 0, 0, 1, 1, 1, 0, 3, 2, 2, 2, 2, 1, 1, 1, 3, 1, 0, 2, 2, 2, 0, 0, 0, 0, 2, 0, 0, 0, 0, 2, 2, 0, 1, 0, 0, 3, 0, 1, 2, 0, 2, 0, 3, 1, 0, 0, 3, 0, 0, 3, 3, 3, 0, 3, 0, 0, 2, 3, 3, 0, 0, 0, 2] 
dagD20.txt 3_2x2.txt True 0.7061855670103093 1 191.33333333333334 [3, 3, 0, 1, 2, 0, 1, 1, 0, 1, 3, 3, 3, 0, 3, 0, 2, 2, 3, 2, 1, 1, 1, 1, 1, 2, 2, 3, 1, 0, 0, 0, 2, 2, 2, 0, 3, 1, 0, 2, 2, 0, 2, 0, 3, 2, 3, 0, 2, 2, 0, 3, 2, 3, 2, 2, 1, 0, 0, 1, 3, 3, 1, 0, 2] 
dagD20.txt 3_2x1.txt True 0.04639175257731959 0.07 573.6666666666666 [0, 0, 0, 0, 0, 0, 0, 0, 0, 0, 0, 0, 0, 0, 0, 0, 0, 0, 0, 0, 0, 0, 0, 0, 0, 0, 0, 0, 0, 0, 0, 0, 0, 0, 0, 0, 0, 0, 0, 0, 0, 1, 0, 0, 0, 0, 0, 0, 0, 0, 0, 0, 1, 0, 0, 0, 0, 0, 0, 0, 0, 0, 0, 0, 0] 
dagD20.txt 3_2x1.txt True 0.04639175257731959 0.1 573.6666666666666 [0, 0, 0, 0, 0, 0, 0, 0, 0, 0, 0, 0, 0, 0, 0, 0, 0, 0, 0, 0, 0, 0, 0, 0, 0, 0, 0, 0, 0, 0, 0, 0, 0, 0, 0, 0, 0, 0, 0, 0, 0, 1, 0, 0, 0, 0, 0, 0, 0, 0, 0, 0, 1, 0, 0, 0, 0, 0, 0, 0, 0, 0, 0, 0, 0] 
dagD20.txt 3_2x1.txt True 0.0 0.15 605.3333333333334 [0, 0, 0, 0, 0, 0, 0, 0, 0, 0, 0, 0, 0, 0, 0, 0, 0, 0, 0, 0, 0, 0, 0, 0, 0, 0, 0, 0, 0, 0, 0, 0, 0, 0, 0, 0, 0, 0, 0, 0, 0, 0, 0, 0, 0, 0, 0, 0, 0, 0, 0, 0, 0, 0, 0, 0, 0, 0, 0, 0, 0, 0, 0, 0, 0] 
dagD20.txt 3_2x1.txt True 0.09278350515463918 0.2 528.3333333333334 [0, 0, 0, 0, 0, 0, 0, 0, 0, 0, 0, 0, 0, 0, 0, 0, 0, 0, 0, 0, 0, 0, 0, 0, 0, 0, 0, 0, 0, 0, 1, 0, 0, 0, 0, 0, 0, 0, 0, 0, 0, 0, 0, 0, 0, 0, 1, 0, 0, 0, 1, 0, 1, 0, 0, 0, 0, 0, 0, 0, 0, 1, 0, 1, 0] 
dagD20.txt 3_2x1.txt True 0.09278350515463918 0.3 528.3333333333334 [0, 0, 0, 0, 0, 0, 0, 0, 0, 0, 0, 0, 0, 0, 0, 0, 0, 0, 0, 0, 0, 0, 0, 0, 0, 0, 0, 0, 0, 0, 1, 0, 0, 0, 0, 0, 0, 0, 0, 0, 0, 0, 0, 0, 0, 0, 1, 0, 0, 0, 1, 0, 1, 0, 0, 0, 0, 0, 0, 0, 0, 1, 0, 1, 0] 
dagD20.txt 3_2x1.txt True 0.09278350515463918 0.4 528.3333333333334 [0, 0, 0, 0, 0, 0, 0, 0, 0, 0, 0, 0, 0, 0, 0, 0, 0, 0, 0, 0, 0, 0, 0, 0, 0, 0, 0, 0, 0, 0, 1, 0, 0, 0, 0, 0, 0, 0, 0, 0, 0, 0, 0, 0, 0, 0, 1, 0, 0, 0, 1, 0, 1, 0, 0, 0, 0, 0, 0, 0, 0, 1, 0, 1, 0] 
dagD20.txt 3_2x1.txt True 0.31443298969072164 0.5 411.5 [0, 1, 1, 0, 0, 0, 0, 1, 0, 1, 1, 1, 1, 1, 1, 0, 0, 1, 0, 1, 1, 0, 1, 0, 0, 0, 1, 0, 1, 1, 1, 1, 1, 1, 1, 0, 1, 0, 0, 1, 1, 0, 1, 1, 1, 0, 0, 0, 1, 0, 0, 1, 0, 0, 0, 0, 0, 0, 0, 1, 1, 0, 0, 0, 1] 
dagD20.txt 3_2x1.txt True 0.16494845360824742 0.6 430.6666666666667 [1, 1, 1, 1, 1, 1, 1, 1, 1, 0, 1, 0, 1, 1, 0, 1, 1, 0, 1, 0, 1, 1, 0, 0, 0, 0, 0, 0, 0, 0, 1, 0, 0, 0, 0, 0, 0, 0, 0, 0, 0, 0, 0, 0, 0, 0, 0, 0, 0, 0, 0, 0, 0, 0, 0, 0, 0, 0, 0, 0, 0, 0, 0, 0, 0] 
dagD20.txt 3_2x1.txt True 0.23195876288659795 0.7 422.0 [0, 0, 0, 0, 0, 0, 0, 0, 0, 0, 0, 0, 0, 0, 0, 0, 0, 0, 0, 0, 0, 0, 0, 0, 0, 0, 0, 0, 0, 1, 0, 0, 0, 0, 0, 0, 1, 1, 0, 1, 1, 0, 1, 0, 1, 1, 0, 0, 1, 0, 0, 1, 1, 1, 0, 1, 0, 0, 1, 1, 1, 0, 1, 1, 1] 
dagD20.txt 3_2x1.txt True 0.44329896907216493 1 371.0 [1, 1, 0, 1, 0, 1, 1, 0, 0, 0, 1, 0, 1, 1, 1, 1, 0, 1, 1, 0, 0, 1, 0, 1, 1, 1, 0, 1, 0, 0, 0, 0, 0, 0, 0, 1, 1, 1, 1, 0, 0, 0, 1, 0, 1, 0, 1, 1, 1, 0, 1, 1, 0, 0, 0, 0, 0, 0, 0, 0, 1, 0, 0, 0, 0] 
dagD20.txt 3_2x4.txt True 0.04639175257731959 0.07 430.25 [1, 1, 1, 1, 1, 1, 1, 1, 1, 1, 1, 1, 1, 1, 1, 1, 1, 1, 1, 1, 1, 1, 1, 1, 1, 1, 1, 1, 1, 1, 1, 1, 1, 1, 1, 1, 1, 1, 1, 1, 1, 3, 1, 1, 1, 1, 1, 1, 1, 1, 1, 1, 3, 1, 1, 1, 1, 1, 1, 1, 1, 1, 1, 1, 1] 
dagD20.txt 3_2x4.txt True 0.04639175257731959 0.08 430.25 [1, 1, 1, 1, 1, 1, 1, 1, 1, 1, 1, 1, 1, 1, 1, 1, 1, 1, 1, 1, 1, 1, 1, 1, 1, 1, 1, 1, 1, 1, 1, 1, 1, 1, 1, 1, 1, 1, 1, 1, 1, 3, 1, 1, 1, 1, 1, 1, 1, 1, 1, 1, 3, 1, 1, 1, 1, 1, 1, 1, 1, 1, 1, 1, 1] 
dagD20.txt 3_2x4.txt True 0.04639175257731959 0.09 430.25 [1, 1, 1, 1, 1, 1, 1, 1, 1, 1, 1, 1, 1, 1, 1, 1, 1, 1, 1, 1, 1, 1, 1, 1, 1, 1, 1, 1, 1, 1, 1, 1, 1, 1, 1, 1, 1, 1, 1, 1, 1, 3, 1, 1, 1, 1, 1, 1, 1, 1, 1, 1, 3, 1, 1, 1, 1, 1, 1, 1, 1, 1, 1, 1, 1] 
dagD20.txt 3_2x4.txt True 0.04639175257731959 0.1 430.25 [1, 1, 1, 1, 1, 1, 1, 1, 1, 1, 1, 1, 1, 1, 1, 1, 1, 1, 1, 1, 1, 1, 1, 1, 1, 1, 1, 1, 1, 1, 1, 1, 1, 1, 1, 1, 1, 1, 1, 1, 1, 3, 1, 1, 1, 1, 1, 1, 1, 1, 1, 1, 3, 1, 1, 1, 1, 1, 1, 1, 1, 1, 1, 1, 1] 
dagD20.txt 3_2x4.txt True 0.04639175257731959 0.11 430.25 [1, 1, 1, 1, 1, 1, 1, 1, 1, 1, 1, 1, 1, 1, 1, 1, 1, 1, 1, 1, 1, 1, 1, 1, 1, 1, 1, 1, 1, 1, 1, 1, 1, 1, 1, 1, 1, 1, 1, 1, 1, 3, 1, 1, 1, 1, 1, 1, 1, 1, 1, 1, 3, 1, 1, 1, 1, 1, 1, 1, 1, 1, 1, 1, 1] 
dagD20.txt 3_2x4.txt True 0.04639175257731959 0.12 430.25 [1, 1, 1, 1, 1, 1, 1, 1, 1, 1, 1, 1, 1, 1, 1, 1, 1, 1, 1, 1, 1, 1, 1, 1, 1, 1, 1, 1, 1, 1, 1, 1, 1, 1, 1, 1, 1, 1, 1, 1, 1, 3, 1, 1, 1, 1, 1, 1, 1, 1, 1, 1, 3, 1, 1, 1, 1, 1, 1, 1, 1, 1, 1, 1, 1] 
dagD20.txt 3_2x4.txt True 0.1134020618556701 0.13 378.5 [1, 1, 1, 3, 1, 1, 1, 1, 1, 1, 1, 1, 1, 1, 1, 1, 3, 1, 1, 1, 1, 1, 1, 1, 1, 1, 1, 1, 1, 1, 1, 1, 1, 1, 1, 1, 1, 1, 1, 1, 1, 1, 3, 3, 1, 1, 1, 1, 1, 1, 1, 3, 3, 1, 1, 1, 1, 1, 3, 1, 3, 1, 1, 3, 1] 
dagD20.txt 3_2x4.txt True 0.12371134020618557 0.14 379.5 [5, 5, 5, 1, 5, 5, 5, 5, 6, 5, 5, 5, 5, 5, 5, 6, 1, 5, 5, 5, 5, 5, 5, 5, 5, 5, 5, 5, 5, 5, 5, 5, 5, 5, 5, 5, 5, 5, 5, 5, 5, 5, 5, 5, 5, 6, 5, 5, 5, 5, 5, 3, 6, 5, 5, 5, 5, 5, 5, 5, 3, 5, 5, 6, 5] 
dagD20.txt 3_2x4.txt True 0.12371134020618557 0.15 379.5 [5, 5, 5, 1, 5, 5, 5, 5, 6, 5, 5, 5, 5, 5, 5, 6, 1, 5, 5, 5, 5, 5, 5, 5, 5, 5, 5, 5, 5, 5, 5, 5, 5, 5, 5, 5, 5, 5, 5, 5, 5, 5, 5, 5, 5, 6, 5, 5, 5, 5, 5, 3, 6, 5, 5, 5, 5, 5, 5, 5, 3, 5, 5, 6, 5] 
dagD20.txt 3_2x4.txt True 0.12371134020618557 0.16 379.5 [5, 5, 5, 1, 5, 5, 5, 5, 6, 5, 5, 5, 5, 5, 5, 6, 1, 5, 5, 5, 5, 5, 5, 5, 5, 5, 5, 5, 5, 5, 5, 5, 5, 5, 5, 5, 5, 5, 5, 5, 5, 5, 5, 5, 5, 6, 5, 5, 5, 5, 5, 3, 6, 5, 5, 5, 5, 5, 5, 5, 3, 5, 5, 6, 5] 
dagD20.txt 3_2x4.txt True 0.12371134020618557 0.17 379.5 [5, 5, 5, 1, 5, 5, 5, 5, 6, 5, 5, 5, 5, 5, 5, 6, 1, 5, 5, 5, 5, 5, 5, 5, 5, 5, 5, 5, 5, 5, 5, 5, 5, 5, 5, 5, 5, 5, 5, 5, 5, 5, 5, 5, 5, 6, 5, 5, 5, 5, 5, 3, 6, 5, 5, 5, 5, 5, 5, 5, 3, 5, 5, 6, 5] 
dagD20.txt 3_2x4.txt True 0.12371134020618557 0.18 379.5 [5, 5, 5, 1, 5, 5, 5, 5, 6, 5, 5, 5, 5, 5, 5, 6, 1, 5, 5, 5, 5, 5, 5, 5, 5, 5, 5, 5, 5, 5, 5, 5, 5, 5, 5, 5, 5, 5, 5, 5, 5, 5, 5, 5, 5, 6, 5, 5, 5, 5, 5, 3, 6, 5, 5, 5, 5, 5, 5, 5, 3, 5, 5, 6, 5] 
dagD20.txt 3_2x4.txt True 0.16494845360824742 0.19 352.75 [7, 7, 7, 1, 7, 7, 7, 7, 7, 7, 7, 7, 7, 7, 7, 7, 1, 7, 7, 7, 7, 7, 7, 7, 7, 7, 7, 7, 7, 7, 5, 7, 7, 7, 7, 7, 7, 7, 7, 7, 7, 7, 7, 7, 7, 7, 5, 7, 7, 7, 3, 3, 5, 7, 7, 1, 7, 7, 7, 7, 3, 3, 7, 5, 7] 
dagD20.txt 3_2x4.txt True 0.16494845360824742 0.2 352.75 [7, 7, 7, 1, 7, 7, 7, 7, 7, 7, 7, 7, 7, 7, 7, 7, 1, 7, 7, 7, 7, 7, 7, 7, 7, 7, 7, 7, 7, 7, 5, 7, 7, 7, 7, 7, 7, 7, 7, 7, 7, 7, 7, 7, 7, 7, 5, 7, 7, 7, 3, 3, 5, 7, 7, 1, 7, 7, 7, 7, 3, 3, 7, 5, 7] 
dagD20.txt 3_2x4.txt True 0.16494845360824742 0.25 352.75 [7, 7, 7, 1, 7, 7, 7, 7, 7, 7, 7, 7, 7, 7, 7, 7, 1, 7, 7, 7, 7, 7, 7, 7, 7, 7, 7, 7, 7, 7, 5, 7, 7, 7, 7, 7, 7, 7, 7, 7, 7, 7, 7, 7, 7, 7, 5, 7, 7, 7, 3, 3, 5, 7, 7, 1, 7, 7, 7, 7, 3, 3, 7, 5, 7] 
dagD20.txt 3_2x4.txt True 0.16494845360824742 0.3 352.75 [7, 7, 7, 1, 7, 7, 7, 7, 7, 7, 7, 7, 7, 7, 7, 7, 1, 7, 7, 7, 7, 7, 7, 7, 7, 7, 7, 7, 7, 7, 5, 7, 7, 7, 7, 7, 7, 7, 7, 7, 7, 7, 7, 7, 7, 7, 5, 7, 7, 7, 3, 3, 5, 7, 7, 1, 7, 7, 7, 7, 3, 3, 7, 5, 7] 
dagD20.txt 3_2x4.txt True 0.16494845360824742 0.35 352.75 [7, 7, 7, 1, 7, 7, 7, 7, 7, 7, 7, 7, 7, 7, 7, 7, 1, 7, 7, 7, 7, 7, 7, 7, 7, 7, 7, 7, 7, 7, 5, 7, 7, 7, 7, 7, 7, 7, 7, 7, 7, 7, 7, 7, 7, 7, 5, 7, 7, 7, 3, 3, 5, 7, 7, 1, 7, 7, 7, 7, 3, 3, 7, 5, 7] 
dagD20.txt 3_2x4.txt True 0.16494845360824742 0.4 352.75 [7, 7, 7, 1, 7, 7, 7, 7, 7, 7, 7, 7, 7, 7, 7, 7, 1, 7, 7, 7, 7, 7, 7, 7, 7, 7, 7, 7, 7, 7, 5, 7, 7, 7, 7, 7, 7, 7, 7, 7, 7, 7, 7, 7, 7, 7, 5, 7, 7, 7, 3, 3, 5, 7, 7, 1, 7, 7, 7, 7, 3, 3, 7, 5, 7] 
dagD20.txt 3_2x4.txt True 0.16494845360824742 0.45 352.75 [7, 7, 7, 1, 7, 7, 7, 7, 7, 7, 7, 7, 7, 7, 7, 7, 1, 7, 7, 7, 7, 7, 7, 7, 7, 7, 7, 7, 7, 7, 5, 7, 7, 7, 7, 7, 7, 7, 7, 7, 7, 7, 7, 7, 7, 7, 5, 7, 7, 7, 3, 3, 5, 7, 7, 1, 7, 7, 7, 7, 3, 3, 7, 5, 7] 
dagD20.txt 3_2x4.txt True 0.4381443298969072 0.5 159.25 [7, 5, 5, 7, 7, 7, 7, 5, 7, 5, 5, 5, 5, 5, 1, 7, 7, 1, 7, 5, 5, 7, 7, 3, 3, 3, 5, 3, 1, 5, 5, 5, 5, 7, 7, 3, 1, 3, 3, 1, 5, 3, 1, 7, 1, 3, 3, 3, 1, 3, 3, 7, 3, 3, 3, 7, 3, 3, 3, 1, 1, 3, 3, 3, 7] 
dagD20.txt 3_2x4.txt True 0.4587628865979381 0.55 150.0 [7, 1, 1, 1, 1, 7, 1, 1, 7, 1, 1, 1, 1, 7, 5, 7, 7, 5, 1, 1, 7, 7, 7, 1, 3, 5, 1, 5, 5, 7, 1, 1, 5, 7, 7, 1, 5, 3, 5, 5, 5, 3, 7, 5, 3, 5, 7, 5, 5, 5, 5, 7, 3, 3, 5, 5, 5, 3, 5, 3, 7, 5, 5, 3, 5] 
dagD20.txt 3_2x4.txt True 0.4639175257731959 0.6 131.75 [3, 3, 1, 3, 3, 3, 3, 1, 3, 3, 1, 3, 1, 3, 1, 3, 3, 1, 1, 3, 1, 3, 7, 7, 5, 5, 3, 5, 1, 5, 1, 1, 5, 5, 1, 7, 5, 1, 5, 1, 5, 7, 3, 5, 7, 7, 7, 5, 7, 5, 7, 7, 1, 1, 5, 1, 7, 5, 5, 1, 7, 1, 7, 7, 5] 
dagD20.txt 3_2x4.txt True 0.4948453608247423 0.65 145.75 [1, 1, 7, 3, 3, 1, 3, 7, 1, 5, 7, 5, 7, 1, 1, 1, 3, 1, 7, 5, 5, 1, 3, 3, 5, 3, 1, 5, 1, 7, 7, 5, 5, 5, 1, 3, 5, 5, 5, 1, 5, 0, 1, 5, 1, 3, 3, 3, 1, 5, 3, 1, 5, 3, 5, 5, 3, 7, 5, 5, 1, 0, 3, 7, 5] 
dagD20.txt 3_2x4.txt True 0.5979381443298969 0.7 154.0 [7, 4, 4, 3, 1, 7, 0, 4, 7, 5, 0, 5, 5, 7, 2, 7, 1, 1, 3, 5, 5, 3, 3, 3, 3, 3, 5, 3, 2, 0, 3, 5, 5, 3, 7, 3, 6, 5, 3, 5, 0, 3, 4, 3, 6, 5, 3, 3, 2, 3, 3, 2, 1, 5, 3, 5, 3, 3, 7, 1, 2, 3, 6, 6, 3] 
dagD20.txt 3_2x4.txt True 0.5979381443298969 0.75 154.0 [7, 4, 4, 3, 1, 7, 0, 4, 7, 5, 0, 5, 5, 7, 2, 7, 1, 1, 3, 5, 5, 3, 3, 3, 3, 3, 5, 3, 2, 0, 3, 5, 5, 3, 7, 3, 6, 5, 3, 5, 0, 3, 4, 3, 6, 5, 3, 3, 2, 3, 3, 2, 1, 5, 3, 5, 3, 3, 7, 1, 2, 3, 6, 6, 3] 
dagD20.txt 3_2x4.txt True 0.5979381443298969 0.8 154.0 [7, 4, 4, 3, 1, 7, 0, 4, 7, 5, 0, 5, 5, 7, 2, 7, 1, 1, 3, 5, 5, 3, 3, 3, 3, 3, 5, 3, 2, 0, 3, 5, 5, 3, 7, 3, 6, 5, 3, 5, 0, 3, 4, 3, 6, 5, 3, 3, 2, 3, 3, 2, 1, 5, 3, 5, 3, 3, 7, 1, 2, 3, 6, 6, 3] 
dagD20.txt 3_2x4.txt True 0.7268041237113402 0.85 99.5 [5, 7, 1, 5, 3, 5, 1, 4, 3, 6, 2, 1, 7, 5, 3, 7, 5, 3, 5, 7, 3, 5, 3, 6, 7, 1, 7, 3, 5, 2, 1, 1, 1, 3, 7, 4, 3, 3, 1, 7, 3, 7, 2, 0, 0, 5, 1, 3, 7, 1, 4, 0, 5, 3, 5, 7, 5, 1, 1, 5, 3, 7, 5, 5, 5] 
dagD20.txt 3_2x4.txt True 0.7835051546391752 0.9 101.25 [5, 7, 5, 3, 5, 5, 7, 5, 1, 1, 1, 3, 5, 5, 6, 4, 7, 3, 3, 7, 6, 7, 2, 0, 7, 6, 5, 7, 6, 1, 5, 3, 5, 1, 3, 2, 3, 4, 1, 3, 5, 1, 7, 1, 5, 0, 1, 7, 3, 7, 2, 2, 5, 3, 3, 1, 0, 4, 3, 5, 7, 3, 3, 1, 0] 
dagD20.txt 3_2x4.txt True 0.7268041237113402 0.95 98.5 [6, 1, 7, 2, 5, 3, 2, 3, 7, 3, 3, 1, 1, 3, 6, 3, 3, 1, 3, 0, 0, 6, 3, 3, 3, 1, 5, 1, 7, 5, 5, 4, 5, 5, 7, 3, 1, 3, 3, 7, 5, 5, 1, 4, 1, 7, 3, 7, 4, 1, 7, 6, 7, 2, 5, 5, 7, 7, 1, 4, 1, 5, 1, 7, 5] 
dagD20.txt 3_2x4.txt True 0.7268041237113402 1 98.5 [6, 1, 7, 2, 5, 3, 2, 3, 7, 3, 3, 1, 1, 3, 6, 3, 3, 1, 3, 0, 0, 6, 3, 3, 3, 1, 5, 1, 7, 5, 5, 4, 5, 5, 7, 3, 1, 3, 3, 7, 5, 5, 1, 4, 1, 7, 3, 7, 4, 1, 7, 6, 7, 2, 5, 5, 7, 7, 1, 4, 1, 5, 1, 7, 5] 
dagD20.txt 100_1x1.txt True 0.0 0.07 18.16 [0, 0, 0, 0, 0, 0, 0, 0, 0, 0, 0, 0, 0, 0, 0, 0, 0, 0, 0, 0, 0, 0, 0, 0, 0, 0, 0, 0, 0, 0, 0, 0, 0, 0, 0, 0, 0, 0, 0, 0, 0, 0, 0, 0, 0, 0, 0, 0, 0, 0, 0, 0, 0, 0, 0, 0, 0, 0, 0, 0, 0, 0, 0, 0, 0] 
dagD20.txt 100_1x1.txt True 0.0 0.08 18.16 [0, 0, 0, 0, 0, 0, 0, 0, 0, 0, 0, 0, 0, 0, 0, 0, 0, 0, 0, 0, 0, 0, 0, 0, 0, 0, 0, 0, 0, 0, 0, 0, 0, 0, 0, 0, 0, 0, 0, 0, 0, 0, 0, 0, 0, 0, 0, 0, 0, 0, 0, 0, 0, 0, 0, 0, 0, 0, 0, 0, 0, 0, 0, 0, 0] 
dagD20.txt 100_1x1.txt True 0.0 0.09 18.16 [0, 0, 0, 0, 0, 0, 0, 0, 0, 0, 0, 0, 0, 0, 0, 0, 0, 0, 0, 0, 0, 0, 0, 0, 0, 0, 0, 0, 0, 0, 0, 0, 0, 0, 0, 0, 0, 0, 0, 0, 0, 0, 0, 0, 0, 0, 0, 0, 0, 0, 0, 0, 0, 0, 0, 0, 0, 0, 0, 0, 0, 0, 0, 0, 0] 
dagD20.txt 100_1x1.txt True 0.0 0.1 18.16 [0, 0, 0, 0, 0, 0, 0, 0, 0, 0, 0, 0, 0, 0, 0, 0, 0, 0, 0, 0, 0, 0, 0, 0, 0, 0, 0, 0, 0, 0, 0, 0, 0, 0, 0, 0, 0, 0, 0, 0, 0, 0, 0, 0, 0, 0, 0, 0, 0, 0, 0, 0, 0, 0, 0, 0, 0, 0, 0, 0, 0, 0, 0, 0, 0] 
dagD20.txt 100_1x1.txt True 0.0 0.11 18.16 [0, 0, 0, 0, 0, 0, 0, 0, 0, 0, 0, 0, 0, 0, 0, 0, 0, 0, 0, 0, 0, 0, 0, 0, 0, 0, 0, 0, 0, 0, 0, 0, 0, 0, 0, 0, 0, 0, 0, 0, 0, 0, 0, 0, 0, 0, 0, 0, 0, 0, 0, 0, 0, 0, 0, 0, 0, 0, 0, 0, 0, 0, 0, 0, 0] 
dagD20.txt 100_1x1.txt True 0.0 0.12 18.16 [0, 0, 0, 0, 0, 0, 0, 0, 0, 0, 0, 0, 0, 0, 0, 0, 0, 0, 0, 0, 0, 0, 0, 0, 0, 0, 0, 0, 0, 0, 0, 0, 0, 0, 0, 0, 0, 0, 0, 0, 0, 0, 0, 0, 0, 0, 0, 0, 0, 0, 0, 0, 0, 0, 0, 0, 0, 0, 0, 0, 0, 0, 0, 0, 0] 
dagD20.txt 100_1x1.txt True 0.0 0.13 18.16 [0, 0, 0, 0, 0, 0, 0, 0, 0, 0, 0, 0, 0, 0, 0, 0, 0, 0, 0, 0, 0, 0, 0, 0, 0, 0, 0, 0, 0, 0, 0, 0, 0, 0, 0, 0, 0, 0, 0, 0, 0, 0, 0, 0, 0, 0, 0, 0, 0, 0, 0, 0, 0, 0, 0, 0, 0, 0, 0, 0, 0, 0, 0, 0, 0] 
dagD20.txt 100_1x1.txt True 0.0 0.14 18.16 [0, 0, 0, 0, 0, 0, 0, 0, 0, 0, 0, 0, 0, 0, 0, 0, 0, 0, 0, 0, 0, 0, 0, 0, 0, 0, 0, 0, 0, 0, 0, 0, 0, 0, 0, 0, 0, 0, 0, 0, 0, 0, 0, 0, 0, 0, 0, 0, 0, 0, 0, 0, 0, 0, 0, 0, 0, 0, 0, 0, 0, 0, 0, 0, 0] 
dagD20.txt 100_1x1.txt True 0.0 0.15 18.16 [0, 0, 0, 0, 0, 0, 0, 0, 0, 0, 0, 0, 0, 0, 0, 0, 0, 0, 0, 0, 0, 0, 0, 0, 0, 0, 0, 0, 0, 0, 0, 0, 0, 0, 0, 0, 0, 0, 0, 0, 0, 0, 0, 0, 0, 0, 0, 0, 0, 0, 0, 0, 0, 0, 0, 0, 0, 0, 0, 0, 0, 0, 0, 0, 0] 
dagD20.txt 100_1x1.txt True 0.0 0.16 18.16 [0, 0, 0, 0, 0, 0, 0, 0, 0, 0, 0, 0, 0, 0, 0, 0, 0, 0, 0, 0, 0, 0, 0, 0, 0, 0, 0, 0, 0, 0, 0, 0, 0, 0, 0, 0, 0, 0, 0, 0, 0, 0, 0, 0, 0, 0, 0, 0, 0, 0, 0, 0, 0, 0, 0, 0, 0, 0, 0, 0, 0, 0, 0, 0, 0] 
dagD20.txt 100_1x1.txt True 0.0 0.17 18.16 [0, 0, 0, 0, 0, 0, 0, 0, 0, 0, 0, 0, 0, 0, 0, 0, 0, 0, 0, 0, 0, 0, 0, 0, 0, 0, 0, 0, 0, 0, 0, 0, 0, 0, 0, 0, 0, 0, 0, 0, 0, 0, 0, 0, 0, 0, 0, 0, 0, 0, 0, 0, 0, 0, 0, 0, 0, 0, 0, 0, 0, 0, 0, 0, 0] 
dagD20.txt 100_1x1.txt True 0.0 0.18 18.16 [0, 0, 0, 0, 0, 0, 0, 0, 0, 0, 0, 0, 0, 0, 0, 0, 0, 0, 0, 0, 0, 0, 0, 0, 0, 0, 0, 0, 0, 0, 0, 0, 0, 0, 0, 0, 0, 0, 0, 0, 0, 0, 0, 0, 0, 0, 0, 0, 0, 0, 0, 0, 0, 0, 0, 0, 0, 0, 0, 0, 0, 0, 0, 0, 0] 
dagD20.txt 100_1x1.txt True 0.0 0.19 18.16 [0, 0, 0, 0, 0, 0, 0, 0, 0, 0, 0, 0, 0, 0, 0, 0, 0, 0, 0, 0, 0, 0, 0, 0, 0, 0, 0, 0, 0, 0, 0, 0, 0, 0, 0, 0, 0, 0, 0, 0, 0, 0, 0, 0, 0, 0, 0, 0, 0, 0, 0, 0, 0, 0, 0, 0, 0, 0, 0, 0, 0, 0, 0, 0, 0] 
dagD20.txt 100_1x1.txt True 0.0 0.2 18.16 [0, 0, 0, 0, 0, 0, 0, 0, 0, 0, 0, 0, 0, 0, 0, 0, 0, 0, 0, 0, 0, 0, 0, 0, 0, 0, 0, 0, 0, 0, 0, 0, 0, 0, 0, 0, 0, 0, 0, 0, 0, 0, 0, 0, 0, 0, 0, 0, 0, 0, 0, 0, 0, 0, 0, 0, 0, 0, 0, 0, 0, 0, 0, 0, 0] 
dagD20.txt 100_1x1.txt True 0.0 0.25 18.16 [0, 0, 0, 0, 0, 0, 0, 0, 0, 0, 0, 0, 0, 0, 0, 0, 0, 0, 0, 0, 0, 0, 0, 0, 0, 0, 0, 0, 0, 0, 0, 0, 0, 0, 0, 0, 0, 0, 0, 0, 0, 0, 0, 0, 0, 0, 0, 0, 0, 0, 0, 0, 0, 0, 0, 0, 0, 0, 0, 0, 0, 0, 0, 0, 0] 
dagD20.txt 100_1x1.txt True 0.0 0.3 18.16 [0, 0, 0, 0, 0, 0, 0, 0, 0, 0, 0, 0, 0, 0, 0, 0, 0, 0, 0, 0, 0, 0, 0, 0, 0, 0, 0, 0, 0, 0, 0, 0, 0, 0, 0, 0, 0, 0, 0, 0, 0, 0, 0, 0, 0, 0, 0, 0, 0, 0, 0, 0, 0, 0, 0, 0, 0, 0, 0, 0, 0, 0, 0, 0, 0] 
dagD20.txt 100_1x1.txt True 0.0 0.35 18.16 [0, 0, 0, 0, 0, 0, 0, 0, 0, 0, 0, 0, 0, 0, 0, 0, 0, 0, 0, 0, 0, 0, 0, 0, 0, 0, 0, 0, 0, 0, 0, 0, 0, 0, 0, 0, 0, 0, 0, 0, 0, 0, 0, 0, 0, 0, 0, 0, 0, 0, 0, 0, 0, 0, 0, 0, 0, 0, 0, 0, 0, 0, 0, 0, 0] 
dagD20.txt 100_1x1.txt True 0.0 0.4 18.16 [0, 0, 0, 0, 0, 0, 0, 0, 0, 0, 0, 0, 0, 0, 0, 0, 0, 0, 0, 0, 0, 0, 0, 0, 0, 0, 0, 0, 0, 0, 0, 0, 0, 0, 0, 0, 0, 0, 0, 0, 0, 0, 0, 0, 0, 0, 0, 0, 0, 0, 0, 0, 0, 0, 0, 0, 0, 0, 0, 0, 0, 0, 0, 0, 0] 
dagD20.txt 100_1x1.txt True 0.0 0.45 18.16 [0, 0, 0, 0, 0, 0, 0, 0, 0, 0, 0, 0, 0, 0, 0, 0, 0, 0, 0, 0, 0, 0, 0, 0, 0, 0, 0, 0, 0, 0, 0, 0, 0, 0, 0, 0, 0, 0, 0, 0, 0, 0, 0, 0, 0, 0, 0, 0, 0, 0, 0, 0, 0, 0, 0, 0, 0, 0, 0, 0, 0, 0, 0, 0, 0] 
dagD20.txt 100_1x1.txt True 0.0 0.5 18.16 [0, 0, 0, 0, 0, 0, 0, 0, 0, 0, 0, 0, 0, 0, 0, 0, 0, 0, 0, 0, 0, 0, 0, 0, 0, 0, 0, 0, 0, 0, 0, 0, 0, 0, 0, 0, 0, 0, 0, 0, 0, 0, 0, 0, 0, 0, 0, 0, 0, 0, 0, 0, 0, 0, 0, 0, 0, 0, 0, 0, 0, 0, 0, 0, 0] 
dagD20.txt 100_1x1.txt True 0.0 0.55 18.16 [0, 0, 0, 0, 0, 0, 0, 0, 0, 0, 0, 0, 0, 0, 0, 0, 0, 0, 0, 0, 0, 0, 0, 0, 0, 0, 0, 0, 0, 0, 0, 0, 0, 0, 0, 0, 0, 0, 0, 0, 0, 0, 0, 0, 0, 0, 0, 0, 0, 0, 0, 0, 0, 0, 0, 0, 0, 0, 0, 0, 0, 0, 0, 0, 0] 
dagD20.txt 100_1x1.txt True 0.015463917525773196 0.6 18.06 [0, 0, 0, 0, 0, 0, 0, 1, 0, 0, 0, 0, 0, 0, 0, 0, 0, 0, 0, 0, 0, 0, 0, 0, 0, 0, 0, 0, 0, 0, 0, 0, 0, 0, 0, 0, 0, 0, 0, 0, 0, 0, 0, 0, 0, 0, 0, 0, 0, 0, 0, 0, 0, 0, 0, 0, 0, 0, 0, 0, 0, 0, 0, 0, 0] 
dagD20.txt 100_1x1.txt True 0.015463917525773196 0.65 18.06 [0, 0, 0, 0, 0, 0, 0, 1, 0, 0, 0, 0, 0, 0, 0, 0, 0, 0, 0, 0, 0, 0, 0, 0, 0, 0, 0, 0, 0, 0, 0, 0, 0, 0, 0, 0, 0, 0, 0, 0, 0, 0, 0, 0, 0, 0, 0, 0, 0, 0, 0, 0, 0, 0, 0, 0, 0, 0, 0, 0, 0, 0, 0, 0, 0] 
dagD20.txt 100_1x1.txt True 0.03608247422680412 0.7 17.99 [0, 0, 0, 0, 0, 0, 0, 0, 0, 0, 0, 0, 0, 0, 0, 0, 0, 0, 0, 0, 0, 0, 0, 0, 0, 0, 0, 0, 0, 0, 0, 0, 0, 0, 0, 0, 0, 0, 0, 0, 0, 0, 0, 0, 0, 0, 0, 0, 1, 0, 0, 0, 0, 0, 0, 0, 0, 0, 0, 0, 0, 0, 0, 0, 0] 
dagD20.txt 100_1x1.txt True 0.03608247422680412 0.75 17.99 [0, 0, 0, 0, 0, 0, 0, 0, 0, 0, 0, 0, 0, 0, 0, 0, 0, 0, 0, 0, 0, 0, 0, 0, 0, 0, 0, 0, 0, 0, 0, 0, 0, 0, 0, 0, 0, 0, 0, 0, 0, 0, 0, 0, 0, 0, 0, 0, 1, 0, 0, 0, 0, 0, 0, 0, 0, 0, 0, 0, 0, 0, 0, 0, 0] 
dagD20.txt 100_1x1.txt True 0.03608247422680412 0.8 17.99 [0, 0, 0, 0, 0, 0, 0, 0, 0, 0, 0, 0, 0, 0, 0, 0, 0, 0, 0, 0, 0, 0, 0, 0, 0, 0, 0, 0, 0, 0, 0, 0, 0, 0, 0, 0, 0, 0, 0, 0, 0, 0, 0, 0, 0, 0, 0, 0, 1, 0, 0, 0, 0, 0, 0, 0, 0, 0, 0, 0, 0, 0, 0, 0, 0] 
dagD20.txt 100_1x1.txt True 0.015463917525773196 0.85 18.06 [0, 0, 0, 0, 0, 0, 0, 1, 0, 0, 0, 0, 0, 0, 0, 0, 0, 0, 0, 0, 0, 0, 0, 0, 0, 0, 0, 0, 0, 0, 0, 0, 0, 0, 0, 0, 0, 0, 0, 0, 0, 0, 0, 0, 0, 0, 0, 0, 0, 0, 0, 0, 0, 0, 0, 0, 0, 0, 0, 0, 0, 0, 0, 0, 0] 
dagD20.txt 100_1x1.txt True 0.041237113402061855 0.9 18.06 [0, 0, 0, 0, 0, 0, 0, 0, 0, 0, 0, 0, 1, 0, 0, 0, 0, 0, 0, 0, 0, 0, 0, 0, 0, 0, 0, 0, 0, 0, 0, 0, 0, 0, 0, 0, 0, 0, 0, 0, 0, 0, 0, 0, 0, 0, 0, 0, 0, 0, 0, 0, 0, 0, 0, 0, 0, 0, 0, 0, 0, 0, 0, 0, 0] 
dagD20.txt 100_1x1.txt True 0.041237113402061855 0.95 18.06 [0, 0, 0, 0, 0, 0, 0, 0, 0, 0, 0, 0, 1, 0, 0, 0, 0, 0, 0, 0, 0, 0, 0, 0, 0, 0, 0, 0, 0, 0, 0, 0, 0, 0, 0, 0, 0, 0, 0, 0, 0, 0, 0, 0, 0, 0, 0, 0, 0, 0, 0, 0, 0, 0, 0, 0, 0, 0, 0, 0, 0, 0, 0, 0, 0] 
dagD20.txt 100_1x1.txt True 0.041237113402061855 1 18.06 [0, 0, 0, 0, 0, 0, 0, 0, 0, 0, 0, 0, 1, 0, 0, 0, 0, 0, 0, 0, 0, 0, 0, 0, 0, 0, 0, 0, 0, 0, 0, 0, 0, 0, 0, 0, 0, 0, 0, 0, 0, 0, 0, 0, 0, 0, 0, 0, 0, 0, 0, 0, 0, 0, 0, 0, 0, 0, 0, 0, 0, 0, 0, 0, 0] 
dagD20.txt 1234x1.txt True 0.0 0.07 454.0 [3, 3, 3, 3, 3, 3, 3, 3, 3, 3, 3, 3, 3, 3, 3, 3, 3, 3, 3, 3, 3, 3, 3, 3, 3, 3, 3, 3, 3, 3, 3, 3, 3, 3, 3, 3, 3, 3, 3, 3, 3, 3, 3, 3, 3, 3, 3, 3, 3, 3, 3, 3, 3, 3, 3, 3, 3, 3, 3, 3, 3, 3, 3, 3, 3] 
dagD20.txt 1234x1.txt True 0.0 0.08 454.0 [3, 3, 3, 3, 3, 3, 3, 3, 3, 3, 3, 3, 3, 3, 3, 3, 3, 3, 3, 3, 3, 3, 3, 3, 3, 3, 3, 3, 3, 3, 3, 3, 3, 3, 3, 3, 3, 3, 3, 3, 3, 3, 3, 3, 3, 3, 3, 3, 3, 3, 3, 3, 3, 3, 3, 3, 3, 3, 3, 3, 3, 3, 3, 3, 3] 
dagD20.txt 1234x1.txt True 0.0 0.09 454.0 [3, 3, 3, 3, 3, 3, 3, 3, 3, 3, 3, 3, 3, 3, 3, 3, 3, 3, 3, 3, 3, 3, 3, 3, 3, 3, 3, 3, 3, 3, 3, 3, 3, 3, 3, 3, 3, 3, 3, 3, 3, 3, 3, 3, 3, 3, 3, 3, 3, 3, 3, 3, 3, 3, 3, 3, 3, 3, 3, 3, 3, 3, 3, 3, 3] 
dagD20.txt 1234x1.txt True 0.0 0.1 454.0 [3, 3, 3, 3, 3, 3, 3, 3, 3, 3, 3, 3, 3, 3, 3, 3, 3, 3, 3, 3, 3, 3, 3, 3, 3, 3, 3, 3, 3, 3, 3, 3, 3, 3, 3, 3, 3, 3, 3, 3, 3, 3, 3, 3, 3, 3, 3, 3, 3, 3, 3, 3, 3, 3, 3, 3, 3, 3, 3, 3, 3, 3, 3, 3, 3] 
dagD20.txt 1234x1.txt True 0.0 0.11 454.0 [3, 3, 3, 3, 3, 3, 3, 3, 3, 3, 3, 3, 3, 3, 3, 3, 3, 3, 3, 3, 3, 3, 3, 3, 3, 3, 3, 3, 3, 3, 3, 3, 3, 3, 3, 3, 3, 3, 3, 3, 3, 3, 3, 3, 3, 3, 3, 3, 3, 3, 3, 3, 3, 3, 3, 3, 3, 3, 3, 3, 3, 3, 3, 3, 3] 
dagD20.txt 1234x1.txt True 0.0 0.12 454.0 [3, 3, 3, 3, 3, 3, 3, 3, 3, 3, 3, 3, 3, 3, 3, 3, 3, 3, 3, 3, 3, 3, 3, 3, 3, 3, 3, 3, 3, 3, 3, 3, 3, 3, 3, 3, 3, 3, 3, 3, 3, 3, 3, 3, 3, 3, 3, 3, 3, 3, 3, 3, 3, 3, 3, 3, 3, 3, 3, 3, 3, 3, 3, 3, 3] 
dagD20.txt 1234x1.txt True 0.1134020618556701 0.13 378.5 [3, 3, 3, 2, 3, 3, 3, 3, 3, 3, 3, 3, 3, 3, 3, 3, 2, 3, 3, 3, 3, 3, 3, 3, 3, 3, 3, 3, 3, 3, 3, 3, 3, 3, 3, 3, 3, 3, 3, 3, 3, 3, 0, 0, 3, 3, 3, 3, 3, 3, 3, 0, 2, 3, 3, 3, 3, 3, 0, 3, 0, 3, 3, 2, 3] 
dagD20.txt 1234x1.txt True 0.05670103092783505 0.14 422.5 [3, 3, 3, 0, 3, 3, 3, 3, 3, 3, 3, 3, 3, 3, 3, 3, 0, 3, 3, 3, 3, 3, 3, 3, 3, 3, 3, 3, 3, 3, 3, 3, 3, 3, 3, 3, 3, 3, 3, 3, 3, 3, 3, 3, 3, 3, 3, 3, 3, 3, 3, 1, 3, 3, 3, 3, 3, 3, 3, 3, 1, 3, 3, 3, 3] 
dagD20.txt 1234x1.txt True 0.05670103092783505 0.15 422.5 [3, 3, 3, 0, 3, 3, 3, 3, 3, 3, 3, 3, 3, 3, 3, 3, 0, 3, 3, 3, 3, 3, 3, 3, 3, 3, 3, 3, 3, 3, 3, 3, 3, 3, 3, 3, 3, 3, 3, 3, 3, 3, 3, 3, 3, 3, 3, 3, 3, 3, 3, 1, 3, 3, 3, 3, 3, 3, 3, 3, 1, 3, 3, 3, 3] 
dagD20.txt 1234x1.txt True 0.05670103092783505 0.16 422.5 [3, 3, 3, 0, 3, 3, 3, 3, 3, 3, 3, 3, 3, 3, 3, 3, 0, 3, 3, 3, 3, 3, 3, 3, 3, 3, 3, 3, 3, 3, 3, 3, 3, 3, 3, 3, 3, 3, 3, 3, 3, 3, 3, 3, 3, 3, 3, 3, 3, 3, 3, 1, 3, 3, 3, 3, 3, 3, 3, 3, 1, 3, 3, 3, 3] 
dagD20.txt 1234x1.txt True 0.05670103092783505 0.17 422.5 [3, 3, 3, 0, 3, 3, 3, 3, 3, 3, 3, 3, 3, 3, 3, 3, 0, 3, 3, 3, 3, 3, 3, 3, 3, 3, 3, 3, 3, 3, 3, 3, 3, 3, 3, 3, 3, 3, 3, 3, 3, 3, 3, 3, 3, 3, 3, 3, 3, 3, 3, 1, 3, 3, 3, 3, 3, 3, 3, 3, 1, 3, 3, 3, 3] 
dagD20.txt 1234x1.txt True 0.05670103092783505 0.18 422.5 [3, 3, 3, 0, 3, 3, 3, 3, 3, 3, 3, 3, 3, 3, 3, 3, 0, 3, 3, 3, 3, 3, 3, 3, 3, 3, 3, 3, 3, 3, 3, 3, 3, 3, 3, 3, 3, 3, 3, 3, 3, 3, 3, 3, 3, 3, 3, 3, 3, 3, 3, 1, 3, 3, 3, 3, 3, 3, 3, 3, 1, 3, 3, 3, 3] 
dagD20.txt 1234x1.txt True 0.07731958762886598 0.19 401.5 [3, 3, 3, 0, 3, 3, 3, 3, 3, 3, 3, 3, 3, 3, 3, 3, 0, 3, 3, 3, 3, 3, 3, 3, 3, 3, 3, 3, 3, 3, 3, 3, 3, 3, 3, 3, 3, 3, 3, 3, 3, 3, 3, 3, 3, 3, 3, 3, 3, 3, 3, 1, 2, 3, 3, 3, 3, 3, 3, 3, 1, 3, 3, 2, 3] 
dagD20.txt 1234x1.txt True 0.07731958762886598 0.2 401.5 [3, 3, 3, 0, 3, 3, 3, 3, 3, 3, 3, 3, 3, 3, 3, 3, 0, 3, 3, 3, 3, 3, 3, 3, 3, 3, 3, 3, 3, 3, 3, 3, 3, 3, 3, 3, 3, 3, 3, 3, 3, 3, 3, 3, 3, 3, 3, 3, 3, 3, 3, 1, 2, 3, 3, 3, 3, 3, 3, 3, 1, 3, 3, 2, 3] 
dagD20.txt 1234x1.txt True 0.07731958762886598 0.25 401.5 [3, 3, 3, 0, 3, 3, 3, 3, 3, 3, 3, 3, 3, 3, 3, 3, 0, 3, 3, 3, 3, 3, 3, 3, 3, 3, 3, 3, 3, 3, 3, 3, 3, 3, 3, 3, 3, 3, 3, 3, 3, 3, 3, 3, 3, 3, 3, 3, 3, 3, 3, 1, 2, 3, 3, 3, 3, 3, 3, 3, 1, 3, 3, 2, 3] 
dagD20.txt 1234x1.txt True 0.07731958762886598 0.3 401.5 [3, 3, 3, 0, 3, 3, 3, 3, 3, 3, 3, 3, 3, 3, 3, 3, 0, 3, 3, 3, 3, 3, 3, 3, 3, 3, 3, 3, 3, 3, 3, 3, 3, 3, 3, 3, 3, 3, 3, 3, 3, 3, 3, 3, 3, 3, 3, 3, 3, 3, 3, 1, 2, 3, 3, 3, 3, 3, 3, 3, 1, 3, 3, 2, 3] 
dagD20.txt 1234x1.txt True 0.07731958762886598 0.35 401.5 [3, 3, 3, 0, 3, 3, 3, 3, 3, 3, 3, 3, 3, 3, 3, 3, 0, 3, 3, 3, 3, 3, 3, 3, 3, 3, 3, 3, 3, 3, 3, 3, 3, 3, 3, 3, 3, 3, 3, 3, 3, 3, 3, 3, 3, 3, 3, 3, 3, 3, 3, 1, 2, 3, 3, 3, 3, 3, 3, 3, 1, 3, 3, 2, 3] 
dagD20.txt 1234x1.txt True 0.07731958762886598 0.4 401.5 [3, 3, 3, 0, 3, 3, 3, 3, 3, 3, 3, 3, 3, 3, 3, 3, 0, 3, 3, 3, 3, 3, 3, 3, 3, 3, 3, 3, 3, 3, 3, 3, 3, 3, 3, 3, 3, 3, 3, 3, 3, 3, 3, 3, 3, 3, 3, 3, 3, 3, 3, 1, 2, 3, 3, 3, 3, 3, 3, 3, 1, 3, 3, 2, 3] 
dagD20.txt 1234x1.txt True 0.07731958762886598 0.45 401.5 [3, 3, 3, 0, 3, 3, 3, 3, 3, 3, 3, 3, 3, 3, 3, 3, 0, 3, 3, 3, 3, 3, 3, 3, 3, 3, 3, 3, 3, 3, 3, 3, 3, 3, 3, 3, 3, 3, 3, 3, 3, 3, 3, 3, 3, 3, 3, 3, 3, 3, 3, 1, 2, 3, 3, 3, 3, 3, 3, 3, 1, 3, 3, 2, 3] 
dagD20.txt 1234x1.txt True 0.39690721649484534 0.5 233.33333333333334 [0, 2, 2, 3, 3, 3, 3, 2, 0, 2, 2, 2, 2, 2, 2, 3, 3, 2, 3, 2, 2, 3, 0, 3, 3, 3, 2, 3, 2, 2, 2, 2, 2, 0, 3, 3, 2, 3, 3, 2, 2, 3, 2, 1, 2, 3, 3, 3, 2, 3, 3, 0, 3, 3, 3, 1, 3, 3, 3, 2, 2, 3, 3, 3, 1] 
dagD20.txt 1234x1.txt True 0.39690721649484534 0.55 300.0 [3, 3, 3, 3, 3, 3, 3, 3, 3, 2, 3, 2, 3, 3, 1, 3, 2, 1, 3, 2, 3, 2, 3, 2, 2, 1, 2, 1, 1, 3, 3, 2, 1, 3, 3, 2, 1, 2, 1, 1, 1, 2, 3, 1, 2, 1, 3, 1, 1, 1, 1, 3, 2, 2, 1, 1, 1, 2, 1, 2, 3, 1, 1, 2, 1] 
dagD20.txt 1234x1.txt True 0.4175257731958763 0.6 218.75 [1, 1, 2, 3, 3, 1, 3, 2, 1, 3, 2, 3, 2, 1, 0, 1, 3, 0, 2, 3, 1, 3, 2, 2, 3, 3, 3, 3, 0, 3, 2, 1, 3, 3, 3, 2, 3, 3, 3, 3, 3, 2, 3, 3, 2, 2, 2, 3, 2, 3, 2, 2, 1, 3, 3, 1, 2, 3, 3, 1, 2, 3, 2, 2, 3] 
dagD20.txt 1234x1.txt True 0.5051546391752577 0.65 218.5 [1, 2, 3, 3, 3, 2, 3, 1, 1, 2, 3, 2, 3, 2, 1, 2, 3, 1, 3, 2, 2, 0, 1, 1, 2, 1, 3, 3, 1, 1, 3, 3, 2, 2, 3, 1, 3, 2, 2, 3, 2, 2, 3, 2, 3, 1, 1, 1, 3, 2, 1, 3, 3, 1, 2, 2, 1, 0, 2, 3, 3, 0, 1, 0, 2] 
dagD20.txt 1234x1.txt True 0.5051546391752577 0.7 234.5 [1, 3, 0, 0, 1, 1, 1, 3, 3, 2, 2, 2, 2, 1, 1, 1, 3, 1, 0, 2, 2, 2, 3, 3, 3, 3, 2, 3, 0, 0, 3, 2, 2, 3, 1, 3, 0, 3, 3, 1, 2, 3, 2, 3, 3, 1, 3, 3, 3, 3, 3, 3, 3, 3, 3, 3, 3, 3, 2, 3, 3, 3, 0, 0, 2] 
dagD20.txt 1234x1.txt True 0.5051546391752577 0.75 234.5 [1, 3, 0, 0, 1, 1, 1, 3, 3, 2, 2, 2, 2, 1, 1, 1, 3, 1, 0, 2, 2, 2, 3, 3, 3, 3, 2, 3, 0, 0, 3, 2, 2, 3, 1, 3, 0, 3, 3, 1, 2, 3, 2, 3, 3, 1, 3, 3, 3, 3, 3, 3, 3, 3, 3, 3, 3, 3, 2, 3, 3, 3, 0, 0, 2] 
dagD20.txt 1234x1.txt True 0.5051546391752577 0.8 234.5 [1, 3, 0, 0, 1, 1, 1, 3, 3, 2, 2, 2, 2, 1, 1, 1, 3, 1, 0, 2, 2, 2, 3, 3, 3, 3, 2, 3, 0, 0, 3, 2, 2, 3, 1, 3, 0, 3, 3, 1, 2, 3, 2, 3, 3, 1, 3, 3, 3, 3, 3, 3, 3, 3, 3, 3, 3, 3, 2, 3, 3, 3, 0, 0, 2] 
dagD20.txt 1234x1.txt True 0.634020618556701 0.85 191.33333333333334 [1, 3, 3, 2, 3, 1, 0, 3, 1, 2, 1, 3, 2, 1, 1, 3, 2, 1, 2, 2, 3, 1, 3, 0, 3, 2, 1, 1, 3, 1, 3, 3, 3, 3, 2, 2, 1, 2, 3, 2, 3, 3, 1, 0, 1, 3, 2, 3, 2, 2, 2, 2, 3, 2, 2, 3, 3, 3, 0, 3, 2, 2, 2, 0, 3] 
dagD20.txt 1234x1.txt True 0.5876288659793815 0.9 186.0 [2, 2, 3, 2, 2, 2, 2, 3, 1, 3, 1, 3, 3, 2, 2, 1, 2, 3, 2, 0, 1, 2, 1, 2, 3, 3, 1, 3, 2, 1, 3, 3, 2, 3, 1, 1, 3, 1, 0, 0, 2, 3, 2, 3, 2, 2, 3, 3, 1, 3, 1, 3, 3, 1, 3, 3, 2, 1, 3, 2, 2, 3, 0, 3, 0] 
dagD20.txt 1234x1.txt True 0.6649484536082474 0.95 192.5 [3, 3, 3, 1, 2, 3, 1, 1, 3, 1, 3, 3, 3, 3, 3, 0, 3, 2, 3, 2, 1, 1, 1, 1, 1, 2, 2, 3, 1, 0, 3, 0, 2, 2, 2, 0, 3, 1, 3, 2, 2, 3, 2, 0, 3, 2, 3, 0, 2, 2, 3, 3, 2, 3, 2, 2, 1, 0, 3, 1, 3, 3, 1, 3, 2] 
dagD20.txt 1234x1.txt True 0.6649484536082474 1 192.5 [3, 3, 3, 1, 2, 3, 1, 1, 3, 1, 3, 3, 3, 3, 3, 0, 3, 2, 3, 2, 1, 1, 1, 1, 1, 2, 2, 3, 1, 0, 3, 0, 2, 2, 2, 0, 3, 1, 3, 2, 2, 3, 2, 0, 3, 2, 3, 0, 2, 2, 3, 3, 2, 3, 2, 2, 1, 0, 3, 1, 3, 3, 1, 3, 2] 
dagD20.txt 3_2x3.txt True 0.04639175257731959 0.07 573.6666666666666 [0, 0, 0, 0, 0, 0, 0, 0, 0, 0, 0, 0, 0, 0, 0, 0, 0, 0, 0, 0, 0, 0, 0, 0, 0, 0, 0, 0, 0, 0, 0, 0, 0, 0, 0, 0, 0, 0, 0, 0, 0, 2, 0, 0, 0, 0, 0, 0, 0, 0, 0, 0, 2, 0, 0, 0, 0, 0, 0, 0, 0, 0, 0, 0, 0] 
dagD20.txt 3_2x3.txt True 0.04639175257731959 0.08 573.6666666666666 [0, 0, 0, 0, 0, 0, 0, 0, 0, 0, 0, 0, 0, 0, 0, 0, 0, 0, 0, 0, 0, 0, 0, 0, 0, 0, 0, 0, 0, 0, 0, 0, 0, 0, 0, 0, 0, 0, 0, 0, 0, 2, 0, 0, 0, 0, 0, 0, 0, 0, 0, 0, 2, 0, 0, 0, 0, 0, 0, 0, 0, 0, 0, 0, 0] 
dagD20.txt 3_2x3.txt True 0.04639175257731959 0.09 573.6666666666666 [0, 0, 0, 0, 0, 0, 0, 0, 0, 0, 0, 0, 0, 0, 0, 0, 0, 0, 0, 0, 0, 0, 0, 0, 0, 0, 0, 0, 0, 0, 0, 0, 0, 0, 0, 0, 0, 0, 0, 0, 0, 2, 0, 0, 0, 0, 0, 0, 0, 0, 0, 0, 2, 0, 0, 0, 0, 0, 0, 0, 0, 0, 0, 0, 0] 
dagD20.txt 3_2x3.txt True 0.04639175257731959 0.1 573.6666666666666 [0, 0, 0, 0, 0, 0, 0, 0, 0, 0, 0, 0, 0, 0, 0, 0, 0, 0, 0, 0, 0, 0, 0, 0, 0, 0, 0, 0, 0, 0, 0, 0, 0, 0, 0, 0, 0, 0, 0, 0, 0, 2, 0, 0, 0, 0, 0, 0, 0, 0, 0, 0, 2, 0, 0, 0, 0, 0, 0, 0, 0, 0, 0, 0, 0] 
dagD20.txt 3_2x3.txt True 0.04639175257731959 0.11 573.6666666666666 [0, 0, 0, 0, 0, 0, 0, 0, 0, 0, 0, 0, 0, 0, 0, 0, 0, 0, 0, 0, 0, 0, 0, 0, 0, 0, 0, 0, 0, 0, 0, 0, 0, 0, 0, 0, 0, 0, 0, 0, 0, 2, 0, 0, 0, 0, 0, 0, 0, 0, 0, 0, 2, 0, 0, 0, 0, 0, 0, 0, 0, 0, 0, 0, 0] 
dagD20.txt 3_2x3.txt True 0.04639175257731959 0.12 573.6666666666666 [0, 0, 0, 0, 0, 0, 0, 0, 0, 0, 0, 0, 0, 0, 0, 0, 0, 0, 0, 0, 0, 0, 0, 0, 0, 0, 0, 0, 0, 0, 0, 0, 0, 0, 0, 0, 0, 0, 0, 0, 0, 2, 0, 0, 0, 0, 0, 0, 0, 0, 0, 0, 2, 0, 0, 0, 0, 0, 0, 0, 0, 0, 0, 0, 0] 
dagD20.txt 3_2x3.txt True 0.1134020618556701 0.13 504.6666666666667 [0, 0, 0, 5, 0, 0, 0, 0, 0, 0, 0, 0, 0, 0, 0, 0, 5, 0, 0, 0, 0, 0, 0, 0, 0, 0, 0, 0, 0, 0, 0, 0, 0, 0, 0, 0, 0, 0, 0, 0, 0, 0, 5, 2, 0, 0, 0, 0, 0, 0, 0, 5, 2, 0, 0, 0, 0, 0, 2, 0, 5, 0, 0, 2, 0] 
dagD20.txt 3_2x3.txt True 0.12371134020618557 0.14 506.0 [2, 2, 2, 0, 2, 2, 2, 2, 1, 2, 2, 2, 2, 2, 2, 1, 0, 2, 2, 2, 2, 2, 2, 2, 2, 2, 2, 2, 2, 2, 2, 2, 2, 2, 2, 2, 2, 2, 2, 2, 2, 2, 2, 2, 2, 0, 2, 2, 2, 2, 2, 1, 1, 2, 2, 2, 2, 2, 2, 2, 1, 2, 2, 1, 2] 
dagD20.txt 3_2x3.txt True 0.12371134020618557 0.15 506.0 [2, 2, 2, 0, 2, 2, 2, 2, 1, 2, 2, 2, 2, 2, 2, 1, 0, 2, 2, 2, 2, 2, 2, 2, 2, 2, 2, 2, 2, 2, 2, 2, 2, 2, 2, 2, 2, 2, 2, 2, 2, 2, 2, 2, 2, 0, 2, 2, 2, 2, 2, 1, 1, 2, 2, 2, 2, 2, 2, 2, 1, 2, 2, 1, 2] 
dagD20.txt 3_2x3.txt True 0.12371134020618557 0.16 506.0 [2, 2, 2, 0, 2, 2, 2, 2, 1, 2, 2, 2, 2, 2, 2, 1, 0, 2, 2, 2, 2, 2, 2, 2, 2, 2, 2, 2, 2, 2, 2, 2, 2, 2, 2, 2, 2, 2, 2, 2, 2, 2, 2, 2, 2, 0, 2, 2, 2, 2, 2, 1, 1, 2, 2, 2, 2, 2, 2, 2, 1, 2, 2, 1, 2] 
dagD20.txt 3_2x3.txt True 0.12371134020618557 0.17 506.0 [2, 2, 2, 0, 2, 2, 2, 2, 1, 2, 2, 2, 2, 2, 2, 1, 0, 2, 2, 2, 2, 2, 2, 2, 2, 2, 2, 2, 2, 2, 2, 2, 2, 2, 2, 2, 2, 2, 2, 2, 2, 2, 2, 2, 2, 0, 2, 2, 2, 2, 2, 1, 1, 2, 2, 2, 2, 2, 2, 2, 1, 2, 2, 1, 2] 
dagD20.txt 3_2x3.txt True 0.12371134020618557 0.18 506.0 [2, 2, 2, 0, 2, 2, 2, 2, 1, 2, 2, 2, 2, 2, 2, 1, 0, 2, 2, 2, 2, 2, 2, 2, 2, 2, 2, 2, 2, 2, 2, 2, 2, 2, 2, 2, 2, 2, 2, 2, 2, 2, 2, 2, 2, 0, 2, 2, 2, 2, 2, 1, 1, 2, 2, 2, 2, 2, 2, 2, 1, 2, 2, 1, 2] 
dagD20.txt 3_2x3.txt True 0.16494845360824742 0.19 470.3333333333333 [0, 0, 0, 1, 0, 0, 0, 0, 0, 0, 0, 0, 0, 0, 0, 0, 1, 0, 0, 0, 0, 0, 0, 0, 0, 0, 0, 0, 0, 0, 2, 0, 0, 0, 0, 0, 0, 0, 0, 0, 0, 0, 0, 0, 0, 0, 2, 0, 0, 0, 3, 2, 3, 0, 0, 1, 0, 0, 0, 0, 2, 3, 0, 3, 0] 
dagD20.txt 3_2x3.txt True 0.16494845360824742 0.2 470.3333333333333 [0, 0, 0, 1, 0, 0, 0, 0, 0, 0, 0, 0, 0, 0, 0, 0, 1, 0, 0, 0, 0, 0, 0, 0, 0, 0, 0, 0, 0, 0, 2, 0, 0, 0, 0, 0, 0, 0, 0, 0, 0, 0, 0, 0, 0, 0, 2, 0, 0, 0, 3, 2, 3, 0, 0, 1, 0, 0, 0, 0, 2, 3, 0, 3, 0] 
dagD20.txt 3_2x3.txt True 0.16494845360824742 0.25 470.3333333333333 [0, 0, 0, 1, 0, 0, 0, 0, 0, 0, 0, 0, 0, 0, 0, 0, 1, 0, 0, 0, 0, 0, 0, 0, 0, 0, 0, 0, 0, 0, 2, 0, 0, 0, 0, 0, 0, 0, 0, 0, 0, 0, 0, 0, 0, 0, 2, 0, 0, 0, 3, 2, 3, 0, 0, 1, 0, 0, 0, 0, 2, 3, 0, 3, 0] 
dagD20.txt 3_2x3.txt True 0.16494845360824742 0.3 470.3333333333333 [0, 0, 0, 1, 0, 0, 0, 0, 0, 0, 0, 0, 0, 0, 0, 0, 1, 0, 0, 0, 0, 0, 0, 0, 0, 0, 0, 0, 0, 0, 2, 0, 0, 0, 0, 0, 0, 0, 0, 0, 0, 0, 0, 0, 0, 0, 2, 0, 0, 0, 3, 2, 3, 0, 0, 1, 0, 0, 0, 0, 2, 3, 0, 3, 0] 
dagD20.txt 3_2x3.txt True 0.16494845360824742 0.35 470.3333333333333 [0, 0, 0, 1, 0, 0, 0, 0, 0, 0, 0, 0, 0, 0, 0, 0, 1, 0, 0, 0, 0, 0, 0, 0, 0, 0, 0, 0, 0, 0, 2, 0, 0, 0, 0, 0, 0, 0, 0, 0, 0, 0, 0, 0, 0, 0, 2, 0, 0, 0, 3, 2, 3, 0, 0, 1, 0, 0, 0, 0, 2, 3, 0, 3, 0] 
dagD20.txt 3_2x3.txt True 0.16494845360824742 0.4 470.3333333333333 [0, 0, 0, 1, 0, 0, 0, 0, 0, 0, 0, 0, 0, 0, 0, 0, 1, 0, 0, 0, 0, 0, 0, 0, 0, 0, 0, 0, 0, 0, 2, 0, 0, 0, 0, 0, 0, 0, 0, 0, 0, 0, 0, 0, 0, 0, 2, 0, 0, 0, 3, 2, 3, 0, 0, 1, 0, 0, 0, 0, 2, 3, 0, 3, 0] 
dagD20.txt 3_2x3.txt True 0.16494845360824742 0.45 470.3333333333333 [0, 0, 0, 1, 0, 0, 0, 0, 0, 0, 0, 0, 0, 0, 0, 0, 1, 0, 0, 0, 0, 0, 0, 0, 0, 0, 0, 0, 0, 0, 2, 0, 0, 0, 0, 0, 0, 0, 0, 0, 0, 0, 0, 0, 0, 0, 2, 0, 0, 0, 3, 2, 3, 0, 0, 1, 0, 0, 0, 0, 2, 3, 0, 3, 0] 
dagD20.txt 3_2x3.txt True 0.3917525773195876 0.5 216.33333333333334 [5, 0, 0, 0, 0, 5, 0, 0, 5, 0, 0, 0, 0, 0, 2, 5, 0, 2, 0, 0, 0, 0, 5, 4, 4, 4, 0, 4, 2, 0, 0, 0, 0, 5, 5, 4, 2, 4, 4, 2, 0, 4, 2, 5, 2, 4, 4, 4, 2, 4, 4, 5, 4, 4, 4, 5, 4, 4, 4, 2, 2, 4, 4, 4, 5] 
dagD20.txt 3_2x3.txt True 0.4381443298969072 0.55 200.0 [4, 4, 4, 4, 4, 4, 4, 4, 4, 0, 4, 0, 4, 4, 2, 4, 3, 2, 4, 0, 4, 3, 3, 0, 0, 2, 0, 2, 2, 3, 4, 0, 2, 3, 3, 0, 2, 0, 2, 2, 2, 0, 3, 2, 0, 2, 3, 2, 2, 2, 2, 3, 0, 0, 2, 2, 2, 0, 2, 0, 3, 2, 2, 0, 2] 
dagD20.txt 3_2x3.txt True 0.4793814432989691 0.6 177.66666666666666 [1, 1, 0, 3, 3, 1, 3, 0, 1, 3, 0, 3, 0, 1, 4, 1, 3, 4, 0, 3, 1, 3, 4, 4, 2, 2, 3, 2, 4, 2, 0, 5, 2, 2, 2, 4, 2, 5, 2, 2, 2, 4, 3, 2, 4, 4, 4, 2, 4, 2, 4, 4, 5, 5, 2, 2, 4, 2, 2, 5, 4, 2, 4, 4, 2] 
dagD20.txt 3_2x3.txt True 0.5360824742268041 0.65 205.0 [4, 0, 5, 3, 3, 0, 3, 0, 1, 0, 5, 0, 5, 0, 4, 0, 3, 4, 5, 0, 3, 3, 2, 2, 0, 2, 4, 1, 4, 0, 5, 0, 0, 0, 4, 2, 1, 0, 0, 4, 0, 5, 4, 0, 4, 2, 2, 2, 4, 0, 2, 4, 5, 2, 0, 0, 2, 2, 0, 0, 4, 2, 2, 2, 0] 
dagD20.txt 3_2x3.txt True 0.520618556701031 0.7 222.33333333333334 [5, 1, 1, 1, 2, 5, 1, 1, 0, 3, 1, 3, 3, 5, 0, 5, 2, 0, 1, 3, 3, 2, 0, 0, 0, 0, 3, 0, 0, 2, 0, 3, 3, 0, 4, 0, 3, 5, 0, 4, 2, 0, 5, 0, 0, 4, 0, 0, 4, 0, 0, 5, 3, 5, 0, 4, 0, 0, 3, 3, 5, 0, 3, 3, 4] 
dagD20.txt 3_2x3.txt True 0.520618556701031 0.75 222.33333333333334 [5, 1, 1, 1, 2, 5, 1, 1, 0, 3, 1, 3, 3, 5, 0, 5, 2, 0, 1, 3, 3, 2, 0, 0, 0, 0, 3, 0, 0, 2, 0, 3, 3, 0, 4, 0, 3, 5, 0, 4, 2, 0, 5, 0, 0, 4, 0, 0, 4, 0, 0, 5, 3, 5, 0, 4, 0, 0, 3, 3, 5, 0, 3, 3, 4] 
dagD20.txt 3_2x3.txt True 0.520618556701031 0.8 222.33333333333334 [5, 1, 1, 1, 2, 5, 1, 1, 0, 3, 1, 3, 3, 5, 0, 5, 2, 0, 1, 3, 3, 2, 0, 0, 0, 0, 3, 0, 0, 2, 0, 3, 3, 0, 4, 0, 3, 5, 0, 4, 2, 0, 5, 0, 0, 4, 0, 0, 4, 0, 0, 5, 3, 5, 0, 4, 0, 0, 3, 3, 5, 0, 3, 3, 4] 
dagD20.txt 3_2x3.txt True 0.6752577319587629 0.85 131.0 [4, 5, 2, 2, 2, 4, 2, 4, 3, 1, 5, 1, 3, 4, 0, 5, 2, 0, 2, 3, 1, 5, 4, 3, 0, 3, 1, 0, 0, 5, 4, 1, 1, 4, 2, 2, 0, 4, 4, 2, 1, 0, 0, 5, 0, 0, 3, 4, 2, 3, 2, 0, 4, 4, 5, 1, 0, 4, 3, 4, 0, 2, 5, 0, 0] 
dagD20.txt 3_2x3.txt True 0.6804123711340206 0.9 130.33333333333334 [3, 1, 0, 1, 5, 3, 5, 0, 3, 5, 2, 4, 5, 3, 2, 0, 1, 1, 1, 5, 4, 5, 0, 0, 2, 2, 1, 0, 2, 2, 4, 4, 2, 4, 0, 0, 1, 3, 0, 3, 2, 5, 4, 4, 2, 4, 4, 2, 0, 0, 0, 0, 4, 3, 2, 0, 4, 3, 1, 2, 4, 2, 2, 4, 3] 
dagD20.txt 3_2x3.txt True 0.7577319587628866 0.95 125.66666666666667 [2, 2, 2, 1, 4, 1, 1, 0, 0, 2, 5, 4, 0, 1, 2, 5, 2, 4, 5, 1, 0, 2, 0, 4, 5, 4, 5, 5, 1, 0, 0, 0, 0, 4, 0, 0, 5, 5, 4, 2, 0, 2, 4, 2, 3, 2, 4, 4, 3, 3, 5, 3, 0, 3, 4, 0, 1, 2, 3, 1, 3, 1, 5, 1, 3] 
dagD20.txt 3_2x3.txt True 0.7577319587628866 1 125.66666666666667 [2, 2, 2, 1, 4, 1, 1, 0, 0, 2, 5, 4, 0, 1, 2, 5, 2, 4, 5, 1, 0, 2, 0, 4, 5, 4, 5, 5, 1, 0, 0, 0, 0, 4, 0, 0, 5, 5, 4, 2, 0, 2, 4, 2, 3, 2, 4, 4, 3, 3, 5, 3, 0, 3, 4, 0, 1, 2, 3, 1, 3, 1, 5, 1, 3] 
dagD20.txt 1234x3.txt True 0.04639175257731959 0.07 430.25 [11, 11, 11, 11, 11, 11, 11, 11, 11, 11, 11, 11, 11, 11, 11, 11, 11, 11, 11, 11, 11, 11, 11, 11, 11, 11, 11, 11, 11, 11, 11, 11, 11, 11, 11, 11, 11, 11, 11, 11, 11, 5, 11, 11, 11, 11, 11, 11, 11, 11, 11, 11, 5, 11, 11, 11, 11, 11, 11, 11, 11, 11, 11, 11, 11] 
dagD20.txt 1234x3.txt True 0.04639175257731959 0.08 430.25 [11, 11, 11, 11, 11, 11, 11, 11, 11, 11, 11, 11, 11, 11, 11, 11, 11, 11, 11, 11, 11, 11, 11, 11, 11, 11, 11, 11, 11, 11, 11, 11, 11, 11, 11, 11, 11, 11, 11, 11, 11, 5, 11, 11, 11, 11, 11, 11, 11, 11, 11, 11, 5, 11, 11, 11, 11, 11, 11, 11, 11, 11, 11, 11, 11] 
dagD20.txt 1234x3.txt True 0.04639175257731959 0.09 430.25 [11, 11, 11, 11, 11, 11, 11, 11, 11, 11, 11, 11, 11, 11, 11, 11, 11, 11, 11, 11, 11, 11, 11, 11, 11, 11, 11, 11, 11, 11, 11, 11, 11, 11, 11, 11, 11, 11, 11, 11, 11, 5, 11, 11, 11, 11, 11, 11, 11, 11, 11, 11, 5, 11, 11, 11, 11, 11, 11, 11, 11, 11, 11, 11, 11] 
dagD20.txt 1234x3.txt True 0.04639175257731959 0.1 430.25 [11, 11, 11, 11, 11, 11, 11, 11, 11, 11, 11, 11, 11, 11, 11, 11, 11, 11, 11, 11, 11, 11, 11, 11, 11, 11, 11, 11, 11, 11, 11, 11, 11, 11, 11, 11, 11, 11, 11, 11, 11, 5, 11, 11, 11, 11, 11, 11, 11, 11, 11, 11, 5, 11, 11, 11, 11, 11, 11, 11, 11, 11, 11, 11, 11] 
dagD20.txt 1234x3.txt True 0.04639175257731959 0.11 430.25 [11, 11, 11, 11, 11, 11, 11, 11, 11, 11, 11, 11, 11, 11, 11, 11, 11, 11, 11, 11, 11, 11, 11, 11, 11, 11, 11, 11, 11, 11, 11, 11, 11, 11, 11, 11, 11, 11, 11, 11, 11, 5, 11, 11, 11, 11, 11, 11, 11, 11, 11, 11, 5, 11, 11, 11, 11, 11, 11, 11, 11, 11, 11, 11, 11] 
dagD20.txt 1234x3.txt True 0.04639175257731959 0.12 430.25 [11, 11, 11, 11, 11, 11, 11, 11, 11, 11, 11, 11, 11, 11, 11, 11, 11, 11, 11, 11, 11, 11, 11, 11, 11, 11, 11, 11, 11, 11, 11, 11, 11, 11, 11, 11, 11, 11, 11, 11, 11, 5, 11, 11, 11, 11, 11, 11, 11, 11, 11, 11, 5, 11, 11, 11, 11, 11, 11, 11, 11, 11, 11, 11, 11] 
dagD20.txt 1234x3.txt True 0.12371134020618557 0.13 378.5 [3, 3, 3, 7, 3, 3, 3, 3, 3, 3, 3, 3, 3, 3, 3, 3, 8, 3, 3, 3, 3, 3, 3, 3, 3, 3, 3, 3, 3, 3, 3, 3, 3, 3, 3, 3, 3, 3, 3, 3, 3, 3, 2, 5, 3, 3, 3, 3, 3, 3, 3, 2, 11, 3, 3, 3, 3, 3, 4, 3, 2, 3, 3, 11, 3] 
dagD20.txt 1234x3.txt True 0.13402061855670103 0.14 379.5 [3, 3, 3, 4, 3, 3, 3, 3, 10, 3, 3, 3, 3, 3, 3, 10, 5, 3, 3, 3, 3, 3, 3, 3, 3, 3, 3, 3, 3, 3, 3, 3, 3, 3, 3, 3, 3, 3, 3, 3, 3, 3, 3, 3, 3, 7, 3, 3, 3, 3, 3, 1, 11, 3, 3, 3, 3, 3, 3, 3, 2, 3, 3, 11, 3] 
dagD20.txt 1234x3.txt True 0.13402061855670103 0.15 379.5 [3, 3, 3, 4, 3, 3, 3, 3, 10, 3, 3, 3, 3, 3, 3, 10, 5, 3, 3, 3, 3, 3, 3, 3, 3, 3, 3, 3, 3, 3, 3, 3, 3, 3, 3, 3, 3, 3, 3, 3, 3, 3, 3, 3, 3, 7, 3, 3, 3, 3, 3, 1, 11, 3, 3, 3, 3, 3, 3, 3, 2, 3, 3, 11, 3] 
dagD20.txt 1234x3.txt True 0.13402061855670103 0.16 379.5 [3, 3, 3, 4, 3, 3, 3, 3, 10, 3, 3, 3, 3, 3, 3, 10, 5, 3, 3, 3, 3, 3, 3, 3, 3, 3, 3, 3, 3, 3, 3, 3, 3, 3, 3, 3, 3, 3, 3, 3, 3, 3, 3, 3, 3, 7, 3, 3, 3, 3, 3, 1, 11, 3, 3, 3, 3, 3, 3, 3, 2, 3, 3, 11, 3] 
dagD20.txt 1234x3.txt True 0.13402061855670103 0.17 379.5 [3, 3, 3, 4, 3, 3, 3, 3, 10, 3, 3, 3, 3, 3, 3, 10, 5, 3, 3, 3, 3, 3, 3, 3, 3, 3, 3, 3, 3, 3, 3, 3, 3, 3, 3, 3, 3, 3, 3, 3, 3, 3, 3, 3, 3, 7, 3, 3, 3, 3, 3, 1, 11, 3, 3, 3, 3, 3, 3, 3, 2, 3, 3, 11, 3] 
dagD20.txt 1234x3.txt True 0.13402061855670103 0.18 379.5 [3, 3, 3, 4, 3, 3, 3, 3, 10, 3, 3, 3, 3, 3, 3, 10, 5, 3, 3, 3, 3, 3, 3, 3, 3, 3, 3, 3, 3, 3, 3, 3, 3, 3, 3, 3, 3, 3, 3, 3, 3, 3, 3, 3, 3, 7, 3, 3, 3, 3, 3, 1, 11, 3, 3, 3, 3, 3, 3, 3, 2, 3, 3, 11, 3] 
dagD20.txt 1234x3.txt True 0.18041237113402062 0.19 352.75 [3, 3, 3, 1, 3, 3, 3, 3, 3, 3, 3, 3, 3, 3, 3, 3, 2, 3, 3, 3, 3, 3, 3, 3, 3, 3, 3, 3, 3, 3, 11, 3, 3, 3, 3, 3, 3, 3, 3, 3, 3, 3, 3, 3, 3, 3, 11, 3, 3, 3, 10, 8, 4, 3, 3, 9, 3, 3, 3, 3, 7, 10, 3, 5, 3] 
dagD20.txt 1234x3.txt True 0.18041237113402062 0.2 352.75 [3, 3, 3, 1, 3, 3, 3, 3, 3, 3, 3, 3, 3, 3, 3, 3, 2, 3, 3, 3, 3, 3, 3, 3, 3, 3, 3, 3, 3, 3, 11, 3, 3, 3, 3, 3, 3, 3, 3, 3, 3, 3, 3, 3, 3, 3, 11, 3, 3, 3, 10, 8, 4, 3, 3, 9, 3, 3, 3, 3, 7, 10, 3, 5, 3] 
dagD20.txt 1234x3.txt True 0.18041237113402062 0.25 352.75 [3, 3, 3, 1, 3, 3, 3, 3, 3, 3, 3, 3, 3, 3, 3, 3, 2, 3, 3, 3, 3, 3, 3, 3, 3, 3, 3, 3, 3, 3, 11, 3, 3, 3, 3, 3, 3, 3, 3, 3, 3, 3, 3, 3, 3, 3, 11, 3, 3, 3, 10, 8, 4, 3, 3, 9, 3, 3, 3, 3, 7, 10, 3, 5, 3] 
dagD20.txt 1234x3.txt True 0.18041237113402062 0.3 352.75 [3, 3, 3, 1, 3, 3, 3, 3, 3, 3, 3, 3, 3, 3, 3, 3, 2, 3, 3, 3, 3, 3, 3, 3, 3, 3, 3, 3, 3, 3, 11, 3, 3, 3, 3, 3, 3, 3, 3, 3, 3, 3, 3, 3, 3, 3, 11, 3, 3, 3, 10, 8, 4, 3, 3, 9, 3, 3, 3, 3, 7, 10, 3, 5, 3] 
dagD20.txt 1234x3.txt True 0.18041237113402062 0.35 352.75 [3, 3, 3, 1, 3, 3, 3, 3, 3, 3, 3, 3, 3, 3, 3, 3, 2, 3, 3, 3, 3, 3, 3, 3, 3, 3, 3, 3, 3, 3, 11, 3, 3, 3, 3, 3, 3, 3, 3, 3, 3, 3, 3, 3, 3, 3, 11, 3, 3, 3, 10, 8, 4, 3, 3, 9, 3, 3, 3, 3, 7, 10, 3, 5, 3] 
dagD20.txt 1234x3.txt True 0.18041237113402062 0.4 352.75 [3, 3, 3, 1, 3, 3, 3, 3, 3, 3, 3, 3, 3, 3, 3, 3, 2, 3, 3, 3, 3, 3, 3, 3, 3, 3, 3, 3, 3, 3, 11, 3, 3, 3, 3, 3, 3, 3, 3, 3, 3, 3, 3, 3, 3, 3, 11, 3, 3, 3, 10, 8, 4, 3, 3, 9, 3, 3, 3, 3, 7, 10, 3, 5, 3] 
dagD20.txt 1234x3.txt True 0.18041237113402062 0.45 352.75 [3, 3, 3, 1, 3, 3, 3, 3, 3, 3, 3, 3, 3, 3, 3, 3, 2, 3, 3, 3, 3, 3, 3, 3, 3, 3, 3, 3, 3, 3, 11, 3, 3, 3, 3, 3, 3, 3, 3, 3, 3, 3, 3, 3, 3, 3, 11, 3, 3, 3, 10, 8, 4, 3, 3, 9, 3, 3, 3, 3, 7, 10, 3, 5, 3] 
dagD20.txt 1234x3.txt True 0.4742268041237113 0.5 159.25 [11, 7, 7, 9, 9, 10, 9, 7, 11, 7, 7, 7, 7, 7, 2, 10, 9, 2, 9, 7, 7, 9, 4, 3, 3, 3, 7, 3, 2, 7, 7, 7, 7, 4, 8, 3, 2, 3, 3, 2, 7, 3, 2, 5, 2, 3, 3, 3, 2, 3, 3, 4, 3, 3, 3, 1, 3, 3, 3, 2, 2, 3, 3, 3, 5] 
dagD20.txt 1234x3.txt True 0.5051546391752577 0.55 159.5 [0, 6, 6, 6, 6, 0, 6, 6, 0, 3, 6, 3, 6, 0, 7, 0, 2, 7, 6, 3, 0, 1, 11, 3, 10, 7, 3, 7, 7, 5, 6, 3, 7, 11, 4, 3, 7, 10, 7, 7, 7, 10, 11, 7, 10, 7, 7, 7, 7, 7, 7, 11, 10, 10, 7, 7, 7, 10, 7, 10, 11, 7, 7, 10, 7] 
dagD20.txt 1234x3.txt True 0.520618556701031 0.6 132.5 [7, 7, 3, 1, 1, 7, 1, 5, 7, 7, 3, 7, 3, 7, 6, 7, 1, 6, 3, 7, 2, 1, 3, 3, 11, 11, 7, 11, 6, 11, 3, 9, 11, 11, 7, 3, 11, 10, 11, 7, 11, 3, 7, 11, 3, 3, 3, 11, 3, 11, 3, 3, 9, 10, 11, 11, 3, 11, 11, 9, 3, 7, 3, 3, 11] 
dagD20.txt 1234x3.txt True 0.5670103092783505 0.65 114.75 [1, 3, 5, 2, 2, 3, 2, 5, 0, 7, 5, 7, 5, 3, 1, 3, 2, 1, 5, 7, 4, 2, 3, 3, 7, 3, 10, 7, 1, 3, 5, 11, 7, 7, 10, 3, 7, 7, 7, 10, 7, 8, 11, 7, 11, 3, 3, 3, 10, 7, 3, 11, 6, 3, 7, 7, 3, 8, 7, 11, 11, 9, 3, 8, 7] 
dagD20.txt 1234x3.txt True 0.5618556701030928 0.7 141.0 [4, 0, 0, 1, 1, 4, 1, 0, 4, 2, 3, 2, 2, 4, 5, 4, 2, 5, 1, 2, 2, 2, 3, 3, 3, 3, 2, 3, 5, 3, 3, 2, 2, 3, 8, 3, 11, 6, 3, 8, 7, 3, 9, 3, 10, 8, 3, 3, 8, 3, 3, 9, 10, 6, 3, 6, 3, 3, 11, 10, 9, 3, 11, 10, 7] 
dagD20.txt 1234x3.txt True 0.5618556701030928 0.75 141.0 [4, 0, 0, 1, 1, 4, 1, 0, 4, 2, 3, 2, 2, 4, 5, 4, 2, 5, 1, 2, 2, 2, 3, 3, 3, 3, 2, 3, 5, 3, 3, 2, 2, 3, 8, 3, 11, 6, 3, 8, 7, 3, 9, 3, 10, 8, 3, 3, 8, 3, 3, 9, 10, 6, 3, 6, 3, 3, 11, 10, 9, 3, 11, 10, 7] 
dagD20.txt 1234x3.txt True 0.5618556701030928 0.8 141.0 [4, 0, 0, 1, 1, 4, 1, 0, 4, 2, 3, 2, 2, 4, 5, 4, 2, 5, 1, 2, 2, 2, 3, 3, 3, 3, 2, 3, 5, 3, 3, 2, 2, 3, 8, 3, 11, 6, 3, 8, 7, 3, 9, 3, 10, 8, 3, 3, 8, 3, 3, 9, 10, 6, 3, 6, 3, 3, 11, 10, 9, 3, 11, 10, 7] 
dagD20.txt 1234x3.txt True 0.6907216494845361 0.85 74.25 [2, 6, 7, 2, 11, 2, 4, 3, 3, 5, 1, 3, 5, 2, 10, 6, 2, 10, 2, 5, 1, 2, 11, 2, 3, 10, 5, 10, 7, 1, 11, 3, 3, 11, 7, 8, 10, 7, 11, 7, 1, 3, 9, 11, 6, 7, 0, 11, 7, 10, 8, 9, 6, 7, 7, 3, 7, 11, 10, 6, 9, 8, 7, 6, 7] 
dagD20.txt 1234x3.txt True 0.7061855670103093 0.9 70.75 [10, 10, 11, 9, 3, 10, 8, 11, 10, 6, 9, 7, 7, 10, 1, 10, 3, 11, 9, 6, 7, 8, 11, 11, 7, 1, 6, 11, 1, 9, 7, 7, 3, 5, 3, 11, 2, 4, 5, 3, 3, 11, 1, 5, 2, 1, 9, 7, 3, 11, 2, 11, 7, 0, 6, 3, 1, 4, 2, 2, 1, 6, 2, 0, 5] 
dagD20.txt 1234x3.txt True 0.7164948453608248 0.95 67.0 [9, 7, 6, 4, 11, 5, 7, 3, 9, 2, 5, 1, 2, 5, 9, 5, 3, 9, 5, 2, 1, 4, 3, 2, 7, 3, 2, 9, 10, 3, 11, 1, 1, 7, 0, 3, 9, 7, 7, 6, 10, 3, 3, 8, 11, 6, 3, 7, 0, 3, 10, 11, 11, 10, 7, 6, 10, 7, 2, 11, 11, 6, 10, 10, 6] 
dagD20.txt 1234x3.txt True 0.7164948453608248 1 67.0 [9, 7, 6, 4, 11, 5, 7, 3, 9, 2, 5, 1, 2, 5, 9, 5, 3, 9, 5, 2, 1, 4, 3, 2, 7, 3, 2, 9, 10, 3, 11, 1, 1, 7, 0, 3, 9, 7, 7, 6, 10, 3, 3, 8, 11, 6, 3, 7, 0, 3, 10, 11, 11, 10, 7, 6, 10, 7, 2, 11, 11, 6, 10, 10, 6] 
dagD20.txt 1_4x1.txt True 0.0 0.07 454.0 [1, 1, 1, 1, 1, 1, 1, 1, 1, 1, 1, 1, 1, 1, 1, 1, 1, 1, 1, 1, 1, 1, 1, 1, 1, 1, 1, 1, 1, 1, 1, 1, 1, 1, 1, 1, 1, 1, 1, 1, 1, 1, 1, 1, 1, 1, 1, 1, 1, 1, 1, 1, 1, 1, 1, 1, 1, 1, 1, 1, 1, 1, 1, 1, 1] 
dagD20.txt 1_4x1.txt True 0.0 0.08 454.0 [1, 1, 1, 1, 1, 1, 1, 1, 1, 1, 1, 1, 1, 1, 1, 1, 1, 1, 1, 1, 1, 1, 1, 1, 1, 1, 1, 1, 1, 1, 1, 1, 1, 1, 1, 1, 1, 1, 1, 1, 1, 1, 1, 1, 1, 1, 1, 1, 1, 1, 1, 1, 1, 1, 1, 1, 1, 1, 1, 1, 1, 1, 1, 1, 1] 
dagD20.txt 1_4x1.txt True 0.0 0.09 454.0 [1, 1, 1, 1, 1, 1, 1, 1, 1, 1, 1, 1, 1, 1, 1, 1, 1, 1, 1, 1, 1, 1, 1, 1, 1, 1, 1, 1, 1, 1, 1, 1, 1, 1, 1, 1, 1, 1, 1, 1, 1, 1, 1, 1, 1, 1, 1, 1, 1, 1, 1, 1, 1, 1, 1, 1, 1, 1, 1, 1, 1, 1, 1, 1, 1] 
dagD20.txt 1_4x1.txt True 0.0 0.1 454.0 [1, 1, 1, 1, 1, 1, 1, 1, 1, 1, 1, 1, 1, 1, 1, 1, 1, 1, 1, 1, 1, 1, 1, 1, 1, 1, 1, 1, 1, 1, 1, 1, 1, 1, 1, 1, 1, 1, 1, 1, 1, 1, 1, 1, 1, 1, 1, 1, 1, 1, 1, 1, 1, 1, 1, 1, 1, 1, 1, 1, 1, 1, 1, 1, 1] 
dagD20.txt 1_4x1.txt True 0.0 0.11 454.0 [1, 1, 1, 1, 1, 1, 1, 1, 1, 1, 1, 1, 1, 1, 1, 1, 1, 1, 1, 1, 1, 1, 1, 1, 1, 1, 1, 1, 1, 1, 1, 1, 1, 1, 1, 1, 1, 1, 1, 1, 1, 1, 1, 1, 1, 1, 1, 1, 1, 1, 1, 1, 1, 1, 1, 1, 1, 1, 1, 1, 1, 1, 1, 1, 1] 
dagD20.txt 1_4x1.txt True 0.0 0.12 454.0 [1, 1, 1, 1, 1, 1, 1, 1, 1, 1, 1, 1, 1, 1, 1, 1, 1, 1, 1, 1, 1, 1, 1, 1, 1, 1, 1, 1, 1, 1, 1, 1, 1, 1, 1, 1, 1, 1, 1, 1, 1, 1, 1, 1, 1, 1, 1, 1, 1, 1, 1, 1, 1, 1, 1, 1, 1, 1, 1, 1, 1, 1, 1, 1, 1] 
dagD20.txt 1_4x1.txt True 0.05154639175257732 0.13 416.0 [1, 1, 1, 1, 1, 1, 1, 1, 1, 1, 1, 1, 1, 1, 1, 1, 1, 1, 1, 1, 1, 1, 1, 1, 1, 1, 1, 1, 1, 1, 1, 1, 1, 1, 1, 1, 1, 1, 1, 1, 1, 1, 1, 0, 1, 1, 1, 1, 1, 1, 1, 1, 0, 1, 1, 1, 1, 1, 0, 1, 1, 1, 1, 0, 1] 
dagD20.txt 1_4x1.txt True 0.12371134020618557 0.14 379.5 [1, 1, 1, 0, 1, 1, 1, 1, 0, 1, 1, 1, 1, 1, 1, 0, 0, 1, 1, 1, 1, 1, 1, 1, 1, 1, 1, 1, 1, 1, 1, 1, 1, 1, 1, 1, 1, 1, 1, 1, 1, 1, 1, 1, 1, 0, 1, 1, 1, 1, 1, 0, 0, 1, 1, 1, 1, 1, 1, 1, 0, 1, 1, 0, 1] 
dagD20.txt 1_4x1.txt True 0.12371134020618557 0.15 379.5 [1, 1, 1, 0, 1, 1, 1, 1, 0, 1, 1, 1, 1, 1, 1, 0, 0, 1, 1, 1, 1, 1, 1, 1, 1, 1, 1, 1, 1, 1, 1, 1, 1, 1, 1, 1, 1, 1, 1, 1, 1, 1, 1, 1, 1, 0, 1, 1, 1, 1, 1, 0, 0, 1, 1, 1, 1, 1, 1, 1, 0, 1, 1, 0, 1] 
dagD20.txt 1_4x1.txt True 0.12371134020618557 0.16 379.5 [1, 1, 1, 0, 1, 1, 1, 1, 0, 1, 1, 1, 1, 1, 1, 0, 0, 1, 1, 1, 1, 1, 1, 1, 1, 1, 1, 1, 1, 1, 1, 1, 1, 1, 1, 1, 1, 1, 1, 1, 1, 1, 1, 1, 1, 0, 1, 1, 1, 1, 1, 0, 0, 1, 1, 1, 1, 1, 1, 1, 0, 1, 1, 0, 1] 
dagD20.txt 1_4x1.txt True 0.12371134020618557 0.17 379.5 [1, 1, 1, 0, 1, 1, 1, 1, 0, 1, 1, 1, 1, 1, 1, 0, 0, 1, 1, 1, 1, 1, 1, 1, 1, 1, 1, 1, 1, 1, 1, 1, 1, 1, 1, 1, 1, 1, 1, 1, 1, 1, 1, 1, 1, 0, 1, 1, 1, 1, 1, 0, 0, 1, 1, 1, 1, 1, 1, 1, 0, 1, 1, 0, 1] 
dagD20.txt 1_4x1.txt True 0.12371134020618557 0.18 379.5 [1, 1, 1, 0, 1, 1, 1, 1, 0, 1, 1, 1, 1, 1, 1, 0, 0, 1, 1, 1, 1, 1, 1, 1, 1, 1, 1, 1, 1, 1, 1, 1, 1, 1, 1, 1, 1, 1, 1, 1, 1, 1, 1, 1, 1, 0, 1, 1, 1, 1, 1, 0, 0, 1, 1, 1, 1, 1, 1, 1, 0, 1, 1, 0, 1] 
dagD20.txt 1_4x1.txt True 0.07216494845360824 0.19 410.5 [1, 1, 1, 0, 1, 1, 1, 1, 1, 1, 1, 1, 1, 1, 1, 1, 0, 1, 1, 1, 1, 1, 1, 1, 1, 1, 1, 1, 1, 1, 1, 1, 1, 1, 1, 1, 1, 1, 1, 1, 1, 1, 1, 1, 1, 1, 1, 1, 1, 1, 1, 0, 1, 1, 1, 0, 1, 1, 1, 1, 0, 1, 1, 1, 1] 
dagD20.txt 1_4x1.txt True 0.07216494845360824 0.2 410.5 [1, 1, 1, 0, 1, 1, 1, 1, 1, 1, 1, 1, 1, 1, 1, 1, 0, 1, 1, 1, 1, 1, 1, 1, 1, 1, 1, 1, 1, 1, 1, 1, 1, 1, 1, 1, 1, 1, 1, 1, 1, 1, 1, 1, 1, 1, 1, 1, 1, 1, 1, 0, 1, 1, 1, 0, 1, 1, 1, 1, 0, 1, 1, 1, 1] 
dagD20.txt 1_4x1.txt True 0.07216494845360824 0.25 410.5 [1, 1, 1, 0, 1, 1, 1, 1, 1, 1, 1, 1, 1, 1, 1, 1, 0, 1, 1, 1, 1, 1, 1, 1, 1, 1, 1, 1, 1, 1, 1, 1, 1, 1, 1, 1, 1, 1, 1, 1, 1, 1, 1, 1, 1, 1, 1, 1, 1, 1, 1, 0, 1, 1, 1, 0, 1, 1, 1, 1, 0, 1, 1, 1, 1] 
dagD20.txt 1_4x1.txt True 0.07216494845360824 0.3 410.5 [1, 1, 1, 0, 1, 1, 1, 1, 1, 1, 1, 1, 1, 1, 1, 1, 0, 1, 1, 1, 1, 1, 1, 1, 1, 1, 1, 1, 1, 1, 1, 1, 1, 1, 1, 1, 1, 1, 1, 1, 1, 1, 1, 1, 1, 1, 1, 1, 1, 1, 1, 0, 1, 1, 1, 0, 1, 1, 1, 1, 0, 1, 1, 1, 1] 
dagD20.txt 1_4x1.txt True 0.07216494845360824 0.35 410.5 [1, 1, 1, 0, 1, 1, 1, 1, 1, 1, 1, 1, 1, 1, 1, 1, 0, 1, 1, 1, 1, 1, 1, 1, 1, 1, 1, 1, 1, 1, 1, 1, 1, 1, 1, 1, 1, 1, 1, 1, 1, 1, 1, 1, 1, 1, 1, 1, 1, 1, 1, 0, 1, 1, 1, 0, 1, 1, 1, 1, 0, 1, 1, 1, 1] 
dagD20.txt 1_4x1.txt True 0.07216494845360824 0.4 410.5 [1, 1, 1, 0, 1, 1, 1, 1, 1, 1, 1, 1, 1, 1, 1, 1, 0, 1, 1, 1, 1, 1, 1, 1, 1, 1, 1, 1, 1, 1, 1, 1, 1, 1, 1, 1, 1, 1, 1, 1, 1, 1, 1, 1, 1, 1, 1, 1, 1, 1, 1, 0, 1, 1, 1, 0, 1, 1, 1, 1, 0, 1, 1, 1, 1] 
dagD20.txt 1_4x1.txt True 0.07216494845360824 0.45 410.5 [1, 1, 1, 0, 1, 1, 1, 1, 1, 1, 1, 1, 1, 1, 1, 1, 0, 1, 1, 1, 1, 1, 1, 1, 1, 1, 1, 1, 1, 1, 1, 1, 1, 1, 1, 1, 1, 1, 1, 1, 1, 1, 1, 1, 1, 1, 1, 1, 1, 1, 1, 0, 1, 1, 1, 0, 1, 1, 1, 1, 0, 1, 1, 1, 1] 
dagD20.txt 1_4x1.txt True 0.17010309278350516 0.5 365.0 [0, 1, 1, 0, 0, 0, 0, 1, 0, 1, 1, 1, 1, 1, 1, 0, 0, 1, 0, 1, 1, 0, 1, 1, 1, 1, 1, 1, 1, 1, 1, 1, 1, 1, 1, 1, 1, 1, 1, 1, 1, 1, 1, 1, 1, 1, 1, 1, 1, 1, 1, 1, 1, 1, 1, 0, 1, 1, 1, 1, 1, 1, 1, 1, 1] 
dagD20.txt 1_4x1.txt True 0.15979381443298968 0.55 392.5 [0, 1, 1, 1, 1, 0, 1, 1, 0, 1, 1, 1, 1, 0, 1, 0, 1, 1, 1, 1, 0, 0, 1, 1, 1, 1, 1, 1, 1, 1, 1, 1, 1, 1, 0, 1, 1, 1, 1, 1, 1, 1, 1, 1, 1, 1, 0, 1, 1, 1, 1, 1, 1, 1, 1, 1, 1, 1, 1, 1, 1, 1, 1, 1, 1] 
dagD20.txt 1_4x1.txt True 0.18041237113402062 0.6 369.5 [1, 1, 1, 1, 1, 1, 1, 1, 1, 1, 1, 1, 1, 1, 0, 1, 1, 0, 1, 1, 1, 1, 1, 1, 1, 1, 1, 1, 0, 1, 1, 0, 1, 1, 0, 1, 1, 0, 1, 0, 1, 1, 1, 1, 1, 1, 1, 1, 1, 1, 1, 1, 0, 0, 1, 0, 1, 1, 1, 0, 1, 0, 1, 1, 1] 
dagD20.txt 1_4x1.txt True 0.17010309278350516 0.65 373.0 [0, 1, 1, 1, 1, 1, 1, 1, 0, 1, 1, 1, 1, 1, 0, 1, 1, 0, 1, 1, 1, 1, 1, 1, 1, 1, 1, 0, 0, 1, 1, 0, 1, 1, 1, 1, 0, 1, 1, 1, 1, 1, 1, 1, 1, 1, 1, 1, 1, 1, 1, 1, 0, 1, 1, 1, 1, 0, 1, 0, 1, 0, 1, 0, 1] 
dagD20.txt 1_4x1.txt True 0.211340206185567 0.7 367.75 [1, 1, 1, 0, 0, 1, 0, 1, 0, 1, 0, 1, 1, 1, 0, 1, 0, 0, 0, 1, 1, 0, 1, 1, 1, 1, 1, 1, 0, 1, 1, 1, 1, 1, 0, 1, 1, 1, 1, 1, 1, 1, 1, 1, 1, 1, 1, 1, 1, 1, 1, 1, 1, 1, 1, 1, 1, 1, 1, 1, 1, 1, 1, 1, 1] 
dagD20.txt 1_4x1.txt True 0.211340206185567 0.75 367.75 [1, 1, 1, 0, 0, 1, 0, 1, 0, 1, 0, 1, 1, 1, 0, 1, 0, 0, 0, 1, 1, 0, 1, 1, 1, 1, 1, 1, 0, 1, 1, 1, 1, 1, 0, 1, 1, 1, 1, 1, 1, 1, 1, 1, 1, 1, 1, 1, 1, 1, 1, 1, 1, 1, 1, 1, 1, 1, 1, 1, 1, 1, 1, 1, 1] 
dagD20.txt 1_4x1.txt True 0.211340206185567 0.8 367.75 [1, 1, 1, 0, 0, 1, 0, 1, 0, 1, 0, 1, 1, 1, 0, 1, 0, 0, 0, 1, 1, 0, 1, 1, 1, 1, 1, 1, 0, 1, 1, 1, 1, 1, 0, 1, 1, 1, 1, 1, 1, 1, 1, 1, 1, 1, 1, 1, 1, 1, 1, 1, 1, 1, 1, 1, 1, 1, 1, 1, 1, 1, 1, 1, 1] 
dagD20.txt 1_4x1.txt True 0.16494845360824742 0.85 369.0 [1, 1, 1, 1, 1, 1, 1, 1, 1, 1, 1, 1, 1, 1, 1, 1, 1, 1, 1, 1, 1, 1, 1, 1, 1, 1, 0, 1, 1, 1, 1, 1, 1, 1, 1, 0, 1, 1, 1, 1, 1, 1, 0, 0, 0, 1, 1, 1, 1, 1, 0, 0, 1, 1, 1, 1, 1, 1, 0, 1, 0, 0, 1, 0, 1] 
dagD20.txt 1_4x1.txt True 0.23711340206185566 0.9 368.5 [1, 1, 1, 1, 1, 1, 1, 1, 1, 1, 1, 1, 1, 1, 0, 1, 1, 1, 1, 1, 1, 1, 1, 1, 1, 0, 1, 1, 0, 1, 1, 1, 1, 1, 1, 1, 1, 0, 0, 0, 1, 1, 1, 1, 1, 0, 1, 1, 1, 1, 0, 1, 1, 0, 1, 1, 0, 0, 1, 1, 1, 1, 0, 0, 0] 
dagD20.txt 1_4x1.txt True 0.29381443298969073 0.95 366.25 [1, 1, 1, 1, 1, 1, 1, 0, 1, 0, 1, 1, 1, 1, 1, 1, 1, 1, 1, 1, 1, 1, 0, 1, 1, 1, 1, 1, 1, 0, 1, 0, 0, 1, 0, 1, 1, 1, 1, 1, 0, 1, 1, 0, 1, 1, 1, 1, 1, 1, 1, 1, 1, 0, 1, 1, 1, 0, 1, 0, 1, 0, 0, 1, 0] 
dagD20.txt 1_4x1.txt True 0.29381443298969073 1 366.25 [1, 1, 1, 1, 1, 1, 1, 0, 1, 0, 1, 1, 1, 1, 1, 1, 1, 1, 1, 1, 1, 1, 0, 1, 1, 1, 1, 1, 1, 0, 1, 0, 0, 1, 0, 1, 1, 1, 1, 1, 0, 1, 1, 0, 1, 1, 1, 1, 1, 1, 1, 1, 1, 0, 1, 1, 1, 0, 1, 0, 1, 0, 0, 1, 0] 
dagD20.txt 3_2x2.txt True 0.04639175257731959 0.07 573.6666666666666 [0, 0, 0, 0, 0, 0, 0, 0, 0, 0, 0, 0, 0, 0, 0, 0, 0, 0, 0, 0, 0, 0, 0, 0, 0, 0, 0, 0, 0, 0, 0, 0, 0, 0, 0, 0, 0, 0, 0, 0, 0, 3, 0, 0, 0, 0, 0, 0, 0, 0, 0, 0, 3, 0, 0, 0, 0, 0, 0, 0, 0, 0, 0, 0, 0] 
dagD20.txt 3_2x2.txt True 0.04639175257731959 0.08 573.6666666666666 [0, 0, 0, 0, 0, 0, 0, 0, 0, 0, 0, 0, 0, 0, 0, 0, 0, 0, 0, 0, 0, 0, 0, 0, 0, 0, 0, 0, 0, 0, 0, 0, 0, 0, 0, 0, 0, 0, 0, 0, 0, 3, 0, 0, 0, 0, 0, 0, 0, 0, 0, 0, 3, 0, 0, 0, 0, 0, 0, 0, 0, 0, 0, 0, 0] 
dagD20.txt 3_2x2.txt True 0.04639175257731959 0.09 573.6666666666666 [0, 0, 0, 0, 0, 0, 0, 0, 0, 0, 0, 0, 0, 0, 0, 0, 0, 0, 0, 0, 0, 0, 0, 0, 0, 0, 0, 0, 0, 0, 0, 0, 0, 0, 0, 0, 0, 0, 0, 0, 0, 3, 0, 0, 0, 0, 0, 0, 0, 0, 0, 0, 3, 0, 0, 0, 0, 0, 0, 0, 0, 0, 0, 0, 0] 
dagD20.txt 3_2x2.txt True 0.04639175257731959 0.1 573.6666666666666 [0, 0, 0, 0, 0, 0, 0, 0, 0, 0, 0, 0, 0, 0, 0, 0, 0, 0, 0, 0, 0, 0, 0, 0, 0, 0, 0, 0, 0, 0, 0, 0, 0, 0, 0, 0, 0, 0, 0, 0, 0, 3, 0, 0, 0, 0, 0, 0, 0, 0, 0, 0, 3, 0, 0, 0, 0, 0, 0, 0, 0, 0, 0, 0, 0] 
dagD20.txt 3_2x2.txt True 0.04639175257731959 0.11 573.6666666666666 [0, 0, 0, 0, 0, 0, 0, 0, 0, 0, 0, 0, 0, 0, 0, 0, 0, 0, 0, 0, 0, 0, 0, 0, 0, 0, 0, 0, 0, 0, 0, 0, 0, 0, 0, 0, 0, 0, 0, 0, 0, 3, 0, 0, 0, 0, 0, 0, 0, 0, 0, 0, 3, 0, 0, 0, 0, 0, 0, 0, 0, 0, 0, 0, 0] 
dagD20.txt 3_2x2.txt True 0.04639175257731959 0.12 573.6666666666666 [0, 0, 0, 0, 0, 0, 0, 0, 0, 0, 0, 0, 0, 0, 0, 0, 0, 0, 0, 0, 0, 0, 0, 0, 0, 0, 0, 0, 0, 0, 0, 0, 0, 0, 0, 0, 0, 0, 0, 0, 0, 3, 0, 0, 0, 0, 0, 0, 0, 0, 0, 0, 3, 0, 0, 0, 0, 0, 0, 0, 0, 0, 0, 0, 0] 
dagD20.txt 3_2x2.txt True 0.05670103092783505 0.13 553.6666666666666 [2, 2, 2, 2, 2, 2, 2, 2, 2, 2, 2, 2, 2, 2, 2, 2, 2, 2, 2, 2, 2, 2, 2, 2, 2, 2, 2, 2, 2, 2, 2, 2, 2, 2, 2, 2, 2, 2, 2, 2, 2, 2, 0, 0, 2, 2, 2, 2, 2, 2, 2, 0, 2, 2, 2, 2, 2, 2, 0, 2, 0, 2, 2, 2, 2] 
dagD20.txt 3_2x2.txt True 0.12371134020618557 0.14 506.0 [2, 2, 2, 0, 2, 2, 2, 2, 3, 2, 2, 2, 2, 2, 2, 3, 0, 2, 2, 2, 2, 2, 2, 2, 2, 2, 2, 2, 2, 2, 2, 2, 2, 2, 2, 2, 2, 2, 2, 2, 2, 2, 2, 2, 2, 3, 2, 2, 2, 2, 2, 1, 3, 2, 2, 2, 2, 2, 2, 2, 1, 2, 2, 3, 2] 
dagD20.txt 3_2x2.txt True 0.12371134020618557 0.15 506.0 [2, 2, 2, 0, 2, 2, 2, 2, 3, 2, 2, 2, 2, 2, 2, 3, 0, 2, 2, 2, 2, 2, 2, 2, 2, 2, 2, 2, 2, 2, 2, 2, 2, 2, 2, 2, 2, 2, 2, 2, 2, 2, 2, 2, 2, 3, 2, 2, 2, 2, 2, 1, 3, 2, 2, 2, 2, 2, 2, 2, 1, 2, 2, 3, 2] 
dagD20.txt 3_2x2.txt True 0.12371134020618557 0.16 506.0 [2, 2, 2, 0, 2, 2, 2, 2, 3, 2, 2, 2, 2, 2, 2, 3, 0, 2, 2, 2, 2, 2, 2, 2, 2, 2, 2, 2, 2, 2, 2, 2, 2, 2, 2, 2, 2, 2, 2, 2, 2, 2, 2, 2, 2, 3, 2, 2, 2, 2, 2, 1, 3, 2, 2, 2, 2, 2, 2, 2, 1, 2, 2, 3, 2] 
dagD20.txt 3_2x2.txt True 0.12371134020618557 0.17 506.0 [2, 2, 2, 0, 2, 2, 2, 2, 3, 2, 2, 2, 2, 2, 2, 3, 0, 2, 2, 2, 2, 2, 2, 2, 2, 2, 2, 2, 2, 2, 2, 2, 2, 2, 2, 2, 2, 2, 2, 2, 2, 2, 2, 2, 2, 3, 2, 2, 2, 2, 2, 1, 3, 2, 2, 2, 2, 2, 2, 2, 1, 2, 2, 3, 2] 
dagD20.txt 3_2x2.txt True 0.12371134020618557 0.18 506.0 [2, 2, 2, 0, 2, 2, 2, 2, 3, 2, 2, 2, 2, 2, 2, 3, 0, 2, 2, 2, 2, 2, 2, 2, 2, 2, 2, 2, 2, 2, 2, 2, 2, 2, 2, 2, 2, 2, 2, 2, 2, 2, 2, 2, 2, 3, 2, 2, 2, 2, 2, 1, 3, 2, 2, 2, 2, 2, 2, 2, 1, 2, 2, 3, 2] 
dagD20.txt 3_2x2.txt True 0.12886597938144329 0.19 491.3333333333333 [0, 0, 0, 0, 0, 0, 0, 0, 0, 0, 0, 0, 0, 0, 0, 0, 0, 0, 0, 0, 0, 0, 0, 0, 0, 0, 0, 0, 0, 0, 3, 0, 0, 0, 0, 0, 0, 0, 0, 0, 0, 0, 0, 0, 0, 0, 3, 0, 0, 0, 3, 1, 2, 0, 0, 3, 0, 0, 0, 0, 1, 3, 0, 2, 0] 
dagD20.txt 3_2x2.txt True 0.12886597938144329 0.2 491.3333333333333 [0, 0, 0, 0, 0, 0, 0, 0, 0, 0, 0, 0, 0, 0, 0, 0, 0, 0, 0, 0, 0, 0, 0, 0, 0, 0, 0, 0, 0, 0, 3, 0, 0, 0, 0, 0, 0, 0, 0, 0, 0, 0, 0, 0, 0, 0, 3, 0, 0, 0, 3, 1, 2, 0, 0, 3, 0, 0, 0, 0, 1, 3, 0, 2, 0] 
dagD20.txt 3_2x2.txt True 0.12886597938144329 0.25 491.3333333333333 [0, 0, 0, 0, 0, 0, 0, 0, 0, 0, 0, 0, 0, 0, 0, 0, 0, 0, 0, 0, 0, 0, 0, 0, 0, 0, 0, 0, 0, 0, 3, 0, 0, 0, 0, 0, 0, 0, 0, 0, 0, 0, 0, 0, 0, 0, 3, 0, 0, 0, 3, 1, 2, 0, 0, 3, 0, 0, 0, 0, 1, 3, 0, 2, 0] 
dagD20.txt 3_2x2.txt True 0.12886597938144329 0.3 491.3333333333333 [0, 0, 0, 0, 0, 0, 0, 0, 0, 0, 0, 0, 0, 0, 0, 0, 0, 0, 0, 0, 0, 0, 0, 0, 0, 0, 0, 0, 0, 0, 3, 0, 0, 0, 0, 0, 0, 0, 0, 0, 0, 0, 0, 0, 0, 0, 3, 0, 0, 0, 3, 1, 2, 0, 0, 3, 0, 0, 0, 0, 1, 3, 0, 2, 0] 
dagD20.txt 3_2x2.txt True 0.12886597938144329 0.35 491.3333333333333 [0, 0, 0, 0, 0, 0, 0, 0, 0, 0, 0, 0, 0, 0, 0, 0, 0, 0, 0, 0, 0, 0, 0, 0, 0, 0, 0, 0, 0, 0, 3, 0, 0, 0, 0, 0, 0, 0, 0, 0, 0, 0, 0, 0, 0, 0, 3, 0, 0, 0, 3, 1, 2, 0, 0, 3, 0, 0, 0, 0, 1, 3, 0, 2, 0] 
dagD20.txt 3_2x2.txt True 0.12886597938144329 0.4 491.3333333333333 [0, 0, 0, 0, 0, 0, 0, 0, 0, 0, 0, 0, 0, 0, 0, 0, 0, 0, 0, 0, 0, 0, 0, 0, 0, 0, 0, 0, 0, 0, 3, 0, 0, 0, 0, 0, 0, 0, 0, 0, 0, 0, 0, 0, 0, 0, 3, 0, 0, 0, 3, 1, 2, 0, 0, 3, 0, 0, 0, 0, 1, 3, 0, 2, 0] 
dagD20.txt 3_2x2.txt True 0.12886597938144329 0.45 491.3333333333333 [0, 0, 0, 0, 0, 0, 0, 0, 0, 0, 0, 0, 0, 0, 0, 0, 0, 0, 0, 0, 0, 0, 0, 0, 0, 0, 0, 0, 0, 0, 3, 0, 0, 0, 0, 0, 0, 0, 0, 0, 0, 0, 0, 0, 0, 0, 3, 0, 0, 0, 3, 1, 2, 0, 0, 3, 0, 0, 0, 0, 1, 3, 0, 2, 0] 
dagD20.txt 3_2x2.txt True 0.38144329896907214 0.5 315.0 [0, 2, 2, 0, 0, 3, 0, 2, 0, 2, 2, 2, 2, 2, 2, 3, 0, 2, 0, 2, 2, 0, 0, 0, 0, 0, 2, 0, 2, 2, 2, 2, 2, 0, 3, 0, 2, 0, 0, 2, 2, 0, 2, 1, 2, 0, 0, 0, 2, 0, 0, 0, 0, 0, 0, 1, 0, 0, 0, 2, 2, 0, 0, 0, 1] 
dagD20.txt 3_2x2.txt True 0.44329896907216493 0.55 298.6666666666667 [3, 0, 0, 0, 0, 3, 0, 0, 3, 2, 0, 2, 0, 3, 0, 3, 2, 0, 0, 2, 3, 2, 3, 2, 2, 0, 2, 0, 0, 3, 0, 2, 0, 3, 3, 2, 0, 2, 0, 0, 0, 2, 3, 0, 2, 0, 3, 0, 0, 0, 0, 3, 2, 2, 0, 0, 0, 2, 0, 2, 3, 0, 0, 2, 0] 
dagD20.txt 3_2x2.txt True 0.4484536082474227 0.6 267.0 [0, 0, 2, 0, 0, 0, 0, 2, 0, 3, 2, 3, 2, 0, 0, 0, 0, 0, 2, 3, 1, 0, 2, 2, 0, 0, 3, 0, 0, 0, 2, 1, 0, 0, 3, 2, 0, 3, 0, 3, 0, 2, 3, 0, 2, 2, 2, 0, 2, 0, 2, 2, 1, 3, 0, 1, 2, 0, 0, 1, 2, 3, 2, 2, 0] 
dagD20.txt 3_2x2.txt True 0.5257731958762887 0.65 218.5 [1, 2, 3, 0, 0, 2, 0, 1, 1, 2, 3, 2, 3, 2, 1, 2, 0, 1, 3, 2, 2, 0, 1, 1, 2, 1, 0, 3, 1, 1, 3, 3, 2, 2, 0, 1, 3, 2, 2, 0, 2, 2, 3, 2, 3, 1, 1, 1, 0, 2, 1, 3, 3, 1, 2, 2, 1, 0, 2, 3, 3, 0, 1, 0, 2] 
dagD20.txt 3_2x2.txt True 0.4896907216494845 0.7 264.6666666666667 [1, 0, 0, 0, 1, 1, 1, 0, 3, 2, 2, 2, 2, 1, 1, 1, 3, 1, 0, 2, 2, 2, 0, 0, 0, 0, 2, 0, 0, 0, 0, 2, 2, 0, 1, 0, 0, 3, 0, 1, 2, 0, 2, 0, 3, 1, 0, 0, 3, 0, 0, 3, 3, 3, 0, 3, 0, 0, 2, 3, 3, 0, 0, 0, 2] 
dagD20.txt 3_2x2.txt True 0.4896907216494845 0.75 264.6666666666667 [1, 0, 0, 0, 1, 1, 1, 0, 3, 2, 2, 2, 2, 1, 1, 1, 3, 1, 0, 2, 2, 2, 0, 0, 0, 0, 2, 0, 0, 0, 0, 2, 2, 0, 1, 0, 0, 3, 0, 1, 2, 0, 2, 0, 3, 1, 0, 0, 3, 0, 0, 3, 3, 3, 0, 3, 0, 0, 2, 3, 3, 0, 0, 0, 2] 
dagD20.txt 3_2x2.txt True 0.4896907216494845 0.8 264.6666666666667 [1, 0, 0, 0, 1, 1, 1, 0, 3, 2, 2, 2, 2, 1, 1, 1, 3, 1, 0, 2, 2, 2, 0, 0, 0, 0, 2, 0, 0, 0, 0, 2, 2, 0, 1, 0, 0, 3, 0, 1, 2, 0, 2, 0, 3, 1, 0, 0, 3, 0, 0, 3, 3, 3, 0, 3, 0, 0, 2, 3, 3, 0, 0, 0, 2] 
dagD20.txt 3_2x2.txt True 0.6082474226804123 0.85 196.33333333333334 [1, 2, 3, 2, 3, 1, 0, 3, 1, 2, 1, 0, 2, 1, 1, 2, 2, 1, 2, 2, 0, 1, 3, 0, 3, 2, 1, 1, 0, 1, 3, 0, 0, 3, 0, 2, 1, 2, 0, 0, 0, 3, 1, 0, 1, 0, 2, 3, 0, 2, 2, 2, 0, 2, 2, 3, 0, 0, 0, 0, 2, 2, 2, 0, 0] 
dagD20.txt 3_2x2.txt True 0.6030927835051546 0.9 189.5 [2, 2, 0, 2, 2, 2, 2, 0, 1, 3, 1, 3, 3, 2, 2, 1, 2, 3, 2, 0, 1, 2, 1, 2, 0, 3, 1, 0, 2, 1, 3, 3, 2, 3, 1, 1, 3, 1, 0, 0, 2, 0, 2, 3, 2, 2, 3, 0, 1, 0, 1, 3, 0, 1, 0, 0, 2, 1, 3, 2, 2, 0, 0, 3, 0] 
dagD20.txt 3_2x2.txt True 0.7061855670103093 0.95 191.33333333333334 [3, 3, 0, 1, 2, 0, 1, 1, 0, 1, 3, 3, 3, 0, 3, 0, 2, 2, 3, 2, 1, 1, 1, 1, 1, 2, 2, 3, 1, 0, 0, 0, 2, 2, 2, 0, 3, 1, 0, 2, 2, 0, 2, 0, 3, 2, 3, 0, 2, 2, 0, 3, 2, 3, 2, 2, 1, 0, 0, 1, 3, 3, 1, 0, 2] 
dagD20.txt 3_2x2.txt True 0.7061855670103093 1 191.33333333333334 [3, 3, 0, 1, 2, 0, 1, 1, 0, 1, 3, 3, 3, 0, 3, 0, 2, 2, 3, 2, 1, 1, 1, 1, 1, 2, 2, 3, 1, 0, 0, 0, 2, 2, 2, 0, 3, 1, 0, 2, 2, 0, 2, 0, 3, 2, 3, 0, 2, 2, 0, 3, 2, 3, 2, 2, 1, 0, 0, 1, 3, 3, 1, 0, 2] 
dagD20.txt 1_4x4.txt True 0.04639175257731959 0.07 430.25 [1, 1, 1, 1, 1, 1, 1, 1, 1, 1, 1, 1, 1, 1, 1, 1, 1, 1, 1, 1, 1, 1, 1, 1, 1, 1, 1, 1, 1, 1, 1, 1, 1, 1, 1, 1, 1, 1, 1, 1, 1, 3, 1, 1, 1, 1, 1, 1, 1, 1, 1, 1, 3, 1, 1, 1, 1, 1, 1, 1, 1, 1, 1, 1, 1] 
dagD20.txt 1_4x4.txt True 0.04639175257731959 0.08 430.25 [1, 1, 1, 1, 1, 1, 1, 1, 1, 1, 1, 1, 1, 1, 1, 1, 1, 1, 1, 1, 1, 1, 1, 1, 1, 1, 1, 1, 1, 1, 1, 1, 1, 1, 1, 1, 1, 1, 1, 1, 1, 3, 1, 1, 1, 1, 1, 1, 1, 1, 1, 1, 3, 1, 1, 1, 1, 1, 1, 1, 1, 1, 1, 1, 1] 
dagD20.txt 1_4x4.txt True 0.04639175257731959 0.09 430.25 [1, 1, 1, 1, 1, 1, 1, 1, 1, 1, 1, 1, 1, 1, 1, 1, 1, 1, 1, 1, 1, 1, 1, 1, 1, 1, 1, 1, 1, 1, 1, 1, 1, 1, 1, 1, 1, 1, 1, 1, 1, 3, 1, 1, 1, 1, 1, 1, 1, 1, 1, 1, 3, 1, 1, 1, 1, 1, 1, 1, 1, 1, 1, 1, 1] 
dagD20.txt 1_4x4.txt True 0.04639175257731959 0.1 430.25 [1, 1, 1, 1, 1, 1, 1, 1, 1, 1, 1, 1, 1, 1, 1, 1, 1, 1, 1, 1, 1, 1, 1, 1, 1, 1, 1, 1, 1, 1, 1, 1, 1, 1, 1, 1, 1, 1, 1, 1, 1, 3, 1, 1, 1, 1, 1, 1, 1, 1, 1, 1, 3, 1, 1, 1, 1, 1, 1, 1, 1, 1, 1, 1, 1] 
dagD20.txt 1_4x4.txt True 0.04639175257731959 0.11 430.25 [1, 1, 1, 1, 1, 1, 1, 1, 1, 1, 1, 1, 1, 1, 1, 1, 1, 1, 1, 1, 1, 1, 1, 1, 1, 1, 1, 1, 1, 1, 1, 1, 1, 1, 1, 1, 1, 1, 1, 1, 1, 3, 1, 1, 1, 1, 1, 1, 1, 1, 1, 1, 3, 1, 1, 1, 1, 1, 1, 1, 1, 1, 1, 1, 1] 
dagD20.txt 1_4x4.txt True 0.04639175257731959 0.12 430.25 [1, 1, 1, 1, 1, 1, 1, 1, 1, 1, 1, 1, 1, 1, 1, 1, 1, 1, 1, 1, 1, 1, 1, 1, 1, 1, 1, 1, 1, 1, 1, 1, 1, 1, 1, 1, 1, 1, 1, 1, 1, 3, 1, 1, 1, 1, 1, 1, 1, 1, 1, 1, 3, 1, 1, 1, 1, 1, 1, 1, 1, 1, 1, 1, 1] 
dagD20.txt 1_4x4.txt True 0.1134020618556701 0.13 378.5 [1, 1, 1, 3, 1, 1, 1, 1, 1, 1, 1, 1, 1, 1, 1, 1, 3, 1, 1, 1, 1, 1, 1, 1, 1, 1, 1, 1, 1, 1, 1, 1, 1, 1, 1, 1, 1, 1, 1, 1, 1, 1, 3, 3, 1, 1, 1, 1, 1, 1, 1, 3, 3, 1, 1, 1, 1, 1, 3, 1, 3, 1, 1, 3, 1] 
dagD20.txt 1_4x4.txt True 0.12371134020618557 0.14 379.5 [5, 5, 5, 1, 5, 5, 5, 5, 6, 5, 5, 5, 5, 5, 5, 6, 1, 5, 5, 5, 5, 5, 5, 5, 5, 5, 5, 5, 5, 5, 5, 5, 5, 5, 5, 5, 5, 5, 5, 5, 5, 5, 5, 5, 5, 6, 5, 5, 5, 5, 5, 3, 6, 5, 5, 5, 5, 5, 5, 5, 3, 5, 5, 6, 5] 
dagD20.txt 1_4x4.txt True 0.12371134020618557 0.15 379.5 [5, 5, 5, 1, 5, 5, 5, 5, 6, 5, 5, 5, 5, 5, 5, 6, 1, 5, 5, 5, 5, 5, 5, 5, 5, 5, 5, 5, 5, 5, 5, 5, 5, 5, 5, 5, 5, 5, 5, 5, 5, 5, 5, 5, 5, 6, 5, 5, 5, 5, 5, 3, 6, 5, 5, 5, 5, 5, 5, 5, 3, 5, 5, 6, 5] 
dagD20.txt 1_4x4.txt True 0.12371134020618557 0.16 379.5 [5, 5, 5, 1, 5, 5, 5, 5, 6, 5, 5, 5, 5, 5, 5, 6, 1, 5, 5, 5, 5, 5, 5, 5, 5, 5, 5, 5, 5, 5, 5, 5, 5, 5, 5, 5, 5, 5, 5, 5, 5, 5, 5, 5, 5, 6, 5, 5, 5, 5, 5, 3, 6, 5, 5, 5, 5, 5, 5, 5, 3, 5, 5, 6, 5] 
dagD20.txt 1_4x4.txt True 0.12371134020618557 0.17 379.5 [5, 5, 5, 1, 5, 5, 5, 5, 6, 5, 5, 5, 5, 5, 5, 6, 1, 5, 5, 5, 5, 5, 5, 5, 5, 5, 5, 5, 5, 5, 5, 5, 5, 5, 5, 5, 5, 5, 5, 5, 5, 5, 5, 5, 5, 6, 5, 5, 5, 5, 5, 3, 6, 5, 5, 5, 5, 5, 5, 5, 3, 5, 5, 6, 5] 
dagD20.txt 1_4x4.txt True 0.12371134020618557 0.18 379.5 [5, 5, 5, 1, 5, 5, 5, 5, 6, 5, 5, 5, 5, 5, 5, 6, 1, 5, 5, 5, 5, 5, 5, 5, 5, 5, 5, 5, 5, 5, 5, 5, 5, 5, 5, 5, 5, 5, 5, 5, 5, 5, 5, 5, 5, 6, 5, 5, 5, 5, 5, 3, 6, 5, 5, 5, 5, 5, 5, 5, 3, 5, 5, 6, 5] 
dagD20.txt 1_4x4.txt True 0.16494845360824742 0.19 352.75 [7, 7, 7, 1, 7, 7, 7, 7, 7, 7, 7, 7, 7, 7, 7, 7, 1, 7, 7, 7, 7, 7, 7, 7, 7, 7, 7, 7, 7, 7, 5, 7, 7, 7, 7, 7, 7, 7, 7, 7, 7, 7, 7, 7, 7, 7, 5, 7, 7, 7, 3, 3, 5, 7, 7, 1, 7, 7, 7, 7, 3, 3, 7, 5, 7] 
dagD20.txt 1_4x4.txt True 0.16494845360824742 0.2 352.75 [7, 7, 7, 1, 7, 7, 7, 7, 7, 7, 7, 7, 7, 7, 7, 7, 1, 7, 7, 7, 7, 7, 7, 7, 7, 7, 7, 7, 7, 7, 5, 7, 7, 7, 7, 7, 7, 7, 7, 7, 7, 7, 7, 7, 7, 7, 5, 7, 7, 7, 3, 3, 5, 7, 7, 1, 7, 7, 7, 7, 3, 3, 7, 5, 7] 
dagD20.txt 1_4x4.txt True 0.16494845360824742 0.25 352.75 [7, 7, 7, 1, 7, 7, 7, 7, 7, 7, 7, 7, 7, 7, 7, 7, 1, 7, 7, 7, 7, 7, 7, 7, 7, 7, 7, 7, 7, 7, 5, 7, 7, 7, 7, 7, 7, 7, 7, 7, 7, 7, 7, 7, 7, 7, 5, 7, 7, 7, 3, 3, 5, 7, 7, 1, 7, 7, 7, 7, 3, 3, 7, 5, 7] 
dagD20.txt 1_4x4.txt True 0.16494845360824742 0.3 352.75 [7, 7, 7, 1, 7, 7, 7, 7, 7, 7, 7, 7, 7, 7, 7, 7, 1, 7, 7, 7, 7, 7, 7, 7, 7, 7, 7, 7, 7, 7, 5, 7, 7, 7, 7, 7, 7, 7, 7, 7, 7, 7, 7, 7, 7, 7, 5, 7, 7, 7, 3, 3, 5, 7, 7, 1, 7, 7, 7, 7, 3, 3, 7, 5, 7] 
dagD20.txt 1_4x4.txt True 0.16494845360824742 0.35 352.75 [7, 7, 7, 1, 7, 7, 7, 7, 7, 7, 7, 7, 7, 7, 7, 7, 1, 7, 7, 7, 7, 7, 7, 7, 7, 7, 7, 7, 7, 7, 5, 7, 7, 7, 7, 7, 7, 7, 7, 7, 7, 7, 7, 7, 7, 7, 5, 7, 7, 7, 3, 3, 5, 7, 7, 1, 7, 7, 7, 7, 3, 3, 7, 5, 7] 
dagD20.txt 1_4x4.txt True 0.16494845360824742 0.4 352.75 [7, 7, 7, 1, 7, 7, 7, 7, 7, 7, 7, 7, 7, 7, 7, 7, 1, 7, 7, 7, 7, 7, 7, 7, 7, 7, 7, 7, 7, 7, 5, 7, 7, 7, 7, 7, 7, 7, 7, 7, 7, 7, 7, 7, 7, 7, 5, 7, 7, 7, 3, 3, 5, 7, 7, 1, 7, 7, 7, 7, 3, 3, 7, 5, 7] 
dagD20.txt 1_4x4.txt True 0.16494845360824742 0.45 352.75 [7, 7, 7, 1, 7, 7, 7, 7, 7, 7, 7, 7, 7, 7, 7, 7, 1, 7, 7, 7, 7, 7, 7, 7, 7, 7, 7, 7, 7, 7, 5, 7, 7, 7, 7, 7, 7, 7, 7, 7, 7, 7, 7, 7, 7, 7, 5, 7, 7, 7, 3, 3, 5, 7, 7, 1, 7, 7, 7, 7, 3, 3, 7, 5, 7] 
dagD20.txt 1_4x4.txt True 0.4381443298969072 0.5 159.25 [7, 5, 5, 7, 7, 7, 7, 5, 7, 5, 5, 5, 5, 5, 1, 7, 7, 1, 7, 5, 5, 7, 7, 3, 3, 3, 5, 3, 1, 5, 5, 5, 5, 7, 7, 3, 1, 3, 3, 1, 5, 3, 1, 7, 1, 3, 3, 3, 1, 3, 3, 7, 3, 3, 3, 7, 3, 3, 3, 1, 1, 3, 3, 3, 7] 
dagD20.txt 1_4x4.txt True 0.4587628865979381 0.55 150.0 [7, 1, 1, 1, 1, 7, 1, 1, 7, 1, 1, 1, 1, 7, 5, 7, 7, 5, 1, 1, 7, 7, 7, 1, 3, 5, 1, 5, 5, 7, 1, 1, 5, 7, 7, 1, 5, 3, 5, 5, 5, 3, 7, 5, 3, 5, 7, 5, 5, 5, 5, 7, 3, 3, 5, 5, 5, 3, 5, 3, 7, 5, 5, 3, 5] 
dagD20.txt 1_4x4.txt True 0.4639175257731959 0.6 131.75 [3, 3, 1, 3, 3, 3, 3, 1, 3, 3, 1, 3, 1, 3, 1, 3, 3, 1, 1, 3, 1, 3, 7, 7, 5, 5, 3, 5, 1, 5, 1, 1, 5, 5, 1, 7, 5, 1, 5, 1, 5, 7, 3, 5, 7, 7, 7, 5, 7, 5, 7, 7, 1, 1, 5, 1, 7, 5, 5, 1, 7, 1, 7, 7, 5] 
dagD20.txt 1_4x4.txt True 0.4948453608247423 0.65 145.75 [1, 1, 7, 3, 3, 1, 3, 7, 1, 5, 7, 5, 7, 1, 1, 1, 3, 1, 7, 5, 5, 1, 3, 3, 5, 3, 1, 5, 1, 7, 7, 5, 5, 5, 1, 3, 5, 5, 5, 1, 5, 0, 1, 5, 1, 3, 3, 3, 1, 5, 3, 1, 5, 3, 5, 5, 3, 7, 5, 5, 1, 0, 3, 7, 5] 
dagD20.txt 1_4x4.txt True 0.5979381443298969 0.7 154.0 [7, 4, 4, 3, 1, 7, 0, 4, 7, 5, 0, 5, 5, 7, 2, 7, 1, 1, 3, 5, 5, 3, 3, 3, 3, 3, 5, 3, 2, 0, 3, 5, 5, 3, 7, 3, 6, 5, 3, 5, 0, 3, 4, 3, 6, 5, 3, 3, 2, 3, 3, 2, 1, 5, 3, 5, 3, 3, 7, 1, 2, 3, 6, 6, 3] 
dagD20.txt 1_4x4.txt True 0.5979381443298969 0.75 154.0 [7, 4, 4, 3, 1, 7, 0, 4, 7, 5, 0, 5, 5, 7, 2, 7, 1, 1, 3, 5, 5, 3, 3, 3, 3, 3, 5, 3, 2, 0, 3, 5, 5, 3, 7, 3, 6, 5, 3, 5, 0, 3, 4, 3, 6, 5, 3, 3, 2, 3, 3, 2, 1, 5, 3, 5, 3, 3, 7, 1, 2, 3, 6, 6, 3] 
dagD20.txt 1_4x4.txt True 0.5979381443298969 0.8 154.0 [7, 4, 4, 3, 1, 7, 0, 4, 7, 5, 0, 5, 5, 7, 2, 7, 1, 1, 3, 5, 5, 3, 3, 3, 3, 3, 5, 3, 2, 0, 3, 5, 5, 3, 7, 3, 6, 5, 3, 5, 0, 3, 4, 3, 6, 5, 3, 3, 2, 3, 3, 2, 1, 5, 3, 5, 3, 3, 7, 1, 2, 3, 6, 6, 3] 
dagD20.txt 1_4x4.txt True 0.7268041237113402 0.85 99.5 [5, 7, 1, 5, 3, 5, 1, 4, 3, 6, 2, 1, 7, 5, 3, 7, 5, 3, 5, 7, 3, 5, 3, 6, 7, 1, 7, 3, 5, 2, 1, 1, 1, 3, 7, 4, 3, 3, 1, 7, 3, 7, 2, 0, 0, 5, 1, 3, 7, 1, 4, 0, 5, 3, 5, 7, 5, 1, 1, 5, 3, 7, 5, 5, 5] 
dagD20.txt 1_4x4.txt True 0.7835051546391752 0.9 101.25 [5, 7, 5, 3, 5, 5, 7, 5, 1, 1, 1, 3, 5, 5, 6, 4, 7, 3, 3, 7, 6, 7, 2, 0, 7, 6, 5, 7, 6, 1, 5, 3, 5, 1, 3, 2, 3, 4, 1, 3, 5, 1, 7, 1, 5, 0, 1, 7, 3, 7, 2, 2, 5, 3, 3, 1, 0, 4, 3, 5, 7, 3, 3, 1, 0] 
dagD20.txt 1_4x4.txt True 0.7268041237113402 0.95 98.5 [6, 1, 7, 2, 5, 3, 2, 3, 7, 3, 3, 1, 1, 3, 6, 3, 3, 1, 3, 0, 0, 6, 3, 3, 3, 1, 5, 1, 7, 5, 5, 4, 5, 5, 7, 3, 1, 3, 3, 7, 5, 5, 1, 4, 1, 7, 3, 7, 4, 1, 7, 6, 7, 2, 5, 5, 7, 7, 1, 4, 1, 5, 1, 7, 5] 
dagD20.txt 1_4x4.txt True 0.7268041237113402 1 98.5 [6, 1, 7, 2, 5, 3, 2, 3, 7, 3, 3, 1, 1, 3, 6, 3, 3, 1, 3, 0, 0, 6, 3, 3, 3, 1, 5, 1, 7, 5, 5, 4, 5, 5, 7, 3, 1, 3, 3, 7, 5, 5, 1, 4, 1, 7, 3, 7, 4, 1, 7, 6, 7, 2, 5, 5, 7, 7, 1, 4, 1, 5, 1, 7, 5] 
dagD20.txt 1_4x2.txt True 0.04639175257731959 0.07 430.25 [1, 1, 1, 1, 1, 1, 1, 1, 1, 1, 1, 1, 1, 1, 1, 1, 1, 1, 1, 1, 1, 1, 1, 1, 1, 1, 1, 1, 1, 1, 1, 1, 1, 1, 1, 1, 1, 1, 1, 1, 1, 3, 1, 1, 1, 1, 1, 1, 1, 1, 1, 1, 3, 1, 1, 1, 1, 1, 1, 1, 1, 1, 1, 1, 1] 
dagD20.txt 1_4x2.txt True 0.04639175257731959 0.08 430.25 [1, 1, 1, 1, 1, 1, 1, 1, 1, 1, 1, 1, 1, 1, 1, 1, 1, 1, 1, 1, 1, 1, 1, 1, 1, 1, 1, 1, 1, 1, 1, 1, 1, 1, 1, 1, 1, 1, 1, 1, 1, 3, 1, 1, 1, 1, 1, 1, 1, 1, 1, 1, 3, 1, 1, 1, 1, 1, 1, 1, 1, 1, 1, 1, 1] 
dagD20.txt 1_4x2.txt True 0.04639175257731959 0.09 430.25 [1, 1, 1, 1, 1, 1, 1, 1, 1, 1, 1, 1, 1, 1, 1, 1, 1, 1, 1, 1, 1, 1, 1, 1, 1, 1, 1, 1, 1, 1, 1, 1, 1, 1, 1, 1, 1, 1, 1, 1, 1, 3, 1, 1, 1, 1, 1, 1, 1, 1, 1, 1, 3, 1, 1, 1, 1, 1, 1, 1, 1, 1, 1, 1, 1] 
dagD20.txt 1_4x2.txt True 0.04639175257731959 0.1 430.25 [1, 1, 1, 1, 1, 1, 1, 1, 1, 1, 1, 1, 1, 1, 1, 1, 1, 1, 1, 1, 1, 1, 1, 1, 1, 1, 1, 1, 1, 1, 1, 1, 1, 1, 1, 1, 1, 1, 1, 1, 1, 3, 1, 1, 1, 1, 1, 1, 1, 1, 1, 1, 3, 1, 1, 1, 1, 1, 1, 1, 1, 1, 1, 1, 1] 
dagD20.txt 1_4x2.txt True 0.04639175257731959 0.11 430.25 [1, 1, 1, 1, 1, 1, 1, 1, 1, 1, 1, 1, 1, 1, 1, 1, 1, 1, 1, 1, 1, 1, 1, 1, 1, 1, 1, 1, 1, 1, 1, 1, 1, 1, 1, 1, 1, 1, 1, 1, 1, 3, 1, 1, 1, 1, 1, 1, 1, 1, 1, 1, 3, 1, 1, 1, 1, 1, 1, 1, 1, 1, 1, 1, 1] 
dagD20.txt 1_4x2.txt True 0.04639175257731959 0.12 430.25 [1, 1, 1, 1, 1, 1, 1, 1, 1, 1, 1, 1, 1, 1, 1, 1, 1, 1, 1, 1, 1, 1, 1, 1, 1, 1, 1, 1, 1, 1, 1, 1, 1, 1, 1, 1, 1, 1, 1, 1, 1, 3, 1, 1, 1, 1, 1, 1, 1, 1, 1, 1, 3, 1, 1, 1, 1, 1, 1, 1, 1, 1, 1, 1, 1] 
dagD20.txt 1_4x2.txt True 0.1134020618556701 0.13 378.5 [1, 1, 1, 2, 1, 1, 1, 1, 1, 1, 1, 1, 1, 1, 1, 1, 2, 1, 1, 1, 1, 1, 1, 1, 1, 1, 1, 1, 1, 1, 1, 1, 1, 1, 1, 1, 1, 1, 1, 1, 1, 1, 0, 0, 1, 1, 1, 1, 1, 1, 1, 0, 2, 1, 1, 1, 1, 1, 0, 1, 0, 1, 1, 2, 1] 
dagD20.txt 1_4x2.txt True 0.10309278350515463 0.14 395.25 [1, 1, 1, 0, 1, 1, 1, 1, 3, 1, 1, 1, 1, 1, 1, 3, 0, 1, 1, 1, 1, 1, 1, 1, 1, 1, 1, 1, 1, 1, 1, 1, 1, 1, 1, 1, 1, 1, 1, 1, 1, 1, 1, 1, 1, 3, 1, 1, 1, 1, 1, 1, 3, 1, 1, 1, 1, 1, 1, 1, 1, 1, 1, 3, 1] 
dagD20.txt 1_4x2.txt True 0.10309278350515463 0.15 395.25 [1, 1, 1, 0, 1, 1, 1, 1, 3, 1, 1, 1, 1, 1, 1, 3, 0, 1, 1, 1, 1, 1, 1, 1, 1, 1, 1, 1, 1, 1, 1, 1, 1, 1, 1, 1, 1, 1, 1, 1, 1, 1, 1, 1, 1, 3, 1, 1, 1, 1, 1, 1, 3, 1, 1, 1, 1, 1, 1, 1, 1, 1, 1, 3, 1] 
dagD20.txt 1_4x2.txt True 0.10309278350515463 0.16 395.25 [1, 1, 1, 0, 1, 1, 1, 1, 3, 1, 1, 1, 1, 1, 1, 3, 0, 1, 1, 1, 1, 1, 1, 1, 1, 1, 1, 1, 1, 1, 1, 1, 1, 1, 1, 1, 1, 1, 1, 1, 1, 1, 1, 1, 1, 3, 1, 1, 1, 1, 1, 1, 3, 1, 1, 1, 1, 1, 1, 1, 1, 1, 1, 3, 1] 
dagD20.txt 1_4x2.txt True 0.10309278350515463 0.17 395.25 [1, 1, 1, 0, 1, 1, 1, 1, 3, 1, 1, 1, 1, 1, 1, 3, 0, 1, 1, 1, 1, 1, 1, 1, 1, 1, 1, 1, 1, 1, 1, 1, 1, 1, 1, 1, 1, 1, 1, 1, 1, 1, 1, 1, 1, 3, 1, 1, 1, 1, 1, 1, 3, 1, 1, 1, 1, 1, 1, 1, 1, 1, 1, 3, 1] 
dagD20.txt 1_4x2.txt True 0.10309278350515463 0.18 395.25 [1, 1, 1, 0, 1, 1, 1, 1, 3, 1, 1, 1, 1, 1, 1, 3, 0, 1, 1, 1, 1, 1, 1, 1, 1, 1, 1, 1, 1, 1, 1, 1, 1, 1, 1, 1, 1, 1, 1, 1, 1, 1, 1, 1, 1, 3, 1, 1, 1, 1, 1, 1, 3, 1, 1, 1, 1, 1, 1, 1, 1, 1, 1, 3, 1] 
dagD20.txt 1_4x2.txt True 0.14432989690721648 0.19 368.5 [1, 1, 1, 0, 1, 1, 1, 1, 1, 1, 1, 1, 1, 1, 1, 1, 0, 1, 1, 1, 1, 1, 1, 1, 1, 1, 1, 1, 1, 1, 3, 1, 1, 1, 1, 1, 1, 1, 1, 1, 1, 1, 1, 1, 1, 1, 3, 1, 1, 1, 3, 1, 2, 1, 1, 3, 1, 1, 1, 1, 1, 3, 1, 2, 1] 
dagD20.txt 1_4x2.txt True 0.14432989690721648 0.2 368.5 [1, 1, 1, 0, 1, 1, 1, 1, 1, 1, 1, 1, 1, 1, 1, 1, 0, 1, 1, 1, 1, 1, 1, 1, 1, 1, 1, 1, 1, 1, 3, 1, 1, 1, 1, 1, 1, 1, 1, 1, 1, 1, 1, 1, 1, 1, 3, 1, 1, 1, 3, 1, 2, 1, 1, 3, 1, 1, 1, 1, 1, 3, 1, 2, 1] 
dagD20.txt 1_4x2.txt True 0.14432989690721648 0.25 368.5 [1, 1, 1, 0, 1, 1, 1, 1, 1, 1, 1, 1, 1, 1, 1, 1, 0, 1, 1, 1, 1, 1, 1, 1, 1, 1, 1, 1, 1, 1, 3, 1, 1, 1, 1, 1, 1, 1, 1, 1, 1, 1, 1, 1, 1, 1, 3, 1, 1, 1, 3, 1, 2, 1, 1, 3, 1, 1, 1, 1, 1, 3, 1, 2, 1] 
dagD20.txt 1_4x2.txt True 0.14432989690721648 0.3 368.5 [1, 1, 1, 0, 1, 1, 1, 1, 1, 1, 1, 1, 1, 1, 1, 1, 0, 1, 1, 1, 1, 1, 1, 1, 1, 1, 1, 1, 1, 1, 3, 1, 1, 1, 1, 1, 1, 1, 1, 1, 1, 1, 1, 1, 1, 1, 3, 1, 1, 1, 3, 1, 2, 1, 1, 3, 1, 1, 1, 1, 1, 3, 1, 2, 1] 
dagD20.txt 1_4x2.txt True 0.14432989690721648 0.35 368.5 [1, 1, 1, 0, 1, 1, 1, 1, 1, 1, 1, 1, 1, 1, 1, 1, 0, 1, 1, 1, 1, 1, 1, 1, 1, 1, 1, 1, 1, 1, 3, 1, 1, 1, 1, 1, 1, 1, 1, 1, 1, 1, 1, 1, 1, 1, 3, 1, 1, 1, 3, 1, 2, 1, 1, 3, 1, 1, 1, 1, 1, 3, 1, 2, 1] 
dagD20.txt 1_4x2.txt True 0.14432989690721648 0.4 368.5 [1, 1, 1, 0, 1, 1, 1, 1, 1, 1, 1, 1, 1, 1, 1, 1, 0, 1, 1, 1, 1, 1, 1, 1, 1, 1, 1, 1, 1, 1, 3, 1, 1, 1, 1, 1, 1, 1, 1, 1, 1, 1, 1, 1, 1, 1, 3, 1, 1, 1, 3, 1, 2, 1, 1, 3, 1, 1, 1, 1, 1, 3, 1, 2, 1] 
dagD20.txt 1_4x2.txt True 0.14432989690721648 0.45 368.5 [1, 1, 1, 0, 1, 1, 1, 1, 1, 1, 1, 1, 1, 1, 1, 1, 0, 1, 1, 1, 1, 1, 1, 1, 1, 1, 1, 1, 1, 1, 3, 1, 1, 1, 1, 1, 1, 1, 1, 1, 1, 1, 1, 1, 1, 1, 3, 1, 1, 1, 3, 1, 2, 1, 1, 3, 1, 1, 1, 1, 1, 3, 1, 2, 1] 
dagD20.txt 1_4x2.txt True 0.37628865979381443 0.5 227.75 [0, 1, 1, 3, 3, 3, 3, 1, 0, 1, 1, 1, 1, 1, 1, 3, 3, 1, 3, 1, 1, 3, 0, 3, 3, 3, 1, 3, 1, 1, 1, 1, 1, 0, 3, 3, 1, 3, 3, 1, 1, 3, 1, 1, 1, 3, 3, 3, 1, 3, 3, 0, 3, 3, 3, 1, 3, 3, 3, 1, 1, 3, 3, 3, 1] 
dagD20.txt 1_4x2.txt True 0.25773195876288657 0.55 273.0 [3, 3, 3, 3, 3, 3, 3, 3, 3, 1, 3, 1, 3, 3, 1, 3, 2, 1, 3, 1, 3, 2, 3, 1, 1, 1, 1, 1, 1, 3, 3, 1, 1, 3, 3, 1, 1, 1, 1, 1, 1, 1, 3, 1, 1, 1, 3, 1, 1, 1, 1, 3, 1, 1, 1, 1, 1, 1, 1, 1, 3, 1, 1, 1, 1] 
dagD20.txt 1_4x2.txt True 0.3865979381443299 0.6 223.75 [1, 1, 2, 1, 1, 1, 1, 2, 1, 3, 2, 3, 2, 1, 0, 1, 1, 0, 2, 3, 1, 1, 1, 1, 3, 3, 3, 3, 0, 3, 2, 1, 3, 3, 3, 1, 3, 3, 3, 3, 3, 1, 3, 3, 1, 1, 1, 3, 1, 3, 1, 1, 1, 3, 3, 1, 1, 3, 3, 1, 1, 3, 1, 1, 3] 
dagD20.txt 1_4x2.txt True 0.4948453608247423 0.65 202.25 [1, 2, 3, 1, 1, 2, 1, 1, 1, 3, 3, 3, 3, 2, 1, 2, 1, 1, 3, 3, 2, 0, 1, 1, 3, 1, 1, 3, 1, 1, 3, 3, 3, 3, 1, 1, 3, 3, 3, 1, 3, 2, 3, 3, 3, 1, 1, 1, 1, 3, 1, 3, 3, 1, 3, 3, 1, 0, 3, 3, 3, 0, 1, 0, 3] 
dagD20.txt 1_4x2.txt True 0.4742268041237113 0.7 221.75 [1, 1, 0, 0, 1, 1, 1, 1, 3, 1, 2, 1, 1, 1, 1, 1, 3, 1, 0, 1, 1, 2, 3, 3, 3, 3, 1, 3, 0, 0, 3, 1, 1, 3, 1, 3, 0, 3, 3, 1, 2, 3, 2, 3, 3, 1, 3, 3, 3, 3, 3, 3, 3, 3, 3, 3, 3, 3, 2, 3, 3, 3, 0, 0, 2] 
dagD20.txt 1_4x2.txt True 0.4742268041237113 0.75 221.75 [1, 1, 0, 0, 1, 1, 1, 1, 3, 1, 2, 1, 1, 1, 1, 1, 3, 1, 0, 1, 1, 2, 3, 3, 3, 3, 1, 3, 0, 0, 3, 1, 1, 3, 1, 3, 0, 3, 3, 1, 2, 3, 2, 3, 3, 1, 3, 3, 3, 3, 3, 3, 3, 3, 3, 3, 3, 3, 2, 3, 3, 3, 0, 0, 2] 
dagD20.txt 1_4x2.txt True 0.4742268041237113 0.8 221.75 [1, 1, 0, 0, 1, 1, 1, 1, 3, 1, 2, 1, 1, 1, 1, 1, 3, 1, 0, 1, 1, 2, 3, 3, 3, 3, 1, 3, 0, 0, 3, 1, 1, 3, 1, 3, 0, 3, 3, 1, 2, 3, 2, 3, 3, 1, 3, 3, 3, 3, 3, 3, 3, 3, 3, 3, 3, 3, 2, 3, 3, 3, 0, 0, 2] 
dagD20.txt 1_4x2.txt True 0.5103092783505154 0.85 187.25 [1, 3, 3, 3, 3, 1, 0, 3, 1, 2, 1, 1, 1, 1, 3, 3, 3, 3, 3, 1, 1, 1, 3, 0, 3, 1, 1, 3, 1, 1, 3, 1, 1, 3, 3, 3, 3, 1, 1, 3, 1, 3, 1, 0, 1, 1, 2, 3, 3, 1, 3, 2, 3, 1, 1, 3, 1, 1, 0, 3, 2, 2, 1, 0, 1] 
dagD20.txt 1_4x2.txt True 0.5515463917525774 0.9 190.75 [1, 1, 3, 1, 1, 1, 2, 3, 1, 3, 1, 3, 3, 1, 2, 1, 1, 3, 1, 0, 1, 2, 1, 2, 3, 3, 1, 3, 2, 1, 3, 3, 1, 3, 1, 1, 3, 1, 0, 0, 1, 3, 3, 3, 3, 2, 3, 3, 1, 3, 1, 3, 1, 1, 3, 1, 2, 1, 3, 3, 3, 3, 0, 3, 0] 
dagD20.txt 1_4x2.txt True 0.6082474226804123 0.95 185.25 [3, 3, 3, 1, 3, 3, 1, 1, 1, 1, 3, 3, 3, 3, 3, 0, 1, 2, 3, 2, 1, 1, 1, 1, 1, 1, 1, 3, 1, 0, 3, 0, 2, 3, 2, 0, 3, 1, 1, 3, 2, 1, 1, 0, 3, 3, 3, 0, 2, 1, 1, 3, 3, 3, 3, 3, 1, 0, 1, 1, 3, 3, 1, 1, 2] 
dagD20.txt 1_4x2.txt True 0.6082474226804123 1 185.25 [3, 3, 3, 1, 3, 3, 1, 1, 1, 1, 3, 3, 3, 3, 3, 0, 1, 2, 3, 2, 1, 1, 1, 1, 1, 1, 1, 3, 1, 0, 3, 0, 2, 3, 2, 0, 3, 1, 1, 3, 2, 1, 1, 0, 3, 3, 3, 0, 2, 1, 1, 3, 3, 3, 3, 3, 1, 0, 1, 1, 3, 3, 1, 1, 2] 
dagD20.txt 1_4x3.txt True 0.04639175257731959 0.07 430.25 [1, 1, 1, 1, 1, 1, 1, 1, 1, 1, 1, 1, 1, 1, 1, 1, 1, 1, 1, 1, 1, 1, 1, 1, 1, 1, 1, 1, 1, 1, 1, 1, 1, 1, 1, 1, 1, 1, 1, 1, 1, 2, 1, 1, 1, 1, 1, 1, 1, 1, 1, 1, 2, 1, 1, 1, 1, 1, 1, 1, 1, 1, 1, 1, 1] 
dagD20.txt 1_4x3.txt True 0.04639175257731959 0.08 430.25 [1, 1, 1, 1, 1, 1, 1, 1, 1, 1, 1, 1, 1, 1, 1, 1, 1, 1, 1, 1, 1, 1, 1, 1, 1, 1, 1, 1, 1, 1, 1, 1, 1, 1, 1, 1, 1, 1, 1, 1, 1, 2, 1, 1, 1, 1, 1, 1, 1, 1, 1, 1, 2, 1, 1, 1, 1, 1, 1, 1, 1, 1, 1, 1, 1] 
dagD20.txt 1_4x3.txt True 0.04639175257731959 0.09 430.25 [1, 1, 1, 1, 1, 1, 1, 1, 1, 1, 1, 1, 1, 1, 1, 1, 1, 1, 1, 1, 1, 1, 1, 1, 1, 1, 1, 1, 1, 1, 1, 1, 1, 1, 1, 1, 1, 1, 1, 1, 1, 2, 1, 1, 1, 1, 1, 1, 1, 1, 1, 1, 2, 1, 1, 1, 1, 1, 1, 1, 1, 1, 1, 1, 1] 
dagD20.txt 1_4x3.txt True 0.04639175257731959 0.1 430.25 [1, 1, 1, 1, 1, 1, 1, 1, 1, 1, 1, 1, 1, 1, 1, 1, 1, 1, 1, 1, 1, 1, 1, 1, 1, 1, 1, 1, 1, 1, 1, 1, 1, 1, 1, 1, 1, 1, 1, 1, 1, 2, 1, 1, 1, 1, 1, 1, 1, 1, 1, 1, 2, 1, 1, 1, 1, 1, 1, 1, 1, 1, 1, 1, 1] 
dagD20.txt 1_4x3.txt True 0.04639175257731959 0.11 430.25 [1, 1, 1, 1, 1, 1, 1, 1, 1, 1, 1, 1, 1, 1, 1, 1, 1, 1, 1, 1, 1, 1, 1, 1, 1, 1, 1, 1, 1, 1, 1, 1, 1, 1, 1, 1, 1, 1, 1, 1, 1, 2, 1, 1, 1, 1, 1, 1, 1, 1, 1, 1, 2, 1, 1, 1, 1, 1, 1, 1, 1, 1, 1, 1, 1] 
dagD20.txt 1_4x3.txt True 0.04639175257731959 0.12 430.25 [1, 1, 1, 1, 1, 1, 1, 1, 1, 1, 1, 1, 1, 1, 1, 1, 1, 1, 1, 1, 1, 1, 1, 1, 1, 1, 1, 1, 1, 1, 1, 1, 1, 1, 1, 1, 1, 1, 1, 1, 1, 2, 1, 1, 1, 1, 1, 1, 1, 1, 1, 1, 2, 1, 1, 1, 1, 1, 1, 1, 1, 1, 1, 1, 1] 
dagD20.txt 1_4x3.txt True 0.1134020618556701 0.13 378.5 [1, 1, 1, 5, 1, 1, 1, 1, 1, 1, 1, 1, 1, 1, 1, 1, 5, 1, 1, 1, 1, 1, 1, 1, 1, 1, 1, 1, 1, 1, 1, 1, 1, 1, 1, 1, 1, 1, 1, 1, 1, 1, 5, 2, 1, 1, 1, 1, 1, 1, 1, 5, 2, 1, 1, 1, 1, 1, 2, 1, 5, 1, 1, 2, 1] 
dagD20.txt 1_4x3.txt True 0.12371134020618557 0.14 379.5 [3, 3, 3, 0, 3, 3, 3, 3, 1, 3, 3, 3, 3, 3, 3, 1, 0, 3, 3, 3, 3, 3, 3, 3, 3, 3, 3, 3, 3, 3, 3, 3, 3, 3, 3, 3, 3, 3, 3, 3, 3, 3, 3, 3, 3, 0, 3, 3, 3, 3, 3, 1, 1, 3, 3, 3, 3, 3, 3, 3, 1, 3, 3, 1, 3] 
dagD20.txt 1_4x3.txt True 0.12371134020618557 0.15 379.5 [3, 3, 3, 0, 3, 3, 3, 3, 1, 3, 3, 3, 3, 3, 3, 1, 0, 3, 3, 3, 3, 3, 3, 3, 3, 3, 3, 3, 3, 3, 3, 3, 3, 3, 3, 3, 3, 3, 3, 3, 3, 3, 3, 3, 3, 0, 3, 3, 3, 3, 3, 1, 1, 3, 3, 3, 3, 3, 3, 3, 1, 3, 3, 1, 3] 
dagD20.txt 1_4x3.txt True 0.12371134020618557 0.16 379.5 [3, 3, 3, 0, 3, 3, 3, 3, 1, 3, 3, 3, 3, 3, 3, 1, 0, 3, 3, 3, 3, 3, 3, 3, 3, 3, 3, 3, 3, 3, 3, 3, 3, 3, 3, 3, 3, 3, 3, 3, 3, 3, 3, 3, 3, 0, 3, 3, 3, 3, 3, 1, 1, 3, 3, 3, 3, 3, 3, 3, 1, 3, 3, 1, 3] 
dagD20.txt 1_4x3.txt True 0.12371134020618557 0.17 379.5 [3, 3, 3, 0, 3, 3, 3, 3, 1, 3, 3, 3, 3, 3, 3, 1, 0, 3, 3, 3, 3, 3, 3, 3, 3, 3, 3, 3, 3, 3, 3, 3, 3, 3, 3, 3, 3, 3, 3, 3, 3, 3, 3, 3, 3, 0, 3, 3, 3, 3, 3, 1, 1, 3, 3, 3, 3, 3, 3, 3, 1, 3, 3, 1, 3] 
dagD20.txt 1_4x3.txt True 0.12371134020618557 0.18 379.5 [3, 3, 3, 0, 3, 3, 3, 3, 1, 3, 3, 3, 3, 3, 3, 1, 0, 3, 3, 3, 3, 3, 3, 3, 3, 3, 3, 3, 3, 3, 3, 3, 3, 3, 3, 3, 3, 3, 3, 3, 3, 3, 3, 3, 3, 0, 3, 3, 3, 3, 3, 1, 1, 3, 3, 3, 3, 3, 3, 3, 1, 3, 3, 1, 3] 
dagD20.txt 1_4x3.txt True 0.16494845360824742 0.19 352.75 [5, 5, 5, 1, 5, 5, 5, 5, 5, 5, 5, 5, 5, 5, 5, 5, 1, 5, 5, 5, 5, 5, 5, 5, 5, 5, 5, 5, 5, 5, 2, 5, 5, 5, 5, 5, 5, 5, 5, 5, 5, 5, 5, 5, 5, 5, 2, 5, 5, 5, 3, 2, 3, 5, 5, 1, 5, 5, 5, 5, 2, 3, 5, 3, 5] 
dagD20.txt 1_4x3.txt True 0.16494845360824742 0.2 352.75 [5, 5, 5, 1, 5, 5, 5, 5, 5, 5, 5, 5, 5, 5, 5, 5, 1, 5, 5, 5, 5, 5, 5, 5, 5, 5, 5, 5, 5, 5, 2, 5, 5, 5, 5, 5, 5, 5, 5, 5, 5, 5, 5, 5, 5, 5, 2, 5, 5, 5, 3, 2, 3, 5, 5, 1, 5, 5, 5, 5, 2, 3, 5, 3, 5] 
dagD20.txt 1_4x3.txt True 0.16494845360824742 0.25 352.75 [5, 5, 5, 1, 5, 5, 5, 5, 5, 5, 5, 5, 5, 5, 5, 5, 1, 5, 5, 5, 5, 5, 5, 5, 5, 5, 5, 5, 5, 5, 2, 5, 5, 5, 5, 5, 5, 5, 5, 5, 5, 5, 5, 5, 5, 5, 2, 5, 5, 5, 3, 2, 3, 5, 5, 1, 5, 5, 5, 5, 2, 3, 5, 3, 5] 
dagD20.txt 1_4x3.txt True 0.16494845360824742 0.3 352.75 [5, 5, 5, 1, 5, 5, 5, 5, 5, 5, 5, 5, 5, 5, 5, 5, 1, 5, 5, 5, 5, 5, 5, 5, 5, 5, 5, 5, 5, 5, 2, 5, 5, 5, 5, 5, 5, 5, 5, 5, 5, 5, 5, 5, 5, 5, 2, 5, 5, 5, 3, 2, 3, 5, 5, 1, 5, 5, 5, 5, 2, 3, 5, 3, 5] 
dagD20.txt 1_4x3.txt True 0.16494845360824742 0.35 352.75 [5, 5, 5, 1, 5, 5, 5, 5, 5, 5, 5, 5, 5, 5, 5, 5, 1, 5, 5, 5, 5, 5, 5, 5, 5, 5, 5, 5, 5, 5, 2, 5, 5, 5, 5, 5, 5, 5, 5, 5, 5, 5, 5, 5, 5, 5, 2, 5, 5, 5, 3, 2, 3, 5, 5, 1, 5, 5, 5, 5, 2, 3, 5, 3, 5] 
dagD20.txt 1_4x3.txt True 0.16494845360824742 0.4 352.75 [5, 5, 5, 1, 5, 5, 5, 5, 5, 5, 5, 5, 5, 5, 5, 5, 1, 5, 5, 5, 5, 5, 5, 5, 5, 5, 5, 5, 5, 5, 2, 5, 5, 5, 5, 5, 5, 5, 5, 5, 5, 5, 5, 5, 5, 5, 2, 5, 5, 5, 3, 2, 3, 5, 5, 1, 5, 5, 5, 5, 2, 3, 5, 3, 5] 
dagD20.txt 1_4x3.txt True 0.16494845360824742 0.45 352.75 [5, 5, 5, 1, 5, 5, 5, 5, 5, 5, 5, 5, 5, 5, 5, 5, 1, 5, 5, 5, 5, 5, 5, 5, 5, 5, 5, 5, 5, 5, 2, 5, 5, 5, 5, 5, 5, 5, 5, 5, 5, 5, 5, 5, 5, 5, 2, 5, 5, 5, 3, 2, 3, 5, 5, 1, 5, 5, 5, 5, 2, 3, 5, 3, 5] 
dagD20.txt 1_4x3.txt True 0.4020618556701031 0.5 175.0 [5, 1, 1, 5, 5, 5, 5, 1, 5, 1, 1, 1, 1, 1, 1, 5, 5, 1, 5, 1, 1, 5, 5, 3, 3, 3, 1, 3, 1, 1, 1, 1, 1, 5, 5, 3, 1, 3, 3, 1, 1, 3, 1, 5, 1, 3, 3, 3, 1, 3, 3, 5, 3, 3, 3, 5, 3, 3, 3, 1, 1, 3, 3, 3, 5] 
dagD20.txt 1_4x3.txt True 0.34536082474226804 0.55 220.25 [3, 1, 1, 1, 1, 3, 1, 1, 3, 3, 1, 3, 1, 3, 5, 3, 3, 5, 1, 3, 3, 3, 3, 3, 5, 5, 3, 5, 5, 3, 1, 3, 5, 3, 3, 3, 5, 5, 5, 5, 5, 5, 3, 5, 5, 5, 3, 5, 5, 5, 5, 3, 5, 5, 5, 5, 5, 5, 5, 5, 3, 5, 5, 5, 5] 
dagD20.txt 1_4x3.txt True 0.4536082474226804 0.6 146.25 [1, 1, 3, 3, 3, 1, 3, 0, 1, 3, 3, 3, 3, 1, 4, 1, 3, 4, 3, 3, 1, 3, 1, 1, 5, 5, 3, 5, 4, 5, 3, 5, 5, 5, 2, 1, 5, 5, 5, 2, 5, 1, 3, 5, 1, 1, 1, 5, 1, 5, 1, 1, 5, 5, 5, 2, 1, 5, 5, 5, 1, 2, 1, 1, 5] 
dagD20.txt 1_4x3.txt True 0.4948453608247423 0.65 161.5 [4, 1, 5, 3, 3, 1, 3, 0, 1, 3, 5, 3, 5, 1, 4, 1, 3, 4, 5, 3, 3, 3, 5, 5, 3, 5, 1, 1, 4, 0, 5, 0, 3, 3, 1, 5, 1, 3, 3, 1, 3, 5, 1, 3, 1, 5, 5, 5, 1, 3, 5, 1, 5, 5, 3, 3, 5, 2, 3, 0, 1, 2, 5, 2, 3] 
dagD20.txt 1_4x3.txt True 0.5154639175257731 0.7 178.25 [5, 1, 1, 1, 2, 5, 1, 1, 0, 3, 1, 3, 3, 5, 0, 5, 2, 0, 1, 3, 3, 2, 1, 1, 1, 1, 3, 1, 0, 2, 1, 3, 3, 1, 4, 1, 3, 5, 1, 4, 2, 1, 5, 1, 0, 4, 1, 1, 4, 1, 1, 5, 3, 5, 1, 4, 1, 1, 3, 3, 5, 1, 3, 3, 4] 
dagD20.txt 1_4x3.txt True 0.5154639175257731 0.75 178.25 [5, 1, 1, 1, 2, 5, 1, 1, 0, 3, 1, 3, 3, 5, 0, 5, 2, 0, 1, 3, 3, 2, 1, 1, 1, 1, 3, 1, 0, 2, 1, 3, 3, 1, 4, 1, 3, 5, 1, 4, 2, 1, 5, 1, 0, 4, 1, 1, 4, 1, 1, 5, 3, 5, 1, 4, 1, 1, 3, 3, 5, 1, 3, 3, 4] 
dagD20.txt 1_4x3.txt True 0.5154639175257731 0.8 178.25 [5, 1, 1, 1, 2, 5, 1, 1, 0, 3, 1, 3, 3, 5, 0, 5, 2, 0, 1, 3, 3, 2, 1, 1, 1, 1, 3, 1, 0, 2, 1, 3, 3, 1, 4, 1, 3, 5, 1, 4, 2, 1, 5, 1, 0, 4, 1, 1, 4, 1, 1, 5, 3, 5, 1, 4, 1, 1, 3, 3, 5, 1, 3, 3, 4] 
dagD20.txt 1_4x3.txt True 0.6649484536082474 0.85 130.25 [4, 5, 1, 5, 3, 4, 2, 4, 3, 1, 5, 1, 3, 4, 5, 5, 5, 5, 5, 3, 1, 5, 1, 3, 3, 3, 1, 5, 1, 5, 3, 1, 1, 1, 5, 2, 5, 4, 1, 5, 1, 3, 0, 5, 0, 1, 3, 1, 5, 3, 2, 0, 3, 4, 5, 1, 1, 1, 3, 3, 0, 2, 5, 1, 1] 
dagD20.txt 1_4x3.txt True 0.654639175257732 0.9 130.25 [3, 1, 3, 1, 5, 3, 5, 3, 3, 5, 2, 5, 5, 3, 2, 0, 1, 1, 1, 5, 4, 5, 0, 1, 3, 2, 1, 3, 2, 2, 1, 5, 1, 3, 1, 0, 1, 3, 5, 3, 1, 5, 5, 3, 5, 4, 5, 3, 1, 3, 0, 0, 5, 3, 3, 1, 4, 3, 1, 5, 5, 3, 2, 4, 3] 
dagD20.txt 1_4x3.txt True 0.7628865979381443 0.95 128.5 [2, 1, 3, 1, 3, 1, 1, 0, 3, 3, 5, 3, 0, 1, 2, 5, 1, 4, 5, 1, 1, 2, 0, 1, 5, 1, 5, 5, 1, 1, 5, 0, 0, 1, 0, 0, 5, 5, 4, 5, 0, 5, 1, 2, 3, 5, 3, 4, 3, 3, 5, 3, 5, 3, 1, 5, 1, 2, 3, 1, 3, 1, 5, 1, 3] 
dagD20.txt 1_4x3.txt True 0.7628865979381443 1 128.5 [2, 1, 3, 1, 3, 1, 1, 0, 3, 3, 5, 3, 0, 1, 2, 5, 1, 4, 5, 1, 1, 2, 0, 1, 5, 1, 5, 5, 1, 1, 5, 0, 0, 1, 0, 0, 5, 5, 4, 5, 0, 5, 1, 2, 3, 5, 3, 4, 3, 3, 5, 3, 5, 3, 1, 5, 1, 2, 3, 1, 3, 1, 5, 1, 3] 
dagD20.txt 3_2x1.txt True 0.04639175257731959 0.07 573.6666666666666 [0, 0, 0, 0, 0, 0, 0, 0, 0, 0, 0, 0, 0, 0, 0, 0, 0, 0, 0, 0, 0, 0, 0, 0, 0, 0, 0, 0, 0, 0, 0, 0, 0, 0, 0, 0, 0, 0, 0, 0, 0, 1, 0, 0, 0, 0, 0, 0, 0, 0, 0, 0, 1, 0, 0, 0, 0, 0, 0, 0, 0, 0, 0, 0, 0] 
dagD20.txt 3_2x1.txt True 0.04639175257731959 0.08 573.6666666666666 [0, 0, 0, 0, 0, 0, 0, 0, 0, 0, 0, 0, 0, 0, 0, 0, 0, 0, 0, 0, 0, 0, 0, 0, 0, 0, 0, 0, 0, 0, 0, 0, 0, 0, 0, 0, 0, 0, 0, 0, 0, 1, 0, 0, 0, 0, 0, 0, 0, 0, 0, 0, 1, 0, 0, 0, 0, 0, 0, 0, 0, 0, 0, 0, 0] 
dagD20.txt 3_2x1.txt True 0.04639175257731959 0.09 573.6666666666666 [0, 0, 0, 0, 0, 0, 0, 0, 0, 0, 0, 0, 0, 0, 0, 0, 0, 0, 0, 0, 0, 0, 0, 0, 0, 0, 0, 0, 0, 0, 0, 0, 0, 0, 0, 0, 0, 0, 0, 0, 0, 1, 0, 0, 0, 0, 0, 0, 0, 0, 0, 0, 1, 0, 0, 0, 0, 0, 0, 0, 0, 0, 0, 0, 0] 
dagD20.txt 3_2x1.txt True 0.04639175257731959 0.1 573.6666666666666 [0, 0, 0, 0, 0, 0, 0, 0, 0, 0, 0, 0, 0, 0, 0, 0, 0, 0, 0, 0, 0, 0, 0, 0, 0, 0, 0, 0, 0, 0, 0, 0, 0, 0, 0, 0, 0, 0, 0, 0, 0, 1, 0, 0, 0, 0, 0, 0, 0, 0, 0, 0, 1, 0, 0, 0, 0, 0, 0, 0, 0, 0, 0, 0, 0] 
dagD20.txt 3_2x1.txt True 0.04639175257731959 0.11 573.6666666666666 [0, 0, 0, 0, 0, 0, 0, 0, 0, 0, 0, 0, 0, 0, 0, 0, 0, 0, 0, 0, 0, 0, 0, 0, 0, 0, 0, 0, 0, 0, 0, 0, 0, 0, 0, 0, 0, 0, 0, 0, 0, 1, 0, 0, 0, 0, 0, 0, 0, 0, 0, 0, 1, 0, 0, 0, 0, 0, 0, 0, 0, 0, 0, 0, 0] 
dagD20.txt 3_2x1.txt True 0.04639175257731959 0.12 573.6666666666666 [0, 0, 0, 0, 0, 0, 0, 0, 0, 0, 0, 0, 0, 0, 0, 0, 0, 0, 0, 0, 0, 0, 0, 0, 0, 0, 0, 0, 0, 0, 0, 0, 0, 0, 0, 0, 0, 0, 0, 0, 0, 1, 0, 0, 0, 0, 0, 0, 0, 0, 0, 0, 1, 0, 0, 0, 0, 0, 0, 0, 0, 0, 0, 0, 0] 
dagD20.txt 3_2x1.txt True 0.061855670103092786 0.13 555.3333333333334 [0, 0, 0, 1, 0, 0, 0, 0, 0, 0, 0, 0, 0, 0, 0, 0, 1, 0, 0, 0, 0, 0, 0, 0, 0, 0, 0, 0, 0, 0, 0, 0, 0, 0, 0, 0, 0, 0, 0, 0, 0, 0, 1, 0, 0, 0, 0, 0, 0, 0, 0, 1, 0, 0, 0, 0, 0, 0, 0, 0, 1, 0, 0, 0, 0] 
dagD20.txt 3_2x1.txt True 0.0 0.14 605.3333333333334 [0, 0, 0, 0, 0, 0, 0, 0, 0, 0, 0, 0, 0, 0, 0, 0, 0, 0, 0, 0, 0, 0, 0, 0, 0, 0, 0, 0, 0, 0, 0, 0, 0, 0, 0, 0, 0, 0, 0, 0, 0, 0, 0, 0, 0, 0, 0, 0, 0, 0, 0, 0, 0, 0, 0, 0, 0, 0, 0, 0, 0, 0, 0, 0, 0] 
dagD20.txt 3_2x1.txt True 0.0 0.15 605.3333333333334 [0, 0, 0, 0, 0, 0, 0, 0, 0, 0, 0, 0, 0, 0, 0, 0, 0, 0, 0, 0, 0, 0, 0, 0, 0, 0, 0, 0, 0, 0, 0, 0, 0, 0, 0, 0, 0, 0, 0, 0, 0, 0, 0, 0, 0, 0, 0, 0, 0, 0, 0, 0, 0, 0, 0, 0, 0, 0, 0, 0, 0, 0, 0, 0, 0] 
dagD20.txt 3_2x1.txt True 0.0 0.16 605.3333333333334 [0, 0, 0, 0, 0, 0, 0, 0, 0, 0, 0, 0, 0, 0, 0, 0, 0, 0, 0, 0, 0, 0, 0, 0, 0, 0, 0, 0, 0, 0, 0, 0, 0, 0, 0, 0, 0, 0, 0, 0, 0, 0, 0, 0, 0, 0, 0, 0, 0, 0, 0, 0, 0, 0, 0, 0, 0, 0, 0, 0, 0, 0, 0, 0, 0] 
dagD20.txt 3_2x1.txt True 0.0 0.17 605.3333333333334 [0, 0, 0, 0, 0, 0, 0, 0, 0, 0, 0, 0, 0, 0, 0, 0, 0, 0, 0, 0, 0, 0, 0, 0, 0, 0, 0, 0, 0, 0, 0, 0, 0, 0, 0, 0, 0, 0, 0, 0, 0, 0, 0, 0, 0, 0, 0, 0, 0, 0, 0, 0, 0, 0, 0, 0, 0, 0, 0, 0, 0, 0, 0, 0, 0] 
dagD20.txt 3_2x1.txt True 0.0 0.18 605.3333333333334 [0, 0, 0, 0, 0, 0, 0, 0, 0, 0, 0, 0, 0, 0, 0, 0, 0, 0, 0, 0, 0, 0, 0, 0, 0, 0, 0, 0, 0, 0, 0, 0, 0, 0, 0, 0, 0, 0, 0, 0, 0, 0, 0, 0, 0, 0, 0, 0, 0, 0, 0, 0, 0, 0, 0, 0, 0, 0, 0, 0, 0, 0, 0, 0, 0] 
dagD20.txt 3_2x1.txt True 0.09278350515463918 0.19 528.3333333333334 [0, 0, 0, 0, 0, 0, 0, 0, 0, 0, 0, 0, 0, 0, 0, 0, 0, 0, 0, 0, 0, 0, 0, 0, 0, 0, 0, 0, 0, 0, 1, 0, 0, 0, 0, 0, 0, 0, 0, 0, 0, 0, 0, 0, 0, 0, 1, 0, 0, 0, 1, 0, 1, 0, 0, 0, 0, 0, 0, 0, 0, 1, 0, 1, 0] 
dagD20.txt 3_2x1.txt True 0.09278350515463918 0.2 528.3333333333334 [0, 0, 0, 0, 0, 0, 0, 0, 0, 0, 0, 0, 0, 0, 0, 0, 0, 0, 0, 0, 0, 0, 0, 0, 0, 0, 0, 0, 0, 0, 1, 0, 0, 0, 0, 0, 0, 0, 0, 0, 0, 0, 0, 0, 0, 0, 1, 0, 0, 0, 1, 0, 1, 0, 0, 0, 0, 0, 0, 0, 0, 1, 0, 1, 0] 
dagD20.txt 3_2x1.txt True 0.09278350515463918 0.25 528.3333333333334 [0, 0, 0, 0, 0, 0, 0, 0, 0, 0, 0, 0, 0, 0, 0, 0, 0, 0, 0, 0, 0, 0, 0, 0, 0, 0, 0, 0, 0, 0, 1, 0, 0, 0, 0, 0, 0, 0, 0, 0, 0, 0, 0, 0, 0, 0, 1, 0, 0, 0, 1, 0, 1, 0, 0, 0, 0, 0, 0, 0, 0, 1, 0, 1, 0] 
dagD20.txt 3_2x1.txt True 0.09278350515463918 0.3 528.3333333333334 [0, 0, 0, 0, 0, 0, 0, 0, 0, 0, 0, 0, 0, 0, 0, 0, 0, 0, 0, 0, 0, 0, 0, 0, 0, 0, 0, 0, 0, 0, 1, 0, 0, 0, 0, 0, 0, 0, 0, 0, 0, 0, 0, 0, 0, 0, 1, 0, 0, 0, 1, 0, 1, 0, 0, 0, 0, 0, 0, 0, 0, 1, 0, 1, 0] 
dagD20.txt 3_2x1.txt True 0.09278350515463918 0.35 528.3333333333334 [0, 0, 0, 0, 0, 0, 0, 0, 0, 0, 0, 0, 0, 0, 0, 0, 0, 0, 0, 0, 0, 0, 0, 0, 0, 0, 0, 0, 0, 0, 1, 0, 0, 0, 0, 0, 0, 0, 0, 0, 0, 0, 0, 0, 0, 0, 1, 0, 0, 0, 1, 0, 1, 0, 0, 0, 0, 0, 0, 0, 0, 1, 0, 1, 0] 
dagD20.txt 3_2x1.txt True 0.09278350515463918 0.4 528.3333333333334 [0, 0, 0, 0, 0, 0, 0, 0, 0, 0, 0, 0, 0, 0, 0, 0, 0, 0, 0, 0, 0, 0, 0, 0, 0, 0, 0, 0, 0, 0, 1, 0, 0, 0, 0, 0, 0, 0, 0, 0, 0, 0, 0, 0, 0, 0, 1, 0, 0, 0, 1, 0, 1, 0, 0, 0, 0, 0, 0, 0, 0, 1, 0, 1, 0] 
dagD20.txt 3_2x1.txt True 0.09278350515463918 0.45 528.3333333333334 [0, 0, 0, 0, 0, 0, 0, 0, 0, 0, 0, 0, 0, 0, 0, 0, 0, 0, 0, 0, 0, 0, 0, 0, 0, 0, 0, 0, 0, 0, 1, 0, 0, 0, 0, 0, 0, 0, 0, 0, 0, 0, 0, 0, 0, 0, 1, 0, 0, 0, 1, 0, 1, 0, 0, 0, 0, 0, 0, 0, 0, 1, 0, 1, 0] 
dagD20.txt 3_2x1.txt True 0.31443298969072164 0.5 411.5 [0, 1, 1, 0, 0, 0, 0, 1, 0, 1, 1, 1, 1, 1, 1, 0, 0, 1, 0, 1, 1, 0, 1, 0, 0, 0, 1, 0, 1, 1, 1, 1, 1, 1, 1, 0, 1, 0, 0, 1, 1, 0, 1, 1, 1, 0, 0, 0, 1, 0, 0, 1, 0, 0, 0, 0, 0, 0, 0, 1, 1, 0, 0, 0, 1] 
dagD20.txt 3_2x1.txt True 0.3247422680412371 0.55 380.6666666666667 [0, 0, 0, 0, 0, 0, 0, 0, 0, 1, 0, 1, 0, 0, 0, 0, 1, 0, 0, 1, 0, 0, 1, 1, 1, 0, 1, 0, 0, 1, 0, 1, 0, 1, 0, 1, 0, 1, 0, 0, 0, 1, 1, 0, 1, 0, 0, 0, 0, 0, 0, 1, 1, 1, 0, 0, 0, 1, 0, 1, 1, 0, 0, 1, 0] 
dagD20.txt 3_2x1.txt True 0.16494845360824742 0.6 430.6666666666667 [1, 1, 1, 1, 1, 1, 1, 1, 1, 0, 1, 0, 1, 1, 0, 1, 1, 0, 1, 0, 1, 1, 0, 0, 0, 0, 0, 0, 0, 0, 1, 0, 0, 0, 0, 0, 0, 0, 0, 0, 0, 0, 0, 0, 0, 0, 0, 0, 0, 0, 0, 0, 0, 0, 0, 0, 0, 0, 0, 0, 0, 0, 0, 0, 0] 
dagD20.txt 3_2x1.txt True 0.31958762886597936 0.65 391.0 [0, 1, 0, 1, 1, 1, 1, 1, 0, 0, 0, 0, 0, 1, 0, 1, 1, 0, 0, 0, 1, 1, 0, 0, 0, 0, 1, 0, 0, 1, 0, 0, 0, 0, 1, 0, 0, 0, 0, 1, 0, 1, 1, 0, 1, 0, 0, 0, 1, 0, 0, 1, 0, 0, 0, 0, 0, 0, 0, 0, 1, 0, 0, 0, 0] 
dagD20.txt 3_2x1.txt True 0.23195876288659795 0.7 422.0 [0, 0, 0, 0, 0, 0, 0, 0, 0, 0, 0, 0, 0, 0, 0, 0, 0, 0, 0, 0, 0, 0, 0, 0, 0, 0, 0, 0, 0, 1, 0, 0, 0, 0, 0, 0, 1, 1, 0, 1, 1, 0, 1, 0, 1, 1, 0, 0, 1, 0, 0, 1, 1, 1, 0, 1, 0, 0, 1, 1, 1, 0, 1, 1, 1] 
dagD20.txt 3_2x1.txt True 0.23195876288659795 0.75 422.0 [0, 0, 0, 0, 0, 0, 0, 0, 0, 0, 0, 0, 0, 0, 0, 0, 0, 0, 0, 0, 0, 0, 0, 0, 0, 0, 0, 0, 0, 1, 0, 0, 0, 0, 0, 0, 1, 1, 0, 1, 1, 0, 1, 0, 1, 1, 0, 0, 1, 0, 0, 1, 1, 1, 0, 1, 0, 0, 1, 1, 1, 0, 1, 1, 1] 
dagD20.txt 3_2x1.txt True 0.23195876288659795 0.8 422.0 [0, 0, 0, 0, 0, 0, 0, 0, 0, 0, 0, 0, 0, 0, 0, 0, 0, 0, 0, 0, 0, 0, 0, 0, 0, 0, 0, 0, 0, 1, 0, 0, 0, 0, 0, 0, 1, 1, 0, 1, 1, 0, 1, 0, 1, 1, 0, 0, 1, 0, 0, 1, 1, 1, 0, 1, 0, 0, 1, 1, 1, 0, 1, 1, 1] 
dagD20.txt 3_2x1.txt True 0.32989690721649484 0.85 365.0 [1, 0, 1, 0, 1, 1, 1, 1, 1, 1, 1, 0, 1, 1, 0, 0, 0, 0, 0, 1, 1, 1, 0, 1, 1, 0, 0, 0, 0, 1, 1, 0, 0, 0, 0, 0, 0, 1, 0, 0, 1, 1, 0, 0, 0, 0, 1, 0, 0, 0, 0, 0, 0, 1, 0, 1, 0, 0, 0, 0, 0, 0, 0, 0, 0] 
dagD20.txt 3_2x1.txt True 0.27319587628865977 0.9 365.3333333333333 [1, 1, 0, 1, 1, 1, 1, 0, 1, 1, 1, 0, 1, 1, 0, 1, 1, 1, 1, 1, 1, 1, 1, 1, 0, 0, 1, 0, 0, 1, 0, 0, 0, 0, 0, 1, 0, 0, 0, 0, 0, 0, 0, 0, 0, 0, 1, 0, 0, 0, 0, 1, 0, 0, 0, 0, 0, 0, 0, 0, 0, 0, 0, 0, 0] 
dagD20.txt 3_2x1.txt True 0.44329896907216493 0.95 371.0 [1, 1, 0, 1, 0, 1, 1, 0, 0, 0, 1, 0, 1, 1, 1, 1, 0, 1, 1, 0, 0, 1, 0, 1, 1, 1, 0, 1, 0, 0, 0, 0, 0, 0, 0, 1, 1, 1, 1, 0, 0, 0, 1, 0, 1, 0, 1, 1, 1, 0, 1, 1, 0, 0, 0, 0, 0, 0, 0, 0, 1, 0, 0, 0, 0] 
dagD20.txt 3_2x1.txt True 0.44329896907216493 1 371.0 [1, 1, 0, 1, 0, 1, 1, 0, 0, 0, 1, 0, 1, 1, 1, 1, 0, 1, 1, 0, 0, 1, 0, 1, 1, 1, 0, 1, 0, 0, 0, 0, 0, 0, 0, 1, 1, 1, 1, 0, 0, 0, 1, 0, 1, 0, 1, 1, 1, 0, 1, 1, 0, 0, 0, 0, 0, 0, 0, 0, 1, 0, 0, 0, 0] 
