dagL27.txt 3_2x4.txt True 0.038461538461538464 0.07 941.25 [1, 1, 1, 1, 1, 1, 1, 1, 1, 1, 1, 1, 1, 1, 1, 1, 1, 1, 1, 1, 1, 1, 1, 1, 1, 1, 1, 1, 1, 1, 1, 1, 1, 1, 1, 1, 1, 1, 1, 1, 1, 1, 1, 1, 1, 1, 1, 1, 1, 1, 1, 1, 1, 1, 1, 1, 1, 1, 1, 1, 1, 1, 1, 1, 1, 1, 1, 1, 1, 1, 1, 1, 1, 1, 1, 1, 1, 1, 1, 1, 1, 1, 1, 1, 1, 1, 1, 1, 1, 1, 1, 1, 1, 1, 1, 1, 1, 1, 1, 1, 1, 1, 1, 1, 1, 1, 5, 1, 1, 1, 1, 1, 1, 1, 1, 5, 1, 1, 1, 1, 5, 1, 1, 5, 1, 5, 1, 1, 1, 1, 5, 1, 1, 1, 5, 5, 1, 5, 1, 5] 
dagL27.txt 3_2x4.txt True 0.09134615384615384 0.1 514.75 [1, 1, 1, 1, 1, 1, 1, 1, 1, 1, 1, 1, 1, 1, 1, 1, 1, 1, 1, 1, 1, 1, 1, 1, 1, 1, 1, 1, 1, 1, 1, 5, 1, 1, 1, 1, 5, 1, 1, 1, 1, 5, 1, 1, 1, 1, 1, 1, 1, 1, 1, 5, 1, 1, 1, 1, 1, 1, 1, 1, 1, 1, 1, 1, 5, 5, 1, 5, 1, 5, 1, 1, 5, 1, 1, 1, 1, 5, 1, 1, 5, 5, 5, 5, 5, 1, 5, 5, 5, 5, 5, 5, 5, 5, 5, 5, 5, 5, 5, 5, 5, 5, 5, 5, 5, 5, 5, 5, 5, 5, 5, 5, 5, 5, 5, 5, 5, 5, 5, 5, 5, 5, 5, 5, 5, 5, 5, 5, 5, 5, 5, 5, 5, 5, 5, 5, 5, 5, 5, 5] 
dagL27.txt 3_2x4.txt True 0.09375 0.15 898.5 [7, 7, 7, 7, 7, 7, 7, 7, 7, 7, 7, 7, 7, 7, 7, 7, 7, 7, 7, 7, 7, 7, 7, 7, 7, 7, 7, 7, 7, 7, 7, 7, 7, 7, 7, 7, 7, 7, 5, 7, 7, 7, 7, 7, 7, 7, 7, 7, 7, 7, 7, 7, 7, 7, 7, 7, 7, 7, 5, 7, 7, 7, 7, 7, 7, 7, 7, 7, 7, 7, 7, 7, 7, 5, 7, 7, 7, 7, 7, 7, 7, 7, 7, 7, 7, 7, 7, 7, 7, 7, 7, 7, 1, 7, 7, 7, 7, 7, 7, 7, 7, 7, 7, 1, 1, 1, 7, 7, 7, 1, 7, 7, 7, 1, 7, 7, 7, 7, 7, 1, 7, 7, 7, 3, 7, 7, 7, 7, 7, 7, 7, 1, 1, 7, 3, 7, 7, 3, 1, 3] 
dagL27.txt 3_2x4.txt True 0.16826923076923078 0.2 826.0 [5, 5, 5, 5, 5, 5, 5, 5, 5, 5, 5, 5, 5, 5, 5, 5, 5, 5, 5, 5, 5, 5, 5, 5, 5, 5, 5, 5, 5, 5, 5, 5, 5, 4, 5, 5, 5, 5, 5, 5, 4, 5, 5, 5, 5, 5, 5, 5, 4, 5, 5, 5, 5, 5, 5, 5, 5, 5, 5, 5, 5, 7, 5, 5, 5, 5, 5, 5, 5, 5, 5, 5, 5, 5, 5, 5, 5, 5, 7, 7, 5, 7, 5, 5, 5, 5, 5, 1, 5, 5, 5, 5, 5, 0, 5, 5, 5, 5, 6, 5, 6, 5, 5, 5, 3, 5, 5, 5, 5, 1, 1, 5, 5, 1, 5, 5, 5, 5, 5, 3, 5, 5, 5, 2, 6, 5, 5, 5, 5, 3, 5, 1, 3, 5, 0, 5, 5, 2, 3, 2] 
dagL27.txt 3_2x4.txt True 0.16826923076923078 0.3 826.0 [5, 5, 5, 5, 5, 5, 5, 5, 5, 5, 5, 5, 5, 5, 5, 5, 5, 5, 5, 5, 5, 5, 5, 5, 5, 5, 5, 5, 5, 5, 5, 5, 5, 4, 5, 5, 5, 5, 5, 5, 4, 5, 5, 5, 5, 5, 5, 5, 4, 5, 5, 5, 5, 5, 5, 5, 5, 5, 5, 5, 5, 7, 5, 5, 5, 5, 5, 5, 5, 5, 5, 5, 5, 5, 5, 5, 5, 5, 7, 7, 5, 7, 5, 5, 5, 5, 5, 1, 5, 5, 5, 5, 5, 0, 5, 5, 5, 5, 6, 5, 6, 5, 5, 5, 3, 5, 5, 5, 5, 1, 1, 5, 5, 1, 5, 5, 5, 5, 5, 3, 5, 5, 5, 2, 6, 5, 5, 5, 5, 3, 5, 1, 3, 5, 0, 5, 5, 2, 3, 2] 
dagL27.txt 3_2x4.txt True 0.16826923076923078 0.4 826.0 [5, 5, 5, 5, 5, 5, 5, 5, 5, 5, 5, 5, 5, 5, 5, 5, 5, 5, 5, 5, 5, 5, 5, 5, 5, 5, 5, 5, 5, 5, 5, 5, 5, 4, 5, 5, 5, 5, 5, 5, 4, 5, 5, 5, 5, 5, 5, 5, 4, 5, 5, 5, 5, 5, 5, 5, 5, 5, 5, 5, 5, 7, 5, 5, 5, 5, 5, 5, 5, 5, 5, 5, 5, 5, 5, 5, 5, 5, 7, 7, 5, 7, 5, 5, 5, 5, 5, 1, 5, 5, 5, 5, 5, 0, 5, 5, 5, 5, 6, 5, 6, 5, 5, 5, 3, 5, 5, 5, 5, 1, 1, 5, 5, 1, 5, 5, 5, 5, 5, 3, 5, 5, 5, 2, 6, 5, 5, 5, 5, 3, 5, 1, 3, 5, 0, 5, 5, 2, 3, 2] 
dagL27.txt 3_2x4.txt True 0.4375 0.5 277.75 [7, 7, 3, 1, 3, 3, 3, 7, 7, 3, 3, 3, 3, 3, 7, 3, 1, 7, 3, 7, 3, 3, 3, 3, 3, 3, 1, 3, 3, 3, 5, 1, 7, 3, 3, 1, 1, 0, 1, 3, 3, 1, 5, 5, 0, 5, 2, 1, 3, 3, 5, 1, 1, 1, 1, 1, 1, 5, 1, 3, 1, 5, 5, 5, 3, 3, 1, 2, 1, 1, 1, 5, 7, 5, 1, 5, 1, 1, 5, 3, 3, 0, 5, 2, 7, 1, 3, 1, 1, 7, 1, 1, 5, 3, 1, 7, 1, 5, 1, 5, 0, 5, 1, 1, 7, 5, 5, 5, 5, 5, 1, 5, 7, 7, 5, 5, 7, 5, 5, 5, 5, 5, 5, 2, 0, 5, 7, 5, 7, 5, 5, 5, 5, 2, 2, 5, 5, 2, 3, 2] 
dagL27.txt 3_2x4.txt True 0.46875 0.6 245.0 [5, 5, 5, 5, 5, 1, 5, 1, 5, 5, 1, 5, 5, 5, 1, 1, 5, 5, 1, 5, 1, 1, 1, 1, 3, 1, 0, 5, 1, 3, 3, 0, 1, 3, 3, 5, 0, 2, 7, 1, 3, 0, 3, 3, 2, 1, 3, 7, 3, 3, 3, 4, 7, 3, 7, 7, 7, 1, 7, 3, 7, 3, 3, 1, 2, 2, 7, 5, 7, 4, 7, 1, 4, 1, 7, 1, 7, 4, 3, 1, 2, 3, 1, 5, 5, 3, 2, 5, 3, 5, 3, 3, 5, 2, 3, 4, 4, 5, 3, 7, 3, 5, 3, 3, 5, 5, 1, 5, 5, 5, 3, 7, 5, 7, 1, 1, 4, 5, 7, 7, 1, 5, 7, 7, 3, 1, 7, 1, 5, 5, 1, 7, 7, 5, 7, 1, 5, 7, 7, 7] 
dagL27.txt 3_2x4.txt True 0.5360576923076923 0.7 228.5 [5, 5, 5, 5, 5, 7, 7, 3, 5, 5, 7, 7, 0, 7, 1, 3, 7, 5, 7, 5, 7, 7, 7, 2, 7, 7, 7, 7, 7, 7, 3, 1, 1, 0, 7, 5, 1, 1, 2, 7, 2, 1, 1, 2, 0, 1, 7, 3, 0, 3, 1, 2, 3, 3, 2, 3, 3, 3, 1, 0, 3, 1, 1, 1, 3, 1, 0, 3, 3, 0, 3, 3, 1, 1, 3, 3, 3, 3, 1, 1, 3, 3, 3, 3, 1, 1, 1, 1, 4, 3, 1, 1, 6, 4, 3, 1, 3, 1, 7, 6, 7, 5, 3, 3, 3, 6, 5, 5, 5, 6, 1, 3, 5, 3, 5, 5, 5, 5, 5, 5, 5, 5, 7, 4, 6, 5, 6, 5, 5, 5, 5, 7, 6, 5, 4, 5, 5, 5, 4, 4] 
dagL27.txt 3_2x4.txt True 0.78125 1 213.75 [3, 2, 5, 3, 5, 1, 0, 7, 1, 3, 7, 3, 5, 5, 5, 1, 3, 3, 7, 2, 3, 4, 7, 0, 7, 3, 3, 3, 7, 1, 3, 3, 1, 1, 3, 3, 3, 5, 1, 0, 5, 3, 1, 0, 7, 7, 1, 1, 1, 0, 0, 3, 1, 7, 3, 1, 5, 4, 1, 4, 2, 1, 7, 7, 5, 3, 7, 5, 0, 2, 1, 3, 5, 1, 3, 5, 3, 7, 3, 1, 6, 2, 6, 5, 5, 7, 7, 6, 7, 1, 5, 2, 4, 0, 1, 5, 4, 6, 7, 3, 3, 1, 5, 2, 1, 4, 1, 7, 7, 7, 6, 5, 5, 7, 3, 5, 4, 5, 5, 7, 1, 7, 1, 0, 7, 5, 7, 3, 7, 4, 1, 7, 7, 1, 6, 5, 5, 7, 6, 1] 
dagL27.txt 3_2x2.txt True 0.038461538461538464 0.07 1255.0 [0, 0, 0, 0, 0, 0, 0, 0, 0, 0, 0, 0, 0, 0, 0, 0, 0, 0, 0, 0, 0, 0, 0, 0, 0, 0, 0, 0, 0, 0, 0, 0, 0, 0, 0, 0, 0, 0, 0, 0, 0, 0, 0, 0, 0, 0, 0, 0, 0, 0, 0, 0, 0, 0, 0, 0, 0, 0, 0, 0, 0, 0, 0, 0, 0, 0, 0, 0, 0, 0, 0, 0, 0, 0, 0, 0, 0, 0, 0, 0, 0, 0, 0, 0, 0, 0, 0, 0, 0, 0, 0, 0, 0, 0, 0, 0, 0, 0, 0, 0, 0, 0, 0, 0, 0, 0, 3, 0, 0, 0, 0, 0, 0, 0, 0, 3, 0, 0, 0, 0, 3, 0, 0, 3, 0, 3, 0, 0, 0, 0, 3, 0, 0, 0, 3, 3, 0, 3, 0, 3] 
dagL27.txt 3_2x2.txt True 0.09615384615384616 0.1 686.3333333333334 [0, 0, 0, 0, 0, 0, 0, 0, 0, 0, 0, 0, 0, 0, 0, 0, 0, 0, 0, 0, 0, 0, 0, 0, 0, 0, 0, 0, 0, 0, 0, 3, 0, 0, 0, 0, 3, 0, 0, 0, 0, 3, 0, 0, 0, 0, 0, 0, 0, 0, 0, 3, 0, 0, 0, 0, 0, 0, 0, 0, 0, 0, 0, 0, 2, 2, 0, 2, 0, 2, 0, 0, 3, 0, 0, 0, 0, 2, 0, 0, 2, 2, 2, 2, 2, 0, 2, 2, 2, 2, 2, 2, 2, 2, 2, 2, 2, 2, 2, 2, 2, 2, 2, 2, 2, 2, 2, 2, 2, 2, 2, 2, 2, 2, 2, 2, 2, 2, 2, 2, 2, 2, 2, 2, 2, 2, 2, 2, 2, 2, 2, 2, 2, 2, 2, 2, 2, 2, 2, 2] 
dagL27.txt 3_2x2.txt True 0.0985576923076923 0.15 1200.0 [2, 2, 2, 2, 2, 2, 2, 2, 2, 2, 2, 2, 2, 2, 2, 2, 2, 3, 2, 2, 2, 2, 2, 2, 2, 2, 2, 2, 2, 2, 3, 2, 2, 2, 2, 2, 2, 2, 2, 2, 2, 2, 2, 2, 2, 2, 2, 2, 2, 2, 2, 2, 2, 2, 2, 2, 2, 2, 2, 2, 2, 2, 2, 2, 2, 2, 2, 2, 2, 2, 2, 2, 2, 2, 2, 2, 2, 2, 2, 2, 2, 2, 2, 2, 2, 2, 2, 2, 2, 2, 2, 2, 0, 3, 2, 2, 2, 2, 2, 2, 2, 2, 2, 0, 0, 0, 2, 2, 2, 0, 2, 2, 2, 0, 2, 2, 2, 2, 2, 0, 2, 2, 2, 1, 2, 2, 2, 2, 2, 2, 2, 0, 0, 2, 1, 2, 2, 1, 0, 1] 
dagL27.txt 3_2x2.txt True 0.15865384615384615 0.2 1139.3333333333333 [0, 0, 0, 0, 0, 0, 0, 0, 0, 0, 0, 0, 0, 0, 0, 0, 0, 0, 0, 0, 0, 0, 0, 0, 0, 0, 0, 0, 0, 0, 0, 0, 0, 3, 0, 0, 0, 0, 0, 0, 3, 0, 0, 0, 0, 0, 0, 0, 3, 0, 0, 0, 0, 0, 0, 0, 0, 0, 0, 0, 0, 1, 0, 0, 0, 0, 0, 0, 0, 0, 0, 0, 0, 0, 0, 0, 0, 0, 1, 2, 0, 2, 0, 0, 0, 0, 0, 1, 0, 0, 0, 0, 0, 3, 0, 0, 0, 0, 2, 0, 2, 0, 0, 0, 3, 0, 0, 0, 0, 1, 1, 0, 0, 0, 0, 0, 0, 0, 0, 1, 0, 0, 0, 3, 2, 0, 0, 0, 0, 1, 0, 1, 1, 0, 0, 0, 0, 0, 1, 0] 
dagL27.txt 3_2x2.txt True 0.15865384615384615 0.3 1139.3333333333333 [0, 0, 0, 0, 0, 0, 0, 0, 0, 0, 0, 0, 0, 0, 0, 0, 0, 0, 0, 0, 0, 0, 0, 0, 0, 0, 0, 0, 0, 0, 0, 0, 0, 3, 0, 0, 0, 0, 0, 0, 3, 0, 0, 0, 0, 0, 0, 0, 3, 0, 0, 0, 0, 0, 0, 0, 0, 0, 0, 0, 0, 1, 0, 0, 0, 0, 0, 0, 0, 0, 0, 0, 0, 0, 0, 0, 0, 0, 1, 2, 0, 2, 0, 0, 0, 0, 0, 1, 0, 0, 0, 0, 0, 3, 0, 0, 0, 0, 2, 0, 2, 0, 0, 0, 3, 0, 0, 0, 0, 1, 1, 0, 0, 0, 0, 0, 0, 0, 0, 1, 0, 0, 0, 3, 2, 0, 0, 0, 0, 1, 0, 1, 1, 0, 0, 0, 0, 0, 1, 0] 
dagL27.txt 3_2x2.txt True 0.15865384615384615 0.4 1139.3333333333333 [0, 0, 0, 0, 0, 0, 0, 0, 0, 0, 0, 0, 0, 0, 0, 0, 0, 0, 0, 0, 0, 0, 0, 0, 0, 0, 0, 0, 0, 0, 0, 0, 0, 3, 0, 0, 0, 0, 0, 0, 3, 0, 0, 0, 0, 0, 0, 0, 3, 0, 0, 0, 0, 0, 0, 0, 0, 0, 0, 0, 0, 1, 0, 0, 0, 0, 0, 0, 0, 0, 0, 0, 0, 0, 0, 0, 0, 0, 1, 2, 0, 2, 0, 0, 0, 0, 0, 1, 0, 0, 0, 0, 0, 3, 0, 0, 0, 0, 2, 0, 2, 0, 0, 0, 3, 0, 0, 0, 0, 1, 1, 0, 0, 0, 0, 0, 0, 0, 0, 1, 0, 0, 0, 3, 2, 0, 0, 0, 0, 1, 0, 1, 1, 0, 0, 0, 0, 0, 1, 0] 
dagL27.txt 3_2x2.txt True 0.3942307692307692 0.5 461.3333333333333 [3, 3, 2, 0, 2, 2, 2, 3, 3, 2, 2, 2, 2, 2, 3, 2, 2, 3, 2, 3, 2, 2, 2, 2, 2, 0, 2, 2, 2, 0, 2, 2, 3, 0, 0, 2, 2, 1, 1, 0, 0, 2, 2, 2, 1, 2, 0, 1, 0, 0, 2, 2, 1, 1, 1, 1, 1, 2, 1, 0, 1, 2, 2, 2, 0, 0, 1, 2, 1, 2, 1, 2, 1, 2, 3, 2, 1, 2, 2, 2, 0, 3, 2, 2, 1, 3, 0, 3, 3, 1, 3, 3, 0, 0, 3, 0, 3, 0, 3, 0, 3, 0, 3, 3, 1, 0, 0, 0, 0, 0, 3, 0, 0, 0, 0, 0, 0, 0, 0, 0, 0, 0, 0, 1, 3, 0, 0, 0, 0, 0, 0, 0, 0, 1, 1, 0, 0, 1, 2, 1] 
dagL27.txt 3_2x2.txt True 0.38221153846153844 0.6 441.3333333333333 [0, 0, 0, 0, 0, 3, 3, 0, 0, 0, 3, 3, 3, 0, 0, 0, 3, 0, 3, 0, 3, 3, 3, 0, 1, 1, 3, 3, 3, 1, 1, 3, 0, 1, 1, 0, 3, 1, 0, 1, 0, 3, 0, 1, 1, 1, 1, 0, 1, 1, 0, 3, 0, 1, 0, 0, 0, 1, 0, 1, 0, 0, 0, 1, 0, 0, 0, 3, 0, 3, 0, 1, 3, 1, 0, 1, 0, 3, 0, 1, 0, 0, 1, 3, 3, 2, 0, 3, 0, 2, 2, 2, 2, 0, 0, 3, 3, 3, 2, 2, 2, 2, 0, 0, 2, 2, 2, 2, 2, 2, 2, 2, 2, 2, 2, 2, 3, 2, 2, 2, 2, 2, 2, 2, 2, 2, 2, 2, 2, 2, 2, 2, 2, 2, 2, 2, 2, 2, 2, 2] 
dagL27.txt 3_2x2.txt True 0.5144230769230769 0.7 474.6666666666667 [3, 3, 3, 3, 3, 0, 0, 1, 3, 3, 0, 0, 1, 0, 0, 0, 0, 3, 0, 3, 0, 0, 0, 3, 3, 0, 1, 0, 0, 1, 2, 0, 3, 1, 0, 3, 3, 3, 0, 0, 1, 1, 1, 1, 3, 1, 3, 1, 1, 2, 1, 3, 2, 2, 1, 2, 2, 2, 0, 1, 2, 1, 1, 1, 2, 3, 0, 1, 2, 0, 2, 2, 0, 0, 2, 2, 2, 2, 1, 2, 2, 3, 2, 0, 0, 2, 3, 0, 1, 2, 2, 2, 2, 3, 1, 3, 1, 0, 2, 2, 3, 2, 1, 1, 2, 2, 0, 0, 0, 2, 2, 1, 0, 2, 0, 0, 0, 0, 0, 3, 0, 0, 2, 2, 0, 0, 0, 0, 0, 0, 0, 3, 2, 0, 2, 0, 0, 2, 3, 2] 
dagL27.txt 3_2x2.txt True 0.6418269230769231 1 415.5 [1, 1, 1, 1, 1, 1, 1, 0, 1, 1, 2, 1, 2, 0, 1, 1, 3, 1, 2, 1, 1, 0, 0, 1, 0, 2, 2, 0, 0, 2, 3, 3, 0, 0, 0, 1, 0, 2, 0, 0, 0, 3, 2, 3, 0, 1, 3, 2, 2, 0, 3, 2, 1, 3, 3, 2, 3, 3, 3, 1, 3, 2, 3, 1, 0, 0, 2, 3, 3, 1, 2, 0, 2, 3, 1, 3, 0, 2, 0, 0, 0, 0, 3, 3, 2, 1, 0, 3, 2, 0, 2, 1, 0, 2, 2, 2, 2, 2, 2, 0, 0, 0, 1, 1, 2, 0, 2, 2, 2, 3, 0, 2, 3, 2, 3, 3, 2, 0, 1, 0, 3, 2, 2, 2, 0, 2, 2, 3, 0, 0, 2, 0, 3, 2, 3, 0, 0, 3, 2, 3] 
dagL27.txt 3_2x1.txt True 0.038461538461538464 0.07 1255.0 [0, 0, 0, 0, 0, 0, 0, 0, 0, 0, 0, 0, 0, 0, 0, 0, 0, 0, 0, 0, 0, 0, 0, 0, 0, 0, 0, 0, 0, 0, 0, 0, 0, 0, 0, 0, 0, 0, 0, 0, 0, 0, 0, 0, 0, 0, 0, 0, 0, 0, 0, 0, 0, 0, 0, 0, 0, 0, 0, 0, 0, 0, 0, 0, 0, 0, 0, 0, 0, 0, 0, 0, 0, 0, 0, 0, 0, 0, 0, 0, 0, 0, 0, 0, 0, 0, 0, 0, 0, 0, 0, 0, 0, 0, 0, 0, 0, 0, 0, 0, 0, 0, 0, 0, 0, 0, 1, 0, 0, 0, 0, 0, 0, 0, 0, 1, 0, 0, 0, 0, 1, 0, 0, 1, 0, 1, 0, 0, 0, 0, 1, 0, 0, 0, 1, 1, 0, 1, 0, 1] 
dagL27.txt 3_2x1.txt True 0.09134615384615384 0.1 1021.5 [0, 0, 0, 0, 0, 0, 0, 0, 0, 0, 0, 0, 0, 0, 0, 0, 0, 0, 0, 0, 0, 0, 0, 0, 0, 0, 0, 0, 0, 0, 0, 1, 0, 0, 0, 0, 1, 0, 0, 0, 0, 1, 0, 0, 0, 0, 0, 0, 0, 0, 0, 1, 0, 0, 0, 0, 0, 0, 0, 0, 0, 0, 0, 0, 1, 1, 0, 1, 0, 1, 0, 0, 1, 0, 0, 0, 0, 1, 0, 0, 1, 1, 1, 1, 1, 0, 1, 1, 1, 1, 1, 1, 1, 1, 1, 1, 1, 1, 1, 1, 1, 1, 1, 1, 1, 1, 1, 1, 1, 1, 1, 1, 1, 1, 1, 1, 1, 1, 1, 1, 1, 1, 1, 1, 1, 1, 1, 1, 1, 1, 1, 1, 1, 1, 1, 1, 1, 1, 1, 1] 
dagL27.txt 3_2x1.txt True 0.04567307692307692 0.15 1314.0 [0, 0, 0, 0, 0, 0, 0, 0, 0, 0, 0, 0, 0, 0, 0, 0, 0, 1, 0, 0, 0, 0, 0, 0, 0, 0, 0, 0, 0, 0, 1, 0, 0, 0, 0, 0, 0, 0, 1, 0, 0, 0, 0, 0, 0, 0, 0, 0, 0, 0, 0, 0, 0, 0, 0, 0, 0, 0, 1, 0, 0, 0, 0, 0, 0, 0, 0, 0, 0, 0, 0, 0, 0, 1, 0, 0, 0, 0, 0, 0, 0, 0, 0, 0, 0, 0, 0, 0, 0, 0, 0, 0, 0, 1, 0, 0, 0, 0, 0, 0, 0, 0, 0, 0, 0, 0, 0, 0, 0, 0, 0, 0, 0, 0, 0, 0, 0, 0, 0, 0, 0, 0, 0, 0, 0, 0, 0, 0, 0, 0, 0, 0, 0, 0, 0, 0, 0, 0, 0, 0] 
dagL27.txt 3_2x1.txt True 0.08653846153846154 0.2 1248.0 [0, 0, 0, 0, 0, 0, 0, 0, 0, 0, 0, 0, 0, 0, 0, 0, 0, 0, 0, 0, 0, 0, 0, 0, 0, 0, 0, 0, 0, 0, 0, 0, 0, 1, 0, 0, 0, 0, 0, 0, 1, 0, 0, 0, 0, 0, 0, 0, 1, 0, 0, 0, 0, 0, 0, 0, 0, 0, 0, 0, 0, 1, 0, 0, 0, 0, 0, 0, 0, 0, 0, 0, 0, 0, 0, 0, 0, 0, 1, 1, 0, 1, 0, 0, 0, 0, 0, 0, 0, 0, 0, 0, 0, 1, 0, 0, 0, 0, 1, 0, 1, 0, 0, 0, 0, 0, 0, 0, 0, 0, 0, 0, 0, 0, 0, 0, 0, 0, 0, 0, 0, 0, 0, 0, 1, 0, 0, 0, 0, 0, 0, 0, 0, 0, 0, 0, 0, 0, 0, 0] 
dagL27.txt 3_2x1.txt True 0.08653846153846154 0.3 1248.0 [0, 0, 0, 0, 0, 0, 0, 0, 0, 0, 0, 0, 0, 0, 0, 0, 0, 0, 0, 0, 0, 0, 0, 0, 0, 0, 0, 0, 0, 0, 0, 0, 0, 1, 0, 0, 0, 0, 0, 0, 1, 0, 0, 0, 0, 0, 0, 0, 1, 0, 0, 0, 0, 0, 0, 0, 0, 0, 0, 0, 0, 1, 0, 0, 0, 0, 0, 0, 0, 0, 0, 0, 0, 0, 0, 0, 0, 0, 1, 1, 0, 1, 0, 0, 0, 0, 0, 0, 0, 0, 0, 0, 0, 1, 0, 0, 0, 0, 1, 0, 1, 0, 0, 0, 0, 0, 0, 0, 0, 0, 0, 0, 0, 0, 0, 0, 0, 0, 0, 0, 0, 0, 0, 0, 1, 0, 0, 0, 0, 0, 0, 0, 0, 0, 0, 0, 0, 0, 0, 0] 
dagL27.txt 3_2x1.txt True 0.08653846153846154 0.4 1248.0 [0, 0, 0, 0, 0, 0, 0, 0, 0, 0, 0, 0, 0, 0, 0, 0, 0, 0, 0, 0, 0, 0, 0, 0, 0, 0, 0, 0, 0, 0, 0, 0, 0, 1, 0, 0, 0, 0, 0, 0, 1, 0, 0, 0, 0, 0, 0, 0, 1, 0, 0, 0, 0, 0, 0, 0, 0, 0, 0, 0, 0, 1, 0, 0, 0, 0, 0, 0, 0, 0, 0, 0, 0, 0, 0, 0, 0, 0, 1, 1, 0, 1, 0, 0, 0, 0, 0, 0, 0, 0, 0, 0, 0, 1, 0, 0, 0, 0, 1, 0, 1, 0, 0, 0, 0, 0, 0, 0, 0, 0, 0, 0, 0, 0, 0, 0, 0, 0, 0, 0, 0, 0, 0, 0, 1, 0, 0, 0, 0, 0, 0, 0, 0, 0, 0, 0, 0, 0, 0, 0] 
dagL27.txt 3_2x1.txt True 0.19471153846153846 0.5 912.3333333333334 [0, 0, 0, 0, 0, 0, 0, 0, 0, 0, 0, 0, 0, 0, 0, 0, 0, 0, 0, 0, 0, 0, 0, 0, 0, 0, 0, 0, 0, 0, 1, 0, 0, 0, 0, 0, 0, 1, 1, 0, 0, 0, 1, 1, 1, 1, 0, 1, 0, 0, 1, 1, 1, 1, 1, 1, 1, 1, 1, 0, 1, 1, 1, 1, 1, 0, 1, 1, 1, 1, 1, 1, 1, 1, 0, 1, 1, 1, 1, 0, 1, 1, 1, 1, 1, 0, 0, 0, 0, 1, 0, 0, 0, 0, 0, 0, 0, 0, 0, 0, 1, 0, 0, 0, 1, 0, 0, 0, 0, 0, 0, 0, 0, 0, 0, 0, 0, 0, 0, 0, 0, 0, 0, 1, 1, 0, 0, 0, 0, 0, 0, 0, 0, 1, 1, 0, 0, 1, 1, 1] 
dagL27.txt 3_2x1.txt True 0.25240384615384615 0.6 865.0 [0, 0, 0, 0, 0, 1, 0, 0, 0, 0, 1, 0, 0, 0, 0, 0, 0, 0, 1, 0, 1, 1, 1, 0, 0, 0, 0, 0, 1, 0, 1, 0, 0, 1, 0, 0, 0, 0, 0, 0, 0, 0, 0, 0, 0, 0, 0, 0, 1, 1, 0, 1, 0, 1, 0, 0, 0, 0, 0, 1, 0, 0, 0, 0, 1, 1, 0, 0, 0, 1, 0, 0, 1, 0, 0, 0, 0, 1, 0, 0, 1, 1, 0, 0, 0, 0, 1, 0, 1, 1, 0, 0, 1, 1, 1, 1, 1, 1, 0, 0, 0, 1, 1, 1, 1, 1, 1, 1, 1, 1, 0, 0, 1, 1, 1, 1, 1, 1, 0, 0, 1, 1, 0, 1, 0, 1, 1, 1, 1, 1, 1, 0, 0, 1, 1, 1, 1, 1, 0, 1] 
dagL27.txt 3_2x1.txt True 0.34375 0.7 879.0 [1, 1, 1, 1, 1, 0, 0, 1, 1, 1, 0, 0, 0, 0, 1, 0, 0, 1, 0, 1, 0, 0, 0, 1, 0, 0, 0, 0, 0, 0, 0, 0, 0, 0, 0, 1, 1, 1, 0, 0, 0, 1, 0, 1, 1, 0, 0, 1, 0, 0, 0, 0, 0, 0, 1, 0, 0, 0, 1, 0, 0, 0, 0, 0, 0, 1, 1, 1, 0, 0, 0, 0, 1, 1, 0, 0, 0, 0, 0, 1, 0, 1, 0, 0, 1, 0, 1, 1, 0, 0, 0, 0, 1, 1, 0, 1, 0, 1, 1, 0, 1, 1, 0, 0, 1, 1, 0, 0, 0, 1, 0, 0, 1, 1, 0, 0, 0, 0, 1, 1, 0, 0, 0, 0, 1, 0, 0, 0, 1, 0, 0, 1, 1, 0, 0, 0, 0, 1, 0, 1] 
dagL27.txt 3_2x1.txt True 0.5096153846153846 1 822.0 [0, 1, 0, 1, 1, 0, 1, 0, 0, 1, 0, 1, 1, 0, 0, 0, 0, 0, 0, 1, 1, 1, 1, 1, 0, 0, 1, 0, 1, 0, 0, 1, 0, 0, 0, 0, 0, 0, 0, 1, 1, 0, 1, 1, 0, 1, 1, 0, 1, 1, 1, 0, 0, 0, 1, 1, 0, 0, 1, 1, 0, 0, 1, 1, 1, 1, 1, 1, 1, 1, 0, 0, 1, 1, 1, 0, 0, 0, 0, 0, 0, 0, 0, 1, 1, 0, 1, 0, 0, 1, 0, 1, 1, 0, 0, 0, 0, 1, 0, 0, 0, 1, 1, 1, 0, 1, 0, 0, 1, 0, 1, 1, 1, 1, 1, 1, 1, 0, 0, 0, 0, 0, 0, 1, 0, 0, 1, 1, 1, 1, 0, 0, 0, 0, 0, 0, 0, 1, 0, 0] 
