dagN15.txt 3_2x4.txt True 0.050955414012738856 0.07 1011.0 [1, 1, 1, 1, 1, 1, 1, 1, 1, 1, 1, 1, 1, 1, 1, 1, 1, 1, 1, 1, 1, 1, 1, 1, 1, 1, 1, 1, 1, 1, 1, 1, 1, 1, 1, 1, 1, 1, 1, 1, 1, 1, 1, 1, 1, 1, 1, 1, 1, 1, 1, 1, 1, 1, 1, 1, 1, 1, 1, 1, 1, 1, 1, 1, 1, 1, 1, 1, 1, 1, 1, 1, 1, 1, 1, 1, 1, 1, 1, 1, 1, 1, 1, 1, 1, 1, 1, 1, 1, 1, 1, 1, 1, 1, 1, 1, 1, 1, 1, 1, 1, 1, 1, 1, 1, 1, 1, 1, 1, 1, 1, 1, 1, 1, 1, 1, 1, 1, 1, 1, 1, 1, 3, 1, 3, 1, 3, 3, 1, 1, 1, 3, 3, 1, 1, 1, 3, 3, 1, 1, 3, 1, 3, 3, 3, 1, 1, 3, 1, 3, 1, 3, 1, 3, 3, 3, 3, 1, 1, 3] 
dagN15.txt 3_2x4.txt True 0.050955414012738856 0.1 1011.0 [1, 1, 1, 1, 1, 1, 1, 1, 1, 1, 1, 1, 1, 1, 1, 1, 1, 1, 1, 1, 1, 1, 1, 1, 1, 1, 1, 1, 1, 1, 1, 1, 1, 1, 1, 1, 1, 1, 1, 1, 1, 1, 1, 1, 1, 1, 1, 1, 1, 1, 1, 1, 1, 1, 1, 1, 1, 1, 1, 1, 1, 1, 1, 1, 1, 1, 1, 1, 1, 1, 1, 1, 1, 1, 1, 1, 1, 1, 1, 1, 1, 1, 1, 1, 1, 1, 1, 1, 1, 1, 1, 1, 1, 1, 1, 1, 1, 1, 1, 1, 1, 1, 1, 1, 1, 1, 1, 1, 1, 1, 1, 1, 1, 1, 1, 1, 1, 1, 1, 1, 1, 1, 3, 1, 3, 1, 3, 3, 1, 1, 1, 3, 3, 1, 1, 1, 3, 3, 1, 1, 3, 1, 3, 3, 3, 1, 1, 3, 1, 3, 1, 3, 1, 3, 3, 3, 3, 1, 1, 3] 
dagN15.txt 3_2x4.txt True 0.12738853503184713 0.15 988.0 [1, 1, 1, 1, 1, 1, 1, 1, 1, 1, 1, 1, 1, 1, 1, 1, 1, 1, 1, 1, 1, 1, 1, 1, 1, 1, 1, 1, 1, 1, 1, 1, 1, 1, 1, 1, 1, 1, 1, 1, 1, 1, 1, 1, 1, 1, 1, 1, 1, 1, 1, 1, 1, 1, 1, 1, 1, 1, 1, 1, 7, 1, 1, 1, 1, 1, 1, 1, 1, 1, 7, 1, 1, 1, 1, 1, 1, 1, 1, 1, 1, 1, 1, 1, 1, 1, 7, 1, 1, 1, 1, 1, 1, 1, 1, 1, 1, 1, 1, 1, 1, 6, 1, 1, 1, 1, 1, 1, 1, 1, 1, 1, 1, 5, 1, 1, 1, 1, 5, 1, 1, 1, 1, 0, 0, 1, 1, 1, 1, 1, 5, 1, 1, 0, 1, 5, 1, 1, 0, 1, 1, 1, 1, 1, 4, 5, 1, 0, 5, 2, 5, 4, 1, 7, 3, 1, 2, 1, 5, 3] 
dagN15.txt 3_2x4.txt True 0.1613588110403397 0.2 897.5 [1, 1, 1, 1, 1, 1, 1, 1, 1, 1, 1, 1, 1, 1, 1, 1, 1, 1, 1, 1, 1, 1, 1, 1, 1, 1, 1, 1, 1, 1, 1, 1, 1, 1, 1, 1, 1, 1, 1, 1, 1, 1, 1, 1, 1, 1, 1, 1, 1, 1, 1, 1, 1, 1, 1, 1, 1, 1, 1, 1, 1, 1, 1, 1, 1, 1, 1, 1, 1, 1, 1, 1, 1, 1, 1, 1, 1, 1, 1, 1, 1, 1, 1, 1, 1, 1, 1, 1, 1, 0, 1, 1, 1, 1, 0, 1, 1, 1, 1, 1, 1, 1, 1, 0, 1, 1, 0, 6, 1, 1, 1, 1, 1, 1, 0, 1, 1, 1, 0, 1, 3, 1, 3, 1, 4, 1, 0, 6, 3, 6, 1, 6, 4, 1, 1, 1, 3, 2, 1, 1, 3, 3, 4, 6, 6, 1, 3, 2, 1, 7, 4, 7, 0, 6, 2, 3, 7, 3, 6, 4] 
dagN15.txt 3_2x4.txt True 0.1613588110403397 0.3 882.5 [7, 7, 7, 7, 7, 7, 7, 7, 7, 7, 7, 7, 7, 7, 7, 7, 7, 7, 7, 7, 7, 7, 7, 7, 7, 7, 7, 7, 7, 7, 7, 7, 7, 7, 7, 7, 7, 7, 7, 7, 7, 7, 7, 7, 7, 7, 7, 7, 7, 7, 7, 7, 7, 7, 7, 7, 7, 7, 7, 7, 7, 7, 7, 7, 7, 7, 7, 7, 7, 7, 7, 7, 7, 7, 7, 7, 7, 7, 7, 7, 7, 7, 7, 7, 7, 7, 7, 7, 7, 7, 7, 7, 7, 7, 7, 7, 7, 7, 7, 7, 7, 7, 7, 7, 7, 7, 7, 2, 7, 3, 7, 7, 7, 7, 7, 7, 4, 7, 7, 2, 5, 3, 2, 5, 1, 2, 7, 2, 3, 0, 2, 6, 1, 5, 3, 7, 2, 2, 5, 3, 2, 5, 6, 0, 2, 3, 3, 1, 7, 0, 4, 2, 6, 7, 2, 1, 1, 5, 4, 6] 
dagN15.txt 3_2x4.txt True 0.1613588110403397 0.4 882.5 [7, 7, 7, 7, 7, 7, 7, 7, 7, 7, 7, 7, 7, 7, 7, 7, 7, 7, 7, 7, 7, 7, 7, 7, 7, 7, 7, 7, 7, 7, 7, 7, 7, 7, 7, 7, 7, 7, 7, 7, 7, 7, 7, 7, 7, 7, 7, 7, 7, 7, 7, 7, 7, 7, 7, 7, 7, 7, 7, 7, 7, 7, 7, 7, 7, 7, 7, 7, 7, 7, 7, 7, 7, 7, 7, 7, 7, 7, 7, 7, 7, 7, 7, 7, 7, 7, 7, 7, 7, 7, 7, 7, 7, 7, 7, 7, 7, 7, 7, 7, 7, 7, 7, 7, 7, 7, 7, 2, 7, 3, 7, 7, 7, 7, 7, 7, 4, 7, 7, 2, 5, 3, 2, 5, 1, 2, 7, 2, 3, 0, 2, 6, 1, 5, 3, 7, 2, 2, 5, 3, 2, 5, 6, 0, 2, 3, 3, 1, 7, 0, 4, 2, 6, 7, 2, 1, 1, 5, 4, 6] 
dagN15.txt 3_2x4.txt True 0.1613588110403397 0.5 882.5 [7, 7, 7, 7, 7, 7, 7, 7, 7, 7, 7, 7, 7, 7, 7, 7, 7, 7, 7, 7, 7, 7, 7, 7, 7, 7, 7, 7, 7, 7, 7, 7, 7, 7, 7, 7, 7, 7, 7, 7, 7, 7, 7, 7, 7, 7, 7, 7, 7, 7, 7, 7, 7, 7, 7, 7, 7, 7, 7, 7, 7, 7, 7, 7, 7, 7, 7, 7, 7, 7, 7, 7, 7, 7, 7, 7, 7, 7, 7, 7, 7, 7, 7, 7, 7, 7, 7, 7, 7, 7, 7, 7, 7, 7, 7, 7, 7, 7, 7, 7, 7, 7, 7, 7, 7, 7, 7, 2, 7, 3, 7, 7, 7, 7, 7, 7, 4, 7, 7, 2, 5, 3, 2, 5, 1, 2, 7, 2, 3, 0, 2, 6, 1, 5, 3, 7, 2, 2, 5, 3, 2, 5, 6, 0, 2, 3, 3, 1, 7, 0, 4, 2, 6, 7, 2, 1, 1, 5, 4, 6] 
dagN15.txt 3_2x4.txt True 0.4564755838641189 0.6 311.25 [7, 7, 2, 3, 7, 7, 7, 3, 7, 2, 7, 3, 7, 3, 7, 7, 7, 2, 7, 0, 3, 7, 3, 3, 7, 3, 3, 7, 1, 3, 3, 2, 3, 3, 3, 3, 1, 1, 3, 1, 3, 4, 3, 3, 3, 1, 2, 1, 3, 1, 3, 4, 0, 3, 1, 3, 4, 1, 1, 3, 2, 3, 1, 3, 1, 3, 4, 4, 4, 3, 2, 3, 3, 4, 1, 1, 1, 1, 0, 3, 4, 5, 1, 5, 1, 6, 5, 7, 1, 6, 5, 5, 4, 5, 5, 7, 6, 5, 5, 5, 6, 5, 7, 5, 7, 5, 5, 7, 7, 7, 5, 5, 5, 5, 5, 5, 5, 7, 5, 5, 7, 5, 7, 1, 5, 5, 1, 1, 7, 5, 5, 5, 5, 1, 5, 5, 5, 1, 1, 5, 5, 7, 5, 5, 5, 5, 7, 1, 5, 1, 7, 5, 5, 5, 1, 7, 1, 7, 7, 1] 
dagN15.txt 3_2x4.txt True 0.524416135881104 0.7 273.0 [7, 7, 5, 5, 1, 7, 5, 1, 7, 5, 7, 5, 7, 7, 7, 7, 5, 5, 6, 7, 1, 7, 5, 4, 7, 7, 6, 6, 0, 5, 7, 6, 4, 1, 5, 5, 4, 1, 7, 5, 7, 6, 1, 1, 4, 1, 7, 4, 5, 0, 5, 5, 0, 5, 0, 5, 5, 7, 7, 5, 4, 1, 5, 5, 3, 5, 5, 5, 3, 1, 7, 5, 5, 4, 3, 5, 7, 3, 5, 1, 3, 3, 3, 3, 3, 3, 3, 3, 7, 3, 3, 3, 3, 3, 3, 1, 3, 3, 3, 3, 3, 3, 3, 3, 1, 3, 1, 3, 7, 6, 3, 3, 3, 6, 3, 1, 2, 1, 7, 1, 1, 1, 1, 0, 0, 1, 1, 1, 1, 7, 1, 7, 0, 2, 6, 7, 1, 1, 7, 1, 1, 3, 1, 7, 7, 1, 3, 2, 1, 3, 3, 7, 1, 7, 0, 3, 3, 2, 2, 2] 
dagN15.txt 3_2x4.txt True 0.7048832271762208 1 249.0 [3, 1, 3, 3, 3, 1, 3, 7, 3, 3, 5, 3, 7, 1, 7, 3, 3, 1, 1, 3, 7, 1, 3, 5, 3, 1, 3, 2, 3, 3, 7, 3, 7, 3, 7, 6, 0, 3, 3, 3, 2, 3, 1, 3, 7, 3, 3, 2, 3, 2, 3, 6, 2, 6, 1, 2, 7, 1, 3, 2, 7, 2, 1, 1, 3, 6, 5, 7, 0, 1, 6, 1, 1, 1, 3, 4, 7, 1, 5, 1, 7, 1, 1, 0, 1, 4, 5, 5, 7, 5, 1, 7, 7, 1, 1, 0, 5, 5, 5, 7, 7, 1, 1, 7, 0, 4, 0, 7, 7, 7, 1, 7, 7, 0, 1, 5, 5, 3, 5, 7, 0, 6, 4, 5, 1, 7, 5, 7, 5, 5, 6, 5, 4, 3, 4, 1, 6, 5, 6, 1, 5, 5, 5, 1, 3, 6, 1, 3, 1, 5, 5, 7, 1, 1, 5, 1, 4, 5, 5, 5] 
dagN15.txt 3_2x2.txt True 0.050955414012738856 0.07 1348.0 [0, 0, 0, 0, 0, 0, 0, 0, 0, 0, 0, 0, 0, 0, 0, 0, 0, 0, 0, 0, 0, 0, 0, 0, 0, 0, 0, 0, 0, 0, 0, 0, 0, 0, 0, 0, 0, 0, 0, 0, 0, 0, 0, 0, 0, 0, 0, 0, 0, 0, 0, 0, 0, 0, 0, 0, 0, 0, 0, 0, 0, 0, 0, 0, 0, 0, 0, 0, 0, 0, 0, 0, 0, 0, 0, 0, 0, 0, 0, 0, 0, 0, 0, 0, 0, 0, 0, 0, 0, 0, 0, 0, 0, 0, 0, 0, 0, 0, 0, 0, 0, 0, 0, 0, 0, 0, 0, 0, 0, 0, 0, 0, 0, 0, 0, 0, 0, 0, 0, 0, 0, 0, 2, 0, 2, 0, 2, 2, 0, 0, 0, 2, 2, 0, 0, 0, 2, 2, 0, 0, 2, 0, 2, 2, 2, 0, 0, 2, 0, 2, 0, 2, 0, 2, 2, 2, 2, 0, 0, 2] 
dagN15.txt 3_2x2.txt True 0.050955414012738856 0.1 1348.0 [0, 0, 0, 0, 0, 0, 0, 0, 0, 0, 0, 0, 0, 0, 0, 0, 0, 0, 0, 0, 0, 0, 0, 0, 0, 0, 0, 0, 0, 0, 0, 0, 0, 0, 0, 0, 0, 0, 0, 0, 0, 0, 0, 0, 0, 0, 0, 0, 0, 0, 0, 0, 0, 0, 0, 0, 0, 0, 0, 0, 0, 0, 0, 0, 0, 0, 0, 0, 0, 0, 0, 0, 0, 0, 0, 0, 0, 0, 0, 0, 0, 0, 0, 0, 0, 0, 0, 0, 0, 0, 0, 0, 0, 0, 0, 0, 0, 0, 0, 0, 0, 0, 0, 0, 0, 0, 0, 0, 0, 0, 0, 0, 0, 0, 0, 0, 0, 0, 0, 0, 0, 0, 2, 0, 2, 0, 2, 2, 0, 0, 0, 2, 2, 0, 0, 0, 2, 2, 0, 0, 2, 0, 2, 2, 2, 0, 0, 2, 0, 2, 0, 2, 0, 2, 2, 2, 2, 0, 0, 2] 
dagN15.txt 3_2x2.txt True 0.11040339702760085 0.15 1330.3333333333333 [0, 0, 0, 0, 0, 0, 0, 0, 0, 0, 0, 0, 0, 0, 0, 0, 0, 0, 0, 0, 0, 0, 0, 0, 0, 0, 0, 0, 0, 0, 0, 0, 0, 0, 0, 0, 0, 0, 0, 0, 0, 0, 0, 0, 0, 0, 0, 0, 0, 0, 0, 0, 0, 0, 0, 0, 0, 0, 0, 0, 3, 0, 0, 0, 0, 0, 0, 0, 0, 0, 3, 0, 0, 0, 0, 0, 0, 0, 0, 0, 0, 0, 0, 0, 0, 0, 3, 0, 0, 0, 0, 0, 0, 0, 0, 0, 0, 0, 0, 0, 0, 3, 0, 0, 0, 0, 0, 0, 0, 0, 0, 0, 0, 2, 0, 0, 0, 0, 3, 0, 0, 0, 0, 3, 3, 0, 0, 0, 0, 0, 2, 0, 0, 3, 0, 3, 0, 0, 3, 0, 0, 0, 0, 0, 2, 2, 0, 0, 3, 1, 3, 2, 0, 2, 1, 0, 1, 0, 3, 1] 
dagN15.txt 3_2x2.txt True 0.14437367303609341 0.2 1279.6666666666667 [0, 0, 0, 0, 0, 0, 0, 0, 0, 0, 0, 0, 0, 0, 0, 0, 0, 0, 0, 0, 0, 0, 0, 0, 0, 0, 0, 0, 0, 0, 0, 0, 0, 0, 0, 0, 0, 0, 0, 0, 0, 0, 0, 0, 0, 0, 0, 0, 0, 0, 0, 0, 0, 0, 0, 0, 0, 0, 0, 0, 0, 0, 0, 0, 0, 0, 0, 0, 0, 0, 0, 0, 0, 0, 0, 0, 0, 0, 0, 0, 0, 0, 0, 0, 0, 0, 0, 0, 0, 2, 0, 0, 0, 0, 2, 0, 0, 0, 0, 0, 0, 0, 0, 2, 0, 0, 2, 2, 0, 0, 0, 0, 0, 0, 2, 0, 0, 0, 2, 0, 2, 0, 2, 0, 0, 0, 2, 3, 2, 2, 0, 2, 3, 0, 0, 0, 2, 1, 0, 0, 2, 0, 3, 2, 2, 0, 0, 1, 0, 0, 0, 3, 3, 2, 1, 0, 1, 0, 0, 1] 
dagN15.txt 3_2x2.txt True 0.1316348195329087 0.3 1233.6666666666667 [2, 2, 2, 2, 2, 2, 2, 2, 2, 2, 2, 2, 2, 2, 2, 2, 2, 2, 2, 2, 2, 2, 2, 2, 2, 2, 2, 2, 2, 2, 2, 2, 2, 2, 2, 2, 2, 2, 2, 2, 2, 2, 2, 2, 2, 2, 2, 2, 2, 2, 2, 2, 2, 2, 2, 2, 2, 2, 2, 2, 2, 2, 2, 2, 2, 2, 2, 2, 2, 2, 2, 2, 2, 2, 2, 2, 2, 2, 2, 2, 2, 2, 2, 2, 2, 2, 2, 2, 2, 2, 2, 2, 2, 2, 3, 2, 2, 2, 2, 2, 2, 2, 2, 3, 2, 2, 2, 0, 2, 3, 2, 2, 2, 2, 2, 2, 3, 2, 2, 0, 2, 0, 0, 3, 3, 0, 2, 1, 2, 0, 0, 1, 3, 3, 0, 2, 0, 1, 3, 0, 0, 2, 1, 0, 0, 0, 2, 3, 0, 1, 2, 0, 1, 0, 1, 2, 2, 2, 2, 1] 
dagN15.txt 3_2x2.txt True 0.1316348195329087 0.4 1233.6666666666667 [2, 2, 2, 2, 2, 2, 2, 2, 2, 2, 2, 2, 2, 2, 2, 2, 2, 2, 2, 2, 2, 2, 2, 2, 2, 2, 2, 2, 2, 2, 2, 2, 2, 2, 2, 2, 2, 2, 2, 2, 2, 2, 2, 2, 2, 2, 2, 2, 2, 2, 2, 2, 2, 2, 2, 2, 2, 2, 2, 2, 2, 2, 2, 2, 2, 2, 2, 2, 2, 2, 2, 2, 2, 2, 2, 2, 2, 2, 2, 2, 2, 2, 2, 2, 2, 2, 2, 2, 2, 2, 2, 2, 2, 2, 3, 2, 2, 2, 2, 2, 2, 2, 2, 3, 2, 2, 2, 0, 2, 3, 2, 2, 2, 2, 2, 2, 3, 2, 2, 0, 2, 0, 0, 3, 3, 0, 2, 1, 2, 0, 0, 1, 3, 3, 0, 2, 0, 1, 3, 0, 0, 2, 1, 0, 0, 0, 2, 3, 0, 1, 2, 0, 1, 0, 1, 2, 2, 2, 2, 1] 
dagN15.txt 3_2x2.txt True 0.1316348195329087 0.5 1233.6666666666667 [2, 2, 2, 2, 2, 2, 2, 2, 2, 2, 2, 2, 2, 2, 2, 2, 2, 2, 2, 2, 2, 2, 2, 2, 2, 2, 2, 2, 2, 2, 2, 2, 2, 2, 2, 2, 2, 2, 2, 2, 2, 2, 2, 2, 2, 2, 2, 2, 2, 2, 2, 2, 2, 2, 2, 2, 2, 2, 2, 2, 2, 2, 2, 2, 2, 2, 2, 2, 2, 2, 2, 2, 2, 2, 2, 2, 2, 2, 2, 2, 2, 2, 2, 2, 2, 2, 2, 2, 2, 2, 2, 2, 2, 2, 3, 2, 2, 2, 2, 2, 2, 2, 2, 3, 2, 2, 2, 0, 2, 3, 2, 2, 2, 2, 2, 2, 3, 2, 2, 0, 2, 0, 0, 3, 3, 0, 2, 1, 2, 0, 0, 1, 3, 3, 0, 2, 0, 1, 3, 0, 0, 2, 1, 0, 0, 0, 2, 3, 0, 1, 2, 0, 1, 0, 1, 2, 2, 2, 2, 1] 
dagN15.txt 3_2x2.txt True 0.4033970276008493 0.6 581.6666666666666 [0, 0, 0, 3, 0, 0, 0, 3, 0, 1, 0, 3, 0, 3, 0, 0, 0, 0, 0, 0, 0, 0, 3, 3, 0, 3, 3, 0, 0, 0, 3, 1, 3, 2, 3, 3, 3, 0, 3, 3, 3, 0, 3, 2, 3, 3, 1, 3, 2, 0, 2, 1, 0, 2, 3, 2, 1, 0, 0, 2, 0, 2, 3, 2, 0, 2, 1, 1, 1, 2, 0, 2, 2, 1, 0, 0, 0, 0, 3, 2, 3, 1, 0, 0, 0, 0, 0, 1, 0, 0, 1, 0, 3, 0, 0, 2, 0, 0, 0, 0, 1, 0, 1, 0, 2, 0, 0, 2, 2, 2, 0, 0, 0, 0, 0, 0, 0, 2, 0, 2, 2, 2, 2, 2, 2, 2, 3, 1, 2, 2, 2, 2, 2, 2, 2, 0, 2, 1, 2, 2, 2, 2, 2, 2, 2, 2, 2, 1, 2, 1, 2, 2, 2, 2, 1, 2, 1, 2, 2, 1] 
dagN15.txt 3_2x2.txt True 0.4883227176220807 0.7 528.5 [2, 2, 3, 3, 3, 2, 3, 3, 2, 3, 2, 3, 2, 2, 2, 2, 2, 3, 3, 2, 3, 2, 2, 2, 2, 2, 3, 3, 0, 3, 2, 0, 0, 0, 2, 3, 0, 0, 2, 0, 2, 0, 1, 0, 0, 0, 0, 0, 0, 0, 3, 3, 0, 3, 2, 0, 3, 0, 0, 0, 1, 1, 2, 0, 1, 3, 0, 3, 3, 1, 3, 0, 3, 1, 1, 1, 0, 1, 0, 1, 0, 0, 1, 2, 1, 0, 2, 0, 0, 0, 1, 2, 0, 0, 0, 2, 0, 3, 2, 2, 0, 0, 0, 0, 2, 2, 1, 3, 3, 2, 0, 2, 3, 3, 2, 1, 0, 2, 3, 3, 1, 2, 1, 1, 0, 2, 2, 3, 1, 1, 2, 2, 0, 0, 1, 3, 1, 0, 3, 2, 1, 0, 1, 2, 2, 2, 0, 2, 2, 2, 0, 1, 1, 2, 0, 0, 2, 1, 1, 3] 
dagN15.txt 3_2x2.txt True 0.5711252653927813 1 485.0 [1, 0, 0, 0, 0, 0, 1, 0, 1, 1, 1, 2, 2, 0, 0, 1, 1, 0, 0, 2, 0, 1, 1, 1, 1, 0, 1, 1, 0, 0, 2, 0, 0, 1, 1, 2, 3, 1, 1, 1, 1, 0, 1, 1, 2, 1, 0, 1, 0, 1, 1, 2, 1, 0, 1, 2, 0, 1, 1, 0, 0, 1, 1, 0, 0, 2, 0, 0, 2, 3, 0, 1, 2, 3, 0, 3, 0, 1, 2, 3, 0, 1, 1, 3, 3, 2, 2, 0, 0, 3, 1, 2, 0, 2, 0, 0, 0, 0, 2, 3, 0, 2, 1, 2, 0, 0, 2, 2, 2, 2, 1, 2, 2, 2, 0, 2, 0, 2, 2, 2, 2, 3, 2, 2, 3, 2, 2, 2, 3, 2, 3, 2, 3, 3, 3, 3, 2, 0, 3, 3, 0, 3, 3, 3, 2, 3, 2, 0, 3, 3, 3, 3, 3, 3, 0, 2, 2, 3, 3, 2] 
dagN15.txt 3_2x1.txt True 0.0 0.07 1592.0 [0, 0, 0, 0, 0, 0, 0, 0, 0, 0, 0, 0, 0, 0, 0, 0, 0, 0, 0, 0, 0, 0, 0, 0, 0, 0, 0, 0, 0, 0, 0, 0, 0, 0, 0, 0, 0, 0, 0, 0, 0, 0, 0, 0, 0, 0, 0, 0, 0, 0, 0, 0, 0, 0, 0, 0, 0, 0, 0, 0, 0, 0, 0, 0, 0, 0, 0, 0, 0, 0, 0, 0, 0, 0, 0, 0, 0, 0, 0, 0, 0, 0, 0, 0, 0, 0, 0, 0, 0, 0, 0, 0, 0, 0, 0, 0, 0, 0, 0, 0, 0, 0, 0, 0, 0, 0, 0, 0, 0, 0, 0, 0, 0, 0, 0, 0, 0, 0, 0, 0, 0, 0, 0, 0, 0, 0, 0, 0, 0, 0, 0, 0, 0, 0, 0, 0, 0, 0, 0, 0, 0, 0, 0, 0, 0, 0, 0, 0, 0, 0, 0, 0, 0, 0, 0, 0, 0, 0, 0, 0] 
dagN15.txt 3_2x1.txt True 0.0 0.1 1592.0 [0, 0, 0, 0, 0, 0, 0, 0, 0, 0, 0, 0, 0, 0, 0, 0, 0, 0, 0, 0, 0, 0, 0, 0, 0, 0, 0, 0, 0, 0, 0, 0, 0, 0, 0, 0, 0, 0, 0, 0, 0, 0, 0, 0, 0, 0, 0, 0, 0, 0, 0, 0, 0, 0, 0, 0, 0, 0, 0, 0, 0, 0, 0, 0, 0, 0, 0, 0, 0, 0, 0, 0, 0, 0, 0, 0, 0, 0, 0, 0, 0, 0, 0, 0, 0, 0, 0, 0, 0, 0, 0, 0, 0, 0, 0, 0, 0, 0, 0, 0, 0, 0, 0, 0, 0, 0, 0, 0, 0, 0, 0, 0, 0, 0, 0, 0, 0, 0, 0, 0, 0, 0, 0, 0, 0, 0, 0, 0, 0, 0, 0, 0, 0, 0, 0, 0, 0, 0, 0, 0, 0, 0, 0, 0, 0, 0, 0, 0, 0, 0, 0, 0, 0, 0, 0, 0, 0, 0, 0, 0] 
dagN15.txt 3_2x1.txt True 0.07430997876857749 0.15 1429.3333333333333 [0, 0, 0, 0, 0, 0, 0, 0, 0, 0, 0, 0, 0, 0, 0, 0, 0, 0, 0, 0, 0, 0, 0, 0, 0, 0, 0, 0, 0, 0, 0, 0, 0, 0, 0, 0, 0, 0, 0, 0, 0, 0, 0, 0, 0, 0, 0, 0, 0, 0, 0, 0, 0, 0, 0, 0, 0, 0, 0, 0, 1, 0, 0, 0, 0, 0, 0, 0, 0, 0, 1, 0, 0, 0, 0, 0, 0, 0, 0, 0, 0, 0, 0, 0, 0, 0, 1, 0, 0, 0, 0, 0, 0, 0, 0, 0, 0, 0, 0, 0, 0, 1, 0, 0, 0, 0, 0, 0, 0, 0, 0, 0, 0, 1, 0, 0, 0, 0, 1, 0, 0, 0, 0, 0, 0, 0, 0, 0, 0, 0, 1, 0, 0, 0, 0, 1, 0, 0, 0, 0, 0, 0, 0, 0, 1, 1, 0, 0, 1, 0, 1, 1, 0, 1, 0, 0, 0, 0, 1, 0] 
dagN15.txt 3_2x1.txt True 0.04883227176220807 0.2 1368.3333333333333 [0, 0, 0, 0, 0, 0, 0, 0, 0, 0, 0, 0, 0, 0, 0, 0, 0, 0, 0, 0, 0, 0, 0, 0, 0, 0, 0, 0, 0, 0, 0, 0, 0, 0, 0, 0, 0, 0, 0, 0, 0, 0, 0, 0, 0, 0, 0, 0, 0, 0, 0, 0, 0, 0, 0, 0, 0, 0, 0, 0, 0, 0, 0, 0, 0, 0, 0, 0, 0, 0, 0, 0, 0, 0, 0, 0, 0, 0, 0, 0, 0, 0, 0, 0, 0, 0, 0, 0, 0, 0, 0, 0, 0, 0, 0, 0, 0, 0, 0, 0, 0, 0, 0, 0, 0, 0, 0, 0, 0, 0, 0, 0, 0, 0, 0, 0, 0, 0, 0, 0, 0, 0, 1, 0, 0, 0, 0, 0, 0, 1, 0, 1, 1, 0, 0, 0, 1, 0, 0, 0, 1, 1, 1, 1, 1, 0, 1, 0, 0, 1, 1, 1, 1, 1, 0, 1, 1, 1, 1, 0] 
dagN15.txt 3_2x1.txt True 0.12101910828025478 0.3 1312.6666666666667 [0, 0, 0, 0, 0, 0, 0, 0, 0, 0, 0, 0, 0, 0, 0, 0, 0, 0, 0, 0, 0, 0, 0, 0, 0, 0, 0, 0, 0, 0, 0, 0, 0, 0, 0, 0, 0, 0, 0, 0, 0, 0, 0, 0, 0, 0, 0, 0, 0, 0, 0, 0, 0, 0, 0, 0, 0, 0, 0, 0, 0, 0, 0, 0, 0, 0, 0, 0, 0, 0, 0, 0, 0, 0, 0, 0, 0, 0, 0, 0, 0, 0, 0, 0, 0, 0, 0, 0, 0, 0, 0, 0, 0, 0, 1, 0, 0, 0, 0, 0, 0, 0, 0, 1, 0, 0, 0, 1, 0, 1, 0, 0, 0, 0, 0, 0, 1, 0, 0, 1, 0, 1, 1, 1, 1, 1, 0, 0, 1, 1, 1, 0, 1, 1, 1, 0, 1, 0, 1, 1, 1, 0, 0, 1, 1, 1, 1, 1, 0, 0, 0, 1, 0, 0, 0, 0, 0, 0, 1, 0] 
dagN15.txt 3_2x1.txt True 0.12101910828025478 0.4 1312.6666666666667 [0, 0, 0, 0, 0, 0, 0, 0, 0, 0, 0, 0, 0, 0, 0, 0, 0, 0, 0, 0, 0, 0, 0, 0, 0, 0, 0, 0, 0, 0, 0, 0, 0, 0, 0, 0, 0, 0, 0, 0, 0, 0, 0, 0, 0, 0, 0, 0, 0, 0, 0, 0, 0, 0, 0, 0, 0, 0, 0, 0, 0, 0, 0, 0, 0, 0, 0, 0, 0, 0, 0, 0, 0, 0, 0, 0, 0, 0, 0, 0, 0, 0, 0, 0, 0, 0, 0, 0, 0, 0, 0, 0, 0, 0, 1, 0, 0, 0, 0, 0, 0, 0, 0, 1, 0, 0, 0, 1, 0, 1, 0, 0, 0, 0, 0, 0, 1, 0, 0, 1, 0, 1, 1, 1, 1, 1, 0, 0, 1, 1, 1, 0, 1, 1, 1, 0, 1, 0, 1, 1, 1, 0, 0, 1, 1, 1, 1, 1, 0, 0, 0, 1, 0, 0, 0, 0, 0, 0, 1, 0] 
dagN15.txt 3_2x1.txt True 0.12101910828025478 0.5 1312.6666666666667 [0, 0, 0, 0, 0, 0, 0, 0, 0, 0, 0, 0, 0, 0, 0, 0, 0, 0, 0, 0, 0, 0, 0, 0, 0, 0, 0, 0, 0, 0, 0, 0, 0, 0, 0, 0, 0, 0, 0, 0, 0, 0, 0, 0, 0, 0, 0, 0, 0, 0, 0, 0, 0, 0, 0, 0, 0, 0, 0, 0, 0, 0, 0, 0, 0, 0, 0, 0, 0, 0, 0, 0, 0, 0, 0, 0, 0, 0, 0, 0, 0, 0, 0, 0, 0, 0, 0, 0, 0, 0, 0, 0, 0, 0, 1, 0, 0, 0, 0, 0, 0, 0, 0, 1, 0, 0, 0, 1, 0, 1, 0, 0, 0, 0, 0, 0, 1, 0, 0, 1, 0, 1, 1, 1, 1, 1, 0, 0, 1, 1, 1, 0, 1, 1, 1, 0, 1, 0, 1, 1, 1, 0, 0, 1, 1, 1, 1, 1, 0, 0, 0, 1, 0, 0, 0, 0, 0, 0, 1, 0] 
dagN15.txt 3_2x1.txt True 0.12951167728237792 0.6 1008.6666666666666 [0, 0, 1, 1, 0, 0, 0, 1, 0, 1, 0, 1, 0, 0, 0, 0, 0, 1, 0, 0, 0, 0, 0, 0, 0, 0, 0, 0, 0, 0, 0, 0, 0, 0, 0, 0, 0, 0, 0, 0, 0, 0, 0, 0, 0, 0, 0, 0, 0, 0, 0, 0, 0, 0, 0, 0, 0, 0, 0, 0, 0, 0, 0, 0, 0, 0, 0, 0, 0, 0, 0, 0, 0, 0, 0, 0, 0, 0, 0, 0, 0, 0, 0, 0, 0, 1, 0, 0, 0, 0, 0, 0, 0, 0, 0, 1, 1, 0, 0, 0, 1, 0, 0, 0, 1, 0, 0, 1, 1, 1, 0, 0, 0, 0, 0, 0, 0, 1, 0, 1, 1, 1, 1, 1, 1, 1, 1, 1, 1, 1, 1, 1, 1, 1, 1, 0, 1, 1, 1, 1, 1, 1, 1, 1, 1, 1, 1, 1, 1, 1, 1, 1, 1, 1, 1, 1, 1, 1, 1, 1] 
dagN15.txt 3_2x1.txt True 0.2208067940552017 0.7 990.0 [0, 0, 1, 1, 1, 0, 1, 1, 0, 1, 0, 1, 0, 0, 0, 0, 1, 1, 1, 0, 1, 0, 1, 1, 0, 0, 1, 1, 1, 1, 0, 1, 1, 1, 1, 0, 1, 1, 0, 1, 0, 1, 1, 1, 1, 1, 1, 1, 1, 1, 0, 0, 1, 0, 1, 1, 0, 1, 1, 1, 1, 1, 1, 1, 1, 0, 1, 0, 1, 1, 1, 1, 0, 1, 1, 1, 1, 1, 1, 1, 0, 0, 1, 0, 1, 0, 1, 0, 1, 0, 1, 0, 0, 0, 0, 0, 0, 0, 0, 0, 0, 0, 0, 0, 0, 0, 0, 0, 0, 0, 0, 0, 0, 0, 0, 0, 0, 0, 0, 0, 0, 0, 0, 0, 0, 0, 0, 0, 0, 0, 0, 0, 0, 0, 0, 0, 0, 0, 0, 0, 0, 0, 0, 0, 0, 0, 0, 0, 0, 0, 0, 0, 0, 0, 0, 0, 0, 0, 0, 0] 
dagN15.txt 3_2x1.txt True 0.47983014861995754 1 962.0 [1, 0, 0, 1, 0, 0, 0, 0, 1, 0, 0, 0, 0, 1, 0, 1, 0, 0, 0, 0, 0, 0, 1, 0, 1, 1, 0, 1, 0, 1, 0, 0, 1, 1, 0, 0, 1, 0, 0, 0, 1, 1, 1, 1, 0, 1, 0, 0, 0, 1, 0, 0, 1, 1, 1, 1, 0, 1, 0, 1, 0, 1, 0, 0, 0, 0, 1, 0, 1, 1, 0, 1, 0, 0, 0, 1, 0, 0, 0, 1, 1, 1, 0, 1, 1, 0, 1, 0, 0, 0, 1, 0, 1, 0, 0, 1, 0, 0, 0, 0, 1, 0, 1, 0, 1, 0, 1, 0, 0, 0, 1, 0, 0, 1, 0, 0, 1, 1, 0, 1, 0, 0, 0, 1, 0, 1, 1, 0, 1, 1, 0, 0, 0, 0, 1, 0, 0, 0, 0, 1, 0, 0, 1, 1, 1, 0, 0, 1, 1, 0, 1, 0, 1, 0, 0, 0, 1, 0, 1, 0] 
