dagB3.txt 3_2x4.txt 0.08383233532934131 0.1 455.6666666666667 [6, 6, 6, 6, 6, 6, 6, 6, 6, 6, 6, 0, 6, 6, 6, 6, 6, 6, 6, 6, 6, 6, 6, 6, 6, 6, 2, 6, 0, 6, 6, 6, 6, 6, 6, 6, 6, 6, 6, 0, 4, 6, 6, 6, 6, 6, 6, 6, 6, 6, 4, 6, 2, 6, 6] 
dagB3.txt 3_2x4.txt 0.592814371257485 0.6 89.66666666666667 [6, 6, 6, 3, 0, 0, 2, 2, 0, 6, 4, 6, 0, 6, 1, 1, 0, 4, 3, 7, 2, 2, 2, 7, 2, 3, 5, 4, 6, 4, 4, 5, 0, 1, 4, 2, 0, 1, 3, 6, 7, 4, 4, 7, 5, 0, 4, 1, 1, 4, 0, 7, 5, 3, 4] 
dagB3.txt 3_2x4.txt 0.1377245508982036 0.15 399.0 [0, 0, 0, 4, 0, 0, 0, 0, 0, 0, 0, 0, 0, 0, 2, 2, 0, 0, 0, 0, 0, 0, 0, 0, 0, 0, 4, 0, 0, 0, 0, 4, 0, 2, 0, 0, 0, 0, 4, 0, 2, 0, 0, 0, 0, 0, 0, 2, 2, 0, 0, 2, 4, 0, 0] 
dagB3.txt 3_2x4.txt 0.19760479041916168 0.2 356.6666666666667 [0, 0, 0, 2, 0, 2, 0, 0, 0, 0, 0, 2, 0, 0, 2, 2, 0, 0, 0, 0, 0, 0, 0, 0, 0, 0, 2, 0, 0, 0, 0, 2, 0, 2, 0, 0, 0, 2, 2, 0, 2, 0, 0, 0, 0, 0, 0, 2, 2, 0, 2, 2, 2, 2, 0] 
dagB3.txt 3_2x4.txt 0.49101796407185627 0.5 116.66666666666667 [6, 0, 0, 6, 2, 6, 1, 2, 2, 6, 0, 6, 2, 0, 4, 4, 2, 0, 6, 2, 1, 2, 1, 4, 0, 6, 4, 2, 3, 0, 1, 6, 2, 4, 0, 2, 2, 4, 6, 3, 1, 0, 0, 2, 2, 2, 0, 4, 4, 0, 1, 4, 4, 0, 0] 
dagB3.txt 3_2x4.txt 0.5449101796407185 0.55 91.66666666666667 [6, 0, 6, 7, 5, 0, 4, 2, 2, 7, 3, 6, 5, 6, 1, 1, 2, 0, 0, 4, 4, 2, 4, 4, 0, 7, 3, 4, 6, 0, 5, 7, 2, 1, 3, 4, 2, 0, 0, 6, 5, 2, 0, 2, 2, 2, 0, 1, 1, 2, 5, 1, 3, 0, 3] 
dagB3.txt 3_2x4.txt 0.23952095808383234 0.25 289.6666666666667 [2, 2, 2, 2, 0, 0, 0, 0, 0, 2, 2, 2, 0, 2, 0, 0, 0, 2, 2, 0, 0, 0, 0, 0, 0, 2, 2, 2, 2, 2, 0, 2, 0, 0, 2, 0, 0, 0, 2, 2, 0, 2, 2, 0, 0, 0, 2, 0, 0, 2, 0, 0, 2, 2, 2] 
dagB3.txt 3_2x4.txt 0.38922155688622756 0.4 183.0 [2, 2, 2, 4, 0, 2, 0, 0, 0, 2, 2, 2, 0, 2, 4, 4, 0, 2, 2, 0, 0, 0, 0, 0, 2, 2, 4, 0, 4, 2, 6, 4, 0, 4, 2, 0, 0, 4, 4, 4, 4, 2, 2, 0, 0, 0, 2, 4, 4, 2, 4, 4, 4, 2, 2] 
dagB3.txt 3_2x4.txt 0.437125748502994 0.45 137.33333333333334 [6, 6, 6, 0, 2, 2, 4, 4, 4, 6, 6, 6, 2, 6, 0, 0, 2, 6, 0, 4, 4, 4, 4, 4, 4, 6, 0, 2, 6, 6, 2, 2, 4, 0, 0, 4, 2, 4, 0, 6, 2, 2, 6, 4, 2, 2, 6, 0, 0, 2, 2, 4, 1, 6, 0] 
dagB3.txt 3_2x4.txt 0.2874251497005988 0.3 266.0 [0, 0, 0, 0, 2, 0, 2, 2, 2, 0, 0, 0, 2, 0, 2, 2, 2, 0, 0, 2, 2, 2, 2, 2, 0, 0, 0, 2, 0, 0, 4, 0, 2, 2, 0, 2, 2, 0, 0, 0, 2, 2, 0, 2, 2, 2, 0, 2, 2, 2, 4, 2, 0, 0, 0] 
dagB3.txt 3_2x4.txt 0.6287425149700598 0.65 88.33333333333333 [0, 5, 0, 7, 1, 1, 6, 6, 3, 0, 2, 0, 1, 0, 5, 5, 4, 2, 2, 3, 6, 3, 6, 2, 6, 0, 7, 4, 0, 2, 1, 4, 3, 5, 2, 6, 4, 6, 7, 4, 0, 4, 2, 3, 4, 4, 2, 5, 5, 4, 1, 3, 6, 7, 2] 
dagB3.txt 3_2x4.txt 0.3473053892215569 0.35 184.0 [2, 2, 2, 4, 0, 4, 0, 0, 0, 2, 2, 2, 0, 2, 4, 4, 0, 2, 4, 0, 0, 0, 0, 0, 2, 2, 4, 0, 2, 2, 0, 4, 0, 4, 2, 0, 0, 4, 4, 2, 4, 2, 2, 0, 0, 0, 2, 4, 4, 2, 4, 4, 4, 2, 2] 
dagB3.txt 3_2x4.txt 0.6586826347305389 1 87.0 [6, 6, 0, 7, 2, 4, 6, 4, 4, 3, 6, 3, 4, 0, 7, 5, 4, 6, 2, 6, 1, 4, 1, 0, 4, 3, 7, 0, 6, 0, 2, 5, 4, 1, 6, 6, 2, 4, 3, 2, 2, 0, 0, 4, 5, 4, 6, 5, 1, 0, 2, 5, 7, 3, 6] 
dagB3.txt 3_2x4.txt 0.688622754491018 0.7 86.5 [6, 4, 6, 3, 4, 2, 7, 0, 0, 1, 4, 3, 0, 6, 2, 4, 0, 2, 1, 4, 6, 6, 0, 5, 4, 2, 1, 4, 6, 6, 5, 3, 0, 2, 2, 0, 0, 4, 3, 5, 7, 4, 2, 0, 1, 0, 2, 4, 2, 6, 0, 5, 7, 6, 2] 
dagB3.txt 5_4_3_2x2.txt 0.0718562874251497 0.1 281.2 [0, 0, 0, 0, 0, 0, 0, 0, 0, 0, 0, 4, 0, 0, 0, 0, 0, 0, 0, 0, 0, 0, 0, 0, 0, 0, 4, 0, 0, 0, 0, 0, 0, 0, 0, 0, 0, 0, 0, 0, 4, 0, 0, 0, 1, 0, 0, 0, 0, 0, 0, 0, 4, 0, 0] 
dagB3.txt 3_2x4.txt 0.7964071856287425 0.9 87.5 [0, 2, 2, 6, 1, 4, 5, 0, 0, 3, 0, 7, 0, 3, 6, 2, 4, 0, 2, 4, 6, 6, 4, 1, 7, 2, 5, 0, 0, 5, 3, 6, 4, 2, 7, 0, 6, 0, 1, 5, 7, 2, 2, 0, 6, 0, 0, 4, 2, 0, 0, 4, 1, 0, 4] 
dagB3.txt 3_2x4.txt 0.6706586826347305 0.8 86.0 [4, 3, 3, 6, 1, 0, 4, 4, 2, 7, 2, 7, 2, 3, 0, 2, 1, 5, 6, 7, 4, 2, 4, 4, 0, 3, 6, 5, 4, 5, 0, 0, 2, 0, 4, 2, 1, 2, 6, 3, 6, 5, 5, 7, 1, 2, 5, 7, 0, 5, 1, 2, 6, 2, 5] 
dagB3.txt 5_4_3_2x2.txt 0.1377245508982036 0.15 239.4 [0, 0, 0, 1, 0, 0, 0, 0, 0, 0, 0, 0, 0, 0, 4, 4, 0, 0, 0, 0, 0, 0, 0, 0, 0, 0, 1, 0, 0, 0, 0, 1, 0, 4, 0, 0, 0, 0, 1, 0, 4, 0, 0, 0, 0, 0, 0, 4, 4, 0, 0, 4, 1, 0, 0] 
dagB3.txt 5_4_3_2x2.txt 0.47904191616766467 0.5 78.2 [5, 0, 0, 5, 4, 5, 2, 4, 4, 5, 0, 6, 4, 0, 1, 1, 4, 0, 5, 4, 2, 4, 2, 4, 0, 5, 1, 4, 6, 0, 2, 5, 4, 1, 0, 4, 4, 1, 5, 6, 2, 0, 0, 4, 4, 4, 0, 1, 1, 0, 2, 1, 1, 0, 0] 
dagB3.txt 5_4_3_2x2.txt 0.19161676646706588 0.2 227.4 [0, 0, 0, 0, 1, 0, 0, 0, 0, 0, 0, 4, 1, 0, 4, 4, 0, 0, 0, 0, 0, 0, 0, 0, 0, 0, 5, 0, 0, 0, 0, 0, 0, 4, 1, 0, 0, 0, 0, 0, 4, 0, 0, 0, 0, 0, 0, 4, 4, 0, 4, 4, 5, 0, 1] 
dagB3.txt 5_4_3_2x2.txt 0.5988023952095808 0.6 63.2 [5, 5, 5, 0, 4, 4, 1, 1, 2, 6, 6, 5, 2, 6, 0, 7, 4, 3, 5, 2, 1, 2, 1, 1, 1, 5, 0, 6, 5, 3, 4, 0, 2, 7, 0, 2, 4, 1, 0, 4, 5, 6, 3, 2, 4, 2, 3, 7, 7, 6, 4, 0, 0, 3, 3] 
dagB3.txt 5_4_3_2x2.txt 0.2934131736526946 0.3 154.2 [0, 0, 0, 0, 4, 0, 4, 4, 4, 4, 0, 1, 4, 4, 0, 0, 4, 0, 0, 4, 4, 4, 4, 4, 4, 0, 0, 4, 0, 0, 4, 0, 4, 0, 0, 4, 4, 0, 0, 1, 1, 4, 0, 4, 4, 4, 0, 0, 0, 4, 4, 4, 0, 0, 0] 
dagB3.txt 5_4_3_2x2.txt 0.23952095808383234 0.25 173.8 [4, 4, 4, 4, 0, 0, 0, 0, 0, 4, 4, 4, 0, 4, 0, 0, 0, 4, 4, 0, 0, 0, 0, 0, 0, 4, 4, 4, 4, 4, 0, 4, 0, 0, 4, 0, 0, 0, 4, 4, 0, 4, 4, 0, 0, 0, 4, 0, 0, 4, 0, 0, 4, 4, 4] 
dagB3.txt 5_4_3_2x2.txt 0.3473053892215569 0.35 135.25 [4, 4, 4, 1, 0, 1, 0, 0, 0, 4, 4, 4, 0, 4, 1, 1, 0, 4, 1, 0, 0, 0, 0, 0, 4, 4, 1, 0, 4, 4, 0, 1, 0, 1, 4, 0, 0, 1, 1, 4, 1, 4, 4, 0, 0, 0, 4, 1, 1, 4, 1, 1, 1, 4, 4] 
dagB3.txt 5_4_3_2x2.txt 0.5449101796407185 0.55 72.0 [1, 1, 1, 4, 4, 4, 5, 0, 0, 4, 5, 1, 4, 1, 6, 6, 0, 5, 4, 2, 0, 0, 0, 2, 0, 1, 2, 5, 1, 5, 4, 4, 0, 6, 5, 0, 0, 2, 4, 1, 1, 5, 5, 0, 0, 0, 5, 6, 6, 5, 4, 6, 2, 5, 5] 
dagB3.txt 5_4_3_2x2.txt 0.38323353293413176 0.4 109.8 [4, 4, 4, 4, 0, 1, 0, 0, 0, 4, 1, 4, 0, 4, 5, 5, 0, 1, 4, 0, 0, 0, 0, 0, 1, 4, 1, 0, 4, 1, 1, 4, 0, 5, 1, 0, 0, 1, 4, 4, 5, 0, 1, 0, 0, 0, 1, 5, 5, 0, 5, 5, 1, 1, 1] 
dagB3.txt 5_4_3_2x2.txt 0.437125748502994 0.45 90.0 [0, 0, 0, 1, 2, 1, 4, 4, 4, 0, 0, 0, 4, 0, 5, 5, 2, 0, 1, 4, 4, 4, 4, 4, 4, 0, 1, 4, 0, 0, 2, 1, 4, 5, 0, 4, 2, 4, 1, 5, 5, 0, 0, 4, 2, 4, 0, 5, 5, 0, 2, 5, 1, 1, 0] 
dagB3.txt 5_4_3_2x2.txt 0.6167664670658682 0.65 61.0 [2, 2, 2, 1, 4, 5, 4, 0, 0, 1, 2, 7, 0, 7, 6, 6, 0, 3, 1, 4, 1, 0, 7, 5, 5, 2, 5, 4, 2, 3, 4, 1, 0, 6, 0, 4, 0, 5, 1, 2, 4, 0, 3, 0, 4, 0, 3, 6, 6, 0, 4, 6, 5, 3, 3] 
dagB3.txt 5_4_3_2x2.txt 0.6407185628742516 0.7 62.5 [0, 1, 0, 2, 5, 4, 4, 6, 7, 1, 0, 5, 5, 1, 4, 3, 6, 0, 2, 7, 4, 0, 4, 4, 7, 1, 3, 7, 0, 1, 5, 2, 6, 4, 0, 7, 6, 3, 2, 1, 5, 0, 0, 7, 6, 6, 0, 4, 4, 1, 5, 3, 0, 2, 0] 
dagB3.txt 5_4_3_2x2.txt 0.7964071856287425 1 62.0 [0, 0, 4, 5, 6, 1, 5, 0, 0, 2, 0, 7, 0, 3, 1, 4, 1, 0, 4, 5, 3, 4, 1, 5, 4, 0, 5, 0, 0, 7, 6, 5, 1, 4, 4, 0, 6, 0, 6, 3, 2, 4, 4, 0, 2, 0, 0, 1, 4, 0, 0, 1, 2, 0, 6] 
dagB3.txt 4_1x5.txt 0.07784431137724551 0.1 348.25 [6, 6, 6, 6, 6, 6, 6, 6, 6, 6, 6, 0, 6, 6, 6, 6, 6, 6, 6, 6, 6, 6, 6, 6, 6, 6, 2, 6, 6, 6, 6, 6, 6, 6, 4, 6, 6, 6, 6, 6, 6, 6, 6, 6, 0, 6, 6, 6, 6, 6, 6, 6, 2, 6, 4] 
dagB3.txt 5_4_3_2x2.txt 0.6586826347305389 0.9 60.8 [5, 5, 5, 0, 1, 4, 2, 3, 1, 0, 6, 5, 1, 5, 0, 7, 3, 1, 0, 4, 4, 1, 4, 4, 1, 0, 6, 4, 5, 4, 2, 4, 0, 7, 1, 2, 0, 6, 6, 5, 2, 4, 0, 3, 3, 0, 1, 0, 7, 4, 2, 7, 6, 6, 1] 
dagB3.txt 5_4_3_2x2.txt 0.7964071856287425 0.8 62.0 [0, 0, 4, 5, 6, 1, 5, 0, 0, 2, 0, 7, 0, 3, 1, 4, 1, 0, 4, 5, 3, 4, 1, 5, 4, 0, 5, 0, 0, 7, 6, 5, 1, 4, 4, 0, 6, 0, 6, 3, 2, 4, 4, 0, 2, 0, 0, 1, 4, 0, 0, 1, 2, 0, 6] 
dagB3.txt 4_1x5.txt 0.3473053892215569 0.35 138.0 [2, 2, 2, 4, 0, 4, 0, 0, 0, 2, 2, 2, 0, 2, 4, 4, 0, 2, 4, 0, 0, 0, 0, 0, 2, 2, 4, 0, 2, 2, 0, 4, 0, 4, 2, 0, 0, 4, 4, 2, 4, 2, 2, 0, 0, 0, 2, 4, 4, 2, 4, 4, 4, 2, 2] 
dagB3.txt 4_1x5.txt 0.19161676646706588 0.2 265.5 [0, 0, 0, 2, 0, 0, 0, 0, 0, 0, 0, 2, 0, 0, 2, 2, 0, 0, 0, 0, 0, 0, 0, 0, 0, 0, 2, 0, 2, 0, 0, 2, 0, 2, 0, 0, 0, 2, 2, 2, 2, 0, 0, 0, 0, 0, 0, 2, 2, 0, 0, 2, 2, 2, 0] 
dagB3.txt 4_1x5.txt 0.23952095808383234 0.25 217.25 [2, 2, 2, 2, 0, 0, 0, 0, 0, 2, 2, 2, 0, 2, 0, 0, 0, 2, 2, 0, 0, 0, 0, 0, 0, 2, 2, 2, 2, 2, 0, 2, 0, 0, 2, 0, 0, 0, 2, 2, 0, 2, 2, 0, 0, 0, 2, 0, 0, 2, 0, 0, 2, 2, 2] 
dagB3.txt 4_1x5.txt 0.38922155688622756 0.4 137.25 [2, 2, 2, 4, 0, 2, 0, 0, 0, 2, 2, 2, 0, 2, 4, 4, 0, 2, 2, 0, 0, 0, 0, 0, 2, 2, 4, 0, 4, 2, 6, 4, 0, 4, 2, 0, 0, 4, 4, 4, 4, 2, 2, 0, 0, 0, 2, 4, 4, 2, 4, 4, 4, 2, 2] 
dagB3.txt 4_1x5.txt 0.2934131736526946 0.3 193.0 [2, 2, 2, 2, 0, 0, 0, 0, 0, 2, 2, 4, 0, 2, 2, 0, 0, 2, 2, 0, 0, 0, 0, 0, 0, 2, 2, 0, 2, 2, 0, 2, 0, 0, 2, 0, 0, 0, 2, 2, 4, 2, 2, 0, 0, 0, 2, 2, 0, 2, 0, 0, 2, 2, 2] 
dagB3.txt 4_1x5.txt 0.1377245508982036 0.15 299.25 [0, 0, 0, 4, 0, 0, 0, 0, 0, 0, 0, 0, 0, 0, 2, 2, 0, 0, 0, 0, 0, 0, 0, 0, 0, 0, 4, 0, 0, 0, 0, 4, 0, 2, 0, 0, 0, 0, 4, 0, 2, 0, 0, 0, 0, 0, 0, 2, 2, 0, 0, 2, 4, 0, 0] 
dagB3.txt 4_1x5.txt 0.49700598802395207 0.5 83.25 [0, 6, 6, 4, 2, 4, 0, 6, 2, 4, 0, 6, 2, 6, 8, 8, 2, 6, 4, 0, 0, 2, 8, 6, 6, 4, 8, 0, 0, 6, 0, 4, 2, 8, 2, 0, 2, 8, 4, 0, 4, 0, 6, 2, 2, 2, 6, 8, 8, 0, 4, 8, 8, 8, 2] 
dagB3.txt 4_1x5.txt 0.5449101796407185 0.55 81.5 [0, 6, 6, 2, 4, 2, 0, 6, 4, 2, 0, 6, 4, 6, 8, 8, 4, 6, 2, 0, 0, 4, 8, 6, 6, 2, 8, 0, 0, 6, 1, 2, 4, 8, 4, 0, 4, 8, 2, 0, 3, 0, 6, 4, 2, 4, 6, 8, 8, 0, 2, 8, 8, 8, 4] 
dagB3.txt 4_1x5.txt 0.5748502994011976 0.6 71.5 [0, 8, 8, 2, 4, 2, 0, 8, 4, 9, 0, 7, 4, 8, 6, 6, 4, 8, 2, 0, 0, 4, 6, 8, 8, 2, 6, 0, 0, 8, 1, 2, 4, 6, 4, 0, 4, 6, 2, 0, 3, 0, 8, 4, 2, 4, 8, 6, 6, 0, 2, 6, 5, 6, 4] 
dagB3.txt 4_1x5.txt 0.5748502994011976 0.65 71.5 [0, 8, 8, 2, 4, 2, 0, 8, 4, 9, 0, 7, 4, 8, 6, 6, 4, 8, 2, 0, 0, 4, 6, 8, 8, 2, 6, 0, 0, 8, 1, 2, 4, 6, 4, 0, 4, 6, 2, 0, 3, 0, 8, 4, 2, 4, 8, 6, 6, 0, 2, 6, 5, 6, 4] 
dagB3.txt 4_1x5.txt 0.437125748502994 0.45 103.0 [6, 6, 6, 0, 2, 2, 4, 4, 4, 6, 6, 6, 2, 6, 0, 0, 2, 6, 0, 4, 4, 4, 4, 4, 4, 6, 0, 2, 6, 6, 2, 2, 4, 0, 0, 4, 2, 4, 0, 6, 2, 2, 6, 4, 2, 2, 6, 0, 0, 2, 2, 4, 8, 6, 0] 
dagB3.txt 4_1x5.txt 0.7784431137724551 1 69.0 [8, 2, 2, 2, 2, 0, 2, 4, 0, 6, 0, 4, 0, 6, 4, 8, 7, 1, 3, 6, 5, 8, 5, 8, 4, 2, 8, 6, 2, 6, 6, 0, 4, 0, 0, 4, 7, 8, 2, 9, 4, 6, 1, 6, 0, 7, 0, 3, 4, 6, 0, 8, 8, 6, 1] 
dagB3.txt 4_1x5.txt 0.688622754491018 0.7 70.75 [4, 4, 3, 5, 0, 0, 9, 2, 8, 0, 8, 6, 8, 2, 6, 6, 2, 0, 2, 8, 2, 2, 2, 4, 3, 5, 0, 8, 4, 0, 4, 4, 8, 6, 1, 8, 8, 8, 2, 4, 7, 0, 0, 2, 4, 8, 0, 6, 6, 8, 7, 6, 6, 8, 8] 
dagB3.txt 4_1x5.txt 0.7065868263473054 0.9 70.5 [8, 2, 0, 9, 4, 0, 8, 4, 2, 6, 6, 8, 0, 6, 4, 0, 7, 2, 6, 4, 4, 2, 4, 4, 2, 0, 6, 6, 8, 2, 0, 8, 2, 3, 1, 8, 0, 0, 2, 8, 8, 6, 2, 4, 5, 0, 2, 3, 4, 6, 7, 6, 0, 0, 1] 
dagB3.txt 4_1x5.txt 0.7005988023952096 0.8 71.25 [8, 2, 2, 8, 0, 8, 4, 8, 4, 4, 4, 2, 0, 2, 4, 5, 0, 6, 1, 6, 7, 4, 7, 6, 6, 8, 2, 0, 2, 0, 0, 8, 8, 4, 3, 4, 8, 2, 6, 2, 6, 2, 6, 4, 0, 8, 6, 6, 4, 0, 0, 5, 9, 0, 3] 
dagB3.txt 3_2x3.txt 0.08383233532934131 0.1 455.6666666666667 [4, 4, 4, 4, 4, 4, 4, 4, 4, 4, 4, 0, 4, 4, 4, 4, 4, 4, 4, 4, 4, 4, 4, 4, 4, 4, 2, 4, 0, 4, 4, 4, 4, 4, 4, 4, 4, 4, 4, 0, 0, 4, 4, 4, 4, 4, 4, 4, 4, 4, 0, 4, 2, 4, 4] 
dagB3.txt 3_2x3.txt 0.38922155688622756 0.4 183.0 [2, 2, 2, 4, 0, 2, 0, 0, 0, 2, 2, 2, 0, 2, 4, 4, 0, 2, 2, 0, 0, 0, 0, 0, 2, 2, 4, 0, 4, 2, 1, 4, 0, 4, 2, 0, 0, 4, 4, 4, 4, 2, 2, 0, 0, 0, 2, 4, 4, 2, 4, 4, 4, 2, 2] 
dagB3.txt 3_2x3.txt 0.2994011976047904 0.3 265.0 [0, 2, 2, 2, 0, 2, 0, 0, 0, 0, 0, 2, 0, 0, 2, 2, 0, 2, 2, 0, 0, 0, 0, 0, 2, 2, 2, 0, 2, 2, 4, 2, 0, 2, 2, 0, 0, 2, 2, 2, 2, 0, 2, 0, 0, 0, 2, 2, 2, 0, 0, 0, 4, 2, 0] 
dagB3.txt 3_2x3.txt 0.23952095808383234 0.25 289.6666666666667 [2, 2, 2, 2, 0, 0, 0, 0, 0, 2, 2, 2, 0, 2, 0, 0, 0, 2, 2, 0, 0, 0, 0, 0, 0, 2, 2, 2, 2, 2, 0, 2, 0, 0, 2, 0, 0, 0, 2, 2, 0, 2, 2, 0, 0, 0, 2, 0, 0, 2, 0, 0, 2, 2, 2] 
dagB3.txt 3_2x3.txt 0.19760479041916168 0.2 346.0 [0, 0, 0, 2, 0, 2, 0, 0, 0, 0, 0, 0, 0, 0, 2, 2, 0, 0, 2, 0, 0, 0, 0, 0, 0, 2, 2, 0, 0, 0, 0, 2, 0, 2, 0, 0, 0, 2, 2, 2, 2, 0, 0, 0, 0, 0, 0, 2, 2, 0, 0, 2, 2, 2, 0] 
dagB3.txt 3_2x3.txt 0.1377245508982036 0.15 399.0 [0, 0, 0, 4, 0, 0, 0, 0, 0, 0, 0, 0, 0, 0, 2, 2, 0, 0, 0, 0, 0, 0, 0, 0, 0, 0, 4, 0, 0, 0, 0, 4, 0, 2, 0, 0, 0, 0, 4, 0, 2, 0, 0, 0, 0, 0, 0, 2, 2, 0, 0, 2, 4, 0, 0] 
dagB3.txt 3_2x3.txt 0.49700598802395207 0.5 130.33333333333334 [1, 0, 0, 1, 2, 1, 3, 2, 2, 4, 0, 4, 2, 0, 4, 4, 2, 0, 1, 2, 3, 2, 3, 2, 0, 1, 3, 2, 5, 0, 4, 1, 2, 4, 0, 2, 2, 3, 1, 5, 4, 0, 0, 2, 2, 2, 0, 4, 4, 0, 4, 4, 3, 0, 0] 
dagB3.txt 3_2x3.txt 0.3473053892215569 0.35 184.0 [2, 2, 2, 4, 0, 4, 0, 0, 0, 2, 2, 2, 0, 2, 4, 4, 0, 2, 4, 0, 0, 0, 0, 0, 2, 2, 4, 0, 2, 2, 0, 4, 0, 4, 2, 0, 0, 4, 4, 2, 4, 2, 2, 0, 0, 0, 2, 4, 4, 2, 4, 4, 4, 2, 2] 
dagB3.txt 3_2x3.txt 0.437125748502994 0.45 150.0 [0, 0, 0, 4, 3, 4, 2, 2, 2, 0, 0, 0, 2, 0, 1, 1, 3, 0, 4, 2, 2, 2, 2, 2, 2, 0, 4, 2, 0, 0, 3, 4, 2, 1, 0, 2, 3, 2, 4, 1, 1, 0, 0, 2, 3, 2, 0, 1, 1, 0, 3, 1, 4, 4, 0] 
dagB3.txt 3_2x3.txt 0.5389221556886228 0.6 112.0 [1, 1, 1, 4, 0, 0, 2, 0, 2, 1, 3, 5, 2, 1, 5, 5, 2, 3, 1, 2, 0, 2, 0, 0, 0, 1, 4, 2, 1, 3, 0, 4, 2, 5, 3, 2, 2, 0, 4, 4, 4, 3, 3, 2, 2, 2, 3, 5, 5, 3, 0, 5, 4, 4, 3] 
dagB3.txt 3_2x3.txt 0.592814371257485 1 110.66666666666667 [4, 3, 3, 5, 2, 4, 1, 2, 1, 3, 0, 0, 1, 3, 2, 5, 2, 0, 0, 1, 2, 4, 2, 2, 4, 3, 5, 0, 3, 0, 4, 4, 1, 4, 0, 4, 2, 5, 0, 3, 4, 0, 0, 1, 2, 1, 0, 5, 2, 0, 4, 1, 5, 0, 1] 
dagB3.txt 3_2x3.txt 0.5449101796407185 0.55 115.5 [5, 4, 5, 2, 0, 4, 3, 1, 1, 2, 0, 5, 0, 5, 2, 2, 1, 4, 4, 3, 3, 1, 3, 3, 4, 2, 0, 3, 5, 4, 0, 2, 1, 2, 0, 3, 1, 4, 4, 5, 4, 1, 4, 1, 0, 1, 4, 2, 2, 1, 0, 2, 0, 4, 0] 
dagB3.txt 3_2x3.txt 0.6167664670658682 0.65 110.0 [3, 3, 4, 5, 1, 3, 2, 0, 0, 4, 2, 5, 0, 4, 1, 1, 0, 2, 3, 0, 5, 0, 0, 2, 4, 4, 2, 1, 4, 2, 4, 3, 0, 3, 2, 0, 0, 2, 3, 4, 4, 0, 2, 0, 5, 0, 2, 1, 1, 0, 1, 1, 5, 2, 2] 
dagB3.txt 5_4_3_2x5.txt 0.08383233532934131 0.1 269.2 [16, 16, 16, 16, 16, 16, 16, 16, 16, 16, 16, 0, 16, 16, 16, 16, 16, 16, 16, 16, 16, 16, 16, 16, 16, 16, 4, 16, 16, 16, 16, 16, 16, 16, 0, 16, 16, 16, 16, 8, 16, 16, 16, 16, 12, 16, 16, 16, 16, 16, 16, 16, 4, 16, 0] 
dagB3.txt 3_2x3.txt 0.6047904191616766 0.9 112.33333333333333 [4, 1, 4, 5, 4, 4, 0, 0, 3, 1, 2, 1, 3, 1, 2, 2, 4, 4, 1, 3, 0, 2, 0, 0, 0, 1, 5, 2, 4, 2, 4, 5, 3, 2, 3, 2, 0, 2, 5, 5, 4, 2, 4, 3, 0, 3, 4, 2, 2, 2, 4, 3, 0, 2, 3] 
dagB3.txt 3_2x3.txt 0.5748502994011976 0.7 112.66666666666667 [4, 0, 0, 4, 2, 2, 1, 5, 1, 4, 3, 4, 1, 0, 0, 3, 2, 5, 4, 1, 4, 1, 3, 0, 2, 0, 3, 5, 4, 5, 2, 4, 1, 0, 5, 1, 2, 3, 4, 0, 2, 5, 5, 1, 2, 1, 5, 3, 0, 5, 2, 3, 0, 3, 5] 
dagB3.txt 3_2x3.txt 0.6167664670658682 0.8 111.33333333333333 [0, 0, 0, 4, 2, 4, 3, 5, 2, 3, 0, 2, 2, 2, 1, 1, 5, 0, 4, 2, 3, 2, 3, 4, 0, 3, 4, 2, 3, 2, 2, 4, 5, 1, 0, 3, 5, 1, 4, 0, 0, 5, 0, 5, 5, 5, 0, 1, 1, 2, 1, 1, 4, 1, 0] 
dagB3.txt 5_4_3_2x5.txt 0.1377245508982036 0.15 239.4 [0, 0, 0, 8, 0, 0, 0, 0, 0, 0, 0, 0, 0, 0, 4, 4, 0, 0, 0, 0, 0, 0, 0, 0, 0, 0, 8, 0, 0, 0, 0, 8, 0, 4, 0, 0, 0, 0, 8, 0, 4, 0, 0, 0, 0, 0, 0, 4, 4, 0, 0, 4, 8, 0, 0] 
dagB3.txt 5_4_3_2x5.txt 0.2934131736526946 0.3 154.4 [4, 4, 4, 4, 0, 0, 0, 0, 0, 4, 4, 8, 0, 4, 4, 0, 0, 4, 4, 0, 0, 0, 0, 0, 0, 4, 4, 0, 4, 4, 0, 4, 0, 0, 4, 0, 0, 0, 4, 4, 8, 4, 4, 0, 0, 0, 4, 4, 0, 4, 0, 0, 4, 4, 4] 
dagB3.txt 5_4_3_2x5.txt 0.23952095808383234 0.25 173.8 [4, 4, 4, 4, 0, 0, 0, 0, 0, 4, 4, 4, 0, 4, 0, 0, 0, 4, 4, 0, 0, 0, 0, 0, 0, 4, 4, 4, 4, 4, 0, 4, 0, 0, 4, 0, 0, 0, 4, 4, 0, 4, 4, 0, 0, 0, 4, 0, 0, 4, 0, 0, 4, 4, 4] 
dagB3.txt 5_4_3_2x5.txt 0.38922155688622756 0.4 109.8 [4, 4, 4, 8, 0, 4, 0, 0, 0, 4, 4, 4, 0, 4, 8, 8, 0, 4, 4, 0, 0, 0, 0, 0, 4, 4, 8, 0, 8, 4, 12, 8, 0, 8, 4, 0, 0, 8, 8, 8, 8, 4, 4, 0, 0, 0, 4, 8, 8, 4, 8, 8, 8, 4, 4] 
dagB3.txt 5_4_3_2x5.txt 0.19161676646706588 0.2 212.4 [0, 0, 0, 4, 0, 0, 0, 0, 0, 0, 0, 4, 0, 0, 4, 4, 0, 0, 0, 0, 0, 0, 0, 0, 0, 0, 4, 0, 4, 0, 0, 4, 0, 4, 0, 0, 0, 4, 4, 4, 4, 0, 0, 0, 0, 0, 0, 4, 4, 0, 0, 4, 4, 4, 0] 
dagB3.txt 5_4_3_2x5.txt 0.3473053892215569 0.35 110.4 [4, 4, 4, 8, 0, 8, 0, 0, 0, 4, 4, 4, 0, 4, 8, 8, 0, 4, 8, 0, 0, 0, 0, 0, 4, 4, 8, 0, 4, 4, 0, 8, 0, 8, 4, 0, 0, 8, 8, 4, 8, 4, 4, 0, 0, 0, 4, 8, 8, 4, 8, 8, 8, 4, 4] 
dagB3.txt 5_4_3_2x5.txt 0.437125748502994 0.45 82.4 [12, 12, 12, 0, 4, 4, 8, 8, 8, 12, 12, 12, 4, 12, 0, 0, 4, 12, 0, 8, 8, 8, 8, 8, 8, 12, 0, 4, 12, 12, 4, 4, 8, 0, 0, 8, 4, 8, 0, 12, 4, 4, 12, 8, 4, 4, 12, 0, 0, 4, 4, 8, 16, 12, 0] 
dagB3.txt 5_4_3_2x5.txt 0.49101796407185627 0.5 61.25 [8, 8, 8, 16, 4, 12, 4, 0, 0, 8, 12, 8, 0, 8, 1, 1, 0, 12, 16, 4, 4, 0, 4, 4, 12, 8, 16, 0, 8, 12, 4, 16, 0, 1, 12, 4, 0, 12, 16, 8, 1, 0, 12, 0, 0, 0, 12, 1, 1, 0, 1, 1, 16, 12, 12] 
dagB3.txt 5_4_3_2x5.txt 0.9101796407185628 1 27.0 [4, 12, 16, 2, 17, 6, 13, 0, 0, 14, 4, 3, 0, 17, 8, 8, 1, 4, 5, 12, 1, 2, 9, 15, 6, 4, 5, 0, 8, 1, 18, 10, 16, 5, 9, 0, 16, 8, 10, 11, 7, 0, 12, 0, 19, 0, 4, 12, 8, 4, 8, 9, 13, 4, 16] 
dagB3.txt 5_4_3_2x5.txt 0.5988023952095808 0.6 44.0 [1, 16, 16, 0, 12, 9, 4, 8, 4, 17, 1, 16, 12, 1, 5, 5, 9, 13, 0, 4, 8, 4, 8, 8, 8, 16, 0, 1, 16, 13, 12, 9, 4, 5, 13, 4, 9, 8, 0, 16, 12, 1, 13, 4, 9, 12, 13, 5, 5, 1, 12, 5, 0, 13, 13] 
dagB3.txt 5_4_3_2x5.txt 0.6467065868263473 0.65 35.8 [4, 4, 6, 1, 12, 16, 5, 0, 12, 4, 4, 6, 12, 8, 2, 9, 0, 8, 4, 9, 5, 12, 5, 12, 16, 4, 17, 9, 4, 8, 16, 1, 0, 2, 13, 5, 0, 16, 1, 13, 10, 8, 8, 0, 0, 0, 8, 9, 2, 8, 16, 9, 17, 1, 13] 
dagB3.txt 5_4_3_2x5.txt 0.5449101796407185 0.55 52.6 [4, 4, 4, 1, 8, 5, 0, 8, 8, 5, 12, 4, 8, 4, 16, 16, 8, 12, 1, 0, 0, 8, 0, 0, 12, 5, 1, 0, 4, 4, 12, 5, 8, 16, 12, 0, 8, 12, 1, 4, 5, 0, 12, 8, 16, 8, 12, 16, 16, 0, 5, 16, 1, 12, 12] 
dagB3.txt 5_4_3_2x5.txt 0.7544910179640718 0.8 27.2 [4, 6, 11, 9, 2, 17, 16, 1, 0, 4, 4, 6, 0, 13, 3, 12, 2, 8, 14, 7, 16, 0, 1, 1, 17, 11, 5, 7, 18, 14, 4, 19, 0, 12, 8, 16, 0, 17, 9, 18, 10, 13, 8, 7, 15, 0, 8, 12, 12, 13, 10, 16, 5, 8, 8] 
dagB3.txt 5_4_3_2x5.txt 0.6946107784431138 0.7 31.0 [17, 17, 14, 5, 8, 0, 16, 4, 1, 9, 13, 14, 1, 17, 6, 18, 8, 12, 5, 16, 4, 3, 4, 4, 16, 9, 2, 13, 17, 12, 0, 9, 1, 6, 12, 16, 8, 4, 5, 10, 0, 13, 12, 1, 8, 1, 12, 18, 6, 13, 0, 10, 2, 12, 13] 
dagB3.txt 4_1x1.txt 0.09580838323353294 0.1 357.0 [0, 0, 0, 0, 0, 0, 0, 0, 0, 0, 0, 1, 0, 0, 0, 0, 0, 0, 0, 0, 0, 0, 0, 0, 0, 0, 0, 0, 0, 0, 1, 0, 0, 0, 0, 0, 0, 0, 0, 1, 1, 0, 0, 0, 0, 0, 0, 0, 0, 0, 1, 0, 0, 0, 0] 
dagB3.txt 5_4_3_2x5.txt 0.7844311377245509 0.9 27.0 [2, 5, 9, 14, 13, 18, 4, 16, 12, 17, 2, 5, 12, 17, 0, 10, 16, 8, 14, 12, 12, 15, 12, 13, 10, 5, 1, 6, 9, 8, 3, 18, 4, 19, 8, 4, 16, 10, 7, 9, 0, 6, 8, 16, 11, 16, 2, 0, 0, 6, 4, 16, 1, 7, 8] 
dagB3.txt 4_1x1.txt 0.1497005988023952 0.15 329.5 [0, 0, 0, 1, 0, 0, 0, 0, 0, 0, 0, 1, 0, 0, 0, 0, 0, 0, 0, 0, 0, 0, 0, 0, 0, 0, 1, 0, 0, 0, 1, 0, 0, 0, 0, 0, 0, 0, 1, 0, 1, 0, 0, 0, 0, 0, 0, 0, 0, 0, 0, 0, 1, 0, 0] 
dagB3.txt 4_1x1.txt 0.19760479041916168 0.6 328.0 [0, 0, 0, 0, 1, 0, 0, 0, 1, 0, 0, 0, 1, 0, 0, 0, 1, 0, 0, 0, 0, 1, 0, 0, 0, 0, 0, 0, 0, 0, 0, 0, 1, 0, 1, 0, 1, 0, 0, 0, 0, 0, 0, 1, 1, 1, 0, 0, 0, 0, 0, 0, 0, 0, 1] 
dagB3.txt 4_1x1.txt 0.16766467065868262 0.2 328.0 [0, 0, 0, 0, 0, 0, 0, 0, 0, 0, 0, 1, 0, 0, 0, 0, 0, 0, 0, 0, 0, 0, 0, 0, 0, 0, 0, 1, 0, 0, 1, 0, 0, 0, 0, 0, 1, 0, 0, 1, 1, 1, 0, 0, 1, 1, 0, 0, 0, 1, 0, 0, 0, 0, 0] 
dagB3.txt 4_1x1.txt 0.1377245508982036 0.3 328.0 [0, 0, 0, 0, 0, 0, 0, 0, 0, 0, 0, 1, 0, 0, 0, 1, 0, 0, 0, 0, 0, 0, 0, 0, 0, 0, 1, 0, 0, 0, 0, 0, 0, 0, 1, 0, 0, 1, 1, 0, 0, 0, 0, 0, 0, 0, 0, 0, 0, 0, 0, 1, 1, 1, 1] 
dagB3.txt 4_1x1.txt 0.16167664670658682 0.4 328.0 [0, 0, 0, 0, 0, 0, 0, 0, 0, 1, 0, 1, 0, 0, 0, 0, 0, 0, 0, 0, 0, 0, 0, 0, 0, 0, 0, 0, 0, 0, 1, 0, 0, 0, 0, 0, 0, 0, 0, 1, 1, 0, 0, 0, 1, 0, 0, 0, 0, 0, 0, 0, 1, 0, 0] 
dagB3.txt 4_1x1.txt 0.19760479041916168 0.5 328.0 [0, 0, 0, 0, 1, 0, 0, 0, 1, 0, 0, 0, 1, 0, 0, 0, 1, 0, 0, 0, 0, 1, 0, 0, 0, 0, 0, 0, 0, 0, 0, 0, 1, 0, 1, 0, 1, 0, 0, 0, 0, 0, 0, 1, 1, 1, 0, 0, 0, 0, 0, 0, 0, 0, 1] 
dagB3.txt 4_1x1.txt 0.16766467065868262 0.25 328.0 [0, 0, 0, 0, 0, 0, 0, 0, 0, 0, 0, 1, 0, 0, 0, 0, 0, 0, 0, 0, 0, 0, 0, 0, 0, 0, 0, 1, 0, 0, 1, 0, 0, 0, 0, 0, 1, 0, 0, 1, 1, 1, 0, 0, 1, 1, 0, 0, 0, 1, 0, 0, 0, 0, 0] 
dagB3.txt 4_1x1.txt 0.16167664670658682 0.35 328.0 [0, 0, 0, 0, 0, 0, 0, 0, 0, 1, 0, 1, 0, 0, 0, 0, 0, 0, 0, 0, 0, 0, 0, 0, 0, 0, 0, 0, 0, 0, 1, 0, 0, 0, 0, 0, 0, 0, 0, 1, 1, 0, 0, 0, 1, 0, 0, 0, 0, 0, 0, 0, 1, 0, 0] 
dagB3.txt 4_1x1.txt 0.19760479041916168 0.55 328.0 [0, 0, 0, 0, 1, 0, 0, 0, 1, 0, 0, 0, 1, 0, 0, 0, 1, 0, 0, 0, 0, 1, 0, 0, 0, 0, 0, 0, 0, 0, 0, 0, 1, 0, 1, 0, 1, 0, 0, 0, 0, 0, 0, 1, 1, 1, 0, 0, 0, 0, 0, 0, 0, 0, 1] 
dagB3.txt 4_1x1.txt 0.19760479041916168 0.65 328.0 [0, 0, 0, 0, 1, 0, 0, 0, 1, 0, 0, 0, 1, 0, 0, 0, 1, 0, 0, 0, 0, 1, 0, 0, 0, 0, 0, 0, 0, 0, 0, 0, 1, 0, 1, 0, 1, 0, 0, 0, 0, 0, 0, 1, 1, 1, 0, 0, 0, 0, 0, 0, 0, 0, 1] 
dagB3.txt 4_1x1.txt 0.19760479041916168 0.7 328.0 [0, 0, 0, 0, 1, 0, 0, 0, 1, 0, 0, 0, 1, 0, 0, 0, 1, 0, 0, 0, 0, 1, 0, 0, 0, 0, 0, 0, 0, 0, 0, 0, 1, 0, 1, 0, 1, 0, 0, 0, 0, 0, 0, 1, 1, 1, 0, 0, 0, 0, 0, 0, 0, 0, 1] 
dagB3.txt 4_1x1.txt 0.12574850299401197 0.45 328.0 [0, 0, 0, 1, 0, 0, 0, 0, 0, 0, 0, 0, 0, 0, 0, 1, 0, 0, 0, 0, 0, 0, 0, 0, 0, 0, 1, 0, 1, 0, 0, 0, 0, 0, 0, 0, 0, 0, 0, 1, 1, 0, 0, 0, 0, 0, 0, 0, 0, 0, 1, 1, 1, 0, 0] 
dagB3.txt 4_1x1.txt 0.19760479041916168 1 328.0 [0, 0, 0, 0, 1, 0, 0, 0, 1, 0, 0, 0, 1, 0, 0, 0, 1, 0, 0, 0, 0, 1, 0, 0, 0, 0, 0, 0, 0, 0, 0, 0, 1, 0, 1, 0, 1, 0, 0, 0, 0, 0, 0, 1, 1, 1, 0, 0, 0, 0, 0, 0, 0, 0, 1] 
dagB3.txt 4_1x1.txt 0.19760479041916168 0.8 328.0 [0, 0, 0, 0, 1, 0, 0, 0, 1, 0, 0, 0, 1, 0, 0, 0, 1, 0, 0, 0, 0, 1, 0, 0, 0, 0, 0, 0, 0, 0, 0, 0, 1, 0, 1, 0, 1, 0, 0, 0, 0, 0, 0, 1, 1, 1, 0, 0, 0, 0, 0, 0, 0, 0, 1] 
dagB3.txt 4_1x1.txt 0.19760479041916168 0.9 328.0 [0, 0, 0, 0, 1, 0, 0, 0, 1, 0, 0, 0, 1, 0, 0, 0, 1, 0, 0, 0, 0, 1, 0, 0, 0, 0, 0, 0, 0, 0, 0, 0, 1, 0, 1, 0, 1, 0, 0, 0, 0, 0, 0, 1, 1, 1, 0, 0, 0, 0, 0, 0, 0, 0, 1] 
dagB3.txt 5_4_3_2x3.txt 0.08982035928143713 0.1 277.8 [0, 0, 0, 0, 0, 0, 0, 0, 0, 0, 0, 4, 0, 0, 0, 0, 0, 0, 0, 0, 0, 0, 0, 0, 0, 0, 4, 0, 0, 0, 0, 0, 0, 0, 8, 0, 0, 0, 0, 0, 4, 0, 0, 0, 0, 0, 0, 0, 0, 0, 0, 0, 4, 0, 8] 
dagB3.txt 5_4_3_2x3.txt 0.1377245508982036 0.15 239.4 [0, 0, 0, 8, 0, 0, 0, 0, 0, 0, 0, 0, 0, 0, 4, 4, 0, 0, 0, 0, 0, 0, 0, 0, 0, 0, 8, 0, 0, 0, 0, 8, 0, 4, 0, 0, 0, 0, 8, 0, 4, 0, 0, 0, 0, 0, 0, 4, 4, 0, 0, 4, 8, 0, 0] 
dagB3.txt 5_4_3_2x3.txt 0.19161676646706588 0.2 227.4 [0, 0, 0, 0, 8, 0, 0, 0, 0, 0, 0, 4, 8, 0, 4, 4, 0, 0, 0, 0, 0, 0, 0, 0, 0, 0, 1, 0, 0, 0, 0, 0, 0, 4, 8, 0, 0, 0, 0, 0, 4, 0, 0, 0, 0, 0, 0, 4, 4, 0, 4, 4, 1, 0, 8] 
dagB3.txt 5_4_3_2x3.txt 0.5449101796407185 0.55 57.0 [1, 0, 1, 6, 2, 0, 8, 4, 4, 6, 9, 1, 2, 1, 5, 5, 4, 0, 0, 8, 8, 4, 8, 8, 0, 6, 9, 8, 1, 0, 2, 6, 4, 5, 9, 8, 4, 0, 0, 1, 2, 4, 0, 4, 4, 4, 0, 5, 5, 4, 2, 5, 9, 0, 9] 
dagB3.txt 5_4_3_2x3.txt 0.49101796407185627 0.5 65.5 [8, 8, 8, 5, 4, 1, 4, 0, 0, 8, 1, 8, 0, 8, 9, 9, 0, 1, 5, 4, 4, 0, 4, 4, 1, 8, 5, 0, 8, 1, 4, 5, 0, 9, 1, 4, 0, 1, 5, 8, 9, 0, 1, 0, 0, 0, 1, 9, 9, 0, 9, 9, 5, 1, 1] 
dagB3.txt 5_4_3_2x3.txt 0.2994011976047904 0.3 154.4 [0, 4, 0, 0, 4, 0, 4, 4, 4, 0, 0, 8, 4, 0, 4, 4, 4, 0, 0, 4, 4, 4, 4, 4, 0, 0, 0, 4, 0, 0, 4, 0, 4, 4, 0, 4, 4, 0, 0, 0, 8, 0, 0, 4, 4, 4, 0, 4, 4, 0, 4, 4, 0, 0, 0] 
dagB3.txt 5_4_3_2x3.txt 0.592814371257485 0.6 49.333333333333336 [10, 1, 1, 9, 3, 8, 4, 0, 2, 10, 10, 1, 2, 10, 5, 5, 0, 8, 9, 4, 4, 2, 4, 3, 8, 1, 6, 4, 1, 8, 4, 9, 0, 5, 8, 4, 0, 6, 9, 1, 2, 0, 8, 0, 0, 0, 8, 5, 5, 0, 4, 5, 6, 8, 10] 
dagB3.txt 5_4_3_2x3.txt 0.38922155688622756 0.4 109.8 [4, 4, 4, 8, 0, 4, 0, 0, 0, 4, 4, 4, 0, 4, 8, 8, 0, 4, 4, 0, 0, 0, 0, 0, 4, 4, 8, 0, 8, 4, 1, 8, 0, 8, 4, 0, 0, 8, 8, 8, 8, 4, 4, 0, 0, 0, 4, 8, 8, 4, 8, 8, 8, 4, 4] 
dagB3.txt 5_4_3_2x3.txt 0.6826347305389222 0.7 44.0 [4, 2, 2, 1, 8, 0, 0, 6, 9, 5, 4, 2, 9, 5, 10, 0, 8, 8, 0, 6, 7, 4, 7, 6, 0, 2, 1, 6, 11, 8, 4, 1, 9, 10, 8, 4, 9, 0, 11, 5, 3, 5, 8, 6, 9, 9, 8, 10, 10, 5, 4, 0, 4, 8, 9] 
dagB3.txt 5_4_3_2x3.txt 0.6287425149700598 0.65 45.666666666666664 [5, 5, 5, 0, 6, 9, 10, 4, 6, 10, 8, 5, 6, 5, 3, 2, 4, 8, 0, 2, 1, 6, 1, 4, 1, 0, 10, 2, 5, 8, 9, 0, 4, 3, 8, 1, 4, 1, 0, 7, 9, 8, 8, 4, 4, 4, 8, 2, 3, 8, 9, 2, 11, 0, 8] 
dagB3.txt 5_4_3_2x3.txt 0.3473053892215569 0.35 110.4 [4, 4, 4, 8, 0, 8, 0, 0, 0, 4, 4, 4, 0, 4, 8, 8, 0, 4, 8, 0, 0, 0, 0, 0, 4, 4, 8, 0, 4, 4, 0, 8, 0, 8, 4, 0, 0, 8, 8, 4, 8, 4, 4, 0, 0, 0, 4, 8, 8, 4, 8, 8, 8, 4, 4] 
dagB3.txt 5_4_3_2x3.txt 0.4491017964071856 0.45 89.0 [1, 1, 1, 0, 4, 4, 8, 8, 8, 1, 1, 5, 4, 1, 0, 0, 4, 1, 0, 8, 8, 8, 8, 8, 8, 1, 0, 4, 1, 1, 4, 4, 8, 0, 0, 8, 4, 8, 0, 1, 4, 4, 1, 8, 4, 4, 1, 0, 0, 4, 4, 8, 0, 1, 0] 
dagB3.txt 5_4_3_2x3.txt 0.23952095808383234 0.25 173.8 [4, 4, 4, 4, 0, 0, 0, 0, 0, 4, 4, 4, 0, 4, 0, 0, 0, 4, 4, 0, 0, 0, 0, 0, 0, 4, 4, 4, 4, 4, 0, 4, 0, 0, 4, 0, 0, 0, 4, 4, 0, 4, 4, 0, 0, 0, 4, 0, 0, 4, 0, 0, 4, 4, 4] 
dagB3.txt 5_4_3_2x3.txt 0.6946107784431138 1 43.333333333333336 [5, 5, 3, 10, 7, 0, 8, 8, 0, 9, 4, 0, 4, 9, 1, 1, 0, 5, 5, 6, 8, 7, 8, 6, 8, 4, 10, 6, 5, 2, 4, 10, 0, 1, 5, 8, 4, 8, 9, 3, 11, 2, 4, 6, 0, 4, 4, 1, 1, 2, 11, 6, 9, 2, 4] 
dagB3.txt 5_4_3_2x3.txt 0.7485029940119761 0.8 42.5 [4, 1, 7, 3, 8, 6, 11, 8, 4, 0, 0, 7, 4, 1, 5, 1, 0, 8, 4, 2, 8, 4, 8, 5, 5, 1, 10, 2, 4, 4, 6, 6, 9, 8, 9, 11, 9, 5, 3, 0, 2, 8, 4, 2, 9, 4, 0, 5, 1, 2, 0, 1, 10, 5, 9] 
dagB3.txt 5_4_3_2x3.txt 0.7245508982035929 0.9 43.25 [1, 2, 2, 9, 0, 8, 5, 10, 9, 6, 1, 2, 0, 4, 11, 8, 4, 0, 6, 10, 7, 9, 7, 10, 9, 2, 5, 10, 1, 4, 3, 11, 0, 5, 0, 9, 4, 9, 6, 1, 1, 1, 0, 10, 4, 0, 0, 8, 8, 4, 8, 8, 5, 4, 0] 
dagB3.txt 4_1x4.txt 0.07784431137724551 0.1 348.25 [6, 6, 6, 6, 6, 6, 6, 6, 6, 6, 6, 0, 6, 6, 6, 6, 6, 6, 6, 6, 6, 6, 6, 6, 6, 6, 2, 6, 6, 6, 6, 6, 6, 6, 0, 6, 6, 6, 6, 6, 6, 6, 6, 6, 4, 6, 6, 6, 6, 6, 6, 6, 2, 6, 0] 
dagB3.txt 4_1x4.txt 0.1377245508982036 0.15 299.25 [0, 0, 0, 4, 0, 0, 0, 0, 0, 0, 0, 0, 0, 0, 2, 2, 0, 0, 0, 0, 0, 0, 0, 0, 0, 0, 4, 0, 0, 0, 0, 4, 0, 2, 0, 0, 0, 0, 4, 0, 2, 0, 0, 0, 0, 0, 0, 2, 2, 0, 0, 2, 4, 0, 0] 
dagB3.txt 4_1x4.txt 0.3473053892215569 0.35 138.0 [2, 2, 2, 4, 0, 4, 0, 0, 0, 2, 2, 2, 0, 2, 4, 4, 0, 2, 4, 0, 0, 0, 0, 0, 2, 2, 4, 0, 2, 2, 0, 4, 0, 4, 2, 0, 0, 4, 4, 2, 4, 2, 2, 0, 0, 0, 2, 4, 4, 2, 4, 4, 4, 2, 2] 
dagB3.txt 4_1x4.txt 0.49101796407185627 0.5 97.75 [6, 0, 0, 6, 2, 6, 4, 2, 2, 6, 0, 6, 2, 0, 4, 4, 2, 0, 6, 2, 1, 2, 1, 2, 0, 6, 4, 2, 3, 0, 6, 6, 2, 4, 0, 2, 2, 4, 6, 3, 4, 0, 0, 2, 2, 2, 0, 4, 4, 0, 0, 4, 4, 0, 0] 
dagB3.txt 4_1x4.txt 0.5029940119760479 0.55 92.0 [6, 6, 6, 0, 2, 2, 4, 4, 4, 6, 6, 7, 2, 6, 0, 0, 2, 6, 0, 4, 4, 4, 4, 3, 4, 6, 0, 2, 6, 6, 2, 2, 4, 0, 0, 4, 2, 4, 0, 6, 5, 2, 6, 4, 2, 2, 6, 0, 0, 2, 2, 4, 1, 6, 0] 
dagB3.txt 4_1x4.txt 0.19161676646706588 0.2 265.5 [0, 0, 0, 2, 0, 0, 0, 0, 0, 0, 0, 2, 0, 0, 2, 2, 0, 0, 0, 0, 0, 0, 0, 0, 0, 0, 2, 0, 2, 0, 0, 2, 0, 2, 0, 0, 0, 2, 2, 2, 2, 0, 0, 0, 0, 0, 0, 2, 2, 0, 0, 2, 2, 2, 0] 
dagB3.txt 4_1x4.txt 0.2934131736526946 0.3 193.0 [2, 2, 2, 2, 0, 0, 0, 0, 0, 2, 2, 4, 0, 2, 2, 0, 0, 2, 2, 0, 0, 0, 0, 0, 0, 2, 2, 0, 2, 2, 0, 2, 0, 0, 2, 0, 0, 0, 2, 2, 4, 2, 2, 0, 0, 0, 2, 2, 0, 2, 0, 0, 2, 2, 2] 
dagB3.txt 4_1x4.txt 0.437125748502994 0.45 103.0 [6, 6, 6, 0, 2, 2, 4, 4, 4, 6, 6, 6, 2, 6, 0, 0, 2, 6, 0, 4, 4, 4, 4, 4, 4, 6, 0, 2, 6, 6, 2, 2, 4, 0, 0, 4, 2, 4, 0, 6, 2, 2, 6, 4, 2, 2, 6, 0, 0, 2, 2, 4, 1, 6, 0] 
dagB3.txt 4_1x4.txt 0.38922155688622756 0.4 137.25 [2, 2, 2, 4, 0, 2, 0, 0, 0, 2, 2, 2, 0, 2, 4, 4, 0, 2, 2, 0, 0, 0, 0, 0, 2, 2, 4, 0, 4, 2, 6, 4, 0, 4, 2, 0, 0, 4, 4, 4, 4, 2, 2, 0, 0, 0, 2, 4, 4, 2, 4, 4, 4, 2, 2] 
dagB3.txt 4_1x4.txt 0.23952095808383234 0.25 217.25 [2, 2, 2, 2, 0, 0, 0, 0, 0, 2, 2, 2, 0, 2, 0, 0, 0, 2, 2, 0, 0, 0, 0, 0, 0, 2, 2, 2, 2, 2, 0, 2, 0, 0, 2, 0, 0, 0, 2, 2, 0, 2, 2, 0, 0, 0, 2, 0, 0, 2, 0, 0, 2, 2, 2] 
dagB3.txt 4_1x4.txt 0.5988023952095808 0.6 88.25 [2, 0, 0, 2, 2, 4, 0, 6, 6, 3, 0, 4, 6, 3, 4, 5, 6, 0, 4, 6, 2, 6, 6, 2, 6, 0, 2, 1, 0, 2, 4, 2, 6, 4, 0, 6, 6, 5, 0, 7, 4, 1, 0, 6, 0, 6, 0, 4, 4, 1, 6, 5, 2, 5, 0] 
dagB3.txt 4_1x4.txt 0.6287425149700598 0.65 86.75 [0, 6, 6, 1, 2, 4, 6, 2, 2, 4, 0, 5, 2, 6, 3, 0, 2, 0, 4, 2, 5, 2, 0, 4, 0, 4, 6, 2, 6, 4, 6, 1, 2, 3, 0, 0, 2, 0, 4, 6, 6, 2, 4, 2, 7, 2, 0, 0, 3, 2, 4, 0, 4, 0, 0] 
dagB3.txt 4_1x4.txt 0.6766467065868264 0.7 86.0 [6, 4, 4, 0, 1, 6, 2, 6, 0, 2, 6, 7, 0, 0, 4, 2, 1, 6, 3, 2, 7, 6, 6, 2, 6, 4, 0, 0, 4, 0, 4, 4, 0, 6, 5, 6, 0, 2, 3, 4, 4, 6, 5, 2, 2, 0, 6, 4, 2, 0, 6, 2, 0, 2, 5] 
dagB3.txt 4_1x4.txt 0.6227544910179641 1 86.25 [6, 6, 4, 4, 6, 6, 4, 0, 2, 3, 2, 6, 6, 4, 7, 5, 0, 1, 3, 4, 0, 0, 0, 0, 4, 4, 2, 2, 6, 1, 6, 4, 2, 7, 2, 4, 2, 2, 4, 0, 6, 2, 1, 0, 0, 2, 1, 5, 7, 2, 6, 0, 2, 2, 2] 
dagB3.txt 4_1x2.txt 0.0718562874251497 0.1 351.5 [0, 0, 0, 0, 0, 0, 0, 0, 0, 0, 0, 2, 0, 0, 0, 0, 0, 0, 0, 0, 0, 0, 0, 0, 0, 0, 2, 0, 0, 0, 0, 0, 0, 0, 0, 0, 0, 0, 0, 0, 2, 0, 0, 0, 1, 0, 0, 0, 0, 0, 0, 0, 2, 0, 0] 
dagB3.txt 4_1x4.txt 0.6586826347305389 0.8 88.25 [2, 4, 4, 6, 2, 0, 6, 2, 4, 7, 0, 1, 2, 1, 4, 4, 4, 0, 0, 4, 3, 5, 0, 2, 2, 6, 6, 2, 6, 0, 3, 2, 4, 4, 0, 0, 2, 6, 6, 6, 5, 2, 0, 4, 2, 2, 0, 4, 4, 2, 0, 4, 6, 0, 0] 
dagB3.txt 4_1x4.txt 0.6586826347305389 0.9 85.0 [0, 3, 7, 1, 2, 6, 6, 4, 2, 4, 6, 7, 2, 3, 4, 0, 4, 0, 4, 2, 4, 2, 4, 6, 0, 3, 2, 2, 0, 5, 6, 6, 2, 4, 5, 2, 0, 6, 1, 0, 6, 4, 0, 2, 0, 2, 0, 0, 4, 2, 4, 0, 2, 5, 6] 
dagB3.txt 4_1x2.txt 0.1377245508982036 0.15 299.25 [0, 0, 0, 1, 0, 0, 0, 0, 0, 0, 0, 0, 0, 0, 2, 2, 0, 0, 0, 0, 0, 0, 0, 0, 0, 0, 1, 0, 0, 0, 0, 1, 0, 2, 0, 0, 0, 0, 1, 0, 2, 0, 0, 0, 0, 0, 0, 2, 2, 0, 0, 2, 1, 0, 0] 
dagB3.txt 4_1x2.txt 0.49700598802395207 0.5 167.5 [0, 0, 0, 2, 3, 0, 2, 0, 0, 2, 0, 3, 2, 3, 1, 1, 0, 0, 2, 0, 0, 2, 0, 2, 0, 0, 2, 1, 0, 0, 2, 2, 0, 1, 0, 0, 0, 0, 2, 2, 2, 0, 0, 0, 2, 2, 0, 1, 1, 0, 2, 3, 2, 2, 0] 
dagB3.txt 4_1x2.txt 0.19161676646706588 0.2 265.5 [0, 0, 0, 2, 0, 0, 0, 0, 0, 0, 0, 2, 0, 0, 2, 2, 0, 0, 0, 0, 0, 0, 0, 0, 0, 0, 2, 0, 2, 0, 0, 2, 0, 2, 0, 0, 0, 2, 2, 2, 2, 0, 0, 0, 0, 0, 0, 2, 2, 0, 0, 2, 2, 2, 0] 
dagB3.txt 4_1x2.txt 0.3772455089820359 0.45 169.75 [2, 2, 2, 2, 0, 0, 0, 0, 0, 2, 2, 3, 0, 2, 2, 0, 0, 2, 2, 0, 0, 0, 0, 3, 0, 2, 2, 0, 2, 2, 1, 2, 0, 0, 2, 0, 0, 0, 2, 1, 1, 2, 2, 0, 0, 0, 2, 2, 0, 2, 0, 0, 3, 2, 2] 
dagB3.txt 4_1x2.txt 0.3772455089820359 0.4 168.0 [2, 2, 2, 2, 1, 2, 0, 0, 0, 2, 0, 3, 0, 2, 0, 0, 0, 2, 2, 0, 0, 0, 0, 1, 2, 2, 3, 0, 2, 2, 2, 2, 0, 0, 2, 0, 0, 0, 2, 2, 1, 0, 2, 0, 0, 0, 2, 0, 0, 0, 1, 0, 3, 2, 2] 
dagB3.txt 4_1x2.txt 0.3473053892215569 0.35 178.75 [0, 0, 0, 0, 2, 0, 0, 0, 2, 0, 0, 3, 2, 0, 2, 2, 2, 0, 0, 2, 0, 2, 0, 0, 0, 0, 1, 2, 0, 0, 1, 2, 2, 2, 2, 2, 2, 0, 0, 3, 2, 2, 0, 2, 2, 2, 0, 2, 2, 2, 2, 2, 1, 0, 2] 
dagB3.txt 4_1x2.txt 0.4251497005988024 0.55 166.0 [0, 0, 0, 2, 1, 0, 2, 2, 2, 2, 0, 2, 2, 0, 3, 0, 0, 0, 0, 2, 2, 2, 2, 2, 2, 0, 2, 2, 0, 0, 1, 0, 2, 3, 0, 2, 0, 0, 0, 2, 1, 0, 0, 2, 0, 2, 0, 3, 3, 0, 1, 2, 3, 0, 0] 
dagB3.txt 4_1x2.txt 0.2934131736526946 0.3 193.0 [2, 2, 2, 2, 0, 0, 0, 0, 0, 2, 2, 1, 0, 2, 2, 0, 0, 2, 2, 0, 0, 0, 0, 0, 0, 2, 2, 0, 2, 2, 0, 2, 0, 0, 2, 0, 0, 0, 2, 2, 1, 2, 2, 0, 0, 0, 2, 2, 0, 2, 0, 0, 2, 2, 2] 
dagB3.txt 4_1x2.txt 0.23952095808383234 0.25 217.25 [2, 2, 2, 2, 0, 0, 0, 0, 0, 2, 2, 2, 0, 2, 0, 0, 0, 2, 2, 0, 0, 0, 0, 0, 0, 2, 2, 2, 2, 2, 0, 2, 0, 0, 2, 0, 0, 0, 2, 2, 0, 2, 2, 0, 0, 0, 2, 0, 0, 2, 0, 0, 2, 2, 2] 
dagB3.txt 4_1x2.txt 0.5808383233532934 0.7 164.75 [0, 0, 0, 2, 2, 1, 2, 0, 0, 2, 0, 1, 0, 2, 0, 0, 0, 0, 2, 0, 2, 2, 3, 2, 2, 0, 2, 0, 0, 1, 3, 2, 3, 0, 2, 0, 0, 0, 2, 3, 1, 0, 0, 0, 2, 0, 0, 0, 0, 0, 0, 0, 2, 0, 0] 
dagB3.txt 4_1x2.txt 0.4550898203592814 1 164.25 [3, 0, 1, 3, 2, 0, 2, 2, 0, 2, 0, 1, 0, 0, 1, 0, 2, 2, 2, 0, 2, 0, 2, 0, 0, 0, 0, 0, 3, 2, 2, 3, 2, 1, 2, 0, 2, 0, 2, 3, 0, 0, 2, 2, 2, 2, 2, 0, 1, 0, 2, 0, 0, 2, 0] 
dagB3.txt 4_1x2.txt 0.5808383233532934 0.65 164.75 [0, 0, 0, 2, 2, 1, 2, 0, 0, 2, 0, 1, 0, 2, 0, 0, 0, 0, 2, 0, 2, 2, 3, 2, 2, 0, 2, 0, 0, 1, 3, 2, 3, 0, 2, 0, 0, 0, 2, 3, 1, 0, 0, 0, 2, 0, 0, 0, 0, 0, 0, 0, 2, 0, 0] 
dagB3.txt 4_1x2.txt 0.5808383233532934 0.6 164.75 [0, 0, 0, 2, 2, 1, 2, 0, 0, 2, 0, 1, 0, 2, 0, 0, 0, 0, 2, 0, 2, 2, 3, 2, 2, 0, 2, 0, 0, 1, 3, 2, 3, 0, 2, 0, 0, 0, 2, 3, 1, 0, 0, 0, 2, 0, 0, 0, 0, 0, 0, 0, 2, 0, 0] 
dagB3.txt 4_1x2.txt 0.5808383233532934 0.8 164.75 [0, 0, 0, 2, 2, 1, 2, 0, 0, 2, 0, 1, 0, 2, 0, 0, 0, 0, 2, 0, 2, 2, 3, 2, 2, 0, 2, 0, 0, 1, 3, 2, 3, 0, 2, 0, 0, 0, 2, 3, 1, 0, 0, 0, 2, 0, 0, 0, 0, 0, 0, 0, 2, 0, 0] 
dagB3.txt 3_2x2.txt 0.08982035928143713 0.1 463.0 [0, 0, 0, 0, 0, 0, 0, 0, 0, 0, 0, 2, 0, 0, 0, 0, 0, 0, 0, 0, 0, 0, 0, 0, 0, 0, 2, 0, 0, 0, 0, 0, 0, 0, 1, 0, 0, 0, 0, 0, 2, 0, 0, 0, 0, 0, 0, 0, 0, 0, 0, 0, 2, 0, 1] 
dagB3.txt 4_1x2.txt 0.41317365269461076 0.9 164.5 [0, 0, 0, 2, 2, 2, 0, 2, 0, 2, 0, 2, 0, 0, 2, 3, 2, 0, 2, 0, 0, 0, 0, 2, 0, 2, 3, 0, 0, 0, 1, 2, 2, 2, 0, 0, 2, 3, 2, 0, 1, 0, 0, 2, 2, 2, 0, 3, 2, 0, 1, 3, 1, 3, 0] 
dagB3.txt 3_2x2.txt 0.1377245508982036 0.15 399.0 [0, 0, 0, 1, 0, 0, 0, 0, 0, 0, 0, 0, 0, 0, 2, 2, 0, 0, 0, 0, 0, 0, 0, 0, 0, 0, 1, 0, 0, 0, 0, 1, 0, 2, 0, 0, 0, 0, 1, 0, 2, 0, 0, 0, 0, 0, 0, 2, 2, 0, 0, 2, 1, 0, 0] 
dagB3.txt 3_2x2.txt 0.46706586826347307 0.55 166.5 [1, 1, 1, 0, 2, 3, 3, 2, 2, 1, 0, 1, 2, 1, 0, 0, 2, 0, 0, 3, 3, 2, 3, 3, 3, 1, 0, 2, 1, 0, 2, 2, 2, 0, 0, 3, 2, 0, 0, 1, 3, 2, 0, 2, 2, 2, 0, 0, 0, 2, 2, 2, 1, 0, 0] 
dagB3.txt 3_2x2.txt 0.4491017964071856 0.5 168.33333333333334 [2, 2, 2, 3, 0, 2, 0, 0, 0, 2, 2, 3, 0, 2, 1, 1, 0, 2, 2, 0, 0, 0, 0, 0, 2, 2, 3, 0, 1, 2, 3, 1, 0, 1, 2, 0, 0, 1, 1, 3, 3, 2, 2, 0, 0, 0, 2, 1, 1, 2, 1, 1, 3, 2, 2] 
dagB3.txt 3_2x2.txt 0.39520958083832336 0.4 183.0 [2, 2, 2, 2, 0, 1, 0, 0, 0, 2, 1, 2, 0, 2, 3, 3, 0, 1, 2, 0, 0, 0, 0, 0, 1, 2, 1, 0, 2, 1, 2, 2, 0, 3, 1, 0, 0, 1, 2, 2, 3, 0, 1, 0, 0, 0, 1, 3, 3, 0, 3, 3, 1, 1, 1] 
dagB3.txt 3_2x2.txt 0.2994011976047904 0.3 258.0 [2, 2, 2, 2, 0, 0, 0, 0, 0, 2, 2, 1, 0, 2, 0, 0, 0, 2, 2, 0, 0, 0, 0, 0, 0, 2, 2, 2, 2, 2, 2, 2, 0, 0, 2, 0, 0, 0, 2, 2, 1, 2, 2, 0, 0, 0, 2, 0, 0, 2, 0, 0, 2, 2, 2] 
dagB3.txt 3_2x2.txt 0.3473053892215569 0.35 238.33333333333334 [0, 0, 0, 0, 2, 0, 0, 0, 2, 0, 0, 1, 2, 0, 2, 2, 2, 0, 0, 2, 0, 2, 0, 0, 0, 0, 1, 2, 0, 0, 1, 2, 2, 2, 2, 2, 2, 0, 0, 1, 2, 2, 0, 2, 2, 2, 0, 2, 2, 2, 2, 2, 1, 0, 2] 
dagB3.txt 3_2x2.txt 0.18562874251497005 0.2 379.0 [0, 0, 0, 0, 2, 0, 0, 0, 0, 0, 0, 2, 2, 0, 2, 2, 0, 0, 0, 0, 0, 0, 0, 0, 0, 0, 1, 0, 0, 0, 0, 0, 0, 2, 2, 0, 0, 0, 0, 0, 2, 0, 0, 0, 0, 0, 0, 2, 2, 0, 2, 2, 1, 0, 2] 
dagB3.txt 3_2x2.txt 0.4491017964071856 0.45 168.33333333333334 [2, 2, 2, 3, 0, 2, 0, 0, 0, 2, 2, 3, 0, 2, 1, 1, 0, 2, 2, 0, 0, 0, 0, 0, 2, 2, 3, 0, 1, 2, 3, 1, 0, 1, 2, 0, 0, 1, 1, 3, 3, 2, 2, 0, 0, 0, 2, 1, 1, 2, 1, 1, 3, 2, 2] 
dagB3.txt 3_2x2.txt 0.23952095808383234 0.25 289.6666666666667 [2, 2, 2, 2, 0, 0, 0, 0, 0, 2, 2, 2, 0, 2, 0, 0, 0, 2, 2, 0, 0, 0, 0, 0, 0, 2, 2, 2, 2, 2, 0, 2, 0, 0, 2, 0, 0, 0, 2, 2, 0, 2, 2, 0, 0, 0, 2, 0, 0, 2, 0, 0, 2, 2, 2] 
dagB3.txt 3_2x2.txt 0.5508982035928144 0.7 167.0 [2, 1, 1, 0, 3, 0, 0, 2, 3, 2, 2, 1, 2, 1, 1, 1, 3, 2, 2, 3, 0, 3, 0, 3, 0, 0, 0, 2, 0, 2, 1, 2, 3, 1, 2, 0, 2, 0, 0, 0, 3, 2, 2, 3, 2, 2, 2, 1, 1, 2, 0, 3, 0, 2, 2] 
dagB3.txt 3_2x2.txt 0.46706586826347307 0.65 166.33333333333334 [1, 1, 0, 1, 2, 2, 0, 0, 0, 2, 2, 1, 1, 0, 3, 3, 0, 2, 2, 0, 0, 0, 0, 3, 0, 1, 2, 0, 1, 2, 2, 1, 0, 3, 2, 0, 0, 2, 2, 1, 3, 0, 2, 0, 3, 1, 2, 3, 3, 0, 2, 3, 1, 2, 2] 
dagB3.txt 3_2x2.txt 0.5029940119760479 1 166.33333333333334 [0, 1, 1, 0, 2, 2, 3, 3, 0, 0, 0, 1, 2, 1, 2, 2, 3, 1, 0, 0, 0, 0, 0, 2, 3, 1, 0, 3, 1, 1, 3, 0, 2, 2, 2, 3, 3, 0, 0, 1, 2, 3, 1, 2, 3, 2, 1, 2, 2, 3, 2, 2, 0, 1, 2] 
dagB3.txt 3_2x2.txt 0.5508982035928144 0.6 167.0 [2, 1, 1, 0, 3, 0, 0, 2, 3, 2, 2, 1, 2, 1, 1, 1, 3, 2, 2, 3, 0, 3, 0, 3, 0, 0, 0, 2, 0, 2, 1, 2, 3, 1, 2, 0, 2, 0, 0, 0, 3, 2, 2, 3, 2, 2, 2, 1, 1, 2, 0, 3, 0, 2, 2] 
dagB3.txt 3_2x2.txt 0.5508982035928144 0.8 167.0 [2, 1, 1, 0, 3, 0, 0, 2, 3, 2, 2, 1, 2, 1, 1, 1, 3, 2, 2, 3, 0, 3, 0, 3, 0, 0, 0, 2, 0, 2, 1, 2, 3, 1, 2, 0, 2, 0, 0, 0, 3, 2, 2, 3, 2, 2, 2, 1, 1, 2, 0, 3, 0, 2, 2] 
dagB3.txt 3_2x2.txt 0.5269461077844312 0.9 165.66666666666666 [1, 1, 1, 2, 3, 2, 0, 0, 3, 2, 0, 1, 3, 1, 2, 1, 3, 0, 2, 0, 2, 3, 2, 0, 0, 2, 1, 0, 1, 2, 2, 2, 3, 2, 3, 0, 0, 0, 0, 1, 3, 2, 0, 3, 0, 3, 0, 0, 2, 2, 3, 1, 0, 0, 3] 
dagB3.txt 5_4_3_2x1.txt 0.0718562874251497 0.1 281.2 [0, 0, 0, 0, 0, 0, 0, 0, 0, 0, 0, 1, 0, 0, 0, 0, 0, 0, 0, 0, 0, 0, 0, 0, 0, 0, 1, 0, 0, 0, 0, 0, 0, 0, 0, 0, 0, 0, 0, 0, 1, 0, 0, 0, 2, 0, 0, 0, 0, 0, 0, 0, 1, 0, 0] 
dagB3.txt 5_4_3_2x1.txt 0.1377245508982036 0.15 235.2 [0, 0, 0, 1, 0, 0, 0, 0, 0, 0, 0, 0, 0, 0, 1, 1, 0, 0, 0, 0, 0, 0, 0, 0, 0, 0, 1, 0, 0, 0, 0, 1, 0, 1, 0, 0, 0, 0, 1, 0, 1, 0, 0, 0, 0, 0, 0, 1, 1, 0, 1, 1, 1, 0, 0] 
dagB3.txt 5_4_3_2x1.txt 0.2934131736526946 0.3 159.4 [0, 1, 1, 1, 0, 1, 0, 0, 0, 0, 0, 2, 0, 0, 1, 1, 0, 1, 1, 0, 0, 0, 0, 0, 1, 1, 2, 0, 1, 1, 0, 1, 0, 1, 1, 0, 0, 1, 1, 2, 2, 0, 1, 0, 0, 0, 1, 1, 1, 0, 0, 0, 2, 1, 0] 
dagB3.txt 5_4_3_2x1.txt 0.49101796407185627 0.6 118.4 [1, 1, 1, 2, 1, 2, 2, 0, 0, 1, 1, 3, 0, 1, 2, 2, 0, 0, 0, 0, 0, 0, 0, 1, 0, 2, 1, 1, 1, 1, 3, 2, 0, 2, 0, 0, 0, 0, 0, 3, 3, 1, 0, 0, 3, 0, 0, 2, 0, 1, 2, 2, 1, 0, 0] 
dagB3.txt 5_4_3_2x1.txt 0.4550898203592814 0.55 118.8 [0, 0, 0, 1, 0, 0, 2, 1, 1, 1, 3, 3, 0, 0, 2, 2, 1, 0, 0, 2, 2, 1, 2, 1, 0, 1, 3, 2, 0, 0, 0, 1, 1, 2, 3, 2, 1, 0, 0, 0, 0, 1, 0, 1, 1, 1, 0, 2, 2, 1, 0, 2, 3, 0, 3] 
dagB3.txt 5_4_3_2x1.txt 0.19760479041916168 0.2 214.0 [0, 0, 0, 1, 0, 1, 0, 0, 0, 0, 0, 1, 0, 0, 1, 1, 0, 0, 0, 0, 0, 0, 0, 0, 0, 0, 1, 0, 0, 0, 0, 1, 0, 1, 0, 0, 0, 1, 1, 0, 1, 0, 0, 0, 0, 0, 0, 1, 1, 0, 1, 1, 1, 1, 0] 
dagB3.txt 5_4_3_2x1.txt 0.49700598802395207 0.5 119.0 [0, 1, 1, 2, 2, 0, 1, 0, 0, 1, 0, 3, 2, 0, 1, 1, 0, 2, 0, 1, 0, 0, 0, 1, 0, 2, 2, 1, 1, 0, 3, 1, 0, 1, 2, 0, 0, 0, 2, 3, 3, 0, 0, 0, 3, 2, 0, 1, 1, 0, 2, 1, 2, 2, 0] 
dagB3.txt 5_4_3_2x1.txt 0.4311377245508982 0.45 122.4 [1, 1, 1, 2, 0, 1, 1, 0, 0, 0, 1, 2, 0, 0, 3, 3, 0, 1, 2, 0, 0, 0, 0, 1, 1, 1, 2, 0, 1, 1, 2, 2, 0, 3, 1, 0, 0, 1, 2, 3, 0, 0, 1, 0, 0, 0, 1, 3, 3, 0, 0, 3, 2, 1, 1] 
dagB3.txt 5_4_3_2x1.txt 0.33532934131736525 0.35 156.6 [0, 0, 0, 0, 1, 0, 0, 0, 1, 0, 0, 2, 1, 0, 1, 1, 1, 0, 0, 1, 0, 1, 0, 0, 0, 0, 2, 1, 0, 0, 0, 1, 1, 1, 1, 1, 1, 0, 0, 0, 2, 1, 0, 1, 2, 1, 0, 1, 1, 1, 1, 1, 2, 0, 1] 
dagB3.txt 5_4_3_2x1.txt 0.23952095808383234 0.25 192.5 [1, 1, 1, 1, 0, 0, 0, 0, 0, 1, 1, 1, 0, 1, 0, 0, 0, 1, 1, 0, 0, 0, 0, 0, 0, 1, 1, 1, 1, 1, 0, 1, 0, 0, 1, 0, 0, 0, 1, 1, 0, 1, 1, 0, 0, 0, 1, 0, 0, 1, 0, 0, 1, 1, 1] 
dagB3.txt 5_4_3_2x1.txt 0.5269461077844312 0.65 118.4 [2, 2, 0, 1, 2, 0, 1, 0, 0, 1, 2, 3, 0, 2, 0, 1, 0, 0, 0, 0, 3, 0, 0, 1, 0, 0, 1, 2, 2, 2, 3, 1, 0, 0, 2, 0, 0, 1, 1, 3, 3, 2, 0, 0, 2, 0, 0, 1, 0, 2, 0, 1, 1, 1, 2] 
dagB3.txt 5_4_3_2x1.txt 0.5329341317365269 0.7 119.0 [2, 0, 2, 1, 1, 1, 0, 0, 0, 3, 2, 3, 1, 2, 0, 0, 0, 2, 1, 0, 0, 0, 0, 3, 0, 2, 1, 0, 2, 2, 1, 1, 0, 1, 2, 0, 0, 2, 1, 2, 3, 0, 2, 0, 0, 0, 2, 2, 0, 0, 1, 3, 1, 1, 1] 
dagB3.txt 5_4_3_2x1.txt 0.5329341317365269 1 118.66666666666667 [3, 3, 0, 2, 1, 1, 1, 0, 1, 0, 2, 3, 1, 3, 0, 3, 0, 2, 2, 1, 0, 0, 0, 0, 1, 0, 1, 1, 3, 2, 2, 1, 1, 0, 2, 0, 1, 2, 2, 0, 0, 1, 2, 0, 0, 1, 2, 3, 0, 1, 0, 3, 1, 2, 2] 
dagB3.txt 5_4_3_2x1.txt 0.3772455089820359 0.4 122.5 [1, 1, 1, 1, 0, 2, 0, 0, 0, 1, 2, 1, 0, 1, 3, 3, 0, 2, 1, 0, 0, 0, 0, 0, 2, 1, 2, 0, 1, 2, 0, 1, 0, 3, 2, 0, 0, 2, 1, 1, 3, 0, 2, 0, 0, 0, 2, 3, 3, 0, 3, 3, 2, 2, 2] 
dagB3.txt 5_4_3_2x1.txt 0.5269461077844312 0.8 117.4 [2, 1, 2, 0, 0, 3, 1, 1, 2, 0, 2, 2, 2, 1, 0, 1, 0, 1, 0, 1, 0, 2, 0, 0, 1, 0, 0, 1, 2, 1, 3, 3, 0, 0, 1, 1, 0, 0, 0, 2, 3, 1, 2, 1, 3, 0, 2, 1, 0, 1, 3, 1, 2, 1, 2] 
dagB3.txt 5_4_3_2x1.txt 0.6646706586826348 0.9 119.2 [0, 0, 0, 1, 1, 1, 3, 0, 0, 2, 0, 3, 0, 1, 0, 0, 1, 0, 2, 0, 1, 1, 2, 3, 2, 0, 3, 0, 0, 2, 2, 1, 2, 0, 1, 0, 0, 0, 1, 2, 3, 0, 0, 0, 1, 0, 0, 0, 0, 0, 0, 1, 2, 0, 0] 
dagB3.txt 5_4_3_2x4.txt 0.08982035928143713 0.1 273.8 [12, 12, 12, 12, 12, 12, 12, 12, 12, 12, 12, 0, 12, 12, 12, 12, 12, 12, 12, 12, 12, 12, 12, 12, 12, 12, 12, 12, 5, 12, 12, 12, 12, 12, 12, 12, 12, 12, 12, 4, 0, 12, 12, 12, 1, 12, 12, 12, 12, 12, 0, 12, 8, 12, 12] 
dagB3.txt 5_4_3_2x4.txt 0.1377245508982036 0.15 239.4 [0, 0, 0, 8, 0, 0, 0, 0, 0, 0, 0, 0, 0, 0, 4, 4, 0, 0, 0, 0, 0, 0, 0, 0, 0, 0, 8, 0, 0, 0, 0, 8, 0, 4, 0, 0, 0, 0, 8, 0, 4, 0, 0, 0, 0, 0, 0, 4, 4, 0, 0, 4, 8, 0, 0] 
dagB3.txt 5_4_3_2x4.txt 0.49700598802395207 0.5 61.25 [8, 8, 8, 1, 4, 12, 4, 0, 0, 8, 12, 8, 0, 8, 5, 5, 0, 12, 1, 4, 4, 0, 4, 4, 12, 8, 1, 0, 8, 12, 4, 1, 0, 5, 12, 4, 0, 12, 1, 8, 5, 0, 12, 0, 0, 0, 12, 5, 5, 0, 5, 5, 9, 12, 12] 
dagB3.txt 5_4_3_2x4.txt 0.19161676646706588 0.2 227.4 [0, 0, 0, 0, 8, 0, 0, 0, 0, 0, 0, 4, 8, 0, 4, 4, 0, 0, 0, 0, 0, 0, 0, 0, 0, 0, 12, 0, 0, 0, 0, 0, 0, 4, 8, 0, 0, 0, 0, 0, 4, 0, 0, 0, 0, 0, 0, 4, 4, 0, 4, 4, 12, 0, 8] 
dagB3.txt 5_4_3_2x4.txt 0.2934131736526946 0.3 154.4 [4, 4, 4, 4, 0, 0, 0, 0, 0, 4, 4, 8, 0, 4, 4, 0, 0, 4, 4, 0, 0, 0, 0, 0, 0, 4, 4, 0, 4, 4, 0, 4, 0, 0, 4, 0, 0, 0, 4, 4, 8, 4, 4, 0, 0, 0, 4, 4, 0, 4, 0, 0, 4, 4, 4] 
dagB3.txt 5_4_3_2x4.txt 0.23952095808383234 0.25 173.8 [4, 4, 4, 4, 0, 0, 0, 0, 0, 4, 4, 4, 0, 4, 0, 0, 0, 4, 4, 0, 0, 0, 0, 0, 0, 4, 4, 4, 4, 4, 0, 4, 0, 0, 4, 0, 0, 0, 4, 4, 0, 4, 4, 0, 0, 0, 4, 0, 0, 4, 0, 0, 4, 4, 4] 
dagB3.txt 5_4_3_2x4.txt 0.437125748502994 0.45 82.4 [12, 12, 12, 0, 4, 4, 8, 8, 8, 12, 12, 12, 4, 12, 0, 0, 4, 12, 0, 8, 8, 8, 8, 8, 8, 12, 0, 4, 12, 12, 4, 4, 8, 0, 0, 8, 4, 8, 0, 12, 4, 4, 12, 8, 4, 4, 12, 0, 0, 4, 4, 8, 1, 12, 0] 
dagB3.txt 5_4_3_2x4.txt 0.5449101796407185 0.55 52.6 [4, 4, 4, 5, 12, 9, 0, 12, 12, 9, 8, 4, 12, 4, 1, 1, 12, 8, 5, 0, 0, 12, 0, 0, 8, 9, 5, 0, 4, 4, 8, 9, 12, 1, 8, 0, 12, 8, 5, 4, 9, 0, 8, 12, 13, 12, 8, 1, 1, 0, 9, 1, 5, 8, 8] 
dagB3.txt 5_4_3_2x4.txt 0.3473053892215569 0.35 110.4 [4, 4, 4, 8, 0, 8, 0, 0, 0, 4, 4, 4, 0, 4, 8, 8, 0, 4, 8, 0, 0, 0, 0, 0, 4, 4, 8, 0, 4, 4, 0, 8, 0, 8, 4, 0, 0, 8, 8, 4, 8, 4, 4, 0, 0, 0, 4, 8, 8, 4, 8, 8, 8, 4, 4] 
dagB3.txt 5_4_3_2x4.txt 0.38922155688622756 0.4 109.8 [4, 4, 4, 8, 0, 4, 0, 0, 0, 4, 4, 4, 0, 4, 8, 8, 0, 4, 4, 0, 0, 0, 0, 0, 4, 4, 8, 0, 8, 4, 12, 8, 0, 8, 4, 0, 0, 8, 8, 8, 8, 4, 4, 0, 0, 0, 4, 8, 8, 4, 8, 8, 8, 4, 4] 
dagB3.txt 5_4_3_2x4.txt 0.7485029940119761 1 32.25 [4, 12, 2, 3, 12, 0, 14, 8, 8, 10, 4, 6, 12, 9, 5, 1, 12, 4, 0, 8, 13, 8, 13, 11, 13, 0, 1, 9, 2, 9, 7, 0, 8, 5, 4, 13, 12, 1, 5, 14, 10, 9, 0, 8, 15, 12, 4, 1, 5, 9, 4, 2, 6, 1, 4] 
dagB3.txt 5_4_3_2x4.txt 0.6946107784431138 0.7 36.4 [4, 4, 8, 1, 6, 8, 13, 12, 9, 0, 12, 7, 9, 4, 2, 5, 0, 12, 8, 14, 13, 0, 13, 6, 12, 8, 1, 14, 4, 10, 4, 10, 9, 2, 9, 13, 14, 12, 8, 5, 3, 12, 8, 0, 11, 9, 12, 5, 2, 14, 0, 5, 1, 10, 9] 
dagB3.txt 5_4_3_2x4.txt 0.6467065868263473 0.65 39.6 [14, 9, 12, 8, 0, 8, 13, 1, 0, 0, 5, 9, 0, 12, 4, 4, 0, 5, 8, 13, 1, 0, 1, 1, 13, 8, 6, 12, 9, 12, 14, 8, 2, 4, 5, 13, 2, 6, 6, 9, 10, 12, 5, 0, 2, 2, 5, 4, 4, 12, 10, 4, 3, 6, 5] 
dagB3.txt 5_4_3_2x4.txt 0.5988023952095808 0.6 48.6 [0, 12, 5, 1, 5, 4, 0, 12, 8, 4, 0, 13, 8, 12, 9, 1, 4, 12, 0, 8, 0, 8, 0, 5, 12, 4, 1, 8, 5, 12, 0, 4, 8, 9, 9, 8, 4, 1, 1, 5, 13, 12, 12, 8, 4, 8, 0, 9, 9, 12, 9, 8, 13, 1, 8] 
dagB3.txt 5_4_3_2x4.txt 0.7784431137724551 0.9 32.8 [0, 9, 0, 13, 11, 1, 14, 12, 5, 14, 4, 10, 1, 1, 9, 9, 8, 4, 4, 5, 12, 3, 12, 7, 12, 0, 15, 8, 0, 4, 2, 8, 5, 13, 0, 12, 8, 12, 13, 2, 6, 8, 4, 5, 10, 8, 4, 0, 9, 8, 1, 5, 6, 13, 4] 
dagB3.txt 4_1x3.txt 0.08383233532934131 0.1 341.75 [4, 4, 4, 4, 4, 4, 4, 4, 4, 4, 4, 0, 4, 4, 4, 4, 4, 4, 4, 4, 4, 4, 4, 4, 4, 4, 2, 4, 0, 4, 4, 4, 4, 4, 4, 4, 4, 4, 4, 0, 0, 4, 4, 4, 4, 4, 4, 4, 4, 4, 0, 4, 2, 4, 4] 
dagB3.txt 5_4_3_2x4.txt 0.7784431137724551 0.8 32.8 [0, 9, 0, 13, 11, 1, 14, 12, 5, 14, 4, 10, 1, 1, 9, 9, 8, 4, 4, 5, 12, 3, 12, 7, 12, 0, 15, 8, 0, 4, 2, 8, 5, 13, 0, 12, 8, 12, 13, 2, 6, 8, 4, 5, 10, 8, 4, 0, 9, 8, 1, 5, 6, 13, 4] 
dagB3.txt 4_1x3.txt 0.1377245508982036 0.15 299.25 [0, 0, 0, 4, 0, 0, 0, 0, 0, 0, 0, 0, 0, 0, 2, 2, 0, 0, 0, 0, 0, 0, 0, 0, 0, 0, 4, 0, 0, 0, 0, 4, 0, 2, 0, 0, 0, 0, 4, 0, 2, 0, 0, 0, 0, 0, 0, 2, 2, 0, 0, 2, 4, 0, 0] 
dagB3.txt 4_1x3.txt 0.19161676646706588 0.2 265.5 [0, 0, 0, 2, 0, 0, 0, 0, 0, 0, 0, 2, 0, 0, 2, 2, 0, 0, 0, 0, 0, 0, 0, 0, 0, 0, 2, 0, 2, 0, 0, 2, 0, 2, 0, 0, 0, 2, 2, 2, 2, 0, 0, 0, 0, 0, 0, 2, 2, 0, 0, 2, 2, 2, 0] 
dagB3.txt 4_1x3.txt 0.23952095808383234 0.25 217.25 [2, 2, 2, 2, 0, 0, 0, 0, 0, 2, 2, 2, 0, 2, 0, 0, 0, 2, 2, 0, 0, 0, 0, 0, 0, 2, 2, 2, 2, 2, 0, 2, 0, 0, 2, 0, 0, 0, 2, 2, 0, 2, 2, 0, 0, 0, 2, 0, 0, 2, 0, 0, 2, 2, 2] 
dagB3.txt 4_1x3.txt 0.47904191616766467 0.55 114.75 [2, 2, 2, 4, 0, 2, 0, 0, 0, 5, 2, 1, 0, 2, 4, 4, 0, 2, 2, 0, 0, 0, 0, 3, 2, 2, 4, 0, 4, 2, 1, 4, 0, 4, 2, 0, 0, 4, 4, 5, 3, 2, 2, 0, 0, 0, 2, 4, 4, 2, 4, 4, 4, 2, 2] 
dagB3.txt 4_1x3.txt 0.47904191616766467 0.6 114.75 [2, 2, 2, 4, 0, 2, 0, 0, 0, 5, 2, 1, 0, 2, 4, 4, 0, 2, 2, 0, 0, 0, 0, 3, 2, 2, 4, 0, 4, 2, 1, 4, 0, 4, 2, 0, 0, 4, 4, 5, 3, 2, 2, 0, 0, 0, 2, 4, 4, 2, 4, 4, 4, 2, 2] 
dagB3.txt 4_1x3.txt 0.47904191616766467 0.5 114.75 [2, 2, 2, 4, 0, 2, 0, 0, 0, 5, 2, 1, 0, 2, 4, 4, 0, 2, 2, 0, 0, 0, 0, 3, 2, 2, 4, 0, 4, 2, 1, 4, 0, 4, 2, 0, 0, 4, 4, 5, 3, 2, 2, 0, 0, 0, 2, 4, 4, 2, 4, 4, 4, 2, 2] 
dagB3.txt 4_1x3.txt 0.38922155688622756 0.4 137.25 [2, 2, 2, 4, 0, 2, 0, 0, 0, 2, 2, 2, 0, 2, 4, 4, 0, 2, 2, 0, 0, 0, 0, 0, 2, 2, 4, 0, 4, 2, 1, 4, 0, 4, 2, 0, 0, 4, 4, 4, 4, 2, 2, 0, 0, 0, 2, 4, 4, 2, 4, 4, 4, 2, 2] 
dagB3.txt 4_1x3.txt 0.2934131736526946 0.3 193.0 [2, 2, 2, 2, 0, 0, 0, 0, 0, 2, 2, 4, 0, 2, 2, 0, 0, 2, 2, 0, 0, 0, 0, 0, 0, 2, 2, 0, 2, 2, 0, 2, 0, 0, 2, 0, 0, 0, 2, 2, 4, 2, 2, 0, 0, 0, 2, 2, 0, 2, 0, 0, 2, 2, 2] 
dagB3.txt 4_1x3.txt 0.3473053892215569 0.35 138.0 [2, 2, 2, 4, 0, 4, 0, 0, 0, 2, 2, 2, 0, 2, 4, 4, 0, 2, 4, 0, 0, 0, 0, 0, 2, 2, 4, 0, 2, 2, 0, 4, 0, 4, 2, 0, 0, 4, 4, 2, 4, 2, 2, 0, 0, 0, 2, 4, 4, 2, 4, 4, 4, 2, 2] 
dagB3.txt 4_1x3.txt 0.4491017964071856 0.45 125.25 [2, 2, 2, 4, 0, 2, 0, 0, 0, 2, 2, 1, 0, 2, 4, 4, 0, 2, 2, 0, 0, 0, 0, 3, 2, 2, 4, 0, 4, 2, 1, 4, 0, 4, 2, 0, 0, 4, 4, 4, 3, 2, 2, 0, 0, 0, 2, 4, 4, 2, 4, 4, 4, 2, 2] 
dagB3.txt 4_1x3.txt 0.5808383233532934 0.65 113.0 [4, 4, 4, 2, 0, 0, 5, 4, 2, 1, 0, 2, 2, 1, 2, 3, 2, 4, 4, 5, 4, 2, 4, 0, 4, 1, 0, 5, 4, 4, 0, 4, 2, 2, 0, 5, 2, 0, 4, 0, 2, 4, 4, 2, 2, 2, 4, 3, 2, 4, 0, 0, 0, 0, 3] 
dagB3.txt 4_1x3.txt 0.5748502994011976 1 113.5 [0, 0, 3, 2, 2, 4, 4, 4, 2, 0, 5, 0, 2, 0, 1, 0, 4, 2, 0, 4, 0, 2, 0, 0, 4, 3, 0, 5, 3, 5, 4, 2, 4, 1, 2, 4, 4, 0, 2, 3, 4, 5, 2, 2, 4, 4, 2, 2, 1, 5, 2, 2, 0, 2, 2] 
dagB3.txt 4_1x3.txt 0.6227544910179641 0.7 112.75 [0, 0, 3, 4, 4, 0, 4, 0, 0, 4, 3, 4, 0, 4, 2, 2, 0, 1, 4, 0, 4, 2, 4, 4, 0, 3, 2, 1, 0, 0, 5, 3, 0, 2, 2, 0, 0, 0, 4, 2, 5, 0, 1, 0, 2, 0, 1, 2, 2, 0, 0, 2, 2, 1, 1] 
dagB3.txt 3_2x1.txt 0.059880239520958084 0.1 483.3333333333333 [0, 0, 0, 0, 0, 0, 0, 0, 0, 0, 0, 1, 0, 0, 0, 0, 0, 0, 0, 0, 0, 0, 0, 0, 0, 0, 1, 0, 0, 0, 0, 0, 0, 0, 0, 0, 0, 0, 0, 0, 1, 0, 0, 0, 0, 0, 0, 0, 0, 0, 0, 0, 1, 0, 0] 
dagB3.txt 4_1x3.txt 0.6107784431137725 0.9 112.25 [4, 0, 0, 2, 2, 4, 4, 2, 4, 0, 4, 4, 2, 0, 2, 5, 4, 3, 2, 2, 4, 4, 4, 2, 3, 0, 1, 0, 0, 0, 0, 4, 2, 5, 4, 4, 2, 1, 1, 0, 3, 0, 0, 2, 2, 2, 3, 2, 5, 0, 0, 2, 0, 1, 4] 
dagB3.txt 4_1x3.txt 0.6287425149700598 0.8 113.0 [0, 4, 4, 4, 5, 2, 2, 0, 2, 4, 4, 4, 2, 4, 2, 0, 0, 0, 2, 0, 0, 2, 0, 2, 4, 4, 1, 3, 1, 0, 4, 4, 2, 2, 2, 0, 0, 0, 3, 2, 4, 3, 0, 0, 5, 2, 0, 0, 0, 3, 5, 0, 1, 0, 2] 
dagB3.txt 3_2x1.txt 0.1497005988023952 0.15 383.0 [0, 0, 0, 1, 0, 0, 0, 0, 0, 0, 0, 1, 0, 0, 1, 1, 0, 0, 0, 0, 0, 0, 0, 0, 0, 0, 1, 0, 0, 0, 0, 1, 0, 1, 0, 0, 0, 0, 1, 0, 1, 0, 0, 0, 0, 0, 0, 1, 1, 0, 0, 1, 1, 0, 0] 
dagB3.txt 3_2x1.txt 0.19760479041916168 0.2 356.6666666666667 [0, 0, 0, 1, 0, 1, 0, 0, 0, 0, 0, 1, 0, 0, 1, 1, 0, 0, 0, 0, 0, 0, 0, 0, 0, 0, 1, 0, 0, 0, 0, 1, 0, 1, 0, 0, 0, 1, 1, 0, 1, 0, 0, 0, 0, 0, 0, 1, 1, 0, 1, 1, 1, 1, 0] 
dagB3.txt 3_2x1.txt 0.23353293413173654 0.25 331.3333333333333 [0, 0, 0, 1, 0, 1, 0, 0, 0, 0, 0, 1, 0, 0, 1, 1, 0, 0, 1, 0, 0, 0, 0, 0, 0, 1, 1, 0, 0, 0, 1, 1, 0, 1, 0, 0, 0, 0, 1, 0, 1, 0, 0, 0, 0, 0, 0, 1, 1, 0, 1, 1, 1, 0, 0] 
dagB3.txt 3_2x1.txt 0.281437125748503 0.3 328.0 [1, 1, 1, 1, 0, 1, 0, 0, 0, 1, 1, 0, 0, 1, 0, 0, 0, 1, 1, 0, 0, 0, 0, 0, 1, 1, 1, 0, 1, 1, 0, 1, 0, 0, 1, 0, 0, 1, 1, 0, 0, 0, 1, 0, 0, 0, 1, 0, 0, 0, 0, 0, 0, 1, 1] 
dagB3.txt 3_2x1.txt 0.23952095808383234 0.35 328.0 [0, 1, 1, 1, 0, 0, 0, 0, 0, 1, 0, 1, 0, 0, 1, 1, 0, 0, 0, 0, 0, 0, 0, 0, 0, 1, 1, 0, 1, 0, 0, 0, 0, 1, 0, 0, 0, 0, 0, 1, 1, 0, 0, 0, 1, 0, 0, 1, 1, 0, 1, 1, 1, 0, 0] 
dagB3.txt 3_2x1.txt 0.2934131736526946 0.5 328.0 [0, 0, 0, 1, 0, 1, 0, 0, 0, 0, 1, 1, 0, 0, 0, 0, 0, 1, 1, 0, 0, 0, 0, 0, 1, 0, 1, 0, 0, 1, 1, 1, 0, 0, 1, 0, 0, 1, 1, 0, 1, 0, 1, 0, 0, 0, 1, 0, 0, 0, 0, 0, 1, 1, 1] 
dagB3.txt 3_2x1.txt 0.33532934131736525 0.7 328.0 [1, 1, 0, 1, 0, 0, 0, 0, 0, 1, 1, 1, 1, 0, 1, 0, 0, 0, 0, 0, 0, 1, 0, 0, 0, 1, 0, 0, 1, 0, 1, 1, 1, 1, 1, 0, 0, 0, 0, 1, 1, 0, 0, 0, 0, 1, 0, 0, 0, 0, 1, 0, 0, 0, 1] 
dagB3.txt 3_2x1.txt 0.3592814371257485 0.55 328.0 [0, 0, 0, 0, 1, 1, 1, 1, 1, 0, 0, 0, 1, 0, 0, 0, 1, 1, 1, 1, 1, 1, 1, 0, 1, 1, 0, 1, 0, 0, 0, 0, 1, 0, 0, 1, 1, 0, 0, 0, 0, 0, 1, 1, 1, 1, 1, 0, 0, 0, 1, 0, 0, 0, 0] 
dagB3.txt 3_2x1.txt 0.2694610778443114 0.65 328.0 [1, 1, 0, 1, 0, 0, 0, 0, 0, 0, 1, 1, 0, 0, 1, 1, 0, 0, 1, 0, 0, 0, 1, 0, 0, 0, 1, 0, 1, 0, 0, 1, 0, 1, 0, 0, 0, 1, 1, 1, 1, 0, 0, 0, 0, 0, 0, 1, 1, 0, 0, 1, 0, 1, 0] 
dagB3.txt 3_2x1.txt 0.25748502994011974 0.45 329.0 [1, 0, 0, 1, 0, 0, 0, 0, 0, 0, 1, 1, 0, 0, 1, 1, 0, 0, 1, 0, 0, 0, 0, 0, 0, 0, 1, 0, 1, 0, 0, 0, 0, 1, 0, 0, 0, 1, 1, 1, 1, 0, 0, 0, 1, 0, 0, 1, 1, 0, 0, 1, 1, 1, 0] 
dagB3.txt 3_2x1.txt 0.2934131736526946 0.6 328.5 [1, 0, 0, 0, 0, 1, 0, 0, 0, 0, 1, 0, 1, 0, 1, 0, 0, 0, 0, 0, 0, 0, 0, 0, 0, 0, 1, 0, 1, 0, 1, 1, 0, 1, 1, 0, 1, 0, 0, 1, 1, 0, 0, 0, 1, 1, 0, 1, 1, 0, 1, 0, 1, 0, 1] 
dagB3.txt 3_2x1.txt 0.2934131736526946 0.4 328.0 [0, 0, 0, 0, 1, 0, 0, 1, 1, 0, 0, 0, 1, 0, 1, 1, 1, 0, 0, 1, 1, 1, 1, 0, 0, 0, 0, 1, 0, 0, 0, 0, 1, 1, 0, 1, 1, 0, 0, 0, 0, 1, 0, 1, 1, 1, 0, 1, 1, 1, 1, 1, 0, 0, 0] 
dagB3.txt 3_2x1.txt 0.32335329341317365 1 328.0 [0, 0, 0, 0, 0, 1, 1, 0, 0, 0, 0, 0, 0, 0, 1, 1, 0, 0, 1, 0, 1, 0, 1, 0, 1, 0, 1, 0, 0, 0, 1, 0, 0, 1, 0, 0, 1, 1, 1, 0, 0, 0, 0, 0, 1, 0, 0, 1, 1, 0, 0, 1, 1, 0, 0] 
dagB3.txt 3_2x5.txt 0.07784431137724551 0.1 464.3333333333333 [6, 6, 6, 6, 6, 6, 6, 6, 6, 6, 6, 0, 6, 6, 6, 6, 6, 6, 6, 6, 6, 6, 6, 6, 6, 6, 2, 6, 6, 6, 6, 6, 6, 6, 4, 6, 6, 6, 6, 6, 6, 6, 6, 6, 0, 6, 6, 6, 6, 6, 6, 6, 2, 6, 4] 
dagB3.txt 3_2x1.txt 0.2874251497005988 0.9 328.5 [0, 0, 0, 1, 0, 0, 1, 0, 0, 1, 0, 0, 0, 0, 1, 1, 0, 0, 0, 0, 1, 0, 1, 0, 0, 1, 1, 0, 0, 0, 0, 0, 1, 1, 0, 0, 0, 0, 0, 1, 1, 0, 0, 1, 0, 0, 0, 1, 1, 0, 1, 1, 1, 0, 0] 
dagB3.txt 3_2x1.txt 0.2874251497005988 0.8 328.0 [0, 0, 0, 1, 0, 0, 0, 0, 0, 1, 0, 1, 1, 0, 1, 1, 0, 0, 1, 0, 0, 1, 0, 0, 0, 0, 0, 0, 0, 0, 0, 1, 0, 1, 0, 0, 0, 0, 1, 1, 1, 0, 0, 1, 1, 1, 0, 1, 1, 0, 0, 1, 0, 1, 0] 
dagB3.txt 3_2x5.txt 0.38922155688622756 0.4 183.0 [2, 2, 2, 4, 0, 2, 0, 0, 0, 2, 2, 2, 0, 2, 4, 4, 0, 2, 2, 0, 0, 0, 0, 0, 2, 2, 4, 0, 4, 2, 6, 4, 0, 4, 2, 0, 0, 4, 4, 4, 4, 2, 2, 0, 0, 0, 2, 4, 4, 2, 4, 4, 4, 2, 2] 
dagB3.txt 3_2x5.txt 0.1377245508982036 0.15 399.0 [0, 0, 0, 4, 0, 0, 0, 0, 0, 0, 0, 0, 0, 0, 2, 2, 0, 0, 0, 0, 0, 0, 0, 0, 0, 0, 4, 0, 0, 0, 0, 4, 0, 2, 0, 0, 0, 0, 4, 0, 2, 0, 0, 0, 0, 0, 0, 2, 2, 0, 0, 2, 4, 0, 0] 
dagB3.txt 3_2x5.txt 0.3473053892215569 0.35 184.0 [2, 2, 2, 4, 0, 4, 0, 0, 0, 2, 2, 2, 0, 2, 4, 4, 0, 2, 4, 0, 0, 0, 0, 0, 2, 2, 4, 0, 2, 2, 0, 4, 0, 4, 2, 0, 0, 4, 4, 2, 4, 2, 2, 0, 0, 0, 2, 4, 4, 2, 4, 4, 4, 2, 2] 
dagB3.txt 3_2x5.txt 0.5449101796407185 0.55 91.66666666666667 [6, 0, 6, 5, 3, 0, 4, 2, 2, 5, 1, 6, 3, 6, 8, 8, 2, 0, 0, 4, 4, 2, 4, 4, 0, 5, 1, 4, 6, 0, 3, 5, 2, 8, 1, 4, 2, 0, 0, 6, 3, 2, 0, 2, 2, 2, 0, 8, 8, 2, 3, 8, 1, 0, 1] 
dagB3.txt 3_2x5.txt 0.19161676646706588 0.2 379.0 [0, 0, 0, 0, 4, 0, 0, 0, 0, 0, 0, 2, 4, 0, 2, 2, 0, 0, 0, 0, 0, 0, 0, 0, 0, 0, 6, 0, 0, 0, 0, 0, 0, 2, 4, 0, 0, 0, 0, 0, 2, 0, 0, 0, 0, 0, 0, 2, 2, 0, 2, 2, 6, 0, 4] 
dagB3.txt 3_2x5.txt 0.2934131736526946 0.3 257.3333333333333 [2, 2, 2, 2, 0, 0, 0, 0, 0, 2, 2, 4, 0, 2, 2, 0, 0, 2, 2, 0, 0, 0, 0, 0, 0, 2, 2, 0, 2, 2, 0, 2, 0, 0, 2, 0, 0, 0, 2, 2, 4, 2, 2, 0, 0, 0, 2, 2, 0, 2, 0, 0, 2, 2, 2] 
dagB3.txt 3_2x5.txt 0.437125748502994 0.45 137.33333333333334 [6, 6, 6, 0, 2, 2, 4, 4, 4, 6, 6, 6, 2, 6, 0, 0, 2, 6, 0, 4, 4, 4, 4, 4, 4, 6, 0, 2, 6, 6, 2, 2, 4, 0, 0, 4, 2, 4, 0, 6, 2, 2, 6, 4, 2, 2, 6, 0, 0, 2, 2, 4, 8, 6, 0] 
dagB3.txt 3_2x5.txt 0.49700598802395207 0.5 103.33333333333333 [4, 4, 4, 8, 2, 6, 2, 0, 0, 4, 6, 4, 0, 4, 1, 1, 0, 6, 8, 2, 2, 0, 2, 2, 6, 4, 8, 0, 4, 6, 2, 8, 0, 1, 6, 2, 0, 6, 8, 4, 6, 0, 6, 0, 0, 0, 6, 1, 1, 0, 1, 1, 8, 6, 6] 
dagB3.txt 3_2x5.txt 0.6407185628742516 0.65 74.33333333333333 [2, 3, 3, 1, 4, 0, 9, 6, 4, 2, 2, 3, 4, 2, 8, 8, 6, 0, 1, 9, 5, 4, 5, 4, 9, 3, 7, 2, 2, 0, 4, 5, 6, 8, 0, 9, 6, 0, 1, 8, 7, 2, 0, 6, 6, 6, 0, 8, 8, 2, 4, 8, 7, 1, 0] 
dagB3.txt 3_2x5.txt 0.5988023952095808 0.6 76.5 [7, 6, 6, 9, 1, 4, 0, 2, 2, 6, 4, 7, 2, 6, 3, 3, 2, 4, 6, 0, 0, 2, 0, 0, 4, 6, 8, 5, 7, 4, 1, 9, 2, 3, 8, 0, 2, 4, 9, 7, 5, 5, 4, 2, 1, 2, 4, 3, 3, 5, 1, 5, 8, 4, 8] 
dagB3.txt 3_2x5.txt 0.23952095808383234 0.25 289.6666666666667 [2, 2, 2, 2, 0, 0, 0, 0, 0, 2, 2, 2, 0, 2, 0, 0, 0, 2, 2, 0, 0, 0, 0, 0, 0, 2, 2, 2, 2, 2, 0, 2, 0, 0, 2, 0, 0, 0, 2, 2, 0, 2, 2, 0, 0, 0, 2, 0, 0, 2, 0, 0, 2, 2, 2] 
dagB3.txt 3_2x5.txt 0.6826347305389222 1 70.0 [0, 0, 8, 1, 6, 1, 7, 4, 2, 4, 2, 8, 2, 0, 3, 0, 6, 4, 5, 9, 7, 0, 7, 9, 4, 1, 8, 9, 8, 0, 6, 1, 2, 3, 2, 7, 6, 0, 5, 8, 3, 2, 5, 9, 6, 2, 4, 3, 5, 0, 4, 9, 4, 5, 2] 
dagB3.txt 3_2x5.txt 0.6946107784431138 0.7 69.66666666666667 [6, 8, 8, 7, 2, 4, 2, 0, 6, 5, 5, 8, 6, 8, 7, 3, 2, 0, 6, 0, 4, 6, 0, 9, 6, 8, 1, 5, 8, 8, 4, 4, 0, 7, 9, 0, 2, 1, 1, 3, 6, 5, 4, 0, 2, 2, 5, 3, 7, 5, 4, 3, 9, 1, 0] 
dagB3.txt 3_2x5.txt 0.8622754491017964 0.9 70.5 [0, 2, 4, 8, 5, 1, 9, 2, 2, 8, 2, 7, 2, 1, 0, 0, 6, 2, 4, 6, 1, 8, 4, 8, 4, 0, 3, 2, 0, 6, 5, 9, 6, 7, 8, 2, 4, 0, 3, 5, 7, 0, 4, 2, 3, 2, 2, 6, 0, 2, 0, 1, 9, 0, 6] 
dagB3.txt 3_2x5.txt 0.7005988023952096 0.8 68.66666666666667 [4, 8, 1, 2, 6, 4, 9, 0, 6, 8, 5, 6, 6, 1, 3, 3, 0, 7, 4, 0, 2, 6, 2, 6, 7, 8, 2, 0, 8, 1, 5, 4, 9, 3, 7, 9, 9, 4, 4, 8, 5, 0, 4, 0, 8, 9, 7, 0, 3, 0, 5, 1, 2, 7, 7] 
