dagD23.txt 3_2x4.txt 0.09045226130653267 0.1 590.0 [4, 4, 4, 4, 4, 4, 4, 4, 4, 4, 4, 4, 4, 4, 4, 4, 4, 4, 4, 4, 4, 4, 4, 4, 4, 4, 4, 4, 4, 4, 4, 4, 4, 4, 4, 4, 0, 4, 4, 4, 4, 4, 4, 4, 4, 4, 4, 4, 4, 4, 4, 0, 4, 4, 4, 4, 2, 4, 4, 0, 4, 4, 4, 2, 4] 
dagD23.txt 3_2x4.txt 0.1457286432160804 0.15 431.0 [0, 0, 0, 0, 0, 0, 0, 0, 0, 0, 0, 0, 0, 0, 0, 0, 0, 0, 0, 0, 0, 0, 0, 0, 0, 0, 0, 0, 0, 0, 0, 0, 0, 2, 0, 0, 2, 0, 0, 0, 0, 0, 0, 0, 2, 2, 2, 2, 2, 0, 2, 2, 2, 2, 2, 2, 2, 2, 2, 2, 2, 0, 2, 2, 2] 
dagD23.txt 3_2x4.txt 0.5979899497487438 0.6 106.33333333333333 [4, 6, 6, 4, 1, 4, 4, 1, 6, 3, 6, 6, 1, 1, 6, 7, 1, 1, 6, 3, 4, 5, 4, 6, 4, 3, 3, 4, 6, 5, 3, 4, 1, 5, 3, 2, 5, 2, 2, 3, 3, 2, 2, 6, 5, 7, 0, 2, 0, 0, 0, 7, 5, 2, 5, 0, 0, 2, 0, 7, 2, 2, 0, 0, 7] 
dagD23.txt 3_2x4.txt 0.5477386934673367 0.55 105.5 [6, 0, 0, 0, 0, 0, 5, 0, 7, 6, 1, 0, 0, 7, 7, 5, 0, 0, 6, 6, 7, 1, 3, 0, 3, 6, 6, 3, 0, 1, 6, 0, 7, 4, 6, 2, 7, 1, 5, 6, 6, 2, 5, 3, 2, 2, 4, 2, 1, 3, 4, 6, 4, 2, 4, 4, 4, 2, 4, 6, 2, 5, 4, 4, 2] 
dagD23.txt 3_2x4.txt 0.6633165829145728 0.7 101.33333333333333 [6, 3, 4, 3, 2, 3, 4, 1, 1, 3, 6, 3, 4, 2, 4, 2, 1, 2, 6, 1, 1, 7, 5, 3, 4, 1, 6, 4, 2, 5, 1, 3, 2, 0, 6, 0, 7, 2, 2, 2, 1, 0, 2, 7, 7, 5, 5, 6, 5, 4, 4, 0, 7, 0, 0, 0, 6, 0, 0, 0, 6, 2, 0, 5, 0] 
dagD23.txt 3_2x4.txt 0.3869346733668342 0.4 166.0 [2, 2, 2, 0, 0, 0, 0, 0, 0, 2, 0, 0, 0, 0, 2, 2, 0, 0, 2, 2, 0, 6, 4, 0, 4, 2, 2, 4, 2, 6, 2, 0, 0, 4, 2, 4, 6, 2, 2, 2, 0, 6, 2, 4, 6, 4, 6, 6, 6, 4, 6, 4, 6, 4, 4, 4, 6, 4, 6, 4, 6, 2, 4, 6, 6] 
dagD23.txt 3_2x4.txt 0.19597989949748743 0.2 327.0 [2, 2, 2, 2, 2, 2, 2, 2, 2, 2, 2, 2, 2, 2, 2, 2, 2, 2, 2, 2, 2, 2, 0, 2, 0, 2, 0, 0, 2, 2, 0, 2, 2, 0, 2, 0, 0, 2, 2, 2, 2, 0, 2, 0, 0, 0, 0, 0, 0, 0, 0, 0, 0, 0, 0, 0, 0, 0, 0, 0, 0, 2, 0, 0, 0] 
dagD23.txt 3_2x4.txt 0.49748743718592964 0.5 127.66666666666667 [2, 2, 2, 3, 4, 4, 4, 4, 3, 4, 3, 2, 4, 4, 2, 2, 4, 4, 2, 2, 3, 1, 6, 2, 4, 2, 2, 6, 2, 1, 6, 4, 4, 6, 2, 0, 6, 1, 1, 2, 2, 0, 1, 6, 5, 0, 0, 0, 1, 6, 6, 5, 5, 0, 5, 6, 0, 0, 6, 5, 0, 1, 0, 0, 5] 
dagD23.txt 3_2x4.txt 0.23115577889447236 0.25 298.6666666666667 [0, 0, 0, 0, 0, 0, 0, 0, 0, 0, 0, 0, 0, 0, 0, 0, 0, 0, 0, 0, 0, 2, 4, 0, 0, 0, 0, 4, 0, 2, 2, 2, 0, 4, 0, 2, 2, 2, 2, 0, 0, 2, 2, 2, 2, 2, 2, 2, 2, 0, 2, 6, 2, 2, 2, 2, 2, 2, 2, 6, 2, 2, 2, 2, 6] 
dagD23.txt 3_2x4.txt 0.2914572864321608 0.3 245.33333333333334 [4, 0, 0, 0, 0, 0, 0, 0, 0, 4, 0, 0, 0, 0, 0, 4, 0, 0, 4, 0, 0, 0, 4, 0, 0, 4, 4, 4, 0, 0, 4, 0, 0, 4, 4, 2, 2, 0, 4, 4, 0, 2, 4, 4, 2, 2, 2, 2, 2, 4, 2, 4, 2, 2, 4, 2, 2, 2, 2, 4, 2, 4, 2, 2, 2] 
dagD23.txt 3_2x4.txt 0.6080402010050251 0.8 102.0 [6, 1, 6, 0, 0, 1, 6, 3, 3, 0, 2, 1, 6, 3, 6, 1, 0, 3, 6, 5, 0, 5, 1, 1, 1, 0, 6, 4, 3, 5, 5, 0, 3, 7, 6, 0, 4, 5, 5, 3, 0, 3, 5, 6, 4, 7, 2, 4, 4, 0, 2, 7, 4, 2, 7, 2, 2, 2, 4, 7, 4, 5, 2, 2, 7] 
dagD23.txt 3_2x4.txt 0.6231155778894473 0.65 103.0 [3, 1, 1, 4, 2, 4, 2, 3, 4, 3, 4, 4, 3, 2, 1, 1, 2, 3, 0, 3, 4, 0, 5, 4, 5, 1, 3, 5, 1, 0, 3, 4, 0, 5, 1, 6, 6, 2, 2, 3, 1, 7, 2, 2, 0, 6, 7, 7, 0, 5, 4, 6, 0, 6, 6, 6, 7, 6, 0, 6, 0, 2, 6, 7, 7] 
dagD23.txt 3_2x4.txt 0.4472361809045226 0.45 161.33333333333334 [2, 2, 2, 0, 0, 0, 1, 0, 0, 2, 0, 0, 0, 0, 2, 2, 0, 0, 1, 2, 0, 6, 4, 0, 4, 2, 2, 4, 2, 6, 2, 0, 0, 4, 2, 4, 6, 2, 2, 2, 0, 6, 2, 1, 6, 4, 6, 6, 6, 4, 6, 4, 6, 4, 4, 4, 6, 4, 6, 4, 6, 2, 4, 6, 6] 
dagD23.txt 3_2x4.txt 0.34673366834170855 0.35 218.33333333333334 [2, 2, 2, 4, 2, 4, 4, 4, 4, 2, 4, 2, 4, 4, 2, 2, 4, 2, 2, 2, 4, 4, 0, 2, 4, 2, 2, 6, 2, 4, 4, 2, 2, 0, 2, 2, 4, 4, 2, 2, 2, 2, 4, 4, 0, 0, 0, 0, 0, 4, 0, 0, 0, 0, 0, 0, 0, 2, 0, 0, 0, 4, 0, 0, 0] 
dagD23.txt 3_2x4.txt 0.6030150753768844 1 99.66666666666667 [0, 5, 1, 2, 2, 2, 0, 0, 0, 5, 2, 2, 0, 0, 1, 1, 2, 0, 0, 1, 2, 3, 5, 2, 5, 2, 1, 2, 5, 6, 1, 5, 0, 7, 1, 6, 6, 6, 6, 1, 2, 6, 6, 4, 3, 4, 3, 4, 4, 7, 3, 7, 3, 6, 7, 7, 4, 6, 3, 7, 4, 6, 7, 4, 3] 
dagD23.txt 5_4_3_2x2.txt 0.08040201005025126 0.1 356.6 [0, 0, 0, 0, 0, 0, 0, 0, 0, 0, 0, 0, 0, 0, 0, 0, 0, 0, 0, 0, 0, 0, 0, 0, 0, 0, 0, 0, 0, 0, 0, 0, 0, 0, 0, 0, 4, 0, 0, 0, 0, 0, 0, 4, 0, 0, 0, 0, 0, 0, 0, 0, 0, 0, 0, 0, 4, 0, 0, 0, 0, 0, 0, 4, 0] 
dagD23.txt 3_2x4.txt 0.6733668341708543 0.9 101.0 [2, 1, 2, 5, 3, 5, 3, 2, 0, 2, 5, 1, 2, 0, 4, 2, 3, 3, 1, 4, 4, 6, 2, 5, 5, 4, 4, 2, 2, 7, 5, 1, 3, 2, 4, 4, 6, 0, 7, 3, 4, 1, 7, 6, 0, 6, 0, 0, 1, 6, 6, 4, 0, 7, 7, 6, 0, 7, 0, 4, 6, 7, 7, 3, 4] 
dagD23.txt 5_4_3_2x2.txt 0.1457286432160804 0.15 256.6 [0, 0, 0, 0, 0, 0, 0, 0, 0, 0, 0, 0, 0, 0, 0, 0, 0, 0, 0, 0, 0, 0, 0, 0, 0, 0, 0, 0, 0, 0, 0, 0, 0, 4, 0, 4, 0, 0, 0, 0, 0, 4, 0, 0, 4, 4, 4, 4, 4, 0, 4, 4, 4, 4, 4, 4, 4, 4, 4, 4, 4, 0, 4, 4, 4] 
dagD23.txt 5_4_3_2x2.txt 0.5879396984924623 0.6 73.33333333333333 [4, 4, 4, 4, 4, 2, 3, 0, 0, 4, 5, 4, 1, 0, 4, 1, 4, 1, 1, 1, 0, 0, 2, 4, 2, 4, 1, 2, 4, 0, 1, 1, 1, 7, 4, 5, 3, 0, 0, 1, 4, 5, 0, 2, 0, 5, 6, 5, 6, 2, 6, 3, 7, 5, 7, 6, 6, 5, 7, 4, 5, 0, 6, 6, 7] 
dagD23.txt 5_4_3_2x2.txt 0.5477386934673367 0.55 78.33333333333333 [0, 2, 0, 5, 0, 5, 5, 5, 0, 2, 7, 0, 0, 0, 0, 2, 5, 0, 3, 2, 5, 4, 5, 2, 5, 2, 2, 5, 0, 4, 6, 0, 0, 1, 2, 1, 6, 4, 3, 0, 2, 0, 3, 6, 4, 1, 4, 4, 4, 6, 6, 1, 4, 4, 1, 6, 4, 1, 4, 1, 4, 3, 6, 4, 1] 
dagD23.txt 5_4_3_2x2.txt 0.6482412060301508 0.65 72.75 [7, 1, 1, 1, 4, 0, 3, 1, 1, 7, 0, 1, 4, 4, 1, 5, 4, 4, 0, 7, 1, 4, 0, 1, 0, 2, 7, 0, 1, 4, 7, 0, 4, 5, 2, 6, 3, 2, 2, 7, 2, 6, 2, 0, 4, 4, 5, 6, 3, 0, 5, 5, 5, 6, 5, 6, 6, 6, 5, 2, 4, 2, 6, 5, 4] 
dagD23.txt 5_4_3_2x2.txt 0.44221105527638194 0.45 98.2 [4, 4, 4, 1, 1, 1, 5, 1, 1, 4, 5, 4, 1, 1, 4, 4, 1, 1, 4, 4, 1, 1, 5, 4, 2, 4, 4, 5, 4, 1, 4, 0, 1, 5, 4, 0, 5, 1, 6, 4, 4, 0, 6, 2, 0, 0, 0, 0, 0, 2, 5, 4, 5, 0, 5, 2, 0, 0, 5, 4, 0, 6, 0, 0, 0] 
dagD23.txt 5_4_3_2x2.txt 0.49748743718592964 0.5 94.2 [4, 4, 4, 6, 1, 1, 1, 1, 6, 1, 6, 4, 1, 1, 4, 4, 1, 1, 4, 4, 6, 2, 5, 4, 1, 4, 4, 5, 4, 2, 5, 1, 1, 5, 4, 0, 5, 2, 2, 4, 4, 0, 2, 5, 0, 4, 0, 0, 2, 5, 5, 0, 0, 0, 0, 5, 0, 0, 5, 0, 0, 2, 0, 0, 0] 
dagD23.txt 5_4_3_2x2.txt 0.19597989949748743 0.2 196.6 [4, 4, 4, 4, 4, 4, 4, 4, 4, 4, 4, 4, 4, 4, 4, 0, 4, 4, 4, 4, 4, 4, 4, 4, 4, 0, 4, 4, 4, 4, 4, 4, 4, 0, 0, 0, 0, 4, 0, 4, 0, 0, 0, 0, 0, 0, 0, 0, 0, 0, 0, 0, 0, 0, 0, 0, 0, 0, 0, 0, 0, 4, 0, 0, 0] 
dagD23.txt 5_4_3_2x2.txt 0.3969849246231156 0.4 120.4 [0, 1, 0, 1, 1, 1, 0, 0, 0, 1, 1, 1, 0, 0, 0, 0, 1, 0, 0, 0, 0, 0, 2, 1, 2, 1, 0, 2, 1, 0, 0, 5, 0, 2, 0, 5, 4, 0, 5, 0, 1, 5, 5, 2, 4, 5, 4, 4, 4, 2, 4, 4, 4, 4, 4, 2, 4, 5, 4, 4, 4, 5, 4, 4, 4] 
dagD23.txt 5_4_3_2x2.txt 0.3417085427135678 0.35 153.8 [0, 0, 0, 0, 0, 0, 4, 0, 0, 0, 0, 0, 0, 0, 0, 5, 0, 0, 0, 0, 0, 0, 1, 0, 1, 0, 0, 1, 0, 0, 1, 2, 0, 1, 5, 2, 4, 0, 5, 0, 0, 2, 5, 1, 4, 4, 4, 2, 4, 1, 4, 1, 4, 4, 1, 4, 4, 4, 4, 5, 4, 5, 4, 4, 4] 
dagD23.txt 5_4_3_2x2.txt 0.23115577889447236 0.25 179.2 [0, 0, 0, 0, 0, 0, 0, 0, 0, 0, 0, 0, 0, 0, 0, 0, 0, 0, 0, 0, 0, 4, 1, 0, 0, 0, 0, 1, 0, 4, 4, 4, 0, 1, 0, 4, 4, 4, 4, 0, 0, 4, 4, 4, 4, 4, 4, 4, 4, 0, 4, 5, 4, 4, 4, 4, 4, 4, 4, 5, 4, 4, 4, 4, 5] 
dagD23.txt 5_4_3_2x2.txt 0.2964824120603015 0.3 147.2 [1, 0, 0, 0, 0, 0, 0, 0, 0, 1, 0, 0, 0, 0, 0, 1, 0, 0, 1, 0, 0, 0, 1, 0, 0, 1, 1, 1, 0, 0, 1, 0, 0, 1, 1, 4, 4, 0, 1, 1, 0, 4, 1, 4, 4, 4, 4, 4, 4, 1, 4, 1, 4, 4, 1, 4, 4, 4, 4, 1, 4, 1, 4, 4, 4] 
dagD23.txt 5_4_3_2x2.txt 0.8391959798994975 1 72.33333333333333 [4, 2, 4, 2, 0, 0, 7, 5, 4, 4, 7, 4, 0, 1, 6, 5, 4, 0, 3, 2, 5, 0, 1, 0, 1, 0, 5, 6, 0, 0, 0, 2, 1, 4, 5, 6, 3, 1, 4, 0, 0, 0, 4, 3, 1, 6, 0, 7, 6, 5, 2, 5, 1, 0, 0, 0, 4, 2, 0, 0, 4, 0, 0, 5, 1] 
dagD23.txt 5_4_3_2x2.txt 0.6080402010050251 0.7 73.0 [0, 4, 1, 4, 6, 6, 1, 6, 4, 0, 4, 1, 1, 6, 1, 4, 6, 1, 1, 7, 4, 4, 0, 4, 6, 0, 5, 2, 4, 5, 7, 1, 1, 3, 0, 5, 6, 2, 7, 1, 4, 5, 7, 4, 0, 5, 2, 2, 5, 3, 0, 0, 0, 5, 3, 3, 2, 5, 0, 0, 5, 7, 3, 2, 0] 
dagD23.txt 5_4_3_2x2.txt 0.6231155778894473 0.8 73.25 [5, 0, 6, 6, 4, 6, 3, 0, 4, 0, 4, 6, 0, 4, 0, 5, 4, 0, 5, 0, 6, 0, 2, 6, 2, 6, 5, 2, 0, 6, 0, 5, 4, 7, 5, 5, 3, 0, 4, 5, 6, 5, 7, 1, 0, 4, 1, 1, 1, 2, 1, 7, 0, 3, 7, 2, 1, 4, 1, 7, 3, 4, 2, 1, 0] 
dagD23.txt 4_1x5.txt 0.08040201005025126 0.1 435.0 [0, 0, 0, 0, 0, 0, 0, 0, 0, 0, 0, 0, 0, 0, 0, 0, 0, 0, 0, 0, 0, 0, 0, 0, 0, 0, 0, 0, 0, 0, 0, 0, 0, 0, 0, 0, 0, 0, 0, 0, 0, 0, 0, 0, 0, 0, 0, 0, 0, 0, 2, 2, 0, 0, 0, 2, 0, 0, 2, 2, 0, 0, 0, 2, 2] 
dagD23.txt 5_4_3_2x2.txt 0.8391959798994975 0.9 72.33333333333333 [4, 2, 4, 2, 0, 0, 7, 5, 4, 4, 7, 4, 0, 1, 6, 5, 4, 0, 3, 2, 5, 0, 1, 0, 1, 0, 5, 6, 0, 0, 0, 2, 1, 4, 5, 6, 3, 1, 4, 0, 0, 0, 4, 3, 1, 6, 0, 7, 6, 5, 2, 5, 1, 0, 0, 0, 4, 2, 0, 0, 4, 0, 0, 5, 1] 
dagD23.txt 4_1x5.txt 0.1457286432160804 0.15 326.0 [0, 0, 0, 0, 0, 0, 0, 0, 0, 0, 0, 0, 0, 0, 0, 0, 0, 0, 0, 0, 0, 0, 0, 0, 0, 0, 0, 0, 0, 0, 0, 0, 0, 2, 0, 0, 2, 0, 0, 0, 0, 0, 0, 0, 2, 2, 2, 2, 2, 0, 2, 2, 2, 0, 2, 2, 2, 2, 2, 2, 2, 0, 2, 2, 2] 
dagD23.txt 4_1x5.txt 0.19597989949748743 0.2 245.5 [2, 2, 2, 2, 2, 2, 2, 2, 2, 2, 2, 2, 2, 2, 2, 2, 2, 2, 2, 2, 2, 2, 0, 2, 0, 0, 0, 0, 2, 2, 2, 2, 2, 0, 2, 0, 0, 2, 2, 2, 2, 0, 2, 0, 0, 0, 0, 0, 0, 0, 0, 0, 0, 0, 0, 0, 0, 0, 0, 0, 0, 2, 0, 0, 0] 
dagD23.txt 4_1x5.txt 0.6733668341708543 0.9 82.0 [9, 0, 0, 0, 8, 8, 2, 8, 8, 9, 8, 0, 8, 8, 6, 6, 8, 8, 4, 6, 0, 3, 7, 6, 2, 6, 6, 2, 0, 3, 9, 0, 8, 7, 6, 2, 8, 0, 0, 4, 6, 2, 3, 0, 6, 2, 4, 5, 6, 1, 4, 2, 4, 4, 7, 1, 4, 4, 4, 2, 6, 3, 4, 4, 5] 
dagD23.txt 4_1x5.txt 0.6080402010050251 0.65 86.25 [0, 2, 0, 2, 0, 2, 8, 0, 6, 0, 6, 2, 0, 2, 0, 4, 2, 0, 9, 0, 5, 5, 7, 2, 2, 4, 0, 7, 0, 5, 0, 6, 6, 3, 0, 6, 8, 2, 6, 0, 2, 6, 1, 8, 4, 4, 8, 4, 8, 2, 8, 4, 8, 6, 3, 3, 4, 6, 8, 1, 4, 6, 3, 8, 4] 
dagD23.txt 4_1x5.txt 0.5276381909547738 0.55 89.0 [0, 0, 0, 2, 2, 2, 9, 2, 2, 0, 1, 2, 2, 2, 0, 4, 2, 0, 0, 0, 2, 2, 4, 4, 4, 4, 0, 4, 0, 2, 0, 6, 0, 8, 0, 6, 7, 2, 4, 0, 4, 6, 4, 5, 8, 6, 8, 6, 3, 4, 8, 8, 8, 6, 8, 6, 6, 6, 8, 8, 6, 4, 6, 8, 8] 
dagD23.txt 4_1x5.txt 0.2964824120603015 0.3 172.5 [2, 0, 0, 0, 0, 0, 0, 0, 0, 2, 0, 0, 0, 0, 0, 2, 0, 0, 2, 0, 0, 0, 2, 0, 2, 2, 2, 2, 0, 0, 2, 0, 0, 2, 2, 4, 4, 0, 2, 2, 0, 4, 2, 2, 4, 4, 4, 4, 4, 2, 4, 2, 4, 4, 4, 4, 4, 4, 4, 2, 4, 2, 4, 4, 4] 
dagD23.txt 4_1x5.txt 0.23115577889447236 0.25 224.0 [0, 0, 0, 0, 0, 0, 0, 0, 0, 0, 0, 0, 0, 0, 0, 0, 0, 0, 0, 0, 0, 2, 4, 0, 0, 0, 0, 4, 0, 2, 2, 2, 0, 4, 0, 2, 2, 2, 2, 0, 0, 2, 2, 2, 2, 2, 2, 2, 2, 0, 2, 6, 2, 2, 2, 2, 2, 2, 2, 6, 2, 2, 2, 2, 6] 
dagD23.txt 4_1x5.txt 0.5276381909547738 0.6 89.0 [0, 0, 0, 2, 2, 2, 9, 2, 2, 0, 1, 2, 2, 2, 0, 4, 2, 0, 0, 0, 2, 2, 4, 4, 4, 4, 0, 4, 0, 2, 0, 6, 0, 8, 0, 6, 7, 2, 4, 0, 4, 6, 4, 5, 8, 6, 8, 6, 3, 4, 8, 8, 8, 6, 8, 6, 6, 6, 8, 8, 6, 4, 6, 8, 8] 
dagD23.txt 4_1x5.txt 0.6582914572864321 0.8 82.75 [4, 4, 4, 4, 6, 4, 6, 8, 2, 1, 2, 4, 8, 2, 4, 0, 6, 8, 6, 2, 3, 2, 4, 4, 4, 0, 6, 1, 4, 2, 2, 9, 8, 5, 0, 2, 8, 2, 8, 9, 3, 9, 0, 6, 0, 7, 8, 0, 6, 6, 8, 0, 2, 0, 5, 5, 0, 8, 6, 0, 0, 2, 5, 8, 7] 
dagD23.txt 4_1x5.txt 0.49246231155778897 0.5 98.0 [0, 0, 0, 2, 2, 2, 1, 2, 2, 0, 1, 2, 2, 2, 0, 4, 2, 0, 0, 0, 2, 2, 4, 4, 4, 4, 0, 4, 0, 2, 0, 6, 0, 8, 0, 6, 8, 2, 4, 0, 4, 6, 4, 4, 8, 6, 8, 6, 6, 4, 8, 8, 8, 6, 8, 6, 6, 6, 8, 8, 6, 4, 6, 8, 8] 
dagD23.txt 4_1x5.txt 0.4472361809045226 0.45 100.25 [0, 4, 4, 4, 4, 4, 0, 0, 0, 4, 4, 4, 0, 0, 0, 4, 4, 0, 0, 0, 4, 6, 6, 4, 6, 4, 0, 6, 4, 6, 6, 2, 0, 2, 0, 2, 8, 6, 6, 2, 4, 2, 6, 6, 2, 2, 8, 8, 8, 6, 8, 2, 8, 2, 2, 8, 8, 2, 8, 2, 8, 6, 2, 8, 2] 
dagD23.txt 4_1x5.txt 0.3869346733668342 0.4 124.5 [2, 2, 2, 0, 0, 0, 0, 0, 0, 2, 0, 0, 0, 0, 2, 2, 0, 0, 2, 2, 0, 6, 4, 0, 4, 2, 2, 4, 2, 6, 2, 0, 0, 4, 2, 4, 6, 2, 2, 2, 0, 6, 2, 4, 6, 4, 6, 6, 6, 4, 6, 4, 6, 4, 4, 4, 6, 4, 6, 4, 6, 2, 4, 6, 6] 
dagD23.txt 4_1x5.txt 0.6482412060301508 1 84.0 [0, 8, 2, 4, 2, 4, 4, 6, 2, 2, 4, 8, 4, 2, 2, 5, 4, 2, 2, 6, 6, 0, 7, 8, 4, 5, 0, 7, 8, 0, 0, 2, 2, 4, 0, 3, 6, 0, 0, 2, 6, 2, 0, 8, 6, 1, 9, 0, 6, 3, 8, 4, 6, 8, 4, 8, 9, 8, 8, 5, 6, 0, 8, 8, 6] 
dagD23.txt 4_1x5.txt 0.3417085427135678 0.35 164.0 [0, 2, 2, 2, 2, 2, 2, 2, 2, 2, 2, 2, 2, 2, 0, 0, 2, 2, 0, 0, 2, 0, 0, 2, 2, 0, 0, 4, 2, 0, 0, 2, 2, 4, 0, 0, 6, 0, 0, 2, 0, 2, 0, 0, 4, 4, 4, 4, 4, 0, 4, 4, 4, 4, 4, 4, 4, 4, 4, 0, 4, 0, 4, 4, 4] 
dagD23.txt 4_1x5.txt 0.6381909547738693 0.7 84.5 [1, 2, 2, 2, 4, 2, 8, 4, 2, 4, 8, 2, 4, 4, 5, 4, 4, 4, 6, 5, 2, 8, 1, 2, 2, 6, 6, 7, 2, 8, 5, 9, 4, 7, 6, 0, 8, 2, 3, 4, 2, 5, 3, 6, 8, 8, 0, 0, 8, 6, 4, 6, 0, 0, 6, 0, 0, 0, 0, 6, 0, 3, 0, 6, 8] 
dagD23.txt 3_2x3.txt 0.08040201005025126 0.1 580.0 [0, 0, 0, 0, 0, 0, 0, 0, 0, 0, 0, 0, 0, 0, 0, 0, 0, 0, 0, 0, 0, 0, 0, 0, 0, 0, 0, 0, 0, 0, 0, 0, 0, 0, 0, 0, 0, 0, 0, 0, 0, 0, 0, 0, 0, 0, 0, 0, 0, 0, 2, 2, 0, 0, 0, 2, 0, 0, 2, 2, 0, 0, 0, 2, 2] 
dagD23.txt 3_2x3.txt 0.1457286432160804 0.15 427.6666666666667 [0, 0, 0, 0, 0, 0, 0, 0, 0, 0, 0, 0, 0, 0, 0, 0, 0, 0, 0, 0, 0, 0, 0, 0, 0, 0, 0, 0, 0, 0, 0, 0, 0, 2, 0, 2, 0, 0, 0, 0, 0, 2, 0, 0, 2, 2, 2, 2, 2, 0, 2, 2, 2, 2, 2, 2, 2, 2, 2, 2, 2, 0, 2, 2, 2] 
dagD23.txt 3_2x3.txt 0.5477386934673367 0.6 136.0 [2, 2, 2, 5, 0, 0, 2, 3, 5, 2, 0, 2, 0, 0, 2, 2, 0, 0, 2, 3, 5, 0, 3, 2, 5, 2, 2, 4, 2, 0, 0, 0, 0, 4, 2, 3, 4, 0, 1, 0, 5, 1, 1, 5, 3, 3, 4, 1, 3, 5, 4, 4, 4, 1, 4, 1, 1, 0, 4, 4, 1, 1, 1, 4, 4] 
dagD23.txt 3_2x3.txt 0.5477386934673367 0.55 139.0 [1, 4, 4, 3, 0, 0, 4, 0, 0, 1, 5, 4, 0, 0, 0, 4, 0, 0, 4, 0, 3, 0, 1, 3, 3, 4, 0, 4, 4, 0, 0, 4, 0, 1, 4, 2, 3, 0, 5, 0, 3, 2, 5, 3, 2, 1, 2, 2, 5, 4, 2, 1, 2, 2, 1, 4, 2, 2, 2, 1, 2, 5, 3, 2, 1] 
dagD23.txt 3_2x3.txt 0.5979899497487438 0.7 132.0 [0, 0, 0, 2, 0, 2, 5, 0, 4, 0, 4, 0, 0, 5, 0, 3, 2, 0, 2, 0, 0, 4, 2, 2, 2, 3, 0, 5, 0, 4, 0, 2, 5, 2, 1, 2, 5, 2, 3, 0, 2, 0, 3, 5, 4, 1, 4, 1, 4, 3, 4, 1, 4, 0, 1, 3, 4, 3, 4, 1, 1, 3, 3, 4, 1] 
dagD23.txt 3_2x3.txt 0.19597989949748743 0.2 327.6666666666667 [2, 2, 2, 2, 2, 2, 2, 2, 2, 2, 2, 2, 2, 2, 2, 0, 2, 2, 2, 2, 2, 2, 2, 2, 2, 0, 2, 2, 2, 2, 2, 2, 2, 0, 0, 0, 0, 2, 0, 2, 0, 0, 0, 0, 0, 0, 0, 0, 0, 0, 0, 0, 0, 0, 0, 0, 0, 0, 0, 0, 0, 2, 0, 0, 0] 
dagD23.txt 3_2x3.txt 0.49748743718592964 0.5 139.0 [2, 2, 2, 0, 0, 0, 2, 4, 4, 2, 2, 0, 4, 4, 2, 0, 0, 2, 2, 4, 4, 4, 5, 0, 0, 0, 2, 5, 2, 4, 4, 1, 4, 5, 2, 3, 4, 4, 0, 2, 4, 3, 0, 4, 1, 5, 1, 3, 1, 0, 1, 5, 1, 3, 5, 0, 3, 3, 1, 5, 3, 0, 3, 1, 5] 
dagD23.txt 3_2x3.txt 0.4221105527638191 0.45 163.33333333333334 [2, 2, 2, 4, 4, 4, 4, 4, 4, 2, 4, 2, 4, 4, 2, 2, 4, 4, 2, 2, 4, 4, 3, 2, 1, 2, 2, 3, 2, 4, 2, 0, 4, 3, 2, 0, 1, 4, 5, 2, 2, 0, 5, 1, 0, 0, 0, 0, 3, 1, 1, 2, 1, 0, 3, 1, 0, 0, 1, 2, 0, 5, 0, 0, 0] 
dagD23.txt 3_2x3.txt 0.34673366834170855 0.35 218.33333333333334 [2, 2, 2, 4, 2, 4, 4, 4, 4, 2, 4, 2, 4, 4, 2, 2, 4, 2, 2, 2, 4, 4, 0, 2, 4, 2, 2, 1, 2, 4, 4, 2, 2, 0, 2, 2, 4, 4, 2, 2, 2, 2, 4, 4, 0, 0, 0, 0, 0, 4, 0, 0, 0, 0, 0, 0, 0, 2, 0, 0, 0, 4, 0, 0, 0] 
dagD23.txt 3_2x3.txt 0.5376884422110553 0.65 132.66666666666666 [0, 0, 0, 5, 2, 5, 4, 2, 2, 0, 2, 0, 0, 0, 0, 1, 5, 0, 0, 2, 2, 2, 3, 1, 5, 1, 0, 3, 0, 2, 2, 2, 0, 3, 0, 2, 2, 5, 5, 0, 2, 2, 5, 1, 1, 3, 4, 4, 4, 1, 4, 3, 1, 4, 3, 1, 4, 4, 4, 3, 4, 5, 4, 4, 3] 
dagD23.txt 3_2x3.txt 0.2914572864321608 0.3 245.33333333333334 [4, 0, 0, 0, 0, 0, 0, 0, 0, 4, 0, 0, 0, 0, 0, 4, 0, 0, 4, 0, 0, 0, 4, 0, 0, 4, 4, 4, 0, 0, 4, 0, 0, 4, 4, 2, 2, 0, 4, 4, 0, 2, 4, 4, 2, 2, 2, 2, 2, 4, 2, 4, 2, 2, 4, 2, 2, 2, 2, 4, 2, 4, 2, 2, 2] 
dagD23.txt 3_2x3.txt 0.23115577889447236 0.25 298.6666666666667 [0, 0, 0, 0, 0, 0, 0, 0, 0, 0, 0, 0, 0, 0, 0, 0, 0, 0, 0, 0, 0, 2, 4, 0, 0, 0, 0, 4, 0, 2, 2, 2, 0, 4, 0, 2, 2, 2, 2, 0, 0, 2, 2, 2, 2, 2, 2, 2, 2, 0, 2, 1, 2, 2, 2, 2, 2, 2, 2, 1, 2, 2, 2, 2, 1] 
dagD23.txt 3_2x3.txt 0.3969849246231156 0.4 200.66666666666666 [0, 4, 0, 4, 4, 4, 0, 0, 0, 4, 4, 4, 0, 0, 0, 0, 4, 0, 0, 0, 0, 0, 3, 4, 3, 4, 0, 3, 4, 0, 0, 1, 0, 3, 0, 1, 2, 0, 1, 0, 4, 1, 1, 3, 2, 1, 2, 2, 2, 3, 2, 2, 2, 2, 2, 3, 2, 1, 2, 2, 2, 1, 2, 2, 2] 
dagD23.txt 3_2x3.txt 0.542713567839196 1 134.5 [2, 2, 2, 0, 0, 2, 0, 1, 1, 2, 0, 2, 0, 1, 2, 2, 0, 0, 2, 1, 1, 4, 0, 2, 0, 2, 4, 2, 2, 4, 1, 1, 0, 3, 2, 1, 3, 5, 5, 2, 1, 0, 5, 3, 4, 5, 4, 4, 4, 3, 3, 4, 0, 4, 3, 3, 4, 5, 0, 4, 4, 5, 3, 4, 5] 
dagD23.txt 5_4_3_2x5.txt 0.09045226130653267 0.1 335.8 [16, 16, 16, 16, 16, 16, 16, 16, 16, 16, 16, 16, 16, 16, 16, 16, 16, 16, 16, 16, 16, 16, 16, 16, 16, 16, 16, 8, 16, 16, 16, 16, 16, 8, 16, 12, 16, 16, 0, 16, 16, 16, 0, 16, 16, 16, 16, 16, 16, 16, 16, 16, 16, 16, 16, 16, 4, 16, 16, 16, 16, 0, 16, 4, 16] 
dagD23.txt 3_2x3.txt 0.6633165829145728 0.8 134.0 [1, 0, 0, 2, 0, 0, 5, 0, 2, 1, 4, 0, 0, 3, 0, 5, 2, 0, 3, 0, 0, 4, 4, 0, 1, 1, 0, 5, 0, 4, 0, 4, 5, 2, 0, 4, 5, 4, 3, 0, 0, 0, 3, 3, 4, 4, 2, 2, 3, 1, 5, 1, 2, 4, 2, 1, 2, 4, 2, 1, 2, 3, 1, 2, 4] 
dagD23.txt 3_2x3.txt 0.6080402010050251 0.9 134.33333333333334 [4, 0, 0, 2, 2, 2, 2, 5, 2, 5, 2, 0, 2, 2, 4, 0, 2, 2, 4, 5, 5, 0, 3, 2, 0, 5, 4, 5, 0, 0, 3, 0, 2, 1, 4, 1, 5, 0, 1, 4, 5, 1, 1, 4, 4, 0, 3, 0, 4, 3, 3, 2, 3, 4, 1, 3, 4, 1, 3, 1, 4, 0, 4, 3, 1] 
dagD23.txt 5_4_3_2x5.txt 0.1457286432160804 0.15 258.6 [0, 0, 0, 0, 0, 0, 0, 0, 0, 0, 0, 0, 0, 0, 0, 0, 0, 0, 0, 0, 0, 0, 0, 0, 0, 0, 0, 0, 0, 0, 0, 0, 0, 4, 0, 0, 4, 0, 0, 0, 0, 0, 0, 0, 4, 4, 4, 4, 4, 0, 4, 4, 4, 4, 4, 4, 4, 4, 4, 4, 4, 0, 4, 4, 4] 
dagD23.txt 5_4_3_2x5.txt 0.5477386934673367 0.55 57.2 [0, 12, 0, 12, 4, 12, 4, 4, 4, 0, 12, 12, 4, 4, 0, 0, 4, 4, 0, 9, 12, 9, 16, 12, 16, 0, 0, 16, 12, 9, 9, 5, 4, 8, 0, 13, 9, 9, 5, 0, 9, 5, 5, 16, 8, 13, 1, 1, 8, 16, 1, 13, 8, 8, 8, 1, 1, 5, 8, 13, 8, 5, 1, 1, 13] 
dagD23.txt 5_4_3_2x5.txt 0.23115577889447236 0.25 179.2 [0, 0, 0, 0, 0, 0, 0, 0, 0, 0, 0, 0, 0, 0, 0, 0, 0, 0, 0, 0, 0, 4, 8, 0, 0, 0, 0, 8, 0, 4, 4, 4, 0, 8, 0, 4, 4, 4, 4, 0, 0, 4, 4, 4, 4, 4, 4, 4, 4, 0, 4, 12, 4, 4, 4, 4, 4, 4, 4, 12, 4, 4, 4, 4, 12] 
dagD23.txt 5_4_3_2x5.txt 0.19597989949748743 0.2 196.6 [4, 4, 4, 4, 4, 4, 4, 4, 4, 4, 4, 4, 4, 4, 4, 0, 4, 4, 4, 4, 4, 4, 4, 4, 4, 0, 4, 4, 4, 4, 4, 4, 4, 0, 0, 0, 0, 4, 0, 4, 0, 0, 0, 0, 0, 0, 0, 0, 0, 0, 0, 0, 0, 0, 0, 0, 0, 0, 0, 0, 0, 4, 0, 0, 0] 
dagD23.txt 5_4_3_2x5.txt 0.49748743718592964 0.5 66.0 [0, 0, 0, 5, 5, 5, 0, 4, 4, 0, 5, 5, 4, 4, 0, 1, 5, 0, 0, 4, 4, 4, 16, 5, 5, 1, 0, 16, 0, 4, 4, 12, 4, 16, 0, 12, 8, 4, 1, 0, 4, 12, 1, 1, 8, 16, 8, 12, 8, 1, 8, 16, 8, 12, 16, 1, 12, 12, 8, 16, 12, 1, 12, 8, 16] 
dagD23.txt 5_4_3_2x5.txt 0.2914572864321608 0.3 147.2 [8, 0, 0, 0, 0, 0, 0, 0, 0, 8, 0, 0, 0, 0, 0, 8, 0, 0, 8, 0, 0, 0, 8, 0, 0, 8, 8, 8, 0, 0, 8, 0, 0, 8, 8, 4, 4, 0, 8, 8, 0, 4, 8, 8, 4, 4, 4, 4, 4, 8, 4, 8, 4, 4, 8, 4, 4, 4, 4, 8, 4, 8, 4, 4, 4] 
dagD23.txt 5_4_3_2x5.txt 0.34673366834170855 0.35 131.8 [4, 0, 4, 0, 0, 0, 0, 0, 0, 0, 0, 0, 0, 0, 4, 4, 0, 0, 4, 4, 0, 4, 0, 0, 0, 4, 4, 0, 8, 4, 4, 0, 0, 8, 4, 4, 4, 4, 4, 8, 4, 4, 4, 4, 8, 8, 8, 8, 8, 4, 8, 8, 8, 8, 8, 8, 8, 8, 8, 8, 8, 4, 8, 8, 8] 
dagD23.txt 5_4_3_2x5.txt 0.4472361809045226 0.45 79.0 [1, 12, 12, 0, 0, 0, 0, 0, 0, 1, 0, 12, 0, 0, 12, 12, 0, 0, 12, 12, 0, 8, 1, 12, 1, 12, 12, 1, 12, 8, 12, 4, 0, 16, 12, 4, 8, 4, 4, 12, 12, 4, 4, 16, 8, 4, 8, 4, 8, 16, 8, 16, 8, 4, 16, 16, 8, 4, 8, 16, 4, 4, 16, 8, 8] 
dagD23.txt 5_4_3_2x5.txt 0.3869346733668342 0.4 99.6 [4, 4, 4, 0, 0, 0, 0, 0, 0, 4, 0, 0, 0, 0, 4, 4, 0, 0, 4, 4, 0, 12, 8, 0, 8, 4, 4, 8, 4, 12, 4, 0, 0, 8, 4, 8, 12, 4, 4, 4, 0, 12, 4, 8, 12, 8, 12, 12, 12, 8, 12, 8, 12, 8, 8, 8, 12, 8, 12, 8, 12, 4, 8, 12, 12] 
dagD23.txt 5_4_3_2x5.txt 0.6432160804020101 0.65 39.4 [12, 14, 8, 16, 5, 14, 8, 5, 10, 5, 10, 14, 8, 5, 12, 16, 5, 8, 12, 0, 16, 0, 2, 14, 17, 16, 12, 16, 8, 0, 0, 6, 8, 2, 12, 6, 13, 0, 0, 8, 16, 6, 0, 17, 1, 9, 1, 4, 1, 17, 13, 9, 1, 4, 2, 4, 4, 4, 1, 9, 4, 0, 4, 13, 9] 
dagD23.txt 5_4_3_2x5.txt 0.7738693467336684 0.8 31.666666666666668 [12, 0, 0, 17, 8, 17, 7, 8, 16, 2, 11, 0, 8, 8, 0, 16, 8, 8, 18, 4, 17, 4, 2, 17, 14, 2, 1, 3, 0, 4, 4, 0, 16, 13, 1, 9, 6, 18, 4, 16, 17, 9, 4, 10, 5, 14, 1, 12, 10, 15, 6, 13, 5, 9, 13, 12, 1, 9, 5, 1, 12, 4, 9, 19, 13] 
dagD23.txt 5_4_3_2x5.txt 0.5979899497487438 0.6 48.2 [4, 1, 1, 16, 0, 0, 0, 0, 2, 17, 2, 1, 0, 0, 4, 1, 0, 0, 4, 4, 16, 16, 17, 1, 16, 1, 4, 17, 1, 16, 4, 5, 0, 13, 4, 9, 8, 16, 5, 4, 1, 5, 5, 9, 12, 6, 8, 12, 12, 9, 8, 13, 8, 9, 13, 9, 12, 5, 8, 13, 12, 5, 9, 8, 6] 
dagD23.txt 5_4_3_2x5.txt 0.8693467336683417 1 31.333333333333332 [5, 0, 12, 9, 4, 1, 6, 16, 5, 4, 10, 12, 12, 9, 12, 18, 8, 4, 14, 4, 16, 8, 1, 16, 10, 4, 4, 17, 12, 8, 4, 13, 17, 1, 12, 3, 14, 17, 7, 4, 16, 0, 16, 2, 0, 9, 0, 15, 19, 18, 2, 6, 8, 0, 1, 8, 13, 5, 8, 1, 0, 16, 0, 13, 11] 
dagD23.txt 5_4_3_2x5.txt 0.6934673366834171 0.7 35.4 [8, 7, 8, 12, 12, 12, 17, 0, 13, 7, 12, 12, 0, 13, 17, 5, 9, 8, 8, 0, 0, 0, 18, 12, 9, 9, 8, 18, 8, 0, 0, 17, 13, 10, 17, 16, 6, 16, 5, 8, 9, 16, 5, 2, 1, 14, 4, 4, 1, 2, 4, 3, 1, 16, 10, 10, 4, 16, 1, 3, 6, 5, 10, 4, 14] 
dagD23.txt 4_1x1.txt 0.08040201005025126 0.1 445.75 [0, 0, 0, 0, 0, 0, 0, 0, 0, 0, 0, 0, 0, 0, 0, 0, 0, 0, 0, 0, 0, 0, 0, 0, 0, 0, 0, 0, 0, 0, 0, 0, 0, 0, 0, 0, 1, 0, 0, 0, 0, 0, 0, 1, 0, 0, 0, 0, 0, 0, 0, 0, 0, 0, 0, 0, 1, 0, 0, 0, 0, 0, 0, 1, 0] 
dagD23.txt 5_4_3_2x5.txt 0.8693467336683417 0.9 31.333333333333332 [5, 0, 12, 9, 4, 1, 6, 16, 5, 4, 10, 12, 12, 9, 12, 18, 8, 4, 14, 4, 16, 8, 1, 16, 10, 4, 4, 17, 12, 8, 4, 13, 17, 1, 12, 3, 14, 17, 7, 4, 16, 0, 16, 2, 0, 9, 0, 15, 19, 18, 2, 6, 8, 0, 1, 8, 13, 5, 8, 1, 0, 16, 0, 13, 11] 
dagD23.txt 4_1x1.txt 0.12562814070351758 0.15 401.0 [0, 0, 0, 0, 0, 0, 0, 0, 0, 0, 0, 0, 0, 0, 0, 0, 0, 0, 0, 0, 0, 0, 1, 0, 0, 0, 0, 1, 0, 0, 0, 0, 0, 1, 0, 0, 0, 0, 1, 0, 0, 0, 1, 0, 0, 1, 0, 0, 0, 0, 0, 1, 1, 0, 1, 0, 0, 0, 1, 1, 0, 1, 0, 0, 1] 
dagD23.txt 4_1x1.txt 0.16080402010050251 0.6 392.25 [0, 0, 0, 0, 0, 0, 0, 0, 0, 0, 0, 0, 0, 0, 0, 1, 0, 0, 0, 0, 0, 0, 1, 1, 1, 1, 0, 1, 0, 0, 0, 0, 0, 0, 0, 0, 0, 0, 1, 0, 1, 0, 1, 1, 0, 0, 0, 0, 0, 1, 0, 0, 0, 0, 0, 0, 0, 0, 0, 0, 0, 1, 0, 0, 0] 
dagD23.txt 4_1x1.txt 0.16080402010050251 0.55 392.25 [0, 0, 0, 0, 0, 0, 0, 0, 0, 0, 0, 0, 0, 0, 0, 1, 0, 0, 0, 0, 0, 0, 1, 1, 1, 1, 0, 1, 0, 0, 0, 0, 0, 0, 0, 0, 0, 0, 1, 0, 1, 0, 1, 1, 0, 0, 0, 0, 0, 1, 0, 0, 0, 0, 0, 0, 0, 0, 0, 0, 0, 1, 0, 0, 0] 
dagD23.txt 4_1x1.txt 0.16080402010050251 0.65 392.25 [0, 0, 0, 0, 0, 0, 0, 0, 0, 0, 0, 0, 0, 0, 0, 1, 0, 0, 0, 0, 0, 0, 1, 1, 1, 1, 0, 1, 0, 0, 0, 0, 0, 0, 0, 0, 0, 0, 1, 0, 1, 0, 1, 1, 0, 0, 0, 0, 0, 1, 0, 0, 0, 0, 0, 0, 0, 0, 0, 0, 0, 1, 0, 0, 0] 
dagD23.txt 4_1x1.txt 0.19095477386934673 0.2 393.25 [0, 0, 0, 0, 0, 0, 1, 0, 0, 0, 1, 0, 0, 0, 0, 0, 0, 0, 0, 0, 0, 0, 1, 0, 1, 0, 0, 1, 0, 0, 0, 0, 0, 1, 0, 0, 1, 0, 0, 0, 0, 0, 0, 1, 0, 0, 0, 0, 1, 0, 0, 0, 0, 0, 0, 0, 0, 0, 0, 0, 0, 0, 0, 0, 0] 
dagD23.txt 4_1x1.txt 0.16080402010050251 0.35 392.25 [0, 0, 0, 0, 0, 0, 0, 0, 1, 0, 1, 0, 0, 0, 0, 0, 0, 0, 0, 0, 0, 0, 0, 0, 0, 0, 0, 1, 0, 0, 0, 1, 0, 1, 0, 0, 1, 0, 1, 0, 0, 1, 1, 0, 0, 0, 0, 0, 0, 0, 0, 0, 0, 0, 0, 0, 0, 1, 0, 0, 0, 1, 0, 0, 0] 
dagD23.txt 4_1x1.txt 0.16080402010050251 0.5 392.25 [0, 0, 0, 0, 0, 0, 0, 0, 0, 0, 0, 0, 0, 0, 0, 1, 0, 0, 0, 0, 0, 0, 1, 1, 1, 1, 0, 1, 0, 0, 0, 0, 0, 0, 0, 0, 0, 0, 1, 0, 1, 0, 1, 1, 0, 0, 0, 0, 0, 1, 0, 0, 0, 0, 0, 0, 0, 0, 0, 0, 0, 1, 0, 0, 0] 
dagD23.txt 4_1x1.txt 0.16080402010050251 1 392.25 [0, 0, 0, 0, 0, 0, 0, 0, 0, 0, 0, 0, 0, 0, 0, 1, 0, 0, 0, 0, 0, 0, 1, 1, 1, 1, 0, 1, 0, 0, 0, 0, 0, 0, 0, 0, 0, 0, 1, 0, 1, 0, 1, 1, 0, 0, 0, 0, 0, 1, 0, 0, 0, 0, 0, 0, 0, 0, 0, 0, 0, 1, 0, 0, 0] 
dagD23.txt 4_1x1.txt 0.16080402010050251 0.3 392.25 [0, 0, 0, 0, 0, 0, 0, 0, 0, 0, 1, 0, 0, 0, 0, 0, 0, 0, 0, 0, 0, 0, 0, 0, 0, 0, 0, 1, 0, 0, 0, 1, 0, 1, 0, 1, 1, 0, 0, 0, 0, 1, 0, 0, 0, 0, 0, 1, 0, 0, 0, 0, 0, 0, 0, 0, 1, 0, 0, 0, 0, 0, 0, 1, 0] 
dagD23.txt 4_1x1.txt 0.1457286432160804 0.45 392.5 [0, 0, 0, 0, 0, 0, 0, 0, 0, 0, 0, 0, 0, 0, 0, 0, 0, 0, 0, 0, 0, 0, 0, 0, 0, 0, 0, 0, 0, 0, 0, 1, 0, 1, 0, 0, 1, 0, 1, 0, 0, 1, 1, 0, 0, 0, 1, 1, 0, 0, 0, 0, 0, 0, 0, 0, 1, 1, 0, 0, 0, 1, 0, 1, 0] 
dagD23.txt 4_1x1.txt 0.1306532663316583 0.4 393.0 [0, 0, 0, 0, 0, 0, 0, 0, 0, 0, 0, 0, 0, 0, 0, 0, 0, 0, 0, 0, 0, 0, 0, 0, 1, 0, 0, 1, 0, 0, 0, 0, 0, 1, 0, 0, 1, 0, 0, 0, 0, 0, 0, 1, 0, 0, 0, 0, 0, 1, 0, 0, 0, 0, 1, 1, 1, 0, 0, 0, 0, 0, 1, 1, 0] 
dagD23.txt 4_1x1.txt 0.17587939698492464 0.25 392.25 [0, 0, 0, 0, 0, 0, 1, 0, 0, 0, 1, 0, 0, 0, 0, 0, 0, 0, 0, 0, 0, 0, 1, 0, 1, 0, 0, 1, 0, 0, 0, 0, 0, 1, 0, 0, 1, 0, 0, 0, 0, 0, 0, 1, 0, 0, 0, 0, 0, 0, 0, 0, 0, 0, 1, 1, 0, 0, 0, 0, 0, 0, 1, 0, 0] 
dagD23.txt 5_4_3_2x3.txt 0.08542713567839195 0.1 360.8 [4, 4, 4, 4, 4, 4, 4, 4, 4, 4, 4, 4, 4, 4, 4, 4, 4, 4, 4, 4, 4, 4, 4, 4, 4, 4, 4, 4, 4, 4, 4, 4, 4, 4, 4, 4, 0, 4, 4, 4, 4, 4, 4, 0, 4, 4, 4, 4, 4, 4, 4, 0, 4, 4, 4, 4, 4, 4, 4, 0, 4, 4, 4, 4, 4] 
dagD23.txt 4_1x1.txt 0.16080402010050251 0.7 392.25 [0, 0, 0, 0, 0, 0, 0, 0, 0, 0, 0, 0, 0, 0, 0, 1, 0, 0, 0, 0, 0, 0, 1, 1, 1, 1, 0, 1, 0, 0, 0, 0, 0, 0, 0, 0, 0, 0, 1, 0, 1, 0, 1, 1, 0, 0, 0, 0, 0, 1, 0, 0, 0, 0, 0, 0, 0, 0, 0, 0, 0, 1, 0, 0, 0] 
dagD23.txt 4_1x1.txt 0.16080402010050251 0.8 392.25 [0, 0, 0, 0, 0, 0, 0, 0, 0, 0, 0, 0, 0, 0, 0, 1, 0, 0, 0, 0, 0, 0, 1, 1, 1, 1, 0, 1, 0, 0, 0, 0, 0, 0, 0, 0, 0, 0, 1, 0, 1, 0, 1, 1, 0, 0, 0, 0, 0, 1, 0, 0, 0, 0, 0, 0, 0, 0, 0, 0, 0, 1, 0, 0, 0] 
dagD23.txt 4_1x1.txt 0.16080402010050251 0.9 392.25 [0, 0, 0, 0, 0, 0, 0, 0, 0, 0, 0, 0, 0, 0, 0, 1, 0, 0, 0, 0, 0, 0, 1, 1, 1, 1, 0, 1, 0, 0, 0, 0, 0, 0, 0, 0, 0, 0, 1, 0, 1, 0, 1, 1, 0, 0, 0, 0, 0, 1, 0, 0, 0, 0, 0, 0, 0, 0, 0, 0, 0, 1, 0, 0, 0] 
dagD23.txt 5_4_3_2x3.txt 0.1457286432160804 0.15 262.6 [0, 0, 0, 0, 0, 0, 0, 0, 0, 0, 0, 0, 0, 0, 0, 0, 0, 0, 0, 0, 0, 0, 0, 0, 0, 0, 0, 0, 0, 0, 0, 0, 0, 0, 0, 4, 0, 0, 0, 0, 0, 4, 0, 0, 4, 4, 4, 4, 4, 0, 4, 4, 4, 4, 4, 4, 4, 4, 4, 4, 4, 0, 4, 4, 4] 
dagD23.txt 5_4_3_2x3.txt 0.19095477386934673 0.2 196.4 [0, 0, 0, 0, 0, 0, 0, 0, 0, 0, 0, 0, 0, 0, 0, 0, 0, 0, 0, 0, 0, 0, 4, 0, 4, 0, 0, 4, 0, 0, 0, 0, 0, 4, 0, 0, 4, 0, 4, 0, 0, 4, 4, 4, 4, 4, 4, 4, 4, 4, 4, 4, 4, 4, 4, 4, 4, 4, 4, 4, 4, 4, 4, 4, 4] 
dagD23.txt 5_4_3_2x3.txt 0.5477386934673367 0.55 67.66666666666667 [0, 0, 0, 10, 4, 0, 0, 4, 4, 4, 4, 0, 0, 4, 0, 6, 10, 4, 0, 8, 8, 8, 6, 0, 10, 6, 4, 6, 0, 8, 8, 1, 4, 9, 6, 1, 2, 8, 8, 4, 8, 1, 8, 9, 5, 5, 2, 1, 5, 9, 2, 5, 2, 1, 9, 9, 9, 1, 2, 5, 1, 8, 9, 2, 5] 
dagD23.txt 5_4_3_2x3.txt 0.7185929648241206 0.8 49.333333333333336 [5, 10, 10, 0, 4, 0, 11, 0, 5, 5, 4, 4, 4, 2, 5, 10, 0, 4, 5, 3, 0, 2, 4, 0, 9, 0, 1, 4, 10, 2, 3, 4, 2, 7, 10, 1, 9, 3, 8, 5, 3, 1, 8, 7, 6, 6, 1, 8, 9, 8, 1, 0, 9, 1, 7, 8, 8, 1, 9, 0, 6, 8, 8, 11, 6] 
dagD23.txt 5_4_3_2x3.txt 0.48743718592964824 0.5 76.8 [4, 4, 4, 6, 8, 8, 8, 8, 6, 8, 6, 4, 8, 8, 4, 4, 8, 8, 4, 4, 6, 2, 9, 4, 8, 4, 4, 9, 4, 2, 9, 8, 8, 9, 4, 0, 5, 2, 2, 4, 4, 0, 2, 9, 1, 0, 0, 0, 0, 5, 5, 1, 1, 0, 1, 5, 0, 0, 5, 1, 0, 2, 0, 0, 1] 
dagD23.txt 5_4_3_2x3.txt 0.3969849246231156 0.4 120.4 [0, 8, 0, 8, 8, 8, 0, 0, 0, 8, 8, 8, 0, 0, 0, 0, 8, 0, 0, 0, 0, 0, 5, 8, 5, 8, 0, 5, 8, 0, 0, 1, 0, 5, 0, 1, 4, 0, 1, 0, 8, 1, 1, 5, 4, 1, 4, 4, 4, 5, 4, 4, 4, 4, 4, 5, 4, 1, 4, 4, 4, 1, 4, 4, 4] 
dagD23.txt 5_4_3_2x3.txt 0.4472361809045226 0.45 91.75 [9, 1, 1, 0, 0, 0, 0, 0, 0, 9, 0, 1, 0, 0, 1, 1, 0, 0, 1, 1, 0, 8, 9, 1, 9, 1, 1, 9, 1, 8, 1, 4, 0, 5, 1, 4, 8, 4, 4, 1, 1, 4, 4, 5, 8, 4, 8, 4, 8, 5, 8, 5, 8, 4, 5, 5, 8, 4, 8, 5, 4, 4, 5, 8, 8] 
dagD23.txt 5_4_3_2x3.txt 0.6934673366834171 0.7 48.8 [1, 7, 7, 10, 5, 5, 10, 5, 8, 4, 8, 7, 5, 5, 1, 4, 5, 4, 1, 4, 8, 8, 0, 4, 10, 4, 4, 8, 7, 8, 9, 0, 4, 0, 1, 0, 5, 9, 9, 4, 4, 3, 9, 1, 6, 9, 2, 3, 6, 8, 2, 0, 6, 11, 0, 11, 2, 11, 6, 1, 3, 9, 11, 2, 0] 
dagD23.txt 5_4_3_2x3.txt 0.3417085427135678 0.35 130.6 [4, 4, 4, 8, 4, 8, 4, 8, 8, 8, 8, 4, 4, 4, 4, 8, 8, 4, 4, 4, 8, 4, 8, 8, 8, 8, 4, 8, 4, 4, 4, 4, 4, 0, 4, 4, 1, 4, 8, 4, 8, 4, 8, 8, 0, 0, 0, 0, 0, 8, 0, 0, 0, 4, 0, 0, 0, 0, 0, 0, 0, 8, 0, 0, 0] 
dagD23.txt 5_4_3_2x3.txt 0.6381909547738693 0.65 50.0 [9, 1, 1, 1, 0, 6, 6, 0, 11, 9, 6, 1, 0, 0, 1, 8, 6, 0, 11, 0, 2, 2, 9, 1, 9, 8, 0, 9, 1, 2, 0, 5, 0, 3, 8, 4, 7, 2, 10, 0, 8, 4, 10, 7, 2, 8, 4, 4, 3, 5, 5, 8, 5, 4, 3, 5, 4, 4, 5, 8, 4, 10, 4, 10, 8] 
dagD23.txt 5_4_3_2x3.txt 0.2914572864321608 0.3 147.2 [8, 0, 0, 0, 0, 0, 0, 0, 0, 8, 0, 0, 0, 0, 0, 8, 0, 0, 8, 0, 0, 0, 8, 0, 0, 8, 8, 8, 0, 0, 8, 0, 0, 8, 8, 4, 4, 0, 8, 8, 0, 4, 8, 8, 4, 4, 4, 4, 4, 8, 4, 8, 4, 4, 8, 4, 4, 4, 4, 8, 4, 8, 4, 4, 4] 
dagD23.txt 5_4_3_2x3.txt 0.23115577889447236 0.25 179.2 [0, 0, 0, 0, 0, 0, 0, 0, 0, 0, 0, 0, 0, 0, 0, 0, 0, 0, 0, 0, 0, 4, 8, 0, 0, 0, 0, 8, 0, 4, 4, 4, 0, 8, 0, 4, 4, 4, 4, 0, 0, 4, 4, 4, 4, 4, 4, 4, 4, 0, 4, 1, 4, 4, 4, 4, 4, 4, 4, 1, 4, 4, 4, 4, 1] 
dagD23.txt 5_4_3_2x3.txt 0.6934673366834171 1 49.4 [8, 0, 0, 2, 2, 2, 6, 4, 4, 0, 6, 0, 4, 4, 8, 0, 2, 8, 10, 8, 4, 4, 2, 0, 7, 0, 8, 7, 0, 4, 8, 11, 8, 9, 0, 8, 10, 4, 9, 8, 0, 8, 9, 3, 5, 6, 1, 1, 10, 5, 3, 11, 1, 4, 9, 5, 1, 5, 1, 9, 5, 9, 5, 1, 9] 
dagD23.txt 5_4_3_2x3.txt 0.5879396984924623 0.6 62.25 [9, 5, 5, 8, 4, 8, 4, 9, 8, 9, 8, 8, 9, 4, 5, 5, 4, 9, 5, 9, 8, 0, 2, 8, 2, 5, 9, 8, 5, 0, 9, 8, 9, 2, 5, 1, 4, 4, 4, 9, 5, 6, 4, 0, 0, 1, 6, 6, 0, 2, 0, 1, 0, 1, 1, 1, 6, 1, 0, 1, 0, 4, 1, 6, 6] 
dagD23.txt 4_1x4.txt 0.09045226130653267 0.1 442.5 [4, 4, 4, 4, 4, 4, 4, 4, 4, 4, 4, 4, 4, 4, 4, 4, 4, 4, 4, 4, 4, 4, 4, 4, 4, 4, 4, 4, 4, 4, 4, 4, 4, 4, 4, 4, 0, 4, 4, 4, 4, 4, 4, 4, 4, 4, 4, 4, 4, 4, 4, 0, 4, 4, 4, 4, 2, 4, 4, 0, 4, 4, 4, 2, 4] 
dagD23.txt 5_4_3_2x3.txt 0.6934673366834171 0.9 49.4 [8, 0, 0, 2, 2, 2, 6, 4, 4, 0, 6, 0, 4, 4, 8, 0, 2, 8, 10, 8, 4, 4, 2, 0, 7, 0, 8, 7, 0, 4, 8, 11, 8, 9, 0, 8, 10, 4, 9, 8, 0, 8, 9, 3, 5, 6, 1, 1, 10, 5, 3, 11, 1, 4, 9, 5, 1, 5, 1, 9, 5, 9, 5, 1, 9] 
dagD23.txt 4_1x4.txt 0.1457286432160804 0.15 323.25 [0, 0, 0, 0, 0, 0, 0, 0, 0, 0, 0, 0, 0, 0, 0, 0, 0, 0, 0, 0, 0, 0, 0, 0, 0, 0, 0, 0, 0, 0, 0, 0, 0, 2, 0, 0, 2, 0, 0, 0, 0, 0, 0, 0, 2, 2, 2, 2, 2, 0, 2, 2, 2, 2, 2, 2, 2, 2, 2, 2, 2, 0, 2, 2, 2] 
dagD23.txt 4_1x4.txt 0.19597989949748743 0.2 245.5 [2, 2, 2, 2, 2, 2, 2, 2, 2, 2, 2, 2, 2, 2, 2, 0, 2, 2, 2, 2, 2, 2, 2, 2, 2, 0, 2, 2, 0, 2, 2, 2, 2, 0, 0, 0, 0, 2, 0, 2, 2, 0, 0, 0, 0, 0, 0, 0, 0, 0, 0, 0, 0, 0, 0, 0, 0, 0, 0, 0, 0, 2, 0, 0, 0] 
dagD23.txt 4_1x4.txt 0.5226130653266332 0.55 109.0 [2, 2, 2, 0, 0, 0, 1, 0, 0, 2, 5, 0, 0, 0, 2, 5, 0, 0, 1, 2, 0, 6, 4, 0, 4, 2, 2, 7, 2, 6, 2, 0, 0, 4, 2, 4, 3, 2, 2, 2, 0, 6, 2, 3, 6, 4, 6, 6, 6, 4, 6, 4, 6, 4, 4, 4, 6, 4, 6, 4, 6, 2, 4, 6, 6] 
dagD23.txt 4_1x4.txt 0.44221105527638194 0.45 118.0 [2, 2, 2, 4, 4, 4, 4, 4, 4, 2, 4, 2, 4, 4, 2, 2, 4, 4, 1, 2, 4, 4, 6, 2, 6, 2, 2, 6, 2, 4, 2, 0, 4, 6, 2, 0, 6, 4, 3, 2, 2, 0, 3, 6, 0, 0, 0, 0, 6, 6, 6, 2, 6, 0, 6, 6, 0, 0, 6, 2, 0, 3, 0, 0, 0] 
dagD23.txt 4_1x4.txt 0.5527638190954773 0.7 101.0 [2, 2, 2, 0, 0, 0, 1, 0, 0, 2, 5, 0, 0, 0, 2, 5, 0, 0, 1, 2, 0, 6, 4, 0, 4, 2, 2, 7, 2, 6, 2, 0, 0, 4, 2, 4, 3, 2, 2, 2, 0, 6, 2, 3, 6, 4, 6, 6, 7, 4, 6, 4, 6, 4, 4, 4, 6, 4, 6, 4, 6, 2, 4, 6, 6] 
dagD23.txt 4_1x4.txt 0.5527638190954773 0.6 101.0 [2, 2, 2, 0, 0, 0, 1, 0, 0, 2, 5, 0, 0, 0, 2, 5, 0, 0, 1, 2, 0, 6, 4, 0, 4, 2, 2, 7, 2, 6, 2, 0, 0, 4, 2, 4, 3, 2, 2, 2, 0, 6, 2, 3, 6, 4, 6, 6, 7, 4, 6, 4, 6, 4, 4, 4, 6, 4, 6, 4, 6, 2, 4, 6, 6] 
dagD23.txt 4_1x4.txt 0.592964824120603 0.65 100.5 [1, 0, 0, 1, 4, 4, 4, 4, 4, 4, 4, 0, 0, 4, 0, 7, 4, 0, 4, 0, 4, 6, 1, 0, 2, 0, 0, 6, 0, 6, 6, 7, 0, 3, 0, 4, 6, 6, 6, 0, 0, 0, 6, 5, 6, 6, 2, 2, 6, 5, 2, 0, 2, 2, 3, 2, 2, 2, 2, 3, 2, 6, 2, 2, 3] 
dagD23.txt 4_1x4.txt 0.23115577889447236 0.25 224.0 [0, 0, 0, 0, 0, 0, 0, 0, 0, 0, 0, 0, 0, 0, 0, 0, 0, 0, 0, 0, 0, 2, 4, 0, 0, 0, 0, 4, 0, 2, 2, 2, 0, 4, 0, 2, 2, 2, 2, 0, 0, 2, 2, 2, 2, 2, 2, 2, 2, 0, 2, 6, 2, 2, 2, 2, 2, 2, 2, 6, 2, 2, 2, 2, 6] 
dagD23.txt 4_1x4.txt 0.48743718592964824 0.5 111.0 [2, 2, 2, 0, 0, 0, 1, 0, 0, 2, 5, 0, 0, 0, 2, 2, 0, 0, 1, 2, 0, 6, 4, 0, 4, 2, 2, 4, 2, 6, 2, 0, 0, 4, 2, 4, 3, 2, 2, 2, 0, 6, 2, 3, 6, 4, 6, 6, 6, 4, 6, 4, 6, 4, 4, 4, 6, 4, 6, 4, 6, 2, 4, 6, 6] 
dagD23.txt 4_1x4.txt 0.2914572864321608 0.3 184.0 [4, 0, 0, 0, 0, 0, 0, 0, 0, 4, 0, 0, 0, 0, 0, 4, 0, 0, 4, 0, 0, 0, 4, 0, 0, 4, 4, 4, 0, 0, 4, 0, 0, 4, 4, 2, 2, 0, 4, 4, 0, 2, 4, 4, 2, 2, 2, 2, 2, 4, 2, 4, 2, 2, 4, 2, 2, 2, 2, 4, 2, 4, 2, 2, 2] 
dagD23.txt 4_1x4.txt 0.34673366834170855 0.35 163.75 [2, 2, 2, 4, 2, 4, 4, 4, 4, 2, 4, 2, 4, 4, 2, 2, 4, 2, 2, 2, 4, 4, 0, 2, 4, 2, 2, 6, 2, 4, 4, 2, 2, 0, 2, 2, 4, 4, 2, 2, 2, 2, 4, 4, 0, 0, 0, 0, 0, 4, 0, 0, 0, 0, 0, 0, 0, 2, 0, 0, 0, 4, 0, 0, 0] 
dagD23.txt 4_1x4.txt 0.3869346733668342 0.4 124.5 [2, 2, 2, 0, 0, 0, 0, 0, 0, 2, 0, 0, 0, 0, 2, 2, 0, 0, 2, 2, 0, 6, 4, 0, 4, 2, 2, 4, 2, 6, 2, 0, 0, 4, 2, 4, 6, 2, 2, 2, 0, 6, 2, 4, 6, 4, 6, 6, 6, 4, 6, 4, 6, 4, 4, 4, 6, 4, 6, 4, 6, 2, 4, 6, 6] 
dagD23.txt 4_1x4.txt 0.5728643216080402 1 100.25 [6, 6, 6, 0, 0, 0, 1, 0, 0, 6, 5, 6, 0, 0, 6, 2, 0, 0, 3, 6, 6, 6, 0, 6, 0, 2, 4, 7, 6, 6, 6, 6, 0, 0, 2, 4, 1, 6, 2, 0, 6, 4, 2, 3, 4, 7, 4, 4, 5, 2, 4, 2, 4, 4, 2, 2, 4, 2, 4, 2, 4, 2, 2, 4, 2] 
dagD23.txt 4_1x4.txt 0.5527638190954773 0.9 101.0 [2, 2, 2, 0, 0, 0, 1, 0, 0, 2, 5, 0, 0, 0, 2, 5, 0, 0, 1, 2, 0, 6, 4, 0, 4, 2, 2, 7, 2, 6, 2, 0, 0, 4, 2, 4, 3, 2, 2, 2, 0, 6, 2, 3, 6, 4, 6, 6, 7, 4, 6, 4, 6, 4, 4, 4, 6, 4, 6, 4, 6, 2, 4, 6, 6] 
dagD23.txt 4_1x4.txt 0.5527638190954773 0.8 101.0 [2, 2, 2, 0, 0, 0, 1, 0, 0, 2, 5, 0, 0, 0, 2, 5, 0, 0, 1, 2, 0, 6, 4, 0, 4, 2, 2, 7, 2, 6, 2, 0, 0, 4, 2, 4, 3, 2, 2, 2, 0, 6, 2, 3, 6, 4, 6, 6, 7, 4, 6, 4, 6, 4, 4, 4, 6, 4, 6, 4, 6, 2, 4, 6, 6] 
dagD23.txt 4_1x2.txt 0.08040201005025126 0.1 435.0 [0, 0, 0, 0, 0, 0, 0, 0, 0, 0, 0, 0, 0, 0, 0, 0, 0, 0, 0, 0, 0, 0, 0, 0, 0, 0, 0, 0, 0, 0, 0, 0, 0, 0, 0, 0, 0, 0, 0, 0, 0, 0, 0, 0, 0, 0, 0, 0, 0, 0, 2, 2, 0, 0, 0, 2, 0, 0, 2, 2, 0, 0, 0, 2, 2] 
dagD23.txt 4_1x2.txt 0.12562814070351758 0.15 390.0 [0, 0, 0, 0, 0, 0, 0, 0, 0, 0, 0, 0, 0, 0, 0, 0, 0, 0, 0, 0, 0, 0, 2, 0, 0, 0, 0, 2, 0, 0, 0, 0, 0, 2, 0, 0, 0, 0, 1, 0, 0, 0, 1, 0, 0, 2, 0, 0, 0, 0, 0, 2, 2, 0, 2, 0, 0, 0, 2, 2, 0, 1, 0, 0, 2] 
dagD23.txt 4_1x2.txt 0.46733668341708545 0.7 196.75 [3, 0, 0, 1, 3, 3, 2, 0, 1, 3, 2, 0, 0, 2, 0, 2, 3, 0, 2, 0, 0, 0, 3, 0, 3, 0, 2, 1, 0, 0, 0, 0, 0, 1, 0, 0, 2, 0, 0, 0, 0, 0, 0, 2, 0, 2, 2, 2, 2, 2, 2, 2, 2, 0, 1, 2, 2, 0, 2, 1, 0, 0, 2, 2, 0] 
dagD23.txt 4_1x2.txt 0.3969849246231156 0.4 199.0 [0, 0, 0, 0, 0, 0, 1, 0, 0, 0, 1, 0, 0, 0, 0, 0, 0, 0, 3, 0, 0, 2, 0, 0, 0, 2, 2, 3, 0, 2, 2, 0, 0, 2, 0, 0, 1, 2, 2, 0, 0, 0, 2, 1, 2, 3, 2, 2, 3, 2, 2, 2, 2, 2, 2, 2, 2, 2, 2, 2, 2, 2, 2, 2, 2] 
dagD23.txt 4_1x2.txt 0.23115577889447236 0.25 224.0 [0, 0, 0, 0, 0, 0, 0, 0, 0, 0, 0, 0, 0, 0, 0, 0, 0, 0, 0, 0, 0, 2, 1, 0, 0, 0, 0, 1, 0, 2, 2, 2, 0, 1, 0, 2, 2, 2, 2, 0, 0, 2, 2, 2, 2, 2, 2, 2, 2, 0, 2, 3, 2, 2, 2, 2, 2, 2, 2, 3, 2, 2, 2, 2, 3] 
dagD23.txt 4_1x2.txt 0.4623115577889447 0.65 197.0 [2, 0, 0, 0, 0, 0, 2, 3, 0, 0, 0, 0, 2, 3, 0, 0, 3, 2, 2, 3, 0, 1, 2, 0, 2, 0, 2, 2, 0, 1, 3, 0, 0, 2, 0, 0, 1, 3, 0, 2, 0, 0, 0, 2, 2, 2, 0, 0, 2, 2, 1, 2, 2, 0, 2, 2, 0, 0, 1, 2, 2, 3, 2, 1, 2] 
dagD23.txt 4_1x2.txt 0.38190954773869346 0.5 198.75 [2, 2, 2, 2, 2, 2, 1, 2, 2, 2, 1, 2, 2, 2, 2, 0, 2, 2, 3, 2, 2, 2, 0, 2, 3, 2, 2, 3, 2, 2, 2, 2, 2, 0, 2, 0, 1, 2, 0, 2, 2, 2, 0, 1, 0, 0, 0, 0, 3, 0, 0, 0, 0, 0, 0, 0, 0, 0, 0, 0, 0, 2, 0, 0, 0] 
dagD23.txt 4_1x2.txt 0.40703517587939697 0.6 198.0 [1, 2, 2, 2, 2, 2, 2, 2, 2, 1, 2, 2, 2, 2, 2, 0, 2, 2, 0, 0, 2, 3, 1, 2, 2, 0, 0, 1, 2, 3, 0, 2, 2, 1, 0, 0, 2, 0, 3, 1, 1, 2, 3, 2, 0, 0, 0, 3, 2, 0, 0, 0, 0, 0, 0, 0, 3, 0, 0, 0, 0, 3, 0, 0, 0] 
dagD23.txt 4_1x2.txt 0.18592964824120603 0.2 245.5 [2, 2, 2, 2, 2, 2, 2, 2, 2, 2, 2, 2, 2, 2, 2, 2, 2, 2, 2, 2, 2, 2, 0, 2, 0, 2, 2, 0, 2, 2, 2, 2, 2, 0, 2, 0, 0, 2, 0, 2, 2, 2, 0, 0, 0, 0, 0, 0, 0, 0, 0, 0, 0, 0, 0, 0, 0, 0, 0, 0, 0, 2, 0, 0, 0] 
dagD23.txt 4_1x2.txt 0.3969849246231156 0.45 199.0 [0, 0, 0, 0, 0, 0, 1, 0, 0, 0, 1, 0, 0, 0, 0, 0, 0, 0, 3, 0, 0, 2, 0, 0, 0, 2, 2, 3, 0, 2, 2, 0, 0, 2, 0, 0, 1, 2, 2, 0, 0, 0, 2, 1, 2, 3, 2, 2, 3, 2, 2, 2, 2, 2, 2, 2, 2, 2, 2, 2, 2, 2, 2, 2, 2] 
dagD23.txt 4_1x2.txt 0.5276381909547738 0.55 198.25 [1, 0, 0, 2, 1, 0, 2, 0, 1, 1, 2, 1, 0, 0, 0, 2, 0, 0, 2, 0, 0, 0, 1, 0, 2, 0, 0, 2, 0, 0, 0, 2, 0, 1, 0, 3, 3, 0, 2, 0, 0, 0, 2, 3, 0, 2, 0, 0, 2, 2, 2, 3, 2, 0, 2, 2, 0, 0, 2, 0, 2, 2, 0, 2, 0] 
dagD23.txt 4_1x2.txt 0.2864321608040201 0.3 212.25 [0, 0, 0, 0, 0, 0, 1, 0, 0, 0, 0, 0, 0, 0, 0, 0, 0, 0, 0, 0, 0, 2, 1, 0, 0, 0, 0, 1, 0, 2, 2, 2, 0, 1, 0, 2, 1, 2, 2, 0, 0, 2, 2, 2, 2, 2, 2, 2, 2, 0, 2, 3, 2, 2, 2, 2, 2, 2, 2, 3, 2, 2, 2, 2, 3] 
dagD23.txt 4_1x2.txt 0.3316582914572864 0.35 210.0 [2, 2, 2, 2, 2, 2, 1, 2, 2, 2, 1, 2, 2, 2, 2, 2, 2, 2, 3, 2, 2, 0, 0, 2, 0, 2, 2, 3, 2, 2, 2, 2, 2, 0, 2, 2, 1, 2, 0, 2, 2, 2, 0, 1, 0, 0, 0, 0, 0, 0, 0, 0, 0, 0, 0, 0, 0, 0, 0, 0, 0, 0, 0, 0, 0] 
dagD23.txt 4_1x2.txt 0.47738693467336685 1 198.0 [0, 0, 2, 2, 0, 0, 3, 0, 2, 0, 0, 2, 0, 0, 2, 2, 0, 0, 2, 2, 2, 0, 0, 2, 0, 2, 0, 0, 2, 0, 0, 2, 2, 3, 2, 2, 1, 0, 2, 0, 2, 2, 0, 2, 0, 2, 0, 1, 0, 3, 0, 3, 2, 1, 3, 0, 2, 1, 0, 3, 1, 2, 1, 2, 0] 
dagD23.txt 3_2x2.txt 0.09045226130653267 0.1 587.0 [0, 0, 0, 0, 0, 0, 0, 0, 0, 0, 0, 0, 0, 0, 0, 0, 0, 0, 0, 0, 0, 0, 0, 0, 0, 0, 0, 0, 0, 0, 0, 0, 0, 2, 0, 0, 2, 0, 0, 0, 0, 0, 0, 2, 0, 0, 0, 0, 0, 0, 0, 0, 2, 0, 2, 0, 0, 0, 2, 0, 0, 0, 0, 0, 0] 
dagD23.txt 4_1x2.txt 0.4824120603015075 0.8 197.75 [2, 2, 2, 0, 3, 3, 0, 0, 3, 2, 3, 2, 0, 3, 2, 2, 0, 0, 2, 2, 0, 2, 2, 2, 0, 2, 0, 3, 2, 2, 2, 0, 2, 0, 2, 2, 1, 2, 1, 2, 2, 2, 1, 0, 0, 0, 2, 1, 2, 0, 0, 2, 0, 0, 0, 0, 1, 0, 2, 2, 0, 2, 0, 0, 2] 
dagD23.txt 3_2x2.txt 0.1457286432160804 0.15 427.6666666666667 [0, 0, 0, 0, 0, 0, 0, 0, 0, 0, 0, 0, 0, 0, 0, 0, 0, 0, 0, 0, 0, 0, 0, 0, 0, 0, 0, 0, 0, 0, 0, 0, 0, 2, 0, 2, 0, 0, 0, 0, 0, 2, 0, 0, 2, 2, 2, 2, 2, 0, 2, 2, 2, 2, 2, 2, 2, 2, 2, 2, 2, 0, 2, 2, 2] 
dagD23.txt 4_1x2.txt 0.4321608040201005 0.9 197.75 [2, 0, 0, 0, 0, 0, 3, 0, 3, 0, 0, 0, 0, 0, 0, 0, 2, 0, 0, 0, 3, 3, 2, 0, 2, 2, 2, 1, 0, 3, 0, 0, 0, 1, 0, 2, 1, 3, 0, 0, 2, 2, 0, 1, 2, 0, 2, 2, 2, 2, 2, 2, 2, 2, 2, 2, 2, 2, 2, 1, 0, 0, 2, 2, 2] 
dagD23.txt 3_2x2.txt 0.457286432160804 0.65 197.0 [0, 2, 2, 2, 0, 2, 0, 0, 2, 0, 2, 2, 0, 0, 2, 2, 0, 0, 2, 0, 2, 3, 1, 2, 1, 2, 0, 0, 2, 3, 0, 2, 0, 1, 2, 1, 2, 0, 0, 0, 2, 3, 0, 0, 3, 1, 3, 3, 2, 1, 3, 1, 3, 1, 1, 1, 3, 1, 3, 1, 3, 0, 1, 3, 3] 
dagD23.txt 3_2x2.txt 0.4472361809045226 0.5 197.66666666666666 [2, 2, 2, 0, 0, 0, 0, 0, 0, 2, 0, 0, 0, 0, 2, 2, 0, 0, 2, 2, 0, 3, 1, 0, 1, 2, 2, 0, 2, 3, 2, 0, 0, 1, 2, 1, 2, 2, 2, 2, 0, 3, 2, 0, 3, 1, 3, 3, 2, 1, 3, 1, 3, 1, 1, 1, 3, 1, 3, 1, 3, 2, 1, 3, 3] 
dagD23.txt 3_2x2.txt 0.4472361809045226 0.45 197.66666666666666 [2, 2, 2, 0, 0, 0, 0, 0, 0, 2, 0, 0, 0, 0, 2, 2, 0, 0, 2, 2, 0, 3, 1, 0, 1, 2, 2, 0, 2, 3, 2, 0, 0, 1, 2, 1, 2, 2, 2, 2, 0, 3, 2, 0, 3, 1, 3, 3, 2, 1, 3, 1, 3, 1, 1, 1, 3, 1, 3, 1, 3, 2, 1, 3, 3] 
dagD23.txt 3_2x2.txt 0.39195979899497485 0.4 216.5 [2, 1, 2, 1, 1, 1, 2, 2, 2, 1, 1, 1, 2, 2, 2, 2, 1, 2, 2, 2, 0, 0, 1, 1, 1, 1, 2, 1, 2, 0, 2, 2, 2, 1, 2, 2, 3, 0, 0, 2, 1, 2, 0, 3, 0, 0, 0, 0, 3, 3, 3, 0, 0, 0, 0, 3, 0, 0, 0, 2, 0, 0, 0, 3, 0] 
dagD23.txt 3_2x2.txt 0.4472361809045226 0.55 197.66666666666666 [2, 2, 2, 0, 0, 0, 0, 0, 0, 2, 0, 0, 0, 0, 2, 2, 0, 0, 2, 2, 0, 3, 1, 0, 1, 2, 2, 0, 2, 3, 2, 0, 0, 1, 2, 1, 2, 2, 2, 2, 0, 3, 2, 0, 3, 1, 3, 3, 2, 1, 3, 1, 3, 1, 1, 1, 3, 1, 3, 1, 3, 2, 1, 3, 3] 
dagD23.txt 3_2x2.txt 0.23115577889447236 0.25 298.6666666666667 [0, 0, 0, 0, 0, 0, 0, 0, 0, 0, 0, 0, 0, 0, 0, 0, 0, 0, 0, 0, 0, 2, 1, 0, 0, 0, 0, 1, 0, 2, 2, 2, 0, 1, 0, 2, 2, 2, 2, 0, 0, 2, 2, 2, 2, 2, 2, 2, 2, 0, 2, 3, 2, 2, 2, 2, 2, 2, 2, 3, 2, 2, 2, 2, 3] 
dagD23.txt 3_2x2.txt 0.19597989949748743 0.2 327.0 [2, 2, 2, 2, 2, 2, 2, 2, 2, 2, 2, 2, 2, 2, 2, 2, 2, 2, 2, 2, 2, 2, 0, 2, 0, 2, 0, 0, 2, 2, 0, 2, 2, 0, 2, 0, 0, 2, 2, 2, 2, 0, 2, 0, 0, 0, 0, 0, 0, 0, 0, 0, 0, 0, 0, 0, 0, 0, 0, 0, 0, 2, 0, 0, 0] 
dagD23.txt 3_2x2.txt 0.457286432160804 0.8 197.0 [0, 2, 2, 2, 0, 2, 0, 0, 2, 0, 2, 2, 0, 0, 2, 2, 0, 0, 2, 0, 2, 3, 1, 2, 1, 2, 0, 0, 2, 3, 0, 2, 0, 1, 2, 1, 2, 0, 0, 0, 2, 3, 0, 0, 3, 1, 3, 3, 2, 1, 3, 1, 3, 1, 1, 1, 3, 1, 3, 1, 3, 0, 1, 3, 3] 
dagD23.txt 3_2x2.txt 0.457286432160804 0.6 197.0 [0, 2, 2, 2, 0, 2, 0, 0, 2, 0, 2, 2, 0, 0, 2, 2, 0, 0, 2, 0, 2, 3, 1, 2, 1, 2, 0, 0, 2, 3, 0, 2, 0, 1, 2, 1, 2, 0, 0, 0, 2, 3, 0, 0, 3, 1, 3, 3, 2, 1, 3, 1, 3, 1, 1, 1, 3, 1, 3, 1, 3, 0, 1, 3, 3] 
dagD23.txt 3_2x2.txt 0.2964824120603015 0.3 280.5 [1, 0, 0, 0, 0, 0, 0, 0, 0, 1, 0, 0, 0, 0, 0, 1, 0, 0, 1, 0, 0, 0, 1, 0, 0, 1, 1, 1, 0, 0, 1, 0, 0, 1, 1, 2, 2, 0, 1, 1, 0, 2, 1, 0, 2, 2, 2, 2, 2, 1, 2, 1, 2, 2, 1, 2, 2, 2, 2, 1, 2, 1, 2, 2, 2] 
dagD23.txt 3_2x2.txt 0.457286432160804 1 197.0 [0, 2, 2, 2, 0, 2, 0, 0, 2, 0, 2, 2, 0, 0, 2, 2, 0, 0, 2, 0, 2, 3, 1, 2, 1, 2, 0, 0, 2, 3, 0, 2, 0, 1, 2, 1, 2, 0, 0, 0, 2, 3, 0, 0, 3, 1, 3, 3, 2, 1, 3, 1, 3, 1, 1, 1, 3, 1, 3, 1, 3, 0, 1, 3, 3] 
dagD23.txt 3_2x2.txt 0.34673366834170855 0.35 251.66666666666666 [0, 0, 0, 0, 0, 0, 2, 0, 0, 0, 2, 0, 0, 0, 0, 0, 0, 0, 2, 0, 0, 2, 1, 0, 1, 2, 0, 1, 0, 2, 0, 3, 0, 1, 2, 0, 2, 0, 3, 0, 0, 3, 3, 1, 2, 2, 2, 2, 2, 1, 2, 2, 2, 0, 1, 1, 2, 3, 2, 2, 2, 3, 1, 2, 2] 
dagD23.txt 3_2x2.txt 0.457286432160804 0.7 197.0 [0, 2, 2, 2, 0, 2, 0, 0, 2, 0, 2, 2, 0, 0, 2, 2, 0, 0, 2, 0, 2, 3, 1, 2, 1, 2, 0, 0, 2, 3, 0, 2, 0, 1, 2, 1, 2, 0, 0, 0, 2, 3, 0, 0, 3, 1, 3, 3, 2, 1, 3, 1, 3, 1, 1, 1, 3, 1, 3, 1, 3, 0, 1, 3, 3] 
dagD23.txt 5_4_3_2x1.txt 0.08040201005025126 0.1 348.0 [0, 0, 0, 0, 0, 0, 0, 0, 0, 0, 0, 0, 0, 0, 0, 0, 0, 0, 0, 0, 0, 0, 0, 0, 0, 0, 0, 0, 0, 0, 0, 0, 0, 0, 0, 0, 0, 0, 0, 0, 0, 0, 0, 0, 0, 0, 0, 0, 0, 0, 1, 1, 0, 0, 0, 1, 0, 0, 1, 1, 0, 0, 0, 1, 1] 
dagD23.txt 5_4_3_2x1.txt 0.1457286432160804 0.15 258.6 [0, 0, 0, 0, 0, 0, 0, 0, 0, 0, 0, 0, 0, 0, 0, 0, 0, 0, 0, 0, 0, 0, 0, 0, 0, 0, 0, 0, 0, 0, 0, 0, 0, 1, 0, 0, 1, 0, 0, 0, 0, 0, 0, 0, 1, 1, 1, 1, 1, 0, 1, 1, 1, 1, 1, 1, 1, 1, 1, 1, 1, 0, 1, 1, 1] 
dagD23.txt 3_2x2.txt 0.457286432160804 0.9 197.0 [0, 2, 2, 2, 0, 2, 0, 0, 2, 0, 2, 2, 0, 0, 2, 2, 0, 0, 2, 0, 2, 3, 1, 2, 1, 2, 0, 0, 2, 3, 0, 2, 0, 1, 2, 1, 2, 0, 0, 0, 2, 3, 0, 0, 3, 1, 3, 3, 2, 1, 3, 1, 3, 1, 1, 1, 3, 1, 3, 1, 3, 0, 1, 3, 3] 
dagD23.txt 5_4_3_2x1.txt 0.19095477386934673 0.2 215.6 [0, 0, 0, 0, 0, 0, 0, 0, 0, 0, 0, 0, 0, 0, 0, 0, 0, 0, 0, 0, 0, 1, 0, 0, 0, 0, 0, 1, 0, 1, 0, 0, 0, 1, 0, 0, 1, 0, 2, 0, 0, 0, 2, 1, 1, 1, 1, 1, 1, 0, 1, 1, 1, 1, 1, 1, 1, 1, 1, 1, 1, 2, 1, 1, 1] 
dagD23.txt 5_4_3_2x1.txt 0.5477386934673367 0.55 141.2 [0, 0, 0, 1, 0, 1, 3, 0, 1, 0, 1, 0, 0, 0, 0, 2, 0, 0, 1, 0, 1, 0, 1, 1, 1, 0, 0, 1, 0, 0, 0, 2, 0, 1, 0, 3, 3, 3, 2, 0, 1, 0, 2, 3, 0, 2, 2, 2, 3, 1, 1, 1, 0, 0, 1, 0, 2, 2, 0, 0, 2, 2, 1, 2, 0] 
dagD23.txt 5_4_3_2x1.txt 0.3869346733668342 0.4 143.33333333333334 [0, 0, 0, 0, 0, 0, 3, 0, 0, 0, 0, 0, 0, 0, 0, 3, 0, 0, 0, 2, 0, 0, 2, 3, 2, 3, 0, 2, 0, 0, 2, 2, 0, 2, 3, 2, 1, 0, 3, 0, 3, 2, 3, 1, 1, 1, 1, 1, 1, 2, 1, 1, 1, 2, 2, 2, 1, 2, 1, 3, 1, 3, 2, 1, 1] 
dagD23.txt 5_4_3_2x1.txt 0.5376884422110553 0.6 141.33333333333334 [1, 1, 1, 0, 1, 0, 3, 0, 0, 1, 0, 1, 0, 0, 1, 1, 0, 1, 3, 1, 0, 0, 1, 1, 0, 1, 1, 3, 1, 2, 1, 1, 1, 2, 1, 1, 3, 0, 0, 2, 1, 1, 0, 3, 2, 0, 2, 2, 0, 0, 0, 3, 2, 2, 2, 2, 2, 2, 2, 2, 2, 0, 2, 0, 2] 
dagD23.txt 5_4_3_2x1.txt 0.49246231155778897 0.5 140.5 [1, 0, 0, 0, 1, 0, 3, 1, 0, 1, 3, 0, 0, 1, 0, 1, 1, 1, 1, 0, 0, 0, 1, 0, 1, 1, 1, 1, 0, 0, 1, 0, 0, 2, 1, 0, 3, 0, 2, 1, 0, 0, 2, 3, 0, 0, 2, 0, 3, 1, 0, 2, 2, 0, 2, 2, 2, 2, 2, 1, 2, 2, 2, 3, 2] 
dagD23.txt 5_4_3_2x1.txt 0.4020100502512563 0.45 144.4 [3, 0, 0, 0, 0, 0, 1, 0, 0, 3, 0, 0, 0, 0, 0, 1, 0, 0, 0, 0, 1, 1, 3, 0, 2, 1, 0, 3, 0, 1, 0, 0, 0, 3, 1, 0, 3, 0, 2, 0, 1, 0, 2, 3, 1, 1, 2, 1, 1, 2, 2, 1, 1, 2, 1, 2, 2, 2, 2, 1, 1, 2, 2, 2, 1] 
dagD23.txt 5_4_3_2x1.txt 0.46733668341708545 0.8 140.4 [1, 1, 1, 2, 1, 2, 3, 2, 2, 2, 3, 1, 1, 1, 1, 3, 2, 1, 3, 1, 2, 1, 2, 2, 0, 2, 1, 0, 1, 1, 1, 1, 1, 0, 1, 1, 3, 1, 2, 1, 2, 1, 2, 3, 0, 0, 0, 0, 0, 2, 0, 0, 0, 1, 0, 0, 0, 0, 0, 0, 0, 2, 0, 0, 0] 
dagD23.txt 5_4_3_2x1.txt 0.49246231155778897 0.65 140.5 [1, 0, 0, 0, 1, 0, 3, 1, 0, 1, 3, 0, 0, 1, 0, 1, 1, 1, 1, 0, 0, 0, 1, 0, 1, 1, 1, 1, 0, 0, 1, 0, 0, 2, 1, 0, 3, 0, 2, 1, 0, 0, 2, 3, 0, 0, 2, 0, 3, 1, 0, 2, 2, 0, 2, 2, 2, 2, 2, 1, 2, 2, 2, 3, 2] 
dagD23.txt 5_4_3_2x1.txt 0.34673366834170855 0.35 153.8 [0, 0, 0, 0, 0, 0, 1, 0, 0, 0, 0, 0, 0, 0, 0, 2, 0, 0, 0, 0, 0, 0, 2, 0, 2, 0, 0, 2, 0, 0, 2, 3, 0, 2, 2, 3, 1, 0, 2, 0, 0, 3, 2, 1, 1, 1, 1, 3, 1, 2, 1, 2, 1, 1, 2, 1, 1, 1, 1, 2, 1, 2, 1, 1, 1] 
dagD23.txt 5_4_3_2x1.txt 0.23618090452261306 0.25 198.4 [0, 0, 0, 0, 0, 0, 0, 0, 0, 0, 0, 0, 0, 0, 0, 0, 0, 0, 0, 0, 0, 1, 2, 0, 0, 0, 0, 2, 0, 1, 1, 1, 0, 2, 0, 1, 0, 1, 1, 0, 0, 1, 1, 0, 1, 1, 1, 1, 1, 0, 1, 3, 1, 1, 1, 1, 1, 1, 1, 3, 1, 1, 1, 1, 3] 
dagD23.txt 5_4_3_2x1.txt 0.2964824120603015 0.3 181.0 [0, 0, 0, 0, 0, 0, 0, 0, 0, 0, 0, 0, 0, 0, 0, 0, 0, 0, 0, 0, 0, 1, 2, 0, 0, 0, 0, 2, 0, 1, 1, 1, 0, 2, 0, 1, 2, 1, 1, 0, 0, 1, 1, 2, 1, 1, 1, 1, 2, 0, 1, 3, 1, 1, 1, 1, 1, 1, 1, 3, 1, 1, 1, 1, 3] 
dagD23.txt 5_4_3_2x1.txt 0.5376884422110553 0.7 141.33333333333334 [1, 1, 1, 0, 1, 0, 3, 0, 0, 1, 0, 1, 0, 0, 1, 1, 0, 1, 3, 1, 0, 0, 1, 1, 0, 1, 1, 3, 1, 2, 1, 1, 1, 2, 1, 1, 3, 0, 0, 2, 1, 1, 0, 3, 2, 0, 2, 2, 0, 0, 0, 3, 2, 2, 2, 2, 2, 2, 2, 2, 2, 0, 2, 0, 2] 
dagD23.txt 5_4_3_2x1.txt 0.44221105527638194 1 140.6 [1, 1, 2, 1, 1, 1, 2, 1, 1, 1, 2, 1, 1, 2, 2, 2, 1, 1, 2, 3, 1, 0, 1, 1, 1, 2, 3, 1, 1, 0, 3, 1, 2, 0, 2, 0, 0, 0, 0, 2, 1, 0, 0, 0, 0, 0, 3, 0, 0, 3, 3, 2, 0, 0, 0, 3, 3, 0, 0, 2, 0, 0, 3, 3, 0] 
dagD23.txt 5_4_3_2x1.txt 0.49246231155778897 0.9 140.5 [1, 0, 0, 0, 1, 0, 3, 1, 0, 1, 3, 0, 0, 1, 0, 1, 1, 1, 1, 0, 0, 0, 1, 0, 1, 1, 1, 1, 0, 0, 1, 0, 0, 2, 1, 0, 3, 0, 2, 1, 0, 0, 2, 3, 0, 0, 2, 0, 3, 1, 0, 2, 2, 0, 2, 2, 2, 2, 2, 1, 2, 2, 2, 3, 2] 
dagD23.txt 5_4_3_2x4.txt 0.08040201005025126 0.1 348.0 [0, 0, 0, 0, 0, 0, 0, 0, 0, 0, 0, 0, 0, 0, 0, 0, 0, 0, 0, 0, 0, 0, 0, 0, 0, 0, 0, 0, 0, 0, 0, 0, 0, 0, 0, 0, 0, 0, 0, 0, 0, 0, 0, 0, 0, 0, 0, 0, 0, 0, 4, 4, 0, 0, 0, 4, 0, 0, 4, 4, 0, 0, 0, 4, 4] 
dagD23.txt 5_4_3_2x4.txt 0.1306532663316583 0.15 312.0 [12, 12, 12, 12, 12, 12, 12, 12, 12, 12, 12, 12, 12, 12, 12, 12, 12, 12, 12, 12, 12, 12, 4, 12, 12, 12, 12, 4, 12, 12, 12, 12, 12, 4, 12, 12, 12, 12, 0, 12, 12, 12, 0, 12, 12, 4, 12, 12, 12, 12, 12, 4, 8, 12, 4, 12, 12, 12, 8, 4, 12, 0, 12, 12, 4] 
dagD23.txt 5_4_3_2x4.txt 0.5879396984924623 0.6 52.6 [8, 9, 8, 4, 4, 4, 12, 12, 12, 9, 4, 4, 12, 12, 8, 13, 4, 12, 8, 8, 9, 10, 2, 4, 4, 9, 8, 2, 8, 10, 8, 9, 12, 2, 13, 0, 1, 10, 13, 8, 9, 0, 13, 6, 5, 0, 1, 5, 5, 6, 1, 0, 1, 0, 2, 6, 5, 0, 1, 0, 5, 13, 0, 1, 0] 
dagD23.txt 5_4_3_2x4.txt 0.19597989949748743 0.2 196.4 [4, 4, 4, 4, 4, 4, 4, 4, 4, 4, 4, 4, 4, 4, 4, 4, 4, 4, 4, 4, 4, 4, 0, 4, 0, 0, 0, 0, 4, 4, 4, 4, 4, 0, 4, 0, 0, 4, 4, 4, 4, 0, 4, 0, 0, 0, 0, 0, 0, 0, 0, 0, 0, 0, 0, 0, 0, 0, 0, 0, 0, 4, 0, 0, 0] 
dagD23.txt 5_4_3_2x4.txt 0.678391959798995 0.7 40.6 [0, 4, 4, 5, 1, 5, 14, 14, 1, 1, 11, 4, 14, 1, 0, 13, 5, 0, 7, 0, 5, 2, 3, 4, 5, 4, 0, 3, 4, 2, 13, 4, 0, 10, 0, 12, 8, 9, 9, 0, 4, 12, 9, 15, 2, 6, 8, 12, 2, 13, 8, 10, 8, 12, 10, 13, 12, 12, 8, 10, 6, 9, 12, 8, 6] 
dagD23.txt 5_4_3_2x4.txt 0.542713567839196 0.55 62.25 [5, 5, 5, 12, 9, 12, 9, 9, 12, 5, 12, 12, 9, 9, 5, 1, 9, 9, 5, 1, 12, 4, 0, 12, 0, 1, 5, 0, 5, 13, 0, 12, 9, 0, 1, 8, 4, 1, 1, 5, 1, 8, 1, 0, 4, 8, 13, 13, 13, 0, 4, 8, 4, 8, 8, 4, 13, 8, 4, 8, 13, 1, 8, 13, 4] 
dagD23.txt 5_4_3_2x4.txt 0.3869346733668342 0.4 99.6 [4, 4, 4, 0, 0, 0, 0, 0, 0, 4, 0, 0, 0, 0, 4, 4, 0, 0, 4, 4, 0, 12, 8, 0, 8, 4, 4, 8, 4, 12, 4, 0, 0, 8, 4, 8, 12, 4, 4, 4, 0, 12, 4, 8, 12, 8, 12, 12, 12, 8, 12, 8, 12, 8, 8, 8, 12, 8, 12, 8, 12, 4, 8, 12, 12] 
dagD23.txt 5_4_3_2x4.txt 0.6482412060301508 0.65 41.5 [4, 12, 12, 9, 13, 0, 4, 13, 9, 13, 9, 12, 4, 13, 12, 12, 13, 4, 12, 5, 9, 8, 0, 2, 0, 2, 4, 0, 12, 8, 5, 14, 4, 6, 2, 14, 1, 5, 5, 4, 2, 14, 5, 11, 8, 7, 10, 1, 8, 0, 10, 6, 8, 3, 6, 3, 1, 3, 8, 6, 1, 5, 3, 10, 7] 
dagD23.txt 5_4_3_2x4.txt 0.4472361809045226 0.45 79.0 [5, 12, 12, 0, 0, 0, 0, 0, 0, 5, 0, 12, 0, 0, 12, 12, 0, 0, 12, 12, 0, 8, 5, 12, 5, 12, 12, 5, 12, 8, 12, 4, 0, 1, 12, 4, 8, 4, 4, 12, 12, 4, 4, 1, 8, 4, 8, 4, 8, 1, 8, 1, 8, 4, 1, 1, 8, 4, 8, 1, 4, 4, 1, 8, 8] 
dagD23.txt 5_4_3_2x4.txt 0.34673366834170855 0.35 131.8 [4, 0, 4, 0, 0, 0, 0, 0, 0, 0, 0, 0, 0, 0, 4, 4, 0, 0, 4, 4, 0, 4, 0, 0, 0, 4, 4, 0, 8, 4, 4, 0, 0, 8, 4, 4, 4, 4, 4, 8, 4, 4, 4, 4, 8, 8, 8, 8, 8, 4, 8, 8, 8, 8, 8, 8, 8, 8, 8, 8, 8, 4, 8, 8, 8] 
dagD23.txt 5_4_3_2x4.txt 0.23115577889447236 0.25 179.2 [0, 0, 0, 0, 0, 0, 0, 0, 0, 0, 0, 0, 0, 0, 0, 0, 0, 0, 0, 0, 0, 4, 8, 0, 0, 0, 0, 8, 0, 4, 4, 4, 0, 8, 0, 4, 4, 4, 4, 0, 0, 4, 4, 4, 4, 4, 4, 4, 4, 0, 4, 12, 4, 4, 4, 4, 4, 4, 4, 12, 4, 4, 4, 4, 12] 
dagD23.txt 5_4_3_2x4.txt 0.49748743718592964 0.5 66.0 [0, 0, 0, 9, 9, 9, 0, 4, 4, 0, 9, 9, 4, 4, 0, 5, 9, 0, 0, 4, 4, 4, 1, 9, 9, 5, 0, 1, 0, 4, 4, 12, 4, 1, 0, 12, 8, 4, 5, 0, 4, 12, 5, 5, 8, 1, 8, 12, 8, 5, 8, 1, 8, 12, 1, 5, 12, 12, 8, 1, 12, 5, 12, 8, 1] 
dagD23.txt 5_4_3_2x4.txt 0.2914572864321608 0.3 147.2 [8, 0, 0, 0, 0, 0, 0, 0, 0, 8, 0, 0, 0, 0, 0, 8, 0, 0, 8, 0, 0, 0, 8, 0, 0, 8, 8, 8, 0, 0, 8, 0, 0, 8, 8, 4, 4, 0, 8, 8, 0, 4, 8, 8, 4, 4, 4, 4, 4, 8, 4, 8, 4, 4, 8, 4, 4, 4, 4, 8, 4, 8, 4, 4, 4] 
dagD23.txt 5_4_3_2x4.txt 0.7437185929648241 1 40.0 [14, 0, 0, 4, 0, 0, 8, 3, 4, 13, 13, 0, 3, 12, 14, 12, 0, 3, 14, 13, 4, 7, 10, 12, 11, 12, 13, 10, 0, 7, 13, 1, 0, 10, 12, 6, 9, 4, 12, 13, 12, 1, 4, 2, 9, 9, 5, 1, 8, 2, 5, 15, 8, 6, 15, 2, 1, 6, 5, 15, 8, 7, 6, 5, 9] 
dagD23.txt 5_4_3_2x4.txt 0.7537688442211056 0.8 39.4 [15, 5, 14, 12, 4, 4, 4, 2, 7, 8, 12, 12, 0, 2, 14, 1, 4, 0, 14, 5, 12, 5, 9, 12, 4, 1, 0, 8, 5, 12, 5, 8, 0, 0, 1, 15, 10, 5, 6, 8, 12, 8, 11, 13, 9, 9, 0, 7, 8, 10, 4, 1, 13, 6, 13, 10, 0, 2, 13, 1, 6, 11, 13, 3, 9] 
dagD23.txt 4_1x3.txt 0.09045226130653267 0.1 440.25 [0, 0, 0, 0, 0, 0, 0, 0, 0, 0, 0, 0, 0, 0, 0, 0, 0, 0, 0, 0, 0, 0, 0, 0, 0, 0, 0, 0, 0, 0, 0, 0, 0, 2, 0, 0, 2, 0, 0, 0, 0, 0, 0, 2, 0, 0, 0, 0, 0, 0, 0, 0, 2, 0, 2, 0, 0, 0, 2, 0, 0, 0, 0, 0, 0] 
dagD23.txt 5_4_3_2x4.txt 0.7587939698492462 0.9 39.5 [0, 13, 0, 14, 5, 5, 11, 11, 8, 0, 5, 14, 13, 8, 13, 12, 3, 13, 0, 15, 2, 7, 5, 14, 3, 4, 0, 5, 13, 2, 15, 4, 13, 6, 4, 15, 1, 7, 8, 4, 2, 4, 8, 2, 1, 9, 10, 10, 12, 4, 12, 9, 1, 6, 6, 6, 12, 8, 12, 9, 9, 7, 6, 10, 1] 
dagD23.txt 4_1x3.txt 0.1457286432160804 0.15 323.25 [0, 0, 0, 0, 0, 0, 0, 0, 0, 0, 0, 0, 0, 0, 0, 0, 0, 0, 0, 0, 0, 0, 0, 0, 0, 0, 0, 0, 0, 0, 0, 0, 0, 2, 0, 0, 2, 0, 0, 0, 0, 0, 0, 0, 2, 2, 2, 2, 2, 0, 2, 2, 2, 2, 2, 2, 2, 2, 2, 2, 2, 0, 2, 2, 2] 
dagD23.txt 4_1x3.txt 0.5025125628140703 0.55 136.0 [0, 2, 2, 0, 2, 2, 3, 2, 2, 0, 0, 2, 2, 2, 2, 0, 2, 2, 0, 0, 2, 2, 0, 2, 0, 0, 0, 0, 2, 2, 0, 3, 2, 4, 0, 4, 3, 1, 2, 0, 0, 4, 2, 5, 4, 1, 4, 4, 1, 0, 4, 5, 4, 4, 4, 4, 4, 4, 4, 5, 4, 2, 4, 4, 4] 
dagD23.txt 4_1x3.txt 0.6331658291457286 0.65 132.5 [2, 2, 2, 4, 2, 2, 5, 2, 4, 2, 4, 2, 2, 1, 2, 4, 0, 2, 4, 2, 2, 2, 0, 2, 4, 2, 2, 4, 2, 2, 2, 4, 3, 0, 2, 5, 1, 4, 0, 2, 2, 2, 0, 3, 0, 4, 0, 0, 4, 5, 4, 3, 0, 0, 0, 0, 0, 0, 0, 0, 0, 2, 0, 1, 0] 
dagD23.txt 4_1x3.txt 0.4824120603015075 0.5 137.5 [0, 0, 0, 4, 4, 4, 4, 0, 4, 0, 4, 4, 0, 0, 0, 5, 4, 0, 2, 0, 4, 0, 3, 4, 4, 1, 0, 3, 0, 4, 0, 4, 0, 3, 0, 5, 5, 0, 1, 0, 4, 0, 1, 4, 2, 2, 2, 2, 2, 4, 2, 2, 2, 2, 3, 0, 2, 2, 2, 0, 2, 1, 2, 2, 0] 
dagD23.txt 4_1x3.txt 0.23115577889447236 0.25 224.0 [0, 0, 0, 0, 0, 0, 0, 0, 0, 0, 0, 0, 0, 0, 0, 0, 0, 0, 0, 0, 0, 2, 4, 0, 0, 0, 0, 4, 0, 2, 2, 2, 0, 4, 0, 2, 2, 2, 2, 0, 0, 2, 2, 2, 2, 2, 2, 2, 2, 0, 2, 1, 2, 2, 2, 2, 2, 2, 2, 1, 2, 2, 2, 2, 1] 
dagD23.txt 4_1x3.txt 0.5678391959798995 0.6 132.0 [0, 0, 0, 2, 0, 0, 4, 0, 2, 0, 3, 0, 0, 4, 0, 2, 0, 0, 2, 0, 2, 0, 0, 0, 4, 0, 0, 5, 0, 2, 0, 2, 2, 1, 2, 4, 3, 4, 4, 0, 0, 4, 4, 5, 3, 2, 4, 4, 2, 1, 4, 2, 5, 0, 1, 1, 4, 4, 2, 2, 2, 4, 1, 4, 0] 
dagD23.txt 4_1x3.txt 0.6331658291457286 1 133.5 [3, 2, 2, 0, 0, 0, 0, 1, 0, 0, 0, 0, 4, 2, 2, 3, 0, 4, 2, 0, 1, 0, 3, 2, 0, 2, 3, 4, 4, 0, 0, 0, 1, 2, 2, 0, 4, 4, 4, 1, 2, 1, 4, 2, 5, 4, 4, 4, 0, 2, 4, 2, 5, 4, 2, 2, 4, 4, 5, 2, 4, 4, 2, 2, 5] 
dagD23.txt 4_1x3.txt 0.2914572864321608 0.3 184.0 [4, 0, 0, 0, 0, 0, 0, 0, 0, 4, 0, 0, 0, 0, 0, 4, 0, 0, 4, 0, 0, 0, 4, 0, 0, 4, 4, 4, 0, 0, 4, 0, 0, 4, 4, 2, 2, 0, 4, 4, 0, 2, 4, 4, 2, 2, 2, 2, 2, 4, 2, 4, 2, 2, 4, 2, 2, 2, 2, 4, 2, 4, 2, 2, 2] 
dagD23.txt 4_1x3.txt 0.19597989949748743 0.2 245.5 [2, 2, 2, 2, 2, 2, 2, 2, 2, 2, 2, 2, 2, 2, 2, 2, 2, 2, 2, 2, 2, 2, 0, 2, 0, 0, 0, 0, 2, 2, 2, 2, 2, 0, 2, 0, 0, 2, 2, 2, 2, 0, 2, 0, 0, 0, 0, 0, 0, 0, 0, 0, 0, 0, 0, 0, 0, 0, 0, 0, 0, 2, 0, 0, 0] 
dagD23.txt 4_1x3.txt 0.4371859296482412 0.45 137.0 [2, 2, 2, 4, 4, 4, 4, 4, 4, 2, 4, 2, 4, 4, 2, 2, 4, 4, 2, 2, 4, 4, 3, 2, 0, 2, 2, 3, 2, 4, 2, 0, 4, 3, 2, 0, 5, 4, 5, 2, 2, 0, 5, 2, 0, 0, 0, 0, 4, 0, 1, 2, 1, 0, 3, 0, 0, 0, 1, 2, 0, 5, 0, 0, 0] 
dagD23.txt 4_1x3.txt 0.6331658291457286 0.8 132.5 [2, 2, 2, 4, 2, 2, 5, 2, 4, 2, 4, 2, 2, 1, 2, 4, 0, 2, 4, 2, 2, 2, 0, 2, 4, 2, 2, 4, 2, 2, 2, 4, 3, 0, 2, 5, 1, 4, 0, 2, 2, 2, 0, 3, 0, 4, 0, 0, 4, 5, 4, 3, 0, 0, 0, 0, 0, 0, 0, 0, 0, 2, 0, 1, 0] 
dagD23.txt 4_1x3.txt 0.3417085427135678 0.35 163.75 [4, 4, 4, 2, 2, 2, 2, 2, 2, 4, 2, 2, 2, 2, 4, 4, 2, 4, 4, 4, 2, 4, 2, 2, 2, 4, 4, 2, 4, 0, 4, 2, 2, 2, 4, 4, 0, 4, 4, 4, 2, 2, 4, 4, 0, 0, 0, 0, 0, 4, 0, 0, 0, 0, 0, 0, 0, 0, 0, 0, 0, 4, 0, 0, 0] 
dagD23.txt 4_1x3.txt 0.6331658291457286 0.7 132.5 [2, 2, 2, 4, 2, 2, 5, 2, 4, 2, 4, 2, 2, 1, 2, 4, 0, 2, 4, 2, 2, 2, 0, 2, 4, 2, 2, 4, 2, 2, 2, 4, 3, 0, 2, 5, 1, 4, 0, 2, 2, 2, 0, 3, 0, 4, 0, 0, 4, 5, 4, 3, 0, 0, 0, 0, 0, 0, 0, 0, 0, 2, 0, 1, 0] 
dagD23.txt 3_2x1.txt 0.09045226130653267 0.1 600.3333333333334 [0, 0, 0, 0, 0, 0, 0, 0, 0, 0, 0, 0, 0, 0, 0, 0, 0, 0, 0, 0, 0, 0, 0, 0, 0, 0, 0, 0, 0, 0, 0, 0, 0, 0, 0, 0, 1, 0, 0, 0, 0, 0, 0, 0, 1, 0, 0, 0, 0, 0, 1, 0, 0, 0, 0, 0, 0, 0, 0, 0, 0, 0, 0, 0, 1] 
dagD23.txt 4_1x3.txt 0.3969849246231156 0.4 152.5 [2, 0, 0, 0, 2, 0, 2, 2, 0, 2, 1, 0, 0, 2, 0, 2, 2, 2, 2, 0, 0, 0, 2, 0, 2, 2, 2, 2, 0, 0, 2, 0, 0, 4, 2, 0, 1, 0, 4, 2, 0, 0, 4, 1, 0, 4, 4, 0, 4, 2, 4, 4, 4, 0, 4, 4, 4, 4, 4, 2, 4, 4, 4, 4, 4] 
dagD23.txt 4_1x3.txt 0.628140703517588 0.9 133.0 [2, 2, 2, 4, 2, 0, 5, 2, 3, 2, 5, 2, 2, 4, 2, 4, 2, 2, 4, 2, 2, 2, 0, 2, 4, 2, 2, 4, 0, 2, 2, 4, 5, 0, 2, 4, 1, 1, 0, 2, 2, 0, 0, 3, 0, 4, 0, 0, 4, 3, 4, 1, 0, 0, 0, 0, 0, 0, 0, 2, 0, 0, 0, 4, 0] 
dagD23.txt 3_2x1.txt 0.18592964824120603 0.2 393.0 [0, 0, 0, 0, 0, 0, 0, 0, 0, 0, 0, 0, 0, 0, 0, 0, 0, 0, 0, 0, 0, 0, 1, 0, 1, 0, 0, 1, 0, 0, 0, 0, 0, 1, 0, 0, 0, 0, 0, 0, 0, 0, 0, 0, 1, 1, 1, 1, 1, 1, 1, 1, 1, 1, 1, 1, 1, 1, 1, 1, 1, 0, 1, 1, 1] 
dagD23.txt 3_2x1.txt 0.1457286432160804 0.15 431.0 [0, 0, 0, 0, 0, 0, 0, 0, 0, 0, 0, 0, 0, 0, 0, 0, 0, 0, 0, 0, 0, 0, 0, 0, 0, 0, 0, 0, 0, 0, 0, 0, 0, 1, 0, 0, 1, 0, 0, 0, 0, 0, 0, 0, 1, 1, 1, 1, 1, 0, 1, 1, 1, 1, 1, 1, 1, 1, 1, 1, 1, 0, 1, 1, 1] 
dagD23.txt 3_2x1.txt 0.27638190954773867 0.6 392.3333333333333 [1, 0, 1, 0, 0, 0, 0, 0, 0, 0, 0, 0, 0, 0, 0, 0, 0, 0, 1, 0, 1, 1, 1, 0, 1, 0, 0, 1, 0, 1, 0, 0, 0, 1, 0, 0, 1, 0, 0, 0, 0, 0, 0, 1, 1, 1, 1, 0, 1, 0, 1, 0, 1, 0, 1, 0, 1, 0, 1, 0, 0, 0, 0, 1, 1] 
dagD23.txt 3_2x1.txt 0.21608040201005024 0.65 392.3333333333333 [0, 0, 0, 0, 0, 0, 0, 0, 0, 0, 0, 0, 0, 0, 0, 1, 0, 0, 0, 0, 0, 0, 0, 0, 0, 1, 0, 0, 0, 0, 0, 0, 0, 1, 1, 0, 1, 0, 1, 0, 0, 0, 1, 1, 0, 1, 0, 1, 0, 1, 1, 1, 1, 0, 1, 1, 1, 0, 1, 1, 1, 1, 1, 1, 1] 
dagD23.txt 3_2x1.txt 0.3417085427135678 0.55 392.3333333333333 [1, 0, 1, 0, 0, 0, 0, 0, 0, 0, 0, 0, 1, 0, 1, 1, 0, 1, 1, 1, 0, 0, 0, 0, 0, 0, 1, 0, 1, 0, 1, 0, 1, 0, 1, 0, 0, 0, 0, 1, 0, 0, 0, 0, 1, 0, 1, 1, 1, 1, 1, 0, 1, 0, 0, 0, 1, 0, 1, 0, 1, 0, 0, 1, 1] 
dagD23.txt 3_2x1.txt 0.3065326633165829 0.5 392.3333333333333 [0, 1, 1, 1, 1, 1, 0, 1, 1, 0, 0, 1, 1, 1, 1, 0, 1, 1, 0, 1, 1, 0, 0, 1, 0, 0, 1, 0, 1, 0, 1, 1, 1, 0, 0, 1, 0, 1, 1, 1, 1, 1, 1, 0, 0, 0, 0, 0, 0, 0, 0, 0, 0, 1, 0, 0, 0, 0, 0, 0, 0, 1, 1, 0, 0] 
dagD23.txt 3_2x1.txt 0.31155778894472363 0.9 392.6666666666667 [0, 1, 1, 1, 0, 0, 0, 1, 1, 1, 1, 0, 1, 1, 1, 1, 0, 1, 0, 1, 1, 0, 0, 1, 0, 1, 0, 0, 1, 0, 0, 1, 1, 0, 1, 1, 0, 1, 1, 0, 1, 1, 1, 0, 0, 0, 0, 0, 0, 0, 0, 0, 0, 0, 0, 0, 0, 0, 0, 0, 0, 1, 0, 0, 0] 
dagD23.txt 3_2x1.txt 0.20603015075376885 0.25 392.6666666666667 [0, 0, 0, 0, 0, 0, 0, 0, 0, 0, 0, 0, 0, 0, 0, 0, 0, 0, 0, 0, 0, 0, 1, 0, 0, 0, 0, 0, 0, 0, 0, 0, 0, 1, 0, 1, 0, 0, 1, 0, 0, 1, 1, 0, 1, 1, 1, 1, 0, 1, 1, 1, 1, 1, 1, 1, 1, 1, 1, 1, 1, 1, 1, 1, 1] 
dagD23.txt 3_2x1.txt 0.2613065326633166 0.45 392.3333333333333 [0, 0, 0, 0, 0, 1, 0, 0, 1, 0, 0, 0, 0, 0, 0, 1, 0, 0, 0, 0, 1, 0, 1, 1, 1, 0, 0, 1, 0, 0, 0, 0, 0, 1, 0, 0, 0, 0, 1, 0, 0, 0, 1, 1, 0, 1, 0, 0, 0, 1, 1, 0, 1, 0, 1, 1, 1, 1, 1, 0, 0, 1, 1, 1, 0] 
dagD23.txt 3_2x1.txt 0.2814070351758794 0.35 392.6666666666667 [0, 0, 0, 0, 0, 0, 1, 0, 0, 0, 1, 0, 0, 0, 0, 0, 0, 0, 1, 0, 0, 0, 1, 0, 1, 0, 0, 1, 0, 0, 0, 0, 0, 1, 0, 0, 1, 0, 1, 0, 0, 0, 1, 1, 0, 1, 0, 0, 1, 1, 1, 0, 0, 0, 1, 1, 1, 0, 0, 0, 0, 1, 1, 1, 0] 
dagD23.txt 3_2x1.txt 0.2914572864321608 1 392.3333333333333 [0, 0, 0, 0, 0, 0, 0, 0, 0, 0, 0, 0, 0, 0, 0, 1, 0, 0, 0, 0, 0, 1, 0, 0, 0, 1, 1, 0, 0, 1, 0, 0, 0, 1, 1, 1, 1, 0, 1, 0, 0, 0, 1, 0, 1, 0, 0, 1, 1, 1, 0, 1, 1, 1, 1, 1, 1, 1, 1, 1, 0, 0, 1, 0, 1] 
dagD23.txt 3_2x1.txt 0.33668341708542715 0.4 392.3333333333333 [1, 1, 1, 0, 0, 0, 0, 1, 1, 1, 0, 0, 1, 1, 1, 1, 0, 1, 0, 1, 1, 1, 1, 0, 0, 1, 1, 0, 1, 1, 1, 0, 1, 0, 1, 0, 0, 1, 1, 1, 0, 0, 1, 0, 0, 0, 0, 0, 0, 1, 0, 0, 0, 0, 0, 1, 0, 0, 0, 0, 0, 1, 1, 0, 0] 
dagD23.txt 3_2x1.txt 0.271356783919598 0.7 392.3333333333333 [0, 1, 1, 1, 1, 1, 0, 1, 1, 1, 0, 1, 1, 1, 0, 1, 1, 1, 0, 0, 1, 0, 1, 1, 1, 1, 0, 1, 1, 0, 0, 1, 1, 0, 1, 0, 0, 0, 0, 1, 1, 0, 0, 0, 0, 0, 0, 0, 0, 0, 0, 1, 0, 0, 0, 0, 0, 0, 0, 1, 0, 0, 0, 0, 0] 
dagD23.txt 3_2x1.txt 0.24623115577889448 0.3 393.0 [0, 1, 1, 1, 1, 1, 1, 1, 1, 0, 1, 1, 1, 1, 1, 0, 1, 1, 0, 1, 1, 1, 0, 1, 0, 0, 0, 0, 1, 1, 0, 1, 1, 0, 0, 0, 1, 1, 0, 0, 1, 0, 0, 1, 0, 0, 0, 0, 0, 0, 0, 0, 0, 0, 0, 0, 0, 0, 0, 0, 0, 0, 0, 0, 0] 
dagD23.txt 3_2x5.txt 0.08040201005025126 0.1 580.0 [0, 0, 0, 0, 0, 0, 0, 0, 0, 0, 0, 0, 0, 0, 0, 0, 0, 0, 0, 0, 0, 0, 0, 0, 0, 0, 0, 0, 0, 0, 0, 0, 0, 0, 0, 0, 0, 0, 0, 0, 0, 0, 0, 0, 0, 0, 0, 0, 0, 0, 2, 2, 0, 0, 0, 2, 0, 0, 2, 2, 0, 0, 0, 2, 2] 
dagD23.txt 3_2x1.txt 0.25125628140703515 0.8 392.3333333333333 [1, 1, 1, 1, 1, 1, 0, 0, 1, 1, 1, 1, 0, 0, 1, 1, 1, 0, 1, 0, 1, 0, 1, 1, 1, 1, 0, 1, 1, 0, 0, 1, 0, 0, 1, 0, 0, 0, 0, 0, 1, 0, 0, 0, 0, 0, 0, 0, 0, 0, 0, 1, 0, 0, 0, 0, 0, 0, 0, 1, 0, 0, 0, 0, 0] 
dagD23.txt 3_2x5.txt 0.1457286432160804 0.15 427.6666666666667 [0, 0, 0, 0, 0, 0, 0, 0, 0, 0, 0, 0, 0, 0, 0, 0, 0, 0, 0, 0, 0, 0, 0, 0, 0, 0, 0, 0, 0, 0, 0, 0, 0, 2, 0, 2, 0, 0, 0, 0, 0, 2, 0, 0, 2, 2, 2, 2, 2, 0, 2, 2, 2, 2, 2, 2, 2, 2, 2, 2, 2, 0, 2, 2, 2] 
dagD23.txt 3_2x5.txt 0.5979899497487438 0.6 92.33333333333333 [1, 2, 2, 2, 6, 2, 6, 6, 5, 1, 2, 2, 2, 6, 5, 8, 6, 6, 1, 5, 5, 0, 1, 2, 6, 8, 1, 2, 2, 0, 4, 8, 5, 4, 8, 4, 6, 0, 3, 8, 5, 8, 3, 4, 0, 0, 7, 3, 0, 4, 7, 8, 7, 3, 4, 4, 4, 3, 7, 8, 0, 3, 4, 7, 0] 
dagD23.txt 3_2x5.txt 0.19597989949748743 0.2 327.3333333333333 [2, 2, 2, 2, 2, 2, 2, 2, 2, 2, 2, 2, 2, 2, 2, 2, 2, 2, 2, 2, 2, 2, 0, 2, 0, 0, 0, 0, 2, 2, 2, 2, 2, 0, 2, 0, 0, 2, 2, 2, 2, 0, 2, 0, 0, 0, 0, 0, 0, 0, 0, 0, 0, 0, 0, 0, 0, 0, 0, 0, 0, 2, 0, 0, 0] 
dagD23.txt 3_2x5.txt 0.23115577889447236 0.25 298.6666666666667 [0, 0, 0, 0, 0, 0, 0, 0, 0, 0, 0, 0, 0, 0, 0, 0, 0, 0, 0, 0, 0, 2, 4, 0, 0, 0, 0, 4, 0, 2, 2, 2, 0, 4, 0, 2, 2, 2, 2, 0, 0, 2, 2, 2, 2, 2, 2, 2, 2, 0, 2, 6, 2, 2, 2, 2, 2, 2, 2, 6, 2, 2, 2, 2, 6] 
dagD23.txt 3_2x5.txt 0.5477386934673367 0.55 105.0 [0, 0, 0, 7, 2, 0, 0, 2, 2, 2, 2, 0, 0, 2, 0, 5, 7, 2, 0, 4, 4, 4, 5, 0, 7, 5, 2, 5, 0, 4, 4, 1, 2, 3, 5, 1, 6, 4, 4, 2, 4, 1, 4, 6, 3, 8, 8, 8, 8, 6, 6, 3, 3, 1, 3, 6, 8, 1, 6, 3, 8, 4, 1, 8, 3] 
dagD23.txt 3_2x5.txt 0.49748743718592964 0.5 118.0 [0, 0, 0, 3, 3, 3, 0, 2, 2, 0, 3, 3, 2, 2, 0, 1, 3, 0, 0, 2, 2, 2, 8, 3, 3, 1, 0, 8, 0, 2, 2, 6, 2, 8, 0, 6, 4, 2, 1, 0, 2, 6, 1, 6, 4, 8, 4, 6, 4, 1, 4, 8, 4, 6, 8, 1, 6, 6, 4, 8, 6, 1, 6, 4, 8] 
dagD23.txt 3_2x5.txt 0.628140703517588 0.7 83.33333333333333 [4, 9, 0, 9, 0, 0, 4, 0, 3, 4, 8, 9, 0, 3, 3, 2, 0, 0, 4, 7, 3, 7, 4, 9, 0, 2, 5, 4, 0, 7, 7, 9, 3, 6, 2, 8, 6, 7, 2, 4, 7, 8, 7, 2, 6, 8, 5, 5, 5, 2, 1, 6, 6, 8, 6, 1, 1, 8, 1, 2, 5, 2, 8, 1, 6] 
dagD23.txt 3_2x5.txt 0.2914572864321608 0.3 245.33333333333334 [4, 0, 0, 0, 0, 0, 0, 0, 0, 4, 0, 0, 0, 0, 0, 4, 0, 0, 4, 0, 0, 0, 4, 0, 0, 4, 4, 4, 0, 0, 4, 0, 0, 4, 4, 2, 2, 0, 4, 4, 0, 2, 4, 4, 2, 2, 2, 2, 2, 4, 2, 4, 2, 2, 4, 2, 2, 2, 2, 4, 2, 4, 2, 2, 2] 
dagD23.txt 3_2x5.txt 0.628140703517588 0.65 84.66666666666667 [0, 4, 4, 4, 1, 4, 4, 1, 8, 1, 8, 4, 4, 1, 0, 2, 1, 8, 8, 1, 2, 7, 5, 4, 5, 2, 8, 5, 4, 7, 2, 5, 8, 6, 2, 0, 6, 7, 7, 8, 2, 0, 7, 2, 3, 3, 0, 0, 3, 2, 9, 6, 6, 0, 6, 9, 9, 0, 6, 2, 3, 7, 9, 9, 6] 
dagD23.txt 3_2x5.txt 0.6432160804020101 1 83.5 [2, 1, 1, 3, 4, 1, 3, 4, 0, 4, 4, 1, 4, 4, 1, 0, 3, 4, 8, 2, 0, 6, 2, 1, 3, 0, 2, 9, 0, 6, 2, 0, 4, 9, 0, 2, 8, 5, 5, 4, 0, 0, 5, 6, 6, 8, 6, 5, 6, 2, 7, 9, 6, 8, 9, 2, 7, 8, 6, 9, 8, 5, 2, 7, 7] 
dagD23.txt 3_2x5.txt 0.3869346733668342 0.4 166.0 [2, 2, 2, 0, 0, 0, 0, 0, 0, 2, 0, 0, 0, 0, 2, 2, 0, 0, 2, 2, 0, 6, 4, 0, 4, 2, 2, 4, 2, 6, 2, 0, 0, 4, 2, 4, 6, 2, 2, 2, 0, 6, 2, 4, 6, 4, 6, 6, 6, 4, 6, 4, 6, 4, 4, 4, 6, 4, 6, 4, 6, 2, 4, 6, 6] 
dagD23.txt 3_2x5.txt 0.34673366834170855 0.35 218.33333333333334 [2, 2, 2, 4, 2, 4, 4, 4, 4, 2, 4, 2, 4, 4, 2, 2, 4, 2, 2, 2, 4, 4, 0, 2, 4, 2, 2, 6, 2, 4, 4, 2, 2, 0, 2, 2, 4, 4, 2, 2, 2, 2, 4, 4, 0, 0, 0, 0, 0, 4, 0, 0, 0, 0, 0, 0, 0, 2, 0, 0, 0, 4, 0, 0, 0] 
dagD23.txt 3_2x5.txt 0.4472361809045226 0.45 131.66666666666666 [1, 6, 6, 0, 0, 0, 0, 0, 0, 1, 0, 6, 0, 0, 6, 6, 0, 0, 6, 6, 0, 4, 1, 6, 1, 6, 6, 1, 6, 4, 6, 2, 0, 8, 6, 2, 4, 2, 2, 6, 6, 2, 2, 8, 4, 2, 4, 2, 4, 8, 4, 8, 4, 2, 8, 8, 4, 2, 4, 8, 2, 2, 8, 4, 4] 
dagD23.txt 3_2x5.txt 0.6934673366834171 0.8 82.33333333333333 [6, 3, 0, 8, 8, 3, 4, 8, 2, 3, 0, 3, 8, 2, 2, 0, 2, 8, 2, 0, 8, 7, 5, 3, 5, 2, 6, 5, 8, 7, 9, 3, 0, 5, 2, 0, 1, 9, 6, 0, 2, 0, 9, 9, 7, 7, 1, 1, 6, 4, 1, 4, 4, 6, 4, 4, 8, 6, 1, 4, 6, 9, 4, 8, 7] 
dagD23.txt 3_2x5.txt 0.6381909547738693 0.9 83.66666666666667 [1, 4, 4, 6, 3, 6, 6, 3, 2, 1, 8, 4, 6, 3, 4, 6, 6, 3, 4, 8, 3, 8, 1, 7, 6, 7, 0, 1, 4, 8, 8, 4, 3, 5, 7, 5, 2, 8, 8, 1, 7, 5, 8, 4, 2, 9, 0, 5, 9, 2, 0, 7, 2, 0, 5, 0, 9, 0, 2, 7, 9, 8, 0, 0, 2] 
