dagE10.txt 3_2x4.txt 0.09615384615384616 0.1 617.6666666666666 [6, 6, 6, 6, 6, 6, 6, 6, 6, 6, 0, 6, 6, 6, 6, 6, 6, 6, 6, 6, 6, 6, 6, 6, 6, 6, 6, 6, 6, 6, 6, 6, 6, 6, 6, 6, 6, 6, 6, 6, 6, 6, 6, 6, 6, 6, 6, 6, 6, 6, 6, 2, 6, 6, 6, 4, 0, 2, 6, 6, 2, 6, 6, 6, 6, 6, 6, 6, 2, 4] 
dagE10.txt 3_2x4.txt 0.14903846153846154 0.15 451.3333333333333 [0, 0, 0, 0, 0, 0, 0, 0, 0, 0, 0, 0, 0, 0, 0, 0, 0, 0, 0, 0, 0, 0, 0, 0, 0, 0, 0, 2, 2, 0, 0, 0, 0, 0, 2, 0, 2, 2, 0, 0, 0, 2, 2, 0, 2, 0, 2, 2, 0, 2, 2, 2, 0, 2, 2, 2, 0, 2, 2, 2, 2, 2, 2, 0, 2, 2, 2, 0, 2, 2] 
dagE10.txt 3_2x4.txt 0.5865384615384616 0.6 109.5 [1, 6, 6, 5, 1, 1, 1, 4, 1, 6, 4, 6, 5, 1, 1, 5, 1, 6, 6, 6, 6, 2, 3, 4, 5, 4, 6, 2, 0, 5, 4, 5, 3, 6, 7, 4, 2, 0, 4, 3, 3, 2, 0, 7, 7, 3, 0, 7, 3, 0, 2, 2, 7, 0, 2, 4, 0, 2, 0, 0, 0, 3, 7, 7, 2, 0, 2, 3, 0, 4] 
dagE10.txt 3_2x4.txt 0.5432692307692307 0.55 112.66666666666667 [6, 2, 1, 6, 2, 3, 3, 1, 3, 2, 7, 2, 6, 3, 3, 6, 3, 1, 2, 1, 2, 6, 7, 1, 6, 4, 2, 3, 7, 1, 2, 6, 4, 6, 5, 1, 0, 0, 2, 7, 4, 7, 7, 4, 5, 4, 0, 5, 4, 0, 5, 5, 5, 0, 0, 2, 4, 5, 0, 0, 0, 0, 4, 4, 0, 0, 0, 4, 0, 2] 
dagE10.txt 3_2x4.txt 0.5865384615384616 0.7 109.5 [1, 6, 6, 5, 1, 1, 1, 4, 1, 6, 4, 6, 5, 1, 1, 5, 1, 6, 6, 6, 6, 2, 3, 4, 5, 4, 6, 2, 0, 5, 4, 5, 3, 6, 7, 4, 2, 0, 4, 3, 3, 2, 0, 7, 7, 3, 0, 7, 3, 0, 2, 2, 7, 0, 2, 4, 0, 2, 0, 0, 0, 3, 7, 7, 2, 0, 2, 3, 0, 4] 
dagE10.txt 3_2x4.txt 0.1971153846153846 0.2 333.6666666666667 [2, 2, 2, 2, 2, 2, 2, 2, 2, 2, 2, 2, 2, 2, 2, 2, 2, 2, 2, 2, 2, 2, 2, 2, 0, 2, 2, 0, 0, 2, 2, 2, 0, 0, 6, 2, 0, 0, 2, 0, 0, 0, 0, 0, 0, 0, 0, 0, 0, 0, 6, 0, 0, 0, 0, 4, 0, 0, 0, 0, 0, 0, 0, 0, 0, 0, 0, 0, 0, 4] 
dagE10.txt 3_2x4.txt 0.34615384615384615 0.35 179.33333333333334 [6, 0, 0, 6, 0, 6, 6, 0, 6, 0, 6, 0, 6, 6, 6, 6, 6, 0, 0, 0, 0, 6, 2, 6, 6, 0, 0, 2, 2, 6, 0, 6, 2, 2, 4, 0, 4, 4, 0, 2, 2, 2, 2, 2, 4, 2, 4, 4, 2, 4, 4, 4, 2, 4, 4, 0, 2, 4, 4, 4, 4, 4, 2, 2, 4, 4, 4, 2, 4, 0] 
dagE10.txt 3_2x4.txt 0.25 0.25 275.3333333333333 [0, 0, 0, 0, 0, 0, 0, 0, 0, 0, 0, 0, 0, 0, 2, 0, 0, 0, 0, 0, 0, 2, 2, 0, 2, 0, 0, 4, 2, 0, 0, 2, 2, 2, 4, 0, 4, 4, 0, 2, 2, 2, 2, 2, 4, 2, 4, 4, 2, 4, 4, 4, 2, 4, 4, 4, 2, 4, 4, 4, 4, 4, 2, 2, 4, 4, 4, 2, 4, 4] 
dagE10.txt 3_2x4.txt 0.5 0.5 129.5 [5, 3, 4, 6, 3, 6, 6, 4, 5, 3, 6, 3, 6, 6, 1, 6, 6, 4, 4, 3, 3, 5, 1, 4, 3, 4, 4, 5, 1, 4, 3, 6, 7, 5, 2, 1, 2, 2, 4, 1, 7, 7, 1, 4, 2, 7, 2, 2, 7, 2, 0, 0, 1, 2, 0, 0, 7, 0, 1, 2, 2, 2, 7, 1, 0, 2, 0, 7, 2, 0] 
dagE10.txt 3_2x4.txt 0.5865384615384616 0.65 109.5 [1, 6, 6, 5, 1, 1, 1, 4, 1, 6, 4, 6, 5, 1, 1, 5, 1, 6, 6, 6, 6, 2, 3, 4, 5, 4, 6, 2, 0, 5, 4, 5, 3, 6, 7, 4, 2, 0, 4, 3, 3, 2, 0, 7, 7, 3, 0, 7, 3, 0, 2, 2, 7, 0, 2, 4, 0, 2, 0, 0, 0, 3, 7, 7, 2, 0, 2, 3, 0, 4] 
dagE10.txt 3_2x4.txt 0.3942307692307692 0.4 175.66666666666666 [6, 0, 0, 6, 0, 6, 6, 0, 6, 0, 6, 0, 6, 6, 6, 6, 6, 0, 0, 0, 0, 6, 2, 6, 6, 1, 0, 2, 2, 6, 0, 6, 2, 1, 4, 0, 4, 4, 0, 2, 2, 2, 2, 2, 4, 2, 4, 4, 2, 4, 4, 4, 2, 4, 4, 0, 2, 4, 4, 4, 4, 4, 2, 2, 1, 4, 4, 2, 4, 0] 
dagE10.txt 3_2x4.txt 0.44711538461538464 0.45 144.0 [3, 2, 2, 4, 2, 4, 4, 2, 4, 2, 4, 2, 3, 4, 4, 4, 4, 2, 2, 2, 2, 3, 4, 2, 3, 3, 2, 4, 4, 3, 2, 3, 6, 6, 0, 2, 0, 0, 0, 0, 6, 4, 0, 6, 0, 6, 0, 0, 6, 0, 1, 1, 6, 0, 1, 1, 6, 1, 0, 0, 0, 0, 6, 6, 1, 0, 1, 6, 0, 1] 
dagE10.txt 3_2x4.txt 0.2932692307692308 0.3 237.0 [4, 4, 4, 4, 2, 4, 4, 4, 4, 2, 4, 2, 4, 4, 2, 4, 4, 4, 2, 4, 2, 4, 2, 4, 2, 4, 2, 2, 2, 4, 2, 4, 2, 2, 0, 4, 0, 0, 2, 2, 2, 2, 2, 2, 0, 2, 0, 0, 2, 0, 0, 0, 2, 0, 0, 0, 0, 0, 0, 0, 0, 0, 0, 2, 0, 0, 0, 0, 0, 0] 
dagE10.txt 3_2x4.txt 0.5865384615384616 1 109.5 [1, 6, 6, 5, 1, 1, 1, 4, 1, 6, 4, 6, 5, 1, 1, 5, 1, 6, 6, 6, 6, 2, 3, 4, 5, 4, 6, 2, 0, 5, 4, 5, 3, 6, 7, 4, 2, 0, 4, 3, 3, 2, 0, 7, 7, 3, 0, 7, 3, 0, 2, 2, 7, 0, 2, 4, 0, 2, 0, 0, 0, 3, 7, 7, 2, 0, 2, 3, 0, 4] 
dagE10.txt 5_4_3_2x2.txt 0.07692307692307693 0.1 380.2 [0, 0, 0, 0, 0, 0, 0, 0, 0, 0, 4, 0, 0, 0, 0, 0, 0, 0, 0, 0, 0, 0, 0, 0, 0, 0, 0, 0, 0, 0, 0, 0, 0, 0, 0, 0, 0, 0, 0, 0, 0, 0, 0, 0, 0, 0, 0, 0, 0, 0, 0, 4, 0, 0, 0, 1, 0, 4, 0, 0, 4, 0, 0, 0, 0, 0, 0, 0, 4, 1] 
dagE10.txt 3_2x4.txt 0.5913461538461539 0.8 109.0 [2, 5, 0, 3, 0, 1, 1, 1, 5, 0, 6, 0, 1, 1, 5, 3, 1, 5, 0, 5, 0, 0, 2, 1, 0, 1, 0, 4, 2, 3, 0, 3, 4, 6, 6, 5, 6, 7, 0, 2, 4, 2, 2, 4, 6, 4, 7, 6, 4, 6, 7, 7, 6, 7, 6, 3, 4, 6, 2, 2, 2, 7, 4, 6, 7, 2, 6, 4, 2, 3] 
dagE10.txt 3_2x4.txt 0.5865384615384616 0.9 109.5 [1, 6, 6, 5, 1, 1, 1, 4, 1, 6, 4, 6, 5, 1, 1, 5, 1, 6, 6, 6, 6, 2, 3, 4, 5, 4, 6, 2, 0, 5, 4, 5, 3, 6, 7, 4, 2, 0, 4, 3, 3, 2, 0, 7, 7, 3, 0, 7, 3, 0, 2, 2, 7, 0, 2, 4, 0, 2, 0, 0, 0, 3, 7, 7, 2, 0, 2, 3, 0, 4] 
dagE10.txt 5_4_3_2x2.txt 0.14423076923076922 0.15 276.2 [0, 0, 0, 0, 0, 0, 0, 0, 0, 0, 0, 0, 0, 0, 0, 0, 0, 0, 0, 0, 0, 0, 0, 0, 0, 0, 0, 4, 4, 0, 0, 0, 0, 0, 4, 0, 4, 4, 0, 0, 0, 4, 4, 0, 4, 0, 4, 4, 0, 4, 4, 4, 0, 4, 4, 4, 0, 4, 4, 4, 4, 4, 0, 0, 4, 4, 4, 4, 4, 4] 
dagE10.txt 5_4_3_2x2.txt 0.5480769230769231 0.55 81.5 [1, 6, 1, 1, 1, 3, 3, 4, 0, 1, 5, 6, 4, 3, 4, 3, 3, 6, 1, 6, 1, 1, 0, 4, 6, 4, 1, 0, 0, 4, 4, 4, 0, 1, 0, 6, 2, 5, 4, 0, 0, 0, 5, 0, 2, 7, 5, 2, 0, 5, 0, 2, 7, 5, 2, 4, 7, 2, 5, 5, 5, 5, 7, 7, 2, 5, 2, 7, 5, 4] 
dagE10.txt 5_4_3_2x2.txt 0.5 0.5 83.75 [5, 0, 0, 5, 0, 5, 5, 0, 5, 0, 5, 0, 0, 5, 6, 5, 5, 0, 0, 0, 0, 2, 6, 0, 2, 6, 0, 7, 1, 2, 0, 2, 1, 2, 3, 3, 4, 4, 6, 1, 1, 7, 1, 1, 3, 1, 4, 3, 1, 4, 4, 4, 2, 4, 4, 6, 5, 3, 4, 4, 4, 4, 1, 1, 4, 4, 4, 1, 4, 6] 
dagE10.txt 5_4_3_2x2.txt 0.1971153846153846 0.2 200.2 [4, 4, 4, 4, 4, 4, 4, 4, 4, 4, 4, 4, 4, 4, 4, 4, 4, 4, 4, 4, 4, 4, 4, 4, 0, 4, 4, 0, 0, 4, 4, 4, 0, 0, 5, 4, 0, 0, 4, 0, 0, 0, 0, 0, 0, 0, 0, 0, 0, 0, 5, 0, 0, 0, 0, 1, 0, 0, 0, 0, 0, 0, 0, 0, 0, 0, 0, 0, 0, 1] 
dagE10.txt 5_4_3_2x2.txt 0.44711538461538464 0.45 98.6 [1, 0, 0, 0, 0, 2, 2, 0, 2, 0, 2, 0, 2, 2, 1, 2, 2, 0, 0, 0, 0, 1, 1, 0, 1, 1, 0, 5, 5, 0, 0, 2, 5, 6, 4, 5, 4, 4, 0, 1, 5, 5, 4, 0, 4, 6, 4, 4, 6, 4, 5, 4, 6, 4, 4, 1, 6, 5, 4, 4, 4, 4, 6, 6, 4, 4, 4, 6, 4, 1] 
dagE10.txt 5_4_3_2x2.txt 0.25 0.25 165.2 [0, 0, 0, 0, 0, 0, 0, 0, 0, 0, 0, 0, 0, 0, 4, 0, 0, 0, 0, 0, 0, 4, 4, 0, 4, 0, 0, 1, 4, 0, 0, 4, 4, 4, 1, 0, 1, 1, 0, 4, 4, 4, 4, 4, 1, 4, 1, 1, 4, 1, 1, 1, 4, 1, 1, 1, 4, 1, 1, 1, 1, 1, 4, 4, 1, 1, 1, 4, 1, 1] 
dagE10.txt 5_4_3_2x2.txt 0.6105769230769231 0.8 79.25 [7, 5, 5, 0, 2, 2, 2, 1, 2, 5, 3, 5, 0, 2, 2, 0, 2, 5, 5, 5, 5, 1, 6, 1, 2, 1, 5, 3, 0, 0, 1, 5, 6, 3, 4, 1, 4, 0, 1, 6, 6, 4, 0, 4, 4, 6, 0, 4, 6, 0, 4, 4, 4, 0, 4, 1, 7, 4, 0, 0, 0, 6, 7, 4, 4, 0, 4, 6, 0, 1] 
dagE10.txt 5_4_3_2x2.txt 0.5144230769230769 0.6 79.6 [0, 2, 5, 0, 2, 0, 0, 5, 0, 2, 7, 2, 0, 0, 5, 0, 0, 2, 5, 5, 7, 0, 4, 5, 0, 5, 2, 6, 4, 5, 5, 0, 7, 1, 1, 2, 1, 4, 5, 4, 7, 6, 4, 4, 1, 6, 4, 1, 6, 4, 1, 3, 1, 4, 1, 3, 6, 1, 4, 4, 3, 4, 6, 4, 1, 4, 3, 6, 4, 3] 
dagE10.txt 5_4_3_2x2.txt 0.39903846153846156 0.4 109.6 [5, 0, 0, 5, 0, 5, 5, 0, 5, 0, 5, 0, 0, 5, 2, 5, 5, 0, 0, 0, 0, 2, 4, 0, 0, 0, 0, 6, 4, 0, 0, 2, 1, 1, 6, 0, 4, 4, 2, 4, 1, 6, 4, 1, 6, 1, 4, 6, 1, 4, 6, 4, 1, 4, 4, 2, 1, 6, 4, 4, 4, 4, 1, 1, 4, 4, 4, 1, 4, 2] 
dagE10.txt 5_4_3_2x2.txt 0.33653846153846156 0.35 129.25 [0, 0, 0, 5, 0, 5, 5, 0, 5, 0, 5, 0, 1, 5, 0, 5, 5, 0, 0, 0, 0, 1, 1, 0, 1, 0, 0, 4, 1, 0, 0, 1, 1, 5, 4, 0, 4, 4, 0, 1, 1, 1, 1, 0, 4, 1, 4, 4, 1, 4, 4, 4, 1, 4, 4, 2, 1, 4, 4, 4, 4, 4, 4, 1, 4, 4, 4, 1, 4, 2] 
dagE10.txt 5_4_3_2x2.txt 0.2980769230769231 0.3 152.0 [4, 4, 4, 4, 4, 4, 4, 0, 4, 4, 4, 0, 4, 4, 0, 4, 4, 4, 4, 4, 4, 4, 0, 0, 0, 0, 4, 4, 0, 0, 0, 4, 0, 0, 1, 4, 1, 4, 0, 0, 0, 0, 0, 0, 1, 0, 1, 1, 0, 1, 1, 1, 0, 0, 1, 1, 0, 1, 1, 1, 1, 1, 5, 0, 1, 1, 1, 0, 1, 1] 
dagE10.txt 5_4_3_2x2.txt 0.6105769230769231 0.7 79.25 [7, 5, 5, 0, 2, 2, 2, 1, 2, 5, 3, 5, 0, 2, 2, 0, 2, 5, 5, 5, 5, 1, 6, 1, 2, 1, 5, 3, 0, 0, 1, 5, 6, 3, 4, 1, 4, 0, 1, 6, 6, 4, 0, 4, 4, 6, 0, 4, 6, 0, 4, 4, 4, 0, 4, 1, 7, 4, 0, 0, 0, 6, 7, 4, 4, 0, 4, 6, 0, 1] 
dagE10.txt 5_4_3_2x2.txt 0.6105769230769231 0.65 79.25 [7, 5, 5, 0, 2, 2, 2, 1, 2, 5, 3, 5, 0, 2, 2, 0, 2, 5, 5, 5, 5, 1, 6, 1, 2, 1, 5, 3, 0, 0, 1, 5, 6, 3, 4, 1, 4, 0, 1, 6, 6, 4, 0, 4, 4, 6, 0, 4, 6, 0, 4, 4, 4, 0, 4, 1, 7, 4, 0, 0, 0, 6, 7, 4, 4, 0, 4, 6, 0, 1] 
dagE10.txt 5_4_3_2x2.txt 0.5961538461538461 1 79.0 [0, 4, 5, 2, 0, 6, 6, 5, 6, 0, 6, 0, 6, 6, 4, 6, 6, 4, 5, 5, 0, 2, 4, 5, 0, 7, 5, 3, 1, 5, 0, 2, 2, 0, 5, 5, 1, 1, 4, 1, 2, 4, 1, 4, 3, 4, 1, 3, 4, 7, 5, 1, 0, 1, 1, 0, 2, 0, 1, 7, 7, 1, 4, 4, 3, 7, 1, 4, 7, 0] 
dagE10.txt 4_1x5.txt 0.09615384615384616 0.1 463.25 [6, 6, 6, 6, 6, 6, 6, 6, 6, 6, 0, 6, 6, 6, 6, 6, 6, 6, 6, 6, 6, 6, 6, 6, 6, 6, 6, 6, 6, 6, 6, 6, 6, 6, 6, 6, 6, 6, 6, 6, 6, 6, 6, 6, 6, 6, 6, 6, 6, 6, 6, 2, 6, 6, 6, 4, 0, 2, 6, 6, 2, 6, 6, 6, 6, 6, 6, 6, 2, 4] 
dagE10.txt 5_4_3_2x2.txt 0.6105769230769231 0.9 79.25 [7, 5, 5, 0, 2, 2, 2, 1, 2, 5, 3, 5, 0, 2, 2, 0, 2, 5, 5, 5, 5, 1, 6, 1, 2, 1, 5, 3, 0, 0, 1, 5, 6, 3, 4, 1, 4, 0, 1, 6, 6, 4, 0, 4, 4, 6, 0, 4, 6, 0, 4, 4, 4, 0, 4, 1, 7, 4, 0, 0, 0, 6, 7, 4, 4, 0, 4, 6, 0, 1] 
dagE10.txt 4_1x5.txt 0.14903846153846154 0.15 306.25 [2, 2, 2, 2, 2, 2, 2, 2, 2, 2, 2, 2, 2, 2, 0, 2, 2, 2, 2, 2, 2, 2, 0, 2, 2, 2, 2, 0, 0, 2, 0, 2, 0, 0, 0, 2, 0, 0, 0, 0, 0, 0, 0, 0, 0, 0, 0, 0, 0, 0, 0, 0, 0, 0, 0, 0, 0, 0, 0, 0, 0, 0, 0, 0, 0, 0, 0, 0, 0, 0] 
dagE10.txt 4_1x5.txt 0.6105769230769231 0.8 89.75 [6, 2, 4, 4, 4, 6, 0, 0, 0, 4, 4, 2, 6, 4, 5, 6, 0, 0, 4, 2, 4, 6, 6, 7, 6, 0, 4, 2, 8, 7, 5, 0, 7, 3, 2, 0, 8, 8, 5, 8, 0, 2, 8, 8, 1, 6, 8, 1, 6, 4, 2, 2, 3, 8, 8, 9, 2, 1, 8, 4, 2, 8, 8, 3, 8, 4, 2, 6, 4, 9] 
dagE10.txt 4_1x5.txt 0.5817307692307693 0.6 91.25 [4, 6, 2, 4, 2, 0, 0, 2, 0, 2, 7, 6, 4, 0, 0, 4, 0, 6, 2, 6, 2, 4, 1, 2, 5, 5, 2, 4, 7, 2, 2, 4, 6, 3, 8, 6, 8, 8, 2, 8, 6, 4, 8, 4, 8, 6, 8, 0, 6, 8, 0, 0, 4, 8, 0, 2, 9, 0, 8, 8, 8, 8, 6, 4, 1, 8, 0, 6, 8, 2] 
dagE10.txt 4_1x5.txt 0.5336538461538461 0.55 96.0 [4, 6, 2, 4, 2, 4, 4, 2, 7, 2, 8, 2, 4, 4, 7, 4, 4, 2, 2, 2, 2, 3, 4, 2, 6, 4, 2, 8, 6, 2, 2, 4, 8, 1, 6, 6, 0, 0, 2, 0, 8, 6, 0, 8, 0, 8, 0, 1, 8, 0, 6, 6, 1, 0, 0, 5, 8, 6, 0, 0, 0, 0, 8, 0, 6, 0, 0, 8, 0, 5] 
dagE10.txt 4_1x5.txt 0.2932692307692308 0.3 177.75 [4, 4, 4, 4, 0, 4, 4, 4, 4, 0, 4, 0, 4, 4, 0, 4, 4, 4, 0, 4, 0, 4, 0, 4, 0, 4, 0, 0, 0, 4, 0, 4, 0, 0, 2, 4, 2, 2, 0, 0, 0, 0, 0, 0, 2, 0, 2, 2, 0, 2, 2, 2, 0, 2, 2, 2, 2, 2, 2, 2, 2, 2, 2, 0, 2, 2, 2, 2, 2, 2] 
dagE10.txt 4_1x5.txt 0.25 0.25 206.5 [0, 0, 0, 0, 0, 0, 0, 0, 0, 0, 0, 0, 0, 0, 2, 0, 0, 0, 0, 0, 0, 2, 2, 0, 2, 0, 0, 4, 2, 0, 0, 2, 2, 2, 4, 0, 4, 4, 0, 2, 2, 2, 2, 2, 4, 2, 4, 4, 2, 4, 4, 4, 2, 4, 4, 4, 2, 4, 4, 4, 4, 4, 2, 2, 4, 4, 4, 2, 4, 4] 
dagE10.txt 4_1x5.txt 0.4423076923076923 0.45 108.5 [4, 2, 2, 4, 4, 4, 4, 2, 4, 4, 4, 2, 2, 4, 6, 2, 4, 2, 2, 2, 4, 4, 0, 2, 0, 2, 2, 8, 0, 2, 6, 4, 0, 6, 6, 2, 6, 0, 6, 0, 0, 8, 0, 6, 6, 0, 8, 6, 0, 8, 8, 8, 6, 0, 8, 8, 1, 8, 6, 0, 8, 0, 6, 6, 8, 6, 8, 0, 8, 8] 
dagE10.txt 4_1x5.txt 0.34615384615384615 0.35 134.5 [6, 0, 0, 6, 0, 6, 6, 0, 6, 0, 6, 0, 6, 6, 6, 6, 6, 0, 0, 0, 0, 6, 2, 6, 6, 0, 0, 2, 2, 6, 0, 6, 2, 2, 4, 0, 4, 4, 0, 2, 2, 2, 2, 2, 4, 2, 4, 4, 2, 4, 4, 4, 2, 4, 4, 0, 2, 4, 4, 4, 4, 4, 2, 2, 4, 4, 4, 2, 4, 0] 
dagE10.txt 4_1x5.txt 0.6394230769230769 0.65 90.0 [8, 6, 0, 0, 0, 1, 8, 8, 8, 8, 7, 0, 1, 1, 8, 8, 8, 9, 0, 0, 0, 9, 8, 0, 4, 6, 0, 3, 4, 0, 0, 4, 5, 6, 0, 4, 2, 2, 6, 2, 5, 4, 2, 6, 2, 4, 2, 7, 4, 2, 0, 3, 6, 2, 2, 6, 6, 0, 2, 2, 2, 2, 4, 6, 4, 2, 2, 4, 2, 6] 
dagE10.txt 4_1x5.txt 0.1971153846153846 0.2 250.25 [2, 2, 2, 2, 2, 2, 2, 2, 2, 2, 2, 2, 2, 2, 2, 2, 2, 2, 2, 2, 2, 2, 2, 2, 0, 2, 2, 0, 0, 2, 2, 2, 0, 0, 6, 2, 0, 0, 2, 0, 0, 0, 0, 0, 0, 0, 0, 0, 0, 0, 6, 0, 0, 0, 0, 4, 0, 0, 0, 0, 0, 0, 0, 0, 0, 0, 0, 0, 0, 4] 
dagE10.txt 4_1x5.txt 0.5 0.5 102.75 [4, 2, 2, 4, 4, 4, 4, 2, 4, 4, 3, 2, 2, 4, 6, 2, 4, 2, 2, 2, 4, 4, 0, 2, 0, 1, 2, 8, 0, 2, 6, 4, 0, 3, 6, 2, 6, 0, 6, 0, 0, 8, 0, 6, 6, 0, 8, 6, 0, 8, 8, 8, 6, 0, 8, 8, 1, 8, 6, 0, 8, 0, 6, 6, 8, 6, 8, 0, 8, 8] 
dagE10.txt 4_1x5.txt 0.39903846153846156 0.4 111.5 [0, 2, 2, 0, 2, 0, 0, 2, 0, 2, 0, 2, 0, 0, 8, 0, 0, 2, 2, 2, 2, 0, 8, 2, 8, 2, 2, 4, 8, 2, 2, 0, 8, 6, 4, 0, 6, 4, 6, 8, 8, 8, 8, 6, 6, 8, 4, 6, 8, 4, 4, 4, 6, 4, 6, 6, 8, 6, 6, 4, 4, 4, 6, 6, 4, 4, 4, 8, 4, 6] 
dagE10.txt 4_1x5.txt 0.6490384615384616 1 89.0 [0, 0, 8, 0, 0, 1, 0, 9, 8, 8, 1, 5, 8, 1, 6, 0, 0, 0, 8, 9, 0, 4, 2, 9, 5, 6, 0, 2, 2, 6, 6, 4, 8, 3, 2, 0, 4, 4, 6, 6, 8, 3, 4, 6, 2, 8, 8, 2, 6, 8, 2, 2, 3, 4, 4, 6, 4, 2, 8, 7, 7, 4, 4, 6, 4, 8, 2, 4, 7, 6] 
dagE10.txt 4_1x5.txt 0.6153846153846154 0.7 90.5 [6, 2, 2, 1, 2, 6, 6, 6, 6, 2, 8, 2, 1, 1, 3, 6, 6, 2, 2, 2, 2, 4, 8, 6, 6, 4, 2, 8, 8, 6, 3, 4, 4, 8, 9, 7, 0, 0, 2, 8, 4, 8, 8, 7, 5, 4, 0, 5, 4, 0, 0, 8, 8, 0, 0, 3, 9, 0, 0, 0, 0, 0, 4, 8, 6, 0, 0, 4, 0, 2] 
dagE10.txt 3_2x3.txt 0.09134615384615384 0.1 646.0 [0, 0, 0, 0, 0, 0, 0, 0, 0, 0, 2, 0, 0, 0, 0, 0, 0, 0, 0, 0, 0, 0, 0, 0, 0, 0, 0, 2, 0, 0, 0, 0, 0, 2, 0, 0, 0, 0, 0, 0, 0, 0, 0, 0, 0, 0, 0, 0, 0, 0, 0, 0, 0, 0, 0, 0, 2, 0, 0, 0, 0, 0, 0, 0, 0, 0, 0, 0, 0, 0] 
dagE10.txt 4_1x5.txt 0.6682692307692307 0.9 89.0 [2, 9, 0, 6, 2, 0, 0, 7, 2, 2, 4, 2, 0, 0, 9, 6, 0, 2, 2, 2, 2, 0, 0, 0, 5, 7, 2, 8, 8, 0, 8, 0, 3, 4, 6, 5, 6, 4, 8, 0, 3, 8, 4, 4, 6, 4, 4, 6, 4, 2, 8, 1, 4, 4, 6, 8, 6, 8, 6, 6, 2, 1, 4, 4, 8, 6, 1, 6, 2, 8] 
dagE10.txt 3_2x3.txt 0.14903846153846154 0.15 429.3333333333333 [0, 0, 0, 0, 0, 0, 0, 0, 0, 0, 0, 0, 0, 0, 0, 0, 0, 0, 0, 0, 0, 0, 0, 0, 0, 0, 0, 2, 2, 0, 0, 0, 0, 0, 2, 0, 2, 2, 0, 0, 0, 2, 2, 0, 2, 0, 2, 2, 0, 2, 2, 2, 0, 2, 2, 2, 2, 2, 2, 2, 2, 2, 2, 0, 2, 2, 2, 2, 2, 2] 
dagE10.txt 3_2x3.txt 0.5096153846153846 0.55 145.0 [3, 2, 2, 3, 3, 5, 2, 2, 2, 3, 5, 3, 5, 5, 1, 3, 5, 2, 2, 2, 3, 2, 0, 2, 5, 2, 2, 4, 0, 2, 3, 5, 5, 4, 4, 3, 4, 0, 1, 0, 5, 4, 0, 1, 4, 1, 0, 4, 1, 0, 4, 4, 4, 0, 0, 1, 4, 4, 0, 0, 0, 0, 1, 4, 0, 0, 0, 1, 0, 1] 
dagE10.txt 3_2x3.txt 0.5865384615384616 0.6 146.33333333333334 [1, 2, 2, 1, 2, 1, 1, 2, 1, 2, 5, 2, 2, 1, 0, 1, 1, 2, 2, 0, 2, 1, 4, 0, 5, 5, 2, 5, 2, 4, 0, 3, 0, 5, 4, 3, 4, 0, 4, 0, 5, 4, 0, 2, 3, 0, 0, 3, 0, 0, 4, 2, 3, 0, 4, 4, 3, 3, 4, 0, 0, 0, 3, 0, 4, 0, 4, 0, 0, 4] 
dagE10.txt 3_2x3.txt 0.5 0.5 149.33333333333334 [5, 0, 0, 1, 0, 1, 1, 0, 1, 0, 5, 0, 1, 1, 1, 1, 1, 0, 0, 0, 0, 3, 2, 1, 5, 3, 0, 3, 2, 1, 0, 3, 2, 3, 4, 5, 4, 4, 0, 2, 2, 2, 2, 2, 4, 2, 4, 4, 2, 4, 4, 5, 2, 4, 4, 0, 3, 4, 4, 4, 4, 4, 2, 2, 2, 4, 4, 2, 4, 0] 
dagE10.txt 3_2x3.txt 0.4423076923076923 0.45 148.5 [2, 2, 2, 4, 2, 4, 4, 2, 4, 2, 4, 2, 5, 4, 4, 4, 4, 2, 2, 2, 2, 5, 4, 2, 5, 5, 2, 4, 4, 5, 2, 5, 1, 3, 0, 2, 0, 0, 0, 0, 1, 4, 0, 1, 0, 1, 0, 0, 1, 0, 3, 3, 1, 0, 3, 3, 1, 3, 0, 0, 0, 0, 1, 1, 3, 0, 3, 1, 0, 3] 
dagE10.txt 3_2x3.txt 0.5288461538461539 0.8 146.0 [2, 4, 4, 4, 1, 3, 3, 4, 3, 1, 5, 1, 3, 3, 3, 3, 3, 4, 4, 4, 1, 4, 1, 4, 0, 2, 4, 4, 0, 3, 1, 4, 5, 5, 2, 4, 2, 0, 3, 0, 5, 0, 0, 1, 2, 5, 0, 2, 5, 0, 2, 0, 1, 0, 2, 2, 5, 2, 0, 0, 0, 2, 1, 1, 2, 0, 2, 5, 0, 2] 
dagE10.txt 3_2x3.txt 0.1971153846153846 0.2 333.6666666666667 [2, 2, 2, 2, 2, 2, 2, 2, 2, 2, 2, 2, 2, 2, 2, 2, 2, 2, 2, 2, 2, 2, 2, 2, 0, 2, 2, 0, 0, 2, 2, 2, 0, 0, 1, 2, 0, 0, 2, 0, 0, 0, 0, 0, 0, 0, 0, 0, 0, 0, 1, 0, 0, 0, 0, 4, 0, 0, 0, 0, 0, 0, 0, 0, 0, 0, 0, 0, 0, 4] 
dagE10.txt 3_2x3.txt 0.33653846153846156 0.35 204.66666666666666 [1, 2, 2, 1, 2, 1, 1, 2, 1, 2, 1, 2, 4, 1, 2, 1, 1, 2, 2, 2, 2, 4, 4, 2, 4, 2, 2, 4, 4, 2, 2, 4, 4, 4, 0, 2, 0, 0, 2, 4, 4, 4, 4, 2, 0, 4, 0, 0, 4, 0, 0, 0, 4, 0, 0, 0, 4, 0, 0, 0, 0, 0, 1, 4, 0, 0, 0, 4, 0, 0] 
dagE10.txt 3_2x3.txt 0.2980769230769231 0.3 237.33333333333334 [2, 2, 2, 2, 2, 2, 2, 0, 2, 2, 2, 0, 2, 2, 0, 2, 2, 2, 2, 2, 2, 2, 0, 0, 0, 0, 2, 4, 0, 0, 0, 2, 0, 0, 4, 2, 4, 2, 0, 0, 0, 0, 0, 0, 4, 0, 4, 4, 0, 4, 4, 4, 0, 0, 4, 4, 4, 4, 4, 4, 4, 4, 4, 0, 4, 4, 4, 0, 4, 4] 
dagE10.txt 3_2x3.txt 0.5384615384615384 0.65 146.0 [0, 5, 5, 3, 5, 4, 4, 4, 0, 5, 4, 5, 4, 4, 3, 4, 4, 0, 5, 0, 5, 3, 2, 4, 4, 4, 5, 0, 2, 4, 1, 3, 3, 4, 2, 0, 0, 2, 1, 2, 3, 1, 2, 1, 0, 1, 2, 0, 1, 2, 1, 0, 3, 2, 0, 1, 5, 0, 2, 2, 2, 0, 3, 1, 2, 2, 0, 2, 2, 1] 
dagE10.txt 3_2x3.txt 0.39903846153846156 0.4 182.66666666666666 [1, 0, 0, 1, 0, 1, 1, 0, 1, 0, 1, 0, 0, 1, 3, 1, 1, 0, 0, 0, 0, 3, 2, 0, 0, 0, 0, 5, 2, 0, 0, 3, 4, 4, 5, 0, 2, 2, 3, 2, 4, 5, 2, 4, 5, 4, 2, 5, 4, 2, 5, 2, 4, 2, 2, 3, 4, 5, 2, 2, 2, 2, 4, 4, 2, 2, 2, 4, 2, 3] 
dagE10.txt 3_2x3.txt 0.25 0.25 277.3333333333333 [0, 0, 0, 0, 0, 0, 0, 0, 0, 0, 0, 2, 0, 0, 2, 0, 0, 0, 0, 0, 0, 0, 2, 0, 2, 0, 0, 4, 2, 0, 2, 0, 2, 2, 4, 0, 4, 4, 2, 2, 2, 2, 2, 2, 4, 2, 4, 4, 2, 4, 4, 4, 2, 4, 4, 4, 2, 4, 4, 4, 4, 4, 2, 2, 4, 4, 4, 2, 4, 4] 
dagE10.txt 3_2x3.txt 0.5240384615384616 1 144.66666666666666 [4, 4, 5, 4, 4, 2, 2, 5, 2, 4, 2, 4, 5, 2, 2, 5, 2, 2, 5, 2, 4, 2, 1, 5, 4, 5, 4, 1, 2, 5, 4, 2, 1, 1, 0, 5, 3, 3, 4, 3, 1, 2, 3, 3, 0, 1, 0, 0, 3, 0, 0, 0, 3, 3, 0, 4, 1, 0, 3, 3, 0, 0, 0, 3, 0, 3, 0, 3, 0, 4] 
dagE10.txt 3_2x3.txt 0.5673076923076923 0.7 145.0 [4, 3, 3, 2, 2, 4, 4, 3, 4, 2, 5, 2, 4, 2, 4, 4, 4, 3, 3, 3, 3, 2, 5, 3, 2, 0, 3, 4, 5, 3, 4, 2, 1, 2, 1, 2, 1, 0, 4, 5, 1, 5, 5, 4, 1, 5, 0, 1, 5, 0, 0, 0, 2, 0, 1, 1, 0, 1, 4, 0, 0, 0, 2, 4, 0, 0, 0, 5, 0, 1] 
dagE10.txt 5_4_3_2x5.txt 0.09615384615384616 0.1 370.6 [12, 12, 12, 12, 12, 12, 12, 12, 12, 12, 0, 12, 12, 12, 12, 12, 12, 12, 12, 12, 12, 12, 12, 12, 12, 12, 12, 12, 12, 12, 12, 12, 12, 12, 12, 12, 12, 12, 12, 12, 12, 12, 12, 12, 12, 12, 12, 12, 12, 12, 12, 4, 12, 12, 12, 8, 0, 4, 12, 12, 4, 12, 12, 12, 12, 12, 12, 12, 4, 8] 
dagE10.txt 3_2x3.txt 0.6057692307692307 0.9 145.0 [0, 2, 5, 2, 2, 5, 5, 5, 0, 2, 4, 0, 2, 5, 2, 0, 5, 0, 5, 2, 2, 0, 2, 5, 0, 5, 2, 4, 4, 5, 3, 0, 0, 4, 4, 2, 3, 3, 3, 0, 0, 4, 1, 3, 4, 1, 3, 4, 1, 1, 4, 4, 0, 3, 3, 3, 2, 4, 1, 1, 1, 3, 1, 0, 2, 1, 4, 1, 1, 3] 
dagE10.txt 5_4_3_2x5.txt 0.14903846153846154 0.15 257.6 [0, 0, 0, 0, 0, 0, 0, 0, 0, 0, 0, 0, 0, 0, 0, 0, 0, 0, 0, 0, 0, 0, 0, 0, 0, 0, 0, 4, 4, 0, 0, 0, 0, 0, 4, 0, 4, 4, 0, 0, 0, 4, 4, 0, 4, 0, 4, 4, 0, 4, 4, 4, 0, 4, 4, 4, 4, 4, 4, 4, 4, 4, 4, 0, 4, 4, 4, 4, 4, 4] 
dagE10.txt 5_4_3_2x5.txt 0.7067307692307693 0.8 34.6 [9, 1, 14, 12, 1, 4, 4, 4, 9, 6, 12, 1, 15, 4, 9, 4, 4, 8, 14, 18, 1, 12, 18, 3, 16, 8, 14, 5, 5, 3, 6, 15, 11, 12, 0, 8, 19, 0, 14, 18, 11, 5, 18, 17, 2, 16, 0, 2, 16, 13, 10, 8, 17, 0, 19, 7, 16, 10, 19, 13, 13, 0, 17, 17, 10, 13, 0, 16, 13, 7] 
dagE10.txt 5_4_3_2x5.txt 0.1971153846153846 0.2 200.2 [4, 4, 4, 4, 4, 4, 4, 4, 4, 4, 4, 4, 4, 4, 4, 4, 4, 4, 4, 4, 4, 4, 4, 4, 0, 4, 4, 0, 0, 4, 4, 4, 0, 0, 12, 4, 0, 0, 4, 0, 0, 0, 0, 0, 0, 0, 0, 0, 0, 0, 12, 0, 0, 0, 0, 8, 0, 0, 0, 0, 0, 0, 0, 0, 0, 0, 0, 0, 0, 8] 
dagE10.txt 5_4_3_2x5.txt 0.5480769230769231 0.55 53.0 [8, 4, 4, 8, 4, 17, 17, 16, 17, 4, 17, 4, 9, 17, 16, 8, 17, 8, 4, 4, 4, 8, 5, 16, 9, 16, 4, 13, 13, 16, 16, 9, 5, 1, 13, 8, 12, 0, 16, 5, 5, 13, 0, 5, 12, 1, 0, 12, 5, 0, 13, 12, 1, 0, 12, 9, 1, 12, 0, 0, 0, 0, 1, 1, 12, 0, 12, 1, 0, 9] 
dagE10.txt 5_4_3_2x5.txt 0.5913461538461539 0.6 46.0 [5, 16, 12, 5, 12, 8, 8, 17, 6, 12, 8, 16, 8, 8, 9, 8, 8, 12, 12, 16, 12, 5, 9, 17, 16, 17, 12, 6, 9, 17, 4, 5, 0, 10, 2, 16, 13, 4, 13, 9, 0, 6, 4, 9, 13, 0, 4, 2, 0, 4, 1, 1, 10, 4, 1, 2, 0, 1, 13, 4, 4, 13, 0, 10, 1, 4, 1, 0, 4, 2] 
dagE10.txt 5_4_3_2x5.txt 0.34615384615384615 0.35 107.6 [12, 0, 0, 12, 0, 12, 12, 0, 12, 0, 12, 0, 12, 12, 12, 12, 12, 0, 0, 0, 0, 12, 4, 12, 12, 0, 0, 4, 4, 12, 0, 12, 4, 4, 8, 0, 8, 8, 0, 4, 4, 4, 4, 4, 8, 4, 8, 8, 4, 8, 8, 8, 4, 8, 8, 0, 4, 8, 8, 8, 8, 8, 4, 4, 8, 8, 8, 4, 8, 0] 
dagE10.txt 5_4_3_2x5.txt 0.5 0.5 63.4 [9, 5, 4, 8, 5, 8, 8, 4, 9, 5, 8, 5, 8, 8, 12, 8, 8, 4, 4, 5, 5, 9, 12, 4, 5, 4, 4, 9, 12, 4, 5, 8, 16, 9, 0, 12, 0, 0, 4, 12, 16, 16, 12, 4, 0, 16, 0, 0, 16, 0, 1, 1, 12, 0, 1, 1, 16, 1, 12, 0, 0, 0, 16, 12, 1, 0, 1, 16, 0, 1] 
dagE10.txt 5_4_3_2x5.txt 0.25 0.25 166.4 [0, 0, 0, 0, 0, 0, 0, 0, 0, 0, 0, 4, 0, 0, 4, 0, 0, 0, 0, 0, 0, 0, 4, 0, 4, 0, 0, 8, 4, 0, 4, 0, 4, 4, 8, 0, 8, 8, 4, 4, 4, 4, 4, 4, 8, 4, 8, 8, 4, 8, 8, 8, 4, 8, 8, 8, 4, 8, 8, 8, 8, 8, 4, 4, 8, 8, 8, 4, 8, 8] 
dagE10.txt 5_4_3_2x5.txt 0.4423076923076923 0.45 80.4 [8, 0, 0, 8, 0, 8, 8, 1, 8, 0, 8, 0, 8, 8, 1, 8, 8, 0, 0, 0, 0, 8, 12, 1, 1, 0, 0, 4, 12, 1, 1, 8, 16, 16, 4, 0, 4, 12, 1, 12, 16, 4, 12, 16, 4, 16, 12, 4, 16, 12, 4, 4, 16, 12, 4, 1, 16, 4, 12, 12, 12, 12, 16, 16, 4, 12, 4, 16, 12, 1] 
dagE10.txt 5_4_3_2x5.txt 0.2932692307692308 0.3 142.2 [8, 8, 8, 8, 0, 8, 8, 8, 8, 0, 8, 0, 8, 8, 0, 8, 8, 8, 0, 8, 0, 8, 0, 8, 0, 8, 0, 0, 0, 8, 0, 8, 0, 0, 4, 8, 4, 4, 0, 0, 0, 0, 0, 0, 4, 0, 4, 4, 0, 4, 4, 4, 0, 4, 4, 4, 4, 4, 4, 4, 4, 4, 4, 0, 4, 4, 4, 4, 4, 4] 
dagE10.txt 5_4_3_2x5.txt 0.6490384615384616 0.65 40.25 [13, 16, 0, 13, 0, 5, 5, 4, 14, 0, 5, 4, 9, 5, 14, 13, 5, 0, 0, 4, 0, 9, 10, 4, 8, 9, 0, 2, 18, 4, 4, 9, 16, 3, 6, 10, 1, 1, 17, 8, 16, 18, 8, 8, 6, 8, 12, 6, 8, 12, 2, 12, 3, 1, 1, 17, 13, 2, 12, 7, 12, 1, 16, 8, 1, 12, 1, 8, 12, 17] 
dagE10.txt 5_4_3_2x5.txt 0.39903846153846156 0.4 89.2 [0, 4, 4, 0, 4, 0, 0, 4, 0, 4, 0, 4, 0, 0, 16, 0, 0, 4, 4, 4, 4, 0, 16, 4, 16, 4, 4, 8, 16, 4, 4, 0, 16, 12, 8, 0, 12, 8, 12, 16, 16, 16, 16, 12, 12, 16, 8, 12, 16, 8, 8, 8, 12, 8, 12, 12, 16, 12, 12, 8, 8, 8, 12, 12, 8, 8, 8, 16, 8, 12] 
dagE10.txt 5_4_3_2x5.txt 0.9182692307692307 1 34.666666666666664 [18, 7, 9, 8, 4, 4, 2, 11, 16, 9, 10, 12, 4, 8, 1, 16, 4, 19, 4, 4, 8, 13, 17, 4, 10, 6, 4, 6, 13, 5, 4, 14, 12, 13, 2, 14, 0, 0, 5, 0, 16, 1, 0, 18, 8, 8, 2, 12, 5, 0, 1, 15, 0, 0, 0, 16, 17, 12, 5, 16, 0, 12, 17, 0, 3, 1, 8, 0, 9, 9] 
dagE10.txt 5_4_3_2x5.txt 0.6971153846153846 0.7 35.6 [16, 17, 0, 6, 16, 8, 8, 12, 3, 16, 8, 17, 12, 8, 3, 6, 8, 0, 0, 17, 16, 5, 5, 18, 16, 18, 0, 15, 7, 18, 17, 12, 12, 11, 14, 19, 4, 4, 0, 5, 12, 7, 5, 10, 14, 13, 4, 14, 13, 2, 9, 9, 11, 4, 1, 1, 13, 9, 0, 2, 2, 4, 10, 10, 1, 2, 9, 13, 4, 1] 
dagE10.txt 4_1x1.txt 0.09134615384615384 0.1 480.25 [0, 0, 0, 0, 0, 0, 0, 0, 0, 0, 1, 0, 0, 0, 0, 0, 0, 0, 0, 0, 0, 0, 0, 0, 0, 0, 0, 0, 0, 0, 0, 0, 0, 1, 0, 0, 0, 0, 0, 0, 0, 0, 0, 0, 0, 0, 0, 0, 0, 0, 0, 1, 0, 0, 0, 0, 0, 1, 0, 0, 1, 0, 0, 0, 0, 0, 0, 0, 1, 0] 
dagE10.txt 4_1x1.txt 0.12980769230769232 0.15 436.75 [0, 0, 0, 0, 0, 0, 0, 0, 0, 0, 0, 0, 0, 0, 0, 0, 0, 0, 0, 0, 0, 0, 0, 0, 0, 0, 0, 0, 0, 1, 0, 0, 0, 0, 0, 0, 1, 0, 0, 0, 0, 0, 0, 0, 0, 0, 1, 0, 0, 1, 0, 1, 0, 1, 1, 1, 0, 0, 0, 1, 1, 0, 0, 0, 1, 0, 1, 0, 1, 1] 
dagE10.txt 5_4_3_2x5.txt 0.7259615384615384 0.9 34.5 [8, 2, 10, 8, 9, 9, 19, 6, 1, 10, 9, 2, 13, 19, 1, 8, 9, 5, 10, 2, 9, 8, 0, 6, 13, 5, 1, 4, 11, 6, 1, 13, 0, 15, 17, 5, 7, 16, 17, 7, 0, 11, 14, 12, 17, 12, 16, 17, 12, 16, 4, 16, 15, 14, 4, 3, 0, 16, 7, 18, 18, 14, 12, 12, 4, 16, 4, 14, 18, 3] 
dagE10.txt 4_1x1.txt 0.16346153846153846 0.55 426.5 [0, 0, 0, 1, 0, 0, 0, 0, 0, 0, 0, 0, 0, 0, 0, 1, 0, 0, 0, 0, 0, 0, 0, 0, 0, 0, 0, 0, 0, 0, 0, 0, 0, 0, 1, 1, 0, 0, 0, 0, 0, 1, 0, 0, 0, 0, 0, 0, 0, 1, 1, 1, 0, 0, 1, 1, 0, 1, 0, 0, 0, 0, 0, 0, 1, 0, 1, 0, 0, 1] 
dagE10.txt 4_1x1.txt 0.21153846153846154 0.6 426.5 [0, 0, 0, 0, 0, 0, 0, 0, 0, 0, 0, 0, 0, 0, 0, 0, 0, 0, 0, 0, 0, 1, 0, 0, 0, 0, 0, 0, 1, 0, 0, 0, 0, 0, 1, 1, 0, 0, 1, 0, 0, 0, 0, 0, 0, 0, 0, 1, 0, 0, 1, 0, 1, 0, 0, 1, 0, 0, 1, 0, 0, 0, 1, 0, 0, 0, 0, 0, 0, 1] 
dagE10.txt 4_1x1.txt 0.23557692307692307 0.8 427.0 [1, 0, 0, 0, 0, 0, 0, 0, 0, 0, 1, 0, 0, 0, 0, 0, 0, 0, 0, 0, 0, 1, 1, 0, 0, 1, 0, 1, 0, 0, 0, 1, 0, 1, 0, 0, 0, 0, 0, 0, 0, 0, 0, 0, 0, 0, 0, 0, 0, 0, 0, 0, 0, 0, 0, 0, 1, 0, 0, 0, 0, 0, 0, 0, 0, 0, 0, 0, 0, 0] 
dagE10.txt 4_1x1.txt 0.1971153846153846 0.5 426.5 [1, 0, 0, 0, 0, 0, 0, 0, 0, 0, 1, 0, 0, 0, 0, 0, 0, 0, 0, 0, 0, 1, 0, 0, 0, 1, 0, 1, 0, 0, 0, 0, 0, 1, 0, 0, 0, 0, 0, 0, 0, 0, 0, 0, 0, 0, 0, 0, 0, 0, 0, 0, 0, 0, 0, 1, 1, 0, 0, 0, 0, 0, 0, 0, 0, 0, 1, 0, 0, 1] 
dagE10.txt 4_1x1.txt 0.1778846153846154 0.3 426.75 [0, 0, 0, 0, 0, 0, 0, 0, 0, 0, 1, 0, 0, 0, 0, 0, 0, 0, 0, 0, 0, 1, 0, 0, 0, 0, 0, 1, 0, 0, 0, 1, 0, 1, 0, 0, 1, 0, 0, 0, 0, 0, 0, 0, 1, 0, 0, 1, 0, 0, 0, 0, 1, 0, 1, 0, 0, 0, 1, 0, 0, 0, 1, 0, 0, 0, 0, 0, 0, 0] 
dagE10.txt 4_1x1.txt 0.1971153846153846 0.4 426.5 [0, 0, 0, 0, 0, 1, 0, 0, 1, 0, 1, 1, 0, 0, 1, 0, 0, 0, 0, 0, 0, 0, 0, 0, 1, 0, 0, 1, 0, 0, 1, 0, 0, 1, 0, 0, 0, 0, 1, 0, 0, 0, 0, 0, 0, 0, 0, 0, 0, 0, 0, 0, 0, 0, 0, 1, 0, 0, 0, 0, 0, 0, 0, 0, 0, 0, 0, 0, 0, 1] 
dagE10.txt 4_1x1.txt 0.1875 0.35 426.5 [0, 0, 0, 0, 0, 0, 0, 0, 0, 0, 1, 0, 0, 0, 1, 0, 0, 0, 0, 0, 0, 0, 0, 0, 0, 0, 0, 1, 0, 0, 0, 1, 1, 1, 0, 0, 0, 0, 1, 0, 1, 0, 0, 0, 0, 0, 0, 0, 1, 0, 0, 0, 0, 0, 0, 1, 0, 0, 0, 0, 0, 0, 0, 0, 0, 0, 0, 0, 0, 1] 
dagE10.txt 4_1x1.txt 0.23557692307692307 0.25 427.0 [1, 0, 0, 0, 0, 0, 0, 0, 0, 0, 1, 0, 0, 0, 0, 0, 0, 0, 0, 0, 0, 1, 1, 0, 0, 1, 0, 1, 0, 0, 0, 1, 0, 1, 0, 0, 0, 0, 0, 0, 0, 0, 0, 0, 0, 0, 0, 0, 0, 0, 0, 0, 0, 0, 0, 0, 1, 0, 0, 0, 0, 0, 0, 0, 0, 0, 0, 0, 0, 0] 
dagE10.txt 4_1x1.txt 0.23557692307692307 0.45 427.0 [1, 0, 0, 0, 0, 0, 0, 0, 0, 0, 1, 0, 0, 0, 0, 0, 0, 0, 0, 0, 0, 1, 1, 0, 0, 1, 0, 1, 0, 0, 0, 1, 0, 1, 0, 0, 0, 0, 0, 0, 0, 0, 0, 0, 0, 0, 0, 0, 0, 0, 0, 0, 0, 0, 0, 0, 1, 0, 0, 0, 0, 0, 0, 0, 0, 0, 0, 0, 0, 0] 
dagE10.txt 4_1x1.txt 0.23076923076923078 0.65 426.75 [0, 0, 0, 1, 0, 0, 1, 0, 0, 0, 0, 0, 0, 0, 0, 1, 0, 0, 0, 0, 0, 0, 0, 1, 0, 0, 0, 0, 0, 1, 0, 0, 1, 0, 0, 0, 0, 0, 0, 0, 1, 0, 0, 0, 0, 1, 0, 1, 0, 0, 0, 0, 1, 0, 0, 1, 0, 1, 0, 0, 1, 0, 0, 1, 0, 0, 1, 0, 0, 1] 
dagE10.txt 4_1x1.txt 0.1778846153846154 0.2 427.5 [0, 0, 0, 0, 0, 0, 0, 0, 0, 0, 1, 0, 0, 0, 0, 0, 0, 0, 0, 0, 0, 1, 0, 0, 0, 0, 0, 1, 0, 0, 0, 0, 0, 1, 0, 0, 0, 0, 0, 0, 0, 0, 0, 0, 0, 0, 0, 0, 0, 1, 0, 0, 0, 0, 0, 1, 1, 0, 0, 1, 1, 0, 0, 0, 0, 1, 0, 0, 1, 1] 
dagE10.txt 4_1x1.txt 0.28846153846153844 1 426.75 [0, 0, 1, 1, 1, 1, 0, 0, 1, 0, 0, 0, 1, 1, 1, 1, 0, 1, 0, 0, 1, 0, 0, 1, 0, 0, 1, 0, 0, 1, 1, 0, 0, 0, 0, 0, 0, 0, 1, 0, 0, 0, 0, 0, 0, 0, 0, 0, 0, 0, 0, 0, 0, 0, 0, 0, 0, 0, 0, 0, 0, 0, 0, 0, 0, 0, 0, 0, 0, 0] 
dagE10.txt 4_1x1.txt 0.20192307692307693 0.7 426.5 [0, 0, 0, 1, 0, 0, 0, 0, 0, 0, 1, 0, 0, 0, 1, 0, 0, 0, 1, 0, 0, 1, 0, 0, 0, 0, 1, 0, 0, 1, 0, 1, 0, 0, 0, 1, 0, 0, 1, 0, 0, 0, 0, 0, 0, 0, 0, 0, 0, 0, 0, 0, 0, 0, 0, 1, 0, 0, 0, 0, 0, 0, 0, 0, 0, 0, 0, 0, 0, 1] 
dagE10.txt 5_4_3_2x3.txt 0.09134615384615384 0.1 387.6 [0, 0, 0, 0, 0, 0, 0, 0, 0, 0, 4, 0, 0, 0, 0, 0, 0, 0, 0, 0, 0, 0, 0, 0, 0, 0, 0, 4, 0, 0, 0, 0, 0, 4, 0, 0, 0, 0, 0, 0, 0, 0, 0, 0, 0, 0, 0, 0, 0, 0, 0, 0, 0, 0, 0, 0, 4, 0, 0, 0, 0, 0, 0, 0, 0, 0, 0, 0, 0, 0] 
dagE10.txt 4_1x1.txt 0.23557692307692307 0.9 427.0 [1, 0, 0, 0, 0, 0, 0, 0, 0, 0, 1, 0, 0, 0, 0, 0, 0, 0, 0, 0, 0, 1, 1, 0, 0, 1, 0, 1, 0, 0, 0, 1, 0, 1, 0, 0, 0, 0, 0, 0, 0, 0, 0, 0, 0, 0, 0, 0, 0, 0, 0, 0, 0, 0, 0, 0, 1, 0, 0, 0, 0, 0, 0, 0, 0, 0, 0, 0, 0, 0] 
dagE10.txt 5_4_3_2x3.txt 0.14903846153846154 0.15 254.0 [4, 4, 4, 4, 4, 4, 4, 4, 4, 4, 4, 4, 4, 4, 0, 4, 4, 4, 4, 4, 4, 4, 0, 4, 0, 4, 4, 0, 0, 4, 0, 4, 0, 0, 0, 4, 0, 0, 0, 0, 0, 0, 0, 0, 0, 0, 0, 0, 0, 0, 0, 0, 0, 0, 0, 0, 0, 0, 0, 0, 0, 0, 0, 0, 0, 0, 0, 0, 0, 0] 
dagE10.txt 5_4_3_2x3.txt 0.5480769230769231 0.55 64.0 [4, 10, 4, 4, 4, 8, 8, 2, 8, 4, 8, 10, 6, 8, 5, 8, 8, 4, 4, 10, 4, 6, 5, 2, 6, 2, 4, 0, 5, 2, 5, 6, 2, 1, 0, 8, 0, 0, 5, 5, 7, 1, 5, 1, 9, 1, 0, 9, 1, 9, 0, 9, 1, 0, 0, 3, 7, 9, 5, 9, 9, 0, 1, 1, 0, 9, 3, 1, 9, 3] 
dagE10.txt 5_4_3_2x3.txt 0.5961538461538461 0.6 57.75 [7, 6, 4, 8, 9, 8, 8, 4, 7, 9, 8, 9, 3, 8, 7, 8, 8, 6, 4, 6, 9, 3, 4, 4, 9, 5, 4, 1, 8, 8, 9, 3, 5, 2, 1, 6, 10, 0, 4, 0, 5, 1, 0, 2, 10, 5, 0, 10, 5, 10, 1, 10, 2, 0, 10, 4, 5, 1, 0, 0, 0, 0, 2, 2, 1, 0, 10, 5, 0, 4] 
dagE10.txt 5_4_3_2x3.txt 0.6442307692307693 0.65 54.75 [9, 10, 1, 2, 9, 9, 9, 8, 9, 11, 7, 1, 2, 9, 9, 2, 9, 1, 1, 1, 1, 3, 5, 8, 11, 7, 1, 4, 0, 2, 8, 8, 5, 3, 6, 8, 4, 0, 8, 5, 5, 4, 0, 6, 6, 5, 0, 6, 5, 0, 4, 4, 6, 0, 4, 8, 10, 4, 0, 0, 0, 5, 10, 6, 4, 0, 4, 5, 0, 8] 
dagE10.txt 5_4_3_2x3.txt 0.4951923076923077 0.5 75.75 [5, 4, 4, 5, 4, 5, 5, 2, 5, 4, 5, 4, 2, 5, 0, 5, 5, 4, 5, 4, 4, 0, 0, 2, 9, 2, 4, 8, 0, 2, 0, 2, 9, 4, 8, 4, 1, 1, 0, 0, 9, 9, 0, 0, 1, 9, 1, 1, 9, 1, 8, 8, 0, 1, 8, 8, 9, 8, 0, 1, 8, 1, 9, 0, 8, 1, 8, 9, 1, 8] 
dagE10.txt 5_4_3_2x3.txt 0.1971153846153846 0.2 200.2 [4, 4, 4, 4, 4, 4, 4, 4, 4, 4, 4, 4, 4, 4, 4, 4, 4, 4, 4, 4, 4, 4, 4, 4, 0, 4, 4, 0, 0, 4, 4, 4, 0, 0, 1, 4, 0, 0, 4, 0, 0, 0, 0, 0, 0, 0, 0, 0, 0, 0, 1, 0, 0, 0, 0, 8, 0, 0, 0, 0, 0, 0, 0, 0, 0, 0, 0, 0, 0, 8] 
dagE10.txt 5_4_3_2x3.txt 0.4423076923076923 0.45 84.75 [0, 0, 0, 8, 0, 8, 8, 9, 8, 0, 8, 0, 8, 8, 9, 8, 8, 0, 0, 0, 0, 8, 0, 9, 9, 9, 0, 4, 1, 9, 9, 8, 5, 4, 4, 0, 4, 1, 9, 1, 5, 4, 1, 5, 4, 5, 1, 4, 5, 1, 4, 4, 5, 1, 4, 9, 5, 4, 1, 1, 1, 1, 5, 5, 4, 1, 4, 5, 1, 9] 
dagE10.txt 5_4_3_2x3.txt 0.34134615384615385 0.35 122.4 [8, 0, 0, 1, 0, 1, 1, 0, 1, 0, 1, 0, 8, 1, 0, 1, 1, 0, 0, 0, 0, 8, 8, 0, 8, 0, 0, 1, 8, 0, 0, 8, 8, 8, 4, 0, 4, 4, 0, 8, 8, 8, 8, 0, 4, 8, 4, 4, 8, 4, 4, 4, 8, 4, 4, 5, 8, 4, 4, 4, 4, 4, 4, 8, 4, 4, 4, 8, 4, 5] 
dagE10.txt 5_4_3_2x3.txt 0.39903846153846156 0.4 105.0 [0, 4, 4, 0, 4, 0, 0, 4, 0, 4, 0, 4, 0, 0, 5, 0, 0, 4, 4, 4, 4, 0, 5, 4, 5, 4, 4, 8, 5, 4, 4, 0, 5, 1, 8, 0, 1, 8, 1, 5, 5, 5, 5, 1, 1, 5, 8, 1, 5, 8, 8, 8, 1, 8, 1, 1, 5, 1, 1, 8, 8, 8, 1, 1, 8, 8, 8, 5, 8, 1] 
dagE10.txt 5_4_3_2x3.txt 0.7644230769230769 1 54.25 [11, 9, 4, 4, 4, 4, 6, 10, 7, 9, 3, 0, 4, 4, 0, 1, 4, 2, 4, 4, 4, 11, 10, 0, 6, 6, 4, 9, 5, 2, 0, 2, 1, 7, 10, 5, 8, 4, 6, 0, 1, 0, 0, 9, 8, 0, 1, 8, 0, 8, 8, 5, 0, 0, 8, 1, 9, 8, 5, 10, 8, 8, 3, 0, 5, 8, 8, 0, 1, 2] 
dagE10.txt 5_4_3_2x3.txt 0.2980769230769231 0.3 142.4 [8, 8, 8, 8, 8, 8, 8, 0, 8, 8, 8, 0, 8, 8, 0, 8, 8, 8, 8, 8, 8, 8, 0, 0, 0, 0, 8, 4, 0, 0, 0, 8, 0, 0, 4, 8, 4, 8, 0, 0, 0, 0, 0, 0, 4, 0, 4, 4, 0, 4, 4, 4, 0, 0, 4, 4, 4, 4, 4, 4, 4, 4, 4, 0, 4, 4, 4, 0, 4, 4] 
dagE10.txt 5_4_3_2x3.txt 0.6634615384615384 0.7 54.2 [1, 11, 4, 7, 1, 8, 8, 6, 8, 1, 5, 11, 4, 8, 4, 4, 8, 4, 4, 11, 1, 3, 3, 6, 1, 6, 4, 9, 0, 6, 6, 9, 10, 5, 0, 4, 8, 2, 4, 2, 0, 0, 2, 5, 8, 10, 2, 8, 10, 9, 0, 1, 5, 2, 0, 7, 10, 8, 2, 9, 9, 2, 5, 5, 0, 9, 0, 10, 9, 7] 
dagE10.txt 5_4_3_2x3.txt 0.25 0.25 166.4 [0, 0, 0, 0, 0, 0, 0, 0, 0, 0, 0, 4, 0, 0, 4, 0, 0, 0, 0, 0, 0, 0, 4, 0, 4, 0, 0, 8, 4, 0, 4, 0, 4, 4, 8, 0, 8, 8, 4, 4, 4, 4, 4, 4, 8, 4, 8, 8, 4, 8, 8, 8, 4, 8, 8, 8, 4, 8, 8, 8, 8, 8, 4, 4, 8, 8, 8, 4, 8, 8] 
dagE10.txt 5_4_3_2x3.txt 0.7692307692307693 0.8 54.25 [11, 9, 8, 8, 8, 8, 6, 10, 7, 9, 3, 0, 8, 8, 0, 1, 8, 2, 8, 8, 8, 11, 2, 0, 3, 6, 8, 9, 5, 2, 0, 6, 1, 7, 10, 5, 4, 8, 6, 0, 1, 0, 0, 9, 4, 0, 1, 4, 0, 4, 4, 5, 0, 0, 4, 1, 9, 4, 5, 10, 4, 4, 10, 0, 5, 4, 4, 0, 1, 2] 
dagE10.txt 4_1x4.txt 0.09615384615384616 0.1 463.25 [6, 6, 6, 6, 6, 6, 6, 6, 6, 6, 0, 6, 6, 6, 6, 6, 6, 6, 6, 6, 6, 6, 6, 6, 6, 6, 6, 6, 6, 6, 6, 6, 6, 6, 6, 6, 6, 6, 6, 6, 6, 6, 6, 6, 6, 6, 6, 6, 6, 6, 6, 2, 6, 6, 6, 4, 0, 2, 6, 6, 2, 6, 6, 6, 6, 6, 6, 6, 2, 4] 
dagE10.txt 5_4_3_2x3.txt 0.6153846153846154 0.9 54.0 [9, 1, 8, 8, 8, 9, 9, 1, 9, 8, 3, 1, 2, 9, 10, 9, 9, 1, 8, 1, 8, 7, 5, 2, 2, 8, 8, 7, 5, 2, 10, 2, 0, 3, 5, 4, 4, 5, 10, 5, 0, 0, 5, 0, 4, 0, 4, 6, 0, 4, 6, 6, 0, 5, 6, 10, 11, 6, 4, 5, 4, 4, 11, 0, 8, 4, 6, 0, 4, 10] 
dagE10.txt 4_1x4.txt 0.14903846153846154 0.15 322.0 [0, 0, 0, 0, 0, 0, 0, 0, 0, 0, 0, 0, 0, 0, 0, 0, 0, 0, 0, 0, 0, 0, 0, 0, 0, 0, 0, 2, 2, 0, 0, 0, 0, 0, 2, 0, 2, 2, 0, 0, 0, 2, 2, 0, 2, 0, 2, 2, 0, 2, 2, 2, 0, 2, 2, 2, 2, 2, 2, 2, 2, 2, 2, 0, 2, 2, 2, 2, 2, 2] 
dagE10.txt 4_1x4.txt 0.4807692307692308 0.55 112.0 [6, 0, 0, 6, 0, 6, 6, 0, 6, 0, 3, 0, 6, 6, 6, 6, 6, 0, 0, 0, 0, 7, 2, 6, 6, 1, 0, 5, 2, 6, 0, 6, 2, 1, 4, 5, 4, 4, 0, 2, 2, 2, 2, 2, 4, 2, 4, 4, 2, 4, 4, 2, 2, 4, 4, 0, 7, 4, 4, 4, 4, 4, 2, 2, 3, 4, 4, 2, 4, 0] 
dagE10.txt 4_1x4.txt 0.4807692307692308 0.6 112.0 [6, 0, 0, 6, 0, 6, 6, 0, 6, 0, 3, 0, 6, 6, 6, 6, 6, 0, 0, 0, 0, 7, 2, 6, 6, 1, 0, 5, 2, 6, 0, 6, 2, 1, 4, 5, 4, 4, 0, 2, 2, 2, 2, 2, 4, 2, 4, 4, 2, 4, 4, 2, 2, 4, 4, 0, 7, 4, 4, 4, 4, 4, 2, 2, 3, 4, 4, 2, 4, 0] 
dagE10.txt 4_1x4.txt 0.1971153846153846 0.2 250.25 [2, 2, 2, 2, 2, 2, 2, 2, 2, 2, 2, 2, 2, 2, 2, 2, 2, 2, 2, 2, 2, 2, 2, 2, 0, 2, 2, 0, 0, 2, 2, 2, 0, 0, 6, 2, 0, 0, 2, 0, 0, 0, 0, 0, 0, 0, 0, 0, 0, 0, 6, 0, 0, 0, 0, 4, 0, 0, 0, 0, 0, 0, 0, 0, 0, 0, 0, 0, 0, 4] 
dagE10.txt 4_1x4.txt 0.4807692307692308 0.5 112.0 [6, 0, 0, 6, 0, 6, 6, 0, 6, 0, 3, 0, 6, 6, 6, 6, 6, 0, 0, 0, 0, 7, 2, 6, 6, 1, 0, 5, 2, 6, 0, 6, 2, 1, 4, 5, 4, 4, 0, 2, 2, 2, 2, 2, 4, 2, 4, 4, 2, 4, 4, 2, 2, 4, 4, 0, 7, 4, 4, 4, 4, 4, 2, 2, 3, 4, 4, 2, 4, 0] 
dagE10.txt 4_1x4.txt 0.5913461538461539 0.65 111.0 [2, 6, 6, 2, 6, 2, 2, 4, 2, 6, 0, 4, 2, 2, 2, 2, 2, 6, 6, 4, 6, 5, 2, 4, 5, 0, 6, 1, 2, 4, 4, 7, 0, 3, 4, 1, 6, 4, 3, 2, 0, 2, 2, 0, 6, 0, 4, 6, 0, 4, 4, 6, 3, 4, 6, 0, 7, 6, 4, 4, 4, 6, 0, 0, 0, 4, 6, 0, 4, 0] 
dagE10.txt 4_1x4.txt 0.44711538461538464 0.45 119.75 [6, 0, 0, 6, 0, 6, 6, 0, 6, 0, 3, 0, 6, 6, 6, 6, 6, 0, 0, 0, 0, 6, 2, 6, 6, 1, 0, 5, 2, 6, 0, 6, 2, 1, 4, 5, 4, 4, 0, 2, 2, 2, 2, 2, 4, 2, 4, 4, 2, 4, 4, 2, 2, 4, 4, 0, 2, 4, 4, 4, 4, 4, 2, 2, 3, 4, 4, 2, 4, 0] 
dagE10.txt 4_1x4.txt 0.25 0.25 206.5 [0, 0, 0, 0, 0, 0, 0, 0, 0, 0, 0, 0, 0, 0, 2, 0, 0, 0, 0, 0, 0, 2, 2, 0, 2, 0, 0, 4, 2, 0, 0, 2, 2, 2, 4, 0, 4, 4, 0, 2, 2, 2, 2, 2, 4, 2, 4, 4, 2, 4, 4, 4, 2, 4, 4, 4, 2, 4, 4, 4, 4, 4, 2, 2, 4, 4, 4, 2, 4, 4] 
dagE10.txt 4_1x4.txt 0.2932692307692308 0.3 177.75 [4, 4, 4, 4, 2, 4, 4, 4, 4, 2, 4, 2, 4, 4, 2, 4, 4, 4, 2, 4, 2, 4, 2, 4, 2, 4, 2, 2, 2, 4, 2, 4, 2, 2, 0, 4, 0, 0, 2, 2, 2, 2, 2, 2, 0, 2, 0, 0, 2, 0, 0, 0, 2, 0, 0, 0, 0, 0, 0, 0, 0, 0, 0, 2, 0, 0, 0, 0, 0, 0] 
dagE10.txt 4_1x4.txt 0.6634615384615384 0.7 110.25 [4, 2, 0, 1, 0, 0, 0, 2, 3, 4, 5, 0, 0, 0, 3, 1, 0, 4, 0, 0, 0, 4, 6, 0, 5, 6, 0, 7, 2, 2, 0, 4, 0, 6, 2, 2, 2, 2, 3, 0, 2, 2, 6, 6, 4, 0, 6, 4, 0, 6, 2, 4, 5, 6, 2, 1, 4, 4, 6, 6, 6, 2, 7, 0, 6, 6, 2, 0, 6, 4] 
dagE10.txt 4_1x4.txt 0.34615384615384615 0.35 134.5 [6, 0, 0, 6, 0, 6, 6, 0, 6, 0, 6, 0, 6, 6, 6, 6, 6, 0, 0, 0, 0, 6, 2, 6, 6, 0, 0, 2, 2, 6, 0, 6, 2, 2, 4, 0, 4, 4, 0, 2, 2, 2, 2, 2, 4, 2, 4, 4, 2, 4, 4, 4, 2, 4, 4, 0, 2, 4, 4, 4, 4, 4, 2, 2, 4, 4, 4, 2, 4, 0] 
dagE10.txt 4_1x4.txt 0.3942307692307692 0.4 131.75 [6, 0, 0, 6, 0, 6, 6, 0, 6, 0, 6, 0, 6, 6, 6, 6, 6, 0, 0, 0, 0, 6, 2, 6, 6, 1, 0, 2, 2, 6, 0, 6, 2, 1, 4, 0, 4, 4, 0, 2, 2, 2, 2, 2, 4, 2, 4, 4, 2, 4, 4, 4, 2, 4, 4, 0, 2, 4, 4, 4, 4, 4, 2, 2, 3, 4, 4, 2, 4, 0] 
dagE10.txt 4_1x4.txt 0.6105769230769231 1 111.0 [1, 2, 5, 4, 4, 2, 6, 6, 6, 4, 6, 2, 2, 6, 6, 2, 1, 5, 5, 0, 4, 7, 0, 6, 1, 6, 5, 6, 0, 6, 0, 3, 0, 3, 2, 0, 7, 2, 6, 0, 0, 6, 0, 0, 4, 0, 2, 4, 0, 4, 2, 4, 3, 2, 4, 0, 2, 2, 7, 4, 4, 2, 4, 0, 2, 4, 4, 2, 4, 0] 
dagE10.txt 4_1x4.txt 0.6201923076923077 0.8 111.5 [7, 6, 6, 0, 0, 2, 2, 2, 2, 3, 1, 0, 6, 0, 4, 2, 2, 2, 0, 4, 0, 6, 6, 4, 6, 6, 0, 5, 7, 6, 4, 6, 6, 1, 4, 2, 6, 0, 4, 0, 6, 2, 0, 4, 4, 2, 0, 4, 2, 0, 4, 4, 2, 0, 2, 4, 5, 4, 0, 0, 0, 0, 2, 2, 3, 0, 4, 2, 0, 4] 
dagE10.txt 4_1x2.txt 0.07692307692307693 0.1 475.25 [0, 0, 0, 0, 0, 0, 0, 0, 0, 0, 2, 0, 0, 0, 0, 0, 0, 0, 0, 0, 0, 0, 0, 0, 0, 0, 0, 0, 0, 0, 0, 0, 0, 0, 0, 0, 0, 0, 0, 0, 0, 0, 0, 0, 0, 0, 0, 0, 0, 0, 0, 2, 0, 0, 0, 1, 0, 2, 0, 0, 2, 0, 0, 0, 0, 0, 0, 0, 2, 1] 
dagE10.txt 4_1x4.txt 0.5528846153846154 0.9 110.5 [4, 2, 6, 4, 6, 4, 2, 2, 4, 6, 7, 2, 4, 4, 4, 4, 4, 4, 6, 2, 6, 7, 6, 2, 2, 4, 6, 5, 6, 2, 3, 4, 0, 5, 0, 4, 1, 0, 6, 2, 6, 6, 2, 6, 1, 0, 0, 1, 0, 0, 0, 0, 6, 0, 0, 3, 0, 1, 2, 2, 2, 0, 6, 6, 0, 2, 0, 0, 2, 3] 
dagE10.txt 4_1x2.txt 0.14423076923076922 0.15 340.5 [0, 0, 0, 0, 0, 0, 0, 0, 0, 0, 0, 0, 0, 0, 0, 0, 0, 0, 0, 0, 0, 0, 0, 0, 0, 0, 0, 0, 2, 0, 0, 0, 0, 0, 2, 0, 2, 2, 0, 0, 0, 0, 2, 0, 2, 0, 2, 2, 0, 2, 2, 2, 0, 2, 2, 2, 2, 2, 2, 2, 2, 2, 2, 0, 2, 2, 2, 2, 2, 2] 
dagE10.txt 4_1x2.txt 0.3942307692307692 0.5 215.0 [3, 2, 2, 0, 2, 0, 2, 2, 0, 2, 1, 2, 0, 2, 0, 0, 0, 0, 2, 2, 2, 3, 2, 2, 0, 2, 2, 3, 2, 2, 2, 0, 2, 1, 3, 0, 0, 0, 2, 0, 2, 2, 0, 2, 0, 2, 0, 0, 2, 0, 3, 0, 2, 0, 0, 1, 1, 0, 0, 0, 0, 0, 2, 2, 0, 0, 0, 2, 0, 1] 
dagE10.txt 4_1x2.txt 0.4423076923076923 0.55 214.5 [2, 2, 2, 3, 2, 2, 2, 0, 2, 2, 2, 2, 3, 2, 2, 3, 2, 2, 2, 2, 2, 0, 0, 0, 3, 0, 2, 0, 2, 3, 0, 3, 0, 2, 1, 0, 0, 2, 0, 0, 0, 0, 2, 1, 1, 0, 2, 1, 0, 2, 0, 0, 1, 2, 0, 0, 0, 0, 2, 2, 2, 0, 1, 1, 0, 2, 0, 0, 2, 0] 
dagE10.txt 4_1x2.txt 0.4423076923076923 0.6 214.5 [2, 2, 2, 3, 2, 2, 2, 0, 2, 2, 2, 2, 3, 2, 2, 3, 2, 2, 2, 2, 2, 0, 0, 0, 3, 0, 2, 0, 2, 3, 0, 3, 0, 2, 1, 0, 0, 2, 0, 0, 0, 0, 2, 1, 1, 0, 2, 1, 0, 2, 0, 0, 1, 2, 0, 0, 0, 0, 2, 2, 2, 0, 1, 1, 0, 2, 0, 0, 2, 0] 
dagE10.txt 4_1x2.txt 0.41346153846153844 0.45 218.0 [0, 3, 2, 2, 2, 2, 2, 2, 2, 2, 1, 2, 2, 2, 1, 2, 2, 2, 2, 2, 2, 3, 0, 2, 0, 0, 2, 1, 0, 2, 0, 3, 0, 3, 2, 1, 2, 0, 0, 0, 0, 0, 0, 0, 2, 0, 0, 2, 0, 0, 2, 2, 3, 0, 2, 2, 0, 2, 0, 0, 0, 0, 0, 0, 1, 0, 2, 0, 0, 2] 
dagE10.txt 4_1x2.txt 0.1971153846153846 0.2 250.25 [2, 2, 2, 2, 2, 2, 2, 2, 2, 2, 2, 2, 2, 2, 2, 2, 2, 2, 2, 2, 2, 2, 2, 2, 0, 2, 2, 0, 0, 2, 2, 2, 0, 0, 3, 2, 0, 0, 2, 0, 0, 0, 0, 0, 0, 0, 0, 0, 0, 0, 3, 0, 0, 0, 0, 1, 0, 0, 0, 0, 0, 0, 0, 0, 0, 0, 0, 0, 0, 1] 
dagE10.txt 4_1x2.txt 0.3173076923076923 0.35 218.0 [1, 2, 2, 2, 2, 2, 2, 2, 1, 2, 2, 2, 2, 2, 2, 2, 2, 2, 2, 2, 2, 3, 0, 2, 2, 2, 2, 1, 0, 2, 2, 0, 0, 1, 0, 2, 0, 0, 2, 0, 0, 1, 0, 0, 0, 0, 0, 0, 0, 0, 0, 3, 1, 0, 3, 3, 2, 0, 0, 0, 3, 0, 0, 0, 0, 0, 3, 0, 0, 3] 
dagE10.txt 4_1x2.txt 0.33653846153846156 0.4 219.25 [3, 2, 2, 2, 2, 2, 2, 2, 2, 2, 3, 2, 2, 2, 2, 2, 2, 2, 2, 2, 2, 1, 3, 2, 2, 3, 2, 1, 0, 2, 2, 2, 0, 1, 0, 2, 0, 0, 2, 0, 0, 0, 0, 0, 0, 0, 0, 0, 0, 0, 0, 0, 0, 0, 0, 2, 1, 0, 0, 0, 0, 0, 0, 0, 0, 0, 0, 0, 0, 2] 
dagE10.txt 4_1x2.txt 0.2932692307692308 0.3 213.75 [0, 0, 0, 0, 0, 3, 3, 0, 3, 0, 3, 0, 0, 3, 3, 0, 3, 0, 0, 0, 0, 0, 2, 0, 0, 0, 0, 2, 2, 0, 0, 0, 1, 2, 2, 0, 2, 2, 0, 2, 1, 2, 2, 2, 2, 1, 2, 2, 2, 2, 2, 2, 1, 2, 2, 0, 1, 2, 2, 2, 2, 2, 1, 1, 2, 2, 2, 2, 2, 0] 
dagE10.txt 4_1x2.txt 0.4423076923076923 0.65 214.5 [2, 2, 2, 3, 2, 2, 2, 0, 2, 2, 2, 2, 3, 2, 2, 3, 2, 2, 2, 2, 2, 0, 0, 0, 3, 0, 2, 0, 2, 3, 0, 3, 0, 2, 1, 0, 0, 2, 0, 0, 0, 0, 2, 1, 1, 0, 2, 1, 0, 2, 0, 0, 1, 2, 0, 0, 0, 0, 2, 2, 2, 0, 1, 1, 0, 2, 0, 0, 2, 0] 
dagE10.txt 4_1x2.txt 0.24519230769230768 0.25 236.75 [2, 2, 2, 2, 2, 2, 2, 2, 2, 2, 1, 2, 2, 2, 2, 2, 2, 2, 2, 2, 2, 2, 2, 2, 0, 2, 2, 1, 0, 2, 2, 2, 0, 1, 3, 2, 0, 0, 2, 0, 0, 0, 0, 0, 0, 0, 0, 0, 0, 0, 3, 0, 0, 0, 0, 1, 0, 0, 0, 0, 0, 0, 0, 0, 0, 0, 0, 0, 0, 1] 
dagE10.txt 4_1x2.txt 0.4423076923076923 1 214.5 [2, 2, 2, 3, 2, 2, 2, 0, 2, 2, 2, 2, 3, 2, 2, 3, 2, 2, 2, 2, 2, 0, 0, 0, 3, 0, 2, 0, 2, 3, 0, 3, 0, 2, 1, 0, 0, 2, 0, 0, 0, 0, 2, 1, 1, 0, 2, 1, 0, 2, 0, 0, 1, 2, 0, 0, 0, 0, 2, 2, 2, 0, 1, 1, 0, 2, 0, 0, 2, 0] 
dagE10.txt 4_1x2.txt 0.4423076923076923 0.7 214.5 [2, 2, 2, 3, 2, 2, 2, 0, 2, 2, 2, 2, 3, 2, 2, 3, 2, 2, 2, 2, 2, 0, 0, 0, 3, 0, 2, 0, 2, 3, 0, 3, 0, 2, 1, 0, 0, 2, 0, 0, 0, 0, 2, 1, 1, 0, 2, 1, 0, 2, 0, 0, 1, 2, 0, 0, 0, 0, 2, 2, 2, 0, 1, 1, 0, 2, 0, 0, 2, 0] 
dagE10.txt 3_2x2.txt 0.09134615384615384 0.1 646.0 [0, 0, 0, 0, 0, 0, 0, 0, 0, 0, 2, 0, 0, 0, 0, 0, 0, 0, 0, 0, 0, 0, 0, 0, 0, 0, 0, 2, 0, 0, 0, 0, 0, 2, 0, 0, 0, 0, 0, 0, 0, 0, 0, 0, 0, 0, 0, 0, 0, 0, 0, 0, 0, 0, 0, 0, 2, 0, 0, 0, 0, 0, 0, 0, 0, 0, 0, 0, 0, 0] 
dagE10.txt 4_1x2.txt 0.4182692307692308 0.8 213.75 [2, 2, 0, 0, 2, 1, 1, 2, 1, 0, 1, 2, 2, 1, 0, 1, 1, 2, 0, 2, 2, 2, 2, 2, 0, 2, 0, 3, 0, 2, 0, 2, 2, 0, 3, 2, 2, 2, 0, 0, 2, 0, 0, 0, 0, 0, 2, 0, 0, 0, 3, 0, 0, 2, 2, 3, 0, 3, 2, 0, 0, 2, 0, 0, 2, 0, 2, 0, 0, 3] 
dagE10.txt 4_1x2.txt 0.4423076923076923 0.9 214.5 [2, 2, 2, 3, 2, 2, 2, 0, 2, 2, 2, 2, 3, 2, 2, 3, 2, 2, 2, 2, 2, 0, 0, 0, 3, 0, 2, 0, 2, 3, 0, 3, 0, 2, 1, 0, 0, 2, 0, 0, 0, 0, 2, 1, 1, 0, 2, 1, 0, 2, 0, 0, 1, 2, 0, 0, 0, 0, 2, 2, 2, 0, 1, 1, 0, 2, 0, 0, 2, 0] 
dagE10.txt 3_2x2.txt 0.14903846153846154 0.15 429.3333333333333 [0, 0, 0, 0, 0, 0, 0, 0, 0, 0, 0, 0, 0, 0, 0, 0, 0, 0, 0, 0, 0, 0, 0, 0, 0, 0, 0, 2, 2, 0, 0, 0, 0, 0, 2, 0, 2, 2, 0, 0, 0, 2, 2, 0, 2, 0, 2, 2, 0, 2, 2, 2, 0, 2, 2, 2, 2, 2, 2, 2, 2, 2, 2, 0, 2, 2, 2, 2, 2, 2] 
dagE10.txt 3_2x2.txt 0.1971153846153846 0.2 333.6666666666667 [2, 2, 2, 2, 2, 2, 2, 2, 2, 2, 2, 2, 2, 2, 2, 2, 2, 2, 2, 2, 2, 2, 2, 2, 0, 2, 2, 0, 0, 2, 2, 2, 0, 0, 3, 2, 0, 0, 2, 0, 0, 0, 0, 0, 0, 0, 0, 0, 0, 0, 3, 0, 0, 0, 0, 1, 0, 0, 0, 0, 0, 0, 0, 0, 0, 0, 0, 0, 0, 1] 
dagE10.txt 3_2x2.txt 0.5288461538461539 0.6 216.5 [3, 2, 2, 2, 2, 1, 1, 1, 2, 2, 3, 0, 1, 1, 0, 1, 1, 2, 2, 0, 2, 3, 2, 1, 2, 1, 2, 3, 2, 1, 0, 1, 1, 3, 0, 2, 1, 0, 0, 0, 1, 2, 0, 3, 0, 0, 0, 0, 0, 0, 0, 3, 2, 0, 0, 3, 3, 0, 2, 0, 0, 0, 2, 0, 2, 0, 0, 0, 0, 3] 
dagE10.txt 3_2x2.txt 0.40865384615384615 0.45 217.0 [3, 1, 1, 3, 3, 3, 3, 1, 3, 3, 3, 1, 1, 3, 0, 1, 3, 1, 1, 1, 3, 3, 2, 1, 2, 1, 1, 2, 2, 1, 0, 3, 2, 2, 0, 1, 0, 2, 0, 2, 2, 0, 2, 0, 0, 2, 0, 0, 2, 0, 0, 0, 0, 2, 0, 0, 2, 0, 0, 2, 0, 2, 2, 0, 2, 0, 0, 2, 0, 0] 
dagE10.txt 3_2x2.txt 0.28846153846153844 0.3 285.0 [0, 0, 0, 0, 0, 3, 3, 0, 3, 0, 3, 0, 0, 3, 3, 0, 3, 0, 0, 0, 0, 0, 2, 0, 0, 0, 0, 2, 2, 0, 0, 0, 1, 1, 2, 0, 2, 2, 0, 2, 1, 2, 2, 2, 2, 1, 2, 2, 2, 2, 2, 2, 1, 2, 2, 0, 1, 2, 2, 2, 2, 2, 1, 1, 2, 2, 2, 2, 2, 0] 
dagE10.txt 3_2x2.txt 0.42788461538461536 0.55 214.66666666666666 [0, 1, 1, 0, 1, 1, 1, 0, 1, 0, 2, 1, 0, 1, 1, 0, 1, 1, 0, 1, 1, 0, 0, 0, 0, 0, 1, 2, 2, 0, 0, 0, 0, 3, 3, 1, 3, 2, 0, 0, 0, 2, 2, 2, 3, 2, 2, 3, 2, 2, 3, 3, 3, 2, 3, 3, 2, 3, 2, 2, 2, 2, 2, 2, 3, 2, 3, 2, 2, 3] 
dagE10.txt 3_2x2.txt 0.34615384615384615 0.35 231.0 [2, 2, 2, 3, 2, 3, 3, 2, 3, 2, 3, 2, 1, 3, 2, 3, 3, 2, 2, 2, 2, 3, 1, 2, 1, 2, 2, 0, 1, 2, 2, 1, 1, 3, 0, 2, 0, 0, 2, 1, 1, 1, 1, 2, 0, 1, 0, 0, 1, 0, 0, 0, 1, 0, 0, 0, 2, 0, 0, 0, 0, 0, 0, 1, 0, 0, 0, 1, 0, 0] 
dagE10.txt 3_2x2.txt 0.39903846153846156 0.4 222.33333333333334 [1, 2, 2, 1, 2, 1, 1, 2, 1, 2, 0, 2, 2, 1, 1, 1, 1, 2, 2, 2, 2, 2, 0, 2, 2, 2, 2, 0, 3, 2, 2, 1, 0, 0, 0, 2, 3, 3, 1, 3, 0, 0, 3, 0, 0, 0, 3, 0, 0, 3, 0, 3, 0, 3, 3, 1, 0, 0, 3, 3, 3, 3, 0, 0, 2, 3, 3, 0, 3, 1] 
dagE10.txt 3_2x2.txt 0.4230769230769231 0.5 216.5 [3, 3, 0, 3, 0, 3, 3, 0, 3, 0, 2, 0, 0, 3, 3, 3, 3, 3, 0, 3, 0, 0, 0, 0, 0, 0, 0, 2, 1, 0, 0, 0, 2, 2, 2, 3, 1, 1, 0, 1, 2, 2, 1, 2, 2, 2, 1, 2, 2, 1, 2, 2, 0, 1, 1, 1, 2, 2, 1, 1, 1, 1, 2, 2, 0, 1, 1, 2, 1, 1] 
dagE10.txt 3_2x2.txt 0.46153846153846156 0.65 214.0 [0, 1, 1, 2, 2, 1, 2, 1, 2, 1, 2, 1, 2, 2, 2, 2, 2, 1, 1, 1, 1, 2, 2, 1, 2, 0, 2, 2, 0, 1, 0, 2, 1, 2, 3, 2, 0, 0, 0, 1, 1, 3, 0, 3, 0, 3, 0, 3, 3, 0, 3, 0, 3, 0, 0, 0, 3, 3, 0, 0, 0, 0, 3, 3, 3, 0, 0, 3, 0, 0] 
dagE10.txt 3_2x2.txt 0.25 0.25 300.0 [0, 0, 0, 0, 0, 0, 0, 0, 0, 0, 0, 0, 0, 0, 2, 0, 0, 0, 0, 0, 0, 2, 2, 0, 2, 0, 0, 0, 2, 0, 0, 2, 2, 2, 1, 0, 1, 1, 0, 2, 2, 2, 2, 2, 1, 2, 1, 1, 2, 1, 1, 1, 2, 1, 1, 1, 2, 1, 1, 1, 1, 1, 2, 2, 1, 1, 1, 2, 1, 1] 
dagE10.txt 3_2x2.txt 0.46153846153846156 1 214.66666666666666 [3, 2, 2, 3, 2, 3, 2, 2, 3, 3, 0, 2, 3, 3, 3, 3, 2, 2, 2, 2, 2, 3, 1, 1, 3, 2, 2, 0, 1, 2, 2, 3, 1, 0, 0, 2, 0, 1, 2, 1, 1, 1, 1, 0, 0, 1, 0, 0, 1, 0, 0, 0, 1, 1, 0, 2, 1, 0, 0, 2, 0, 0, 1, 0, 0, 2, 0, 1, 0, 2] 
dagE10.txt 3_2x2.txt 0.4519230769230769 0.7 214.0 [3, 0, 0, 3, 0, 3, 3, 0, 3, 0, 3, 0, 0, 3, 3, 2, 3, 0, 0, 0, 0, 3, 2, 0, 3, 2, 0, 2, 1, 2, 0, 3, 0, 2, 1, 0, 2, 1, 0, 0, 0, 1, 1, 0, 2, 0, 1, 2, 0, 1, 1, 2, 2, 1, 2, 2, 2, 2, 1, 1, 1, 2, 2, 0, 1, 1, 2, 1, 1, 2] 
dagE10.txt 3_2x2.txt 0.4855769230769231 0.8 214.0 [1, 2, 1, 2, 2, 0, 2, 2, 1, 2, 1, 2, 2, 0, 1, 2, 0, 1, 1, 2, 2, 1, 2, 2, 2, 3, 1, 0, 3, 2, 2, 1, 3, 3, 3, 2, 0, 3, 2, 0, 2, 3, 0, 3, 0, 3, 0, 0, 0, 0, 0, 0, 3, 0, 0, 1, 3, 0, 0, 0, 0, 2, 3, 3, 0, 0, 0, 0, 0, 1] 
dagE10.txt 5_4_3_2x1.txt 0.07692307692307693 0.1 380.2 [0, 0, 0, 0, 0, 0, 0, 0, 0, 0, 1, 0, 0, 0, 0, 0, 0, 0, 0, 0, 0, 0, 0, 0, 0, 0, 0, 0, 0, 0, 0, 0, 0, 0, 0, 0, 0, 0, 0, 0, 0, 0, 0, 0, 0, 0, 0, 0, 0, 0, 0, 1, 0, 0, 0, 2, 0, 1, 0, 0, 1, 0, 0, 0, 0, 0, 0, 0, 1, 2] 
dagE10.txt 3_2x2.txt 0.4807692307692308 0.9 214.0 [2, 2, 2, 2, 3, 2, 2, 2, 2, 3, 1, 3, 3, 2, 2, 2, 2, 1, 2, 2, 3, 3, 2, 1, 3, 1, 2, 2, 2, 1, 3, 3, 0, 3, 0, 1, 0, 0, 1, 0, 0, 3, 2, 1, 0, 0, 0, 0, 0, 0, 0, 0, 3, 0, 0, 1, 2, 0, 0, 0, 0, 0, 1, 1, 3, 0, 0, 0, 0, 1] 
dagE10.txt 5_4_3_2x1.txt 0.14423076923076922 0.15 272.4 [0, 0, 0, 0, 0, 0, 0, 0, 0, 0, 0, 0, 0, 0, 0, 0, 0, 0, 0, 0, 0, 0, 0, 0, 0, 0, 0, 0, 1, 0, 0, 0, 0, 0, 1, 0, 1, 1, 0, 0, 0, 0, 1, 0, 1, 0, 1, 1, 0, 1, 1, 1, 0, 1, 1, 1, 1, 1, 1, 1, 1, 1, 1, 0, 1, 1, 1, 1, 1, 1] 
dagE10.txt 5_4_3_2x1.txt 0.34134615384615385 0.35 158.0 [1, 1, 1, 3, 1, 3, 3, 1, 3, 1, 3, 1, 2, 3, 1, 3, 3, 1, 1, 1, 1, 2, 2, 1, 2, 1, 1, 0, 2, 1, 1, 2, 2, 3, 0, 1, 0, 0, 1, 2, 2, 2, 2, 1, 0, 2, 0, 0, 2, 0, 0, 0, 2, 0, 0, 0, 0, 0, 0, 0, 0, 0, 0, 2, 0, 0, 0, 2, 0, 0] 
dagE10.txt 5_4_3_2x1.txt 0.4375 0.45 155.6 [1, 2, 1, 1, 1, 1, 1, 3, 2, 1, 3, 0, 1, 1, 2, 1, 1, 2, 1, 0, 1, 1, 1, 0, 1, 2, 2, 3, 3, 2, 0, 1, 0, 3, 0, 1, 0, 0, 2, 0, 0, 2, 0, 0, 0, 0, 0, 2, 0, 0, 0, 0, 0, 0, 0, 2, 3, 0, 0, 0, 0, 0, 1, 0, 2, 0, 0, 0, 0, 2] 
dagE10.txt 5_4_3_2x1.txt 0.3894230769230769 0.4 156.0 [2, 1, 1, 2, 1, 2, 2, 1, 2, 1, 3, 1, 2, 2, 2, 2, 2, 1, 1, 1, 1, 3, 2, 1, 0, 1, 1, 3, 2, 1, 1, 2, 0, 1, 0, 1, 3, 0, 1, 0, 0, 2, 0, 1, 0, 0, 0, 0, 0, 0, 0, 0, 0, 0, 3, 3, 0, 0, 0, 0, 0, 0, 0, 0, 3, 0, 3, 0, 0, 3] 
dagE10.txt 5_4_3_2x1.txt 0.4375 0.5 154.5 [2, 1, 1, 0, 1, 0, 0, 1, 0, 1, 2, 1, 1, 0, 3, 0, 0, 1, 0, 1, 1, 1, 3, 1, 2, 1, 1, 2, 3, 1, 3, 1, 2, 1, 0, 1, 0, 0, 3, 3, 2, 2, 3, 3, 0, 2, 0, 0, 2, 0, 0, 0, 3, 0, 0, 0, 2, 0, 3, 0, 0, 0, 2, 3, 0, 0, 0, 2, 0, 0] 
dagE10.txt 5_4_3_2x1.txt 0.2980769230769231 0.3 184.4 [3, 0, 0, 0, 0, 3, 3, 0, 3, 0, 3, 0, 0, 3, 0, 3, 3, 0, 0, 0, 0, 2, 0, 0, 0, 0, 0, 2, 2, 3, 0, 2, 0, 2, 1, 0, 1, 1, 0, 0, 0, 2, 0, 0, 1, 0, 1, 1, 0, 1, 1, 1, 2, 1, 1, 1, 0, 1, 1, 1, 1, 1, 1, 0, 1, 1, 1, 0, 1, 1] 
dagE10.txt 5_4_3_2x1.txt 0.4951923076923077 0.55 154.0 [2, 2, 1, 1, 1, 1, 1, 3, 1, 3, 3, 1, 1, 1, 1, 1, 1, 1, 1, 1, 1, 2, 3, 1, 2, 2, 1, 2, 3, 1, 1, 2, 0, 2, 0, 2, 0, 0, 1, 0, 0, 0, 0, 0, 0, 0, 0, 0, 0, 0, 0, 0, 0, 0, 0, 1, 2, 0, 0, 0, 0, 0, 3, 0, 3, 0, 0, 0, 0, 1] 
dagE10.txt 5_4_3_2x1.txt 0.25 0.25 205.33333333333334 [0, 0, 0, 0, 0, 0, 0, 0, 0, 0, 0, 2, 0, 0, 2, 0, 0, 0, 0, 0, 0, 0, 2, 0, 2, 0, 0, 1, 2, 0, 2, 0, 2, 2, 1, 0, 1, 1, 1, 2, 2, 2, 2, 2, 1, 2, 1, 1, 2, 1, 1, 1, 2, 1, 1, 1, 2, 1, 1, 1, 1, 1, 2, 2, 1, 1, 1, 2, 1, 1] 
dagE10.txt 5_4_3_2x1.txt 0.4230769230769231 0.6 153.6 [1, 2, 2, 1, 2, 1, 1, 2, 1, 2, 3, 2, 1, 1, 1, 1, 1, 2, 2, 2, 2, 1, 3, 2, 1, 1, 2, 1, 0, 1, 2, 1, 0, 3, 0, 3, 0, 0, 2, 0, 0, 0, 0, 0, 0, 0, 0, 0, 0, 0, 0, 0, 0, 0, 0, 3, 1, 2, 2, 0, 0, 0, 3, 0, 0, 0, 0, 0, 0, 3] 
dagE10.txt 5_4_3_2x1.txt 0.4951923076923077 0.65 154.0 [2, 2, 1, 1, 1, 1, 1, 3, 1, 3, 3, 1, 1, 1, 1, 1, 1, 1, 1, 1, 1, 2, 3, 1, 2, 2, 1, 2, 3, 1, 1, 2, 0, 2, 0, 2, 0, 0, 1, 0, 0, 0, 0, 0, 0, 0, 0, 0, 0, 0, 0, 0, 0, 0, 0, 1, 2, 0, 0, 0, 0, 0, 3, 0, 3, 0, 0, 0, 0, 1] 
dagE10.txt 5_4_3_2x1.txt 0.1875 0.2 242.25 [1, 1, 1, 1, 1, 1, 1, 1, 1, 1, 0, 1, 1, 1, 1, 1, 1, 1, 1, 1, 1, 0, 0, 1, 1, 1, 1, 0, 0, 1, 1, 1, 0, 0, 0, 1, 0, 0, 1, 0, 0, 0, 0, 0, 0, 0, 0, 0, 0, 0, 0, 0, 0, 0, 0, 1, 0, 0, 0, 0, 0, 0, 0, 0, 0, 0, 0, 0, 0, 1] 
dagE10.txt 5_4_3_2x1.txt 0.4951923076923077 1 154.0 [2, 2, 1, 1, 1, 1, 1, 3, 1, 3, 3, 1, 1, 1, 1, 1, 1, 1, 1, 1, 1, 2, 3, 1, 2, 2, 1, 2, 3, 1, 1, 2, 0, 2, 0, 2, 0, 0, 1, 0, 0, 0, 0, 0, 0, 0, 0, 0, 0, 0, 0, 0, 0, 0, 0, 1, 2, 0, 0, 0, 0, 0, 3, 0, 3, 0, 0, 0, 0, 1] 
dagE10.txt 5_4_3_2x1.txt 0.4326923076923077 0.8 153.75 [2, 0, 0, 0, 0, 2, 2, 0, 2, 0, 2, 0, 2, 2, 2, 2, 2, 1, 0, 0, 0, 2, 2, 0, 0, 3, 0, 3, 0, 0, 0, 2, 0, 1, 3, 1, 1, 0, 1, 1, 0, 3, 0, 1, 1, 1, 0, 1, 1, 0, 3, 3, 1, 0, 1, 1, 1, 3, 0, 0, 0, 1, 1, 1, 3, 0, 1, 1, 0, 1] 
dagE10.txt 5_4_3_2x1.txt 0.4182692307692308 0.7 153.66666666666666 [2, 1, 1, 2, 1, 1, 1, 1, 2, 1, 2, 1, 2, 1, 1, 1, 1, 1, 1, 1, 1, 2, 0, 2, 2, 2, 1, 0, 0, 2, 1, 2, 0, 2, 3, 0, 3, 0, 1, 0, 0, 0, 0, 0, 3, 0, 3, 3, 0, 3, 0, 0, 0, 0, 0, 1, 0, 0, 3, 3, 3, 0, 0, 0, 0, 3, 0, 0, 3, 1] 
dagE10.txt 5_4_3_2x4.txt 0.09615384615384616 0.1 370.6 [12, 12, 12, 12, 12, 12, 12, 12, 12, 12, 0, 12, 12, 12, 12, 12, 12, 12, 12, 12, 12, 12, 12, 12, 12, 12, 12, 12, 12, 12, 12, 12, 12, 12, 12, 12, 12, 12, 12, 12, 12, 12, 12, 12, 12, 12, 12, 12, 12, 12, 12, 4, 12, 12, 12, 8, 0, 4, 12, 12, 4, 12, 12, 12, 12, 12, 12, 12, 4, 8] 
dagE10.txt 5_4_3_2x4.txt 0.14423076923076922 0.15 272.4 [0, 0, 0, 0, 0, 0, 0, 0, 0, 0, 0, 0, 0, 0, 0, 0, 0, 0, 0, 0, 0, 0, 0, 0, 0, 0, 0, 0, 4, 0, 0, 0, 0, 0, 4, 0, 4, 4, 0, 0, 0, 0, 4, 0, 4, 0, 4, 4, 0, 4, 4, 4, 0, 4, 4, 4, 4, 4, 4, 4, 4, 4, 4, 0, 4, 4, 4, 4, 4, 4] 
dagE10.txt 5_4_3_2x1.txt 0.4951923076923077 0.9 154.0 [2, 2, 1, 1, 1, 1, 1, 3, 1, 3, 3, 1, 1, 1, 1, 1, 1, 1, 1, 1, 1, 2, 3, 1, 2, 2, 1, 2, 3, 1, 1, 2, 0, 2, 0, 2, 0, 0, 1, 0, 0, 0, 0, 0, 0, 0, 0, 0, 0, 0, 0, 0, 0, 0, 0, 1, 2, 0, 0, 0, 0, 0, 3, 0, 3, 0, 0, 0, 0, 1] 
dagE10.txt 5_4_3_2x4.txt 0.6971153846153846 0.8 42.4 [6, 9, 5, 10, 5, 4, 4, 8, 11, 5, 10, 9, 4, 4, 11, 4, 4, 6, 5, 9, 5, 10, 14, 8, 13, 1, 5, 7, 2, 8, 3, 4, 12, 3, 2, 6, 0, 2, 1, 14, 13, 7, 14, 2, 0, 12, 9, 15, 12, 0, 12, 8, 14, 14, 12, 1, 15, 8, 8, 0, 0, 0, 13, 14, 12, 0, 12, 12, 0, 1] 
dagE10.txt 5_4_3_2x4.txt 0.5961538461538461 0.6 46.25 [4, 8, 8, 4, 12, 5, 5, 10, 5, 12, 5, 3, 4, 5, 6, 4, 5, 8, 8, 8, 12, 4, 12, 10, 2, 10, 8, 7, 0, 10, 3, 4, 1, 2, 12, 8, 0, 0, 6, 0, 1, 12, 0, 14, 13, 1, 0, 13, 1, 13, 9, 9, 2, 0, 9, 6, 1, 9, 0, 13, 13, 0, 14, 14, 9, 13, 9, 1, 13, 6] 
dagE10.txt 5_4_3_2x4.txt 0.1971153846153846 0.2 200.2 [4, 4, 4, 4, 4, 4, 4, 4, 4, 4, 4, 4, 4, 4, 4, 4, 4, 4, 4, 4, 4, 4, 4, 4, 0, 4, 4, 0, 0, 4, 4, 4, 0, 0, 12, 4, 0, 0, 4, 0, 0, 0, 0, 0, 0, 0, 0, 0, 0, 0, 12, 0, 0, 0, 0, 8, 0, 0, 0, 0, 0, 0, 0, 0, 0, 0, 0, 0, 0, 8] 
dagE10.txt 5_4_3_2x4.txt 0.5432692307692307 0.55 60.0 [0, 12, 0, 0, 0, 1, 1, 9, 1, 0, 1, 12, 9, 1, 6, 1, 1, 12, 0, 12, 0, 0, 13, 9, 12, 9, 0, 2, 2, 9, 6, 9, 13, 5, 2, 12, 8, 4, 6, 13, 13, 2, 4, 13, 8, 5, 4, 8, 13, 4, 2, 8, 5, 4, 8, 6, 5, 8, 4, 4, 4, 4, 5, 5, 8, 4, 8, 5, 4, 6] 
dagE10.txt 5_4_3_2x4.txt 0.25 0.25 166.4 [0, 0, 0, 0, 0, 0, 0, 0, 0, 0, 0, 4, 0, 0, 4, 0, 0, 0, 0, 0, 0, 0, 4, 0, 4, 0, 0, 8, 4, 0, 4, 0, 4, 4, 8, 0, 8, 8, 4, 4, 4, 4, 4, 4, 8, 4, 8, 8, 4, 8, 8, 8, 4, 8, 8, 8, 4, 8, 4, 8, 8, 8, 4, 4, 8, 8, 8, 4, 8, 8] 
dagE10.txt 5_4_3_2x4.txt 0.34615384615384615 0.35 107.6 [12, 0, 0, 12, 0, 12, 12, 0, 12, 0, 12, 0, 12, 12, 12, 12, 12, 0, 0, 0, 0, 12, 4, 12, 12, 0, 0, 4, 4, 12, 0, 12, 4, 4, 8, 0, 8, 8, 0, 4, 4, 4, 4, 4, 8, 4, 8, 8, 4, 8, 8, 8, 4, 8, 8, 0, 4, 8, 8, 8, 8, 8, 4, 4, 8, 8, 8, 4, 8, 0] 
dagE10.txt 5_4_3_2x4.txt 0.39903846153846156 0.4 101.0 [0, 4, 4, 0, 4, 0, 0, 4, 0, 4, 0, 4, 0, 0, 1, 0, 0, 4, 4, 4, 4, 0, 1, 4, 1, 4, 4, 8, 1, 4, 4, 0, 1, 12, 8, 0, 12, 8, 12, 1, 1, 1, 1, 12, 12, 1, 8, 12, 1, 8, 8, 8, 12, 8, 12, 12, 1, 12, 12, 8, 8, 8, 12, 12, 8, 8, 8, 1, 8, 12] 
dagE10.txt 5_4_3_2x4.txt 0.4423076923076923 0.45 84.75 [0, 0, 0, 8, 0, 8, 8, 5, 8, 0, 8, 0, 8, 8, 5, 8, 8, 0, 0, 0, 0, 8, 12, 5, 5, 5, 0, 4, 12, 5, 5, 8, 1, 0, 4, 0, 4, 12, 5, 12, 1, 4, 12, 1, 4, 1, 12, 4, 1, 12, 4, 4, 1, 12, 4, 5, 1, 4, 12, 12, 12, 12, 1, 1, 4, 12, 4, 1, 12, 5] 
dagE10.txt 5_4_3_2x4.txt 0.5 0.5 64.0 [13, 9, 4, 8, 9, 8, 8, 4, 13, 9, 8, 9, 8, 8, 12, 8, 8, 4, 4, 9, 9, 13, 12, 4, 9, 4, 4, 13, 12, 4, 9, 8, 1, 13, 0, 12, 0, 0, 4, 12, 1, 1, 12, 4, 0, 1, 0, 0, 1, 0, 5, 5, 12, 0, 5, 5, 1, 5, 12, 0, 0, 0, 1, 12, 5, 0, 5, 1, 0, 5] 
dagE10.txt 5_4_3_2x4.txt 0.2980769230769231 0.3 142.4 [8, 8, 8, 8, 8, 8, 8, 0, 8, 8, 8, 0, 8, 8, 0, 8, 8, 8, 8, 8, 8, 8, 0, 0, 0, 0, 8, 4, 0, 0, 0, 8, 0, 0, 4, 8, 4, 8, 0, 0, 0, 0, 0, 0, 4, 0, 4, 4, 0, 4, 4, 4, 0, 0, 4, 4, 4, 4, 4, 4, 4, 4, 4, 0, 4, 4, 4, 0, 4, 4] 
dagE10.txt 5_4_3_2x4.txt 0.6490384615384616 0.65 43.0 [4, 12, 8, 2, 12, 4, 4, 8, 4, 12, 11, 12, 2, 4, 13, 2, 4, 8, 8, 12, 12, 9, 13, 8, 13, 8, 8, 10, 10, 11, 12, 9, 6, 9, 3, 2, 0, 0, 14, 13, 6, 10, 13, 5, 1, 5, 0, 1, 5, 1, 15, 7, 9, 0, 0, 14, 6, 15, 0, 1, 1, 0, 5, 5, 3, 1, 0, 5, 4, 14] 
dagE10.txt 5_4_3_2x4.txt 0.6875 1 42.6 [0, 0, 4, 12, 0, 9, 9, 4, 3, 0, 9, 14, 7, 9, 13, 12, 9, 3, 0, 14, 0, 8, 1, 4, 14, 4, 0, 15, 1, 4, 14, 7, 8, 5, 2, 11, 2, 6, 13, 1, 8, 15, 1, 1, 12, 5, 4, 12, 5, 6, 12, 10, 5, 4, 10, 13, 8, 12, 2, 6, 6, 2, 8, 5, 10, 6, 10, 5, 6, 13] 
dagE10.txt 5_4_3_2x4.txt 0.6923076923076923 0.7 43.2 [5, 13, 2, 5, 2, 14, 0, 0, 0, 4, 14, 13, 12, 14, 0, 5, 14, 7, 0, 13, 2, 5, 6, 12, 13, 12, 2, 8, 8, 12, 0, 12, 6, 1, 4, 7, 8, 8, 0, 6, 6, 4, 8, 1, 15, 10, 9, 15, 10, 9, 4, 4, 1, 8, 3, 11, 10, 3, 9, 8, 9, 8, 1, 1, 12, 9, 3, 10, 9, 11] 
dagE10.txt 4_1x3.txt 0.09134615384615384 0.1 484.5 [0, 0, 0, 0, 0, 0, 0, 0, 0, 0, 2, 0, 0, 0, 0, 0, 0, 0, 0, 0, 0, 0, 0, 0, 0, 0, 0, 2, 0, 0, 0, 0, 0, 2, 0, 0, 0, 0, 0, 0, 0, 0, 0, 0, 0, 0, 0, 0, 0, 0, 0, 0, 0, 0, 0, 0, 2, 0, 0, 0, 0, 0, 0, 0, 0, 0, 0, 0, 0, 0] 
dagE10.txt 5_4_3_2x4.txt 0.7403846153846154 0.9 41.6 [4, 7, 0, 5, 5, 0, 0, 13, 9, 5, 5, 13, 10, 0, 0, 11, 0, 12, 5, 7, 0, 4, 10, 13, 10, 13, 12, 1, 14, 11, 2, 4, 4, 12, 13, 15, 6, 8, 15, 10, 4, 14, 14, 9, 8, 12, 8, 8, 12, 3, 1, 1, 12, 8, 6, 2, 9, 1, 14, 8, 3, 6, 9, 12, 6, 8, 6, 12, 3, 2] 
dagE10.txt 4_1x3.txt 0.14423076923076922 0.15 345.25 [0, 0, 0, 0, 0, 0, 0, 0, 0, 0, 0, 0, 0, 0, 0, 0, 0, 0, 0, 0, 0, 0, 0, 0, 0, 0, 0, 2, 2, 0, 0, 0, 0, 0, 2, 0, 2, 2, 0, 0, 0, 2, 2, 0, 2, 0, 2, 2, 0, 2, 2, 2, 0, 2, 2, 2, 0, 2, 2, 2, 2, 2, 0, 0, 2, 2, 2, 2, 2, 2] 
dagE10.txt 4_1x3.txt 0.4951923076923077 0.6 144.75 [5, 4, 0, 0, 0, 0, 0, 1, 0, 3, 1, 0, 0, 0, 0, 0, 0, 2, 0, 0, 0, 5, 2, 0, 2, 2, 0, 1, 2, 0, 0, 2, 2, 3, 4, 4, 4, 4, 0, 2, 2, 2, 2, 2, 4, 2, 4, 4, 2, 4, 4, 4, 2, 4, 4, 0, 3, 4, 4, 4, 4, 4, 2, 2, 5, 4, 4, 2, 4, 0] 
dagE10.txt 4_1x3.txt 0.5528846153846154 0.65 143.5 [4, 0, 4, 4, 4, 4, 4, 0, 4, 4, 1, 0, 2, 4, 2, 4, 4, 0, 4, 0, 4, 4, 5, 0, 3, 1, 4, 1, 2, 0, 0, 3, 2, 3, 2, 5, 2, 2, 0, 0, 2, 4, 2, 0, 2, 4, 2, 2, 2, 0, 2, 0, 4, 2, 2, 0, 5, 2, 2, 0, 0, 2, 4, 4, 2, 0, 0, 4, 0, 0] 
dagE10.txt 4_1x3.txt 0.4375 0.45 151.0 [5, 4, 4, 4, 4, 4, 4, 2, 4, 4, 1, 4, 4, 4, 2, 4, 4, 4, 4, 4, 4, 3, 0, 2, 5, 3, 4, 1, 0, 2, 2, 4, 0, 1, 2, 4, 2, 0, 2, 0, 0, 2, 0, 0, 2, 0, 0, 2, 0, 0, 2, 2, 0, 0, 2, 2, 3, 2, 0, 0, 0, 0, 0, 0, 2, 0, 2, 0, 0, 2] 
dagE10.txt 4_1x3.txt 0.4951923076923077 0.55 144.75 [5, 4, 0, 0, 0, 0, 0, 1, 0, 3, 1, 0, 0, 0, 0, 0, 0, 2, 0, 0, 0, 5, 2, 0, 2, 2, 0, 1, 2, 0, 0, 2, 2, 3, 4, 4, 4, 4, 0, 2, 2, 2, 2, 2, 4, 2, 4, 4, 2, 4, 4, 4, 2, 4, 4, 0, 3, 4, 4, 4, 4, 4, 2, 2, 5, 4, 4, 2, 4, 0] 
dagE10.txt 4_1x3.txt 0.4951923076923077 0.5 144.75 [5, 4, 0, 0, 0, 0, 0, 1, 0, 3, 1, 0, 0, 0, 0, 0, 0, 2, 0, 0, 0, 5, 2, 0, 2, 2, 0, 1, 2, 0, 0, 2, 2, 3, 4, 4, 4, 4, 0, 2, 2, 2, 2, 2, 4, 2, 4, 4, 2, 4, 4, 4, 2, 4, 4, 0, 3, 4, 4, 4, 4, 4, 2, 2, 5, 4, 4, 2, 4, 0] 
dagE10.txt 4_1x3.txt 0.25 0.25 208.0 [0, 0, 0, 0, 0, 0, 0, 0, 0, 0, 0, 2, 0, 0, 2, 0, 0, 0, 0, 0, 0, 0, 2, 0, 2, 0, 0, 4, 2, 0, 2, 0, 2, 2, 4, 0, 4, 4, 2, 2, 2, 2, 2, 2, 4, 2, 4, 4, 2, 4, 4, 4, 2, 4, 4, 4, 2, 4, 4, 4, 4, 4, 2, 2, 4, 4, 4, 2, 4, 4] 
dagE10.txt 4_1x3.txt 0.1971153846153846 0.2 250.25 [2, 2, 2, 2, 2, 2, 2, 2, 2, 2, 2, 2, 2, 2, 2, 2, 2, 2, 2, 2, 2, 2, 2, 2, 0, 2, 2, 0, 0, 2, 2, 2, 0, 0, 1, 2, 0, 0, 2, 0, 0, 0, 0, 0, 0, 0, 0, 0, 0, 0, 1, 0, 0, 0, 0, 4, 0, 0, 0, 0, 0, 0, 0, 0, 0, 0, 0, 0, 0, 4] 
dagE10.txt 4_1x3.txt 0.2932692307692308 0.3 177.75 [4, 4, 4, 4, 2, 4, 4, 4, 4, 2, 4, 2, 4, 4, 2, 4, 4, 4, 2, 4, 2, 4, 2, 4, 2, 4, 2, 2, 2, 4, 2, 4, 2, 2, 0, 4, 0, 0, 2, 2, 2, 2, 2, 2, 0, 2, 0, 0, 2, 0, 0, 0, 2, 0, 0, 0, 0, 0, 0, 0, 0, 0, 0, 2, 0, 0, 0, 0, 0, 0] 
dagE10.txt 4_1x3.txt 0.38461538461538464 0.4 154.25 [2, 2, 2, 2, 2, 2, 2, 0, 2, 2, 1, 0, 2, 2, 0, 2, 2, 2, 2, 2, 2, 3, 0, 0, 0, 3, 2, 1, 0, 0, 0, 2, 0, 1, 4, 2, 4, 2, 0, 0, 0, 0, 0, 0, 4, 0, 4, 4, 0, 4, 4, 4, 0, 0, 4, 4, 3, 4, 4, 4, 4, 4, 4, 0, 4, 4, 4, 0, 4, 4] 
dagE10.txt 4_1x3.txt 0.34615384615384615 0.35 165.5 [4, 4, 4, 4, 2, 4, 4, 4, 4, 2, 1, 2, 4, 4, 2, 4, 4, 4, 2, 4, 2, 4, 2, 4, 2, 4, 2, 2, 2, 4, 2, 4, 2, 1, 0, 4, 0, 0, 2, 2, 2, 2, 2, 2, 0, 2, 0, 0, 2, 0, 0, 0, 2, 0, 0, 0, 1, 0, 0, 0, 0, 0, 3, 2, 0, 0, 0, 0, 0, 0] 
dagE10.txt 4_1x3.txt 0.49038461538461536 1 144.5 [0, 1, 0, 0, 1, 0, 0, 4, 0, 0, 1, 4, 0, 0, 0, 0, 0, 0, 0, 4, 1, 3, 4, 5, 0, 5, 0, 5, 4, 5, 4, 0, 2, 2, 2, 0, 4, 2, 2, 4, 4, 3, 4, 4, 2, 3, 2, 2, 4, 2, 4, 2, 2, 2, 4, 2, 3, 2, 2, 2, 2, 4, 4, 4, 4, 2, 4, 4, 2, 2] 
dagE10.txt 4_1x3.txt 0.4951923076923077 0.7 144.75 [5, 4, 0, 0, 0, 0, 0, 1, 0, 3, 1, 0, 0, 0, 0, 0, 0, 2, 0, 0, 0, 5, 2, 0, 2, 2, 0, 1, 2, 0, 0, 2, 2, 3, 4, 4, 4, 4, 0, 2, 2, 2, 2, 2, 4, 2, 4, 4, 2, 4, 4, 4, 2, 4, 4, 0, 3, 4, 4, 4, 4, 4, 2, 2, 5, 4, 4, 2, 4, 0] 
dagE10.txt 4_1x3.txt 0.5048076923076923 0.8 144.5 [1, 0, 0, 1, 2, 0, 0, 2, 1, 2, 0, 2, 0, 0, 3, 1, 0, 0, 2, 0, 2, 0, 5, 2, 5, 2, 2, 2, 4, 2, 2, 0, 4, 0, 0, 0, 4, 4, 3, 5, 5, 2, 4, 4, 0, 4, 4, 0, 4, 4, 2, 2, 4, 4, 4, 3, 4, 2, 4, 4, 2, 4, 4, 4, 2, 4, 2, 4, 4, 3] 
dagE10.txt 3_2x1.txt 0.09134615384615384 0.1 640.3333333333334 [0, 0, 0, 0, 0, 0, 0, 0, 0, 0, 1, 0, 0, 0, 0, 0, 0, 0, 0, 0, 0, 0, 0, 0, 0, 0, 0, 0, 0, 0, 0, 0, 0, 1, 0, 0, 0, 0, 0, 0, 0, 0, 0, 0, 0, 0, 0, 0, 0, 0, 0, 1, 0, 0, 0, 0, 0, 1, 0, 0, 1, 0, 0, 0, 0, 0, 0, 0, 1, 0] 
dagE10.txt 3_2x1.txt 0.14423076923076922 0.15 460.3333333333333 [0, 0, 0, 0, 0, 0, 0, 0, 0, 0, 0, 0, 0, 0, 0, 0, 0, 0, 0, 0, 0, 0, 0, 0, 0, 0, 0, 1, 1, 0, 0, 0, 0, 0, 1, 0, 1, 1, 0, 0, 0, 1, 1, 0, 1, 0, 1, 1, 0, 1, 1, 1, 0, 1, 1, 1, 0, 1, 1, 1, 1, 1, 0, 0, 1, 1, 1, 1, 1, 1] 
dagE10.txt 4_1x3.txt 0.4951923076923077 0.9 144.75 [5, 4, 0, 0, 0, 0, 0, 1, 0, 3, 1, 0, 0, 0, 0, 0, 0, 2, 0, 0, 0, 5, 2, 0, 2, 2, 0, 1, 2, 0, 0, 2, 2, 3, 4, 4, 4, 4, 0, 2, 2, 2, 2, 2, 4, 2, 4, 4, 2, 4, 4, 4, 2, 4, 4, 0, 3, 4, 4, 4, 4, 4, 2, 2, 5, 4, 4, 2, 4, 0] 
dagE10.txt 3_2x1.txt 0.24519230769230768 0.8 426.5 [1, 0, 1, 1, 1, 0, 1, 1, 1, 1, 0, 1, 1, 0, 1, 1, 0, 0, 1, 1, 1, 1, 0, 1, 1, 1, 0, 0, 0, 1, 1, 1, 0, 0, 0, 1, 0, 0, 1, 0, 0, 0, 0, 0, 0, 0, 0, 0, 0, 0, 0, 0, 0, 0, 0, 1, 0, 0, 0, 0, 0, 0, 0, 0, 0, 0, 0, 0, 0, 1] 
dagE10.txt 3_2x1.txt 0.1875 0.2 427.0 [0, 0, 0, 0, 0, 0, 0, 0, 0, 0, 0, 0, 0, 0, 0, 0, 0, 0, 0, 0, 0, 0, 0, 0, 0, 0, 0, 0, 1, 0, 0, 0, 1, 0, 1, 0, 1, 1, 0, 1, 1, 0, 1, 1, 1, 1, 1, 1, 1, 1, 1, 1, 1, 1, 1, 0, 0, 1, 1, 1, 1, 1, 1, 1, 1, 1, 1, 1, 1, 0] 
dagE10.txt 3_2x1.txt 0.23076923076923078 0.55 426.5 [0, 0, 0, 0, 0, 0, 0, 0, 1, 0, 0, 0, 0, 0, 1, 0, 0, 0, 0, 0, 0, 0, 0, 1, 0, 0, 0, 1, 0, 1, 0, 0, 1, 0, 0, 1, 1, 0, 0, 0, 0, 0, 0, 0, 1, 0, 1, 1, 0, 1, 1, 1, 1, 1, 1, 1, 1, 1, 0, 1, 1, 0, 1, 0, 1, 1, 1, 1, 1, 1] 
dagE10.txt 3_2x1.txt 0.17307692307692307 0.25 429.0 [0, 0, 0, 0, 0, 0, 0, 0, 0, 0, 1, 0, 0, 0, 0, 0, 0, 0, 0, 0, 0, 0, 0, 0, 0, 0, 0, 1, 1, 0, 0, 0, 0, 0, 1, 0, 1, 1, 0, 0, 0, 1, 1, 0, 1, 0, 1, 1, 0, 1, 1, 1, 0, 1, 1, 1, 0, 1, 1, 1, 1, 1, 1, 0, 1, 1, 1, 1, 1, 1] 
dagE10.txt 3_2x1.txt 0.2692307692307692 0.35 426.5 [1, 1, 0, 1, 0, 1, 1, 0, 1, 0, 1, 0, 0, 1, 1, 1, 1, 0, 0, 0, 0, 1, 0, 0, 0, 0, 0, 1, 0, 1, 0, 1, 0, 1, 0, 0, 1, 0, 0, 0, 1, 0, 0, 0, 0, 0, 0, 0, 0, 0, 0, 0, 1, 0, 1, 1, 1, 0, 0, 0, 0, 0, 0, 0, 1, 0, 1, 0, 0, 1] 
dagE10.txt 3_2x1.txt 0.28846153846153844 0.3 428.5 [0, 0, 0, 0, 0, 0, 0, 1, 0, 0, 1, 1, 0, 0, 1, 0, 0, 0, 0, 0, 0, 0, 1, 1, 1, 1, 0, 1, 1, 1, 1, 0, 1, 1, 0, 0, 0, 0, 1, 1, 1, 1, 1, 1, 0, 1, 0, 0, 1, 0, 0, 0, 1, 1, 0, 0, 1, 0, 0, 0, 0, 0, 0, 1, 0, 0, 0, 1, 0, 0] 
dagE10.txt 3_2x1.txt 0.30288461538461536 0.5 426.5 [1, 0, 0, 0, 0, 0, 0, 0, 0, 0, 1, 0, 1, 0, 1, 0, 0, 0, 0, 0, 0, 1, 1, 0, 1, 1, 0, 1, 0, 0, 0, 1, 1, 1, 0, 0, 0, 0, 0, 1, 1, 0, 0, 1, 0, 1, 0, 0, 1, 0, 0, 0, 1, 0, 0, 1, 1, 0, 0, 0, 0, 0, 1, 1, 0, 0, 0, 1, 0, 1] 
dagE10.txt 3_2x1.txt 0.23557692307692307 0.6 426.6666666666667 [0, 0, 0, 0, 0, 0, 0, 0, 0, 0, 1, 0, 0, 0, 0, 0, 0, 0, 0, 0, 0, 0, 0, 0, 1, 0, 0, 1, 0, 0, 0, 0, 1, 0, 1, 0, 0, 0, 0, 0, 1, 1, 0, 0, 1, 1, 0, 1, 1, 1, 1, 1, 0, 0, 1, 1, 1, 1, 0, 1, 1, 0, 1, 0, 1, 1, 1, 1, 1, 1] 
dagE10.txt 3_2x1.txt 0.2980769230769231 0.4 426.5 [1, 0, 0, 1, 0, 1, 1, 0, 1, 0, 1, 0, 1, 1, 0, 1, 1, 0, 0, 0, 0, 1, 1, 0, 1, 1, 0, 1, 1, 0, 0, 1, 0, 1, 0, 0, 0, 0, 0, 0, 0, 1, 0, 0, 0, 0, 0, 0, 0, 0, 0, 0, 1, 0, 0, 0, 1, 0, 0, 0, 0, 0, 1, 0, 1, 0, 0, 0, 0, 0] 
dagE10.txt 3_2x1.txt 0.28846153846153844 0.65 426.5 [1, 0, 0, 1, 1, 1, 1, 0, 1, 1, 1, 0, 1, 1, 1, 1, 1, 0, 0, 0, 1, 1, 1, 0, 1, 0, 0, 1, 0, 0, 0, 1, 0, 1, 0, 1, 0, 0, 0, 1, 0, 1, 1, 0, 0, 0, 0, 0, 0, 0, 0, 0, 0, 0, 0, 0, 1, 0, 0, 0, 0, 0, 0, 0, 0, 0, 0, 0, 0, 0] 
dagE10.txt 3_2x1.txt 0.35096153846153844 0.45 426.6666666666667 [1, 0, 0, 0, 0, 0, 0, 0, 1, 0, 1, 0, 0, 0, 0, 0, 0, 1, 0, 0, 0, 1, 1, 0, 0, 1, 0, 1, 0, 0, 0, 1, 1, 1, 0, 0, 1, 0, 0, 0, 1, 0, 0, 0, 1, 0, 0, 1, 1, 0, 0, 0, 1, 0, 0, 1, 1, 1, 0, 0, 0, 1, 1, 0, 0, 0, 0, 0, 0, 1] 
dagE10.txt 3_2x1.txt 0.24519230769230768 0.7 426.5 [1, 1, 0, 1, 0, 1, 1, 0, 1, 0, 1, 1, 1, 1, 1, 1, 1, 1, 0, 1, 0, 1, 0, 0, 1, 0, 1, 0, 0, 0, 1, 1, 0, 1, 0, 1, 0, 0, 1, 0, 0, 0, 0, 0, 0, 0, 0, 0, 0, 0, 0, 0, 0, 0, 0, 1, 0, 0, 0, 0, 0, 0, 0, 0, 0, 0, 0, 0, 0, 1] 
dagE10.txt 3_2x1.txt 0.21634615384615385 1 426.5 [1, 1, 1, 0, 1, 1, 1, 1, 1, 1, 0, 1, 1, 1, 1, 1, 1, 1, 1, 0, 1, 1, 0, 1, 1, 1, 1, 0, 0, 1, 1, 1, 0, 0, 0, 0, 0, 0, 0, 0, 0, 0, 0, 0, 0, 0, 0, 0, 0, 0, 0, 0, 0, 0, 0, 0, 0, 0, 0, 0, 0, 0, 0, 0, 0, 0, 0, 0, 0, 1] 
dagE10.txt 3_2x5.txt 0.09615384615384616 0.1 617.6666666666666 [6, 6, 6, 6, 6, 6, 6, 6, 6, 6, 0, 6, 6, 6, 6, 6, 6, 6, 6, 6, 6, 6, 6, 6, 6, 6, 6, 6, 6, 6, 6, 6, 6, 6, 6, 6, 6, 6, 6, 6, 6, 6, 6, 6, 6, 6, 6, 6, 6, 6, 6, 2, 6, 6, 6, 4, 0, 2, 6, 6, 2, 6, 6, 6, 6, 6, 6, 6, 2, 4] 
dagE10.txt 3_2x1.txt 0.2692307692307692 0.9 426.6666666666667 [0, 0, 0, 0, 0, 0, 0, 0, 0, 0, 1, 0, 0, 0, 0, 0, 0, 0, 0, 0, 0, 1, 0, 0, 0, 0, 0, 1, 0, 0, 0, 0, 1, 1, 0, 0, 0, 1, 0, 0, 1, 0, 0, 0, 0, 1, 1, 0, 1, 1, 1, 1, 0, 1, 0, 1, 1, 1, 1, 1, 1, 1, 1, 0, 0, 1, 1, 1, 1, 1] 
dagE10.txt 3_2x5.txt 0.14903846153846154 0.15 408.3333333333333 [2, 2, 2, 2, 2, 2, 2, 2, 2, 2, 2, 2, 2, 2, 0, 2, 2, 2, 2, 2, 2, 2, 0, 2, 2, 2, 2, 0, 0, 2, 0, 2, 0, 0, 0, 2, 0, 0, 0, 0, 0, 0, 0, 0, 0, 0, 0, 0, 0, 0, 0, 0, 0, 0, 0, 0, 0, 0, 0, 0, 0, 0, 0, 0, 0, 0, 0, 0, 0, 0] 
dagE10.txt 3_2x5.txt 0.5817307692307693 0.6 92.0 [1, 2, 2, 3, 2, 9, 8, 8, 1, 2, 9, 2, 3, 8, 5, 3, 9, 1, 2, 1, 2, 3, 4, 8, 2, 8, 2, 8, 4, 8, 5, 3, 0, 9, 7, 1, 4, 6, 5, 4, 0, 4, 4, 0, 4, 0, 6, 4, 0, 6, 7, 6, 0, 6, 4, 5, 9, 7, 4, 6, 6, 6, 0, 0, 7, 6, 6, 0, 6, 5] 
dagE10.txt 3_2x5.txt 0.5480769230769231 0.55 106.0 [4, 2, 2, 4, 2, 9, 9, 8, 9, 2, 9, 2, 5, 9, 8, 4, 9, 4, 2, 2, 2, 4, 3, 8, 5, 8, 2, 7, 7, 8, 8, 5, 3, 1, 7, 4, 6, 0, 8, 3, 3, 7, 0, 3, 6, 1, 0, 6, 3, 0, 7, 6, 1, 0, 6, 5, 1, 6, 0, 0, 0, 0, 1, 1, 6, 0, 6, 1, 0, 5] 
dagE10.txt 3_2x5.txt 0.44711538461538464 0.45 134.33333333333334 [4, 0, 0, 4, 0, 4, 4, 1, 4, 0, 4, 0, 4, 4, 1, 4, 4, 0, 0, 0, 0, 4, 6, 1, 2, 0, 0, 6, 6, 1, 1, 4, 8, 8, 2, 0, 2, 6, 1, 6, 8, 2, 6, 8, 2, 8, 6, 2, 8, 6, 2, 2, 8, 6, 2, 1, 8, 2, 6, 6, 6, 6, 8, 8, 2, 6, 2, 8, 6, 1] 
dagE10.txt 3_2x5.txt 0.6298076923076923 0.65 90.0 [3, 6, 0, 0, 6, 0, 3, 1, 3, 0, 8, 6, 0, 0, 4, 3, 3, 1, 0, 6, 2, 0, 6, 1, 9, 1, 4, 6, 2, 1, 4, 0, 5, 5, 4, 6, 2, 2, 4, 9, 5, 2, 9, 2, 4, 5, 2, 4, 9, 8, 4, 8, 5, 2, 2, 7, 7, 4, 9, 8, 8, 2, 7, 5, 8, 8, 8, 9, 8, 7] 
dagE10.txt 3_2x5.txt 0.2932692307692308 0.3 237.0 [4, 4, 4, 4, 0, 4, 4, 4, 4, 0, 4, 0, 4, 4, 0, 4, 4, 4, 0, 4, 0, 4, 0, 4, 0, 4, 0, 0, 0, 4, 0, 4, 0, 0, 2, 4, 2, 2, 0, 0, 0, 0, 0, 0, 2, 0, 2, 2, 0, 2, 2, 2, 0, 2, 2, 2, 2, 2, 2, 2, 2, 2, 2, 0, 2, 2, 2, 2, 2, 2] 
dagE10.txt 3_2x5.txt 0.6490384615384616 0.8 90.33333333333333 [4, 0, 1, 6, 0, 8, 4, 4, 8, 1, 8, 0, 4, 8, 8, 4, 8, 0, 1, 0, 0, 6, 0, 4, 1, 0, 1, 6, 3, 4, 5, 6, 6, 9, 8, 4, 9, 7, 5, 1, 6, 3, 9, 2, 5, 3, 7, 5, 6, 7, 2, 2, 9, 7, 2, 5, 3, 2, 9, 7, 7, 7, 2, 9, 2, 9, 2, 3, 7, 8] 
dagE10.txt 3_2x5.txt 0.25 0.25 277.3333333333333 [0, 0, 0, 0, 0, 0, 0, 0, 0, 0, 0, 2, 0, 0, 2, 0, 0, 0, 0, 0, 0, 0, 2, 0, 2, 0, 0, 4, 2, 0, 2, 0, 2, 2, 4, 0, 4, 4, 2, 2, 2, 2, 2, 2, 4, 2, 4, 4, 2, 4, 4, 4, 2, 4, 4, 4, 2, 4, 2, 4, 4, 4, 2, 2, 4, 4, 4, 2, 4, 4] 
dagE10.txt 3_2x5.txt 0.1971153846153846 0.2 333.6666666666667 [2, 2, 2, 2, 2, 2, 2, 2, 2, 2, 2, 2, 2, 2, 2, 2, 2, 2, 2, 2, 2, 2, 2, 2, 0, 2, 2, 0, 0, 2, 2, 2, 0, 0, 6, 2, 0, 0, 2, 0, 0, 0, 0, 0, 0, 0, 0, 0, 0, 0, 6, 0, 0, 0, 0, 4, 0, 0, 0, 0, 0, 0, 0, 0, 0, 0, 0, 0, 0, 4] 
dagE10.txt 3_2x5.txt 0.5 0.5 120.66666666666667 [5, 3, 2, 4, 3, 4, 4, 2, 5, 3, 4, 3, 4, 4, 6, 4, 4, 2, 2, 3, 3, 5, 6, 2, 6, 2, 2, 5, 6, 2, 3, 4, 8, 5, 0, 6, 0, 0, 2, 6, 8, 8, 6, 2, 0, 8, 0, 0, 8, 0, 1, 1, 6, 0, 1, 1, 8, 1, 6, 0, 0, 0, 8, 6, 0, 0, 1, 8, 0, 1] 
dagE10.txt 3_2x5.txt 0.39903846153846156 0.4 148.66666666666666 [0, 2, 2, 0, 2, 0, 0, 2, 0, 2, 0, 2, 0, 0, 8, 0, 0, 2, 2, 2, 2, 0, 8, 2, 8, 2, 2, 4, 8, 2, 2, 0, 8, 6, 4, 0, 6, 4, 6, 8, 8, 8, 8, 6, 6, 8, 4, 6, 8, 4, 4, 4, 6, 4, 6, 6, 8, 6, 6, 4, 4, 4, 6, 6, 4, 4, 4, 8, 4, 6] 
dagE10.txt 3_2x5.txt 0.6298076923076923 0.7 90.0 [8, 6, 6, 3, 8, 8, 8, 2, 8, 6, 9, 6, 3, 8, 8, 3, 8, 6, 6, 6, 6, 9, 7, 2, 3, 7, 6, 4, 7, 3, 2, 2, 1, 9, 5, 2, 4, 0, 2, 1, 1, 4, 0, 5, 5, 1, 0, 5, 1, 0, 4, 4, 5, 0, 4, 2, 7, 4, 0, 0, 0, 1, 8, 5, 4, 0, 4, 1, 0, 2] 
dagE10.txt 3_2x5.txt 0.6298076923076923 1 90.0 [8, 6, 6, 3, 8, 8, 8, 2, 8, 6, 9, 6, 3, 8, 8, 3, 8, 6, 6, 6, 6, 9, 7, 2, 3, 7, 6, 4, 7, 3, 2, 2, 1, 9, 5, 2, 4, 0, 2, 1, 1, 4, 0, 5, 5, 1, 0, 5, 1, 0, 4, 4, 5, 0, 4, 2, 7, 4, 0, 0, 0, 1, 8, 5, 4, 0, 4, 1, 0, 2] 
dagE10.txt 3_2x5.txt 0.34615384615384615 0.35 179.33333333333334 [6, 0, 0, 6, 0, 6, 6, 0, 6, 0, 6, 0, 6, 6, 6, 6, 6, 0, 0, 0, 0, 6, 2, 6, 6, 0, 0, 2, 2, 6, 0, 6, 2, 2, 4, 0, 4, 4, 0, 2, 2, 2, 2, 2, 4, 2, 4, 4, 2, 4, 4, 4, 2, 4, 4, 0, 2, 4, 4, 4, 4, 4, 2, 2, 4, 4, 4, 2, 4, 0] 
dagE10.txt 3_2x5.txt 0.6490384615384616 0.9 89.66666666666667 [5, 6, 1, 7, 6, 7, 7, 0, 5, 6, 6, 6, 0, 7, 5, 7, 7, 1, 6, 0, 6, 4, 2, 0, 0, 0, 6, 8, 2, 0, 6, 5, 4, 8, 9, 0, 3, 2, 1, 8, 4, 2, 8, 4, 9, 8, 2, 9, 8, 4, 9, 3, 8, 2, 3, 1, 2, 9, 8, 4, 4, 3, 3, 8, 2, 4, 3, 8, 4, 1] 
