dagF31.txt 3_2x4.txt 0.08771929824561403 0.1 630.6666666666666 [6, 6, 6, 6, 6, 6, 6, 6, 6, 6, 6, 6, 6, 6, 6, 6, 6, 6, 6, 6, 6, 6, 6, 6, 6, 6, 6, 6, 6, 6, 6, 6, 6, 6, 6, 6, 6, 6, 6, 6, 0, 6, 6, 6, 6, 6, 6, 6, 6, 6, 4, 6, 6, 2, 6, 6, 6, 6, 6, 6, 6, 6, 6, 6, 2, 6, 0, 6, 0, 6, 6, 6, 4, 4, 6] 
dagF31.txt 3_2x4.txt 0.14473684210526316 0.15 499.3333333333333 [0, 0, 0, 0, 0, 0, 0, 0, 0, 0, 0, 0, 0, 0, 0, 0, 0, 0, 0, 0, 2, 0, 0, 0, 0, 0, 0, 0, 0, 0, 0, 0, 0, 0, 0, 0, 0, 2, 0, 0, 0, 2, 0, 0, 2, 2, 2, 0, 2, 0, 2, 0, 0, 2, 0, 2, 0, 0, 0, 2, 0, 2, 0, 2, 2, 0, 2, 2, 2, 0, 0, 2, 0, 2, 2] 
dagF31.txt 3_2x4.txt 0.5482456140350878 0.55 117.0 [2, 2, 4, 0, 0, 2, 2, 0, 5, 2, 2, 0, 2, 0, 2, 0, 2, 4, 6, 2, 3, 0, 4, 0, 0, 0, 2, 0, 4, 4, 0, 6, 2, 7, 3, 0, 4, 4, 4, 4, 4, 6, 0, 4, 1, 3, 0, 6, 6, 4, 3, 3, 1, 1, 5, 5, 6, 1, 3, 6, 1, 5, 5, 6, 1, 6, 7, 5, 7, 1, 6, 6, 3, 3, 6] 
dagF31.txt 3_2x4.txt 0.5745614035087719 0.6 109.0 [1, 7, 1, 7, 1, 7, 7, 7, 6, 7, 1, 6, 0, 0, 7, 1, 1, 1, 6, 7, 0, 6, 5, 6, 1, 5, 7, 6, 5, 5, 6, 6, 4, 4, 4, 6, 4, 0, 2, 5, 5, 2, 6, 5, 3, 0, 4, 2, 0, 5, 4, 4, 3, 3, 6, 4, 2, 0, 2, 2, 3, 0, 4, 2, 2, 2, 3, 0, 3, 0, 2, 2, 2, 4, 2] 
dagF31.txt 3_2x4.txt 0.2412280701754386 0.25 331.0 [0, 0, 0, 0, 0, 0, 0, 0, 0, 0, 0, 0, 0, 0, 0, 0, 0, 0, 4, 0, 4, 0, 0, 0, 0, 0, 0, 0, 0, 0, 0, 2, 0, 2, 2, 0, 0, 0, 2, 0, 0, 2, 0, 0, 2, 2, 4, 2, 2, 0, 2, 2, 2, 2, 2, 4, 2, 2, 2, 2, 2, 2, 2, 2, 2, 2, 2, 2, 2, 2, 2, 2, 2, 2, 2] 
dagF31.txt 3_2x4.txt 0.19298245614035087 0.2 348.6666666666667 [2, 2, 2, 2, 2, 2, 2, 2, 2, 2, 2, 2, 2, 2, 2, 2, 2, 2, 2, 2, 2, 2, 2, 2, 2, 2, 2, 2, 2, 2, 2, 0, 0, 0, 0, 2, 2, 2, 0, 2, 0, 0, 2, 2, 0, 0, 0, 0, 0, 2, 0, 0, 0, 0, 0, 0, 0, 0, 0, 0, 0, 0, 0, 0, 0, 0, 0, 0, 0, 0, 0, 0, 0, 0, 0] 
dagF31.txt 3_2x4.txt 0.49122807017543857 0.5 129.0 [2, 2, 5, 2, 5, 2, 2, 2, 5, 2, 2, 1, 2, 2, 2, 2, 5, 0, 4, 2, 4, 1, 0, 1, 5, 0, 2, 1, 5, 0, 1, 1, 6, 6, 2, 1, 0, 0, 3, 0, 0, 4, 1, 0, 4, 4, 4, 6, 4, 0, 6, 6, 3, 4, 1, 4, 6, 3, 6, 0, 0, 4, 3, 1, 0, 6, 3, 4, 3, 3, 6, 6, 6, 6, 6] 
dagF31.txt 3_2x4.txt 0.38596491228070173 0.4 176.0 [2, 2, 0, 2, 2, 2, 2, 2, 0, 2, 2, 0, 2, 2, 2, 2, 2, 0, 0, 2, 2, 0, 0, 0, 4, 2, 2, 0, 0, 0, 0, 4, 2, 4, 4, 0, 0, 4, 6, 0, 0, 4, 0, 0, 6, 4, 2, 6, 4, 0, 4, 4, 6, 6, 4, 4, 6, 6, 4, 6, 6, 4, 4, 0, 6, 6, 6, 4, 6, 6, 6, 6, 4, 4, 6] 
dagF31.txt 3_2x4.txt 0.6228070175438597 0.8 106.66666666666667 [5, 2, 5, 2, 5, 5, 3, 2, 4, 2, 2, 3, 2, 2, 2, 5, 5, 6, 6, 3, 6, 2, 4, 3, 5, 7, 3, 2, 5, 4, 2, 7, 3, 0, 0, 3, 4, 6, 2, 4, 4, 1, 3, 4, 4, 6, 6, 7, 1, 7, 0, 0, 1, 6, 3, 6, 7, 1, 0, 1, 4, 0, 1, 3, 6, 7, 0, 0, 0, 4, 7, 1, 0, 0, 0] 
dagF31.txt 3_2x4.txt 0.6447368421052632 0.65 108.66666666666667 [3, 4, 7, 4, 7, 4, 3, 4, 7, 4, 3, 3, 3, 4, 4, 7, 7, 1, 4, 4, 4, 5, 0, 5, 7, 4, 4, 3, 5, 1, 5, 2, 2, 6, 6, 3, 6, 0, 6, 1, 0, 0, 5, 0, 2, 0, 5, 2, 0, 0, 5, 6, 2, 2, 2, 5, 2, 0, 6, 1, 2, 7, 6, 1, 1, 2, 6, 0, 6, 0, 2, 0, 1, 5, 1] 
dagF31.txt 3_2x4.txt 0.2982456140350877 0.3 247.66666666666666 [2, 2, 2, 2, 2, 2, 2, 2, 2, 2, 2, 0, 2, 2, 2, 2, 2, 2, 0, 2, 4, 2, 2, 0, 2, 2, 2, 0, 2, 2, 2, 0, 0, 0, 0, 0, 0, 4, 4, 2, 2, 0, 0, 4, 4, 4, 4, 0, 4, 0, 0, 0, 4, 4, 0, 4, 0, 4, 0, 4, 0, 4, 4, 0, 4, 0, 4, 4, 4, 4, 0, 0, 0, 0, 0] 
dagF31.txt 3_2x4.txt 0.4473684210526316 0.45 149.0 [0, 0, 0, 0, 0, 0, 0, 0, 3, 0, 0, 3, 0, 3, 0, 0, 0, 6, 3, 0, 1, 3, 6, 3, 0, 6, 0, 3, 0, 6, 3, 1, 2, 2, 2, 3, 6, 1, 4, 6, 6, 1, 3, 6, 4, 1, 4, 2, 1, 6, 2, 2, 4, 4, 1, 4, 2, 2, 2, 6, 4, 1, 4, 3, 6, 2, 4, 1, 4, 2, 2, 2, 2, 2, 2] 
dagF31.txt 3_2x4.txt 0.3333333333333333 0.35 233.66666666666666 [0, 0, 0, 0, 0, 0, 0, 0, 0, 0, 0, 2, 0, 4, 0, 0, 0, 0, 2, 0, 4, 0, 0, 2, 0, 0, 0, 0, 0, 0, 2, 2, 2, 2, 2, 2, 2, 4, 4, 0, 0, 4, 2, 0, 2, 4, 4, 2, 4, 2, 4, 2, 4, 4, 4, 4, 2, 4, 2, 4, 2, 4, 4, 2, 4, 2, 4, 4, 4, 4, 2, 2, 2, 4, 2] 
dagF31.txt 3_2x4.txt 0.5701754385964912 1 107.33333333333333 [2, 0, 2, 2, 2, 2, 7, 5, 2, 0, 7, 7, 7, 5, 2, 2, 2, 5, 5, 2, 3, 7, 0, 5, 2, 0, 2, 7, 2, 0, 7, 5, 4, 6, 0, 6, 0, 3, 4, 0, 1, 3, 7, 0, 1, 3, 4, 6, 4, 0, 6, 6, 4, 4, 6, 4, 6, 4, 6, 3, 1, 0, 4, 6, 4, 1, 1, 1, 1, 3, 1, 6, 6, 6, 6] 
dagF31.txt 3_2x4.txt 0.6008771929824561 0.7 108.33333333333333 [0, 4, 4, 0, 0, 4, 0, 3, 7, 4, 2, 1, 0, 3, 0, 4, 4, 3, 1, 0, 4, 0, 4, 6, 2, 0, 0, 0, 0, 3, 0, 6, 6, 1, 2, 1, 6, 3, 7, 3, 4, 5, 2, 3, 4, 2, 6, 6, 2, 0, 5, 2, 7, 4, 1, 6, 6, 6, 5, 6, 7, 2, 5, 2, 6, 5, 7, 2, 7, 1, 5, 2, 5, 5, 5] 
dagF31.txt 5_4_3_2x2.txt 0.08771929824561403 0.1 383.4 [4, 4, 4, 4, 4, 4, 4, 4, 4, 4, 4, 4, 4, 4, 4, 4, 4, 4, 0, 4, 4, 4, 4, 4, 4, 4, 4, 4, 4, 4, 4, 0, 4, 4, 4, 4, 4, 4, 4, 4, 0, 4, 4, 4, 4, 4, 4, 4, 4, 4, 4, 4, 4, 4, 4, 4, 4, 4, 4, 4, 4, 4, 4, 4, 4, 4, 0, 4, 0, 4, 4, 4, 4, 4, 4] 
dagF31.txt 5_4_3_2x2.txt 0.14473684210526316 0.15 298.6 [0, 0, 0, 0, 0, 0, 0, 0, 0, 0, 0, 0, 0, 0, 0, 0, 0, 0, 0, 0, 4, 0, 0, 0, 0, 0, 0, 0, 0, 0, 0, 0, 0, 0, 0, 0, 0, 4, 0, 0, 0, 4, 0, 0, 4, 4, 4, 0, 4, 0, 4, 0, 0, 4, 0, 4, 0, 0, 0, 4, 0, 4, 0, 0, 4, 0, 4, 4, 4, 0, 0, 4, 4, 4, 4] 
dagF31.txt 3_2x4.txt 0.6140350877192983 0.9 108.33333333333333 [4, 1, 4, 1, 0, 1, 6, 6, 0, 1, 1, 4, 0, 1, 6, 4, 0, 0, 4, 1, 0, 4, 3, 4, 0, 3, 1, 4, 4, 0, 4, 2, 7, 7, 6, 4, 3, 3, 2, 3, 3, 2, 4, 3, 5, 6, 7, 2, 2, 4, 7, 6, 5, 5, 2, 7, 2, 2, 0, 5, 5, 6, 0, 6, 5, 2, 7, 6, 6, 2, 2, 6, 6, 7, 6] 
dagF31.txt 5_4_3_2x2.txt 0.5701754385964912 0.6 78.8 [6, 5, 6, 0, 6, 7, 7, 0, 6, 5, 0, 0, 7, 0, 7, 6, 6, 5, 4, 7, 4, 0, 5, 0, 6, 4, 7, 0, 6, 5, 0, 1, 4, 0, 5, 0, 5, 5, 4, 5, 5, 2, 0, 5, 4, 2, 4, 1, 2, 0, 3, 3, 2, 2, 1, 3, 1, 4, 3, 1, 2, 0, 3, 1, 1, 1, 4, 2, 4, 4, 1, 1, 1, 3, 1] 
dagF31.txt 5_4_3_2x2.txt 0.19298245614035087 0.2 209.2 [4, 4, 4, 4, 4, 4, 4, 4, 4, 4, 4, 4, 4, 4, 4, 4, 4, 4, 4, 4, 4, 4, 4, 4, 4, 4, 4, 4, 4, 4, 4, 0, 0, 0, 0, 4, 4, 4, 0, 4, 0, 0, 4, 4, 0, 0, 0, 0, 0, 4, 0, 0, 0, 0, 0, 0, 0, 0, 0, 0, 0, 0, 0, 0, 0, 0, 0, 0, 0, 0, 0, 0, 0, 0, 0] 
dagF31.txt 5_4_3_2x2.txt 0.5482456140350878 0.55 84.66666666666667 [6, 6, 2, 2, 2, 6, 6, 2, 5, 6, 6, 0, 6, 2, 6, 2, 2, 7, 1, 6, 7, 0, 5, 0, 2, 2, 6, 0, 5, 5, 0, 0, 1, 1, 1, 0, 5, 7, 0, 5, 5, 4, 0, 5, 3, 4, 1, 4, 4, 5, 1, 1, 4, 4, 4, 1, 4, 0, 1, 5, 4, 0, 1, 4, 5, 4, 0, 4, 0, 0, 4, 4, 4, 1, 4] 
dagF31.txt 5_4_3_2x2.txt 0.631578947368421 0.8 78.0 [0, 0, 0, 4, 0, 0, 0, 4, 1, 0, 0, 6, 2, 4, 2, 0, 0, 4, 6, 2, 2, 2, 5, 6, 2, 4, 6, 2, 0, 5, 2, 5, 6, 3, 0, 6, 3, 4, 1, 5, 1, 1, 6, 4, 5, 2, 4, 4, 1, 4, 3, 0, 5, 5, 6, 3, 4, 1, 0, 7, 5, 4, 7, 6, 5, 4, 1, 4, 1, 1, 4, 7, 7, 3, 7] 
dagF31.txt 5_4_3_2x2.txt 0.5964912280701754 0.65 77.6 [0, 0, 0, 0, 0, 0, 5, 3, 6, 5, 5, 7, 5, 3, 0, 0, 0, 0, 6, 0, 2, 3, 5, 5, 3, 0, 5, 7, 0, 0, 0, 2, 4, 2, 6, 7, 5, 3, 1, 0, 5, 7, 5, 5, 1, 2, 4, 1, 2, 5, 4, 6, 1, 1, 2, 4, 4, 1, 4, 4, 1, 6, 4, 4, 4, 4, 1, 6, 4, 1, 4, 4, 6, 4, 4] 
dagF31.txt 5_4_3_2x2.txt 0.3991228070175439 0.4 124.0 [4, 4, 0, 4, 4, 4, 4, 4, 0, 4, 4, 0, 4, 4, 4, 4, 4, 0, 0, 4, 4, 0, 0, 0, 1, 4, 4, 0, 0, 0, 0, 0, 4, 1, 1, 0, 0, 1, 0, 0, 0, 1, 0, 0, 5, 1, 4, 5, 1, 0, 1, 1, 5, 5, 1, 1, 5, 5, 1, 5, 5, 1, 1, 0, 5, 5, 5, 1, 5, 5, 5, 5, 1, 1, 5] 
dagF31.txt 5_4_3_2x2.txt 0.2412280701754386 0.25 198.6 [0, 0, 0, 0, 0, 0, 0, 0, 0, 0, 0, 0, 0, 0, 0, 0, 0, 0, 1, 0, 1, 0, 0, 0, 0, 0, 0, 0, 0, 0, 0, 4, 0, 4, 4, 0, 0, 0, 4, 0, 0, 4, 0, 0, 4, 4, 1, 4, 4, 0, 4, 4, 4, 4, 4, 1, 4, 4, 4, 4, 4, 4, 4, 4, 4, 4, 4, 4, 4, 4, 4, 4, 4, 4, 4] 
dagF31.txt 5_4_3_2x2.txt 0.2982456140350877 0.3 158.0 [4, 4, 4, 4, 4, 4, 4, 4, 4, 4, 4, 0, 4, 4, 4, 4, 4, 4, 0, 4, 1, 4, 4, 0, 4, 4, 4, 0, 4, 4, 4, 0, 0, 0, 0, 0, 0, 1, 1, 4, 4, 0, 0, 1, 1, 1, 1, 0, 1, 0, 0, 0, 1, 1, 0, 1, 0, 1, 0, 1, 0, 1, 1, 0, 1, 0, 1, 1, 1, 1, 0, 0, 0, 0, 0] 
dagF31.txt 5_4_3_2x2.txt 0.5 0.5 87.2 [4, 4, 3, 4, 3, 4, 4, 4, 4, 4, 4, 2, 4, 4, 4, 4, 3, 0, 0, 4, 1, 2, 0, 2, 3, 0, 4, 2, 3, 0, 2, 2, 5, 5, 4, 2, 0, 0, 6, 0, 0, 1, 2, 0, 1, 1, 1, 5, 1, 0, 5, 5, 6, 1, 2, 1, 5, 6, 5, 0, 0, 1, 6, 2, 0, 5, 6, 1, 6, 6, 5, 5, 5, 5, 5] 
dagF31.txt 5_4_3_2x2.txt 0.631578947368421 0.7 77.0 [4, 0, 6, 0, 4, 3, 0, 3, 6, 3, 6, 4, 4, 3, 0, 4, 4, 4, 5, 0, 6, 6, 5, 7, 4, 4, 0, 4, 6, 1, 4, 7, 4, 3, 2, 4, 5, 1, 1, 0, 5, 1, 7, 1, 5, 6, 4, 2, 1, 2, 0, 2, 5, 5, 7, 0, 2, 1, 2, 0, 5, 1, 7, 7, 0, 2, 5, 1, 0, 1, 2, 0, 0, 0, 0] 
dagF31.txt 4_1x5.txt 0.08771929824561403 0.1 473.0 [6, 6, 6, 6, 6, 6, 6, 6, 6, 6, 6, 6, 6, 6, 6, 6, 6, 6, 6, 6, 6, 6, 6, 6, 6, 6, 6, 6, 6, 6, 6, 6, 6, 6, 6, 6, 6, 6, 6, 6, 0, 6, 6, 6, 6, 6, 6, 6, 6, 6, 4, 6, 6, 2, 6, 6, 6, 6, 6, 6, 6, 6, 6, 6, 2, 6, 0, 6, 0, 6, 6, 6, 4, 4, 6] 
dagF31.txt 5_4_3_2x2.txt 0.34649122807017546 0.35 147.0 [4, 4, 4, 4, 4, 4, 4, 4, 4, 4, 4, 1, 4, 4, 4, 4, 4, 4, 1, 4, 4, 1, 1, 1, 4, 4, 4, 1, 1, 1, 1, 0, 0, 1, 1, 1, 1, 4, 0, 1, 1, 1, 1, 1, 0, 4, 0, 0, 0, 1, 0, 1, 0, 0, 0, 0, 0, 0, 0, 5, 0, 5, 0, 5, 0, 0, 0, 5, 0, 0, 0, 5, 0, 0, 0] 
dagF31.txt 5_4_3_2x2.txt 0.4473684210526316 0.45 98.0 [0, 0, 0, 0, 0, 0, 0, 0, 6, 0, 0, 6, 0, 6, 0, 0, 0, 5, 6, 0, 2, 6, 5, 6, 0, 5, 0, 6, 0, 5, 6, 4, 4, 4, 4, 6, 5, 2, 1, 5, 5, 2, 6, 5, 1, 2, 1, 4, 2, 5, 4, 4, 1, 1, 2, 1, 4, 4, 4, 5, 1, 2, 1, 6, 5, 4, 1, 2, 1, 4, 4, 4, 4, 4, 4] 
dagF31.txt 5_4_3_2x2.txt 0.6096491228070176 1 77.2 [6, 6, 4, 2, 6, 5, 5, 2, 4, 6, 5, 2, 6, 5, 2, 6, 4, 4, 7, 5, 0, 5, 6, 2, 4, 2, 5, 5, 6, 4, 5, 2, 0, 5, 6, 2, 3, 0, 0, 4, 6, 4, 5, 0, 1, 4, 0, 1, 4, 4, 7, 0, 0, 1, 2, 3, 1, 0, 0, 4, 1, 0, 0, 7, 1, 1, 3, 0, 3, 1, 1, 7, 1, 7, 7] 
dagF31.txt 5_4_3_2x2.txt 0.6008771929824561 0.9 77.8 [2, 6, 0, 4, 4, 6, 2, 4, 0, 2, 0, 2, 2, 4, 6, 4, 4, 4, 6, 6, 4, 2, 0, 6, 4, 4, 6, 2, 0, 0, 2, 3, 6, 3, 4, 2, 7, 4, 1, 0, 0, 1, 6, 0, 7, 4, 7, 1, 5, 0, 5, 3, 0, 7, 0, 5, 1, 5, 3, 5, 0, 5, 0, 6, 5, 1, 1, 5, 1, 5, 1, 1, 5, 5, 1] 
dagF31.txt 4_1x5.txt 0.14473684210526316 0.15 373.25 [0, 0, 0, 0, 0, 0, 0, 0, 0, 0, 0, 0, 0, 0, 0, 0, 0, 0, 0, 0, 2, 0, 0, 0, 0, 0, 0, 0, 0, 0, 0, 0, 0, 0, 0, 0, 0, 2, 0, 0, 0, 2, 0, 0, 2, 2, 2, 0, 2, 0, 2, 0, 0, 2, 0, 2, 0, 0, 0, 2, 0, 2, 0, 0, 2, 0, 2, 2, 2, 0, 0, 2, 2, 2, 2] 
dagF31.txt 4_1x5.txt 0.19298245614035087 0.2 261.5 [2, 2, 2, 2, 2, 2, 2, 2, 2, 2, 2, 2, 2, 2, 2, 2, 2, 2, 2, 2, 2, 2, 2, 2, 2, 2, 2, 2, 2, 2, 2, 0, 0, 0, 0, 2, 2, 2, 0, 2, 0, 0, 2, 2, 0, 0, 0, 0, 0, 2, 0, 0, 0, 0, 0, 0, 0, 0, 0, 0, 0, 0, 0, 0, 0, 0, 0, 0, 0, 0, 0, 0, 0, 0, 0] 
dagF31.txt 4_1x5.txt 0.6973684210526315 0.9 86.25 [6, 6, 8, 0, 0, 6, 2, 2, 9, 6, 6, 4, 0, 9, 2, 8, 6, 8, 0, 6, 5, 8, 8, 0, 8, 0, 6, 2, 8, 8, 8, 6, 7, 2, 8, 4, 0, 5, 0, 8, 8, 7, 0, 8, 4, 2, 4, 3, 2, 2, 2, 8, 4, 4, 6, 4, 6, 3, 4, 1, 4, 1, 4, 2, 4, 6, 3, 1, 0, 0, 6, 2, 2, 2, 2] 
dagF31.txt 4_1x5.txt 0.5877192982456141 0.65 89.75 [2, 4, 2, 4, 2, 4, 4, 4, 7, 4, 2, 4, 2, 4, 4, 2, 2, 6, 9, 4, 5, 2, 6, 8, 2, 8, 4, 4, 2, 6, 2, 3, 8, 8, 8, 1, 1, 6, 7, 6, 6, 0, 2, 6, 0, 6, 4, 8, 6, 8, 8, 8, 4, 3, 4, 0, 8, 0, 8, 6, 2, 6, 0, 0, 6, 8, 0, 6, 0, 0, 8, 0, 8, 4, 0] 
dagF31.txt 4_1x5.txt 0.38596491228070173 0.4 132.0 [4, 4, 0, 4, 4, 4, 4, 4, 0, 4, 4, 0, 4, 4, 4, 4, 4, 0, 0, 4, 4, 0, 0, 0, 2, 4, 4, 0, 0, 0, 0, 2, 4, 2, 2, 0, 0, 2, 6, 0, 0, 2, 0, 0, 6, 2, 4, 6, 2, 0, 2, 2, 6, 6, 2, 2, 6, 6, 2, 6, 6, 2, 2, 0, 6, 6, 6, 2, 6, 6, 6, 6, 2, 2, 6] 
dagF31.txt 4_1x5.txt 0.5482456140350878 0.55 95.25 [0, 4, 0, 4, 0, 4, 4, 4, 1, 4, 0, 0, 4, 4, 4, 0, 0, 7, 1, 4, 4, 0, 6, 0, 0, 6, 4, 0, 6, 6, 0, 6, 8, 4, 8, 0, 6, 7, 6, 6, 6, 2, 0, 6, 2, 2, 8, 8, 2, 6, 8, 8, 2, 2, 8, 8, 8, 2, 8, 5, 2, 9, 6, 8, 5, 8, 2, 9, 2, 2, 8, 8, 8, 8, 8] 
dagF31.txt 4_1x5.txt 0.5921052631578947 0.6 92.0 [0, 0, 4, 0, 0, 0, 0, 0, 7, 0, 1, 0, 5, 8, 0, 0, 4, 4, 5, 0, 8, 0, 4, 8, 4, 4, 0, 0, 4, 4, 0, 1, 8, 7, 0, 8, 3, 8, 6, 4, 4, 2, 8, 4, 8, 8, 8, 2, 2, 4, 6, 6, 6, 3, 6, 6, 2, 2, 6, 2, 8, 9, 6, 8, 2, 2, 6, 6, 6, 2, 2, 2, 6, 6, 2] 
dagF31.txt 4_1x5.txt 0.24561403508771928 0.25 243.0 [2, 2, 2, 2, 2, 2, 2, 2, 2, 2, 2, 2, 2, 2, 2, 2, 2, 2, 2, 2, 0, 2, 4, 2, 2, 2, 2, 2, 2, 2, 2, 2, 0, 4, 2, 2, 0, 0, 0, 2, 4, 0, 2, 0, 0, 0, 0, 0, 0, 2, 0, 0, 0, 0, 2, 0, 0, 0, 0, 0, 0, 0, 0, 2, 0, 0, 4, 0, 4, 0, 0, 0, 0, 0, 0] 
dagF31.txt 4_1x5.txt 0.4824561403508772 0.5 104.5 [0, 0, 4, 0, 0, 0, 0, 0, 4, 0, 1, 0, 0, 8, 0, 0, 4, 4, 8, 0, 8, 0, 4, 8, 4, 4, 0, 0, 4, 4, 0, 1, 8, 6, 0, 8, 4, 8, 6, 4, 4, 2, 8, 4, 8, 8, 8, 2, 2, 4, 6, 6, 6, 2, 6, 6, 2, 2, 6, 2, 8, 6, 6, 8, 2, 2, 6, 6, 6, 2, 2, 2, 6, 6, 2] 
dagF31.txt 4_1x5.txt 0.32894736842105265 0.35 174.75 [0, 0, 0, 0, 0, 0, 0, 0, 0, 0, 0, 2, 0, 0, 0, 0, 0, 0, 2, 2, 4, 2, 0, 2, 0, 0, 2, 2, 0, 0, 2, 2, 2, 2, 2, 2, 0, 4, 4, 0, 0, 4, 2, 0, 4, 4, 4, 2, 4, 2, 2, 2, 4, 4, 2, 4, 2, 4, 2, 4, 4, 4, 4, 2, 4, 2, 4, 4, 4, 4, 2, 2, 2, 2, 2] 
dagF31.txt 4_1x5.txt 0.2982456140350877 0.3 185.75 [2, 2, 2, 2, 2, 2, 2, 2, 2, 2, 2, 0, 2, 2, 2, 2, 2, 2, 0, 2, 4, 2, 2, 0, 2, 2, 2, 0, 2, 2, 2, 0, 0, 0, 0, 0, 0, 4, 4, 2, 2, 0, 0, 4, 4, 4, 4, 0, 4, 0, 0, 0, 4, 4, 0, 4, 0, 4, 0, 4, 0, 4, 4, 0, 4, 0, 4, 4, 4, 4, 0, 0, 0, 0, 0] 
dagF31.txt 4_1x5.txt 0.4473684210526316 0.45 105.75 [2, 2, 4, 2, 2, 2, 2, 2, 4, 2, 2, 6, 2, 2, 2, 2, 2, 4, 6, 2, 1, 4, 4, 6, 6, 2, 2, 4, 4, 4, 4, 6, 6, 6, 8, 6, 4, 0, 8, 4, 4, 0, 6, 4, 0, 0, 0, 6, 0, 4, 8, 8, 8, 0, 6, 0, 6, 8, 6, 0, 4, 0, 8, 8, 0, 6, 8, 0, 8, 8, 6, 8, 8, 8, 8] 
dagF31.txt 4_1x5.txt 0.6491228070175439 1 89.25 [8, 4, 0, 4, 2, 4, 8, 4, 7, 4, 8, 8, 2, 4, 4, 8, 2, 0, 2, 4, 5, 8, 0, 8, 8, 6, 4, 8, 8, 2, 8, 3, 6, 9, 4, 8, 2, 5, 1, 2, 0, 3, 8, 0, 1, 0, 6, 6, 0, 8, 6, 7, 2, 6, 4, 6, 6, 6, 0, 0, 2, 2, 4, 0, 0, 6, 4, 2, 4, 6, 6, 0, 0, 6, 0] 
dagF31.txt 4_1x5.txt 0.6491228070175439 0.8 87.25 [8, 4, 4, 4, 1, 4, 4, 8, 8, 4, 8, 0, 8, 8, 4, 4, 1, 8, 0, 4, 4, 0, 2, 0, 8, 1, 4, 0, 6, 6, 0, 7, 3, 6, 8, 6, 2, 8, 4, 6, 2, 0, 0, 6, 5, 6, 3, 0, 0, 6, 6, 2, 2, 5, 9, 3, 7, 4, 2, 0, 2, 9, 2, 0, 6, 2, 2, 9, 2, 4, 7, 0, 6, 6, 2] 
dagF31.txt 4_1x5.txt 0.6447368421052632 0.7 88.5 [6, 2, 6, 2, 6, 2, 8, 2, 6, 8, 4, 3, 6, 2, 2, 6, 6, 2, 9, 2, 6, 8, 0, 8, 7, 2, 2, 8, 6, 8, 8, 1, 2, 6, 3, 3, 0, 9, 0, 0, 0, 0, 8, 0, 4, 7, 2, 8, 4, 1, 5, 4, 4, 4, 8, 2, 8, 5, 8, 8, 4, 4, 4, 8, 0, 8, 0, 4, 0, 6, 8, 0, 8, 5, 8] 
dagF31.txt 3_2x3.txt 0.08771929824561403 0.1 639.0 [2, 2, 2, 2, 2, 2, 2, 2, 2, 2, 2, 2, 2, 2, 2, 2, 2, 2, 0, 2, 2, 2, 2, 2, 2, 2, 2, 2, 2, 2, 2, 0, 2, 2, 2, 2, 2, 2, 2, 2, 0, 2, 2, 2, 2, 2, 2, 2, 2, 2, 2, 2, 2, 2, 2, 2, 2, 2, 2, 2, 2, 2, 2, 2, 2, 2, 0, 2, 0, 2, 2, 2, 2, 2, 2] 
dagF31.txt 3_2x3.txt 0.14473684210526316 0.15 494.3333333333333 [0, 0, 0, 0, 0, 0, 0, 0, 0, 0, 0, 0, 0, 0, 0, 0, 0, 0, 0, 0, 2, 0, 0, 0, 0, 0, 0, 0, 0, 0, 0, 0, 0, 0, 0, 0, 0, 2, 0, 0, 0, 2, 0, 0, 2, 2, 2, 0, 2, 0, 2, 0, 0, 2, 0, 2, 0, 0, 0, 2, 0, 2, 0, 2, 2, 0, 2, 2, 2, 0, 0, 2, 2, 2, 2] 
dagF31.txt 3_2x3.txt 0.5307017543859649 0.6 142.33333333333334 [0, 0, 4, 0, 0, 0, 0, 0, 4, 0, 0, 0, 0, 3, 0, 0, 4, 4, 5, 0, 5, 0, 4, 3, 4, 4, 0, 0, 4, 4, 0, 5, 3, 5, 0, 3, 4, 3, 5, 4, 4, 2, 3, 4, 5, 3, 3, 2, 2, 4, 1, 1, 1, 2, 1, 1, 2, 2, 1, 2, 3, 2, 1, 3, 2, 2, 1, 1, 1, 2, 2, 2, 1, 1, 2] 
dagF31.txt 3_2x3.txt 0.19298245614035087 0.2 348.6666666666667 [2, 2, 2, 2, 2, 2, 2, 2, 2, 2, 2, 2, 2, 2, 2, 2, 2, 2, 2, 2, 2, 2, 2, 2, 2, 2, 2, 2, 2, 2, 2, 0, 0, 0, 0, 2, 2, 2, 0, 2, 0, 0, 2, 2, 0, 0, 0, 0, 0, 2, 0, 0, 0, 0, 0, 0, 0, 0, 0, 0, 0, 0, 0, 0, 0, 0, 0, 0, 0, 0, 0, 0, 0, 0, 0] 
dagF31.txt 3_2x3.txt 0.5307017543859649 0.55 142.33333333333334 [0, 0, 4, 0, 0, 0, 0, 0, 4, 0, 0, 0, 0, 3, 0, 0, 4, 4, 5, 0, 5, 0, 4, 3, 4, 4, 0, 0, 4, 4, 0, 5, 3, 5, 0, 3, 4, 3, 5, 4, 4, 2, 3, 4, 5, 3, 3, 2, 2, 4, 1, 1, 1, 2, 1, 1, 2, 2, 1, 2, 3, 2, 1, 3, 2, 2, 1, 1, 1, 2, 2, 2, 1, 1, 2] 
dagF31.txt 3_2x3.txt 0.5657894736842105 0.65 140.5 [4, 2, 4, 3, 4, 2, 4, 2, 4, 2, 4, 2, 4, 3, 2, 2, 4, 2, 3, 2, 1, 2, 4, 2, 1, 3, 2, 2, 4, 3, 2, 5, 0, 5, 2, 2, 4, 1, 4, 3, 5, 1, 2, 4, 5, 1, 0, 0, 1, 3, 5, 0, 0, 0, 1, 0, 0, 0, 0, 3, 0, 1, 2, 2, 3, 0, 5, 1, 5, 0, 0, 0, 5, 5, 5] 
dagF31.txt 3_2x3.txt 0.5789473684210527 0.8 141.0 [2, 1, 2, 1, 2, 1, 1, 3, 0, 1, 2, 0, 0, 3, 1, 2, 2, 4, 5, 1, 0, 0, 4, 3, 0, 3, 1, 0, 2, 4, 0, 4, 3, 0, 3, 0, 0, 4, 5, 4, 1, 1, 3, 4, 5, 0, 3, 2, 4, 2, 3, 2, 5, 5, 0, 3, 2, 4, 3, 4, 5, 4, 5, 3, 4, 2, 1, 4, 1, 4, 2, 2, 2, 3, 2] 
dagF31.txt 3_2x3.txt 0.49122807017543857 0.5 147.0 [0, 0, 0, 0, 0, 0, 0, 3, 5, 0, 0, 0, 0, 3, 0, 0, 4, 2, 3, 0, 2, 0, 4, 3, 3, 2, 0, 0, 0, 2, 0, 3, 1, 3, 1, 3, 4, 2, 4, 2, 4, 5, 3, 2, 4, 1, 1, 4, 2, 2, 5, 1, 4, 4, 1, 1, 5, 4, 1, 2, 4, 2, 1, 1, 2, 5, 4, 2, 5, 4, 5, 1, 5, 5, 5] 
dagF31.txt 3_2x3.txt 0.5964912280701754 0.7 141.0 [3, 4, 3, 0, 1, 0, 0, 1, 2, 4, 3, 3, 0, 1, 0, 3, 1, 0, 4, 0, 0, 3, 4, 0, 1, 1, 0, 3, 3, 1, 3, 2, 0, 4, 4, 3, 4, 0, 2, 1, 4, 5, 0, 4, 4, 0, 5, 2, 5, 2, 5, 0, 2, 4, 3, 5, 2, 5, 0, 5, 4, 1, 2, 5, 4, 2, 2, 1, 2, 5, 2, 2, 5, 5, 5] 
dagF31.txt 3_2x3.txt 0.2982456140350877 0.3 247.66666666666666 [2, 2, 2, 2, 2, 2, 2, 2, 2, 2, 2, 0, 2, 2, 2, 2, 2, 2, 0, 2, 4, 2, 2, 0, 2, 2, 2, 0, 2, 2, 2, 0, 0, 0, 0, 0, 0, 4, 4, 2, 2, 0, 0, 4, 4, 4, 4, 0, 4, 0, 0, 0, 4, 4, 0, 4, 0, 4, 0, 4, 0, 4, 4, 0, 4, 0, 4, 4, 4, 4, 0, 0, 0, 0, 0] 
dagF31.txt 3_2x3.txt 0.2412280701754386 0.25 331.0 [0, 0, 0, 0, 0, 0, 0, 0, 0, 0, 0, 0, 0, 0, 0, 0, 0, 0, 4, 0, 4, 0, 0, 0, 0, 0, 0, 0, 0, 0, 0, 2, 0, 2, 2, 0, 0, 0, 2, 0, 0, 2, 0, 0, 2, 2, 4, 2, 2, 0, 2, 2, 2, 2, 2, 4, 2, 2, 2, 2, 2, 2, 2, 2, 2, 2, 2, 2, 2, 2, 2, 2, 2, 2, 2] 
dagF31.txt 3_2x3.txt 0.3333333333333333 0.35 233.66666666666666 [0, 0, 0, 0, 0, 0, 0, 0, 0, 0, 0, 2, 0, 4, 0, 0, 0, 0, 2, 0, 4, 0, 0, 2, 0, 0, 0, 0, 0, 0, 2, 2, 2, 2, 2, 2, 2, 4, 4, 0, 0, 4, 2, 0, 2, 4, 4, 2, 4, 2, 4, 2, 4, 4, 4, 4, 2, 4, 2, 4, 2, 4, 4, 2, 4, 2, 4, 4, 4, 4, 2, 2, 2, 4, 2] 
dagF31.txt 3_2x3.txt 0.3991228070175439 0.4 201.66666666666666 [0, 0, 0, 0, 0, 0, 0, 0, 2, 0, 0, 4, 0, 0, 0, 0, 0, 0, 4, 0, 2, 4, 4, 4, 0, 0, 0, 4, 4, 4, 4, 4, 0, 1, 1, 4, 4, 0, 4, 4, 4, 2, 4, 4, 2, 0, 1, 2, 2, 4, 1, 1, 2, 2, 4, 1, 2, 2, 1, 2, 2, 1, 1, 4, 2, 2, 4, 1, 2, 2, 2, 2, 1, 1, 2] 
dagF31.txt 3_2x3.txt 0.4473684210526316 0.45 154.0 [0, 0, 0, 0, 0, 0, 0, 0, 5, 0, 0, 5, 0, 5, 0, 0, 0, 1, 5, 0, 3, 5, 1, 5, 0, 1, 0, 5, 0, 1, 5, 3, 2, 2, 2, 5, 1, 3, 4, 1, 1, 3, 5, 1, 4, 3, 4, 2, 3, 1, 2, 2, 4, 4, 3, 4, 2, 2, 2, 1, 4, 3, 4, 5, 1, 2, 4, 3, 4, 2, 2, 2, 2, 2, 2] 
dagF31.txt 3_2x3.txt 0.5526315789473685 1 141.5 [2, 1, 2, 1, 2, 2, 2, 1, 3, 1, 2, 1, 2, 1, 2, 2, 2, 4, 3, 2, 3, 2, 4, 1, 3, 1, 2, 1, 2, 4, 4, 0, 0, 3, 0, 1, 0, 5, 4, 4, 4, 0, 2, 4, 4, 2, 3, 0, 2, 1, 3, 5, 4, 4, 0, 0, 0, 0, 4, 5, 0, 5, 4, 5, 4, 0, 4, 5, 5, 0, 0, 5, 5, 3, 5] 
dagF31.txt 5_4_3_2x5.txt 0.08771929824561403 0.1 378.4 [12, 12, 12, 12, 12, 12, 12, 12, 12, 12, 12, 12, 12, 12, 12, 12, 12, 12, 12, 12, 12, 12, 12, 12, 12, 12, 12, 12, 12, 12, 12, 12, 12, 12, 12, 12, 12, 12, 12, 12, 4, 12, 12, 12, 12, 12, 12, 12, 12, 12, 0, 12, 12, 8, 12, 12, 12, 12, 12, 12, 12, 12, 12, 12, 8, 12, 4, 12, 4, 12, 12, 12, 0, 0, 12] 
dagF31.txt 5_4_3_2x5.txt 0.14473684210526316 0.15 296.6 [0, 0, 0, 0, 0, 0, 0, 0, 0, 0, 0, 0, 0, 0, 0, 0, 0, 0, 0, 0, 4, 0, 0, 0, 0, 0, 0, 0, 0, 0, 0, 0, 0, 0, 0, 0, 0, 4, 0, 0, 0, 4, 0, 0, 4, 4, 4, 0, 4, 0, 4, 0, 0, 4, 0, 4, 0, 0, 0, 4, 0, 4, 0, 4, 4, 0, 4, 4, 4, 0, 0, 4, 4, 4, 4] 
dagF31.txt 3_2x3.txt 0.5964912280701754 0.9 142.0 [4, 1, 3, 4, 3, 1, 4, 4, 3, 1, 4, 4, 4, 4, 1, 3, 3, 2, 1, 1, 1, 3, 0, 4, 3, 2, 1, 4, 3, 2, 4, 5, 2, 0, 0, 4, 0, 1, 3, 2, 0, 4, 3, 0, 5, 1, 2, 2, 4, 0, 2, 0, 5, 5, 4, 2, 2, 5, 2, 0, 5, 0, 2, 3, 5, 2, 2, 0, 0, 5, 2, 0, 0, 2, 0] 
dagF31.txt 5_4_3_2x5.txt 0.19298245614035087 0.2 209.2 [4, 4, 4, 4, 4, 4, 4, 4, 4, 4, 4, 4, 4, 4, 4, 4, 4, 4, 4, 4, 4, 4, 4, 4, 4, 4, 4, 4, 4, 4, 4, 0, 0, 0, 0, 4, 4, 4, 0, 4, 0, 0, 4, 4, 0, 0, 0, 0, 0, 4, 0, 0, 0, 0, 0, 0, 0, 0, 0, 0, 0, 0, 0, 0, 0, 0, 0, 0, 0, 0, 0, 0, 0, 0, 0] 
dagF31.txt 5_4_3_2x5.txt 0.7675438596491229 0.9 34.2 [8, 0, 9, 0, 9, 2, 8, 0, 9, 2, 8, 4, 8, 17, 0, 0, 9, 13, 19, 2, 16, 4, 16, 14, 0, 13, 2, 4, 16, 13, 4, 15, 0, 18, 18, 14, 16, 14, 12, 3, 16, 11, 4, 16, 5, 17, 4, 1, 17, 13, 18, 8, 12, 5, 6, 4, 1, 11, 4, 10, 5, 7, 6, 10, 10, 1, 12, 17, 12, 12, 1, 6, 1, 18, 1] 
dagF31.txt 5_4_3_2x5.txt 0.5 0.5 67.0 [16, 0, 16, 0, 16, 0, 16, 0, 16, 0, 16, 8, 16, 0, 0, 16, 16, 12, 8, 0, 0, 12, 12, 8, 16, 0, 0, 8, 12, 12, 12, 5, 0, 4, 4, 8, 8, 12, 1, 12, 12, 5, 8, 12, 8, 5, 0, 4, 5, 8, 4, 4, 1, 1, 5, 12, 4, 1, 4, 5, 8, 5, 1, 4, 12, 4, 1, 5, 1, 1, 4, 4, 4, 4, 4] 
dagF31.txt 5_4_3_2x5.txt 0.6491228070175439 0.65 40.8 [12, 0, 12, 0, 1, 2, 2, 6, 1, 2, 12, 6, 0, 6, 0, 12, 1, 13, 8, 0, 13, 12, 17, 14, 1, 0, 0, 8, 12, 8, 8, 14, 0, 5, 2, 14, 17, 13, 8, 16, 17, 17, 1, 17, 9, 18, 13, 4, 18, 8, 16, 5, 9, 9, 14, 16, 4, 18, 5, 8, 9, 10, 5, 4, 16, 4, 10, 10, 10, 18, 4, 4, 16, 16, 4] 
dagF31.txt 5_4_3_2x5.txt 0.7280701754385965 0.8 33.666666666666664 [14, 17, 13, 8, 2, 8, 7, 8, 13, 17, 13, 0, 7, 8, 8, 2, 14, 9, 15, 8, 2, 0, 17, 0, 14, 2, 8, 0, 0, 9, 0, 19, 4, 4, 1, 12, 11, 9, 16, 17, 11, 5, 0, 9, 6, 5, 4, 16, 5, 16, 4, 1, 6, 10, 10, 4, 12, 16, 4, 5, 6, 1, 10, 18, 12, 12, 3, 1, 3, 16, 12, 18, 18, 15, 18] 
dagF31.txt 5_4_3_2x5.txt 0.543859649122807 0.55 56.75 [1, 0, 1, 0, 1, 0, 0, 13, 1, 0, 0, 8, 1, 8, 0, 1, 1, 13, 8, 0, 13, 8, 5, 8, 1, 0, 0, 8, 5, 5, 8, 16, 0, 12, 13, 8, 5, 13, 4, 5, 5, 9, 8, 5, 4, 13, 13, 16, 9, 5, 12, 12, 4, 4, 12, 12, 16, 9, 12, 9, 4, 9, 12, 8, 16, 16, 4, 9, 4, 9, 16, 16, 12, 12, 16] 
dagF31.txt 5_4_3_2x5.txt 0.34649122807017546 0.35 139.4 [0, 0, 0, 0, 0, 0, 0, 0, 12, 0, 0, 0, 0, 0, 0, 0, 0, 0, 4, 0, 0, 8, 8, 4, 0, 4, 0, 0, 8, 8, 4, 4, 4, 4, 0, 4, 8, 0, 8, 8, 8, 8, 4, 8, 8, 0, 4, 4, 8, 8, 4, 4, 8, 8, 4, 4, 4, 8, 4, 8, 8, 8, 4, 4, 8, 4, 8, 8, 4, 8, 4, 4, 4, 4, 4] 
dagF31.txt 5_4_3_2x5.txt 0.2982456140350877 0.3 148.6 [4, 4, 4, 4, 4, 4, 4, 4, 4, 4, 4, 0, 4, 4, 4, 4, 4, 4, 0, 4, 8, 4, 4, 0, 4, 4, 4, 0, 4, 4, 4, 0, 0, 0, 0, 0, 0, 8, 8, 4, 4, 0, 0, 8, 8, 8, 8, 0, 8, 0, 0, 0, 8, 8, 0, 8, 0, 8, 0, 8, 0, 8, 8, 0, 8, 0, 8, 8, 8, 8, 0, 0, 0, 0, 0] 
dagF31.txt 5_4_3_2x5.txt 0.4473684210526316 0.45 84.6 [4, 4, 8, 4, 4, 4, 4, 4, 8, 4, 4, 12, 4, 4, 4, 4, 4, 8, 12, 4, 1, 8, 8, 12, 12, 4, 4, 8, 8, 8, 8, 12, 12, 12, 16, 12, 8, 0, 16, 8, 8, 0, 12, 8, 0, 0, 0, 12, 0, 8, 16, 16, 16, 0, 12, 0, 12, 16, 12, 0, 8, 0, 16, 16, 0, 12, 16, 0, 16, 16, 12, 16, 16, 16, 16] 
dagF31.txt 5_4_3_2x5.txt 0.5964912280701754 0.6 45.333333333333336 [12, 5, 12, 4, 12, 4, 4, 9, 12, 5, 4, 2, 4, 9, 4, 12, 12, 16, 9, 4, 10, 2, 5, 9, 12, 16, 4, 2, 2, 16, 16, 8, 9, 0, 5, 2, 5, 10, 1, 16, 5, 13, 9, 5, 17, 13, 10, 8, 13, 16, 0, 0, 17, 17, 8, 0, 8, 1, 0, 6, 17, 13, 0, 6, 6, 8, 1, 13, 1, 1, 8, 6, 8, 0, 8] 
dagF31.txt 5_4_3_2x5.txt 0.2412280701754386 0.25 198.6 [0, 0, 0, 0, 0, 0, 0, 0, 0, 0, 0, 0, 0, 0, 0, 0, 0, 0, 8, 0, 8, 0, 0, 0, 0, 0, 0, 0, 0, 0, 0, 4, 0, 4, 4, 0, 0, 0, 4, 0, 0, 4, 0, 0, 4, 4, 8, 4, 4, 0, 4, 4, 4, 4, 4, 8, 4, 4, 4, 4, 4, 4, 4, 4, 4, 4, 4, 4, 4, 4, 4, 4, 4, 4, 4] 
dagF31.txt 5_4_3_2x5.txt 0.7807017543859649 1 33.4 [4, 0, 8, 4, 4, 0, 2, 2, 15, 2, 8, 12, 4, 12, 2, 4, 8, 16, 10, 2, 18, 13, 16, 12, 8, 4, 4, 13, 16, 13, 13, 10, 8, 14, 0, 12, 14, 1, 3, 16, 16, 9, 12, 13, 7, 9, 0, 6, 9, 16, 5, 12, 1, 1, 6, 0, 5, 17, 0, 9, 19, 18, 11, 6, 1, 5, 17, 9, 17, 17, 5, 6, 5, 5, 5] 
dagF31.txt 5_4_3_2x5.txt 0.38596491228070173 0.4 105.6 [8, 8, 0, 8, 8, 8, 8, 8, 0, 8, 8, 0, 8, 8, 8, 8, 8, 0, 0, 8, 8, 0, 0, 0, 4, 8, 8, 0, 0, 0, 0, 4, 8, 4, 4, 0, 0, 4, 12, 0, 0, 4, 0, 0, 12, 4, 8, 12, 4, 0, 4, 4, 12, 12, 4, 4, 12, 12, 4, 12, 12, 4, 4, 0, 12, 12, 12, 4, 12, 12, 12, 12, 4, 4, 12] 
dagF31.txt 4_1x1.txt 0.09649122807017543 0.1 486.5 [0, 0, 0, 0, 0, 0, 0, 0, 0, 0, 0, 0, 0, 0, 0, 0, 0, 0, 1, 0, 0, 0, 0, 0, 0, 0, 0, 0, 0, 0, 0, 1, 0, 1, 0, 0, 0, 0, 0, 0, 0, 0, 0, 0, 0, 0, 0, 0, 0, 0, 0, 0, 0, 0, 0, 0, 0, 0, 0, 0, 0, 0, 0, 0, 0, 0, 0, 0, 0, 0, 0, 0, 0, 0, 0] 
dagF31.txt 5_4_3_2x5.txt 0.6973684210526315 0.7 34.8 [8, 9, 8, 2, 12, 9, 18, 17, 12, 9, 8, 14, 18, 17, 9, 8, 12, 5, 7, 9, 19, 8, 16, 17, 12, 2, 9, 14, 8, 5, 18, 2, 17, 4, 4, 14, 16, 5, 12, 5, 16, 6, 7, 16, 10, 6, 1, 13, 6, 16, 4, 4, 0, 1, 0, 1, 13, 11, 4, 3, 10, 15, 0, 3, 1, 13, 0, 15, 0, 11, 13, 16, 13, 4, 13] 
dagF31.txt 4_1x1.txt 0.12280701754385964 0.15 421.25 [0, 0, 0, 0, 0, 0, 0, 0, 0, 0, 0, 0, 0, 0, 0, 0, 0, 0, 0, 0, 0, 0, 0, 0, 0, 0, 0, 0, 0, 0, 0, 0, 0, 0, 0, 0, 0, 0, 1, 0, 0, 0, 0, 0, 1, 0, 1, 0, 0, 0, 1, 0, 1, 1, 0, 1, 0, 0, 0, 0, 1, 0, 0, 0, 1, 0, 1, 0, 1, 0, 0, 0, 1, 1, 1] 
dagF31.txt 4_1x1.txt 0.19736842105263158 0.3 418.25 [0, 0, 0, 0, 0, 0, 0, 0, 0, 0, 0, 0, 0, 0, 0, 0, 0, 0, 1, 0, 1, 0, 0, 0, 0, 0, 0, 0, 0, 0, 0, 1, 0, 1, 0, 0, 1, 1, 0, 0, 0, 0, 0, 0, 1, 0, 0, 0, 0, 0, 0, 0, 0, 0, 1, 0, 0, 0, 0, 0, 1, 0, 1, 0, 0, 0, 0, 0, 0, 0, 0, 0, 0, 0, 0] 
dagF31.txt 4_1x1.txt 0.17982456140350878 0.2 419.0 [0, 0, 0, 0, 0, 0, 0, 0, 1, 0, 0, 0, 0, 0, 0, 0, 0, 0, 1, 0, 0, 0, 0, 0, 0, 0, 0, 0, 0, 0, 0, 1, 0, 1, 0, 0, 1, 0, 0, 0, 0, 0, 0, 0, 0, 0, 0, 0, 0, 0, 1, 0, 0, 0, 0, 0, 0, 0, 0, 0, 0, 0, 0, 1, 0, 0, 1, 0, 1, 0, 0, 1, 1, 1, 1] 
dagF31.txt 4_1x1.txt 0.17982456140350878 0.6 418.0 [0, 0, 0, 0, 0, 0, 0, 0, 0, 0, 0, 0, 0, 0, 0, 0, 0, 0, 1, 0, 0, 0, 0, 0, 0, 0, 0, 0, 0, 0, 0, 1, 0, 1, 0, 0, 1, 0, 0, 0, 0, 1, 0, 0, 0, 1, 0, 0, 1, 0, 0, 0, 0, 0, 1, 0, 0, 1, 0, 0, 0, 1, 0, 0, 0, 0, 0, 1, 0, 1, 0, 0, 0, 0, 0] 
dagF31.txt 4_1x1.txt 0.17543859649122806 0.65 418.0 [0, 0, 0, 0, 0, 0, 0, 1, 0, 0, 0, 1, 0, 1, 0, 0, 0, 1, 1, 0, 0, 0, 0, 1, 0, 0, 0, 0, 0, 0, 0, 1, 0, 1, 0, 1, 0, 0, 0, 0, 0, 0, 0, 0, 0, 0, 0, 0, 0, 0, 1, 0, 0, 0, 1, 0, 0, 1, 0, 0, 0, 0, 0, 0, 0, 0, 0, 0, 0, 1, 0, 0, 0, 1, 0] 
dagF31.txt 4_1x1.txt 0.20614035087719298 0.55 418.0 [0, 0, 0, 0, 0, 0, 0, 0, 1, 0, 0, 0, 0, 0, 0, 0, 0, 0, 1, 0, 1, 0, 0, 0, 0, 0, 0, 0, 0, 0, 0, 1, 0, 1, 1, 0, 1, 0, 0, 0, 0, 0, 0, 0, 0, 0, 0, 0, 0, 0, 0, 0, 1, 0, 0, 0, 0, 0, 0, 0, 1, 1, 0, 0, 0, 0, 0, 1, 0, 0, 0, 0, 0, 0, 0] 
dagF31.txt 4_1x1.txt 0.17543859649122806 0.5 418.25 [1, 0, 1, 0, 1, 0, 1, 0, 1, 0, 1, 0, 1, 0, 0, 0, 1, 0, 1, 0, 0, 0, 0, 0, 0, 0, 0, 0, 0, 0, 0, 0, 0, 0, 0, 0, 0, 0, 0, 0, 0, 1, 0, 0, 1, 0, 0, 0, 0, 0, 0, 0, 0, 1, 0, 0, 0, 0, 0, 0, 0, 0, 0, 0, 0, 0, 0, 0, 0, 0, 0, 0, 0, 0, 0] 
dagF31.txt 4_1x1.txt 0.20614035087719298 0.7 418.0 [0, 0, 0, 0, 0, 0, 0, 0, 1, 0, 0, 0, 1, 0, 0, 0, 0, 0, 1, 0, 1, 0, 0, 0, 0, 0, 0, 0, 0, 0, 0, 1, 0, 1, 1, 0, 1, 0, 0, 0, 1, 0, 0, 0, 0, 0, 0, 0, 0, 0, 0, 0, 0, 0, 0, 0, 0, 0, 0, 0, 0, 0, 0, 0, 0, 0, 1, 0, 1, 0, 0, 0, 0, 0, 0] 
dagF31.txt 4_1x1.txt 0.16666666666666666 0.35 418.0 [0, 0, 0, 0, 0, 0, 0, 0, 0, 0, 0, 0, 0, 0, 0, 0, 0, 0, 1, 0, 1, 1, 0, 0, 0, 0, 0, 0, 0, 0, 0, 0, 0, 0, 0, 0, 0, 1, 0, 0, 0, 0, 0, 0, 1, 1, 1, 0, 0, 0, 1, 0, 0, 1, 0, 1, 0, 0, 0, 0, 0, 0, 0, 0, 0, 0, 0, 0, 1, 0, 0, 0, 1, 1, 1] 
dagF31.txt 4_1x1.txt 0.17982456140350878 0.4 418.5 [0, 0, 0, 0, 0, 0, 0, 0, 0, 0, 0, 0, 0, 0, 0, 0, 0, 0, 1, 0, 0, 0, 0, 0, 0, 0, 0, 0, 0, 0, 0, 1, 0, 1, 1, 0, 0, 0, 0, 0, 0, 0, 0, 0, 0, 0, 1, 0, 0, 0, 1, 1, 0, 0, 0, 1, 0, 0, 1, 0, 0, 1, 1, 0, 0, 0, 0, 1, 0, 0, 0, 0, 1, 1, 0] 
dagF31.txt 4_1x1.txt 0.16228070175438597 0.25 418.75 [0, 0, 0, 1, 0, 0, 0, 0, 0, 0, 0, 1, 0, 0, 0, 0, 0, 0, 0, 0, 1, 0, 0, 0, 0, 0, 0, 0, 0, 0, 0, 0, 0, 1, 0, 0, 0, 1, 0, 0, 1, 0, 0, 0, 1, 0, 0, 0, 0, 0, 1, 0, 0, 0, 0, 0, 0, 0, 0, 0, 1, 0, 0, 1, 0, 0, 1, 0, 1, 0, 0, 1, 0, 1, 0] 
dagF31.txt 4_1x1.txt 0.12719298245614036 0.8 418.5 [0, 0, 0, 0, 0, 0, 0, 0, 0, 0, 0, 0, 0, 0, 0, 0, 0, 0, 0, 0, 0, 0, 0, 0, 0, 0, 0, 0, 0, 0, 0, 0, 0, 0, 0, 0, 0, 1, 1, 0, 0, 0, 0, 0, 1, 0, 0, 0, 0, 0, 0, 0, 0, 0, 0, 0, 0, 1, 0, 0, 1, 1, 0, 1, 0, 0, 1, 1, 1, 1, 0, 1, 0, 0, 1] 
dagF31.txt 4_1x1.txt 0.19298245614035087 0.45 418.0 [0, 0, 0, 0, 0, 0, 0, 0, 0, 0, 0, 0, 0, 0, 0, 0, 0, 0, 1, 0, 0, 0, 0, 0, 0, 0, 0, 0, 0, 0, 0, 1, 0, 1, 0, 0, 0, 0, 0, 0, 1, 0, 0, 0, 0, 0, 0, 0, 0, 0, 1, 0, 1, 0, 0, 0, 0, 0, 0, 0, 1, 0, 0, 1, 0, 1, 1, 0, 1, 0, 0, 1, 1, 1, 1] 
dagF31.txt 4_1x1.txt 0.18421052631578946 1 418.25 [0, 0, 0, 0, 0, 0, 0, 0, 0, 0, 0, 0, 0, 0, 0, 0, 0, 0, 0, 0, 0, 0, 0, 0, 0, 0, 0, 0, 0, 0, 0, 0, 0, 0, 0, 0, 0, 0, 0, 0, 0, 0, 0, 0, 0, 1, 0, 0, 0, 0, 1, 0, 1, 0, 0, 1, 1, 1, 0, 0, 1, 1, 1, 0, 1, 1, 0, 1, 0, 1, 1, 0, 0, 1, 1] 
dagF31.txt 5_4_3_2x3.txt 0.08771929824561403 0.1 378.4 [0, 0, 0, 0, 0, 0, 0, 0, 0, 0, 0, 0, 0, 0, 0, 0, 0, 0, 0, 0, 0, 0, 0, 0, 0, 0, 0, 0, 0, 0, 0, 0, 0, 0, 0, 0, 0, 0, 0, 0, 4, 0, 0, 0, 0, 0, 0, 0, 0, 0, 1, 0, 0, 8, 0, 0, 0, 0, 0, 0, 0, 0, 0, 0, 8, 0, 4, 0, 4, 0, 0, 0, 1, 1, 0] 
dagF31.txt 5_4_3_2x3.txt 0.14473684210526316 0.15 296.6 [0, 0, 0, 0, 0, 0, 0, 0, 0, 0, 0, 0, 0, 0, 0, 0, 0, 0, 0, 0, 4, 0, 0, 0, 0, 0, 0, 0, 0, 0, 0, 0, 0, 0, 0, 0, 0, 4, 0, 0, 0, 4, 0, 0, 4, 4, 4, 0, 4, 0, 4, 0, 0, 4, 0, 4, 0, 0, 0, 4, 0, 4, 0, 4, 4, 0, 4, 4, 4, 0, 0, 4, 4, 4, 4] 
dagF31.txt 4_1x1.txt 0.24561403508771928 0.9 418.0 [0, 0, 1, 1, 1, 0, 0, 1, 1, 0, 0, 0, 0, 1, 0, 1, 0, 1, 0, 0, 0, 0, 0, 0, 1, 1, 0, 0, 0, 1, 0, 0, 0, 0, 0, 0, 0, 1, 0, 1, 0, 0, 0, 1, 0, 0, 0, 0, 0, 0, 0, 0, 0, 1, 0, 0, 0, 0, 0, 0, 0, 0, 0, 0, 0, 0, 0, 1, 0, 0, 0, 0, 0, 0, 0] 
dagF31.txt 5_4_3_2x3.txt 0.19298245614035087 0.2 209.2 [4, 4, 4, 4, 4, 4, 4, 4, 4, 4, 4, 4, 4, 4, 4, 4, 4, 4, 4, 4, 4, 4, 4, 4, 4, 4, 4, 4, 4, 4, 4, 0, 0, 0, 0, 4, 4, 4, 0, 4, 0, 0, 4, 4, 0, 0, 0, 0, 0, 4, 0, 0, 0, 0, 0, 0, 0, 0, 0, 0, 0, 0, 0, 0, 0, 0, 0, 0, 0, 0, 0, 0, 0, 0, 0] 
dagF31.txt 5_4_3_2x3.txt 0.6447368421052632 0.65 53.5 [8, 8, 8, 2, 2, 8, 9, 4, 4, 8, 9, 5, 9, 4, 9, 2, 2, 10, 5, 9, 8, 5, 8, 5, 2, 2, 9, 5, 8, 10, 5, 1, 6, 0, 8, 5, 9, 10, 0, 10, 8, 1, 5, 10, 4, 11, 6, 3, 1, 4, 0, 0, 0, 1, 0, 6, 3, 6, 0, 1, 4, 11, 0, 7, 1, 3, 7, 11, 7, 6, 3, 4, 0, 0, 7] 
dagF31.txt 5_4_3_2x3.txt 0.5482456140350878 0.55 63.0 [8, 8, 0, 0, 0, 8, 8, 0, 0, 8, 8, 2, 8, 0, 8, 0, 0, 10, 0, 8, 10, 2, 5, 2, 0, 0, 8, 2, 5, 5, 2, 7, 1, 1, 1, 2, 5, 10, 6, 5, 5, 9, 2, 5, 6, 9, 1, 4, 9, 5, 4, 1, 6, 6, 7, 1, 4, 9, 1, 4, 6, 9, 1, 4, 4, 4, 3, 9, 3, 9, 4, 4, 4, 4, 4] 
dagF31.txt 5_4_3_2x3.txt 0.5964912280701754 0.6 58.5 [5, 1, 5, 1, 9, 9, 9, 1, 5, 1, 5, 2, 9, 1, 9, 5, 9, 1, 3, 9, 4, 5, 1, 2, 5, 9, 9, 2, 5, 8, 8, 3, 4, 2, 1, 2, 8, 10, 0, 1, 10, 10, 2, 6, 0, 4, 4, 0, 6, 8, 4, 4, 0, 0, 6, 4, 8, 0, 4, 8, 0, 6, 6, 2, 8, 8, 10, 6, 10, 0, 8, 8, 4, 4, 8] 
dagF31.txt 5_4_3_2x3.txt 0.6754385964912281 0.8 53.2 [4, 10, 4, 1, 4, 1, 1, 4, 1, 10, 6, 6, 1, 4, 1, 4, 11, 4, 2, 1, 3, 6, 10, 8, 11, 0, 1, 6, 4, 4, 6, 9, 8, 5, 10, 2, 10, 0, 8, 4, 10, 9, 6, 0, 5, 11, 7, 0, 0, 9, 7, 8, 5, 5, 7, 7, 0, 8, 8, 5, 9, 3, 0, 6, 5, 9, 2, 0, 2, 8, 9, 8, 0, 7, 8] 
dagF31.txt 5_4_3_2x3.txt 0.3991228070175439 0.4 114.4 [8, 8, 0, 8, 8, 8, 8, 8, 0, 8, 8, 0, 8, 8, 8, 8, 8, 0, 0, 8, 8, 0, 0, 0, 4, 8, 8, 0, 0, 0, 0, 4, 8, 4, 4, 0, 0, 4, 0, 0, 0, 4, 0, 0, 4, 4, 8, 1, 4, 0, 4, 4, 1, 1, 4, 4, 1, 1, 4, 1, 1, 4, 4, 0, 1, 1, 1, 4, 1, 1, 1, 1, 4, 4, 1] 
dagF31.txt 5_4_3_2x3.txt 0.49122807017543857 0.5 77.4 [4, 4, 2, 4, 2, 4, 4, 4, 2, 4, 4, 1, 4, 4, 4, 4, 2, 0, 1, 4, 9, 1, 0, 1, 2, 0, 4, 1, 2, 0, 1, 1, 8, 8, 4, 1, 0, 0, 5, 0, 0, 6, 1, 0, 9, 6, 9, 8, 6, 0, 8, 8, 5, 9, 1, 9, 8, 5, 8, 0, 0, 6, 5, 1, 0, 8, 5, 6, 5, 5, 8, 8, 8, 8, 8] 
dagF31.txt 5_4_3_2x3.txt 0.2982456140350877 0.3 156.0 [0, 0, 0, 0, 0, 0, 0, 0, 0, 0, 0, 4, 0, 4, 0, 0, 0, 0, 4, 0, 8, 0, 0, 4, 0, 0, 0, 0, 0, 0, 0, 4, 4, 4, 4, 4, 0, 8, 8, 0, 0, 8, 4, 8, 8, 8, 8, 4, 8, 0, 4, 4, 8, 8, 4, 8, 4, 8, 4, 8, 8, 8, 8, 4, 8, 4, 4, 8, 4, 8, 4, 4, 4, 4, 4] 
dagF31.txt 5_4_3_2x3.txt 0.24561403508771928 0.25 194.4 [4, 4, 4, 4, 4, 4, 4, 4, 4, 4, 4, 4, 4, 4, 4, 4, 4, 4, 4, 4, 0, 4, 8, 4, 4, 4, 4, 4, 4, 4, 4, 4, 0, 8, 4, 4, 0, 0, 0, 4, 8, 0, 4, 0, 0, 0, 0, 0, 0, 4, 0, 0, 0, 0, 4, 0, 0, 0, 0, 0, 0, 0, 0, 4, 0, 0, 8, 0, 8, 0, 0, 0, 0, 0, 0] 
dagF31.txt 5_4_3_2x3.txt 0.32894736842105265 0.35 139.8 [4, 8, 4, 4, 4, 4, 4, 4, 4, 8, 4, 4, 4, 4, 4, 4, 4, 0, 4, 4, 4, 4, 8, 0, 4, 0, 4, 4, 4, 0, 0, 0, 0, 0, 8, 4, 8, 8, 8, 0, 8, 8, 0, 8, 8, 4, 0, 0, 8, 0, 0, 0, 8, 8, 0, 0, 0, 8, 0, 0, 8, 8, 8, 0, 0, 0, 8, 8, 8, 8, 0, 0, 0, 8, 0] 
dagF31.txt 5_4_3_2x3.txt 0.4473684210526316 0.45 87.4 [0, 0, 0, 0, 0, 0, 0, 0, 9, 0, 0, 9, 0, 9, 0, 0, 0, 1, 9, 0, 5, 9, 1, 9, 0, 1, 0, 9, 0, 1, 9, 5, 4, 4, 4, 9, 1, 5, 8, 1, 1, 5, 9, 1, 8, 5, 8, 4, 5, 1, 4, 4, 8, 8, 5, 8, 4, 4, 4, 1, 8, 5, 8, 9, 1, 4, 8, 5, 8, 4, 4, 4, 4, 4, 4] 
dagF31.txt 5_4_3_2x3.txt 0.6842105263157895 1 53.25 [1, 1, 1, 7, 4, 4, 5, 7, 1, 1, 1, 10, 5, 7, 4, 4, 4, 4, 10, 4, 3, 1, 2, 9, 4, 5, 4, 10, 2, 5, 5, 11, 8, 6, 8, 10, 2, 4, 0, 5, 2, 9, 10, 2, 8, 9, 8, 0, 9, 2, 6, 8, 11, 8, 9, 8, 0, 0, 8, 3, 11, 5, 9, 10, 3, 0, 0, 8, 9, 0, 0, 6, 6, 6, 6] 
dagF31.txt 5_4_3_2x3.txt 0.6710526315789473 0.7 52.75 [5, 0, 0, 11, 2, 3, 5, 0, 4, 3, 5, 5, 5, 11, 3, 0, 2, 0, 11, 3, 0, 2, 6, 7, 0, 8, 3, 5, 2, 1, 2, 8, 7, 1, 7, 5, 6, 0, 4, 1, 6, 9, 2, 1, 10, 0, 4, 8, 8, 9, 1, 8, 10, 10, 4, 4, 8, 4, 1, 9, 10, 8, 4, 9, 1, 9, 6, 8, 6, 4, 9, 9, 1, 1, 9] 
dagF31.txt 4_1x4.txt 0.08771929824561403 0.1 473.0 [6, 6, 6, 6, 6, 6, 6, 6, 6, 6, 6, 6, 6, 6, 6, 6, 6, 6, 6, 6, 6, 6, 6, 6, 6, 6, 6, 6, 6, 6, 6, 6, 6, 6, 6, 6, 6, 6, 6, 6, 0, 6, 6, 6, 6, 6, 6, 6, 6, 6, 4, 6, 6, 2, 6, 6, 6, 6, 6, 6, 6, 6, 6, 6, 2, 6, 0, 6, 0, 6, 6, 6, 4, 4, 6] 
dagF31.txt 5_4_3_2x3.txt 0.6491228070175439 0.9 53.0 [4, 8, 4, 8, 4, 8, 8, 8, 11, 8, 4, 9, 4, 8, 8, 4, 4, 0, 3, 8, 9, 9, 1, 9, 0, 4, 8, 9, 1, 1, 9, 7, 0, 3, 0, 9, 1, 0, 7, 1, 1, 5, 9, 1, 8, 5, 6, 10, 5, 1, 10, 0, 6, 6, 10, 0, 10, 2, 0, 5, 6, 5, 11, 2, 5, 10, 2, 5, 2, 6, 10, 2, 10, 10, 2] 
dagF31.txt 4_1x4.txt 0.14473684210526316 0.15 370.75 [0, 0, 0, 0, 0, 0, 0, 0, 0, 0, 0, 0, 0, 0, 0, 0, 0, 0, 0, 0, 2, 0, 0, 0, 0, 0, 0, 0, 0, 0, 0, 0, 0, 0, 0, 0, 0, 2, 0, 0, 0, 2, 0, 0, 2, 2, 2, 0, 2, 0, 2, 0, 0, 2, 0, 2, 0, 0, 0, 2, 0, 2, 0, 2, 2, 0, 2, 2, 2, 0, 0, 2, 2, 2, 2] 
dagF31.txt 4_1x4.txt 0.19298245614035087 0.2 261.5 [2, 2, 2, 2, 2, 2, 2, 2, 2, 2, 2, 2, 2, 2, 2, 2, 2, 2, 2, 2, 2, 2, 2, 2, 2, 2, 2, 2, 2, 2, 2, 0, 0, 0, 0, 2, 2, 2, 0, 2, 0, 0, 2, 2, 0, 0, 0, 0, 0, 2, 0, 0, 0, 0, 0, 0, 0, 0, 0, 0, 0, 0, 0, 0, 0, 0, 0, 0, 0, 0, 0, 0, 0, 0, 0] 
dagF31.txt 4_1x4.txt 0.5175438596491229 0.55 109.25 [2, 2, 0, 2, 2, 2, 2, 2, 7, 2, 2, 0, 2, 2, 2, 2, 0, 0, 1, 2, 1, 0, 0, 0, 4, 2, 2, 0, 0, 0, 0, 3, 2, 5, 4, 0, 5, 4, 3, 0, 0, 4, 0, 0, 7, 4, 2, 6, 4, 0, 4, 4, 6, 6, 4, 4, 6, 6, 4, 6, 6, 4, 4, 0, 6, 6, 6, 4, 6, 6, 6, 6, 4, 4, 6] 
dagF31.txt 4_1x4.txt 0.5175438596491229 0.6 109.25 [2, 2, 0, 2, 2, 2, 2, 2, 7, 2, 2, 0, 2, 2, 2, 2, 0, 0, 1, 2, 1, 0, 0, 0, 4, 2, 2, 0, 0, 0, 0, 3, 2, 5, 4, 0, 5, 4, 3, 0, 0, 4, 0, 0, 7, 4, 2, 6, 4, 0, 4, 4, 6, 6, 4, 4, 6, 6, 4, 6, 6, 4, 4, 0, 6, 6, 6, 4, 6, 6, 6, 6, 4, 4, 6] 
dagF31.txt 4_1x4.txt 0.32894736842105265 0.35 174.75 [2, 4, 2, 2, 2, 2, 2, 2, 2, 4, 2, 2, 2, 2, 2, 2, 2, 0, 2, 2, 2, 2, 4, 0, 2, 0, 2, 2, 2, 0, 0, 0, 0, 0, 4, 2, 4, 4, 4, 0, 4, 4, 0, 4, 4, 2, 0, 0, 4, 0, 0, 0, 4, 4, 0, 0, 0, 4, 0, 0, 4, 4, 4, 0, 0, 0, 4, 4, 4, 4, 0, 0, 0, 4, 0] 
dagF31.txt 4_1x4.txt 0.4956140350877193 0.5 111.0 [2, 2, 2, 2, 2, 2, 2, 1, 5, 2, 2, 4, 2, 1, 2, 2, 2, 4, 6, 2, 5, 4, 4, 1, 2, 2, 2, 4, 4, 4, 4, 4, 6, 6, 6, 4, 4, 4, 7, 4, 4, 0, 4, 4, 3, 6, 6, 0, 0, 1, 6, 6, 3, 0, 6, 6, 0, 0, 6, 0, 3, 6, 6, 0, 0, 0, 0, 6, 0, 7, 0, 0, 6, 6, 0] 
dagF31.txt 4_1x4.txt 0.5964912280701754 0.65 108.75 [2, 6, 6, 6, 2, 6, 4, 6, 7, 6, 4, 4, 4, 6, 6, 6, 2, 6, 3, 6, 5, 4, 6, 6, 2, 6, 6, 4, 2, 6, 4, 1, 0, 1, 0, 2, 3, 0, 2, 6, 2, 0, 6, 6, 0, 0, 0, 4, 0, 2, 0, 0, 0, 0, 4, 4, 4, 2, 0, 2, 0, 7, 5, 6, 4, 4, 2, 2, 2, 2, 4, 4, 4, 0, 4] 
dagF31.txt 4_1x4.txt 0.38596491228070173 0.4 132.0 [2, 2, 0, 2, 2, 2, 2, 2, 0, 2, 2, 0, 2, 2, 2, 2, 2, 0, 0, 2, 2, 0, 0, 0, 4, 2, 2, 0, 0, 0, 0, 4, 2, 4, 4, 0, 0, 4, 6, 0, 0, 4, 0, 0, 6, 4, 2, 6, 4, 0, 4, 4, 6, 6, 4, 4, 6, 6, 4, 6, 6, 4, 4, 0, 6, 6, 6, 4, 6, 6, 6, 6, 4, 4, 6] 
dagF31.txt 4_1x4.txt 0.2412280701754386 0.25 248.25 [0, 0, 0, 0, 0, 0, 0, 0, 0, 0, 0, 0, 0, 0, 0, 0, 0, 0, 4, 0, 4, 0, 0, 0, 0, 0, 0, 0, 0, 0, 0, 2, 0, 2, 2, 0, 0, 0, 2, 0, 0, 2, 0, 0, 2, 2, 4, 2, 2, 0, 2, 2, 2, 2, 2, 4, 2, 2, 2, 2, 2, 2, 2, 2, 2, 2, 2, 2, 2, 2, 2, 2, 2, 2, 2] 
dagF31.txt 4_1x4.txt 0.4342105263157895 0.45 128.5 [2, 2, 0, 2, 2, 2, 2, 2, 0, 2, 2, 0, 2, 2, 2, 2, 2, 0, 1, 2, 1, 0, 0, 0, 4, 2, 2, 0, 0, 0, 0, 3, 2, 4, 4, 0, 0, 4, 6, 0, 0, 4, 0, 0, 6, 4, 2, 6, 4, 0, 4, 4, 6, 6, 4, 4, 6, 6, 4, 6, 6, 4, 4, 0, 6, 6, 6, 4, 6, 6, 6, 6, 4, 4, 6] 
dagF31.txt 4_1x4.txt 0.2982456140350877 0.3 185.75 [2, 2, 2, 2, 2, 2, 2, 2, 2, 2, 2, 0, 2, 2, 2, 2, 2, 2, 0, 2, 4, 2, 2, 0, 2, 2, 2, 0, 2, 2, 2, 0, 0, 0, 0, 0, 0, 4, 4, 2, 2, 0, 0, 4, 4, 4, 4, 0, 4, 0, 0, 0, 4, 4, 0, 4, 0, 4, 0, 4, 0, 4, 4, 0, 4, 0, 4, 4, 4, 4, 0, 0, 0, 0, 0] 
dagF31.txt 4_1x4.txt 0.5833333333333334 0.8 108.75 [3, 4, 0, 6, 3, 6, 3, 6, 0, 4, 0, 4, 3, 6, 6, 6, 2, 0, 4, 6, 5, 4, 4, 4, 0, 6, 0, 4, 4, 4, 4, 6, 2, 0, 2, 4, 4, 5, 6, 0, 4, 1, 0, 4, 2, 0, 2, 6, 0, 4, 2, 2, 7, 7, 6, 2, 2, 6, 2, 1, 0, 0, 2, 1, 7, 2, 6, 7, 6, 6, 2, 1, 2, 2, 2] 
dagF31.txt 4_1x4.txt 0.631578947368421 0.9 108.5 [4, 0, 4, 4, 4, 0, 0, 0, 3, 0, 6, 4, 6, 4, 0, 4, 4, 4, 1, 0, 7, 6, 2, 6, 4, 2, 0, 4, 2, 4, 6, 5, 6, 6, 0, 4, 1, 4, 7, 4, 2, 6, 6, 2, 2, 6, 4, 2, 6, 2, 0, 0, 2, 2, 0, 0, 2, 2, 0, 6, 2, 3, 5, 6, 6, 2, 0, 0, 0, 2, 2, 6, 0, 0, 0] 
dagF31.txt 4_1x4.txt 0.5833333333333334 1 108.0 [4, 2, 1, 3, 3, 2, 4, 2, 1, 2, 4, 4, 4, 2, 4, 1, 3, 2, 6, 2, 4, 4, 2, 6, 1, 3, 4, 4, 2, 2, 4, 4, 0, 7, 0, 6, 2, 2, 0, 2, 2, 0, 6, 2, 5, 6, 5, 4, 0, 2, 6, 0, 0, 5, 4, 6, 4, 0, 0, 6, 0, 7, 0, 6, 6, 0, 6, 7, 6, 0, 0, 6, 6, 6, 6] 
dagF31.txt 4_1x4.txt 0.6228070175438597 0.7 109.0 [6, 0, 0, 6, 6, 6, 6, 3, 1, 0, 0, 7, 6, 1, 6, 6, 2, 3, 4, 6, 7, 6, 0, 0, 1, 6, 2, 0, 6, 3, 6, 2, 2, 4, 4, 0, 4, 6, 0, 3, 0, 6, 0, 0, 4, 6, 2, 4, 6, 0, 2, 4, 0, 2, 5, 2, 4, 2, 4, 2, 0, 2, 0, 4, 2, 4, 5, 6, 5, 2, 4, 4, 4, 2, 4] 
dagF31.txt 4_1x2.txt 0.08771929824561403 0.1 479.25 [2, 2, 2, 2, 2, 2, 2, 2, 2, 2, 2, 2, 2, 2, 2, 2, 2, 2, 0, 2, 2, 2, 2, 2, 2, 2, 2, 2, 2, 2, 2, 0, 2, 2, 2, 2, 2, 2, 2, 2, 0, 2, 2, 2, 2, 2, 2, 2, 2, 2, 2, 2, 2, 2, 2, 2, 2, 2, 2, 2, 2, 2, 2, 2, 2, 2, 0, 2, 0, 2, 2, 2, 2, 2, 2] 
dagF31.txt 4_1x2.txt 0.14473684210526316 0.15 370.75 [0, 0, 0, 0, 0, 0, 0, 0, 0, 0, 0, 0, 0, 0, 0, 0, 0, 0, 0, 0, 2, 0, 0, 0, 0, 0, 0, 0, 0, 0, 0, 0, 0, 0, 0, 0, 0, 2, 0, 0, 0, 2, 0, 0, 2, 2, 2, 0, 2, 0, 2, 0, 0, 2, 0, 2, 0, 0, 0, 2, 0, 2, 0, 2, 2, 0, 2, 2, 2, 0, 0, 2, 2, 2, 2] 
dagF31.txt 4_1x2.txt 0.4956140350877193 0.6 210.0 [0, 1, 0, 2, 0, 0, 0, 0, 2, 1, 2, 2, 3, 2, 0, 0, 2, 0, 3, 0, 2, 0, 1, 2, 0, 0, 0, 0, 0, 0, 0, 3, 0, 2, 1, 2, 2, 3, 2, 0, 1, 2, 0, 0, 2, 0, 0, 0, 0, 0, 1, 2, 2, 2, 2, 0, 0, 0, 0, 0, 2, 2, 2, 0, 0, 0, 2, 0, 1, 3, 0, 2, 1, 1, 1] 
dagF31.txt 4_1x2.txt 0.19298245614035087 0.2 261.5 [2, 2, 2, 2, 2, 2, 2, 2, 2, 2, 2, 2, 2, 2, 2, 2, 2, 2, 2, 2, 2, 2, 2, 2, 2, 2, 2, 2, 2, 2, 2, 0, 0, 0, 0, 2, 2, 2, 0, 2, 0, 0, 2, 2, 0, 0, 0, 0, 0, 2, 0, 0, 0, 0, 0, 0, 0, 0, 0, 0, 0, 0, 0, 0, 0, 0, 0, 0, 0, 0, 0, 0, 0, 0, 0] 
dagF31.txt 4_1x2.txt 0.4956140350877193 0.55 211.0 [2, 0, 0, 0, 0, 0, 0, 0, 2, 0, 2, 0, 2, 2, 0, 0, 2, 3, 3, 0, 2, 0, 0, 0, 0, 0, 0, 0, 0, 0, 0, 3, 0, 2, 0, 3, 2, 3, 2, 1, 2, 2, 0, 0, 2, 0, 0, 0, 0, 0, 1, 2, 2, 1, 2, 1, 0, 0, 0, 1, 2, 2, 2, 0, 1, 0, 2, 0, 2, 2, 0, 2, 1, 1, 0] 
dagF31.txt 4_1x2.txt 0.5307017543859649 0.7 210.5 [0, 0, 0, 0, 0, 0, 0, 0, 3, 0, 2, 2, 1, 0, 0, 0, 2, 0, 1, 0, 2, 0, 0, 2, 0, 0, 0, 0, 0, 0, 2, 1, 2, 3, 2, 2, 3, 1, 2, 3, 0, 2, 2, 0, 2, 0, 0, 2, 0, 2, 0, 2, 0, 2, 0, 0, 2, 0, 2, 0, 2, 2, 2, 2, 3, 2, 0, 0, 0, 1, 2, 2, 2, 0, 2] 
dagF31.txt 4_1x2.txt 0.5175438596491229 0.65 210.5 [1, 1, 0, 0, 0, 0, 0, 0, 2, 1, 2, 0, 2, 2, 0, 0, 1, 0, 3, 0, 1, 0, 0, 0, 0, 0, 0, 0, 0, 0, 0, 3, 2, 2, 1, 3, 2, 2, 2, 3, 0, 2, 0, 0, 2, 1, 2, 0, 2, 0, 2, 2, 0, 2, 0, 2, 0, 0, 0, 2, 2, 2, 2, 0, 0, 0, 0, 2, 0, 3, 0, 2, 0, 2, 0] 
dagF31.txt 4_1x2.txt 0.33771929824561403 0.4 215.5 [2, 2, 2, 2, 2, 2, 2, 2, 3, 2, 2, 2, 2, 2, 2, 2, 2, 2, 3, 2, 3, 2, 2, 2, 2, 2, 2, 2, 2, 2, 2, 1, 0, 1, 0, 2, 1, 2, 3, 2, 0, 0, 2, 2, 0, 0, 0, 0, 0, 2, 0, 0, 0, 0, 0, 0, 0, 0, 0, 0, 0, 1, 0, 0, 0, 0, 0, 0, 0, 0, 0, 0, 0, 0, 0] 
dagF31.txt 4_1x2.txt 0.49122807017543857 0.5 213.5 [0, 1, 0, 1, 0, 3, 0, 0, 2, 1, 3, 1, 3, 2, 0, 0, 2, 0, 3, 0, 2, 0, 1, 0, 0, 0, 0, 0, 0, 0, 0, 3, 0, 2, 1, 0, 2, 2, 2, 2, 2, 2, 0, 0, 2, 2, 0, 0, 2, 0, 1, 2, 2, 2, 0, 0, 0, 0, 0, 2, 2, 2, 2, 0, 0, 0, 2, 2, 1, 0, 0, 2, 0, 1, 0] 
dagF31.txt 4_1x2.txt 0.40789473684210525 0.45 213.25 [0, 0, 0, 0, 0, 0, 0, 3, 2, 0, 3, 0, 0, 3, 0, 0, 2, 3, 1, 0, 3, 0, 0, 0, 0, 0, 0, 0, 0, 0, 0, 2, 2, 2, 0, 0, 2, 3, 2, 0, 0, 0, 0, 0, 2, 0, 2, 2, 0, 0, 2, 2, 2, 2, 0, 2, 2, 2, 2, 0, 2, 2, 2, 1, 2, 2, 1, 0, 1, 2, 2, 1, 2, 1, 1] 
dagF31.txt 4_1x2.txt 0.33771929824561403 0.35 215.5 [2, 2, 2, 2, 2, 2, 2, 2, 3, 2, 2, 2, 2, 2, 2, 2, 2, 2, 3, 2, 3, 2, 2, 2, 2, 2, 2, 2, 2, 2, 2, 1, 0, 1, 0, 2, 1, 2, 3, 2, 0, 0, 2, 2, 0, 0, 0, 0, 0, 2, 0, 0, 0, 0, 0, 0, 0, 0, 0, 0, 0, 1, 0, 0, 0, 0, 0, 0, 0, 0, 0, 0, 0, 0, 0] 
dagF31.txt 4_1x2.txt 0.2850877192982456 0.3 227.5 [0, 0, 0, 0, 0, 0, 0, 0, 3, 0, 0, 0, 0, 0, 0, 0, 0, 0, 3, 0, 1, 0, 0, 2, 0, 0, 0, 0, 0, 0, 0, 2, 2, 2, 2, 0, 2, 1, 0, 0, 0, 2, 2, 0, 1, 1, 2, 2, 2, 0, 2, 2, 2, 2, 2, 2, 2, 2, 2, 2, 2, 1, 2, 2, 2, 2, 0, 1, 0, 2, 2, 2, 2, 2, 2] 
dagF31.txt 4_1x2.txt 0.2412280701754386 0.25 248.25 [0, 0, 0, 0, 0, 0, 0, 0, 0, 0, 0, 0, 0, 0, 0, 0, 0, 0, 1, 0, 1, 0, 0, 0, 0, 0, 0, 0, 0, 0, 0, 2, 0, 2, 2, 0, 0, 0, 2, 0, 0, 2, 0, 0, 2, 2, 1, 2, 2, 0, 2, 2, 2, 2, 2, 1, 2, 2, 2, 2, 2, 2, 2, 2, 2, 2, 2, 2, 2, 2, 2, 2, 2, 2, 2] 
dagF31.txt 4_1x2.txt 0.4473684210526316 1 211.25 [2, 0, 2, 2, 2, 2, 2, 0, 2, 0, 2, 2, 2, 3, 2, 2, 2, 0, 3, 2, 0, 2, 0, 0, 2, 2, 2, 2, 2, 0, 2, 3, 0, 1, 3, 2, 3, 0, 0, 0, 3, 0, 2, 0, 2, 0, 0, 0, 0, 0, 2, 2, 1, 2, 0, 2, 0, 0, 2, 0, 1, 1, 2, 1, 0, 0, 0, 1, 0, 0, 0, 1, 0, 2, 0] 
dagF31.txt 3_2x2.txt 0.08771929824561403 0.1 639.0 [2, 2, 2, 2, 2, 2, 2, 2, 2, 2, 2, 2, 2, 2, 2, 2, 2, 2, 0, 2, 2, 2, 2, 2, 2, 2, 2, 2, 2, 2, 2, 0, 2, 2, 2, 2, 2, 2, 2, 2, 0, 2, 2, 2, 2, 2, 2, 2, 2, 2, 2, 2, 2, 2, 2, 2, 2, 2, 2, 2, 2, 2, 2, 2, 2, 2, 0, 2, 0, 2, 2, 2, 2, 2, 2] 
dagF31.txt 4_1x2.txt 0.3026315789473684 0.8 210.0 [2, 2, 2, 2, 2, 2, 2, 2, 2, 2, 2, 2, 2, 2, 2, 2, 2, 2, 2, 2, 3, 2, 3, 2, 2, 0, 2, 2, 2, 0, 2, 0, 0, 0, 2, 2, 2, 3, 0, 0, 3, 1, 2, 0, 1, 3, 0, 0, 1, 0, 0, 0, 0, 1, 0, 0, 0, 1, 0, 0, 0, 0, 0, 2, 0, 0, 3, 0, 3, 1, 0, 0, 0, 0, 0] 
dagF31.txt 4_1x2.txt 0.29385964912280704 0.9 210.0 [2, 2, 2, 2, 2, 2, 2, 2, 2, 2, 2, 0, 2, 2, 2, 2, 2, 2, 0, 2, 1, 2, 2, 0, 2, 2, 2, 0, 2, 2, 2, 0, 0, 0, 2, 0, 2, 1, 3, 2, 2, 0, 0, 2, 3, 0, 1, 0, 0, 2, 0, 0, 3, 1, 0, 1, 0, 0, 0, 0, 3, 0, 0, 0, 1, 0, 3, 0, 3, 0, 0, 0, 0, 0, 0] 
dagF31.txt 3_2x2.txt 0.14473684210526316 0.15 499.6666666666667 [0, 0, 0, 0, 0, 0, 0, 0, 0, 0, 0, 0, 0, 0, 0, 0, 0, 0, 0, 0, 2, 0, 0, 0, 0, 0, 0, 0, 0, 0, 0, 0, 0, 0, 0, 0, 0, 2, 0, 0, 0, 2, 0, 0, 0, 2, 2, 0, 2, 0, 2, 0, 0, 2, 0, 2, 0, 2, 0, 2, 0, 2, 0, 2, 2, 0, 0, 2, 2, 2, 0, 2, 2, 2, 2] 
dagF31.txt 3_2x2.txt 0.19298245614035087 0.2 348.6666666666667 [2, 2, 2, 2, 2, 2, 2, 2, 2, 2, 2, 2, 2, 2, 2, 2, 2, 2, 2, 2, 2, 2, 2, 2, 2, 2, 2, 2, 2, 2, 2, 0, 0, 0, 0, 2, 2, 2, 0, 2, 0, 0, 2, 2, 0, 0, 0, 0, 0, 2, 0, 0, 0, 0, 0, 0, 0, 0, 0, 0, 0, 0, 0, 0, 0, 0, 0, 0, 0, 0, 0, 0, 0, 0, 0] 
dagF31.txt 3_2x2.txt 0.4868421052631579 0.6 210.66666666666666 [3, 3, 3, 1, 3, 1, 3, 1, 2, 3, 3, 1, 3, 1, 1, 1, 3, 1, 2, 1, 0, 2, 3, 0, 1, 0, 1, 1, 2, 2, 2, 0, 0, 2, 3, 1, 0, 0, 2, 1, 3, 3, 2, 0, 0, 0, 0, 2, 0, 2, 0, 0, 2, 1, 0, 0, 2, 2, 0, 2, 2, 0, 0, 2, 1, 2, 3, 0, 3, 2, 2, 2, 2, 0, 2] 
dagF31.txt 3_2x2.txt 0.4649122807017544 0.8 211.5 [2, 2, 2, 2, 0, 0, 0, 2, 0, 0, 2, 0, 2, 0, 2, 2, 0, 2, 0, 2, 2, 2, 2, 0, 0, 0, 0, 0, 2, 2, 2, 3, 2, 1, 1, 0, 0, 2, 0, 2, 2, 1, 0, 2, 3, 3, 3, 0, 3, 0, 1, 1, 3, 3, 3, 1, 2, 0, 2, 1, 3, 3, 3, 1, 1, 2, 1, 3, 1, 3, 2, 1, 1, 1, 1] 
dagF31.txt 3_2x2.txt 0.4868421052631579 0.55 211.0 [2, 0, 0, 0, 0, 0, 0, 0, 2, 2, 3, 1, 0, 0, 0, 0, 2, 0, 3, 0, 2, 0, 0, 1, 0, 0, 0, 1, 0, 1, 1, 1, 1, 3, 2, 1, 2, 0, 1, 0, 0, 2, 0, 0, 3, 2, 3, 0, 2, 0, 3, 2, 3, 3, 1, 3, 2, 1, 2, 3, 3, 2, 1, 2, 3, 2, 1, 2, 2, 1, 2, 2, 2, 3, 2] 
dagF31.txt 3_2x2.txt 0.39035087719298245 0.4 216.66666666666666 [0, 0, 0, 0, 0, 0, 0, 0, 3, 0, 0, 1, 0, 0, 0, 0, 0, 0, 2, 0, 0, 1, 1, 1, 0, 0, 0, 1, 1, 1, 1, 2, 0, 3, 3, 1, 2, 0, 1, 1, 1, 2, 1, 1, 2, 0, 3, 2, 2, 1, 3, 3, 2, 2, 1, 3, 2, 2, 3, 2, 2, 3, 3, 1, 2, 2, 1, 3, 2, 2, 2, 2, 3, 3, 2] 
dagF31.txt 3_2x2.txt 0.42543859649122806 0.45 211.0 [0, 0, 0, 0, 0, 3, 0, 3, 0, 0, 0, 0, 0, 3, 0, 0, 0, 3, 3, 0, 3, 0, 0, 3, 0, 0, 3, 0, 0, 0, 0, 3, 2, 2, 2, 3, 2, 3, 1, 3, 0, 1, 3, 0, 2, 2, 2, 1, 1, 0, 2, 2, 2, 2, 2, 2, 1, 1, 2, 1, 2, 2, 2, 1, 2, 1, 1, 2, 1, 1, 1, 1, 2, 2, 1] 
dagF31.txt 3_2x2.txt 0.24561403508771928 0.25 324.0 [2, 2, 2, 2, 2, 2, 2, 2, 2, 2, 2, 2, 2, 2, 2, 2, 2, 2, 2, 2, 0, 2, 1, 2, 2, 2, 2, 2, 2, 2, 2, 2, 0, 1, 2, 2, 0, 0, 0, 2, 1, 0, 2, 0, 0, 0, 0, 0, 0, 2, 0, 0, 0, 0, 2, 0, 0, 0, 0, 0, 0, 0, 0, 2, 0, 0, 1, 0, 1, 0, 0, 0, 0, 0, 0] 
dagF31.txt 3_2x2.txt 0.45614035087719296 0.5 212.66666666666666 [2, 2, 3, 2, 2, 2, 2, 2, 3, 2, 2, 2, 2, 0, 2, 2, 3, 3, 2, 2, 2, 2, 3, 0, 3, 3, 2, 2, 3, 3, 2, 1, 0, 2, 2, 0, 3, 0, 0, 3, 3, 1, 0, 3, 0, 0, 0, 1, 1, 3, 0, 0, 0, 1, 0, 0, 1, 1, 0, 1, 0, 2, 0, 0, 1, 1, 0, 0, 0, 1, 1, 1, 0, 0, 1] 
dagF31.txt 3_2x2.txt 0.40789473684210525 1 210.33333333333334 [0, 1, 0, 0, 0, 0, 0, 2, 0, 1, 0, 1, 0, 2, 0, 0, 0, 1, 1, 0, 3, 0, 1, 0, 0, 0, 0, 1, 0, 1, 1, 0, 0, 2, 2, 1, 1, 1, 2, 1, 1, 2, 0, 1, 3, 2, 3, 2, 2, 0, 2, 2, 3, 3, 3, 3, 2, 2, 2, 3, 3, 3, 3, 0, 3, 2, 2, 3, 2, 2, 2, 2, 2, 2, 2] 
dagF31.txt 3_2x2.txt 0.3333333333333333 0.35 264.3333333333333 [0, 0, 0, 0, 0, 0, 0, 0, 0, 0, 0, 0, 0, 0, 0, 0, 0, 1, 1, 0, 1, 0, 0, 2, 0, 0, 0, 0, 0, 1, 0, 1, 2, 2, 2, 0, 0, 1, 1, 1, 1, 2, 2, 0, 1, 1, 2, 2, 2, 0, 2, 2, 2, 2, 2, 2, 2, 2, 2, 2, 2, 1, 2, 2, 2, 2, 1, 1, 1, 2, 2, 2, 2, 2, 2] 
dagF31.txt 3_2x2.txt 0.4517543859649123 0.7 211.33333333333334 [0, 1, 0, 0, 0, 0, 0, 1, 0, 1, 0, 0, 0, 1, 0, 0, 0, 2, 1, 0, 1, 0, 3, 0, 1, 0, 0, 0, 0, 2, 0, 1, 3, 2, 1, 0, 2, 2, 2, 3, 3, 2, 0, 2, 1, 1, 1, 2, 1, 0, 3, 3, 2, 2, 0, 3, 3, 2, 3, 3, 2, 2, 2, 0, 3, 3, 2, 3, 2, 2, 3, 3, 3, 3, 3] 
dagF31.txt 3_2x2.txt 0.29385964912280704 0.3 280.6666666666667 [0, 0, 0, 0, 0, 0, 0, 0, 0, 0, 0, 0, 0, 0, 0, 0, 0, 1, 0, 0, 1, 0, 0, 2, 0, 0, 0, 0, 0, 1, 0, 2, 2, 2, 2, 0, 0, 1, 1, 1, 1, 2, 2, 0, 1, 1, 2, 2, 2, 0, 2, 2, 2, 2, 2, 2, 2, 2, 2, 2, 2, 1, 2, 2, 2, 2, 1, 1, 1, 2, 2, 2, 2, 2, 2] 
dagF31.txt 3_2x2.txt 0.5263157894736842 0.65 212.0 [3, 0, 3, 3, 3, 0, 0, 3, 3, 0, 3, 0, 0, 3, 0, 3, 3, 1, 1, 0, 1, 0, 2, 1, 3, 3, 0, 0, 2, 2, 0, 1, 1, 3, 2, 0, 2, 1, 3, 1, 2, 2, 0, 2, 0, 2, 1, 0, 2, 2, 2, 2, 0, 0, 2, 1, 1, 0, 2, 2, 0, 2, 2, 0, 1, 2, 0, 2, 0, 0, 1, 2, 2, 2, 2] 
dagF31.txt 5_4_3_2x1.txt 0.07894736842105263 0.1 387.4 [0, 0, 0, 0, 0, 0, 0, 0, 0, 0, 0, 0, 0, 0, 0, 0, 0, 0, 1, 0, 0, 0, 0, 0, 0, 0, 0, 0, 0, 0, 0, 1, 0, 0, 0, 0, 0, 0, 0, 0, 0, 0, 0, 0, 0, 0, 0, 0, 0, 0, 0, 0, 0, 0, 0, 0, 0, 0, 0, 0, 0, 1, 0, 0, 0, 0, 0, 1, 0, 0, 0, 0, 0, 0, 0] 
dagF31.txt 3_2x2.txt 0.5 0.9 212.0 [3, 0, 3, 0, 0, 3, 0, 3, 3, 3, 3, 0, 0, 3, 0, 0, 0, 3, 1, 0, 1, 0, 3, 3, 0, 0, 0, 0, 2, 2, 0, 1, 3, 0, 0, 0, 3, 0, 2, 2, 3, 2, 0, 0, 2, 1, 1, 2, 1, 2, 2, 2, 2, 1, 1, 0, 2, 2, 2, 1, 2, 0, 2, 1, 1, 2, 2, 0, 2, 1, 2, 1, 2, 2, 2] 
dagF31.txt 5_4_3_2x1.txt 0.14473684210526316 0.15 299.6 [0, 0, 0, 0, 0, 0, 0, 0, 0, 0, 0, 0, 0, 0, 0, 0, 0, 0, 0, 0, 1, 0, 0, 0, 0, 0, 0, 0, 0, 0, 0, 0, 0, 0, 0, 0, 0, 1, 0, 0, 0, 1, 0, 0, 1, 1, 1, 0, 1, 0, 1, 0, 0, 1, 0, 1, 0, 0, 0, 1, 0, 1, 0, 1, 1, 0, 1, 1, 1, 0, 0, 1, 0, 1, 1] 
dagF31.txt 5_4_3_2x1.txt 0.19298245614035087 0.2 261.0 [1, 1, 1, 1, 1, 1, 1, 1, 1, 1, 1, 1, 1, 1, 1, 1, 1, 1, 1, 1, 1, 1, 1, 1, 1, 1, 1, 1, 1, 1, 1, 0, 0, 0, 0, 1, 1, 1, 0, 1, 0, 0, 1, 1, 0, 0, 0, 0, 0, 1, 0, 0, 0, 0, 0, 0, 0, 0, 0, 0, 0, 0, 0, 0, 0, 0, 0, 0, 0, 0, 0, 0, 0, 0, 0] 
dagF31.txt 5_4_3_2x1.txt 0.5175438596491229 0.65 151.6 [0, 0, 0, 1, 0, 0, 0, 1, 2, 0, 1, 1, 0, 1, 0, 0, 1, 2, 3, 0, 2, 0, 2, 1, 2, 0, 0, 0, 0, 0, 0, 3, 0, 3, 1, 1, 3, 2, 1, 0, 2, 2, 0, 2, 1, 2, 0, 0, 2, 0, 1, 1, 0, 3, 1, 0, 0, 2, 1, 0, 1, 2, 1, 0, 0, 0, 3, 2, 3, 2, 0, 1, 1, 1, 0] 
dagF31.txt 5_4_3_2x1.txt 0.39035087719298245 0.5 151.0 [0, 0, 0, 0, 0, 0, 0, 3, 0, 0, 0, 0, 0, 3, 0, 0, 0, 3, 3, 0, 1, 0, 3, 0, 0, 0, 0, 0, 0, 3, 0, 0, 1, 1, 1, 0, 3, 1, 1, 3, 3, 2, 0, 3, 2, 1, 1, 2, 2, 0, 1, 1, 2, 2, 2, 1, 2, 2, 1, 0, 2, 1, 2, 1, 2, 2, 1, 1, 1, 2, 2, 1, 1, 1, 1] 
dagF31.txt 5_4_3_2x1.txt 0.42105263157894735 0.55 150.4 [0, 0, 0, 0, 0, 0, 0, 0, 0, 0, 0, 0, 0, 3, 0, 0, 0, 3, 3, 0, 0, 0, 0, 3, 3, 1, 0, 0, 0, 2, 0, 3, 1, 3, 1, 0, 0, 1, 1, 3, 0, 0, 0, 2, 2, 2, 2, 1, 1, 1, 2, 1, 2, 2, 2, 2, 1, 1, 1, 1, 2, 1, 2, 1, 2, 1, 2, 1, 2, 1, 1, 1, 1, 2, 1] 
dagF31.txt 5_4_3_2x1.txt 0.5307017543859649 0.6 150.75 [1, 2, 0, 1, 0, 0, 0, 1, 1, 2, 0, 1, 0, 1, 0, 0, 0, 2, 3, 0, 1, 0, 2, 1, 0, 1, 0, 0, 0, 2, 0, 3, 0, 3, 3, 1, 3, 2, 3, 1, 2, 1, 0, 1, 1, 0, 1, 0, 2, 0, 1, 0, 2, 2, 1, 0, 0, 2, 0, 2, 1, 1, 3, 0, 2, 0, 2, 1, 2, 2, 0, 0, 0, 1, 0] 
dagF31.txt 5_4_3_2x1.txt 0.3991228070175439 0.45 153.5 [0, 0, 0, 0, 0, 0, 0, 3, 3, 0, 0, 0, 0, 3, 0, 0, 0, 0, 3, 0, 2, 0, 0, 3, 0, 0, 0, 0, 0, 0, 0, 2, 1, 2, 1, 0, 3, 1, 2, 0, 2, 1, 3, 0, 2, 1, 1, 1, 1, 0, 1, 1, 2, 2, 1, 1, 1, 2, 1, 1, 2, 3, 1, 3, 1, 1, 2, 1, 2, 2, 1, 1, 1, 1, 1] 
dagF31.txt 5_4_3_2x1.txt 0.3991228070175439 0.4 155.2 [0, 0, 0, 0, 0, 0, 0, 0, 2, 0, 0, 0, 0, 0, 0, 0, 0, 0, 3, 0, 3, 0, 0, 2, 2, 0, 0, 0, 0, 0, 0, 2, 1, 2, 1, 2, 2, 3, 0, 0, 0, 1, 1, 0, 2, 3, 1, 1, 3, 0, 1, 3, 1, 1, 2, 1, 1, 1, 1, 1, 2, 3, 2, 1, 1, 1, 1, 3, 1, 1, 1, 1, 1, 1, 1] 
dagF31.txt 5_4_3_2x1.txt 0.25 0.25 218.6 [1, 1, 1, 1, 1, 1, 1, 1, 2, 1, 1, 1, 1, 1, 1, 1, 1, 1, 2, 1, 2, 1, 1, 1, 1, 1, 1, 1, 1, 1, 1, 0, 0, 0, 0, 1, 0, 1, 0, 1, 0, 0, 1, 1, 0, 0, 0, 0, 0, 1, 0, 0, 0, 0, 0, 0, 0, 0, 0, 0, 0, 0, 0, 0, 0, 0, 0, 0, 0, 0, 0, 0, 0, 0, 0] 
dagF31.txt 5_4_3_2x1.txt 0.5043859649122807 1 150.75 [3, 0, 1, 3, 0, 3, 0, 0, 1, 0, 3, 3, 0, 3, 0, 0, 3, 1, 1, 3, 1, 0, 1, 1, 1, 3, 0, 1, 1, 1, 1, 0, 2, 2, 3, 1, 1, 1, 2, 1, 1, 0, 1, 1, 0, 2, 1, 0, 0, 1, 2, 2, 2, 0, 0, 2, 0, 2, 2, 0, 0, 2, 2, 0, 0, 0, 0, 2, 0, 2, 0, 0, 2, 2, 0] 
dagF31.txt 5_4_3_2x1.txt 0.2894736842105263 0.3 188.75 [1, 1, 1, 1, 1, 1, 1, 1, 0, 1, 1, 0, 1, 1, 1, 1, 1, 1, 0, 1, 2, 1, 1, 0, 1, 1, 1, 0, 1, 1, 1, 0, 0, 0, 1, 0, 0, 2, 0, 1, 1, 2, 1, 1, 0, 2, 0, 0, 2, 0, 0, 0, 0, 0, 0, 0, 0, 0, 0, 2, 0, 2, 0, 2, 2, 0, 1, 2, 2, 0, 0, 2, 0, 0, 2] 
dagF31.txt 5_4_3_2x1.txt 0.34649122807017546 0.35 162.66666666666666 [0, 0, 0, 0, 0, 0, 0, 0, 3, 0, 0, 0, 0, 0, 0, 0, 0, 0, 3, 0, 3, 0, 2, 0, 0, 0, 0, 0, 0, 0, 0, 1, 0, 1, 1, 0, 1, 2, 1, 0, 2, 2, 0, 2, 2, 2, 2, 1, 2, 0, 1, 1, 2, 2, 1, 2, 1, 1, 1, 2, 2, 2, 1, 1, 2, 1, 1, 2, 1, 1, 1, 1, 1, 1, 1] 
dagF31.txt 5_4_3_2x1.txt 0.4956140350877193 0.7 150.5 [3, 0, 0, 0, 3, 3, 0, 0, 3, 0, 3, 2, 3, 1, 0, 0, 3, 0, 3, 0, 1, 0, 2, 0, 0, 0, 0, 0, 2, 0, 3, 1, 0, 2, 0, 2, 1, 1, 2, 0, 2, 1, 0, 0, 1, 1, 1, 0, 1, 0, 2, 1, 1, 1, 2, 2, 0, 0, 0, 1, 1, 1, 2, 0, 0, 1, 2, 0, 2, 0, 0, 0, 2, 2, 2] 
dagF31.txt 5_4_3_2x4.txt 0.08771929824561403 0.1 378.4 [12, 12, 12, 12, 12, 12, 12, 12, 12, 12, 12, 12, 12, 12, 12, 12, 12, 12, 12, 12, 12, 12, 12, 12, 12, 12, 12, 12, 12, 12, 12, 12, 12, 12, 12, 12, 12, 12, 12, 12, 4, 12, 12, 12, 12, 12, 12, 12, 12, 12, 0, 12, 12, 8, 12, 12, 12, 12, 12, 12, 12, 12, 12, 12, 8, 12, 4, 12, 4, 12, 12, 12, 0, 0, 12] 
dagF31.txt 5_4_3_2x1.txt 0.5482456140350878 0.8 151.0 [2, 1, 1, 1, 2, 1, 2, 1, 1, 1, 2, 0, 2, 1, 1, 1, 2, 3, 3, 1, 1, 0, 3, 1, 2, 0, 1, 0, 0, 3, 0, 1, 2, 2, 0, 0, 1, 0, 1, 3, 3, 0, 1, 3, 0, 0, 0, 1, 0, 0, 0, 2, 0, 0, 1, 0, 2, 1, 2, 0, 0, 3, 0, 1, 0, 2, 3, 0, 3, 1, 2, 0, 2, 0, 2] 
dagF31.txt 5_4_3_2x4.txt 0.14473684210526316 0.15 298.6 [0, 0, 0, 0, 0, 0, 0, 0, 0, 0, 0, 0, 0, 0, 0, 0, 0, 0, 0, 0, 4, 0, 0, 0, 0, 0, 0, 0, 0, 0, 0, 0, 0, 0, 0, 0, 0, 4, 0, 0, 0, 4, 0, 0, 4, 4, 4, 0, 4, 0, 4, 0, 0, 4, 0, 4, 0, 0, 0, 4, 0, 4, 0, 0, 4, 0, 4, 4, 4, 0, 0, 4, 4, 4, 4] 
dagF31.txt 5_4_3_2x1.txt 0.5219298245614035 0.9 150.25 [1, 1, 1, 1, 1, 0, 0, 1, 0, 1, 3, 0, 0, 1, 0, 1, 1, 1, 3, 0, 1, 3, 1, 3, 1, 0, 0, 0, 1, 2, 3, 2, 3, 3, 1, 0, 2, 0, 2, 1, 2, 2, 3, 0, 2, 1, 0, 1, 0, 2, 0, 3, 0, 0, 0, 0, 1, 2, 3, 0, 2, 0, 0, 0, 0, 1, 2, 0, 2, 2, 1, 0, 1, 0, 1] 
dagF31.txt 5_4_3_2x4.txt 0.19298245614035087 0.2 209.2 [4, 4, 4, 4, 4, 4, 4, 4, 4, 4, 4, 4, 4, 4, 4, 4, 4, 4, 4, 4, 4, 4, 4, 4, 4, 4, 4, 4, 4, 4, 4, 0, 0, 0, 0, 4, 4, 4, 0, 4, 0, 0, 4, 4, 0, 0, 0, 0, 0, 4, 0, 0, 0, 0, 0, 0, 0, 0, 0, 0, 0, 0, 0, 0, 0, 0, 0, 0, 0, 0, 0, 0, 0, 0, 0] 
dagF31.txt 5_4_3_2x4.txt 0.706140350877193 0.8 41.666666666666664 [0, 0, 9, 7, 9, 9, 0, 7, 14, 0, 11, 5, 0, 7, 0, 9, 9, 14, 5, 0, 4, 2, 6, 1, 14, 9, 0, 2, 2, 2, 2, 1, 1, 12, 15, 5, 15, 3, 8, 8, 6, 10, 5, 6, 11, 3, 1, 13, 10, 6, 4, 4, 8, 12, 5, 1, 13, 12, 4, 12, 8, 10, 4, 5, 12, 13, 8, 10, 8, 12, 13, 13, 4, 4, 13] 
dagF31.txt 5_4_3_2x4.txt 0.24561403508771928 0.25 194.4 [4, 4, 4, 4, 4, 4, 4, 4, 4, 4, 4, 4, 4, 4, 4, 4, 4, 4, 4, 4, 0, 4, 8, 4, 4, 4, 4, 4, 4, 4, 4, 4, 0, 8, 4, 4, 0, 0, 0, 4, 8, 0, 4, 0, 0, 0, 0, 0, 0, 4, 0, 0, 0, 0, 4, 0, 0, 0, 0, 0, 0, 0, 0, 4, 0, 0, 8, 0, 8, 0, 0, 0, 0, 0, 0] 
dagF31.txt 5_4_3_2x4.txt 0.2982456140350877 0.3 148.6 [4, 4, 4, 4, 4, 4, 4, 4, 4, 4, 4, 0, 4, 4, 4, 4, 4, 4, 0, 4, 8, 4, 4, 0, 4, 4, 4, 0, 4, 4, 4, 0, 0, 0, 0, 0, 0, 8, 8, 4, 4, 0, 0, 8, 8, 8, 8, 0, 8, 0, 0, 0, 8, 8, 0, 8, 0, 8, 0, 8, 0, 8, 8, 0, 8, 0, 8, 8, 8, 8, 0, 0, 0, 0, 0] 
dagF31.txt 5_4_3_2x4.txt 0.5 0.5 72.75 [1, 0, 1, 0, 1, 0, 1, 0, 1, 0, 1, 8, 1, 0, 0, 1, 1, 12, 8, 0, 0, 12, 12, 8, 1, 0, 0, 8, 12, 12, 12, 9, 0, 4, 4, 8, 8, 12, 5, 12, 12, 9, 8, 12, 8, 9, 0, 4, 9, 8, 4, 4, 5, 5, 9, 12, 4, 5, 4, 9, 8, 9, 5, 4, 12, 4, 5, 9, 5, 5, 4, 4, 4, 4, 4] 
dagF31.txt 5_4_3_2x4.txt 0.5964912280701754 0.6 50.2 [1, 4, 2, 4, 1, 4, 4, 4, 8, 4, 2, 8, 1, 4, 4, 1, 1, 14, 8, 4, 2, 8, 9, 8, 1, 1, 4, 8, 9, 14, 8, 10, 0, 0, 0, 8, 9, 14, 5, 14, 9, 13, 8, 9, 6, 13, 0, 10, 13, 9, 0, 0, 6, 6, 10, 0, 12, 5, 0, 12, 6, 13, 10, 12, 12, 12, 5, 13, 5, 5, 12, 12, 12, 0, 12] 
dagF31.txt 5_4_3_2x4.txt 0.32894736842105265 0.35 139.8 [4, 8, 4, 4, 4, 4, 4, 4, 4, 8, 4, 4, 4, 4, 4, 4, 4, 0, 4, 4, 4, 4, 8, 0, 4, 0, 4, 4, 4, 0, 0, 0, 0, 0, 8, 4, 8, 8, 8, 0, 8, 8, 0, 8, 8, 4, 0, 0, 8, 0, 0, 0, 8, 8, 0, 0, 0, 8, 0, 0, 8, 8, 8, 0, 0, 0, 8, 8, 8, 8, 0, 0, 0, 8, 0] 
dagF31.txt 5_4_3_2x4.txt 0.38596491228070173 0.4 105.6 [8, 8, 0, 8, 8, 8, 8, 8, 0, 8, 8, 0, 8, 8, 8, 8, 8, 0, 0, 8, 8, 0, 0, 0, 4, 8, 8, 0, 0, 0, 0, 4, 8, 4, 4, 0, 0, 4, 12, 0, 0, 4, 0, 0, 12, 4, 8, 12, 4, 0, 4, 4, 12, 12, 4, 4, 12, 12, 4, 12, 12, 4, 4, 0, 12, 12, 12, 4, 12, 12, 12, 12, 4, 4, 12] 
dagF31.txt 5_4_3_2x4.txt 0.6491228070175439 0.65 44.25 [0, 12, 0, 5, 0, 12, 12, 14, 11, 12, 0, 5, 12, 14, 12, 0, 13, 14, 15, 12, 10, 0, 13, 5, 0, 1, 12, 1, 0, 1, 1, 7, 8, 5, 8, 5, 13, 10, 14, 1, 13, 13, 0, 13, 9, 6, 10, 2, 6, 1, 8, 8, 9, 9, 4, 8, 4, 2, 8, 4, 9, 6, 8, 4, 4, 4, 3, 6, 3, 2, 4, 4, 4, 8, 4] 
dagF31.txt 5_4_3_2x4.txt 0.543859649122807 0.55 53.0 [4, 8, 4, 8, 4, 8, 8, 8, 4, 8, 4, 9, 8, 8, 8, 4, 4, 2, 9, 8, 2, 9, 1, 9, 4, 4, 8, 9, 1, 1, 9, 10, 12, 12, 12, 9, 1, 2, 13, 1, 1, 5, 9, 1, 13, 5, 12, 0, 5, 1, 0, 12, 13, 13, 10, 12, 0, 5, 12, 0, 13, 5, 12, 0, 0, 0, 6, 5, 6, 5, 0, 0, 0, 0, 0] 
dagF31.txt 5_4_3_2x4.txt 0.4473684210526316 0.45 87.4 [0, 0, 0, 0, 0, 0, 0, 0, 5, 0, 0, 5, 0, 5, 0, 0, 0, 12, 5, 0, 1, 5, 12, 5, 0, 12, 0, 5, 0, 12, 5, 1, 4, 4, 4, 5, 12, 1, 8, 12, 12, 1, 5, 12, 8, 1, 8, 4, 1, 12, 4, 4, 8, 8, 1, 8, 4, 4, 4, 12, 8, 1, 8, 5, 12, 4, 8, 1, 8, 4, 4, 4, 4, 4, 4] 
dagF31.txt 5_4_3_2x4.txt 0.6973684210526315 1 41.4 [13, 5, 2, 13, 13, 5, 9, 13, 2, 5, 9, 12, 9, 8, 13, 13, 5, 0, 8, 9, 0, 11, 2, 8, 0, 0, 9, 12, 13, 4, 11, 12, 2, 1, 5, 8, 8, 0, 14, 4, 13, 6, 8, 4, 10, 0, 3, 12, 6, 4, 1, 1, 14, 10, 14, 3, 12, 6, 1, 4, 10, 4, 14, 8, 4, 12, 15, 7, 15, 11, 12, 7, 1, 1, 12] 
dagF31.txt 5_4_3_2x4.txt 0.6885964912280702 0.7 42.0 [8, 12, 13, 12, 8, 12, 12, 12, 2, 12, 13, 4, 8, 14, 12, 8, 3, 13, 14, 12, 15, 4, 2, 14, 8, 8, 12, 4, 4, 4, 4, 5, 0, 11, 1, 1, 2, 7, 10, 13, 2, 1, 14, 4, 6, 1, 0, 5, 9, 4, 0, 7, 10, 6, 10, 0, 0, 9, 0, 5, 6, 9, 10, 5, 8, 0, 11, 9, 15, 9, 0, 5, 0, 1, 0] 
dagF31.txt 4_1x3.txt 0.08771929824561403 0.1 479.25 [2, 2, 2, 2, 2, 2, 2, 2, 2, 2, 2, 2, 2, 2, 2, 2, 2, 2, 0, 2, 2, 2, 2, 2, 2, 2, 2, 2, 2, 2, 2, 0, 2, 2, 2, 2, 2, 2, 2, 2, 0, 2, 2, 2, 2, 2, 2, 2, 2, 2, 2, 2, 2, 2, 2, 2, 2, 2, 2, 2, 2, 2, 2, 2, 2, 2, 0, 2, 0, 2, 2, 2, 2, 2, 2] 
dagF31.txt 5_4_3_2x4.txt 0.7149122807017544 0.9 41.6 [2, 0, 2, 12, 12, 12, 5, 0, 3, 0, 5, 14, 4, 0, 12, 12, 2, 0, 14, 12, 9, 4, 8, 4, 0, 12, 5, 4, 2, 10, 4, 4, 5, 9, 9, 14, 8, 8, 5, 10, 8, 8, 4, 8, 1, 11, 11, 13, 8, 13, 7, 9, 15, 1, 4, 15, 13, 6, 9, 10, 1, 6, 13, 4, 10, 13, 12, 6, 12, 6, 13, 0, 7, 7, 7] 
dagF31.txt 4_1x3.txt 0.14473684210526316 0.15 370.75 [0, 0, 0, 0, 0, 0, 0, 0, 0, 0, 0, 0, 0, 0, 0, 0, 0, 0, 0, 0, 2, 0, 0, 0, 0, 0, 0, 0, 0, 0, 0, 0, 0, 0, 0, 0, 0, 2, 0, 0, 0, 2, 0, 0, 2, 2, 2, 0, 2, 0, 2, 0, 0, 2, 0, 2, 0, 0, 0, 2, 0, 2, 0, 2, 2, 0, 2, 2, 2, 0, 0, 2, 2, 2, 2] 
dagF31.txt 4_1x3.txt 0.5043859649122807 0.8 142.0 [4, 4, 4, 4, 4, 4, 4, 4, 1, 4, 4, 2, 4, 4, 4, 4, 5, 4, 1, 4, 3, 2, 2, 0, 4, 0, 4, 2, 4, 2, 2, 1, 0, 3, 4, 2, 3, 4, 5, 0, 2, 2, 4, 2, 2, 4, 0, 0, 0, 2, 0, 0, 2, 0, 2, 0, 2, 0, 2, 0, 2, 5, 2, 0, 0, 2, 2, 0, 2, 0, 2, 0, 0, 0, 0] 
dagF31.txt 4_1x3.txt 0.4956140350877193 0.5 142.5 [4, 4, 4, 4, 4, 4, 4, 4, 1, 4, 4, 2, 4, 4, 4, 4, 5, 4, 1, 4, 3, 2, 4, 2, 4, 2, 4, 2, 0, 2, 2, 3, 2, 5, 4, 2, 1, 4, 5, 2, 4, 0, 2, 0, 0, 4, 2, 0, 0, 2, 2, 2, 0, 0, 2, 2, 2, 0, 2, 0, 0, 3, 2, 0, 0, 0, 0, 0, 0, 0, 2, 0, 2, 2, 0] 
dagF31.txt 4_1x3.txt 0.5043859649122807 0.55 142.0 [4, 4, 4, 4, 4, 4, 4, 4, 1, 4, 4, 2, 4, 4, 4, 4, 5, 4, 1, 4, 3, 2, 2, 0, 4, 0, 4, 2, 4, 2, 2, 1, 0, 3, 4, 2, 3, 4, 5, 0, 2, 2, 4, 2, 2, 4, 0, 0, 0, 2, 0, 0, 2, 0, 2, 0, 2, 0, 2, 0, 2, 5, 2, 0, 0, 2, 2, 0, 2, 0, 2, 0, 0, 0, 0] 
dagF31.txt 4_1x3.txt 0.5394736842105263 0.6 142.5 [2, 2, 0, 2, 0, 2, 2, 0, 5, 2, 0, 0, 2, 0, 2, 2, 5, 0, 1, 2, 1, 0, 0, 0, 2, 2, 2, 0, 0, 0, 0, 3, 4, 1, 4, 0, 3, 2, 3, 0, 0, 2, 0, 0, 2, 2, 4, 4, 2, 0, 4, 4, 4, 4, 0, 4, 4, 4, 4, 2, 2, 0, 5, 0, 4, 4, 4, 2, 4, 4, 4, 4, 4, 4, 4] 
dagF31.txt 4_1x3.txt 0.18859649122807018 0.2 261.25 [2, 2, 2, 2, 2, 2, 2, 2, 2, 2, 2, 2, 2, 2, 2, 2, 2, 2, 2, 2, 2, 2, 2, 0, 2, 2, 2, 2, 2, 2, 2, 0, 0, 0, 0, 2, 2, 2, 0, 2, 2, 0, 2, 2, 0, 0, 0, 0, 0, 2, 0, 0, 0, 0, 0, 0, 0, 0, 0, 0, 0, 0, 0, 2, 0, 0, 0, 0, 0, 0, 0, 0, 0, 0, 0] 
dagF31.txt 4_1x3.txt 0.32894736842105265 0.35 174.75 [2, 4, 2, 2, 2, 2, 2, 2, 2, 4, 2, 2, 2, 2, 2, 2, 2, 0, 2, 2, 2, 2, 4, 0, 2, 0, 2, 2, 2, 0, 0, 0, 0, 0, 4, 2, 4, 4, 4, 0, 4, 4, 0, 4, 4, 2, 0, 0, 4, 0, 0, 0, 4, 4, 0, 0, 0, 4, 0, 0, 4, 4, 4, 0, 0, 0, 4, 4, 4, 4, 0, 0, 0, 4, 0] 
dagF31.txt 4_1x3.txt 0.3991228070175439 0.4 167.0 [0, 0, 0, 0, 0, 0, 0, 0, 4, 0, 0, 2, 0, 4, 0, 0, 0, 0, 4, 0, 2, 0, 0, 2, 0, 0, 0, 0, 0, 0, 0, 4, 2, 4, 2, 2, 4, 2, 4, 4, 1, 2, 4, 0, 4, 2, 2, 2, 2, 0, 2, 2, 4, 4, 2, 2, 2, 3, 2, 4, 4, 2, 2, 4, 4, 2, 1, 2, 1, 3, 2, 4, 2, 2, 1] 
dagF31.txt 4_1x3.txt 0.2982456140350877 0.3 185.75 [2, 2, 2, 2, 2, 2, 2, 2, 2, 2, 2, 0, 2, 2, 2, 2, 2, 2, 0, 2, 4, 2, 2, 0, 2, 2, 2, 0, 2, 2, 2, 0, 0, 0, 0, 0, 0, 4, 4, 2, 2, 0, 0, 4, 4, 4, 4, 0, 4, 0, 0, 0, 4, 4, 0, 4, 0, 4, 0, 4, 0, 4, 4, 0, 4, 0, 4, 4, 4, 4, 0, 0, 0, 0, 0] 
dagF31.txt 4_1x3.txt 0.44298245614035087 0.45 151.0 [4, 4, 4, 4, 4, 4, 4, 4, 1, 4, 4, 2, 4, 4, 4, 4, 4, 4, 1, 4, 3, 2, 2, 0, 4, 0, 4, 2, 4, 2, 2, 1, 0, 3, 4, 2, 3, 4, 2, 0, 2, 2, 4, 2, 2, 4, 0, 0, 0, 2, 0, 0, 2, 0, 2, 0, 2, 0, 2, 0, 2, 0, 2, 0, 0, 2, 2, 0, 2, 0, 2, 0, 0, 0, 0] 
dagF31.txt 4_1x3.txt 0.5877192982456141 0.65 141.75 [4, 1, 2, 4, 2, 4, 4, 4, 5, 1, 4, 0, 4, 2, 4, 4, 2, 0, 5, 4, 4, 0, 2, 0, 4, 0, 4, 0, 2, 0, 0, 4, 0, 4, 1, 2, 5, 2, 2, 1, 2, 4, 0, 0, 2, 4, 0, 0, 0, 0, 3, 2, 0, 2, 2, 0, 0, 0, 0, 0, 2, 2, 2, 0, 1, 0, 3, 0, 3, 4, 0, 4, 3, 3, 3] 
dagF31.txt 4_1x3.txt 0.5877192982456141 0.7 142.0 [4, 2, 4, 0, 4, 4, 0, 2, 1, 2, 0, 0, 0, 0, 2, 4, 5, 2, 1, 0, 3, 0, 2, 0, 4, 2, 0, 0, 4, 2, 0, 1, 0, 3, 2, 0, 3, 2, 5, 2, 2, 2, 0, 2, 4, 2, 2, 2, 2, 0, 0, 0, 4, 4, 2, 4, 2, 2, 0, 4, 4, 5, 0, 4, 4, 2, 4, 0, 4, 4, 2, 4, 0, 0, 4] 
dagF31.txt 4_1x3.txt 0.2412280701754386 0.25 248.25 [0, 0, 0, 0, 0, 0, 0, 0, 0, 0, 0, 0, 0, 0, 0, 0, 0, 0, 4, 0, 4, 0, 0, 0, 0, 0, 0, 0, 0, 0, 0, 2, 0, 2, 2, 0, 0, 0, 2, 0, 0, 2, 0, 0, 2, 2, 4, 2, 2, 0, 2, 2, 2, 2, 2, 4, 2, 2, 2, 2, 2, 2, 2, 2, 2, 2, 2, 2, 2, 2, 2, 2, 2, 2, 2] 
dagF31.txt 4_1x3.txt 0.5394736842105263 1 142.5 [2, 2, 0, 2, 0, 2, 2, 0, 5, 2, 0, 0, 2, 0, 2, 2, 5, 0, 1, 2, 1, 0, 0, 0, 2, 2, 2, 0, 0, 0, 0, 3, 4, 1, 4, 0, 3, 2, 3, 0, 0, 2, 0, 0, 2, 2, 4, 4, 2, 0, 4, 4, 4, 4, 0, 4, 4, 4, 4, 2, 2, 0, 5, 0, 4, 4, 4, 2, 4, 4, 4, 4, 4, 4, 4] 
dagF31.txt 3_2x1.txt 0.09649122807017543 0.1 648.6666666666666 [0, 0, 0, 0, 0, 0, 0, 0, 0, 0, 0, 0, 0, 0, 0, 0, 0, 0, 1, 0, 0, 0, 0, 0, 0, 0, 0, 0, 0, 0, 0, 1, 0, 1, 0, 0, 0, 0, 0, 0, 0, 0, 0, 0, 0, 0, 0, 0, 0, 0, 0, 0, 0, 0, 0, 0, 0, 0, 0, 0, 0, 0, 0, 0, 0, 0, 0, 0, 0, 0, 0, 0, 0, 0, 0] 
dagF31.txt 3_2x1.txt 0.14473684210526316 0.15 497.6666666666667 [0, 0, 0, 0, 0, 0, 0, 0, 0, 0, 0, 0, 0, 0, 0, 0, 0, 0, 0, 0, 1, 0, 0, 0, 0, 0, 0, 0, 0, 0, 0, 0, 0, 0, 0, 0, 0, 1, 0, 0, 0, 1, 0, 0, 1, 1, 1, 0, 1, 0, 1, 0, 0, 1, 0, 1, 0, 0, 0, 1, 0, 1, 0, 0, 1, 0, 1, 1, 1, 0, 0, 1, 1, 1, 1] 
dagF31.txt 4_1x3.txt 0.5043859649122807 0.9 142.0 [4, 4, 4, 4, 4, 4, 4, 4, 1, 4, 4, 2, 4, 4, 4, 4, 5, 4, 1, 4, 3, 2, 2, 0, 4, 0, 4, 2, 4, 2, 2, 1, 0, 3, 4, 2, 3, 4, 5, 0, 2, 2, 4, 2, 2, 4, 0, 0, 0, 2, 0, 0, 2, 0, 2, 0, 2, 0, 2, 0, 2, 5, 2, 0, 0, 2, 2, 0, 2, 0, 2, 0, 0, 0, 0] 
dagF31.txt 3_2x1.txt 0.17543859649122806 0.2 440.6666666666667 [0, 0, 0, 0, 0, 0, 0, 0, 0, 0, 0, 0, 0, 0, 0, 0, 0, 0, 0, 0, 1, 0, 0, 0, 0, 0, 0, 0, 0, 0, 0, 0, 0, 0, 0, 0, 0, 1, 1, 0, 0, 1, 0, 0, 1, 1, 1, 0, 1, 0, 1, 0, 1, 1, 0, 1, 0, 1, 0, 1, 1, 1, 0, 1, 1, 0, 1, 1, 1, 1, 0, 1, 1, 1, 1] 
dagF31.txt 3_2x1.txt 0.21052631578947367 0.25 420.0 [0, 0, 0, 0, 0, 0, 0, 0, 0, 0, 0, 0, 0, 0, 0, 0, 0, 0, 0, 0, 0, 0, 0, 0, 0, 0, 0, 0, 0, 1, 0, 0, 0, 0, 0, 0, 0, 1, 1, 0, 1, 1, 0, 1, 1, 1, 1, 0, 1, 0, 1, 0, 1, 1, 1, 1, 0, 1, 0, 1, 1, 1, 1, 1, 1, 0, 1, 1, 1, 1, 0, 1, 1, 1, 1] 
dagF31.txt 3_2x1.txt 0.40350877192982454 0.5 418.0 [0, 0, 0, 0, 0, 0, 0, 1, 1, 0, 1, 0, 1, 1, 0, 0, 1, 0, 1, 0, 1, 0, 0, 0, 0, 0, 0, 0, 0, 0, 0, 1, 0, 1, 0, 0, 1, 0, 1, 0, 0, 0, 0, 0, 1, 0, 0, 0, 0, 0, 0, 1, 0, 1, 0, 0, 0, 0, 0, 0, 1, 1, 1, 1, 0, 0, 0, 0, 0, 1, 0, 1, 0, 0, 0] 
dagF31.txt 3_2x1.txt 0.2675438596491228 0.65 418.3333333333333 [0, 0, 0, 0, 0, 0, 0, 0, 0, 0, 0, 0, 0, 0, 0, 0, 0, 0, 0, 0, 1, 0, 1, 0, 0, 0, 0, 0, 0, 0, 0, 0, 0, 0, 1, 0, 1, 0, 1, 0, 1, 1, 0, 1, 0, 1, 1, 1, 1, 0, 0, 1, 0, 0, 1, 0, 1, 1, 1, 1, 0, 1, 1, 1, 1, 1, 1, 1, 1, 1, 1, 1, 0, 0, 1] 
dagF31.txt 3_2x1.txt 0.34649122807017546 0.6 418.5 [0, 0, 0, 0, 0, 0, 0, 1, 1, 0, 0, 0, 0, 1, 0, 0, 0, 1, 1, 0, 1, 1, 0, 1, 0, 0, 0, 1, 0, 1, 1, 1, 0, 1, 1, 1, 1, 0, 0, 1, 1, 0, 1, 0, 0, 0, 0, 0, 0, 1, 0, 0, 0, 0, 1, 0, 0, 0, 0, 1, 0, 1, 0, 1, 0, 0, 1, 0, 1, 0, 0, 1, 0, 0, 1] 
dagF31.txt 3_2x1.txt 0.34210526315789475 0.55 418.3333333333333 [0, 0, 0, 1, 0, 0, 1, 0, 0, 0, 1, 1, 1, 0, 1, 0, 0, 1, 1, 1, 1, 1, 0, 1, 0, 1, 1, 1, 0, 1, 1, 1, 1, 1, 0, 1, 1, 1, 0, 1, 0, 0, 1, 0, 0, 1, 1, 0, 0, 1, 0, 0, 0, 0, 0, 0, 0, 0, 0, 0, 0, 0, 0, 0, 0, 0, 0, 0, 0, 0, 0, 0, 0, 0, 0] 
dagF31.txt 3_2x1.txt 0.25 1 418.0 [0, 0, 0, 0, 0, 0, 0, 0, 0, 0, 0, 0, 0, 0, 0, 0, 0, 0, 1, 0, 0, 0, 0, 0, 0, 0, 0, 0, 0, 1, 0, 0, 0, 1, 0, 0, 0, 0, 0, 1, 0, 1, 0, 1, 1, 0, 1, 0, 1, 0, 1, 0, 1, 1, 0, 1, 1, 0, 1, 1, 1, 1, 1, 1, 1, 1, 1, 1, 1, 0, 1, 1, 1, 1, 1] 
dagF31.txt 3_2x1.txt 0.29385964912280704 0.8 418.3333333333333 [1, 1, 0, 1, 0, 1, 1, 1, 0, 1, 1, 1, 1, 1, 1, 0, 1, 0, 0, 1, 0, 1, 1, 0, 0, 1, 1, 1, 1, 1, 1, 0, 0, 1, 0, 1, 1, 0, 0, 1, 1, 1, 1, 1, 0, 0, 0, 0, 0, 0, 1, 0, 0, 0, 0, 0, 0, 0, 0, 0, 0, 0, 0, 0, 0, 0, 0, 0, 0, 0, 0, 0, 0, 1, 0] 
dagF31.txt 3_2x1.txt 0.29385964912280704 0.4 418.3333333333333 [0, 0, 0, 1, 0, 0, 0, 0, 0, 0, 0, 1, 0, 1, 0, 0, 0, 1, 1, 0, 1, 0, 0, 0, 0, 0, 0, 0, 0, 1, 0, 1, 0, 1, 0, 1, 0, 1, 0, 0, 0, 0, 1, 1, 1, 0, 0, 0, 1, 0, 0, 0, 1, 1, 1, 0, 0, 1, 0, 0, 1, 1, 1, 1, 0, 0, 0, 1, 1, 1, 0, 0, 0, 0, 1] 
dagF31.txt 3_2x1.txt 0.32456140350877194 0.9 418.0 [0, 1, 0, 1, 0, 1, 1, 1, 1, 1, 0, 0, 0, 1, 1, 0, 0, 1, 1, 1, 1, 1, 1, 0, 1, 0, 1, 1, 1, 1, 1, 0, 0, 0, 0, 0, 1, 1, 1, 1, 1, 0, 1, 0, 0, 0, 0, 0, 0, 0, 0, 0, 1, 0, 0, 0, 0, 0, 0, 0, 1, 0, 0, 0, 0, 0, 1, 0, 0, 0, 0, 0, 0, 0, 0] 
dagF31.txt 3_2x1.txt 0.2719298245614035 0.3 419.0 [0, 0, 0, 0, 0, 0, 0, 0, 1, 0, 0, 1, 0, 0, 0, 0, 0, 0, 1, 0, 1, 0, 0, 1, 0, 0, 0, 1, 0, 0, 0, 1, 1, 1, 1, 1, 1, 0, 0, 0, 0, 1, 1, 0, 0, 0, 0, 1, 0, 1, 1, 1, 0, 0, 1, 0, 1, 0, 1, 0, 1, 0, 0, 1, 0, 1, 0, 0, 0, 0, 1, 1, 1, 1, 1] 
dagF31.txt 3_2x1.txt 0.2675438596491228 0.45 418.0 [0, 0, 0, 0, 0, 0, 0, 0, 0, 0, 0, 1, 0, 0, 0, 0, 0, 0, 1, 0, 0, 0, 0, 0, 0, 0, 0, 0, 1, 0, 0, 0, 1, 1, 0, 1, 0, 0, 1, 0, 1, 1, 0, 0, 1, 0, 1, 0, 1, 0, 1, 0, 1, 0, 1, 1, 0, 1, 1, 0, 1, 1, 1, 0, 0, 1, 1, 1, 1, 1, 0, 0, 1, 1, 1] 
dagF31.txt 3_2x1.txt 0.2982456140350877 0.35 418.6666666666667 [0, 0, 0, 1, 0, 0, 0, 1, 0, 0, 0, 1, 0, 1, 0, 0, 0, 1, 1, 0, 1, 0, 0, 1, 0, 0, 0, 0, 0, 1, 0, 1, 0, 1, 0, 1, 1, 1, 0, 0, 0, 1, 0, 0, 1, 1, 0, 0, 1, 0, 0, 0, 1, 1, 1, 0, 0, 0, 0, 0, 1, 0, 0, 1, 0, 0, 0, 0, 1, 0, 0, 1, 0, 0, 1] 
dagF31.txt 3_2x5.txt 0.08771929824561403 0.1 630.6666666666666 [6, 6, 6, 6, 6, 6, 6, 6, 6, 6, 6, 6, 6, 6, 6, 6, 6, 6, 6, 6, 6, 6, 6, 6, 6, 6, 6, 6, 6, 6, 6, 6, 6, 6, 6, 6, 6, 6, 6, 6, 2, 6, 6, 6, 6, 6, 6, 6, 6, 6, 4, 6, 6, 0, 6, 6, 6, 6, 6, 6, 6, 6, 6, 6, 0, 6, 2, 6, 2, 6, 6, 6, 4, 4, 6] 
dagF31.txt 3_2x1.txt 0.22807017543859648 0.7 418.5 [0, 0, 0, 0, 0, 0, 0, 0, 0, 0, 0, 0, 0, 0, 0, 0, 0, 0, 0, 0, 0, 0, 0, 0, 0, 0, 0, 0, 0, 0, 0, 0, 0, 1, 1, 0, 0, 1, 1, 1, 0, 1, 0, 1, 1, 0, 0, 0, 1, 0, 1, 1, 1, 1, 0, 1, 0, 1, 0, 1, 1, 1, 0, 1, 1, 0, 1, 1, 1, 1, 0, 1, 1, 1, 1] 
dagF31.txt 3_2x5.txt 0.14473684210526316 0.15 494.3333333333333 [0, 0, 0, 0, 0, 0, 0, 0, 0, 0, 0, 0, 0, 0, 0, 0, 0, 0, 0, 0, 2, 0, 0, 0, 0, 0, 0, 0, 0, 0, 0, 0, 0, 0, 0, 0, 0, 2, 0, 0, 0, 2, 0, 0, 2, 2, 2, 0, 2, 0, 2, 0, 0, 2, 0, 2, 0, 0, 0, 2, 0, 2, 0, 2, 2, 0, 2, 2, 2, 0, 0, 2, 2, 2, 2] 
dagF31.txt 3_2x5.txt 0.6140350877192983 0.65 87.0 [0, 4, 0, 1, 0, 6, 1, 4, 0, 4, 0, 9, 1, 4, 1, 0, 0, 4, 8, 1, 6, 1, 4, 9, 0, 6, 6, 1, 0, 3, 1, 9, 6, 6, 4, 9, 4, 3, 3, 4, 3, 8, 6, 3, 2, 8, 6, 2, 8, 2, 7, 7, 5, 5, 9, 7, 2, 8, 7, 2, 5, 8, 7, 6, 5, 2, 3, 8, 5, 8, 2, 2, 2, 7, 2] 
dagF31.txt 3_2x5.txt 0.6622807017543859 0.8 87.5 [6, 0, 6, 0, 6, 0, 6, 0, 9, 0, 6, 4, 6, 0, 0, 6, 6, 9, 1, 0, 0, 2, 3, 1, 9, 2, 0, 4, 2, 3, 2, 1, 4, 8, 8, 4, 1, 9, 6, 3, 3, 5, 1, 3, 8, 9, 4, 2, 5, 3, 8, 8, 4, 4, 2, 5, 4, 2, 4, 5, 2, 8, 2, 7, 5, 4, 7, 8, 7, 7, 4, 7, 8, 8, 7] 
dagF31.txt 3_2x5.txt 0.6842105263157895 0.7 88.0 [8, 0, 0, 0, 0, 0, 4, 0, 8, 8, 4, 5, 4, 9, 0, 0, 7, 4, 7, 0, 9, 4, 8, 4, 0, 9, 0, 5, 0, 4, 4, 7, 6, 9, 1, 5, 8, 3, 5, 6, 8, 3, 4, 3, 8, 3, 6, 2, 2, 4, 1, 1, 6, 6, 5, 6, 2, 2, 1, 2, 6, 3, 1, 2, 2, 2, 5, 3, 7, 8, 2, 6, 1, 1, 2] 
dagF31.txt 3_2x5.txt 0.18859649122807018 0.2 348.3333333333333 [0, 0, 0, 0, 0, 0, 0, 0, 0, 0, 0, 0, 0, 0, 0, 0, 0, 0, 0, 0, 0, 0, 0, 2, 0, 0, 0, 0, 0, 0, 0, 2, 2, 2, 2, 0, 0, 0, 2, 0, 0, 2, 0, 0, 2, 2, 2, 2, 2, 0, 2, 2, 2, 2, 2, 2, 2, 2, 2, 2, 2, 2, 2, 0, 2, 2, 2, 2, 2, 2, 2, 2, 2, 2, 2] 
dagF31.txt 3_2x5.txt 0.5964912280701754 0.6 94.33333333333333 [3, 8, 6, 8, 3, 3, 8, 3, 6, 3, 8, 2, 3, 2, 8, 3, 4, 6, 8, 8, 7, 2, 6, 2, 7, 8, 8, 2, 2, 6, 2, 9, 8, 6, 3, 2, 6, 7, 5, 6, 6, 9, 2, 7, 4, 9, 4, 0, 9, 2, 0, 0, 5, 4, 5, 4, 0, 1, 0, 9, 4, 7, 5, 0, 4, 0, 5, 7, 5, 1, 0, 0, 0, 0, 0] 
dagF31.txt 3_2x5.txt 0.5394736842105263 0.55 106.0 [2, 4, 2, 4, 2, 4, 4, 4, 2, 4, 4, 5, 2, 4, 4, 2, 2, 7, 5, 4, 7, 5, 3, 5, 2, 2, 4, 5, 3, 3, 5, 0, 6, 6, 6, 5, 3, 7, 8, 3, 3, 1, 5, 3, 8, 1, 6, 0, 1, 3, 0, 6, 8, 8, 1, 6, 0, 8, 6, 0, 8, 1, 6, 0, 0, 0, 9, 1, 9, 8, 0, 0, 0, 0, 0] 
dagF31.txt 3_2x5.txt 0.4473684210526316 0.45 141.0 [2, 2, 4, 2, 2, 2, 2, 2, 4, 2, 2, 6, 2, 2, 2, 2, 2, 4, 6, 2, 1, 4, 4, 6, 6, 2, 2, 4, 4, 4, 4, 6, 6, 6, 8, 6, 4, 0, 8, 4, 4, 0, 6, 4, 0, 0, 0, 6, 0, 4, 8, 8, 8, 0, 6, 0, 6, 8, 6, 0, 4, 0, 8, 8, 0, 6, 8, 0, 8, 8, 6, 8, 8, 8, 8] 
dagF31.txt 3_2x5.txt 0.2982456140350877 0.3 247.66666666666666 [2, 2, 2, 2, 2, 2, 2, 2, 2, 2, 2, 0, 2, 2, 2, 2, 2, 2, 0, 2, 4, 2, 2, 0, 2, 2, 2, 0, 2, 2, 2, 0, 0, 0, 0, 0, 0, 4, 4, 2, 2, 0, 0, 4, 4, 4, 4, 0, 4, 0, 0, 0, 4, 4, 0, 4, 0, 4, 0, 4, 0, 4, 4, 0, 4, 0, 4, 4, 4, 4, 0, 0, 0, 0, 0] 
dagF31.txt 3_2x5.txt 0.32894736842105265 0.35 233.0 [2, 2, 2, 2, 2, 2, 2, 2, 2, 2, 2, 2, 2, 2, 2, 2, 2, 0, 2, 2, 4, 2, 2, 0, 0, 0, 0, 2, 2, 0, 0, 0, 0, 0, 0, 2, 2, 4, 4, 0, 2, 4, 0, 0, 4, 4, 4, 0, 4, 0, 0, 0, 4, 4, 0, 4, 0, 4, 0, 4, 4, 4, 4, 0, 4, 0, 4, 4, 4, 4, 0, 0, 0, 0, 0] 
dagF31.txt 3_2x5.txt 0.6710526315789473 1 87.0 [0, 7, 6, 2, 0, 5, 5, 0, 0, 0, 5, 3, 5, 7, 2, 0, 0, 7, 4, 2, 8, 1, 7, 2, 0, 5, 1, 3, 6, 1, 1, 8, 2, 2, 2, 3, 3, 1, 6, 7, 7, 4, 1, 1, 0, 4, 6, 6, 4, 3, 8, 2, 6, 6, 8, 8, 8, 6, 2, 4, 9, 4, 2, 1, 8, 9, 9, 4, 9, 6, 8, 4, 8, 8, 9] 
dagF31.txt 3_2x5.txt 0.24561403508771928 0.25 324.0 [2, 2, 2, 2, 2, 2, 2, 2, 2, 2, 2, 2, 2, 2, 2, 2, 2, 2, 2, 2, 0, 2, 4, 2, 2, 2, 2, 2, 2, 2, 2, 2, 0, 4, 2, 2, 0, 0, 0, 2, 4, 0, 2, 0, 0, 0, 0, 0, 0, 2, 0, 0, 0, 0, 2, 0, 0, 0, 0, 0, 0, 0, 0, 2, 0, 0, 4, 0, 4, 0, 0, 0, 0, 0, 0] 
dagF31.txt 3_2x5.txt 0.49122807017543857 0.5 129.0 [2, 2, 1, 2, 1, 2, 2, 2, 1, 2, 2, 6, 2, 2, 2, 2, 1, 0, 6, 2, 3, 6, 0, 6, 1, 0, 2, 6, 1, 0, 6, 6, 4, 4, 2, 6, 0, 0, 8, 0, 0, 5, 6, 0, 3, 5, 3, 4, 5, 0, 4, 4, 8, 3, 6, 3, 4, 8, 4, 0, 0, 5, 8, 6, 0, 4, 8, 5, 8, 8, 4, 4, 4, 4, 4] 
dagF31.txt 3_2x5.txt 0.38596491228070173 0.4 176.0 [4, 4, 0, 4, 4, 4, 4, 4, 0, 4, 4, 0, 4, 4, 4, 4, 4, 0, 0, 4, 4, 0, 0, 0, 2, 4, 4, 0, 0, 0, 0, 2, 4, 2, 2, 0, 0, 2, 6, 0, 0, 2, 0, 0, 6, 2, 4, 6, 2, 0, 2, 2, 6, 6, 2, 2, 6, 6, 2, 6, 6, 2, 2, 0, 6, 6, 6, 2, 6, 6, 6, 6, 2, 2, 6] 
dagF31.txt 3_2x5.txt 0.7017543859649122 0.9 88.33333333333333 [2, 2, 6, 2, 8, 2, 2, 8, 8, 2, 7, 6, 4, 8, 2, 2, 5, 9, 9, 2, 3, 6, 6, 8, 2, 5, 2, 6, 6, 6, 6, 5, 0, 9, 0, 8, 8, 1, 3, 7, 6, 1, 8, 6, 3, 1, 0, 4, 1, 6, 0, 7, 4, 7, 8, 0, 0, 4, 0, 1, 9, 3, 5, 8, 4, 0, 4, 1, 4, 4, 0, 0, 0, 0, 4] 
