dagF34.txt 3_2x4.txt 0.09216589861751152 0.1 527.6666666666666 [2, 2, 2, 2, 2, 2, 2, 2, 2, 2, 2, 2, 2, 2, 2, 0, 2, 2, 2, 2, 0, 2, 2, 2, 0, 2, 2, 0, 0, 0, 0, 0, 0, 0, 0, 0, 0, 0, 0, 2, 0, 0, 0, 0, 0, 0, 0, 0, 0, 0, 0, 0, 0, 0, 0, 0, 0, 0, 0, 0, 0, 0, 0, 0, 0, 0, 0, 0, 0, 0, 0, 0, 0, 0, 0] 
dagF34.txt 3_2x4.txt 0.14746543778801843 0.15 427.0 [2, 2, 2, 2, 2, 2, 2, 2, 2, 2, 2, 2, 2, 2, 2, 2, 2, 2, 2, 2, 2, 2, 2, 0, 2, 2, 2, 0, 2, 2, 0, 2, 0, 2, 0, 0, 2, 0, 0, 2, 0, 0, 0, 0, 0, 0, 0, 0, 0, 2, 0, 2, 0, 0, 0, 0, 0, 0, 0, 0, 0, 0, 0, 0, 0, 0, 0, 0, 0, 0, 0, 0, 0, 0, 0] 
dagF34.txt 3_2x4.txt 0.17972350230414746 0.2 386.0 [0, 0, 0, 0, 0, 0, 0, 0, 0, 0, 0, 0, 0, 0, 0, 0, 0, 0, 0, 0, 0, 0, 0, 0, 0, 0, 0, 2, 0, 0, 0, 0, 0, 2, 2, 2, 2, 2, 2, 0, 2, 0, 2, 2, 0, 2, 2, 2, 2, 0, 0, 2, 2, 2, 2, 2, 2, 0, 2, 2, 2, 2, 2, 2, 2, 2, 2, 2, 0, 2, 2, 2, 2, 2, 2] 
dagF34.txt 3_2x4.txt 0.5253456221198156 0.55 122.0 [6, 6, 4, 4, 4, 4, 6, 4, 4, 6, 4, 4, 6, 6, 4, 1, 4, 6, 4, 6, 7, 4, 6, 4, 1, 7, 6, 3, 1, 7, 2, 1, 7, 5, 2, 7, 5, 2, 2, 7, 0, 0, 5, 6, 2, 5, 2, 5, 3, 7, 0, 2, 2, 0, 0, 0, 3, 1, 5, 2, 3, 0, 3, 2, 0, 0, 5, 1, 0, 5, 3, 0, 0, 0, 2] 
dagF34.txt 3_2x4.txt 0.5714285714285714 0.6 120.5 [0, 0, 3, 0, 3, 3, 4, 3, 0, 0, 0, 3, 0, 3, 5, 5, 3, 5, 3, 5, 7, 0, 5, 2, 7, 0, 7, 4, 5, 7, 6, 5, 7, 5, 2, 4, 5, 2, 6, 0, 2, 6, 1, 2, 6, 4, 2, 1, 4, 7, 6, 2, 6, 6, 1, 2, 4, 2, 1, 6, 4, 1, 4, 6, 7, 1, 0, 6, 6, 1, 4, 1, 2, 1, 2] 
dagF34.txt 3_2x4.txt 0.6451612903225806 0.65 118.66666666666667 [0, 5, 3, 0, 0, 0, 1, 0, 0, 0, 2, 0, 0, 1, 2, 2, 0, 2, 0, 2, 2, 0, 2, 4, 2, 5, 0, 7, 7, 1, 4, 2, 2, 2, 6, 6, 2, 4, 5, 0, 2, 2, 6, 1, 3, 6, 4, 6, 6, 3, 4, 7, 4, 4, 4, 4, 6, 1, 6, 4, 6, 6, 3, 4, 5, 5, 3, 7, 2, 6, 6, 6, 7, 4, 4] 
dagF34.txt 3_2x4.txt 0.6451612903225806 0.9 118.66666666666667 [0, 5, 3, 0, 0, 0, 1, 0, 0, 0, 2, 0, 0, 1, 2, 2, 0, 2, 0, 2, 2, 0, 2, 4, 2, 5, 0, 7, 7, 1, 4, 2, 2, 2, 6, 6, 2, 4, 5, 0, 2, 2, 6, 1, 3, 6, 4, 6, 6, 3, 4, 7, 4, 4, 4, 4, 6, 1, 6, 4, 6, 6, 3, 4, 5, 5, 3, 7, 2, 6, 6, 6, 7, 4, 4] 
dagF34.txt 3_2x4.txt 0.3456221198156682 0.35 194.66666666666666 [4, 4, 4, 4, 4, 4, 4, 4, 0, 4, 4, 4, 4, 4, 0, 0, 4, 0, 4, 4, 0, 4, 0, 6, 0, 4, 4, 6, 0, 0, 0, 0, 0, 0, 6, 6, 0, 2, 2, 4, 2, 0, 6, 6, 2, 6, 2, 6, 6, 0, 2, 0, 2, 2, 2, 2, 2, 0, 6, 2, 6, 6, 6, 2, 2, 6, 6, 2, 0, 6, 6, 6, 2, 2, 2] 
dagF34.txt 3_2x4.txt 0.48847926267281105 0.5 140.0 [6, 5, 5, 6, 6, 6, 6, 4, 1, 5, 6, 4, 5, 6, 1, 1, 5, 1, 6, 6, 4, 6, 1, 3, 4, 6, 6, 6, 1, 4, 2, 1, 4, 0, 0, 0, 0, 2, 2, 6, 2, 3, 0, 3, 2, 0, 2, 0, 0, 4, 2, 4, 2, 2, 3, 2, 4, 4, 0, 2, 0, 3, 0, 2, 4, 3, 0, 1, 3, 0, 0, 3, 3, 2, 2] 
dagF34.txt 3_2x4.txt 0.4377880184331797 0.45 149.66666666666666 [4, 4, 4, 1, 4, 4, 4, 4, 1, 4, 1, 4, 4, 4, 1, 5, 4, 1, 4, 4, 5, 1, 1, 0, 2, 1, 5, 6, 5, 5, 2, 2, 3, 6, 2, 3, 6, 2, 2, 1, 0, 5, 3, 0, 2, 6, 2, 3, 6, 5, 0, 2, 2, 0, 0, 0, 0, 2, 3, 2, 6, 0, 6, 2, 0, 3, 3, 0, 5, 3, 6, 0, 0, 0, 2] 
dagF34.txt 3_2x4.txt 0.2488479262672811 0.25 269.3333333333333 [4, 4, 4, 4, 4, 4, 4, 4, 4, 4, 4, 4, 4, 4, 4, 0, 4, 4, 4, 4, 0, 4, 4, 4, 0, 4, 4, 0, 0, 0, 2, 0, 0, 0, 0, 0, 0, 2, 2, 4, 2, 2, 0, 2, 0, 0, 2, 0, 0, 0, 2, 0, 2, 2, 2, 2, 2, 0, 0, 2, 0, 2, 0, 2, 2, 2, 2, 2, 2, 0, 0, 2, 2, 2, 2] 
dagF34.txt 5_4_3_2x2.txt 0.09216589861751152 0.1 316.6 [4, 4, 4, 4, 4, 4, 4, 4, 4, 4, 4, 4, 4, 4, 4, 0, 4, 4, 4, 4, 0, 4, 4, 4, 0, 4, 4, 0, 0, 0, 0, 0, 0, 0, 0, 0, 0, 0, 0, 4, 0, 0, 0, 0, 0, 0, 0, 0, 0, 0, 0, 0, 0, 0, 0, 0, 0, 0, 0, 0, 0, 0, 0, 0, 0, 0, 0, 0, 0, 0, 0, 0, 0, 0, 0] 
dagF34.txt 3_2x4.txt 0.2857142857142857 0.3 258.0 [4, 4, 4, 4, 4, 4, 4, 4, 4, 4, 4, 4, 4, 4, 4, 4, 4, 4, 4, 4, 0, 4, 4, 4, 2, 4, 4, 2, 0, 0, 0, 0, 0, 0, 2, 0, 0, 0, 0, 4, 0, 0, 2, 2, 0, 2, 2, 2, 0, 2, 0, 0, 0, 0, 2, 2, 2, 0, 2, 0, 0, 2, 0, 0, 2, 2, 2, 2, 0, 2, 0, 2, 2, 2, 2] 
dagF34.txt 3_2x4.txt 0.39631336405529954 0.4 183.0 [2, 2, 2, 3, 2, 2, 2, 2, 3, 2, 3, 2, 2, 2, 3, 6, 2, 3, 2, 2, 6, 3, 3, 1, 6, 3, 6, 1, 6, 6, 0, 6, 1, 6, 1, 4, 6, 0, 0, 3, 0, 6, 4, 1, 1, 1, 0, 4, 4, 6, 0, 6, 0, 0, 0, 0, 0, 1, 4, 0, 4, 4, 4, 0, 0, 4, 4, 0, 6, 4, 4, 4, 0, 0, 0] 
dagF34.txt 3_2x4.txt 0.6451612903225806 1 118.66666666666667 [0, 5, 3, 0, 0, 0, 1, 0, 0, 0, 2, 0, 0, 1, 2, 2, 0, 2, 0, 2, 2, 0, 2, 4, 2, 5, 0, 7, 7, 1, 4, 2, 2, 2, 6, 6, 2, 4, 5, 0, 2, 2, 6, 1, 3, 6, 4, 6, 6, 3, 4, 7, 4, 4, 4, 4, 6, 1, 6, 4, 6, 6, 3, 4, 5, 5, 3, 7, 2, 6, 6, 6, 7, 4, 4] 
dagF34.txt 3_2x4.txt 0.6451612903225806 0.7 118.66666666666667 [0, 5, 3, 0, 0, 0, 1, 0, 0, 0, 2, 0, 0, 1, 2, 2, 0, 2, 0, 2, 2, 0, 2, 4, 2, 5, 0, 7, 7, 1, 4, 2, 2, 2, 6, 6, 2, 4, 5, 0, 2, 2, 6, 1, 3, 6, 4, 6, 6, 3, 4, 7, 4, 4, 4, 4, 6, 1, 6, 4, 6, 6, 3, 4, 5, 5, 3, 7, 2, 6, 6, 6, 7, 4, 4] 
dagF34.txt 3_2x4.txt 0.6451612903225806 0.8 118.66666666666667 [0, 5, 3, 0, 0, 0, 1, 0, 0, 0, 2, 0, 0, 1, 2, 2, 0, 2, 0, 2, 2, 0, 2, 4, 2, 5, 0, 7, 7, 1, 4, 2, 2, 2, 6, 6, 2, 4, 5, 0, 2, 2, 6, 1, 3, 6, 4, 6, 6, 3, 4, 7, 4, 4, 4, 4, 6, 1, 6, 4, 6, 6, 3, 4, 5, 5, 3, 7, 2, 6, 6, 6, 7, 4, 4] 
dagF34.txt 5_4_3_2x2.txt 0.14746543778801843 0.15 256.2 [4, 4, 4, 4, 4, 4, 4, 4, 4, 4, 4, 4, 4, 4, 4, 4, 4, 4, 4, 4, 4, 4, 4, 0, 4, 4, 4, 0, 4, 4, 0, 4, 0, 4, 0, 0, 4, 0, 0, 4, 0, 0, 0, 0, 0, 0, 0, 0, 0, 4, 0, 4, 0, 0, 0, 0, 0, 0, 0, 0, 0, 0, 0, 0, 0, 0, 0, 0, 0, 0, 0, 0, 0, 0, 0] 
dagF34.txt 5_4_3_2x2.txt 0.1935483870967742 0.2 231.2 [4, 4, 4, 4, 4, 4, 4, 4, 4, 4, 4, 4, 4, 4, 4, 4, 4, 4, 4, 4, 4, 4, 4, 0, 4, 4, 4, 1, 4, 4, 0, 4, 4, 4, 0, 4, 4, 0, 0, 4, 0, 4, 0, 0, 0, 0, 0, 0, 0, 4, 0, 4, 0, 0, 0, 0, 0, 0, 0, 0, 0, 0, 4, 0, 0, 0, 0, 0, 0, 0, 0, 0, 0, 0, 0] 
dagF34.txt 5_4_3_2x2.txt 0.5898617511520737 0.6 86.4 [5, 3, 0, 2, 2, 2, 7, 5, 5, 2, 2, 5, 2, 7, 5, 1, 2, 5, 2, 5, 5, 2, 5, 6, 1, 0, 5, 7, 1, 1, 0, 1, 1, 5, 0, 4, 5, 0, 0, 2, 6, 6, 4, 5, 0, 4, 0, 4, 4, 1, 0, 1, 0, 0, 6, 6, 6, 3, 4, 0, 4, 6, 4, 0, 1, 4, 4, 4, 6, 4, 4, 6, 3, 6, 0] 
dagF34.txt 5_4_3_2x2.txt 0.6359447004608295 0.9 85.0 [6, 6, 3, 6, 1, 3, 1, 0, 1, 6, 0, 1, 6, 7, 1, 4, 3, 1, 3, 1, 1, 6, 1, 0, 5, 6, 0, 3, 4, 7, 4, 4, 1, 1, 0, 1, 7, 5, 4, 6, 4, 4, 2, 0, 5, 0, 5, 0, 0, 0, 4, 7, 5, 4, 4, 2, 2, 0, 0, 5, 4, 4, 0, 5, 4, 2, 2, 5, 4, 4, 5, 2, 2, 2, 5] 
dagF34.txt 5_4_3_2x2.txt 0.5898617511520737 0.65 86.4 [5, 3, 0, 2, 2, 2, 7, 5, 5, 2, 2, 5, 2, 7, 5, 1, 2, 5, 2, 5, 5, 2, 5, 6, 1, 0, 5, 7, 1, 1, 0, 1, 1, 5, 0, 4, 5, 0, 0, 2, 6, 6, 4, 5, 0, 4, 0, 4, 4, 1, 0, 1, 0, 0, 6, 6, 6, 3, 4, 0, 4, 6, 4, 0, 1, 4, 4, 4, 6, 4, 4, 6, 3, 6, 0] 
dagF34.txt 5_4_3_2x2.txt 0.543778801843318 0.55 87.75 [2, 1, 1, 6, 6, 2, 2, 2, 6, 1, 6, 2, 1, 2, 4, 1, 1, 4, 6, 2, 1, 6, 4, 2, 3, 6, 2, 4, 1, 1, 5, 3, 3, 4, 7, 0, 4, 5, 5, 6, 5, 1, 4, 0, 3, 7, 5, 4, 0, 7, 5, 4, 0, 5, 0, 5, 3, 5, 4, 5, 0, 0, 0, 0, 7, 4, 4, 5, 1, 4, 0, 4, 0, 5, 0] 
dagF34.txt 5_4_3_2x2.txt 0.5622119815668203 0.8 86.0 [5, 1, 5, 2, 5, 5, 5, 2, 2, 1, 2, 5, 1, 5, 2, 7, 5, 2, 5, 5, 4, 2, 2, 3, 4, 1, 1, 3, 7, 1, 0, 4, 4, 4, 0, 6, 4, 0, 0, 2, 4, 7, 0, 3, 4, 4, 0, 6, 6, 1, 4, 1, 0, 4, 0, 0, 0, 4, 6, 0, 6, 6, 3, 4, 1, 0, 7, 5, 7, 6, 6, 0, 0, 0, 4] 
dagF34.txt 5_4_3_2x2.txt 0.6497695852534562 0.7 86.0 [4, 1, 4, 4, 4, 4, 5, 4, 1, 4, 4, 4, 1, 5, 5, 2, 4, 5, 4, 4, 2, 1, 5, 0, 3, 1, 1, 6, 2, 2, 0, 0, 2, 5, 0, 5, 0, 0, 4, 1, 3, 2, 6, 7, 7, 0, 4, 6, 0, 6, 0, 4, 0, 1, 0, 3, 1, 3, 5, 0, 0, 2, 5, 0, 3, 6, 6, 7, 2, 6, 5, 0, 1, 0, 0] 
dagF34.txt 5_4_3_2x2.txt 0.4976958525345622 0.5 93.8 [5, 6, 5, 6, 5, 5, 5, 2, 2, 6, 1, 5, 6, 5, 2, 1, 5, 2, 5, 5, 2, 6, 2, 7, 0, 6, 1, 0, 1, 1, 0, 0, 2, 1, 0, 2, 1, 0, 0, 6, 4, 4, 3, 7, 0, 1, 0, 3, 0, 4, 4, 1, 0, 4, 4, 4, 4, 0, 3, 0, 0, 4, 2, 4, 4, 3, 1, 7, 4, 3, 0, 3, 4, 4, 7] 
dagF34.txt 5_4_3_2x2.txt 0.24423963133640553 0.25 173.2 [1, 1, 1, 1, 1, 1, 1, 1, 1, 1, 1, 1, 1, 1, 1, 0, 1, 1, 1, 1, 0, 1, 1, 4, 0, 1, 0, 0, 0, 0, 4, 0, 0, 0, 0, 0, 0, 4, 4, 1, 4, 0, 0, 4, 0, 0, 4, 0, 0, 0, 4, 0, 4, 4, 4, 4, 4, 0, 0, 4, 0, 4, 0, 4, 4, 4, 4, 4, 0, 0, 0, 4, 4, 4, 4] 
dagF34.txt 4_1x5.txt 0.09216589861751152 0.1 395.75 [2, 2, 2, 2, 2, 2, 2, 2, 2, 2, 2, 2, 2, 2, 2, 0, 2, 2, 2, 2, 0, 2, 2, 2, 0, 2, 2, 0, 0, 0, 0, 0, 0, 0, 0, 0, 0, 0, 0, 2, 0, 0, 0, 0, 0, 0, 0, 0, 0, 0, 0, 0, 0, 0, 0, 0, 0, 0, 0, 0, 0, 0, 0, 0, 0, 0, 0, 0, 0, 0, 0, 0, 0, 0, 0] 
dagF34.txt 5_4_3_2x2.txt 0.2764976958525346 0.3 173.2 [4, 4, 4, 4, 4, 4, 4, 4, 4, 4, 4, 4, 4, 4, 4, 5, 4, 4, 4, 4, 5, 4, 4, 0, 5, 4, 5, 1, 5, 5, 0, 5, 5, 1, 0, 1, 1, 0, 0, 4, 0, 0, 1, 0, 0, 1, 0, 1, 1, 5, 0, 5, 0, 0, 0, 0, 0, 5, 1, 0, 1, 0, 1, 0, 0, 0, 0, 0, 0, 1, 1, 0, 0, 0, 0] 
dagF34.txt 5_4_3_2x2.txt 0.5668202764976958 1 85.0 [4, 4, 3, 4, 4, 4, 3, 4, 0, 4, 4, 4, 4, 7, 0, 4, 3, 0, 4, 4, 0, 4, 0, 0, 0, 7, 7, 6, 0, 4, 1, 0, 1, 0, 6, 1, 0, 0, 1, 6, 5, 1, 6, 5, 1, 6, 0, 6, 2, 7, 1, 5, 0, 1, 5, 5, 2, 1, 5, 0, 2, 2, 2, 1, 5, 5, 6, 3, 1, 6, 2, 5, 2, 5, 5] 
dagF34.txt 5_4_3_2x2.txt 0.34101382488479265 0.35 139.0 [4, 4, 4, 4, 4, 4, 4, 4, 4, 4, 4, 4, 4, 4, 4, 5, 4, 4, 4, 4, 0, 4, 4, 0, 0, 4, 5, 5, 5, 5, 0, 1, 0, 1, 1, 1, 1, 0, 0, 4, 0, 0, 1, 0, 0, 1, 0, 1, 1, 5, 0, 1, 1, 0, 0, 0, 2, 0, 1, 1, 1, 1, 1, 0, 5, 0, 5, 0, 0, 1, 1, 1, 2, 0, 0] 
dagF34.txt 5_4_3_2x2.txt 0.4470046082949309 0.45 101.8 [1, 1, 1, 6, 1, 1, 2, 1, 6, 1, 6, 1, 1, 1, 2, 2, 1, 2, 1, 1, 3, 6, 2, 5, 3, 6, 5, 4, 2, 5, 0, 2, 3, 4, 5, 4, 4, 0, 0, 6, 0, 2, 4, 5, 3, 4, 0, 4, 4, 5, 0, 5, 0, 0, 0, 0, 5, 3, 4, 0, 4, 5, 4, 0, 0, 0, 4, 0, 2, 4, 4, 4, 5, 0, 0] 
dagF34.txt 5_4_3_2x2.txt 0.39631336405529954 0.4 109.8 [4, 4, 4, 6, 4, 4, 4, 4, 6, 4, 6, 4, 4, 4, 6, 5, 4, 6, 4, 4, 5, 6, 6, 2, 5, 6, 5, 2, 5, 5, 0, 5, 2, 5, 2, 1, 5, 0, 0, 6, 0, 5, 1, 2, 2, 2, 0, 1, 1, 5, 0, 5, 0, 0, 0, 0, 0, 2, 1, 0, 1, 1, 1, 0, 0, 1, 1, 0, 5, 1, 1, 1, 0, 0, 0] 
dagF34.txt 4_1x5.txt 0.14746543778801843 0.15 320.25 [2, 2, 2, 2, 2, 2, 2, 2, 2, 2, 2, 2, 2, 2, 2, 2, 2, 2, 2, 2, 2, 2, 2, 0, 2, 2, 2, 0, 2, 2, 0, 2, 0, 2, 0, 0, 2, 0, 0, 2, 0, 0, 0, 0, 0, 0, 0, 0, 0, 2, 0, 2, 0, 0, 0, 0, 0, 0, 0, 0, 0, 0, 0, 0, 0, 0, 0, 0, 0, 0, 0, 0, 0, 0, 0] 
dagF34.txt 4_1x5.txt 0.5852534562211982 0.6 97.0 [4, 4, 4, 4, 4, 4, 3, 8, 8, 4, 8, 4, 4, 7, 8, 8, 4, 8, 4, 8, 2, 4, 8, 0, 2, 4, 8, 3, 8, 5, 2, 2, 2, 6, 2, 6, 6, 2, 2, 6, 0, 0, 6, 5, 7, 6, 2, 6, 6, 9, 0, 2, 2, 0, 0, 0, 0, 1, 6, 2, 6, 0, 6, 2, 8, 0, 9, 1, 0, 8, 6, 6, 0, 0, 2] 
dagF34.txt 4_1x5.txt 0.5391705069124424 0.55 98.25 [0, 3, 0, 2, 0, 0, 1, 0, 2, 0, 2, 0, 3, 9, 2, 2, 0, 2, 0, 0, 2, 2, 2, 7, 4, 2, 0, 1, 5, 4, 4, 4, 4, 2, 8, 8, 8, 4, 4, 2, 6, 5, 8, 7, 4, 8, 4, 8, 8, 0, 6, 2, 4, 6, 6, 6, 6, 4, 8, 4, 8, 8, 6, 6, 0, 8, 9, 6, 5, 8, 8, 8, 6, 6, 6] 
dagF34.txt 4_1x5.txt 0.17511520737327188 0.2 289.25 [0, 0, 0, 0, 0, 0, 0, 0, 0, 0, 0, 0, 0, 0, 0, 0, 0, 0, 0, 0, 0, 0, 0, 2, 0, 0, 0, 2, 0, 0, 0, 0, 0, 2, 2, 2, 2, 2, 2, 0, 2, 0, 2, 2, 0, 2, 2, 2, 2, 0, 2, 0, 2, 2, 2, 2, 2, 0, 2, 2, 2, 2, 2, 2, 2, 2, 2, 2, 0, 2, 2, 2, 2, 2, 2] 
dagF34.txt 4_1x5.txt 0.5852534562211982 0.65 97.0 [4, 4, 4, 4, 4, 4, 3, 8, 8, 4, 8, 4, 4, 7, 8, 8, 4, 8, 4, 8, 2, 4, 8, 0, 2, 4, 8, 3, 8, 5, 2, 2, 2, 6, 2, 6, 6, 2, 2, 6, 0, 0, 6, 5, 7, 6, 2, 6, 6, 9, 0, 2, 2, 0, 0, 0, 0, 1, 6, 2, 6, 0, 6, 2, 8, 0, 9, 1, 0, 8, 6, 6, 0, 0, 2] 
dagF34.txt 4_1x5.txt 0.6497695852534562 0.8 96.0 [6, 6, 6, 2, 2, 6, 7, 6, 0, 6, 2, 6, 6, 5, 0, 4, 6, 0, 2, 6, 4, 2, 0, 4, 4, 6, 6, 9, 4, 4, 0, 8, 0, 0, 8, 8, 0, 0, 3, 2, 2, 4, 8, 4, 3, 0, 8, 8, 0, 4, 2, 1, 8, 2, 2, 2, 2, 6, 8, 8, 0, 2, 8, 8, 4, 9, 5, 1, 4, 0, 0, 8, 7, 2, 8] 
dagF34.txt 4_1x5.txt 0.4423963133640553 0.45 118.5 [4, 4, 4, 4, 4, 4, 4, 8, 8, 4, 8, 4, 4, 4, 8, 8, 4, 8, 4, 8, 2, 4, 8, 0, 2, 4, 8, 6, 8, 8, 2, 2, 2, 6, 2, 6, 6, 2, 2, 6, 0, 0, 6, 0, 2, 6, 2, 6, 6, 8, 0, 2, 2, 0, 0, 0, 0, 2, 6, 2, 6, 0, 6, 2, 8, 0, 6, 1, 0, 8, 6, 6, 0, 0, 2] 
dagF34.txt 4_1x5.txt 0.663594470046083 0.7 96.0 [8, 2, 4, 4, 3, 4, 4, 4, 3, 4, 0, 4, 4, 4, 4, 8, 3, 0, 4, 8, 2, 4, 8, 1, 2, 0, 1, 6, 2, 0, 6, 0, 2, 6, 8, 7, 6, 2, 6, 0, 6, 2, 8, 0, 2, 8, 2, 6, 8, 0, 6, 5, 8, 6, 8, 6, 4, 9, 8, 7, 7, 9, 2, 5, 6, 0, 1, 6, 2, 8, 8, 8, 0, 8, 2] 
dagF34.txt 4_1x5.txt 0.48847926267281105 0.5 109.0 [4, 4, 4, 4, 4, 4, 3, 8, 8, 4, 8, 4, 4, 4, 8, 8, 4, 8, 4, 8, 2, 4, 8, 0, 2, 4, 8, 3, 8, 8, 2, 2, 2, 6, 2, 6, 6, 2, 2, 6, 0, 0, 6, 0, 2, 6, 2, 6, 6, 8, 0, 2, 2, 0, 0, 0, 0, 1, 6, 2, 6, 0, 6, 2, 8, 0, 6, 1, 0, 8, 6, 6, 0, 0, 2] 
dagF34.txt 4_1x5.txt 0.2764976958525346 0.3 193.5 [4, 4, 4, 4, 4, 4, 4, 4, 4, 4, 4, 4, 4, 4, 4, 4, 4, 4, 4, 4, 2, 4, 4, 4, 0, 4, 4, 2, 2, 2, 0, 2, 2, 2, 2, 2, 2, 0, 0, 4, 0, 2, 2, 0, 0, 2, 0, 2, 2, 0, 0, 2, 0, 0, 0, 0, 2, 2, 2, 0, 2, 2, 2, 0, 0, 0, 0, 0, 2, 2, 2, 2, 0, 0, 0] 
dagF34.txt 4_1x5.txt 0.3456221198156682 0.35 146.0 [4, 4, 4, 4, 4, 4, 4, 4, 0, 4, 4, 4, 4, 4, 0, 0, 4, 0, 4, 4, 0, 4, 0, 6, 0, 4, 4, 6, 0, 0, 0, 0, 0, 0, 6, 6, 0, 2, 2, 4, 2, 0, 6, 6, 2, 6, 2, 6, 6, 0, 2, 0, 2, 2, 2, 2, 2, 0, 6, 2, 6, 6, 6, 2, 2, 6, 6, 2, 0, 6, 6, 6, 2, 2, 2] 
dagF34.txt 4_1x5.txt 0.39631336405529954 0.4 117.75 [6, 6, 6, 6, 6, 6, 6, 6, 2, 6, 2, 6, 6, 6, 2, 2, 6, 2, 6, 6, 8, 6, 2, 0, 8, 2, 2, 4, 2, 2, 8, 2, 8, 4, 4, 4, 4, 8, 8, 2, 8, 0, 0, 0, 8, 4, 8, 0, 4, 2, 8, 4, 4, 8, 0, 0, 0, 8, 4, 4, 4, 0, 4, 8, 2, 0, 0, 8, 0, 4, 4, 0, 0, 0, 8] 
dagF34.txt 4_1x5.txt 0.6543778801843319 1 96.0 [8, 3, 5, 8, 0, 0, 7, 0, 4, 8, 8, 0, 8, 7, 0, 0, 0, 0, 0, 0, 2, 8, 0, 2, 2, 4, 2, 3, 9, 4, 6, 0, 2, 0, 2, 4, 0, 2, 6, 8, 2, 6, 8, 5, 6, 4, 2, 8, 4, 2, 6, 1, 6, 6, 8, 2, 4, 6, 8, 6, 4, 8, 4, 6, 2, 6, 9, 1, 6, 8, 4, 8, 2, 8, 2] 
dagF34.txt 4_1x5.txt 0.24423963133640553 0.25 212.25 [4, 4, 4, 4, 4, 4, 4, 4, 4, 4, 4, 4, 4, 4, 4, 0, 4, 4, 4, 4, 0, 4, 4, 2, 0, 4, 4, 0, 0, 0, 2, 0, 0, 0, 0, 0, 0, 2, 2, 4, 2, 0, 0, 2, 0, 0, 2, 0, 0, 0, 2, 0, 2, 2, 2, 2, 2, 0, 0, 2, 0, 2, 0, 2, 2, 2, 2, 2, 0, 0, 0, 2, 2, 2, 2] 
dagF34.txt 3_2x3.txt 0.09216589861751152 0.1 527.6666666666666 [2, 2, 2, 2, 2, 2, 2, 2, 2, 2, 2, 2, 2, 2, 2, 0, 2, 2, 2, 2, 0, 2, 2, 2, 0, 2, 2, 0, 0, 0, 0, 0, 0, 0, 0, 0, 0, 0, 0, 2, 0, 0, 0, 0, 0, 0, 0, 0, 0, 0, 0, 0, 0, 0, 0, 0, 0, 0, 0, 0, 0, 0, 0, 0, 0, 0, 0, 0, 0, 0, 0, 0, 0, 0, 0] 
dagF34.txt 3_2x3.txt 0.14746543778801843 0.15 427.0 [2, 2, 2, 2, 2, 2, 2, 2, 2, 2, 2, 2, 2, 2, 2, 2, 2, 2, 2, 2, 2, 2, 2, 0, 2, 2, 2, 0, 2, 2, 0, 2, 0, 2, 0, 0, 2, 0, 0, 2, 0, 0, 0, 0, 0, 0, 0, 0, 0, 2, 0, 2, 0, 0, 0, 0, 0, 0, 0, 0, 0, 0, 0, 0, 0, 0, 0, 0, 0, 0, 0, 0, 0, 0, 0] 
dagF34.txt 4_1x5.txt 0.6543778801843319 0.9 96.0 [8, 3, 5, 8, 0, 0, 7, 0, 4, 8, 8, 0, 8, 7, 0, 0, 0, 0, 0, 0, 2, 8, 0, 2, 2, 4, 2, 3, 9, 4, 6, 0, 2, 0, 2, 4, 0, 2, 6, 8, 2, 6, 8, 5, 6, 4, 2, 8, 4, 2, 6, 1, 6, 6, 8, 2, 4, 6, 8, 6, 4, 8, 4, 6, 2, 6, 9, 1, 6, 8, 4, 8, 2, 8, 2] 
dagF34.txt 3_2x3.txt 0.5391705069124424 0.6 158.33333333333334 [3, 3, 3, 3, 1, 1, 4, 1, 5, 3, 1, 1, 3, 2, 5, 1, 3, 5, 1, 1, 1, 3, 5, 2, 0, 3, 5, 4, 1, 1, 4, 0, 4, 5, 0, 4, 5, 0, 4, 3, 0, 1, 0, 2, 4, 0, 0, 0, 0, 2, 0, 5, 4, 4, 2, 2, 0, 4, 0, 2, 0, 2, 4, 4, 5, 2, 2, 0, 5, 0, 0, 2, 2, 2, 0] 
dagF34.txt 3_2x3.txt 0.48847926267281105 0.5 161.33333333333334 [5, 5, 5, 0, 0, 0, 2, 0, 0, 5, 0, 0, 5, 0, 0, 0, 5, 4, 0, 0, 4, 0, 4, 0, 2, 1, 1, 5, 0, 4, 2, 4, 4, 3, 3, 4, 3, 2, 2, 0, 2, 4, 3, 1, 2, 3, 2, 3, 3, 1, 2, 4, 2, 2, 1, 2, 4, 4, 3, 2, 3, 1, 4, 2, 1, 4, 0, 5, 4, 3, 3, 1, 1, 2, 2] 
dagF34.txt 3_2x3.txt 0.5161290322580645 0.55 158.0 [3, 3, 3, 1, 3, 3, 4, 1, 1, 3, 1, 3, 3, 4, 1, 4, 3, 1, 3, 3, 1, 1, 1, 5, 4, 2, 3, 5, 5, 4, 0, 0, 2, 2, 0, 2, 2, 5, 0, 1, 4, 1, 2, 5, 0, 0, 5, 2, 2, 4, 0, 0, 0, 0, 4, 4, 0, 2, 2, 0, 2, 2, 2, 0, 4, 4, 5, 5, 1, 4, 2, 2, 0, 4, 0] 
dagF34.txt 3_2x3.txt 0.4470046082949309 0.45 184.66666666666666 [4, 3, 3, 4, 4, 4, 4, 4, 3, 4, 4, 4, 3, 4, 3, 3, 4, 3, 4, 4, 2, 4, 3, 0, 2, 2, 4, 4, 3, 2, 0, 3, 2, 1, 1, 1, 1, 0, 0, 4, 0, 2, 1, 0, 2, 1, 0, 1, 1, 2, 0, 2, 0, 0, 0, 0, 3, 2, 1, 0, 1, 0, 1, 2, 5, 0, 2, 2, 2, 1, 1, 0, 0, 0, 0] 
dagF34.txt 3_2x3.txt 0.17511520737327188 0.2 385.6666666666667 [0, 0, 0, 0, 0, 0, 0, 0, 0, 0, 0, 0, 0, 0, 0, 0, 0, 0, 0, 0, 0, 0, 0, 0, 0, 0, 0, 2, 0, 0, 2, 0, 0, 0, 2, 2, 2, 2, 2, 0, 2, 0, 2, 2, 2, 2, 2, 2, 2, 0, 2, 0, 2, 2, 2, 2, 2, 2, 2, 2, 2, 2, 2, 2, 0, 2, 2, 2, 0, 2, 2, 2, 2, 2, 2] 
dagF34.txt 3_2x3.txt 0.5391705069124424 0.8 158.66666666666666 [0, 0, 0, 0, 0, 0, 2, 2, 2, 0, 0, 2, 0, 2, 2, 2, 0, 2, 0, 0, 2, 0, 2, 4, 3, 0, 3, 3, 4, 2, 4, 4, 4, 2, 4, 1, 4, 2, 4, 0, 4, 5, 1, 4, 4, 5, 2, 1, 5, 3, 4, 4, 4, 4, 5, 3, 3, 1, 1, 1, 5, 5, 1, 4, 3, 5, 1, 0, 5, 5, 5, 5, 1, 3, 2] 
dagF34.txt 3_2x3.txt 0.33640552995391704 0.35 228.0 [2, 2, 2, 2, 2, 2, 2, 2, 2, 2, 2, 2, 2, 2, 2, 1, 2, 2, 2, 2, 0, 2, 2, 0, 0, 2, 1, 4, 1, 1, 0, 4, 0, 4, 4, 4, 4, 0, 0, 2, 0, 0, 4, 0, 0, 4, 0, 4, 4, 1, 0, 4, 4, 0, 0, 0, 3, 0, 4, 4, 4, 4, 4, 0, 1, 0, 4, 4, 0, 4, 4, 4, 3, 0, 0] 
dagF34.txt 3_2x3.txt 0.39631336405529954 0.4 195.0 [2, 2, 2, 5, 2, 2, 2, 2, 5, 2, 5, 2, 2, 2, 5, 1, 2, 5, 2, 2, 1, 5, 5, 3, 1, 5, 1, 3, 1, 1, 0, 1, 3, 1, 3, 4, 1, 0, 0, 5, 0, 1, 4, 3, 3, 3, 0, 4, 4, 1, 0, 1, 0, 0, 0, 0, 0, 3, 4, 0, 4, 4, 4, 0, 0, 4, 4, 0, 1, 4, 4, 4, 0, 0, 0] 
dagF34.txt 3_2x3.txt 0.24423963133640553 0.25 283.0 [4, 4, 4, 4, 4, 4, 4, 4, 4, 4, 4, 4, 4, 4, 4, 0, 4, 4, 4, 4, 0, 4, 4, 2, 0, 4, 4, 0, 0, 0, 2, 0, 0, 0, 0, 0, 0, 2, 2, 4, 2, 0, 0, 2, 0, 0, 2, 0, 0, 0, 2, 0, 2, 2, 2, 2, 2, 0, 0, 2, 0, 2, 0, 2, 2, 2, 2, 2, 0, 0, 0, 2, 2, 2, 2] 
dagF34.txt 3_2x3.txt 0.2857142857142857 0.3 258.0 [4, 4, 4, 4, 4, 4, 4, 4, 4, 4, 4, 4, 4, 4, 4, 4, 4, 4, 4, 4, 0, 4, 4, 4, 2, 4, 4, 2, 0, 0, 0, 0, 0, 0, 2, 0, 0, 0, 0, 4, 0, 0, 2, 2, 0, 2, 2, 2, 0, 2, 0, 0, 0, 0, 2, 2, 2, 0, 2, 0, 0, 2, 0, 0, 2, 2, 2, 2, 0, 2, 0, 2, 2, 2, 2] 
dagF34.txt 5_4_3_2x5.txt 0.09216589861751152 0.1 316.6 [4, 4, 4, 4, 4, 4, 4, 4, 4, 4, 4, 4, 4, 4, 4, 0, 4, 4, 4, 4, 0, 4, 4, 4, 0, 4, 4, 0, 0, 0, 0, 0, 0, 0, 0, 0, 0, 0, 0, 4, 0, 0, 0, 0, 0, 0, 0, 0, 0, 0, 0, 0, 0, 0, 0, 0, 0, 0, 0, 0, 0, 0, 0, 0, 0, 0, 0, 0, 0, 0, 0, 0, 0, 0, 0] 
dagF34.txt 3_2x3.txt 0.6082949308755761 0.65 158.66666666666666 [1, 5, 4, 3, 1, 3, 5, 3, 1, 1, 1, 3, 1, 5, 1, 4, 1, 1, 3, 3, 4, 3, 1, 3, 4, 3, 3, 5, 4, 4, 0, 0, 4, 4, 0, 4, 4, 0, 2, 3, 0, 2, 2, 2, 4, 0, 0, 2, 0, 2, 0, 2, 0, 5, 2, 0, 0, 4, 2, 0, 0, 2, 2, 0, 5, 2, 5, 4, 2, 2, 0, 2, 3, 0, 0] 
dagF34.txt 3_2x3.txt 0.5391705069124424 1 157.33333333333334 [2, 2, 2, 2, 2, 2, 3, 3, 3, 2, 2, 2, 2, 2, 3, 1, 2, 0, 3, 3, 3, 3, 0, 0, 1, 2, 1, 5, 1, 1, 4, 1, 2, 3, 5, 2, 0, 4, 4, 3, 0, 3, 0, 0, 4, 5, 4, 5, 5, 1, 4, 0, 1, 4, 4, 0, 0, 4, 5, 4, 5, 4, 5, 4, 1, 0, 0, 4, 3, 5, 5, 4, 0, 0, 4] 
dagF34.txt 3_2x3.txt 0.5207373271889401 0.7 158.0 [2, 4, 4, 2, 4, 4, 4, 5, 5, 4, 5, 4, 4, 2, 5, 3, 4, 5, 4, 4, 5, 2, 5, 4, 0, 2, 4, 4, 3, 4, 0, 0, 3, 5, 2, 3, 5, 1, 0, 2, 0, 3, 3, 0, 0, 2, 1, 3, 1, 2, 0, 5, 0, 0, 0, 0, 1, 2, 3, 1, 1, 0, 1, 0, 2, 3, 2, 2, 3, 3, 1, 0, 0, 1, 1] 
dagF34.txt 3_2x3.txt 0.5069124423963134 0.9 157.0 [1, 0, 0, 0, 1, 1, 1, 1, 0, 0, 0, 1, 0, 1, 4, 4, 0, 4, 1, 1, 0, 0, 4, 5, 5, 4, 1, 5, 4, 0, 3, 4, 0, 0, 4, 2, 0, 5, 3, 4, 2, 3, 4, 4, 3, 4, 5, 4, 2, 5, 3, 0, 3, 3, 2, 2, 2, 1, 4, 2, 2, 2, 2, 3, 5, 2, 3, 5, 3, 4, 2, 2, 2, 2, 4] 
dagF34.txt 5_4_3_2x5.txt 0.14746543778801843 0.15 256.2 [4, 4, 4, 4, 4, 4, 4, 4, 4, 4, 4, 4, 4, 4, 4, 4, 4, 4, 4, 4, 4, 4, 4, 0, 4, 4, 4, 0, 4, 4, 0, 4, 0, 4, 0, 0, 4, 0, 0, 4, 0, 0, 0, 0, 0, 0, 0, 0, 0, 4, 0, 4, 0, 0, 0, 0, 0, 0, 0, 0, 0, 0, 0, 0, 0, 0, 0, 0, 0, 0, 0, 0, 0, 0, 0] 
dagF34.txt 5_4_3_2x5.txt 0.19815668202764977 0.2 231.0 [4, 4, 4, 4, 4, 4, 4, 4, 4, 4, 4, 4, 4, 4, 4, 4, 4, 4, 4, 4, 4, 4, 4, 4, 4, 4, 4, 4, 4, 4, 0, 4, 0, 4, 0, 0, 4, 0, 0, 4, 0, 0, 0, 0, 0, 0, 0, 0, 0, 4, 0, 4, 0, 0, 0, 0, 0, 0, 0, 0, 0, 0, 0, 0, 4, 0, 0, 8, 0, 0, 0, 0, 0, 0, 0] 
dagF34.txt 5_4_3_2x5.txt 0.5990783410138248 0.6 48.0 [8, 14, 14, 9, 6, 8, 8, 9, 0, 8, 6, 6, 14, 8, 1, 13, 14, 13, 9, 8, 1, 9, 13, 6, 10, 9, 10, 16, 13, 1, 4, 13, 2, 1, 4, 2, 1, 17, 4, 9, 0, 0, 12, 5, 4, 16, 17, 12, 16, 10, 0, 1, 4, 0, 5, 0, 12, 4, 12, 17, 16, 5, 2, 4, 10, 0, 12, 17, 0, 12, 16, 5, 5, 0, 17] 
dagF34.txt 5_4_3_2x5.txt 0.543778801843318 0.55 58.0 [4, 13, 13, 13, 4, 4, 4, 4, 9, 13, 13, 4, 13, 4, 9, 16, 13, 9, 4, 4, 1, 9, 9, 8, 16, 9, 16, 12, 16, 1, 5, 16, 1, 1, 12, 17, 1, 8, 5, 9, 5, 0, 12, 0, 5, 12, 8, 12, 12, 16, 5, 1, 5, 5, 0, 8, 17, 8, 17, 8, 17, 0, 17, 5, 16, 0, 12, 8, 0, 12, 17, 0, 0, 8, 8] 
dagF34.txt 5_4_3_2x5.txt 0.8847926267281107 0.9 38.0 [8, 9, 6, 0, 8, 0, 14, 12, 5, 8, 8, 0, 16, 7, 0, 17, 6, 5, 0, 0, 0, 16, 17, 9, 1, 13, 0, 14, 5, 18, 0, 0, 8, 16, 4, 5, 0, 4, 9, 12, 4, 4, 4, 19, 11, 16, 9, 1, 4, 18, 4, 2, 16, 2, 16, 4, 1, 15, 4, 1, 12, 13, 17, 8, 13, 6, 3, 10, 13, 4, 12, 4, 10, 12, 12] 
dagF34.txt 5_4_3_2x5.txt 0.4976958525345622 0.5 69.75 [12, 5, 5, 12, 5, 12, 12, 4, 4, 5, 5, 5, 5, 12, 4, 1, 5, 4, 12, 12, 4, 12, 4, 5, 1, 12, 1, 9, 1, 4, 8, 1, 8, 4, 9, 16, 4, 16, 8, 12, 0, 4, 9, 0, 8, 9, 16, 9, 9, 1, 8, 4, 8, 8, 0, 16, 0, 8, 9, 16, 9, 0, 16, 8, 1, 0, 0, 16, 4, 9, 9, 0, 0, 16, 16] 
dagF34.txt 5_4_3_2x5.txt 0.7373271889400922 0.8 38.0 [2, 6, 6, 2, 1, 1, 9, 18, 1, 0, 17, 9, 6, 9, 18, 8, 1, 18, 2, 1, 17, 2, 18, 11, 3, 15, 4, 16, 7, 17, 16, 8, 17, 0, 0, 14, 0, 16, 16, 15, 13, 12, 14, 11, 8, 0, 8, 10, 12, 4, 13, 0, 16, 13, 5, 5, 4, 19, 14, 16, 12, 12, 4, 8, 5, 10, 14, 13, 12, 10, 12, 10, 4, 5, 8] 
dagF34.txt 5_4_3_2x5.txt 0.4423963133640553 0.45 87.8 [12, 16, 16, 16, 16, 16, 12, 12, 12, 16, 16, 12, 16, 12, 12, 8, 16, 12, 16, 12, 12, 16, 12, 1, 8, 16, 12, 4, 8, 8, 0, 8, 8, 12, 0, 4, 12, 0, 0, 16, 1, 1, 4, 0, 0, 4, 0, 4, 4, 8, 0, 8, 0, 0, 1, 1, 1, 8, 4, 0, 4, 1, 4, 0, 8, 1, 4, 0, 1, 4, 4, 1, 1, 1, 0] 
dagF34.txt 5_4_3_2x5.txt 0.6451612903225806 0.65 42.2 [8, 3, 4, 8, 4, 8, 14, 8, 18, 3, 4, 4, 4, 8, 8, 17, 4, 18, 8, 8, 7, 8, 14, 4, 17, 9, 9, 11, 17, 16, 0, 17, 10, 7, 0, 10, 7, 0, 0, 9, 12, 6, 5, 1, 16, 2, 0, 5, 13, 9, 12, 16, 0, 12, 1, 12, 13, 10, 5, 0, 13, 1, 2, 16, 6, 6, 5, 12, 6, 5, 13, 1, 1, 12, 0] 
dagF34.txt 5_4_3_2x5.txt 0.24423963133640553 0.25 169.8 [8, 8, 8, 8, 8, 8, 8, 8, 8, 8, 8, 8, 8, 8, 8, 0, 8, 8, 8, 8, 0, 8, 8, 4, 0, 8, 8, 0, 0, 0, 4, 0, 0, 0, 0, 0, 0, 4, 4, 8, 4, 0, 0, 4, 0, 0, 4, 0, 0, 0, 4, 0, 4, 4, 4, 4, 4, 0, 0, 4, 0, 4, 0, 4, 4, 4, 4, 4, 0, 0, 0, 4, 4, 4, 4] 
dagF34.txt 5_4_3_2x5.txt 0.39631336405529954 0.4 94.2 [12, 12, 12, 12, 12, 12, 12, 12, 4, 12, 4, 12, 12, 12, 4, 4, 12, 4, 12, 12, 16, 12, 4, 0, 16, 4, 4, 8, 4, 4, 16, 4, 16, 8, 8, 8, 8, 16, 16, 4, 16, 0, 0, 0, 16, 8, 16, 0, 8, 4, 16, 8, 8, 16, 0, 0, 0, 16, 8, 8, 8, 0, 8, 16, 4, 0, 0, 16, 0, 8, 8, 0, 0, 0, 16] 
dagF34.txt 5_4_3_2x5.txt 0.3456221198156682 0.35 116.8 [8, 8, 8, 8, 8, 8, 8, 8, 0, 8, 8, 8, 8, 8, 0, 0, 8, 0, 8, 8, 0, 8, 0, 12, 0, 8, 8, 12, 0, 0, 0, 0, 0, 0, 12, 12, 0, 4, 4, 8, 4, 0, 12, 12, 4, 12, 4, 12, 12, 0, 4, 0, 4, 4, 4, 4, 4, 0, 12, 4, 12, 12, 12, 4, 4, 12, 12, 4, 0, 12, 12, 12, 4, 4, 4] 
dagF34.txt 4_1x1.txt 0.08294930875576037 0.1 518.5 [0, 1, 1, 0, 0, 0, 0, 0, 0, 1, 0, 0, 1, 0, 0, 0, 0, 0, 0, 0, 0, 0, 0, 0, 0, 0, 0, 1, 0, 0, 0, 0, 0, 0, 0, 0, 0, 0, 0, 0, 0, 0, 0, 0, 0, 0, 0, 0, 0, 0, 0, 0, 0, 0, 0, 0, 0, 0, 0, 0, 0, 0, 0, 0, 0, 0, 0, 1, 0, 0, 0, 0, 0, 0, 0] 
dagF34.txt 5_4_3_2x5.txt 0.7465437788018433 1 37.25 [9, 10, 19, 4, 4, 9, 13, 4, 14, 19, 4, 13, 10, 9, 4, 15, 10, 14, 4, 9, 2, 4, 2, 13, 7, 12, 1, 5, 17, 12, 16, 12, 2, 17, 3, 11, 17, 16, 1, 0, 8, 14, 18, 0, 5, 3, 8, 16, 5, 1, 8, 17, 12, 8, 0, 8, 16, 12, 18, 16, 5, 6, 9, 8, 1, 18, 6, 13, 2, 18, 16, 6, 0, 8, 0] 
dagF34.txt 5_4_3_2x5.txt 0.2857142857142857 0.3 154.8 [8, 8, 8, 8, 8, 8, 8, 8, 8, 8, 8, 8, 8, 8, 8, 8, 8, 8, 8, 8, 0, 8, 8, 8, 4, 8, 8, 4, 0, 0, 0, 0, 0, 0, 4, 0, 0, 0, 0, 8, 0, 0, 4, 4, 0, 4, 4, 4, 0, 4, 0, 0, 0, 0, 4, 4, 4, 0, 4, 0, 0, 4, 0, 0, 4, 4, 4, 4, 0, 4, 0, 4, 4, 4, 4] 
dagF34.txt 5_4_3_2x5.txt 0.6820276497695853 0.7 38.5 [10, 2, 2, 3, 12, 12, 12, 1, 6, 2, 1, 12, 3, 10, 7, 17, 12, 6, 12, 10, 1, 3, 6, 15, 1, 14, 10, 18, 17, 1, 4, 17, 16, 7, 5, 16, 7, 4, 16, 17, 0, 9, 8, 14, 5, 18, 4, 8, 13, 11, 0, 5, 4, 0, 0, 9, 9, 15, 8, 4, 13, 13, 16, 5, 0, 8, 8, 19, 9, 8, 13, 8, 0, 9, 4] 
dagF34.txt 4_1x1.txt 0.14285714285714285 0.15 465.25 [1, 1, 1, 0, 0, 0, 0, 0, 1, 1, 0, 0, 1, 0, 0, 0, 0, 1, 0, 0, 0, 0, 1, 0, 0, 0, 0, 1, 1, 0, 0, 0, 0, 0, 0, 0, 0, 0, 0, 0, 0, 1, 0, 0, 0, 0, 0, 0, 0, 0, 0, 0, 0, 0, 0, 0, 0, 0, 0, 0, 0, 0, 0, 0, 0, 0, 0, 1, 1, 0, 0, 0, 0, 0, 0] 
dagF34.txt 4_1x1.txt 0.1889400921658986 0.2 464.75 [0, 0, 0, 0, 0, 0, 1, 0, 0, 0, 0, 0, 0, 1, 0, 0, 0, 0, 0, 0, 0, 0, 0, 0, 0, 0, 1, 1, 0, 0, 0, 0, 1, 0, 0, 1, 0, 0, 0, 0, 0, 0, 0, 0, 0, 0, 0, 0, 0, 1, 0, 0, 0, 0, 0, 0, 0, 0, 0, 0, 0, 0, 1, 0, 1, 0, 1, 1, 0, 0, 0, 0, 0, 0, 0] 
dagF34.txt 4_1x1.txt 0.22119815668202766 0.65 463.0 [0, 0, 0, 0, 0, 0, 0, 0, 0, 0, 0, 0, 0, 0, 0, 1, 0, 0, 0, 0, 0, 0, 0, 0, 0, 0, 1, 0, 1, 0, 0, 1, 0, 0, 0, 0, 0, 0, 0, 0, 0, 1, 0, 0, 0, 0, 0, 0, 0, 1, 0, 0, 1, 0, 1, 1, 1, 0, 0, 1, 0, 0, 0, 0, 1, 0, 0, 0, 1, 0, 0, 0, 1, 1, 0] 
dagF34.txt 4_1x1.txt 0.17972350230414746 0.6 463.0 [0, 1, 0, 0, 0, 0, 0, 0, 1, 0, 0, 0, 1, 0, 1, 0, 0, 1, 0, 0, 1, 1, 1, 0, 0, 1, 0, 0, 0, 0, 0, 0, 1, 1, 0, 1, 1, 0, 0, 1, 0, 0, 0, 0, 0, 0, 0, 0, 0, 0, 0, 0, 0, 0, 0, 0, 0, 1, 0, 0, 0, 0, 0, 0, 0, 0, 0, 0, 0, 0, 0, 0, 0, 0, 0] 
dagF34.txt 4_1x1.txt 0.2119815668202765 0.4 463.0 [0, 1, 0, 0, 0, 0, 1, 0, 0, 1, 0, 0, 1, 1, 1, 0, 0, 0, 0, 0, 0, 0, 0, 0, 0, 0, 0, 1, 0, 0, 0, 0, 1, 1, 0, 1, 1, 0, 0, 0, 0, 0, 0, 0, 0, 0, 0, 0, 0, 0, 0, 0, 0, 0, 0, 0, 0, 0, 0, 0, 0, 0, 1, 0, 0, 0, 0, 1, 0, 0, 0, 0, 0, 0, 0] 
dagF34.txt 4_1x1.txt 0.18433179723502305 0.7 463.0 [0, 0, 0, 0, 0, 0, 0, 0, 0, 0, 0, 0, 0, 0, 0, 1, 0, 0, 0, 0, 0, 0, 0, 0, 1, 0, 0, 1, 1, 0, 0, 1, 1, 0, 0, 1, 0, 0, 0, 0, 0, 1, 0, 0, 0, 0, 0, 0, 1, 0, 0, 0, 0, 0, 0, 0, 0, 1, 0, 0, 1, 0, 1, 0, 0, 0, 0, 0, 1, 0, 1, 0, 0, 0, 0] 
dagF34.txt 4_1x1.txt 0.16589861751152074 0.45 463.0 [0, 1, 0, 0, 0, 0, 0, 0, 1, 0, 1, 0, 1, 0, 1, 1, 0, 1, 0, 0, 0, 0, 1, 0, 0, 0, 1, 0, 1, 1, 0, 0, 0, 0, 0, 0, 0, 0, 0, 0, 0, 0, 1, 0, 0, 0, 0, 0, 0, 0, 0, 1, 0, 0, 0, 0, 0, 0, 0, 0, 0, 0, 0, 0, 0, 0, 1, 0, 0, 0, 0, 0, 0, 0, 0] 
dagF34.txt 4_1x1.txt 0.16129032258064516 0.5 463.0 [0, 1, 1, 1, 0, 0, 0, 0, 0, 1, 1, 0, 1, 0, 0, 0, 1, 0, 0, 0, 0, 0, 0, 0, 0, 1, 1, 1, 0, 0, 0, 0, 0, 0, 0, 0, 0, 0, 0, 0, 0, 0, 0, 0, 0, 0, 0, 0, 0, 1, 0, 0, 0, 0, 0, 0, 0, 0, 0, 0, 0, 0, 0, 0, 1, 0, 0, 1, 0, 0, 0, 0, 0, 0, 0] 
dagF34.txt 4_1x1.txt 0.2119815668202765 0.8 463.0 [0, 1, 1, 0, 0, 0, 0, 0, 0, 0, 0, 0, 1, 0, 0, 0, 1, 0, 0, 0, 0, 0, 0, 0, 1, 0, 1, 1, 0, 0, 1, 0, 0, 0, 0, 0, 0, 0, 0, 0, 1, 0, 0, 0, 0, 0, 0, 0, 0, 1, 1, 0, 0, 1, 0, 1, 0, 0, 0, 0, 0, 0, 0, 0, 1, 0, 0, 0, 1, 0, 0, 0, 0, 0, 0] 
dagF34.txt 4_1x1.txt 0.17050691244239632 0.55 463.0 [0, 0, 0, 0, 0, 0, 1, 0, 1, 0, 0, 0, 0, 1, 0, 1, 0, 1, 0, 0, 0, 0, 1, 1, 0, 0, 0, 1, 1, 0, 0, 0, 0, 0, 0, 0, 0, 1, 0, 0, 0, 0, 0, 0, 0, 0, 1, 0, 0, 0, 0, 0, 0, 0, 0, 0, 0, 0, 0, 0, 0, 0, 0, 0, 0, 0, 0, 1, 0, 0, 0, 0, 0, 0, 0] 
dagF34.txt 4_1x1.txt 0.1382488479262673 0.35 463.0 [1, 1, 1, 0, 1, 0, 0, 0, 1, 1, 1, 0, 1, 0, 0, 1, 1, 1, 0, 1, 0, 0, 1, 0, 0, 0, 1, 0, 1, 0, 0, 0, 0, 0, 0, 0, 0, 0, 0, 0, 0, 0, 0, 0, 0, 0, 0, 0, 0, 0, 0, 0, 0, 0, 0, 0, 0, 0, 0, 0, 0, 0, 0, 0, 0, 0, 0, 0, 0, 0, 0, 0, 0, 0, 0] 
dagF34.txt 4_1x1.txt 0.2626728110599078 1 463.0 [1, 0, 0, 1, 0, 0, 0, 1, 1, 1, 1, 0, 0, 0, 1, 0, 1, 0, 0, 1, 0, 1, 1, 0, 0, 0, 0, 0, 0, 0, 0, 0, 0, 1, 0, 0, 1, 0, 0, 0, 0, 0, 0, 0, 0, 0, 0, 0, 1, 0, 0, 0, 0, 0, 0, 0, 0, 0, 0, 0, 1, 0, 0, 0, 0, 1, 0, 0, 1, 1, 0, 0, 0, 0, 0] 
dagF34.txt 4_1x1.txt 0.19815668202764977 0.3 463.5 [0, 0, 0, 0, 1, 0, 1, 0, 1, 0, 0, 0, 0, 0, 0, 0, 0, 1, 0, 0, 0, 0, 1, 0, 0, 0, 0, 1, 0, 0, 0, 0, 0, 0, 0, 0, 0, 0, 0, 1, 0, 0, 1, 0, 0, 0, 0, 1, 0, 0, 0, 1, 0, 0, 0, 0, 0, 0, 0, 0, 0, 0, 0, 0, 0, 0, 1, 1, 0, 0, 0, 0, 0, 0, 0] 
dagF34.txt 5_4_3_2x3.txt 0.09216589861751152 0.1 316.6 [4, 4, 4, 4, 4, 4, 4, 4, 4, 4, 4, 4, 4, 4, 4, 0, 4, 4, 4, 4, 0, 4, 4, 4, 0, 4, 4, 0, 0, 0, 0, 0, 0, 0, 0, 0, 0, 0, 0, 4, 0, 0, 0, 0, 0, 0, 0, 0, 0, 0, 0, 0, 0, 0, 0, 0, 0, 0, 0, 0, 0, 0, 0, 0, 0, 0, 0, 0, 0, 0, 0, 0, 0, 0, 0] 
dagF34.txt 4_1x1.txt 0.2350230414746544 0.9 463.0 [1, 0, 0, 0, 0, 0, 0, 0, 1, 0, 0, 0, 0, 0, 1, 1, 1, 0, 0, 1, 0, 1, 0, 1, 0, 1, 1, 0, 0, 0, 0, 0, 0, 1, 0, 0, 1, 0, 0, 1, 0, 0, 0, 0, 0, 1, 0, 1, 0, 0, 0, 0, 0, 0, 0, 0, 0, 0, 0, 0, 0, 0, 0, 0, 1, 0, 0, 0, 0, 0, 0, 0, 0, 0, 0] 
dagF34.txt 4_1x1.txt 0.17050691244239632 0.25 463.0 [0, 1, 0, 0, 0, 0, 0, 0, 1, 0, 0, 0, 1, 0, 0, 1, 1, 1, 0, 0, 0, 0, 1, 0, 0, 0, 0, 1, 1, 1, 0, 0, 0, 0, 0, 0, 0, 0, 0, 0, 0, 1, 0, 0, 0, 0, 0, 0, 0, 1, 0, 0, 0, 0, 0, 0, 0, 0, 0, 0, 0, 0, 0, 0, 0, 0, 0, 0, 1, 0, 0, 0, 0, 0, 0] 
dagF34.txt 5_4_3_2x3.txt 0.14746543778801843 0.15 256.2 [4, 4, 4, 4, 4, 4, 4, 4, 4, 4, 4, 4, 4, 4, 4, 4, 4, 4, 4, 4, 4, 4, 4, 0, 4, 4, 4, 0, 4, 4, 0, 4, 0, 4, 0, 0, 4, 0, 0, 4, 0, 0, 0, 0, 0, 0, 0, 0, 0, 4, 0, 4, 0, 0, 0, 0, 0, 0, 0, 0, 0, 0, 0, 0, 0, 0, 0, 0, 0, 0, 0, 0, 0, 0, 0] 
dagF34.txt 5_4_3_2x3.txt 0.5852534562211982 0.65 59.333333333333336 [1, 6, 6, 10, 10, 1, 1, 1, 9, 6, 10, 1, 6, 1, 1, 9, 6, 9, 10, 1, 0, 1, 9, 11, 3, 10, 3, 7, 9, 9, 0, 4, 2, 5, 5, 2, 5, 0, 0, 10, 0, 8, 2, 8, 0, 5, 0, 2, 4, 3, 0, 5, 4, 0, 8, 7, 4, 2, 2, 4, 4, 8, 4, 0, 8, 8, 11, 5, 8, 5, 4, 8, 8, 7, 0] 
dagF34.txt 5_4_3_2x3.txt 0.7142857142857143 0.8 58.5 [9, 4, 4, 0, 9, 9, 8, 4, 9, 9, 5, 4, 4, 9, 3, 11, 4, 3, 0, 9, 11, 0, 3, 9, 5, 2, 0, 1, 6, 11, 1, 8, 10, 3, 8, 10, 8, 8, 1, 0, 5, 6, 6, 4, 8, 1, 8, 6, 2, 4, 5, 8, 1, 5, 7, 7, 8, 10, 6, 1, 2, 2, 10, 7, 0, 0, 5, 5, 6, 6, 1, 2, 0, 7, 0] 
dagF34.txt 5_4_3_2x3.txt 0.6497695852534562 0.7 58.0 [10, 8, 6, 8, 6, 10, 10, 6, 2, 8, 0, 6, 2, 10, 2, 0, 6, 2, 6, 10, 0, 2, 2, 4, 9, 3, 10, 9, 0, 4, 1, 5, 0, 0, 4, 0, 5, 9, 1, 8, 9, 7, 8, 4, 1, 4, 9, 8, 5, 4, 1, 5, 7, 1, 4, 11, 0, 5, 8, 11, 5, 7, 5, 1, 4, 8, 3, 9, 7, 8, 11, 8, 1, 11, 9] 
dagF34.txt 5_4_3_2x3.txt 0.5483870967741935 0.55 71.2 [9, 9, 5, 9, 5, 5, 5, 5, 10, 9, 9, 5, 9, 7, 9, 4, 5, 10, 5, 5, 4, 9, 10, 1, 8, 7, 3, 0, 4, 4, 8, 4, 4, 0, 4, 0, 0, 8, 8, 9, 8, 2, 6, 4, 8, 0, 8, 6, 0, 3, 8, 4, 4, 8, 1, 1, 1, 8, 0, 6, 0, 2, 0, 1, 3, 2, 6, 8, 2, 0, 0, 2, 1, 1, 1] 
dagF34.txt 5_4_3_2x3.txt 0.4930875576036866 0.5 80.25 [9, 9, 9, 8, 8, 8, 8, 8, 1, 9, 2, 8, 9, 8, 8, 1, 9, 1, 8, 8, 2, 8, 1, 8, 4, 8, 8, 5, 1, 2, 4, 1, 1, 2, 5, 6, 2, 4, 4, 8, 4, 0, 5, 1, 4, 5, 4, 5, 6, 0, 4, 2, 4, 4, 0, 0, 0, 1, 5, 4, 6, 0, 6, 4, 0, 0, 5, 5, 0, 5, 6, 0, 0, 0, 4] 
dagF34.txt 5_4_3_2x3.txt 0.4377880184331797 0.45 89.8 [8, 8, 8, 5, 8, 8, 8, 8, 5, 8, 5, 8, 8, 8, 5, 2, 8, 5, 8, 8, 2, 5, 5, 0, 4, 5, 2, 1, 2, 2, 4, 4, 9, 1, 4, 9, 1, 4, 4, 5, 0, 2, 9, 0, 4, 1, 4, 9, 1, 2, 0, 4, 4, 0, 0, 0, 0, 4, 9, 4, 1, 0, 1, 4, 0, 9, 9, 0, 2, 9, 1, 0, 0, 0, 4] 
dagF34.txt 5_4_3_2x3.txt 0.576036866359447 0.6 60.6 [4, 9, 9, 4, 4, 4, 9, 4, 10, 4, 4, 4, 9, 7, 4, 6, 9, 10, 4, 4, 0, 4, 10, 11, 8, 7, 3, 5, 6, 0, 1, 6, 0, 5, 5, 2, 2, 1, 1, 4, 8, 8, 5, 0, 8, 5, 1, 5, 2, 3, 8, 6, 1, 8, 0, 8, 6, 0, 5, 1, 2, 0, 10, 1, 3, 8, 11, 9, 8, 5, 2, 0, 0, 8, 1] 
dagF34.txt 5_4_3_2x3.txt 0.39631336405529954 0.4 109.8 [4, 4, 4, 9, 4, 4, 4, 4, 9, 4, 9, 4, 4, 4, 9, 1, 4, 9, 4, 4, 1, 9, 9, 5, 1, 9, 1, 5, 1, 1, 0, 1, 5, 1, 5, 8, 1, 0, 0, 9, 0, 1, 8, 5, 5, 5, 0, 8, 8, 1, 0, 1, 0, 0, 0, 0, 0, 5, 8, 0, 8, 8, 8, 0, 0, 8, 8, 0, 1, 8, 8, 8, 0, 0, 0] 
dagF34.txt 5_4_3_2x3.txt 0.1889400921658986 0.2 231.4 [4, 4, 4, 4, 4, 4, 4, 4, 4, 4, 4, 4, 4, 4, 4, 4, 4, 4, 4, 4, 4, 4, 4, 0, 4, 4, 4, 8, 4, 4, 4, 4, 4, 0, 0, 0, 0, 0, 0, 4, 0, 4, 0, 0, 4, 0, 0, 0, 0, 4, 0, 4, 0, 0, 0, 0, 0, 4, 0, 0, 0, 0, 0, 0, 0, 0, 0, 0, 4, 0, 0, 0, 0, 0, 0] 
dagF34.txt 5_4_3_2x3.txt 0.663594470046083 1 57.8 [2, 5, 5, 7, 11, 7, 2, 9, 4, 5, 11, 11, 5, 2, 9, 8, 5, 9, 7, 2, 9, 7, 9, 11, 6, 0, 8, 5, 8, 8, 1, 0, 1, 2, 0, 3, 10, 6, 1, 7, 0, 9, 4, 6, 1, 4, 6, 4, 10, 8, 0, 1, 0, 0, 10, 3, 4, 1, 4, 3, 4, 10, 0, 0, 8, 10, 9, 8, 9, 4, 4, 10, 0, 3, 6] 
dagF34.txt 5_4_3_2x3.txt 0.33640552995391704 0.35 136.8 [4, 4, 4, 4, 4, 4, 4, 4, 4, 4, 4, 4, 4, 4, 4, 1, 4, 4, 4, 4, 0, 4, 4, 0, 0, 4, 1, 8, 1, 1, 0, 8, 0, 8, 8, 8, 8, 0, 0, 4, 0, 0, 8, 0, 0, 8, 0, 8, 8, 1, 0, 8, 8, 0, 0, 0, 5, 0, 8, 8, 8, 8, 8, 0, 1, 0, 8, 8, 0, 8, 8, 8, 5, 0, 0] 
dagF34.txt 5_4_3_2x3.txt 0.2995391705069124 0.3 154.4 [0, 0, 0, 0, 0, 0, 0, 0, 0, 0, 0, 0, 0, 0, 0, 8, 0, 0, 0, 0, 0, 0, 0, 0, 4, 0, 0, 8, 8, 8, 0, 0, 4, 8, 8, 8, 8, 4, 4, 0, 4, 4, 8, 4, 4, 8, 4, 8, 8, 8, 4, 8, 8, 4, 4, 4, 8, 4, 8, 8, 8, 4, 8, 4, 4, 4, 8, 4, 4, 8, 8, 4, 4, 4, 4] 
dagF34.txt 5_4_3_2x3.txt 0.24423963133640553 0.25 169.8 [8, 8, 8, 8, 8, 8, 8, 8, 8, 8, 8, 8, 8, 8, 8, 0, 8, 8, 8, 8, 0, 8, 8, 4, 0, 8, 8, 0, 0, 0, 4, 0, 0, 0, 0, 0, 0, 4, 4, 8, 4, 0, 0, 4, 0, 0, 4, 0, 0, 0, 4, 0, 4, 4, 4, 4, 4, 0, 0, 4, 0, 4, 0, 4, 4, 4, 4, 4, 0, 0, 0, 4, 4, 4, 4] 
dagF34.txt 4_1x4.txt 0.09216589861751152 0.1 395.75 [2, 2, 2, 2, 2, 2, 2, 2, 2, 2, 2, 2, 2, 2, 2, 0, 2, 2, 2, 2, 0, 2, 2, 2, 0, 2, 2, 0, 0, 0, 0, 0, 0, 0, 0, 0, 0, 0, 0, 2, 0, 0, 0, 0, 0, 0, 0, 0, 0, 0, 0, 0, 0, 0, 0, 0, 0, 0, 0, 0, 0, 0, 0, 0, 0, 0, 0, 0, 0, 0, 0, 0, 0, 0, 0] 
dagF34.txt 5_4_3_2x3.txt 0.6451612903225806 0.9 57.666666666666664 [4, 11, 1, 8, 9, 9, 4, 9, 8, 11, 8, 9, 11, 4, 4, 1, 9, 4, 9, 4, 2, 8, 4, 9, 2, 3, 4, 9, 1, 5, 0, 1, 2, 4, 7, 8, 4, 0, 0, 8, 6, 6, 10, 7, 0, 7, 0, 10, 8, 2, 6, 1, 0, 6, 5, 6, 5, 2, 10, 0, 8, 5, 1, 0, 6, 10, 10, 3, 6, 7, 8, 10, 5, 5, 0] 
dagF34.txt 4_1x4.txt 0.14746543778801843 0.15 320.25 [2, 2, 2, 2, 2, 2, 2, 2, 2, 2, 2, 2, 2, 2, 2, 2, 2, 2, 2, 2, 2, 2, 2, 0, 2, 2, 2, 0, 2, 2, 0, 2, 0, 2, 0, 0, 2, 0, 0, 2, 0, 0, 0, 0, 0, 0, 0, 0, 0, 2, 0, 2, 0, 0, 0, 0, 0, 0, 0, 0, 0, 0, 0, 0, 0, 0, 0, 0, 0, 0, 0, 0, 0, 0, 0] 
dagF34.txt 4_1x4.txt 0.17511520737327188 0.2 289.25 [0, 0, 0, 0, 0, 0, 0, 0, 0, 0, 0, 0, 0, 0, 0, 0, 0, 0, 0, 0, 0, 0, 0, 2, 0, 0, 0, 2, 0, 0, 0, 0, 0, 2, 2, 2, 2, 2, 2, 0, 2, 0, 2, 2, 0, 2, 2, 2, 2, 0, 2, 0, 2, 2, 2, 2, 2, 0, 2, 2, 2, 2, 2, 2, 2, 2, 2, 2, 0, 2, 2, 2, 2, 2, 2] 
dagF34.txt 4_1x4.txt 0.5023041474654378 0.55 121.75 [0, 0, 0, 0, 0, 0, 1, 0, 0, 0, 2, 0, 0, 1, 2, 2, 0, 2, 0, 2, 2, 0, 2, 4, 2, 0, 0, 3, 2, 5, 4, 2, 2, 2, 6, 6, 2, 4, 4, 0, 2, 2, 6, 7, 4, 6, 4, 6, 6, 2, 4, 2, 4, 4, 4, 4, 6, 5, 6, 4, 6, 6, 6, 4, 6, 6, 7, 3, 2, 6, 6, 6, 4, 4, 4] 
dagF34.txt 4_1x4.txt 0.5023041474654378 0.65 121.75 [0, 0, 0, 0, 0, 0, 1, 0, 0, 0, 2, 0, 0, 1, 2, 2, 0, 2, 0, 2, 2, 0, 2, 4, 2, 0, 0, 3, 2, 5, 4, 2, 2, 2, 6, 6, 2, 4, 4, 0, 2, 2, 6, 7, 4, 6, 4, 6, 6, 2, 4, 2, 4, 4, 4, 4, 6, 5, 6, 4, 6, 6, 6, 4, 6, 6, 7, 3, 2, 6, 6, 6, 4, 4, 4] 
dagF34.txt 4_1x4.txt 0.5990783410138248 0.6 121.0 [2, 2, 2, 2, 2, 2, 4, 2, 3, 2, 1, 2, 2, 6, 2, 1, 2, 3, 2, 2, 0, 2, 3, 6, 0, 6, 5, 7, 1, 4, 0, 0, 0, 6, 0, 6, 6, 0, 4, 4, 0, 0, 6, 6, 2, 4, 0, 4, 4, 5, 0, 2, 0, 6, 0, 0, 6, 7, 6, 0, 4, 0, 4, 0, 5, 4, 6, 6, 0, 4, 4, 6, 4, 0, 0] 
dagF34.txt 4_1x4.txt 0.24423963133640553 0.25 212.25 [4, 4, 4, 4, 4, 4, 4, 4, 4, 4, 4, 4, 4, 4, 4, 0, 4, 4, 4, 4, 0, 4, 4, 2, 0, 4, 4, 0, 0, 0, 2, 0, 0, 0, 0, 0, 0, 2, 2, 4, 2, 0, 0, 2, 0, 0, 2, 0, 0, 0, 2, 0, 2, 2, 2, 2, 2, 0, 0, 2, 0, 2, 0, 2, 2, 2, 2, 2, 0, 0, 0, 2, 2, 2, 2] 
dagF34.txt 4_1x4.txt 0.4930875576036866 0.5 131.75 [0, 0, 0, 0, 0, 0, 1, 0, 0, 0, 2, 0, 0, 1, 2, 2, 0, 2, 0, 2, 2, 0, 2, 4, 2, 0, 0, 3, 2, 5, 4, 2, 2, 2, 6, 6, 2, 4, 4, 0, 2, 2, 6, 7, 4, 6, 4, 6, 6, 2, 4, 2, 4, 4, 4, 4, 6, 5, 6, 4, 6, 6, 6, 4, 6, 6, 6, 3, 2, 6, 6, 6, 4, 4, 4] 
dagF34.txt 4_1x4.txt 0.2857142857142857 0.3 193.0 [4, 4, 4, 4, 4, 4, 4, 4, 4, 4, 4, 4, 4, 4, 4, 4, 4, 4, 4, 4, 0, 4, 4, 4, 2, 4, 4, 6, 0, 0, 2, 0, 0, 0, 0, 0, 0, 2, 2, 4, 2, 0, 0, 2, 0, 0, 2, 0, 0, 0, 2, 0, 2, 2, 2, 2, 2, 0, 0, 2, 0, 2, 0, 2, 2, 2, 2, 2, 0, 0, 0, 2, 2, 2, 2] 
dagF34.txt 4_1x4.txt 0.6589861751152074 0.8 120.5 [7, 2, 7, 0, 6, 6, 2, 6, 0, 7, 1, 6, 2, 0, 0, 3, 0, 0, 6, 7, 0, 0, 3, 6, 3, 0, 6, 4, 4, 1, 4, 6, 0, 0, 2, 0, 4, 5, 6, 0, 6, 0, 2, 0, 4, 2, 5, 2, 2, 6, 6, 4, 6, 4, 6, 6, 2, 4, 2, 6, 4, 2, 1, 5, 6, 2, 4, 4, 0, 2, 4, 2, 2, 6, 5] 
dagF34.txt 4_1x4.txt 0.6036866359447005 0.7 120.5 [0, 0, 0, 4, 6, 6, 2, 4, 7, 0, 6, 6, 0, 1, 4, 6, 6, 7, 4, 6, 4, 4, 7, 6, 4, 2, 6, 1, 5, 2, 0, 6, 2, 0, 6, 0, 6, 3, 0, 4, 4, 4, 0, 2, 2, 6, 3, 0, 6, 2, 4, 6, 0, 4, 4, 4, 6, 2, 0, 0, 6, 4, 0, 4, 2, 4, 3, 5, 5, 0, 6, 4, 2, 4, 2] 
dagF34.txt 4_1x4.txt 0.4423963133640553 0.45 144.0 [0, 0, 0, 0, 0, 0, 1, 0, 0, 0, 2, 0, 0, 1, 2, 2, 0, 2, 0, 2, 2, 0, 2, 4, 2, 0, 0, 6, 2, 2, 4, 2, 2, 2, 6, 6, 2, 4, 4, 0, 2, 2, 6, 4, 4, 6, 4, 6, 6, 2, 4, 2, 4, 4, 4, 4, 6, 0, 6, 4, 6, 6, 6, 4, 6, 6, 6, 3, 2, 6, 6, 6, 4, 4, 4] 
dagF34.txt 4_1x4.txt 0.5714285714285714 1 118.0 [4, 3, 6, 4, 4, 4, 3, 1, 4, 4, 4, 6, 3, 0, 1, 2, 4, 2, 4, 4, 1, 4, 2, 6, 0, 4, 4, 1, 2, 5, 0, 6, 4, 6, 0, 4, 6, 0, 0, 4, 2, 1, 7, 0, 0, 6, 0, 7, 6, 0, 2, 6, 6, 2, 2, 2, 2, 0, 7, 6, 6, 6, 4, 2, 5, 2, 7, 0, 5, 6, 6, 2, 2, 2, 0] 
dagF34.txt 4_1x4.txt 0.3456221198156682 0.35 146.0 [4, 4, 4, 4, 4, 4, 4, 4, 0, 4, 4, 4, 4, 4, 0, 0, 4, 0, 4, 4, 0, 4, 0, 6, 0, 4, 4, 6, 0, 0, 0, 0, 0, 0, 6, 6, 0, 2, 2, 4, 2, 0, 6, 6, 2, 6, 2, 6, 6, 0, 2, 0, 2, 2, 2, 2, 2, 0, 6, 2, 6, 6, 6, 2, 2, 6, 6, 2, 0, 6, 6, 6, 2, 2, 2] 
dagF34.txt 4_1x2.txt 0.09216589861751152 0.1 395.75 [2, 2, 2, 2, 2, 2, 2, 2, 2, 2, 2, 2, 2, 2, 2, 0, 2, 2, 2, 2, 0, 2, 2, 2, 0, 2, 2, 0, 0, 0, 0, 0, 0, 0, 0, 0, 0, 0, 0, 2, 0, 0, 0, 0, 0, 0, 0, 0, 0, 0, 0, 0, 0, 0, 0, 0, 0, 0, 0, 0, 0, 0, 0, 0, 0, 0, 0, 0, 0, 0, 0, 0, 0, 0, 0] 
dagF34.txt 4_1x4.txt 0.3870967741935484 0.4 145.0 [0, 0, 0, 0, 0, 0, 1, 0, 0, 0, 2, 0, 0, 0, 2, 2, 0, 2, 0, 2, 2, 0, 2, 4, 2, 0, 0, 6, 2, 2, 4, 2, 2, 2, 6, 6, 2, 4, 4, 0, 2, 2, 6, 4, 4, 6, 4, 6, 6, 2, 4, 2, 4, 4, 4, 4, 6, 2, 6, 4, 6, 6, 6, 4, 6, 6, 6, 4, 2, 6, 6, 6, 4, 4, 4] 
dagF34.txt 4_1x4.txt 0.5944700460829493 0.9 121.0 [0, 7, 0, 4, 6, 0, 0, 6, 0, 0, 2, 6, 7, 0, 5, 0, 0, 5, 6, 0, 2, 2, 5, 4, 2, 4, 2, 6, 2, 2, 4, 0, 2, 7, 6, 3, 7, 4, 4, 2, 1, 3, 6, 4, 6, 6, 4, 6, 6, 2, 4, 0, 4, 4, 4, 1, 4, 2, 6, 2, 6, 3, 0, 4, 2, 6, 0, 1, 3, 6, 6, 6, 4, 2, 1] 
dagF34.txt 4_1x2.txt 0.14746543778801843 0.15 320.25 [2, 2, 2, 2, 2, 2, 2, 2, 2, 2, 2, 2, 2, 2, 2, 2, 2, 2, 2, 2, 2, 2, 2, 0, 2, 2, 2, 0, 2, 2, 0, 2, 0, 2, 0, 0, 2, 0, 0, 2, 0, 0, 0, 0, 0, 0, 0, 0, 0, 2, 0, 2, 0, 0, 0, 0, 0, 0, 0, 0, 0, 0, 0, 0, 0, 0, 0, 0, 0, 0, 0, 0, 0, 0, 0] 
dagF34.txt 4_1x2.txt 0.1889400921658986 0.2 289.5 [2, 2, 2, 2, 2, 2, 2, 2, 2, 2, 2, 2, 2, 2, 2, 2, 2, 2, 2, 2, 2, 2, 2, 2, 2, 2, 2, 0, 2, 2, 0, 2, 0, 2, 0, 0, 2, 0, 0, 2, 2, 0, 0, 0, 0, 0, 0, 0, 0, 2, 0, 2, 0, 0, 0, 0, 2, 0, 0, 0, 0, 0, 0, 0, 2, 0, 0, 0, 0, 0, 0, 0, 0, 0, 0] 
dagF34.txt 4_1x2.txt 0.3778801843317972 0.5 233.75 [2, 2, 2, 2, 2, 2, 2, 2, 2, 2, 2, 2, 2, 2, 2, 1, 2, 2, 2, 2, 0, 2, 2, 0, 0, 1, 1, 3, 1, 2, 0, 1, 0, 0, 0, 0, 0, 0, 3, 1, 0, 0, 0, 2, 2, 0, 0, 0, 0, 2, 0, 2, 0, 0, 0, 0, 1, 2, 0, 0, 0, 0, 3, 0, 3, 0, 2, 3, 0, 0, 0, 0, 0, 0, 0] 
dagF34.txt 4_1x2.txt 0.4009216589861751 0.7 233.0 [0, 0, 0, 0, 0, 0, 3, 0, 0, 0, 1, 0, 0, 0, 3, 2, 0, 2, 0, 0, 2, 0, 1, 1, 2, 0, 0, 3, 2, 1, 2, 2, 2, 0, 3, 3, 3, 2, 2, 0, 2, 2, 3, 2, 2, 0, 2, 3, 0, 2, 2, 2, 2, 2, 2, 2, 0, 1, 0, 0, 0, 2, 0, 2, 2, 2, 0, 1, 2, 0, 0, 2, 2, 2, 0] 
dagF34.txt 4_1x2.txt 0.3640552995391705 0.65 234.0 [0, 0, 0, 3, 0, 0, 0, 0, 0, 0, 3, 0, 0, 0, 3, 3, 0, 3, 0, 0, 0, 0, 3, 0, 3, 0, 0, 1, 0, 0, 2, 2, 0, 0, 2, 0, 3, 2, 2, 0, 2, 0, 2, 1, 2, 2, 2, 2, 2, 0, 2, 2, 2, 2, 2, 2, 2, 1, 2, 2, 2, 2, 2, 2, 1, 2, 0, 1, 0, 2, 2, 2, 2, 2, 2] 
dagF34.txt 4_1x2.txt 0.4930875576036866 0.6 234.0 [0, 1, 2, 0, 0, 0, 2, 0, 1, 1, 0, 0, 1, 2, 1, 2, 0, 2, 0, 0, 2, 1, 1, 1, 2, 0, 0, 3, 2, 2, 0, 0, 2, 2, 0, 2, 2, 3, 0, 0, 0, 2, 2, 2, 2, 0, 0, 2, 0, 2, 0, 3, 0, 0, 0, 0, 0, 2, 2, 3, 0, 2, 3, 0, 2, 0, 2, 3, 2, 2, 0, 0, 0, 0, 0] 
dagF34.txt 4_1x2.txt 0.39631336405529954 0.55 233.75 [2, 2, 2, 2, 2, 2, 2, 2, 2, 2, 2, 2, 2, 2, 2, 1, 2, 2, 2, 2, 1, 2, 2, 0, 1, 3, 1, 3, 1, 2, 0, 1, 0, 0, 0, 0, 0, 0, 3, 0, 0, 0, 0, 2, 2, 0, 0, 0, 0, 2, 0, 2, 0, 0, 0, 0, 0, 2, 0, 0, 1, 0, 3, 0, 1, 0, 2, 3, 0, 0, 0, 0, 0, 0, 0] 
dagF34.txt 4_1x2.txt 0.41013824884792627 0.8 233.75 [2, 2, 2, 2, 2, 2, 0, 2, 1, 2, 2, 2, 2, 3, 1, 0, 2, 1, 2, 2, 0, 2, 1, 1, 1, 0, 2, 3, 1, 0, 2, 0, 0, 0, 0, 0, 0, 2, 2, 2, 2, 2, 0, 0, 2, 0, 2, 0, 0, 2, 2, 0, 2, 2, 0, 2, 0, 0, 0, 2, 0, 0, 0, 2, 0, 2, 3, 3, 3, 0, 0, 0, 0, 2, 2] 
dagF34.txt 4_1x2.txt 0.3456221198156682 0.45 233.5 [2, 2, 2, 2, 2, 2, 2, 2, 2, 2, 1, 2, 2, 2, 1, 1, 2, 1, 2, 2, 0, 2, 1, 2, 0, 2, 1, 3, 1, 2, 0, 0, 1, 0, 0, 3, 0, 0, 0, 2, 0, 0, 0, 2, 2, 0, 0, 0, 0, 2, 0, 3, 0, 0, 0, 0, 0, 2, 0, 0, 0, 0, 3, 0, 2, 0, 2, 3, 0, 0, 0, 0, 0, 0, 0] 
dagF34.txt 4_1x2.txt 0.3087557603686636 0.35 238.5 [0, 3, 3, 0, 0, 0, 1, 0, 0, 0, 0, 0, 3, 3, 0, 0, 0, 0, 0, 0, 0, 0, 0, 2, 0, 0, 0, 3, 0, 0, 2, 0, 1, 0, 2, 1, 0, 2, 2, 0, 2, 0, 2, 2, 2, 2, 2, 2, 2, 0, 2, 0, 2, 2, 2, 2, 0, 1, 2, 2, 2, 2, 1, 2, 0, 2, 2, 2, 0, 2, 2, 2, 2, 2, 2] 
dagF34.txt 4_1x2.txt 0.2995391705069124 0.3 244.5 [2, 2, 2, 2, 2, 2, 3, 2, 2, 2, 2, 2, 2, 2, 2, 2, 2, 2, 2, 2, 2, 2, 2, 2, 0, 2, 2, 1, 2, 2, 0, 0, 1, 2, 0, 1, 2, 0, 0, 2, 0, 0, 0, 3, 0, 0, 0, 0, 0, 0, 0, 2, 0, 0, 0, 0, 0, 1, 0, 0, 0, 0, 1, 0, 0, 0, 2, 3, 1, 0, 0, 0, 0, 0, 0] 
dagF34.txt 4_1x2.txt 0.45161290322580644 1 232.75 [0, 0, 2, 0, 2, 2, 1, 0, 0, 0, 0, 2, 0, 3, 0, 2, 2, 0, 2, 0, 0, 0, 3, 2, 3, 0, 3, 1, 2, 0, 0, 2, 0, 0, 2, 2, 0, 2, 2, 0, 0, 0, 2, 2, 0, 2, 2, 2, 2, 3, 0, 0, 0, 0, 0, 1, 1, 2, 2, 2, 2, 0, 2, 0, 1, 2, 2, 3, 0, 2, 2, 2, 0, 1, 2] 
dagF34.txt 4_1x2.txt 0.24423963133640553 0.25 256.0 [2, 2, 2, 2, 2, 2, 2, 2, 2, 2, 2, 2, 2, 2, 2, 2, 2, 2, 2, 2, 2, 2, 2, 2, 0, 2, 2, 1, 2, 2, 0, 0, 1, 2, 0, 1, 2, 0, 0, 2, 0, 0, 0, 0, 0, 0, 0, 0, 0, 0, 0, 2, 0, 0, 0, 0, 0, 1, 0, 0, 0, 0, 1, 0, 0, 0, 2, 3, 1, 0, 0, 0, 0, 0, 0] 
dagF34.txt 4_1x2.txt 0.3824884792626728 0.4 233.0 [2, 2, 2, 2, 2, 2, 2, 2, 2, 2, 2, 2, 2, 2, 2, 1, 2, 2, 2, 2, 0, 2, 2, 0, 1, 3, 1, 3, 1, 2, 0, 0, 0, 0, 0, 0, 0, 0, 3, 0, 0, 0, 1, 2, 2, 0, 0, 1, 0, 2, 0, 2, 0, 0, 0, 0, 0, 2, 0, 0, 0, 0, 2, 0, 3, 0, 1, 3, 0, 0, 0, 0, 0, 0, 0] 
dagF34.txt 3_2x2.txt 0.09216589861751152 0.1 527.6666666666666 [2, 2, 2, 2, 2, 2, 2, 2, 2, 2, 2, 2, 2, 2, 2, 0, 2, 2, 2, 2, 0, 2, 2, 2, 0, 2, 2, 0, 0, 0, 0, 0, 0, 0, 0, 0, 0, 0, 0, 2, 0, 0, 0, 0, 0, 0, 0, 0, 0, 0, 0, 0, 0, 0, 0, 0, 0, 0, 0, 0, 0, 0, 0, 0, 0, 0, 0, 0, 0, 0, 0, 0, 0, 0, 0] 
dagF34.txt 4_1x2.txt 0.4055299539170507 0.9 233.0 [0, 0, 0, 0, 0, 0, 1, 0, 0, 0, 0, 0, 0, 3, 0, 0, 0, 0, 0, 0, 0, 0, 0, 2, 2, 3, 2, 1, 0, 0, 2, 3, 2, 0, 2, 2, 0, 2, 2, 3, 2, 0, 2, 2, 2, 2, 2, 2, 2, 2, 2, 0, 1, 2, 1, 2, 3, 2, 2, 2, 2, 0, 2, 1, 2, 0, 0, 3, 0, 2, 2, 0, 1, 2, 2] 
dagF34.txt 3_2x2.txt 0.14746543778801843 0.15 427.0 [2, 2, 2, 2, 2, 2, 2, 2, 2, 2, 2, 2, 2, 2, 2, 2, 2, 2, 2, 2, 2, 2, 2, 0, 2, 2, 2, 0, 2, 2, 0, 2, 0, 2, 0, 0, 2, 0, 0, 2, 0, 0, 0, 0, 0, 0, 0, 0, 0, 2, 0, 2, 0, 0, 0, 0, 0, 0, 0, 0, 0, 0, 0, 0, 0, 0, 0, 0, 0, 0, 0, 0, 0, 0, 0] 
dagF34.txt 3_2x2.txt 0.1889400921658986 0.2 368.0 [0, 0, 0, 0, 0, 0, 0, 0, 0, 0, 0, 0, 0, 0, 0, 0, 0, 0, 0, 0, 0, 0, 0, 0, 0, 0, 0, 2, 0, 0, 2, 0, 1, 0, 2, 1, 0, 2, 2, 0, 2, 0, 2, 2, 2, 2, 2, 2, 2, 0, 2, 0, 2, 2, 2, 2, 2, 1, 2, 2, 2, 2, 2, 2, 2, 2, 2, 2, 0, 2, 2, 2, 2, 2, 2] 
dagF34.txt 3_2x2.txt 0.4377880184331797 0.7 232.66666666666666 [1, 1, 1, 1, 1, 1, 0, 1, 1, 1, 3, 1, 1, 0, 1, 3, 1, 3, 1, 1, 3, 1, 3, 2, 3, 2, 1, 2, 3, 2, 3, 3, 3, 2, 0, 0, 2, 0, 3, 1, 2, 3, 0, 2, 3, 0, 0, 0, 0, 0, 3, 2, 3, 2, 2, 2, 2, 0, 0, 0, 0, 2, 0, 2, 2, 2, 0, 0, 3, 0, 0, 2, 2, 2, 0] 
dagF34.txt 3_2x2.txt 0.4377880184331797 0.65 233.66666666666666 [3, 0, 0, 3, 3, 3, 2, 3, 3, 0, 3, 3, 0, 3, 3, 1, 0, 3, 3, 3, 1, 3, 3, 0, 1, 3, 1, 1, 1, 1, 2, 2, 2, 2, 2, 2, 2, 0, 0, 3, 0, 1, 2, 0, 2, 2, 0, 2, 2, 1, 0, 2, 0, 0, 0, 0, 2, 2, 2, 0, 2, 1, 2, 0, 1, 0, 2, 1, 1, 2, 2, 0, 0, 0, 0] 
dagF34.txt 3_2x2.txt 0.43317972350230416 0.5 234.0 [2, 2, 2, 2, 2, 2, 3, 2, 2, 2, 2, 2, 2, 2, 2, 1, 2, 2, 2, 2, 0, 2, 2, 3, 0, 3, 2, 3, 1, 2, 0, 1, 1, 1, 0, 1, 1, 0, 0, 2, 0, 0, 0, 3, 3, 1, 0, 1, 0, 2, 0, 3, 0, 0, 0, 0, 1, 3, 1, 0, 1, 0, 0, 0, 1, 0, 3, 3, 0, 1, 1, 0, 0, 0, 0] 
dagF34.txt 3_2x2.txt 0.4838709677419355 0.55 234.0 [2, 2, 2, 2, 2, 2, 1, 2, 1, 2, 2, 2, 2, 0, 1, 3, 2, 1, 2, 2, 0, 1, 1, 2, 0, 2, 2, 1, 3, 3, 0, 3, 0, 1, 1, 2, 3, 0, 0, 2, 0, 0, 2, 0, 0, 1, 0, 2, 3, 0, 0, 3, 0, 0, 0, 3, 3, 1, 2, 0, 3, 3, 3, 0, 0, 2, 1, 1, 3, 2, 3, 2, 0, 2, 0] 
dagF34.txt 3_2x2.txt 0.4009216589861751 0.9 233.66666666666666 [1, 2, 1, 1, 1, 1, 1, 1, 3, 1, 1, 1, 2, 1, 0, 0, 1, 0, 2, 1, 3, 1, 3, 2, 3, 1, 1, 3, 3, 3, 2, 0, 3, 0, 0, 0, 0, 0, 2, 2, 2, 3, 0, 2, 3, 0, 2, 0, 0, 3, 2, 0, 0, 2, 2, 2, 2, 3, 0, 0, 0, 2, 0, 0, 2, 2, 0, 2, 3, 0, 0, 2, 2, 2, 0] 
dagF34.txt 3_2x2.txt 0.4470046082949309 0.45 234.66666666666666 [2, 2, 2, 0, 2, 2, 2, 2, 0, 2, 0, 2, 2, 2, 0, 0, 2, 0, 2, 2, 2, 0, 0, 1, 2, 0, 1, 1, 0, 1, 3, 0, 2, 0, 1, 0, 0, 3, 3, 0, 3, 0, 0, 1, 2, 0, 3, 0, 0, 1, 3, 1, 3, 3, 3, 3, 1, 2, 0, 3, 0, 1, 1, 3, 3, 3, 2, 2, 0, 0, 0, 0, 1, 3, 3] 
dagF34.txt 3_2x2.txt 0.4608294930875576 0.8 233.0 [0, 0, 0, 0, 0, 0, 3, 0, 0, 0, 0, 0, 0, 0, 2, 2, 0, 2, 0, 0, 2, 0, 2, 3, 2, 0, 0, 1, 2, 2, 3, 2, 1, 2, 2, 1, 2, 0, 3, 2, 3, 2, 1, 3, 3, 2, 0, 1, 1, 2, 3, 2, 2, 3, 2, 0, 1, 3, 1, 0, 1, 2, 1, 3, 3, 2, 3, 1, 2, 1, 1, 2, 1, 0, 0] 
dagF34.txt 3_2x2.txt 0.4009216589861751 1 233.5 [0, 0, 0, 0, 0, 0, 0, 0, 0, 0, 0, 0, 0, 0, 0, 2, 0, 2, 0, 0, 2, 0, 2, 3, 2, 0, 2, 1, 2, 2, 0, 2, 1, 2, 2, 2, 2, 0, 0, 0, 3, 3, 1, 2, 1, 2, 3, 2, 1, 2, 3, 2, 1, 3, 3, 3, 3, 1, 1, 1, 1, 3, 2, 1, 2, 3, 1, 3, 3, 2, 1, 1, 3, 3, 1] 
dagF34.txt 3_2x2.txt 0.45622119815668205 0.6 233.66666666666666 [2, 2, 2, 2, 2, 2, 3, 2, 2, 2, 2, 2, 2, 3, 2, 1, 2, 2, 2, 2, 1, 2, 1, 3, 1, 2, 1, 3, 1, 2, 0, 0, 1, 1, 0, 1, 1, 0, 0, 2, 0, 1, 0, 2, 3, 1, 0, 1, 0, 2, 0, 3, 0, 0, 0, 0, 0, 3, 0, 0, 0, 1, 3, 0, 0, 0, 3, 3, 1, 1, 0, 0, 0, 0, 0] 
dagF34.txt 3_2x2.txt 0.3824884792626728 0.4 234.5 [3, 3, 3, 2, 3, 3, 3, 3, 2, 3, 2, 3, 3, 3, 2, 2, 3, 2, 3, 3, 2, 2, 2, 0, 2, 2, 2, 3, 2, 2, 1, 2, 0, 2, 0, 0, 2, 1, 1, 2, 1, 2, 0, 0, 0, 0, 1, 0, 0, 2, 1, 2, 1, 1, 1, 1, 1, 0, 0, 1, 0, 0, 0, 1, 2, 0, 0, 0, 2, 0, 0, 0, 1, 1, 1] 
dagF34.txt 3_2x2.txt 0.24423963133640553 0.25 341.3333333333333 [2, 2, 2, 2, 2, 2, 2, 2, 2, 2, 2, 2, 2, 2, 2, 2, 2, 2, 2, 2, 2, 2, 2, 2, 0, 2, 2, 1, 2, 2, 0, 0, 1, 2, 0, 1, 2, 0, 0, 2, 0, 0, 0, 0, 0, 0, 0, 0, 0, 0, 0, 2, 0, 0, 0, 0, 0, 1, 0, 0, 0, 0, 1, 0, 0, 0, 2, 1, 1, 0, 0, 0, 0, 0, 0] 
dagF34.txt 3_2x2.txt 0.3456221198156682 0.35 268.6666666666667 [1, 1, 1, 1, 1, 1, 0, 1, 2, 1, 1, 1, 1, 1, 1, 3, 1, 2, 1, 1, 2, 1, 2, 0, 0, 1, 3, 3, 3, 3, 0, 2, 2, 2, 3, 2, 2, 0, 0, 1, 0, 0, 3, 0, 0, 2, 0, 3, 2, 3, 0, 2, 0, 0, 0, 0, 2, 2, 2, 0, 2, 0, 2, 0, 3, 0, 3, 0, 0, 2, 2, 0, 0, 0, 0] 
dagF34.txt 3_2x2.txt 0.2995391705069124 0.3 284.3333333333333 [2, 2, 2, 2, 2, 2, 2, 2, 2, 2, 2, 2, 2, 2, 2, 1, 2, 2, 2, 2, 0, 2, 2, 0, 0, 2, 2, 2, 1, 1, 0, 1, 3, 1, 1, 3, 1, 0, 0, 2, 0, 0, 1, 0, 0, 1, 0, 1, 1, 1, 0, 1, 0, 0, 0, 0, 0, 1, 1, 0, 1, 0, 3, 0, 0, 0, 0, 2, 0, 1, 1, 0, 0, 0, 0] 
dagF34.txt 5_4_3_2x1.txt 0.08755760368663594 0.1 331.4 [1, 1, 1, 1, 1, 1, 1, 1, 1, 1, 1, 1, 1, 1, 1, 0, 1, 1, 1, 1, 0, 1, 1, 1, 0, 0, 1, 0, 0, 0, 0, 0, 0, 0, 0, 0, 0, 0, 0, 0, 0, 0, 0, 0, 0, 0, 0, 0, 0, 0, 0, 0, 0, 0, 0, 0, 0, 0, 0, 0, 0, 0, 0, 0, 0, 0, 0, 0, 0, 0, 0, 0, 0, 0, 0] 
dagF34.txt 5_4_3_2x1.txt 0.14746543778801843 0.15 258.25 [1, 1, 1, 1, 1, 1, 1, 1, 1, 1, 1, 1, 1, 1, 1, 1, 1, 1, 1, 1, 1, 1, 1, 0, 1, 1, 1, 0, 1, 1, 0, 1, 0, 1, 0, 0, 1, 0, 0, 1, 0, 0, 0, 0, 0, 0, 0, 0, 0, 1, 0, 1, 0, 0, 0, 0, 0, 0, 0, 0, 0, 0, 0, 0, 0, 0, 0, 0, 0, 0, 0, 0, 0, 0, 0] 
dagF34.txt 5_4_3_2x1.txt 0.4608294930875576 0.7 167.25 [3, 0, 3, 1, 0, 0, 3, 0, 3, 0, 1, 0, 0, 3, 1, 1, 0, 3, 0, 3, 1, 1, 3, 2, 1, 1, 1, 3, 1, 1, 0, 1, 1, 1, 2, 2, 1, 0, 0, 1, 0, 1, 2, 2, 2, 2, 2, 2, 0, 1, 0, 1, 0, 0, 0, 0, 0, 1, 2, 0, 0, 0, 2, 0, 0, 2, 1, 2, 1, 2, 0, 0, 0, 0, 2] 
dagF34.txt 5_4_3_2x1.txt 0.45622119815668205 0.6 166.75 [2, 2, 2, 1, 2, 2, 3, 2, 2, 2, 1, 2, 2, 3, 2, 1, 2, 2, 2, 2, 1, 2, 2, 0, 0, 0, 2, 3, 1, 1, 0, 0, 0, 1, 0, 0, 1, 0, 0, 0, 0, 1, 1, 3, 3, 1, 0, 1, 1, 1, 0, 3, 0, 0, 0, 0, 1, 1, 1, 0, 1, 0, 0, 0, 0, 0, 1, 3, 1, 1, 1, 0, 0, 0, 0] 
dagF34.txt 5_4_3_2x1.txt 0.37327188940092165 0.55 166.8 [2, 2, 2, 2, 2, 2, 1, 2, 1, 2, 1, 2, 2, 2, 2, 1, 2, 1, 2, 2, 1, 2, 1, 0, 1, 2, 1, 3, 1, 1, 0, 0, 3, 0, 0, 3, 0, 0, 0, 2, 0, 1, 0, 0, 0, 0, 0, 1, 0, 1, 0, 1, 0, 0, 0, 0, 0, 3, 0, 0, 3, 1, 3, 0, 3, 0, 3, 1, 1, 1, 0, 0, 0, 0, 0] 
dagF34.txt 5_4_3_2x1.txt 0.4470046082949309 0.65 166.5 [2, 2, 3, 2, 2, 2, 3, 2, 2, 2, 2, 2, 2, 3, 2, 1, 2, 2, 2, 1, 1, 2, 2, 1, 1, 1, 1, 3, 1, 1, 0, 0, 1, 0, 0, 1, 0, 0, 2, 0, 0, 0, 0, 1, 1, 0, 0, 0, 0, 1, 0, 3, 0, 0, 0, 0, 0, 1, 0, 0, 0, 0, 1, 0, 1, 1, 3, 3, 0, 0, 0, 0, 0, 0, 0] 
dagF34.txt 5_4_3_2x1.txt 0.18433179723502305 0.2 241.25 [1, 1, 1, 1, 1, 1, 1, 1, 1, 1, 1, 1, 1, 1, 1, 1, 1, 1, 1, 1, 1, 1, 1, 1, 0, 1, 1, 2, 1, 1, 0, 0, 2, 1, 0, 2, 1, 0, 0, 1, 0, 0, 0, 0, 0, 0, 0, 0, 0, 0, 0, 1, 0, 0, 0, 0, 0, 0, 0, 0, 0, 0, 2, 0, 0, 0, 0, 0, 2, 0, 0, 0, 0, 0, 0] 
dagF34.txt 5_4_3_2x1.txt 0.43317972350230416 0.45 167.33333333333334 [1, 1, 1, 1, 1, 1, 3, 1, 2, 1, 2, 1, 1, 3, 1, 2, 1, 2, 1, 1, 2, 1, 2, 0, 2, 1, 1, 3, 2, 2, 0, 0, 2, 0, 0, 2, 0, 0, 1, 1, 0, 2, 0, 1, 1, 0, 0, 0, 0, 2, 0, 3, 0, 0, 0, 0, 0, 3, 0, 0, 0, 0, 3, 0, 2, 0, 1, 3, 2, 0, 0, 0, 0, 0, 0] 
dagF34.txt 5_4_3_2x1.txt 0.3778801843317972 0.8 167.5 [0, 0, 0, 0, 0, 0, 0, 0, 0, 0, 0, 0, 0, 0, 3, 3, 0, 3, 0, 0, 3, 0, 0, 2, 3, 0, 1, 3, 3, 0, 2, 3, 1, 3, 1, 1, 3, 2, 2, 0, 2, 3, 1, 2, 0, 1, 2, 1, 1, 1, 2, 0, 2, 2, 1, 2, 2, 0, 1, 1, 1, 1, 1, 2, 1, 1, 1, 2, 3, 1, 1, 1, 2, 1, 2] 
dagF34.txt 5_4_3_2x1.txt 0.41935483870967744 0.5 166.66666666666666 [1, 1, 1, 1, 1, 1, 1, 1, 1, 1, 1, 1, 1, 1, 1, 2, 1, 2, 1, 1, 0, 1, 2, 1, 0, 2, 2, 3, 2, 3, 0, 0, 0, 0, 0, 0, 0, 0, 3, 2, 0, 2, 0, 3, 3, 0, 0, 0, 0, 2, 2, 2, 0, 2, 0, 0, 0, 1, 0, 0, 0, 0, 3, 2, 2, 0, 1, 3, 2, 0, 0, 0, 0, 0, 0] 
dagF34.txt 5_4_3_2x1.txt 0.39631336405529954 0.4 167.2 [1, 1, 1, 1, 1, 1, 1, 1, 1, 1, 1, 1, 1, 1, 2, 2, 1, 2, 1, 1, 2, 1, 2, 0, 2, 1, 2, 3, 2, 3, 0, 0, 2, 2, 0, 2, 2, 0, 0, 1, 0, 0, 2, 3, 3, 0, 0, 2, 0, 2, 0, 3, 0, 0, 0, 0, 0, 1, 2, 0, 0, 0, 0, 0, 2, 0, 3, 3, 0, 0, 0, 0, 0, 0, 0] 
dagF34.txt 5_4_3_2x1.txt 0.33640552995391704 0.35 185.6 [2, 2, 2, 2, 2, 2, 0, 2, 1, 2, 2, 2, 2, 2, 2, 0, 2, 1, 2, 2, 1, 2, 1, 0, 0, 2, 3, 3, 0, 0, 0, 1, 1, 1, 3, 1, 1, 0, 0, 2, 0, 0, 3, 0, 0, 1, 0, 3, 1, 3, 0, 1, 0, 0, 0, 0, 1, 1, 1, 0, 1, 0, 1, 0, 3, 0, 3, 0, 0, 1, 1, 0, 0, 0, 0] 
dagF34.txt 5_4_3_2x1.txt 0.2857142857142857 0.3 180.4 [1, 1, 1, 1, 1, 1, 1, 1, 1, 1, 1, 1, 1, 1, 1, 2, 1, 1, 1, 1, 0, 1, 1, 0, 0, 1, 1, 3, 2, 2, 0, 2, 3, 2, 2, 3, 2, 0, 0, 1, 0, 0, 2, 0, 0, 2, 0, 2, 2, 2, 0, 2, 0, 0, 0, 0, 0, 3, 2, 0, 2, 0, 3, 0, 0, 0, 0, 0, 0, 2, 2, 0, 0, 0, 0] 
dagF34.txt 5_4_3_2x1.txt 0.23963133640552994 0.25 208.6 [1, 1, 1, 1, 1, 1, 1, 1, 1, 1, 1, 1, 1, 1, 1, 2, 1, 1, 1, 1, 1, 1, 1, 1, 0, 1, 2, 1, 2, 2, 0, 2, 2, 1, 0, 2, 2, 0, 0, 1, 0, 0, 0, 0, 0, 0, 0, 0, 0, 2, 0, 2, 0, 0, 0, 0, 0, 2, 0, 0, 0, 0, 2, 0, 2, 0, 0, 0, 0, 0, 0, 0, 0, 0, 0] 
dagF34.txt 5_4_3_2x1.txt 0.45622119815668205 1 166.0 [2, 1, 1, 1, 2, 2, 2, 0, 0, 1, 1, 2, 1, 2, 0, 2, 2, 0, 2, 2, 0, 1, 0, 0, 1, 1, 1, 3, 2, 2, 1, 2, 0, 0, 0, 0, 2, 0, 1, 1, 0, 2, 0, 0, 1, 3, 0, 0, 3, 1, 1, 2, 0, 1, 0, 0, 3, 1, 0, 0, 3, 0, 0, 1, 1, 0, 3, 3, 2, 3, 3, 0, 0, 0, 0] 
dagF34.txt 5_4_3_2x4.txt 0.09216589861751152 0.1 316.6 [4, 4, 4, 4, 4, 4, 4, 4, 4, 4, 4, 4, 4, 4, 4, 0, 4, 4, 4, 4, 0, 4, 4, 4, 0, 4, 4, 0, 0, 0, 0, 0, 0, 0, 0, 0, 0, 0, 0, 4, 0, 0, 0, 0, 0, 0, 0, 0, 0, 0, 0, 0, 0, 0, 0, 0, 0, 0, 0, 0, 0, 0, 0, 0, 0, 0, 0, 0, 0, 0, 0, 0, 0, 0, 0] 
dagF34.txt 5_4_3_2x4.txt 0.14746543778801843 0.15 256.2 [4, 4, 4, 4, 4, 4, 4, 4, 4, 4, 4, 4, 4, 4, 4, 4, 4, 4, 4, 4, 4, 4, 4, 0, 4, 4, 4, 0, 4, 4, 0, 4, 0, 4, 0, 0, 4, 0, 0, 4, 0, 0, 0, 0, 0, 0, 0, 0, 0, 4, 0, 4, 0, 0, 0, 0, 0, 0, 0, 0, 0, 0, 0, 0, 0, 0, 0, 0, 0, 0, 0, 0, 0, 0, 0] 
dagF34.txt 5_4_3_2x1.txt 0.4147465437788018 0.9 166.33333333333334 [0, 0, 0, 0, 0, 0, 0, 0, 0, 0, 0, 0, 0, 0, 2, 0, 0, 2, 0, 0, 2, 0, 2, 3, 3, 0, 2, 1, 0, 2, 2, 3, 1, 2, 1, 1, 2, 3, 2, 0, 1, 2, 1, 0, 1, 1, 3, 1, 1, 2, 2, 2, 1, 2, 1, 3, 3, 3, 1, 1, 1, 0, 1, 1, 2, 1, 1, 3, 2, 1, 1, 1, 0, 3, 0] 
dagF34.txt 5_4_3_2x4.txt 0.5483870967741935 0.55 59.5 [0, 6, 0, 6, 0, 0, 0, 0, 13, 6, 6, 0, 6, 0, 13, 5, 6, 13, 0, 0, 8, 13, 13, 12, 8, 13, 8, 4, 5, 5, 4, 5, 8, 8, 2, 9, 8, 1, 4, 13, 4, 4, 2, 12, 4, 2, 1, 2, 9, 8, 4, 5, 4, 4, 12, 1, 9, 5, 9, 1, 9, 12, 9, 1, 8, 12, 2, 1, 4, 2, 9, 12, 12, 1, 1] 
dagF34.txt 5_4_3_2x4.txt 0.5898617511520737 0.6 50.25 [13, 10, 6, 4, 4, 13, 10, 2, 4, 13, 4, 6, 10, 13, 2, 5, 10, 7, 4, 13, 2, 4, 7, 6, 14, 4, 13, 6, 5, 5, 0, 5, 3, 2, 0, 1, 2, 9, 0, 4, 12, 2, 8, 12, 0, 8, 9, 8, 1, 14, 0, 5, 0, 0, 12, 12, 12, 3, 8, 9, 1, 1, 9, 0, 14, 8, 8, 9, 2, 8, 1, 8, 12, 12, 9] 
dagF34.txt 5_4_3_2x4.txt 0.1935483870967742 0.2 231.2 [4, 4, 4, 4, 4, 4, 4, 4, 4, 4, 4, 4, 4, 4, 4, 4, 4, 4, 4, 4, 4, 4, 4, 0, 4, 4, 4, 8, 4, 4, 0, 4, 4, 4, 0, 4, 4, 0, 0, 4, 0, 4, 0, 0, 0, 0, 0, 0, 0, 4, 0, 4, 0, 0, 0, 0, 0, 0, 0, 0, 0, 0, 4, 0, 0, 0, 0, 0, 0, 0, 0, 0, 0, 0, 0] 
dagF34.txt 5_4_3_2x4.txt 0.4976958525345622 0.5 71.5 [12, 9, 9, 12, 9, 12, 12, 4, 4, 9, 9, 9, 9, 12, 4, 5, 9, 4, 12, 12, 4, 12, 4, 9, 5, 12, 5, 13, 5, 5, 8, 5, 8, 4, 13, 1, 4, 1, 8, 12, 0, 4, 13, 0, 8, 13, 1, 13, 13, 5, 8, 4, 8, 8, 0, 1, 0, 8, 13, 1, 13, 0, 1, 8, 5, 0, 0, 1, 4, 13, 13, 0, 0, 1, 1] 
dagF34.txt 5_4_3_2x4.txt 0.6866359447004609 0.7 45.6 [10, 8, 14, 8, 6, 8, 1, 6, 1, 8, 6, 6, 8, 10, 1, 5, 14, 1, 8, 10, 7, 8, 1, 13, 2, 10, 2, 14, 5, 9, 4, 5, 7, 12, 4, 7, 13, 9, 9, 8, 0, 0, 4, 4, 4, 12, 2, 12, 13, 15, 0, 5, 9, 13, 0, 0, 3, 4, 12, 9, 13, 0, 11, 5, 11, 15, 4, 12, 0, 12, 13, 0, 3, 0, 12] 
dagF34.txt 5_4_3_2x4.txt 0.24423963133640553 0.25 169.8 [8, 8, 8, 8, 8, 8, 8, 8, 8, 8, 8, 8, 8, 8, 8, 0, 8, 8, 8, 8, 0, 8, 8, 4, 0, 8, 8, 0, 0, 0, 4, 0, 0, 0, 0, 0, 0, 4, 4, 8, 4, 0, 0, 4, 0, 0, 4, 0, 0, 0, 4, 0, 4, 4, 4, 4, 4, 0, 0, 4, 0, 4, 0, 4, 4, 4, 4, 4, 0, 0, 0, 4, 4, 4, 4] 
dagF34.txt 5_4_3_2x4.txt 0.4377880184331797 0.45 89.8 [8, 8, 8, 1, 8, 8, 8, 8, 1, 8, 1, 8, 8, 8, 1, 9, 8, 1, 8, 8, 9, 1, 1, 0, 4, 1, 9, 12, 9, 9, 4, 4, 5, 12, 4, 5, 12, 4, 4, 1, 0, 9, 5, 0, 4, 12, 4, 5, 12, 9, 0, 4, 4, 0, 0, 0, 0, 4, 5, 4, 12, 0, 12, 4, 0, 5, 5, 0, 9, 5, 12, 0, 0, 0, 4] 
dagF34.txt 5_4_3_2x4.txt 0.7188940092165899 0.8 45.0 [8, 5, 8, 7, 12, 12, 9, 12, 5, 8, 7, 12, 5, 8, 6, 10, 12, 6, 12, 8, 15, 5, 6, 0, 0, 3, 8, 5, 10, 10, 13, 13, 4, 15, 4, 4, 15, 0, 13, 7, 12, 6, 1, 3, 2, 4, 0, 1, 4, 14, 12, 8, 13, 4, 14, 12, 9, 2, 1, 13, 11, 0, 4, 2, 14, 1, 13, 9, 6, 1, 11, 1, 9, 0, 0] 
dagF34.txt 5_4_3_2x4.txt 0.2857142857142857 0.3 154.8 [8, 8, 8, 8, 8, 8, 8, 8, 8, 8, 8, 8, 8, 8, 8, 8, 8, 8, 8, 8, 0, 8, 8, 8, 4, 8, 8, 4, 0, 0, 0, 0, 0, 0, 4, 0, 0, 0, 0, 8, 0, 0, 4, 4, 0, 4, 4, 4, 0, 4, 0, 0, 0, 0, 4, 4, 4, 0, 4, 0, 0, 4, 0, 0, 4, 4, 4, 4, 0, 4, 0, 4, 4, 4, 4] 
dagF34.txt 5_4_3_2x4.txt 0.6497695852534562 0.65 47.25 [14, 10, 15, 12, 12, 12, 14, 9, 3, 10, 12, 12, 10, 14, 9, 9, 12, 9, 12, 14, 2, 12, 3, 5, 2, 13, 13, 15, 9, 11, 0, 0, 0, 2, 6, 8, 2, 5, 0, 13, 4, 9, 1, 5, 7, 6, 5, 1, 8, 13, 4, 6, 0, 4, 4, 4, 4, 7, 1, 0, 8, 8, 8, 0, 12, 1, 1, 5, 13, 1, 8, 1, 4, 4, 0] 
dagF34.txt 5_4_3_2x4.txt 0.3456221198156682 0.35 116.8 [8, 8, 8, 8, 8, 8, 8, 8, 0, 8, 8, 8, 8, 8, 0, 0, 8, 0, 8, 8, 0, 8, 0, 12, 0, 8, 8, 12, 0, 0, 0, 0, 0, 0, 12, 12, 0, 4, 4, 8, 4, 0, 12, 12, 4, 12, 4, 12, 12, 0, 4, 0, 4, 4, 4, 4, 4, 0, 12, 4, 12, 12, 12, 4, 4, 12, 12, 4, 0, 12, 12, 12, 4, 4, 4] 
dagF34.txt 5_4_3_2x4.txt 0.39631336405529954 0.4 109.8 [4, 4, 4, 5, 4, 4, 4, 4, 5, 4, 5, 4, 4, 4, 5, 12, 4, 5, 4, 4, 12, 5, 5, 1, 12, 5, 12, 1, 12, 12, 0, 12, 1, 12, 1, 8, 12, 0, 0, 5, 0, 12, 8, 1, 1, 1, 0, 8, 8, 12, 0, 12, 0, 0, 0, 0, 0, 1, 8, 0, 8, 8, 8, 0, 0, 8, 8, 0, 12, 8, 8, 8, 0, 0, 0] 
dagF34.txt 5_4_3_2x4.txt 0.7142857142857143 1 44.0 [9, 15, 8, 4, 12, 12, 9, 12, 4, 4, 4, 12, 15, 9, 4, 7, 12, 4, 12, 9, 5, 4, 4, 11, 10, 8, 8, 1, 3, 5, 12, 7, 5, 1, 8, 2, 1, 6, 1, 7, 12, 10, 8, 9, 10, 1, 6, 8, 13, 13, 12, 8, 0, 3, 14, 6, 0, 5, 13, 0, 13, 14, 2, 0, 11, 14, 2, 6, 10, 13, 13, 14, 5, 0, 0] 
dagF34.txt 4_1x3.txt 0.09216589861751152 0.1 395.75 [2, 2, 2, 2, 2, 2, 2, 2, 2, 2, 2, 2, 2, 2, 2, 0, 2, 2, 2, 2, 0, 2, 2, 2, 0, 2, 2, 0, 0, 0, 0, 0, 0, 0, 0, 0, 0, 0, 0, 2, 0, 0, 0, 0, 0, 0, 0, 0, 0, 0, 0, 0, 0, 0, 0, 0, 0, 0, 0, 0, 0, 0, 0, 0, 0, 0, 0, 0, 0, 0, 0, 0, 0, 0, 0] 
dagF34.txt 4_1x3.txt 0.14746543778801843 0.15 320.25 [2, 2, 2, 2, 2, 2, 2, 2, 2, 2, 2, 2, 2, 2, 2, 2, 2, 2, 2, 2, 2, 2, 2, 0, 2, 2, 2, 0, 2, 2, 0, 2, 0, 2, 0, 0, 2, 0, 0, 2, 0, 0, 0, 0, 0, 0, 0, 0, 0, 2, 0, 2, 0, 0, 0, 0, 0, 0, 0, 0, 0, 0, 0, 0, 0, 0, 0, 0, 0, 0, 0, 0, 0, 0, 0] 
dagF34.txt 5_4_3_2x4.txt 0.7050691244239631 0.9 44.8 [15, 1, 3, 11, 12, 12, 13, 12, 14, 15, 12, 12, 1, 4, 14, 4, 12, 14, 12, 4, 12, 11, 14, 0, 2, 4, 15, 5, 4, 9, 5, 5, 8, 12, 7, 8, 1, 13, 5, 11, 0, 4, 8, 1, 6, 7, 13, 8, 9, 2, 0, 1, 5, 0, 10, 0, 9, 6, 8, 5, 9, 10, 8, 6, 2, 10, 8, 13, 4, 7, 9, 10, 0, 0, 13] 
dagF34.txt 4_1x3.txt 0.5253456221198156 0.55 157.25 [2, 2, 2, 2, 2, 2, 3, 2, 2, 2, 2, 2, 2, 5, 4, 4, 2, 4, 2, 2, 4, 2, 4, 0, 4, 3, 2, 5, 4, 4, 0, 0, 4, 4, 0, 4, 4, 0, 3, 0, 0, 0, 0, 2, 4, 1, 0, 2, 0, 4, 0, 4, 1, 0, 0, 0, 0, 2, 4, 0, 1, 0, 4, 0, 4, 0, 2, 5, 3, 1, 1, 0, 0, 0, 0] 
dagF34.txt 4_1x3.txt 0.5299539170506913 0.6 156.5 [2, 2, 2, 2, 2, 2, 3, 2, 4, 2, 4, 2, 2, 5, 4, 4, 2, 4, 2, 2, 4, 2, 4, 0, 0, 2, 3, 3, 4, 5, 0, 0, 1, 4, 0, 1, 4, 0, 1, 2, 0, 4, 0, 2, 2, 0, 0, 0, 0, 4, 0, 4, 0, 4, 0, 0, 0, 2, 0, 0, 0, 4, 1, 4, 4, 4, 2, 5, 4, 0, 0, 0, 3, 0, 0] 
dagF34.txt 4_1x3.txt 0.19815668202764977 0.2 288.75 [2, 2, 2, 2, 2, 2, 2, 2, 2, 2, 2, 2, 2, 2, 2, 2, 2, 2, 2, 2, 2, 2, 2, 2, 2, 2, 2, 2, 2, 2, 0, 2, 0, 2, 0, 0, 2, 0, 0, 2, 0, 0, 0, 0, 0, 0, 0, 0, 0, 2, 0, 2, 0, 0, 0, 0, 0, 0, 0, 0, 0, 0, 0, 0, 2, 0, 0, 4, 0, 0, 0, 0, 0, 0, 0] 
dagF34.txt 4_1x3.txt 0.42857142857142855 0.45 167.75 [0, 0, 0, 0, 0, 0, 1, 0, 0, 0, 0, 0, 0, 3, 0, 4, 0, 0, 0, 0, 0, 0, 0, 2, 4, 0, 0, 1, 4, 5, 4, 4, 4, 0, 4, 2, 0, 4, 4, 0, 2, 2, 2, 5, 4, 2, 4, 2, 2, 4, 4, 4, 4, 4, 2, 2, 2, 3, 2, 4, 2, 2, 2, 4, 4, 2, 3, 1, 2, 2, 2, 2, 2, 2, 4] 
dagF34.txt 4_1x3.txt 0.4700460829493088 0.5 158.75 [4, 4, 5, 4, 4, 4, 1, 4, 4, 4, 4, 4, 4, 3, 4, 4, 4, 4, 4, 4, 0, 4, 4, 4, 2, 4, 4, 1, 0, 3, 0, 0, 0, 0, 2, 0, 0, 0, 0, 4, 0, 0, 2, 2, 5, 2, 2, 2, 0, 2, 0, 0, 0, 0, 2, 2, 2, 1, 2, 0, 0, 2, 0, 0, 2, 2, 5, 3, 0, 2, 0, 2, 2, 2, 2] 
dagF34.txt 4_1x3.txt 0.543778801843318 0.8 157.0 [1, 5, 0, 4, 0, 4, 3, 2, 5, 4, 0, 5, 5, 0, 2, 1, 5, 1, 4, 1, 4, 4, 1, 0, 4, 0, 1, 2, 0, 0, 4, 4, 4, 2, 2, 2, 2, 2, 4, 0, 4, 0, 3, 0, 4, 2, 2, 3, 2, 0, 4, 2, 4, 4, 2, 4, 4, 0, 2, 4, 4, 2, 2, 4, 0, 0, 3, 2, 0, 2, 4, 2, 2, 4, 2] 
dagF34.txt 4_1x3.txt 0.5806451612903226 0.65 157.5 [4, 4, 4, 4, 2, 2, 4, 2, 2, 4, 4, 2, 4, 3, 2, 4, 4, 2, 2, 2, 0, 2, 2, 0, 3, 4, 2, 5, 4, 4, 0, 0, 1, 0, 0, 1, 0, 0, 2, 2, 0, 0, 0, 2, 2, 0, 0, 2, 0, 4, 0, 2, 0, 4, 0, 0, 4, 2, 0, 0, 3, 3, 1, 0, 1, 2, 5, 5, 0, 0, 0, 0, 4, 0, 0] 
dagF34.txt 4_1x3.txt 0.3456221198156682 0.35 181.5 [4, 4, 4, 4, 4, 4, 1, 4, 4, 4, 4, 4, 4, 4, 4, 4, 4, 4, 4, 4, 0, 4, 4, 4, 2, 4, 4, 1, 0, 0, 2, 0, 0, 0, 0, 0, 0, 2, 2, 4, 2, 0, 0, 2, 0, 0, 2, 0, 0, 0, 2, 0, 2, 2, 2, 2, 2, 0, 0, 2, 0, 2, 0, 2, 2, 2, 2, 1, 0, 0, 0, 2, 2, 2, 2] 
dagF34.txt 4_1x3.txt 0.391705069124424 0.4 176.75 [4, 4, 4, 4, 4, 4, 4, 3, 3, 4, 4, 4, 4, 4, 3, 1, 4, 3, 4, 4, 0, 4, 3, 5, 0, 5, 4, 2, 1, 2, 0, 0, 0, 2, 0, 1, 2, 0, 0, 5, 0, 1, 2, 5, 0, 2, 0, 2, 2, 0, 0, 0, 0, 0, 0, 0, 2, 2, 2, 0, 2, 2, 2, 0, 0, 2, 2, 2, 1, 2, 2, 2, 0, 0, 0] 
dagF34.txt 4_1x3.txt 0.24423963133640553 0.25 202.0 [4, 4, 4, 4, 4, 4, 4, 4, 4, 4, 4, 4, 4, 4, 4, 0, 4, 4, 4, 4, 0, 4, 4, 2, 0, 4, 4, 0, 0, 0, 2, 0, 0, 0, 0, 0, 0, 2, 2, 4, 2, 2, 0, 2, 0, 0, 2, 0, 0, 0, 2, 0, 2, 2, 2, 2, 2, 0, 0, 2, 0, 2, 0, 2, 2, 2, 2, 2, 2, 0, 0, 2, 2, 2, 2] 
dagF34.txt 4_1x3.txt 0.2857142857142857 0.3 193.5 [4, 4, 4, 4, 4, 4, 4, 4, 4, 4, 4, 4, 4, 4, 4, 4, 4, 4, 4, 4, 0, 4, 4, 4, 2, 4, 4, 2, 0, 0, 0, 0, 0, 0, 2, 0, 0, 0, 0, 4, 0, 0, 2, 2, 0, 2, 2, 2, 0, 2, 0, 0, 0, 0, 2, 2, 2, 0, 2, 0, 0, 2, 0, 0, 2, 2, 2, 2, 0, 2, 0, 2, 2, 2, 2] 
dagF34.txt 4_1x3.txt 0.5345622119815668 1 156.5 [0, 4, 4, 2, 3, 0, 0, 0, 3, 0, 3, 0, 4, 0, 2, 2, 4, 2, 0, 0, 0, 2, 2, 0, 0, 2, 5, 1, 2, 0, 2, 2, 1, 0, 0, 1, 2, 0, 2, 2, 4, 4, 0, 0, 2, 4, 0, 0, 2, 5, 4, 2, 2, 4, 4, 4, 4, 0, 2, 4, 2, 4, 1, 4, 5, 4, 5, 3, 4, 2, 2, 2, 4, 4, 4] 
dagF34.txt 3_2x1.txt 0.09216589861751152 0.1 527.6666666666666 [1, 1, 1, 1, 1, 1, 1, 1, 1, 1, 1, 1, 1, 1, 1, 0, 1, 1, 1, 1, 0, 1, 1, 1, 0, 1, 1, 0, 0, 0, 0, 0, 0, 0, 0, 0, 0, 0, 0, 1, 0, 0, 0, 0, 0, 0, 0, 0, 0, 0, 0, 0, 0, 0, 0, 0, 0, 0, 0, 0, 0, 0, 0, 0, 0, 0, 0, 0, 0, 0, 0, 0, 0, 0, 0] 
dagF34.txt 4_1x3.txt 0.5529953917050692 0.7 157.5 [0, 5, 0, 0, 0, 0, 5, 0, 1, 5, 0, 0, 5, 2, 1, 3, 0, 1, 0, 0, 4, 0, 1, 0, 4, 0, 0, 2, 3, 0, 4, 4, 4, 4, 2, 4, 4, 4, 2, 1, 4, 4, 2, 2, 0, 3, 4, 3, 2, 0, 4, 2, 4, 2, 2, 4, 4, 2, 4, 4, 4, 2, 2, 4, 0, 0, 2, 2, 4, 0, 4, 2, 2, 4, 4] 
dagF34.txt 3_2x1.txt 0.14285714285714285 0.15 466.0 [1, 1, 1, 1, 1, 1, 1, 1, 1, 1, 1, 1, 1, 1, 1, 1, 1, 1, 1, 1, 1, 1, 1, 1, 0, 1, 0, 1, 1, 1, 0, 0, 0, 1, 0, 0, 0, 0, 0, 1, 0, 0, 0, 0, 0, 0, 0, 0, 0, 0, 0, 0, 0, 0, 0, 0, 0, 0, 0, 0, 0, 0, 0, 0, 0, 0, 0, 0, 0, 0, 0, 0, 0, 0, 0] 
dagF34.txt 4_1x3.txt 0.45161290322580644 0.9 157.75 [4, 4, 5, 4, 4, 4, 1, 4, 4, 4, 4, 4, 4, 3, 4, 4, 4, 4, 4, 4, 2, 4, 4, 4, 2, 4, 4, 1, 2, 5, 2, 2, 2, 0, 0, 0, 2, 2, 2, 4, 2, 2, 0, 5, 2, 0, 2, 0, 0, 0, 2, 2, 2, 2, 0, 2, 0, 3, 0, 2, 0, 0, 0, 2, 0, 0, 3, 1, 2, 0, 0, 0, 0, 2, 2] 
dagF34.txt 3_2x1.txt 0.12903225806451613 0.2 470.6666666666667 [1, 1, 1, 1, 1, 1, 1, 1, 1, 1, 1, 1, 1, 1, 1, 1, 1, 1, 1, 1, 0, 1, 1, 1, 0, 1, 1, 1, 1, 1, 0, 0, 0, 0, 0, 0, 0, 0, 0, 1, 0, 0, 0, 0, 0, 0, 0, 0, 0, 0, 0, 0, 0, 0, 0, 0, 0, 0, 0, 0, 0, 0, 0, 0, 0, 0, 0, 0, 0, 0, 0, 0, 0, 0, 0] 
dagF34.txt 3_2x1.txt 0.2350230414746544 0.65 463.0 [1, 1, 1, 1, 0, 0, 1, 0, 1, 1, 1, 0, 1, 1, 1, 1, 0, 1, 0, 1, 1, 1, 1, 0, 1, 1, 1, 0, 1, 1, 0, 1, 0, 1, 0, 0, 1, 0, 0, 1, 0, 1, 0, 0, 0, 0, 0, 0, 0, 1, 0, 1, 0, 0, 0, 0, 0, 0, 0, 0, 0, 0, 0, 0, 0, 0, 0, 0, 1, 0, 0, 0, 0, 0, 0] 
dagF34.txt 3_2x1.txt 0.3317972350230415 0.5 463.0 [1, 1, 0, 0, 0, 0, 1, 0, 1, 1, 0, 0, 1, 0, 1, 1, 0, 1, 0, 0, 0, 1, 1, 0, 0, 1, 0, 1, 1, 1, 0, 1, 0, 1, 0, 0, 1, 0, 0, 1, 0, 0, 1, 0, 0, 0, 0, 1, 0, 1, 0, 1, 0, 0, 0, 0, 0, 0, 1, 0, 0, 0, 0, 0, 1, 0, 1, 1, 0, 0, 0, 0, 0, 0, 0] 
dagF34.txt 3_2x1.txt 0.1889400921658986 0.6 463.3333333333333 [1, 1, 1, 1, 1, 1, 1, 1, 1, 1, 1, 1, 1, 1, 1, 0, 1, 1, 1, 1, 0, 1, 1, 1, 1, 1, 1, 0, 0, 0, 1, 0, 0, 0, 0, 0, 0, 1, 0, 1, 0, 1, 0, 0, 0, 0, 1, 0, 0, 1, 0, 0, 0, 0, 0, 0, 0, 0, 0, 0, 0, 0, 0, 0, 0, 0, 0, 0, 1, 0, 0, 0, 0, 0, 0] 
dagF34.txt 3_2x1.txt 0.28110599078341014 0.55 463.0 [1, 1, 1, 0, 0, 0, 0, 0, 1, 1, 0, 0, 1, 1, 1, 0, 0, 1, 0, 0, 0, 1, 1, 0, 0, 1, 0, 1, 0, 0, 0, 0, 0, 1, 0, 1, 1, 0, 0, 1, 0, 0, 1, 0, 0, 1, 0, 1, 0, 0, 0, 0, 0, 0, 0, 0, 0, 0, 1, 1, 1, 0, 1, 0, 0, 0, 1, 1, 0, 1, 1, 0, 0, 0, 0] 
dagF34.txt 3_2x1.txt 0.31336405529953915 0.4 463.0 [0, 1, 1, 0, 0, 0, 1, 0, 1, 1, 0, 0, 1, 1, 1, 1, 0, 1, 0, 0, 1, 1, 1, 0, 0, 0, 0, 1, 1, 1, 0, 0, 1, 0, 0, 1, 0, 0, 0, 0, 0, 1, 1, 0, 0, 0, 0, 1, 0, 1, 0, 0, 0, 0, 0, 0, 0, 0, 0, 0, 0, 0, 0, 0, 0, 1, 1, 1, 1, 1, 0, 0, 0, 0, 0] 
dagF34.txt 3_2x1.txt 0.15668202764976957 0.25 463.0 [1, 1, 1, 1, 1, 1, 1, 1, 1, 1, 1, 1, 1, 1, 1, 0, 1, 1, 1, 1, 0, 1, 1, 0, 0, 1, 1, 0, 0, 0, 0, 0, 1, 0, 0, 1, 0, 0, 0, 0, 0, 0, 0, 0, 0, 0, 0, 1, 0, 1, 0, 0, 0, 0, 0, 0, 0, 0, 0, 0, 0, 0, 1, 0, 1, 0, 0, 0, 0, 1, 0, 0, 0, 0, 0] 
dagF34.txt 3_2x1.txt 0.2350230414746544 0.3 463.6666666666667 [1, 1, 1, 1, 1, 1, 0, 1, 1, 1, 1, 1, 1, 0, 1, 1, 1, 1, 1, 1, 1, 1, 1, 0, 1, 1, 1, 0, 1, 0, 0, 1, 0, 1, 0, 0, 1, 0, 0, 1, 0, 1, 0, 0, 0, 0, 0, 0, 0, 0, 0, 0, 0, 0, 0, 0, 1, 0, 0, 0, 0, 0, 0, 0, 1, 0, 0, 0, 1, 0, 0, 0, 0, 0, 0] 
dagF34.txt 3_2x1.txt 0.30414746543778803 0.45 463.3333333333333 [1, 1, 1, 1, 0, 0, 0, 0, 1, 1, 1, 0, 1, 0, 1, 1, 0, 1, 0, 0, 0, 1, 1, 0, 0, 1, 1, 1, 1, 1, 0, 1, 0, 0, 0, 1, 0, 0, 0, 1, 0, 0, 0, 0, 0, 1, 0, 0, 1, 0, 0, 0, 0, 0, 0, 0, 0, 0, 0, 0, 1, 0, 1, 0, 1, 0, 0, 1, 0, 0, 1, 0, 0, 0, 0] 
dagF34.txt 3_2x1.txt 0.1889400921658986 0.35 463.5 [1, 1, 1, 1, 1, 1, 1, 1, 1, 1, 1, 1, 1, 1, 1, 0, 1, 1, 1, 1, 0, 1, 1, 0, 0, 1, 1, 1, 0, 0, 0, 0, 0, 0, 0, 0, 0, 0, 0, 1, 0, 0, 0, 0, 0, 1, 0, 0, 0, 0, 0, 0, 0, 0, 0, 0, 0, 1, 0, 0, 0, 0, 0, 0, 0, 0, 1, 1, 0, 0, 0, 0, 0, 0, 0] 
dagF34.txt 3_2x1.txt 0.23963133640552994 0.8 463.0 [0, 0, 0, 0, 0, 0, 0, 0, 0, 0, 0, 0, 0, 0, 0, 0, 0, 0, 0, 0, 0, 0, 0, 1, 1, 0, 0, 1, 0, 0, 0, 0, 1, 0, 1, 1, 0, 1, 0, 0, 0, 1, 1, 1, 1, 1, 1, 1, 1, 0, 0, 0, 0, 0, 0, 0, 1, 1, 1, 1, 1, 1, 1, 0, 0, 0, 1, 1, 1, 1, 1, 1, 0, 0, 1] 
dagF34.txt 3_2x1.txt 0.2534562211981567 1 463.0 [1, 1, 1, 1, 0, 0, 1, 0, 1, 1, 0, 0, 1, 0, 0, 1, 1, 1, 1, 0, 1, 1, 1, 0, 1, 1, 1, 0, 1, 1, 0, 1, 0, 0, 0, 0, 1, 0, 0, 1, 0, 1, 0, 0, 0, 0, 0, 0, 0, 1, 0, 1, 0, 0, 0, 0, 1, 0, 0, 0, 0, 0, 0, 0, 1, 0, 0, 0, 1, 0, 0, 0, 0, 0, 0] 
dagF34.txt 3_2x1.txt 0.2119815668202765 0.7 463.0 [1, 1, 1, 1, 1, 1, 0, 1, 1, 1, 1, 1, 1, 1, 1, 0, 1, 1, 1, 1, 0, 1, 1, 0, 0, 1, 1, 0, 0, 0, 1, 0, 0, 1, 0, 0, 1, 1, 0, 1, 0, 1, 0, 0, 0, 0, 0, 0, 0, 1, 1, 0, 0, 1, 0, 0, 0, 0, 0, 0, 0, 0, 0, 0, 1, 0, 0, 0, 1, 0, 0, 0, 0, 0, 0] 
dagF34.txt 3_2x5.txt 0.09216589861751152 0.1 527.6666666666666 [2, 2, 2, 2, 2, 2, 2, 2, 2, 2, 2, 2, 2, 2, 2, 0, 2, 2, 2, 2, 0, 2, 2, 2, 0, 2, 2, 0, 0, 0, 0, 0, 0, 0, 0, 0, 0, 0, 0, 2, 0, 0, 0, 0, 0, 0, 0, 0, 0, 0, 0, 0, 0, 0, 0, 0, 0, 0, 0, 0, 0, 0, 0, 0, 0, 0, 0, 0, 0, 0, 0, 0, 0, 0, 0] 
dagF34.txt 3_2x5.txt 0.14746543778801843 0.15 440.0 [2, 2, 2, 2, 2, 2, 2, 2, 2, 2, 2, 2, 2, 2, 2, 2, 2, 2, 2, 2, 2, 2, 2, 2, 0, 2, 2, 0, 2, 2, 0, 0, 2, 2, 0, 0, 2, 0, 0, 2, 0, 0, 0, 0, 0, 0, 0, 0, 0, 0, 0, 2, 0, 0, 0, 0, 0, 0, 0, 0, 0, 0, 0, 0, 0, 0, 0, 0, 0, 0, 0, 0, 0, 0, 0] 
dagF34.txt 3_2x1.txt 0.22119815668202766 0.9 463.0 [0, 1, 1, 1, 1, 1, 1, 1, 1, 0, 1, 0, 1, 1, 1, 0, 1, 1, 1, 1, 1, 1, 1, 0, 0, 1, 1, 0, 1, 1, 0, 0, 1, 0, 0, 1, 0, 0, 0, 1, 0, 0, 0, 0, 0, 0, 0, 0, 0, 0, 0, 1, 0, 0, 0, 0, 0, 1, 0, 0, 0, 0, 1, 0, 0, 0, 0, 0, 0, 0, 0, 0, 0, 0, 0] 
dagF34.txt 3_2x5.txt 0.19815668202764977 0.2 385.0 [2, 2, 2, 2, 2, 2, 2, 2, 2, 2, 2, 2, 2, 2, 2, 2, 2, 2, 2, 2, 2, 2, 2, 2, 2, 2, 2, 2, 2, 2, 0, 2, 0, 2, 0, 0, 2, 0, 0, 2, 0, 0, 0, 0, 0, 0, 0, 0, 0, 2, 0, 2, 0, 0, 0, 0, 0, 0, 0, 0, 0, 0, 0, 0, 2, 0, 0, 4, 0, 0, 0, 0, 0, 0, 0] 
dagF34.txt 3_2x5.txt 0.6359447004608295 0.65 97.0 [0, 0, 1, 0, 1, 1, 7, 1, 0, 0, 0, 1, 0, 6, 3, 3, 1, 9, 1, 3, 5, 0, 3, 2, 5, 9, 5, 9, 8, 7, 4, 3, 5, 3, 2, 6, 3, 2, 4, 0, 2, 4, 8, 2, 4, 6, 2, 8, 6, 5, 4, 7, 4, 4, 8, 2, 6, 2, 8, 4, 6, 8, 6, 4, 5, 8, 9, 7, 4, 8, 6, 8, 2, 8, 2] 
dagF34.txt 3_2x5.txt 0.5483870967741935 0.55 109.0 [0, 7, 7, 7, 0, 0, 0, 0, 3, 7, 7, 0, 7, 0, 3, 6, 7, 3, 0, 0, 6, 3, 3, 8, 5, 0, 6, 8, 6, 6, 4, 5, 1, 1, 8, 1, 5, 4, 4, 3, 2, 6, 1, 8, 4, 8, 8, 1, 5, 6, 2, 5, 4, 2, 9, 2, 2, 5, 1, 4, 5, 9, 4, 4, 9, 9, 9, 2, 6, 1, 4, 9, 2, 2, 8] 
dagF34.txt 3_2x5.txt 0.5990783410138248 0.6 100.0 [4, 9, 9, 8, 8, 4, 4, 4, 8, 9, 2, 4, 9, 4, 7, 2, 9, 7, 8, 4, 2, 8, 7, 4, 2, 8, 2, 8, 2, 4, 6, 2, 1, 7, 0, 1, 7, 0, 6, 8, 6, 3, 5, 1, 3, 0, 0, 5, 0, 8, 6, 7, 6, 6, 3, 6, 2, 1, 5, 0, 0, 3, 1, 6, 2, 5, 5, 6, 3, 5, 0, 5, 3, 0, 0] 
dagF34.txt 3_2x5.txt 0.4930875576036866 0.5 129.33333333333334 [6, 8, 6, 8, 6, 6, 6, 6, 5, 8, 8, 6, 8, 6, 5, 1, 6, 5, 6, 6, 5, 8, 5, 5, 0, 8, 1, 3, 1, 1, 0, 0, 4, 5, 0, 4, 3, 0, 0, 8, 2, 4, 4, 2, 4, 3, 0, 4, 3, 1, 2, 0, 0, 2, 2, 2, 2, 4, 4, 0, 3, 2, 4, 0, 1, 2, 4, 0, 4, 3, 3, 2, 2, 2, 0] 
dagF34.txt 3_2x5.txt 0.24423963133640553 0.25 288.6666666666667 [4, 4, 4, 4, 4, 4, 4, 4, 4, 4, 4, 4, 4, 4, 4, 0, 4, 4, 4, 4, 0, 4, 4, 2, 0, 4, 0, 0, 0, 0, 2, 0, 0, 0, 0, 0, 0, 2, 2, 4, 2, 0, 0, 2, 0, 0, 2, 0, 0, 0, 2, 0, 2, 2, 2, 2, 2, 0, 0, 2, 0, 2, 0, 2, 2, 2, 2, 2, 0, 0, 0, 2, 2, 2, 2] 
dagF34.txt 3_2x5.txt 0.6543778801843319 0.9 96.5 [8, 8, 8, 8, 3, 8, 5, 2, 2, 8, 8, 2, 8, 4, 2, 1, 3, 2, 3, 8, 7, 2, 2, 9, 7, 8, 3, 3, 1, 1, 0, 1, 7, 7, 4, 0, 7, 6, 0, 3, 6, 7, 4, 9, 4, 4, 6, 4, 5, 4, 0, 1, 0, 0, 2, 6, 9, 6, 4, 0, 5, 2, 0, 0, 5, 6, 5, 6, 7, 4, 9, 2, 9, 6, 6] 
dagF34.txt 3_2x5.txt 0.6405529953917051 1 96.33333333333333 [5, 5, 4, 5, 4, 4, 4, 4, 7, 5, 5, 4, 5, 4, 7, 1, 4, 7, 4, 5, 9, 7, 7, 3, 1, 6, 1, 9, 1, 9, 3, 1, 9, 0, 0, 6, 0, 2, 2, 7, 2, 8, 6, 0, 0, 8, 2, 6, 8, 2, 2, 0, 3, 2, 0, 2, 3, 9, 6, 3, 6, 8, 6, 0, 1, 8, 8, 8, 8, 6, 6, 8, 3, 2, 2] 
dagF34.txt 3_2x5.txt 0.2857142857142857 0.3 258.0 [4, 4, 4, 4, 4, 4, 4, 4, 4, 4, 4, 4, 4, 4, 4, 4, 4, 4, 4, 4, 0, 4, 4, 4, 2, 4, 4, 2, 0, 0, 0, 0, 0, 0, 2, 0, 0, 0, 0, 4, 0, 0, 2, 2, 0, 2, 2, 2, 0, 2, 0, 0, 0, 0, 2, 2, 2, 0, 2, 0, 0, 2, 0, 0, 2, 2, 2, 2, 0, 2, 0, 2, 2, 2, 2] 
dagF34.txt 3_2x5.txt 0.6175115207373272 0.7 96.0 [3, 9, 9, 1, 1, 3, 0, 3, 1, 9, 1, 3, 9, 3, 3, 5, 9, 5, 1, 3, 7, 1, 5, 8, 7, 0, 3, 8, 5, 6, 2, 5, 8, 7, 0, 4, 5, 0, 0, 1, 2, 6, 4, 8, 2, 4, 0, 4, 6, 7, 2, 2, 0, 2, 2, 2, 8, 8, 4, 0, 6, 6, 4, 2, 7, 6, 6, 4, 6, 4, 4, 6, 8, 2, 0] 
dagF34.txt 3_2x5.txt 0.39631336405529954 0.4 157.0 [6, 6, 6, 6, 6, 6, 6, 6, 2, 6, 2, 6, 6, 6, 2, 2, 6, 2, 6, 6, 8, 6, 2, 0, 8, 2, 2, 4, 2, 2, 8, 2, 8, 4, 4, 4, 4, 8, 8, 2, 8, 0, 0, 0, 8, 4, 8, 0, 4, 2, 8, 4, 4, 8, 0, 0, 0, 8, 4, 4, 4, 0, 4, 8, 2, 0, 0, 8, 0, 4, 4, 0, 0, 0, 8] 
dagF34.txt 3_2x5.txt 0.4470046082949309 0.45 145.0 [4, 4, 4, 3, 4, 4, 4, 4, 3, 4, 3, 4, 4, 4, 8, 8, 4, 8, 4, 4, 6, 3, 8, 1, 6, 3, 6, 6, 8, 6, 0, 8, 6, 2, 6, 2, 2, 0, 0, 3, 0, 8, 2, 1, 6, 2, 0, 2, 2, 6, 0, 6, 0, 0, 0, 0, 1, 6, 2, 0, 2, 1, 2, 0, 6, 0, 2, 8, 8, 2, 2, 2, 1, 0, 0] 
dagF34.txt 3_2x5.txt 0.3456221198156682 0.35 194.66666666666666 [4, 4, 4, 4, 4, 4, 4, 4, 0, 4, 4, 4, 4, 4, 0, 0, 4, 0, 4, 4, 0, 4, 0, 6, 0, 4, 4, 6, 0, 0, 0, 0, 0, 0, 6, 6, 0, 2, 2, 4, 2, 0, 6, 6, 2, 6, 2, 6, 6, 0, 2, 0, 2, 2, 2, 2, 2, 0, 6, 2, 6, 6, 6, 2, 2, 6, 6, 2, 0, 6, 6, 6, 2, 2, 2] 
dagF34.txt 3_2x5.txt 0.6082949308755761 0.8 96.66666666666667 [5, 5, 6, 6, 6, 6, 6, 1, 3, 5, 6, 6, 5, 2, 1, 1, 5, 3, 6, 5, 1, 6, 3, 0, 3, 2, 5, 9, 4, 1, 0, 4, 4, 1, 2, 9, 1, 0, 0, 6, 0, 3, 8, 2, 8, 8, 0, 8, 8, 2, 0, 4, 4, 0, 7, 0, 4, 4, 8, 0, 8, 7, 9, 4, 2, 7, 9, 2, 3, 8, 8, 7, 7, 0, 8] 
