dagA34.txt 3_2x4.txt True 0.06382978723404255 0.07 354.0 [7, 7, 7, 7, 7, 7, 7, 7, 7, 7, 7, 7, 7, 7, 7, 7, 7, 7, 7, 7, 7, 7, 7, 7, 7, 1, 7, 7, 7, 7, 7, 7, 7, 7, 7, 7, 7, 7, 7, 7, 1, 7, 7, 7, 7, 7, 7, 7, 7, 7] 
dagA34.txt 3_2x4.txt True 0.0851063829787234 0.1 342.25 [7, 7, 7, 7, 7, 7, 7, 7, 7, 7, 7, 7, 1, 7, 7, 7, 7, 7, 7, 7, 7, 7, 7, 7, 7, 1, 7, 7, 7, 7, 7, 7, 7, 7, 7, 7, 7, 7, 7, 7, 1, 7, 7, 7, 7, 7, 7, 7, 7, 7] 
dagA34.txt 3_2x4.txt True 0.1347517730496454 0.15 319.25 [7, 7, 7, 1, 7, 1, 7, 7, 7, 7, 7, 7, 1, 7, 7, 7, 7, 7, 7, 7, 7, 7, 7, 7, 7, 1, 7, 7, 7, 7, 7, 7, 7, 7, 7, 7, 7, 7, 7, 7, 1, 7, 7, 7, 7, 7, 7, 7, 7, 7] 
dagA34.txt 3_2x4.txt True 0.19858156028368795 0.2 296.25 [7, 7, 7, 1, 7, 1, 7, 7, 7, 7, 7, 7, 1, 7, 7, 7, 7, 7, 7, 7, 7, 7, 7, 7, 7, 1, 7, 7, 1, 7, 7, 7, 7, 7, 7, 7, 7, 7, 7, 7, 1, 7, 1, 7, 7, 7, 7, 7, 7, 7] 
dagA34.txt 3_2x4.txt True 0.2978723404255319 0.3 228.25 [5, 7, 7, 3, 7, 5, 7, 7, 7, 7, 7, 7, 5, 5, 7, 7, 5, 7, 7, 7, 3, 7, 7, 7, 5, 6, 7, 7, 7, 6, 7, 5, 7, 7, 7, 5, 7, 7, 6, 6, 1, 7, 7, 6, 7, 7, 5, 5, 7, 7] 
dagA34.txt 3_2x4.txt True 0.3971631205673759 0.4 194.0 [5, 1, 7, 3, 7, 5, 7, 7, 7, 7, 7, 7, 5, 5, 7, 7, 5, 7, 7, 7, 3, 7, 7, 7, 5, 6, 7, 7, 1, 6, 7, 5, 7, 7, 7, 5, 7, 7, 6, 6, 1, 7, 1, 6, 7, 7, 5, 5, 7, 7] 
dagA34.txt 3_2x4.txt True 0.49645390070921985 0.5 129.25 [0, 7, 5, 1, 7, 1, 7, 7, 7, 7, 7, 1, 2, 1, 5, 5, 7, 7, 7, 7, 6, 5, 7, 7, 0, 1, 6, 7, 7, 7, 5, 1, 5, 5, 6, 0, 1, 7, 2, 5, 5, 7, 5, 5, 7, 6, 2, 0, 5, 5] 
dagA34.txt 3_2x4.txt True 0.5886524822695035 0.6 179.0 [4, 7, 3, 1, 0, 5, 6, 6, 5, 1, 7, 3, 4, 5, 2, 0, 4, 6, 1, 7, 1, 2, 1, 6, 4, 1, 1, 0, 7, 6, 1, 5, 0, 3, 3, 4, 3, 6, 2, 2, 7, 0, 1, 2, 7, 3, 1, 5, 2, 6] 
dagA34.txt 3_2x4.txt True 0.6666666666666666 0.7 81.75 [4, 7, 3, 5, 3, 5, 1, 6, 5, 1, 7, 3, 3, 5, 2, 1, 3, 1, 1, 7, 1, 2, 1, 6, 4, 7, 1, 0, 7, 6, 1, 5, 0, 3, 3, 4, 3, 6, 1, 2, 7, 0, 7, 2, 7, 3, 1, 5, 5, 5] 
dagA34.txt 3_2x4.txt True 0.6666666666666666 1 81.75 [4, 7, 3, 5, 3, 5, 1, 6, 5, 1, 7, 3, 3, 5, 2, 1, 3, 1, 1, 7, 1, 2, 1, 6, 4, 7, 1, 0, 7, 6, 1, 5, 0, 3, 3, 4, 3, 6, 1, 2, 7, 0, 7, 2, 7, 3, 1, 5, 5, 5] 
dagA34.txt 3_2x2.txt True 0.06382978723404255 0.07 713.5 [3, 3, 3, 3, 3, 3, 3, 3, 3, 3, 3, 3, 3, 3, 3, 3, 3, 3, 3, 3, 3, 3, 3, 3, 3, 3, 3, 3, 3, 3, 3, 3, 3, 3, 3, 3, 3, 3, 3, 2, 0, 3, 3, 2, 3, 3, 3, 3, 3, 3] 
dagA34.txt 3_2x2.txt True 0.0851063829787234 0.1 711.0 [3, 3, 3, 3, 3, 3, 3, 3, 3, 3, 3, 3, 3, 3, 3, 3, 3, 3, 3, 3, 3, 3, 3, 3, 3, 3, 3, 3, 3, 3, 3, 3, 3, 3, 3, 3, 3, 3, 3, 3, 2, 3, 3, 3, 3, 3, 3, 2, 3, 3] 
dagA34.txt 3_2x2.txt True 0.1347517730496454 0.15 663.5 [3, 3, 3, 3, 3, 3, 3, 3, 3, 3, 3, 3, 0, 3, 3, 3, 3, 3, 3, 3, 3, 3, 3, 3, 3, 0, 3, 3, 3, 3, 3, 3, 3, 3, 3, 3, 3, 3, 3, 3, 2, 3, 3, 3, 3, 3, 3, 2, 3, 3] 
dagA34.txt 3_2x2.txt True 0.18439716312056736 0.2 576.0 [3, 3, 0, 0, 3, 3, 3, 3, 3, 3, 3, 3, 2, 3, 0, 3, 0, 3, 3, 3, 0, 3, 3, 3, 3, 2, 3, 3, 3, 3, 3, 3, 3, 0, 3, 3, 3, 3, 2, 2, 3, 3, 3, 2, 3, 3, 2, 3, 3, 3] 
dagA34.txt 3_2x2.txt True 0.28368794326241137 0.3 505.5 [3, 3, 0, 0, 3, 0, 3, 3, 3, 3, 3, 3, 2, 3, 0, 3, 0, 3, 3, 3, 0, 3, 3, 3, 3, 2, 3, 3, 0, 3, 3, 3, 3, 0, 3, 3, 3, 3, 2, 2, 0, 3, 3, 2, 3, 3, 2, 3, 3, 3] 
dagA34.txt 3_2x2.txt True 0.3900709219858156 0.4 356.0 [2, 2, 1, 2, 3, 0, 3, 3, 3, 3, 3, 1, 2, 0, 1, 3, 2, 3, 3, 3, 2, 3, 3, 3, 2, 1, 2, 3, 3, 2, 3, 1, 3, 1, 0, 2, 0, 3, 1, 1, 0, 3, 3, 1, 3, 0, 3, 3, 3, 3] 
dagA34.txt 3_2x2.txt True 0.48226950354609927 0.5 161.5 [0, 1, 3, 2, 2, 0, 1, 1, 0, 2, 1, 3, 0, 0, 3, 2, 0, 1, 2, 1, 2, 3, 2, 1, 0, 0, 2, 2, 2, 1, 2, 0, 2, 3, 3, 0, 3, 1, 3, 3, 0, 2, 2, 3, 1, 3, 2, 0, 3, 1] 
dagA34.txt 3_2x2.txt True 0.5035460992907801 0.6 159.0 [0, 1, 3, 2, 2, 0, 1, 1, 0, 2, 1, 2, 0, 0, 3, 2, 0, 1, 2, 1, 2, 3, 2, 1, 0, 0, 2, 2, 2, 1, 2, 0, 2, 3, 3, 0, 3, 1, 3, 3, 0, 2, 2, 3, 1, 3, 2, 0, 3, 1] 
dagA34.txt 3_2x2.txt True 0.5035460992907801 0.7 159.0 [0, 1, 3, 2, 2, 0, 1, 1, 0, 2, 1, 2, 0, 0, 3, 2, 0, 1, 2, 1, 2, 3, 2, 1, 0, 0, 2, 2, 2, 1, 2, 0, 2, 3, 3, 0, 3, 1, 3, 3, 0, 2, 2, 3, 1, 3, 2, 0, 3, 1] 
dagA34.txt 3_2x2.txt True 0.5035460992907801 1 159.0 [0, 1, 3, 2, 2, 0, 1, 1, 0, 2, 1, 2, 0, 0, 3, 2, 0, 1, 2, 1, 2, 3, 2, 1, 0, 0, 2, 2, 2, 1, 2, 0, 2, 3, 3, 0, 3, 1, 3, 3, 0, 2, 2, 3, 1, 3, 2, 0, 3, 1] 
dagA34.txt 3_2x1.txt True 0.06382978723404255 0.07 703.5 [1, 1, 1, 0, 1, 1, 1, 1, 1, 1, 1, 1, 1, 1, 1, 1, 1, 1, 1, 1, 0, 1, 1, 1, 1, 1, 1, 1, 1, 1, 1, 1, 1, 1, 1, 1, 1, 1, 1, 1, 0, 1, 1, 1, 1, 1, 1, 1, 1, 1] 
dagA34.txt 3_2x1.txt True 0.09219858156028368 0.1 679.5 [1, 1, 1, 0, 1, 1, 1, 1, 1, 1, 1, 1, 1, 1, 1, 1, 1, 1, 1, 1, 0, 1, 1, 1, 1, 0, 1, 1, 1, 1, 1, 1, 1, 1, 1, 1, 1, 1, 1, 1, 0, 1, 1, 1, 1, 1, 1, 1, 1, 1] 
dagA34.txt 3_2x1.txt True 0.14184397163120568 0.15 633.0 [1, 1, 1, 0, 1, 0, 1, 1, 1, 1, 1, 1, 0, 1, 1, 1, 1, 1, 1, 1, 0, 1, 1, 1, 1, 0, 1, 1, 1, 1, 1, 1, 1, 1, 1, 1, 1, 1, 1, 1, 0, 1, 1, 1, 1, 1, 1, 1, 1, 1] 
dagA34.txt 3_2x1.txt True 0.1773049645390071 0.2 610.0 [1, 1, 1, 0, 1, 0, 1, 1, 1, 1, 1, 1, 0, 1, 1, 1, 1, 1, 1, 1, 0, 1, 1, 1, 1, 0, 1, 1, 0, 1, 1, 1, 1, 1, 1, 1, 1, 1, 1, 1, 0, 1, 1, 1, 1, 1, 1, 1, 1, 1] 
dagA34.txt 3_2x1.txt True 0.2907801418439716 0.3 331.0 [0, 1, 0, 0, 1, 0, 1, 1, 1, 1, 1, 0, 0, 0, 0, 1, 0, 1, 1, 1, 1, 0, 1, 1, 0, 0, 0, 1, 1, 1, 1, 0, 1, 0, 0, 0, 0, 1, 0, 0, 0, 1, 1, 0, 1, 0, 0, 0, 0, 1] 
dagA34.txt 3_2x1.txt True 0.3262411347517731 0.4 308.0 [0, 1, 0, 0, 1, 0, 1, 1, 1, 1, 1, 0, 0, 0, 0, 1, 0, 1, 1, 1, 1, 0, 1, 1, 0, 0, 0, 1, 0, 1, 1, 0, 1, 0, 0, 0, 0, 1, 0, 0, 0, 1, 1, 0, 1, 0, 0, 0, 0, 1] 
dagA34.txt 3_2x1.txt True 0.3262411347517731 0.5 308.0 [0, 1, 0, 0, 1, 0, 1, 1, 1, 1, 1, 0, 0, 0, 0, 1, 0, 1, 1, 1, 1, 0, 1, 1, 0, 0, 0, 1, 0, 1, 1, 0, 1, 0, 0, 0, 0, 1, 0, 0, 0, 1, 1, 0, 1, 0, 0, 0, 0, 1] 
dagA34.txt 3_2x1.txt True 0.3262411347517731 0.6 308.0 [0, 1, 0, 0, 1, 0, 1, 1, 1, 1, 1, 0, 0, 0, 0, 1, 0, 1, 1, 1, 1, 0, 1, 1, 0, 0, 0, 1, 0, 1, 1, 0, 1, 0, 0, 0, 0, 1, 0, 0, 0, 1, 1, 0, 1, 0, 0, 0, 0, 1] 
dagA34.txt 3_2x1.txt True 0.3262411347517731 0.7 308.0 [0, 1, 0, 0, 1, 0, 1, 1, 1, 1, 1, 0, 0, 0, 0, 1, 0, 1, 1, 1, 1, 0, 1, 1, 0, 0, 0, 1, 0, 1, 1, 0, 1, 0, 0, 0, 0, 1, 0, 0, 0, 1, 1, 0, 1, 0, 0, 0, 0, 1] 
dagA34.txt 3_2x1.txt True 0.3262411347517731 1 308.0 [0, 1, 0, 0, 1, 0, 1, 1, 1, 1, 1, 0, 0, 0, 0, 1, 0, 1, 1, 1, 1, 0, 1, 1, 0, 0, 0, 1, 0, 1, 1, 0, 1, 0, 0, 0, 0, 1, 0, 0, 0, 1, 1, 0, 1, 0, 0, 0, 0, 1] 
