dagC14.txt 3_2x4.txt True 0.0 0.07 463.75 [7, 7, 7, 7, 7, 7, 7, 7, 7, 7, 7, 7, 7, 7, 7, 7, 7, 7, 7, 7, 7, 7, 7, 7, 7, 7, 7, 7, 7, 7, 7, 7, 7, 7, 7, 7, 7, 7, 7, 7, 7, 7, 7, 7, 7, 7, 7, 7, 7, 7, 7, 7, 7, 7, 7, 7, 7, 7, 7, 7] 
dagC14.txt 3_2x4.txt True 0.08522727272727272 0.1 451.5 [7, 7, 7, 7, 7, 7, 7, 7, 7, 7, 7, 7, 7, 7, 7, 7, 7, 7, 7, 7, 7, 7, 7, 1, 7, 7, 7, 7, 7, 7, 7, 7, 7, 7, 7, 7, 7, 7, 7, 7, 7, 7, 7, 7, 7, 7, 7, 7, 7, 7, 7, 7, 7, 7, 7, 7, 7, 7, 7, 7] 
dagC14.txt 3_2x4.txt True 0.14204545454545456 0.15 427.5 [7, 7, 7, 7, 7, 7, 7, 7, 7, 7, 7, 7, 7, 7, 7, 7, 7, 7, 7, 7, 7, 7, 7, 1, 7, 7, 7, 7, 7, 7, 7, 7, 7, 7, 7, 7, 7, 7, 7, 7, 1, 7, 7, 7, 7, 7, 7, 7, 7, 7, 7, 7, 7, 1, 7, 7, 7, 7, 7, 7] 
dagC14.txt 3_2x4.txt True 0.18181818181818182 0.2 416.0 [7, 7, 7, 7, 7, 7, 7, 7, 7, 7, 7, 7, 7, 7, 7, 1, 7, 7, 7, 7, 7, 7, 7, 1, 7, 7, 7, 7, 7, 7, 7, 7, 7, 7, 7, 7, 7, 7, 7, 7, 1, 7, 7, 7, 7, 7, 7, 7, 7, 7, 7, 7, 7, 1, 7, 7, 7, 7, 7, 7] 
dagC14.txt 3_2x4.txt True 0.23863636363636365 0.3 393.75 [7, 7, 7, 7, 7, 7, 7, 7, 7, 7, 7, 7, 7, 7, 7, 7, 7, 7, 7, 7, 7, 7, 5, 7, 7, 7, 7, 7, 7, 7, 5, 5, 7, 7, 5, 5, 7, 7, 7, 7, 7, 7, 7, 7, 7, 7, 7, 7, 7, 7, 5, 7, 7, 5, 7, 7, 7, 7, 5, 7] 
dagC14.txt 3_2x4.txt True 0.3977272727272727 0.4 269.0 [7, 7, 7, 3, 7, 7, 7, 3, 5, 5, 7, 7, 7, 5, 5, 5, 7, 7, 7, 7, 7, 7, 7, 1, 5, 7, 5, 7, 7, 7, 5, 3, 3, 7, 5, 3, 7, 7, 7, 7, 1, 7, 3, 5, 7, 7, 7, 5, 7, 5, 7, 7, 7, 3, 5, 7, 3, 3, 7, 7] 
dagC14.txt 3_2x4.txt True 0.48295454545454547 0.5 444.0 [6, 4, 5, 4, 6, 6, 6, 4, 4, 7, 4, 6, 4, 3, 3, 3, 6, 4, 5, 7, 6, 5, 5, 4, 3, 0, 1, 5, 6, 5, 7, 4, 4, 6, 3, 4, 5, 5, 6, 5, 6, 4, 1, 0, 6, 4, 5, 0, 5, 0, 5, 5, 7, 1, 3, 5, 0, 5, 5, 5] 
dagC14.txt 3_2x4.txt True 0.5795454545454546 0.6 219.0 [0, 1, 3, 4, 0, 0, 7, 4, 1, 5, 1, 3, 2, 0, 2, 2, 0, 1, 7, 5, 3, 3, 7, 1, 2, 5, 3, 7, 0, 6, 5, 4, 4, 5, 1, 1, 6, 7, 0, 6, 5, 2, 4, 4, 3, 1, 1, 6, 6, 4, 6, 7, 5, 3, 2, 7, 4, 7, 6, 6] 
dagC14.txt 3_2x4.txt True 0.6931818181818182 0.7 98.0 [5, 1, 3, 4, 1, 0, 7, 1, 1, 5, 1, 3, 3, 0, 2, 7, 0, 1, 7, 5, 3, 3, 7, 7, 3, 5, 3, 7, 0, 6, 5, 4, 3, 5, 1, 1, 6, 7, 1, 6, 5, 2, 4, 4, 3, 5, 3, 3, 6, 4, 5, 7, 5, 7, 2, 7, 1, 7, 1, 6] 
dagC14.txt 3_2x4.txt True 0.6931818181818182 1 98.0 [5, 1, 3, 4, 1, 0, 7, 1, 1, 5, 1, 3, 3, 0, 2, 7, 0, 1, 7, 5, 3, 3, 7, 7, 3, 5, 3, 7, 0, 6, 5, 4, 3, 5, 1, 1, 6, 7, 1, 6, 5, 2, 4, 4, 3, 5, 3, 3, 6, 4, 5, 7, 5, 7, 2, 7, 1, 7, 1, 6] 
dagC14.txt 3_2x2.txt True 0.045454545454545456 0.07 903.0 [3, 3, 3, 3, 3, 3, 3, 3, 3, 3, 3, 3, 3, 3, 3, 3, 3, 3, 3, 3, 3, 3, 3, 3, 3, 3, 3, 3, 3, 3, 3, 3, 3, 3, 3, 3, 3, 3, 3, 3, 3, 3, 3, 3, 3, 3, 3, 3, 3, 3, 3, 3, 3, 3, 3, 2, 3, 3, 3, 2] 
dagC14.txt 3_2x2.txt True 0.045454545454545456 0.1 903.0 [3, 3, 3, 3, 3, 3, 3, 3, 3, 3, 3, 3, 3, 3, 3, 3, 3, 3, 3, 3, 3, 3, 3, 3, 3, 3, 3, 3, 3, 3, 3, 3, 3, 3, 3, 3, 3, 3, 3, 3, 3, 3, 3, 3, 3, 3, 3, 3, 3, 3, 3, 3, 3, 3, 3, 2, 3, 3, 3, 2] 
dagC14.txt 3_2x2.txt True 0.14772727272727273 0.15 854.0 [3, 3, 3, 3, 3, 3, 3, 3, 3, 3, 3, 3, 3, 3, 3, 3, 3, 3, 3, 3, 3, 3, 3, 0, 3, 3, 3, 3, 3, 3, 3, 3, 3, 3, 3, 3, 3, 3, 3, 3, 3, 3, 3, 3, 3, 3, 3, 3, 3, 3, 3, 3, 3, 0, 3, 2, 3, 3, 3, 2] 
dagC14.txt 3_2x2.txt True 0.1875 0.2 830.5 [3, 3, 3, 3, 3, 3, 3, 3, 3, 3, 3, 3, 3, 3, 3, 3, 3, 3, 3, 3, 3, 3, 3, 0, 3, 3, 3, 3, 3, 3, 3, 3, 3, 3, 3, 3, 3, 3, 3, 3, 0, 3, 3, 3, 3, 3, 3, 3, 3, 3, 3, 3, 3, 0, 3, 2, 3, 3, 3, 2] 
dagC14.txt 3_2x2.txt True 0.2784090909090909 0.3 681.5 [3, 3, 3, 3, 3, 3, 3, 1, 3, 3, 3, 3, 3, 3, 3, 3, 3, 3, 3, 3, 3, 3, 3, 0, 3, 3, 2, 3, 3, 3, 3, 1, 1, 3, 3, 2, 2, 3, 3, 3, 3, 3, 1, 1, 3, 3, 3, 1, 2, 1, 3, 2, 3, 2, 3, 3, 1, 1, 3, 3] 
dagC14.txt 3_2x2.txt True 0.375 0.4 468.0 [1, 1, 2, 0, 3, 1, 1, 0, 3, 3, 1, 3, 3, 3, 3, 3, 3, 3, 2, 3, 1, 2, 1, 3, 3, 3, 2, 1, 1, 3, 3, 0, 0, 1, 3, 0, 3, 2, 3, 3, 1, 1, 0, 3, 1, 1, 3, 3, 3, 0, 3, 2, 3, 2, 3, 3, 0, 0, 3, 3] 
dagC14.txt 3_2x2.txt True 0.4943181818181818 0.5 189.0 [0, 0, 1, 2, 0, 0, 3, 2, 0, 2, 0, 1, 1, 0, 1, 2, 0, 0, 0, 2, 1, 1, 3, 2, 1, 2, 1, 3, 0, 3, 2, 2, 2, 2, 0, 3, 3, 1, 0, 3, 2, 1, 2, 2, 1, 0, 3, 2, 3, 2, 3, 0, 2, 0, 1, 3, 2, 3, 3, 3] 
dagC14.txt 3_2x2.txt True 0.4943181818181818 0.6 189.0 [0, 0, 1, 2, 0, 0, 3, 2, 0, 2, 0, 1, 1, 0, 1, 2, 0, 0, 0, 2, 1, 1, 3, 2, 1, 2, 1, 3, 0, 3, 2, 2, 2, 2, 0, 3, 3, 1, 0, 3, 2, 1, 2, 2, 1, 0, 3, 2, 3, 2, 3, 0, 2, 0, 1, 3, 2, 3, 3, 3] 
dagC14.txt 3_2x2.txt True 0.4943181818181818 0.7 189.0 [0, 0, 1, 2, 0, 0, 3, 2, 0, 2, 0, 1, 1, 0, 1, 2, 0, 0, 0, 2, 1, 1, 3, 2, 1, 2, 1, 3, 0, 3, 2, 2, 2, 2, 0, 3, 3, 1, 0, 3, 2, 1, 2, 2, 1, 0, 3, 2, 3, 2, 3, 0, 2, 0, 1, 3, 2, 3, 3, 3] 
dagC14.txt 3_2x2.txt True 0.4943181818181818 1 189.0 [0, 0, 1, 2, 0, 0, 3, 2, 0, 2, 0, 1, 1, 0, 1, 2, 0, 0, 0, 2, 1, 1, 3, 2, 1, 2, 1, 3, 0, 3, 2, 2, 2, 2, 0, 3, 3, 1, 0, 3, 2, 1, 2, 2, 1, 0, 3, 2, 3, 2, 3, 0, 2, 0, 1, 3, 2, 3, 3, 3] 
dagC14.txt 3_2x1.txt True 0.03409090909090909 0.07 882.0 [1, 1, 1, 1, 1, 1, 1, 1, 1, 1, 1, 1, 1, 1, 1, 1, 1, 1, 1, 1, 1, 1, 1, 1, 1, 1, 0, 1, 1, 1, 1, 1, 1, 1, 1, 1, 1, 1, 1, 1, 1, 1, 1, 1, 1, 1, 1, 1, 1, 1, 1, 1, 1, 0, 1, 1, 1, 1, 1, 1] 
dagC14.txt 3_2x1.txt True 0.03409090909090909 0.1 882.0 [1, 1, 1, 1, 1, 1, 1, 1, 1, 1, 1, 1, 1, 1, 1, 1, 1, 1, 1, 1, 1, 1, 1, 1, 1, 1, 0, 1, 1, 1, 1, 1, 1, 1, 1, 1, 1, 1, 1, 1, 1, 1, 1, 1, 1, 1, 1, 1, 1, 1, 1, 1, 1, 0, 1, 1, 1, 1, 1, 1] 
dagC14.txt 3_2x1.txt True 0.11931818181818182 0.15 857.5 [1, 1, 1, 1, 1, 1, 1, 1, 1, 1, 1, 1, 1, 1, 1, 1, 1, 1, 1, 1, 1, 1, 1, 0, 1, 1, 0, 1, 1, 1, 1, 1, 1, 1, 1, 1, 1, 1, 1, 1, 1, 1, 1, 1, 1, 1, 1, 1, 1, 1, 1, 1, 1, 0, 1, 1, 1, 1, 1, 1] 
dagC14.txt 3_2x1.txt True 0.19886363636363635 0.2 811.0 [1, 1, 1, 1, 1, 1, 1, 1, 1, 1, 1, 1, 1, 1, 1, 0, 1, 1, 1, 1, 1, 1, 1, 0, 1, 1, 0, 1, 1, 1, 1, 1, 1, 1, 1, 1, 1, 1, 1, 1, 0, 1, 1, 1, 1, 1, 1, 1, 1, 1, 1, 1, 1, 0, 1, 1, 1, 1, 1, 1] 
dagC14.txt 3_2x1.txt True 0.2897727272727273 0.3 439.5 [0, 1, 1, 1, 0, 0, 0, 1, 1, 0, 1, 1, 1, 0, 1, 1, 0, 1, 0, 0, 1, 1, 0, 0, 1, 0, 1, 0, 0, 0, 0, 1, 1, 0, 1, 1, 0, 1, 0, 0, 0, 1, 1, 0, 1, 0, 0, 0, 0, 1, 0, 1, 1, 1, 1, 0, 0, 0, 0, 0] 
dagC14.txt 3_2x1.txt True 0.3465909090909091 0.4 372.3333333333333 [0, 1, 1, 1, 0, 0, 0, 1, 1, 0, 1, 1, 1, 0, 1, 0, 0, 1, 0, 0, 1, 1, 0, 0, 0, 0, 1, 0, 0, 0, 0, 1, 1, 0, 1, 1, 0, 1, 0, 0, 0, 1, 1, 0, 1, 0, 0, 0, 0, 1, 0, 1, 1, 0, 1, 0, 0, 0, 0, 0] 
dagC14.txt 3_2x1.txt True 0.3465909090909091 0.5 372.3333333333333 [0, 1, 1, 1, 0, 0, 0, 1, 1, 0, 1, 1, 1, 0, 1, 0, 0, 1, 0, 0, 1, 1, 0, 0, 0, 0, 1, 0, 0, 0, 0, 1, 1, 0, 1, 1, 0, 1, 0, 0, 0, 1, 1, 0, 1, 0, 0, 0, 0, 1, 0, 1, 1, 0, 1, 0, 0, 0, 0, 0] 
dagC14.txt 3_2x1.txt True 0.3465909090909091 0.6 372.3333333333333 [0, 1, 1, 1, 0, 0, 0, 1, 1, 0, 1, 1, 1, 0, 1, 0, 0, 1, 0, 0, 1, 1, 0, 0, 0, 0, 1, 0, 0, 0, 0, 1, 1, 0, 1, 1, 0, 1, 0, 0, 0, 1, 1, 0, 1, 0, 0, 0, 0, 1, 0, 1, 1, 0, 1, 0, 0, 0, 0, 0] 
dagC14.txt 3_2x1.txt True 0.3465909090909091 0.7 372.3333333333333 [0, 1, 1, 1, 0, 0, 0, 1, 1, 0, 1, 1, 1, 0, 1, 0, 0, 1, 0, 0, 1, 1, 0, 0, 0, 0, 1, 0, 0, 0, 0, 1, 1, 0, 1, 1, 0, 1, 0, 0, 0, 1, 1, 0, 1, 0, 0, 0, 0, 1, 0, 1, 1, 0, 1, 0, 0, 0, 0, 0] 
dagC14.txt 3_2x1.txt True 0.3465909090909091 1 372.3333333333333 [0, 1, 1, 1, 0, 0, 0, 1, 1, 0, 1, 1, 1, 0, 1, 0, 0, 1, 0, 0, 1, 1, 0, 0, 0, 0, 1, 0, 0, 0, 0, 1, 1, 0, 1, 1, 0, 1, 0, 0, 0, 1, 1, 0, 1, 0, 0, 0, 0, 1, 0, 1, 1, 0, 1, 0, 0, 0, 0, 0] 
dagC14.txt 3_2x4.txt True 0.0 0.07 463.75 [7, 7, 7, 7, 7, 7, 7, 7, 7, 7, 7, 7, 7, 7, 7, 7, 7, 7, 7, 7, 7, 7, 7, 7, 7, 7, 7, 7, 7, 7, 7, 7, 7, 7, 7, 7, 7, 7, 7, 7, 7, 7, 7, 7, 7, 7, 7, 7, 7, 7, 7, 7, 7, 7, 7, 7, 7, 7, 7, 7] 
dagC14.txt 3_2x4.txt True 0.0 0.08 463.75 [7, 7, 7, 7, 7, 7, 7, 7, 7, 7, 7, 7, 7, 7, 7, 7, 7, 7, 7, 7, 7, 7, 7, 7, 7, 7, 7, 7, 7, 7, 7, 7, 7, 7, 7, 7, 7, 7, 7, 7, 7, 7, 7, 7, 7, 7, 7, 7, 7, 7, 7, 7, 7, 7, 7, 7, 7, 7, 7, 7] 
dagC14.txt 3_2x4.txt True 0.08522727272727272 0.09 451.5 [7, 7, 7, 7, 7, 7, 7, 7, 7, 7, 7, 7, 7, 7, 7, 7, 7, 7, 7, 7, 7, 7, 7, 1, 7, 7, 7, 7, 7, 7, 7, 7, 7, 7, 7, 7, 7, 7, 7, 7, 7, 7, 7, 7, 7, 7, 7, 7, 7, 7, 7, 7, 7, 7, 7, 7, 7, 7, 7, 7] 
dagC14.txt 3_2x4.txt True 0.08522727272727272 0.1 451.5 [7, 7, 7, 7, 7, 7, 7, 7, 7, 7, 7, 7, 7, 7, 7, 7, 7, 7, 7, 7, 7, 7, 7, 1, 7, 7, 7, 7, 7, 7, 7, 7, 7, 7, 7, 7, 7, 7, 7, 7, 7, 7, 7, 7, 7, 7, 7, 7, 7, 7, 7, 7, 7, 7, 7, 7, 7, 7, 7, 7] 
dagC14.txt 3_2x4.txt True 0.10227272727272728 0.11 439.25 [7, 7, 7, 7, 7, 7, 7, 7, 7, 7, 7, 7, 7, 7, 7, 7, 7, 7, 7, 7, 7, 7, 7, 1, 7, 7, 7, 7, 7, 7, 7, 7, 7, 7, 7, 7, 7, 7, 7, 7, 7, 7, 7, 7, 7, 7, 7, 7, 7, 7, 7, 7, 7, 1, 7, 7, 7, 7, 7, 7] 
dagC14.txt 3_2x4.txt True 0.10227272727272728 0.12 439.25 [7, 7, 7, 7, 7, 7, 7, 7, 7, 7, 7, 7, 7, 7, 7, 7, 7, 7, 7, 7, 7, 7, 7, 1, 7, 7, 7, 7, 7, 7, 7, 7, 7, 7, 7, 7, 7, 7, 7, 7, 7, 7, 7, 7, 7, 7, 7, 7, 7, 7, 7, 7, 7, 1, 7, 7, 7, 7, 7, 7] 
dagC14.txt 3_2x4.txt True 0.10227272727272728 0.13 439.25 [7, 7, 7, 7, 7, 7, 7, 7, 7, 7, 7, 7, 7, 7, 7, 7, 7, 7, 7, 7, 7, 7, 7, 1, 7, 7, 7, 7, 7, 7, 7, 7, 7, 7, 7, 7, 7, 7, 7, 7, 7, 7, 7, 7, 7, 7, 7, 7, 7, 7, 7, 7, 7, 1, 7, 7, 7, 7, 7, 7] 
dagC14.txt 3_2x4.txt True 0.10227272727272728 0.14 439.25 [7, 7, 7, 7, 7, 7, 7, 7, 7, 7, 7, 7, 7, 7, 7, 7, 7, 7, 7, 7, 7, 7, 7, 1, 7, 7, 7, 7, 7, 7, 7, 7, 7, 7, 7, 7, 7, 7, 7, 7, 7, 7, 7, 7, 7, 7, 7, 7, 7, 7, 7, 7, 7, 1, 7, 7, 7, 7, 7, 7] 
dagC14.txt 3_2x4.txt True 0.14204545454545456 0.15 427.5 [7, 7, 7, 7, 7, 7, 7, 7, 7, 7, 7, 7, 7, 7, 7, 7, 7, 7, 7, 7, 7, 7, 7, 1, 7, 7, 7, 7, 7, 7, 7, 7, 7, 7, 7, 7, 7, 7, 7, 7, 1, 7, 7, 7, 7, 7, 7, 7, 7, 7, 7, 7, 7, 1, 7, 7, 7, 7, 7, 7] 
dagC14.txt 3_2x4.txt True 0.14204545454545456 0.16 427.5 [7, 7, 7, 7, 7, 7, 7, 7, 7, 7, 7, 7, 7, 7, 7, 7, 7, 7, 7, 7, 7, 7, 7, 1, 7, 7, 7, 7, 7, 7, 7, 7, 7, 7, 7, 7, 7, 7, 7, 7, 1, 7, 7, 7, 7, 7, 7, 7, 7, 7, 7, 7, 7, 1, 7, 7, 7, 7, 7, 7] 
dagC14.txt 3_2x4.txt True 0.14204545454545456 0.17 427.5 [7, 7, 7, 7, 7, 7, 7, 7, 7, 7, 7, 7, 7, 7, 7, 7, 7, 7, 7, 7, 7, 7, 7, 1, 7, 7, 7, 7, 7, 7, 7, 7, 7, 7, 7, 7, 7, 7, 7, 7, 1, 7, 7, 7, 7, 7, 7, 7, 7, 7, 7, 7, 7, 1, 7, 7, 7, 7, 7, 7] 
dagC14.txt 3_2x4.txt True 0.14204545454545456 0.18 427.5 [7, 7, 7, 7, 7, 7, 7, 7, 7, 7, 7, 7, 7, 7, 7, 7, 7, 7, 7, 7, 7, 7, 7, 1, 7, 7, 7, 7, 7, 7, 7, 7, 7, 7, 7, 7, 7, 7, 7, 7, 1, 7, 7, 7, 7, 7, 7, 7, 7, 7, 7, 7, 7, 1, 7, 7, 7, 7, 7, 7] 
dagC14.txt 3_2x4.txt True 0.18181818181818182 0.19 416.0 [7, 7, 7, 7, 7, 7, 7, 7, 7, 7, 7, 7, 7, 7, 7, 1, 7, 7, 7, 7, 7, 7, 7, 1, 7, 7, 7, 7, 7, 7, 7, 7, 7, 7, 7, 7, 7, 7, 7, 7, 1, 7, 7, 7, 7, 7, 7, 7, 7, 7, 7, 7, 7, 1, 7, 7, 7, 7, 7, 7] 
dagC14.txt 3_2x4.txt True 0.18181818181818182 0.2 416.0 [7, 7, 7, 7, 7, 7, 7, 7, 7, 7, 7, 7, 7, 7, 7, 1, 7, 7, 7, 7, 7, 7, 7, 1, 7, 7, 7, 7, 7, 7, 7, 7, 7, 7, 7, 7, 7, 7, 7, 7, 1, 7, 7, 7, 7, 7, 7, 7, 7, 7, 7, 7, 7, 1, 7, 7, 7, 7, 7, 7] 
dagC14.txt 3_2x4.txt True 0.23863636363636365 0.25 393.75 [7, 7, 7, 7, 7, 7, 7, 7, 7, 7, 7, 7, 7, 7, 7, 7, 7, 7, 7, 7, 7, 7, 5, 7, 7, 7, 7, 7, 7, 7, 5, 5, 7, 7, 5, 5, 7, 7, 7, 7, 7, 7, 7, 7, 7, 7, 7, 7, 7, 7, 5, 7, 7, 5, 7, 7, 7, 7, 5, 7] 
dagC14.txt 3_2x4.txt True 0.23863636363636365 0.3 393.75 [7, 7, 7, 7, 7, 7, 7, 7, 7, 7, 7, 7, 7, 7, 7, 7, 7, 7, 7, 7, 7, 7, 5, 7, 7, 7, 7, 7, 7, 7, 5, 5, 7, 7, 5, 5, 7, 7, 7, 7, 7, 7, 7, 7, 7, 7, 7, 7, 7, 7, 5, 7, 7, 5, 7, 7, 7, 7, 5, 7] 
dagC14.txt 3_2x4.txt True 0.3465909090909091 0.35 280.75 [7, 7, 7, 3, 7, 7, 7, 3, 5, 5, 7, 7, 7, 5, 5, 5, 7, 7, 7, 7, 7, 7, 7, 3, 5, 7, 5, 7, 7, 7, 5, 3, 3, 7, 5, 3, 7, 7, 7, 7, 7, 7, 3, 5, 7, 7, 7, 5, 7, 5, 7, 7, 7, 3, 5, 7, 3, 3, 7, 7] 
dagC14.txt 3_2x4.txt True 0.3977272727272727 0.4 269.0 [7, 7, 7, 3, 7, 7, 7, 3, 5, 5, 7, 7, 7, 5, 5, 5, 7, 7, 7, 7, 7, 7, 7, 1, 5, 7, 5, 7, 7, 7, 5, 3, 3, 7, 5, 3, 7, 7, 7, 7, 1, 7, 3, 5, 7, 7, 7, 5, 7, 5, 7, 7, 7, 3, 5, 7, 3, 3, 7, 7] 
dagC14.txt 3_2x4.txt True 0.44886363636363635 0.45 356.0 [6, 6, 5, 7, 6, 6, 7, 3, 7, 7, 6, 3, 5, 6, 5, 5, 6, 6, 4, 7, 3, 5, 7, 7, 5, 7, 5, 4, 6, 7, 7, 3, 2, 7, 5, 2, 7, 3, 6, 7, 7, 5, 3, 7, 3, 6, 7, 7, 7, 3, 7, 7, 7, 3, 5, 2, 7, 4, 7, 7] 
dagC14.txt 3_2x4.txt True 0.48295454545454547 0.5 444.0 [6, 4, 5, 4, 6, 6, 6, 4, 4, 7, 4, 6, 4, 3, 3, 3, 6, 4, 5, 7, 6, 5, 5, 4, 3, 0, 1, 5, 6, 5, 7, 4, 4, 6, 3, 4, 5, 5, 6, 5, 6, 4, 1, 0, 6, 4, 5, 0, 5, 0, 5, 5, 7, 1, 3, 5, 0, 5, 5, 5] 
dagC14.txt 3_2x4.txt True 0.5454545454545454 0.55 265.0 [0, 6, 4, 0, 7, 7, 2, 6, 7, 0, 6, 3, 5, 7, 4, 5, 7, 6, 2, 7, 4, 4, 2, 3, 5, 1, 4, 2, 0, 3, 1, 1, 6, 0, 7, 2, 3, 4, 7, 3, 0, 5, 1, 1, 4, 6, 3, 1, 3, 1, 3, 2, 1, 4, 5, 2, 1, 2, 3, 3] 
dagC14.txt 3_2x4.txt True 0.5795454545454546 0.6 219.0 [0, 1, 3, 4, 0, 0, 7, 4, 1, 5, 1, 3, 2, 0, 2, 2, 0, 1, 7, 5, 3, 3, 7, 1, 2, 5, 3, 7, 0, 6, 5, 4, 4, 5, 1, 1, 6, 7, 0, 6, 5, 2, 4, 4, 3, 1, 1, 6, 6, 4, 6, 7, 5, 3, 2, 7, 4, 7, 6, 6] 
dagC14.txt 3_2x4.txt True 0.6420454545454546 0.65 121.5 [3, 1, 3, 4, 1, 0, 7, 1, 1, 5, 1, 3, 3, 0, 2, 5, 0, 1, 7, 5, 3, 3, 7, 3, 3, 5, 3, 7, 0, 6, 5, 4, 3, 5, 1, 1, 6, 7, 1, 6, 5, 2, 4, 4, 3, 1, 1, 3, 6, 4, 6, 7, 5, 3, 2, 7, 4, 7, 1, 6] 
dagC14.txt 3_2x4.txt True 0.6931818181818182 0.7 98.0 [5, 1, 3, 4, 1, 0, 7, 1, 1, 5, 1, 3, 3, 0, 2, 7, 0, 1, 7, 5, 3, 3, 7, 7, 3, 5, 3, 7, 0, 6, 5, 4, 3, 5, 1, 1, 6, 7, 1, 6, 5, 2, 4, 4, 3, 5, 3, 3, 6, 4, 5, 7, 5, 7, 2, 7, 1, 7, 1, 6] 
dagC14.txt 3_2x4.txt True 0.6931818181818182 0.75 98.0 [5, 1, 3, 4, 1, 0, 7, 1, 1, 5, 1, 3, 3, 0, 2, 7, 0, 1, 7, 5, 3, 3, 7, 7, 3, 5, 3, 7, 0, 6, 5, 4, 3, 5, 1, 1, 6, 7, 1, 6, 5, 2, 4, 4, 3, 5, 3, 3, 6, 4, 5, 7, 5, 7, 2, 7, 1, 7, 1, 6] 
dagC14.txt 3_2x4.txt True 0.6931818181818182 0.8 98.0 [5, 1, 3, 4, 1, 0, 7, 1, 1, 5, 1, 3, 3, 0, 2, 7, 0, 1, 7, 5, 3, 3, 7, 7, 3, 5, 3, 7, 0, 6, 5, 4, 3, 5, 1, 1, 6, 7, 1, 6, 5, 2, 4, 4, 3, 5, 3, 3, 6, 4, 5, 7, 5, 7, 2, 7, 1, 7, 1, 6] 
dagC14.txt 3_2x4.txt True 0.6931818181818182 0.85 98.0 [5, 1, 3, 4, 1, 0, 7, 1, 1, 5, 1, 3, 3, 0, 2, 7, 0, 1, 7, 5, 3, 3, 7, 7, 3, 5, 3, 7, 0, 6, 5, 4, 3, 5, 1, 1, 6, 7, 1, 6, 5, 2, 4, 4, 3, 5, 3, 3, 6, 4, 5, 7, 5, 7, 2, 7, 1, 7, 1, 6] 
dagC14.txt 3_2x4.txt True 0.6931818181818182 0.9 98.0 [5, 1, 3, 4, 1, 0, 7, 1, 1, 5, 1, 3, 3, 0, 2, 7, 0, 1, 7, 5, 3, 3, 7, 7, 3, 5, 3, 7, 0, 6, 5, 4, 3, 5, 1, 1, 6, 7, 1, 6, 5, 2, 4, 4, 3, 5, 3, 3, 6, 4, 5, 7, 5, 7, 2, 7, 1, 7, 1, 6] 
dagC14.txt 3_2x4.txt True 0.6931818181818182 0.95 98.0 [5, 1, 3, 4, 1, 0, 7, 1, 1, 5, 1, 3, 3, 0, 2, 7, 0, 1, 7, 5, 3, 3, 7, 7, 3, 5, 3, 7, 0, 6, 5, 4, 3, 5, 1, 1, 6, 7, 1, 6, 5, 2, 4, 4, 3, 5, 3, 3, 6, 4, 5, 7, 5, 7, 2, 7, 1, 7, 1, 6] 
dagC14.txt 3_2x4.txt True 0.6931818181818182 1 98.0 [5, 1, 3, 4, 1, 0, 7, 1, 1, 5, 1, 3, 3, 0, 2, 7, 0, 1, 7, 5, 3, 3, 7, 7, 3, 5, 3, 7, 0, 6, 5, 4, 3, 5, 1, 1, 6, 7, 1, 6, 5, 2, 4, 4, 3, 5, 3, 3, 6, 4, 5, 7, 5, 7, 2, 7, 1, 7, 1, 6] 
dagC14.txt 100_1x1.txt True 0.03409090909090909 0.07 1764.0 [1, 1, 1, 1, 1, 1, 1, 1, 1, 1, 1, 1, 1, 1, 1, 1, 1, 1, 1, 1, 1, 1, 1, 1, 1, 1, 0, 1, 1, 1, 1, 1, 1, 1, 1, 1, 1, 1, 1, 1, 1, 1, 1, 1, 1, 1, 1, 1, 1, 1, 1, 1, 1, 0, 1, 1, 1, 1, 1, 1] 
dagC14.txt 100_1x1.txt True 0.03409090909090909 0.08 1764.0 [1, 1, 1, 1, 1, 1, 1, 1, 1, 1, 1, 1, 1, 1, 1, 1, 1, 1, 1, 1, 1, 1, 1, 1, 1, 1, 0, 1, 1, 1, 1, 1, 1, 1, 1, 1, 1, 1, 1, 1, 1, 1, 1, 1, 1, 1, 1, 1, 1, 1, 1, 1, 1, 0, 1, 1, 1, 1, 1, 1] 
dagC14.txt 100_1x1.txt True 0.03409090909090909 0.09 1764.0 [1, 1, 1, 1, 1, 1, 1, 1, 1, 1, 1, 1, 1, 1, 1, 1, 1, 1, 1, 1, 1, 1, 1, 1, 1, 1, 0, 1, 1, 1, 1, 1, 1, 1, 1, 1, 1, 1, 1, 1, 1, 1, 1, 1, 1, 1, 1, 1, 1, 1, 1, 1, 1, 0, 1, 1, 1, 1, 1, 1] 
dagC14.txt 100_1x1.txt True 0.03409090909090909 0.1 1764.0 [1, 1, 1, 1, 1, 1, 1, 1, 1, 1, 1, 1, 1, 1, 1, 1, 1, 1, 1, 1, 1, 1, 1, 1, 1, 1, 0, 1, 1, 1, 1, 1, 1, 1, 1, 1, 1, 1, 1, 1, 1, 1, 1, 1, 1, 1, 1, 1, 1, 1, 1, 1, 1, 0, 1, 1, 1, 1, 1, 1] 
dagC14.txt 100_1x1.txt True 0.03409090909090909 0.11 1764.0 [1, 1, 1, 1, 1, 1, 1, 1, 1, 1, 1, 1, 1, 1, 1, 1, 1, 1, 1, 1, 1, 1, 1, 1, 1, 1, 0, 1, 1, 1, 1, 1, 1, 1, 1, 1, 1, 1, 1, 1, 1, 1, 1, 1, 1, 1, 1, 1, 1, 1, 1, 1, 1, 0, 1, 1, 1, 1, 1, 1] 
dagC14.txt 100_1x1.txt True 0.11931818181818182 0.12 1715.0 [1, 1, 1, 1, 1, 1, 1, 1, 1, 1, 1, 1, 1, 1, 1, 1, 1, 1, 1, 1, 1, 1, 1, 0, 1, 1, 0, 1, 1, 1, 1, 1, 1, 1, 1, 1, 1, 1, 1, 1, 1, 1, 1, 1, 1, 1, 1, 1, 1, 1, 1, 1, 1, 0, 1, 1, 1, 1, 1, 1] 
dagC14.txt 100_1x1.txt True 0.11931818181818182 0.13 1715.0 [1, 1, 1, 1, 1, 1, 1, 1, 1, 1, 1, 1, 1, 1, 1, 1, 1, 1, 1, 1, 1, 1, 1, 0, 1, 1, 0, 1, 1, 1, 1, 1, 1, 1, 1, 1, 1, 1, 1, 1, 1, 1, 1, 1, 1, 1, 1, 1, 1, 1, 1, 1, 1, 0, 1, 1, 1, 1, 1, 1] 
dagC14.txt 100_1x1.txt True 0.11931818181818182 0.14 1715.0 [1, 1, 1, 1, 1, 1, 1, 1, 1, 1, 1, 1, 1, 1, 1, 1, 1, 1, 1, 1, 1, 1, 1, 0, 1, 1, 0, 1, 1, 1, 1, 1, 1, 1, 1, 1, 1, 1, 1, 1, 1, 1, 1, 1, 1, 1, 1, 1, 1, 1, 1, 1, 1, 0, 1, 1, 1, 1, 1, 1] 
dagC14.txt 100_1x1.txt True 0.11931818181818182 0.15 1715.0 [1, 1, 1, 1, 1, 1, 1, 1, 1, 1, 1, 1, 1, 1, 1, 1, 1, 1, 1, 1, 1, 1, 1, 0, 1, 1, 0, 1, 1, 1, 1, 1, 1, 1, 1, 1, 1, 1, 1, 1, 1, 1, 1, 1, 1, 1, 1, 1, 1, 1, 1, 1, 1, 0, 1, 1, 1, 1, 1, 1] 
dagC14.txt 100_1x1.txt True 0.1590909090909091 0.16 1668.0 [1, 1, 1, 1, 1, 1, 1, 1, 1, 1, 1, 1, 1, 1, 1, 1, 1, 1, 1, 1, 1, 1, 1, 0, 1, 1, 0, 1, 1, 1, 1, 1, 1, 1, 1, 1, 1, 1, 1, 1, 0, 1, 1, 1, 1, 1, 1, 1, 1, 1, 1, 1, 1, 0, 1, 1, 1, 1, 1, 1] 
dagC14.txt 100_1x1.txt True 0.1590909090909091 0.17 1668.0 [1, 1, 1, 1, 1, 1, 1, 1, 1, 1, 1, 1, 1, 1, 1, 1, 1, 1, 1, 1, 1, 1, 1, 0, 1, 1, 0, 1, 1, 1, 1, 1, 1, 1, 1, 1, 1, 1, 1, 1, 0, 1, 1, 1, 1, 1, 1, 1, 1, 1, 1, 1, 1, 0, 1, 1, 1, 1, 1, 1] 
dagC14.txt 100_1x1.txt True 0.1590909090909091 0.18 1668.0 [1, 1, 1, 1, 1, 1, 1, 1, 1, 1, 1, 1, 1, 1, 1, 1, 1, 1, 1, 1, 1, 1, 1, 0, 1, 1, 0, 1, 1, 1, 1, 1, 1, 1, 1, 1, 1, 1, 1, 1, 0, 1, 1, 1, 1, 1, 1, 1, 1, 1, 1, 1, 1, 0, 1, 1, 1, 1, 1, 1] 
dagC14.txt 100_1x1.txt True 0.1590909090909091 0.19 1668.0 [1, 1, 1, 1, 1, 1, 1, 1, 1, 1, 1, 1, 1, 1, 1, 1, 1, 1, 1, 1, 1, 1, 1, 0, 1, 1, 0, 1, 1, 1, 1, 1, 1, 1, 1, 1, 1, 1, 1, 1, 0, 1, 1, 1, 1, 1, 1, 1, 1, 1, 1, 1, 1, 0, 1, 1, 1, 1, 1, 1] 
dagC14.txt 100_1x1.txt True 0.19886363636363635 0.2 1622.0 [1, 1, 1, 1, 1, 1, 1, 1, 1, 1, 1, 1, 1, 1, 1, 0, 1, 1, 1, 1, 1, 1, 1, 0, 1, 1, 0, 1, 1, 1, 1, 1, 1, 1, 1, 1, 1, 1, 1, 1, 0, 1, 1, 1, 1, 1, 1, 1, 1, 1, 1, 1, 1, 0, 1, 1, 1, 1, 1, 1] 
dagC14.txt 100_1x1.txt True 0.25 0.25 928.0 [0, 1, 1, 1, 0, 0, 0, 1, 1, 0, 1, 1, 1, 0, 1, 1, 0, 1, 0, 0, 1, 1, 0, 1, 1, 0, 1, 0, 0, 0, 0, 1, 1, 0, 1, 1, 0, 1, 0, 0, 0, 1, 1, 0, 1, 0, 0, 0, 0, 1, 0, 1, 1, 1, 1, 0, 0, 0, 0, 0] 
dagC14.txt 100_1x1.txt True 0.2897727272727273 0.3 879.0 [0, 1, 1, 1, 0, 0, 0, 1, 1, 0, 1, 1, 1, 0, 1, 1, 0, 1, 0, 0, 1, 1, 0, 0, 1, 0, 1, 0, 0, 0, 0, 1, 1, 0, 1, 1, 0, 1, 0, 0, 0, 1, 1, 0, 1, 0, 0, 0, 0, 1, 0, 1, 1, 1, 1, 0, 0, 0, 0, 0] 
dagC14.txt 100_1x1.txt True 0.022727272727272728 0.35 18.45 [0, 0, 0, 0, 0, 0, 0, 0, 0, 0, 0, 0, 0, 0, 0, 0, 0, 0, 0, 0, 0, 0, 0, 0, 0, 0, 0, 0, 0, 0, 0, 0, 0, 0, 0, 0, 0, 0, 0, 0, 0, 0, 0, 0, 0, 0, 0, 0, 0, 0, 0, 0, 0, 0, 1, 0, 0, 0, 0, 0] 
dagC14.txt 100_1x1.txt True 0.022727272727272728 0.4 18.45 [0, 0, 0, 0, 0, 0, 0, 0, 0, 0, 0, 0, 0, 0, 0, 0, 0, 0, 0, 0, 0, 0, 0, 0, 0, 0, 0, 0, 0, 0, 0, 0, 0, 0, 0, 0, 0, 0, 0, 0, 0, 0, 0, 0, 0, 0, 0, 0, 0, 0, 0, 0, 0, 0, 1, 0, 0, 0, 0, 0] 
dagC14.txt 100_1x1.txt True 0.022727272727272728 0.45 18.45 [0, 0, 0, 0, 0, 0, 0, 0, 0, 0, 0, 0, 0, 0, 0, 0, 0, 0, 0, 0, 0, 0, 0, 0, 0, 0, 0, 0, 0, 0, 0, 0, 0, 0, 0, 0, 0, 0, 0, 0, 0, 0, 0, 0, 0, 0, 0, 0, 0, 0, 0, 0, 0, 0, 1, 0, 0, 0, 0, 0] 
dagC14.txt 100_1x1.txt True 0.022727272727272728 0.5 18.45 [0, 0, 0, 0, 0, 0, 0, 0, 0, 0, 0, 0, 0, 0, 0, 0, 0, 0, 0, 0, 0, 0, 0, 0, 0, 0, 0, 0, 0, 0, 0, 0, 0, 0, 0, 0, 0, 0, 0, 0, 0, 0, 0, 0, 0, 0, 0, 0, 0, 0, 0, 0, 0, 0, 1, 0, 0, 0, 0, 0] 
dagC14.txt 100_1x1.txt True 0.022727272727272728 0.55 18.45 [0, 0, 0, 0, 0, 0, 0, 0, 0, 0, 0, 0, 0, 0, 0, 0, 0, 0, 0, 0, 0, 0, 0, 0, 0, 0, 0, 0, 0, 0, 0, 0, 0, 0, 0, 0, 0, 0, 0, 0, 0, 0, 0, 0, 0, 0, 0, 0, 0, 0, 0, 0, 0, 0, 1, 0, 0, 0, 0, 0] 
dagC14.txt 100_1x1.txt True 0.022727272727272728 0.6 18.45 [0, 0, 0, 0, 0, 0, 0, 0, 0, 0, 0, 0, 0, 0, 0, 0, 0, 0, 0, 0, 0, 0, 0, 0, 0, 0, 0, 0, 0, 0, 0, 0, 0, 0, 0, 0, 0, 0, 0, 0, 0, 0, 0, 0, 0, 0, 0, 0, 0, 0, 0, 0, 0, 0, 1, 0, 0, 0, 0, 0] 
dagC14.txt 100_1x1.txt True 0.022727272727272728 0.65 18.45 [0, 0, 0, 0, 0, 0, 0, 0, 0, 0, 0, 0, 0, 0, 0, 0, 0, 0, 0, 0, 0, 0, 0, 0, 0, 0, 0, 0, 0, 0, 0, 0, 0, 0, 0, 0, 0, 0, 0, 0, 0, 0, 0, 0, 0, 0, 0, 0, 0, 0, 0, 0, 0, 0, 1, 0, 0, 0, 0, 0] 
dagC14.txt 100_1x1.txt True 0.022727272727272728 0.7 18.45 [0, 0, 0, 0, 0, 0, 0, 0, 0, 0, 0, 0, 0, 0, 0, 0, 0, 0, 0, 0, 0, 0, 0, 0, 0, 0, 0, 0, 0, 0, 0, 0, 0, 0, 0, 0, 0, 0, 0, 0, 0, 0, 0, 0, 0, 0, 0, 0, 0, 0, 0, 0, 0, 0, 1, 0, 0, 0, 0, 0] 
dagC14.txt 100_1x1.txt True 0.022727272727272728 0.75 18.45 [0, 0, 0, 0, 0, 0, 0, 0, 0, 0, 0, 0, 0, 0, 0, 0, 0, 0, 0, 0, 0, 0, 0, 0, 0, 0, 0, 0, 0, 0, 0, 0, 0, 0, 0, 0, 0, 0, 0, 0, 0, 0, 0, 0, 0, 0, 0, 0, 0, 0, 0, 0, 0, 0, 1, 0, 0, 0, 0, 0] 
dagC14.txt 100_1x1.txt True 0.022727272727272728 0.8 18.45 [0, 0, 0, 0, 0, 0, 0, 0, 0, 0, 0, 0, 0, 0, 0, 0, 0, 0, 0, 0, 0, 0, 0, 0, 0, 0, 0, 0, 0, 0, 0, 0, 0, 0, 0, 0, 0, 0, 0, 0, 0, 0, 0, 0, 0, 0, 0, 0, 0, 0, 0, 0, 0, 0, 1, 0, 0, 0, 0, 0] 
dagC14.txt 100_1x1.txt True 0.022727272727272728 0.85 18.45 [0, 0, 0, 0, 0, 0, 0, 0, 0, 0, 0, 0, 0, 0, 0, 0, 0, 0, 0, 0, 0, 0, 0, 0, 0, 0, 0, 0, 0, 0, 0, 0, 0, 0, 0, 0, 0, 0, 0, 0, 0, 0, 0, 0, 0, 0, 0, 0, 0, 0, 0, 0, 0, 0, 1, 0, 0, 0, 0, 0] 
dagC14.txt 100_1x1.txt True 0.022727272727272728 0.9 18.45 [0, 0, 0, 0, 0, 0, 0, 0, 0, 0, 0, 0, 0, 0, 0, 0, 0, 0, 0, 0, 0, 0, 0, 0, 0, 0, 0, 0, 0, 0, 0, 0, 0, 0, 0, 0, 0, 0, 0, 0, 0, 0, 0, 0, 0, 0, 0, 0, 0, 0, 0, 0, 0, 0, 1, 0, 0, 0, 0, 0] 
dagC14.txt 100_1x1.txt True 0.022727272727272728 0.95 18.45 [0, 0, 0, 0, 0, 0, 0, 0, 0, 0, 0, 0, 0, 0, 0, 0, 0, 0, 0, 0, 0, 0, 0, 0, 0, 0, 0, 0, 0, 0, 0, 0, 0, 0, 0, 0, 0, 0, 0, 0, 0, 0, 0, 0, 0, 0, 0, 0, 0, 0, 0, 0, 0, 0, 1, 0, 0, 0, 0, 0] 
dagC14.txt 100_1x1.txt True 0.022727272727272728 1 18.45 [0, 0, 0, 0, 0, 0, 0, 0, 0, 0, 0, 0, 0, 0, 0, 0, 0, 0, 0, 0, 0, 0, 0, 0, 0, 0, 0, 0, 0, 0, 0, 0, 0, 0, 0, 0, 0, 0, 0, 0, 0, 0, 0, 0, 0, 0, 0, 0, 0, 0, 0, 0, 0, 0, 1, 0, 0, 0, 0, 0] 
dagC14.txt 1234x1.txt True 0.045454545454545456 0.07 451.5 [3, 3, 3, 3, 3, 3, 3, 3, 3, 3, 3, 3, 3, 3, 3, 3, 3, 3, 3, 3, 3, 3, 3, 3, 3, 3, 3, 3, 3, 3, 3, 3, 3, 3, 3, 3, 3, 3, 3, 3, 3, 3, 3, 3, 3, 3, 3, 3, 3, 3, 3, 3, 3, 3, 3, 2, 3, 3, 3, 2] 
dagC14.txt 1234x1.txt True 0.045454545454545456 0.08 451.5 [3, 3, 3, 3, 3, 3, 3, 3, 3, 3, 3, 3, 3, 3, 3, 3, 3, 3, 3, 3, 3, 3, 3, 3, 3, 3, 3, 3, 3, 3, 3, 3, 3, 3, 3, 3, 3, 3, 3, 3, 3, 3, 3, 3, 3, 3, 3, 3, 3, 3, 3, 3, 3, 3, 3, 2, 3, 3, 3, 2] 
dagC14.txt 1234x1.txt True 0.045454545454545456 0.09 451.5 [3, 3, 3, 3, 3, 3, 3, 3, 3, 3, 3, 3, 3, 3, 3, 3, 3, 3, 3, 3, 3, 3, 3, 3, 3, 3, 3, 3, 3, 3, 3, 3, 3, 3, 3, 3, 3, 3, 3, 3, 3, 3, 3, 3, 3, 3, 3, 3, 3, 3, 3, 3, 3, 3, 3, 2, 3, 3, 3, 2] 
dagC14.txt 1234x1.txt True 0.045454545454545456 0.1 451.5 [3, 3, 3, 3, 3, 3, 3, 3, 3, 3, 3, 3, 3, 3, 3, 3, 3, 3, 3, 3, 3, 3, 3, 3, 3, 3, 3, 3, 3, 3, 3, 3, 3, 3, 3, 3, 3, 3, 3, 3, 3, 3, 3, 3, 3, 3, 3, 3, 3, 3, 3, 3, 3, 3, 3, 2, 3, 3, 3, 2] 
dagC14.txt 1234x1.txt True 0.045454545454545456 0.11 451.5 [3, 3, 3, 3, 3, 3, 3, 3, 3, 3, 3, 3, 3, 3, 3, 3, 3, 3, 3, 3, 3, 3, 3, 3, 3, 3, 3, 3, 3, 3, 3, 3, 3, 3, 3, 3, 3, 3, 3, 3, 3, 3, 3, 3, 3, 3, 3, 3, 3, 3, 3, 3, 3, 3, 3, 2, 3, 3, 3, 2] 
dagC14.txt 1234x1.txt True 0.045454545454545456 0.12 451.5 [3, 3, 3, 3, 3, 3, 3, 3, 3, 3, 3, 3, 3, 3, 3, 3, 3, 3, 3, 3, 3, 3, 3, 3, 3, 3, 3, 3, 3, 3, 3, 3, 3, 3, 3, 3, 3, 3, 3, 3, 3, 3, 3, 3, 3, 3, 3, 3, 3, 3, 3, 3, 3, 3, 3, 2, 3, 3, 3, 2] 
dagC14.txt 1234x1.txt True 0.045454545454545456 0.13 451.5 [3, 3, 3, 3, 3, 3, 3, 3, 3, 3, 3, 3, 3, 3, 3, 3, 3, 3, 3, 3, 3, 3, 3, 3, 3, 3, 3, 3, 3, 3, 3, 3, 3, 3, 3, 3, 3, 3, 3, 3, 3, 3, 3, 3, 3, 3, 3, 3, 3, 3, 3, 3, 3, 3, 3, 2, 3, 3, 3, 2] 
dagC14.txt 1234x1.txt True 0.13068181818181818 0.14 439.25 [3, 3, 3, 3, 3, 3, 3, 3, 3, 3, 3, 3, 3, 3, 3, 3, 3, 3, 3, 3, 3, 3, 3, 2, 3, 3, 3, 3, 3, 3, 3, 3, 3, 3, 3, 3, 3, 3, 3, 3, 3, 3, 3, 3, 3, 3, 3, 3, 3, 3, 3, 3, 3, 3, 3, 2, 3, 3, 3, 2] 
dagC14.txt 1234x1.txt True 0.14772727272727273 0.15 427.0 [3, 3, 3, 3, 3, 3, 3, 3, 3, 3, 3, 3, 3, 3, 3, 3, 3, 3, 3, 3, 3, 3, 3, 2, 3, 3, 3, 3, 3, 3, 3, 3, 3, 3, 3, 3, 3, 3, 3, 3, 3, 3, 3, 3, 3, 3, 3, 3, 3, 3, 3, 3, 3, 2, 3, 2, 3, 3, 3, 2] 
dagC14.txt 1234x1.txt True 0.14772727272727273 0.16 427.0 [3, 3, 3, 3, 3, 3, 3, 3, 3, 3, 3, 3, 3, 3, 3, 3, 3, 3, 3, 3, 3, 3, 3, 2, 3, 3, 3, 3, 3, 3, 3, 3, 3, 3, 3, 3, 3, 3, 3, 3, 3, 3, 3, 3, 3, 3, 3, 3, 3, 3, 3, 3, 3, 2, 3, 2, 3, 3, 3, 2] 
dagC14.txt 1234x1.txt True 0.14772727272727273 0.17 427.0 [3, 3, 3, 3, 3, 3, 3, 3, 3, 3, 3, 3, 3, 3, 3, 3, 3, 3, 3, 3, 3, 3, 3, 2, 3, 3, 3, 3, 3, 3, 3, 3, 3, 3, 3, 3, 3, 3, 3, 3, 3, 3, 3, 3, 3, 3, 3, 3, 3, 3, 3, 3, 3, 2, 3, 2, 3, 3, 3, 2] 
dagC14.txt 1234x1.txt True 0.14772727272727273 0.18 427.0 [3, 3, 3, 3, 3, 3, 3, 3, 3, 3, 3, 3, 3, 3, 3, 3, 3, 3, 3, 3, 3, 3, 3, 2, 3, 3, 3, 3, 3, 3, 3, 3, 3, 3, 3, 3, 3, 3, 3, 3, 3, 3, 3, 3, 3, 3, 3, 3, 3, 3, 3, 3, 3, 2, 3, 2, 3, 3, 3, 2] 
dagC14.txt 1234x1.txt True 0.1875 0.19 415.25 [3, 3, 3, 3, 3, 3, 3, 3, 3, 3, 3, 3, 3, 3, 3, 3, 3, 3, 3, 3, 3, 3, 3, 2, 3, 3, 3, 3, 3, 3, 3, 3, 3, 3, 3, 3, 3, 3, 3, 3, 2, 3, 3, 3, 3, 3, 3, 3, 3, 3, 3, 3, 3, 2, 3, 2, 3, 3, 3, 2] 
dagC14.txt 1234x1.txt True 0.1875 0.2 415.25 [3, 3, 3, 3, 3, 3, 3, 3, 3, 3, 3, 3, 3, 3, 3, 3, 3, 3, 3, 3, 3, 3, 3, 2, 3, 3, 3, 3, 3, 3, 3, 3, 3, 3, 3, 3, 3, 3, 3, 3, 2, 3, 3, 3, 3, 3, 3, 3, 3, 3, 3, 3, 3, 2, 3, 2, 3, 3, 3, 2] 
dagC14.txt 1234x1.txt True 0.2159090909090909 0.25 353.0 [3, 3, 3, 3, 3, 3, 3, 1, 3, 3, 3, 3, 3, 3, 3, 3, 3, 3, 3, 3, 3, 3, 3, 3, 3, 3, 2, 3, 3, 3, 3, 1, 1, 3, 3, 2, 2, 3, 3, 3, 3, 3, 1, 1, 3, 3, 3, 1, 2, 1, 3, 2, 3, 2, 3, 3, 1, 1, 3, 3] 
dagC14.txt 1234x1.txt True 0.2727272727272727 0.3 340.75 [3, 3, 3, 3, 3, 3, 3, 1, 3, 3, 3, 3, 3, 3, 3, 3, 3, 3, 3, 3, 3, 3, 3, 2, 3, 3, 2, 3, 3, 3, 3, 1, 1, 3, 3, 2, 2, 3, 3, 3, 3, 3, 1, 1, 3, 3, 3, 1, 2, 1, 3, 2, 3, 2, 3, 3, 1, 1, 3, 3] 
dagC14.txt 1234x1.txt True 0.3465909090909091 0.35 317.5 [3, 3, 3, 3, 3, 3, 3, 1, 3, 3, 3, 3, 3, 3, 3, 2, 3, 3, 3, 3, 3, 3, 3, 2, 3, 3, 2, 3, 3, 3, 3, 1, 1, 3, 3, 2, 2, 3, 3, 3, 2, 3, 1, 1, 3, 3, 3, 1, 2, 1, 3, 2, 3, 2, 3, 3, 1, 1, 3, 3] 
dagC14.txt 1234x1.txt True 0.3806818181818182 0.4 234.0 [1, 1, 2, 0, 3, 1, 1, 0, 3, 3, 1, 3, 3, 3, 3, 3, 3, 3, 2, 3, 1, 2, 1, 3, 3, 3, 2, 1, 1, 3, 3, 0, 0, 1, 3, 2, 3, 2, 3, 3, 1, 1, 0, 3, 1, 1, 3, 3, 3, 0, 3, 2, 3, 2, 3, 3, 0, 0, 3, 3] 
dagC14.txt 1234x1.txt True 0.44886363636363635 0.45 231.5 [3, 3, 1, 2, 3, 0, 3, 2, 0, 2, 0, 1, 1, 0, 1, 1, 0, 0, 3, 2, 1, 1, 3, 3, 1, 2, 1, 3, 0, 3, 2, 2, 2, 2, 3, 3, 3, 1, 0, 3, 2, 1, 2, 2, 1, 3, 3, 2, 3, 2, 3, 3, 2, 1, 1, 3, 2, 3, 3, 3] 
dagC14.txt 1234x1.txt True 0.48295454545454547 0.5 190.0 [3, 3, 1, 2, 3, 0, 3, 2, 0, 2, 0, 1, 1, 0, 1, 2, 0, 3, 3, 2, 1, 1, 3, 2, 1, 2, 1, 3, 0, 3, 2, 2, 2, 2, 3, 3, 3, 1, 0, 3, 2, 1, 2, 2, 1, 3, 3, 2, 3, 2, 3, 3, 2, 3, 1, 3, 2, 3, 3, 3] 
dagC14.txt 1234x1.txt True 0.48295454545454547 0.55 190.0 [3, 3, 1, 2, 3, 0, 3, 2, 0, 2, 0, 1, 1, 0, 1, 2, 0, 3, 3, 2, 1, 1, 3, 2, 1, 2, 1, 3, 0, 3, 2, 2, 2, 2, 3, 3, 3, 1, 0, 3, 2, 1, 2, 2, 1, 3, 3, 2, 3, 2, 3, 3, 2, 3, 1, 3, 2, 3, 3, 3] 
dagC14.txt 1234x1.txt True 0.48295454545454547 0.6 190.0 [3, 3, 1, 2, 3, 0, 3, 2, 0, 2, 0, 1, 1, 0, 1, 2, 0, 3, 3, 2, 1, 1, 3, 2, 1, 2, 1, 3, 0, 3, 2, 2, 2, 2, 3, 3, 3, 1, 0, 3, 2, 1, 2, 2, 1, 3, 3, 2, 3, 2, 3, 3, 2, 3, 1, 3, 2, 3, 3, 3] 
dagC14.txt 1234x1.txt True 0.48295454545454547 0.65 190.0 [3, 3, 1, 2, 3, 0, 3, 2, 0, 2, 0, 1, 1, 0, 1, 2, 0, 3, 3, 2, 1, 1, 3, 2, 1, 2, 1, 3, 0, 3, 2, 2, 2, 2, 3, 3, 3, 1, 0, 3, 2, 1, 2, 2, 1, 3, 3, 2, 3, 2, 3, 3, 2, 3, 1, 3, 2, 3, 3, 3] 
dagC14.txt 1234x1.txt True 0.48295454545454547 0.7 190.0 [3, 3, 1, 2, 3, 0, 3, 2, 0, 2, 0, 1, 1, 0, 1, 2, 0, 3, 3, 2, 1, 1, 3, 2, 1, 2, 1, 3, 0, 3, 2, 2, 2, 2, 3, 3, 3, 1, 0, 3, 2, 1, 2, 2, 1, 3, 3, 2, 3, 2, 3, 3, 2, 3, 1, 3, 2, 3, 3, 3] 
dagC14.txt 1234x1.txt True 0.48295454545454547 0.75 190.0 [3, 3, 1, 2, 3, 0, 3, 2, 0, 2, 0, 1, 1, 0, 1, 2, 0, 3, 3, 2, 1, 1, 3, 2, 1, 2, 1, 3, 0, 3, 2, 2, 2, 2, 3, 3, 3, 1, 0, 3, 2, 1, 2, 2, 1, 3, 3, 2, 3, 2, 3, 3, 2, 3, 1, 3, 2, 3, 3, 3] 
dagC14.txt 1234x1.txt True 0.48295454545454547 0.8 190.0 [3, 3, 1, 2, 3, 0, 3, 2, 0, 2, 0, 1, 1, 0, 1, 2, 0, 3, 3, 2, 1, 1, 3, 2, 1, 2, 1, 3, 0, 3, 2, 2, 2, 2, 3, 3, 3, 1, 0, 3, 2, 1, 2, 2, 1, 3, 3, 2, 3, 2, 3, 3, 2, 3, 1, 3, 2, 3, 3, 3] 
dagC14.txt 1234x1.txt True 0.48295454545454547 0.85 190.0 [3, 3, 1, 2, 3, 0, 3, 2, 0, 2, 0, 1, 1, 0, 1, 2, 0, 3, 3, 2, 1, 1, 3, 2, 1, 2, 1, 3, 0, 3, 2, 2, 2, 2, 3, 3, 3, 1, 0, 3, 2, 1, 2, 2, 1, 3, 3, 2, 3, 2, 3, 3, 2, 3, 1, 3, 2, 3, 3, 3] 
dagC14.txt 1234x1.txt True 0.48295454545454547 0.9 190.0 [3, 3, 1, 2, 3, 0, 3, 2, 0, 2, 0, 1, 1, 0, 1, 2, 0, 3, 3, 2, 1, 1, 3, 2, 1, 2, 1, 3, 0, 3, 2, 2, 2, 2, 3, 3, 3, 1, 0, 3, 2, 1, 2, 2, 1, 3, 3, 2, 3, 2, 3, 3, 2, 3, 1, 3, 2, 3, 3, 3] 
dagC14.txt 1234x1.txt True 0.48295454545454547 0.95 190.0 [3, 3, 1, 2, 3, 0, 3, 2, 0, 2, 0, 1, 1, 0, 1, 2, 0, 3, 3, 2, 1, 1, 3, 2, 1, 2, 1, 3, 0, 3, 2, 2, 2, 2, 3, 3, 3, 1, 0, 3, 2, 1, 2, 2, 1, 3, 3, 2, 3, 2, 3, 3, 2, 3, 1, 3, 2, 3, 3, 3] 
dagC14.txt 1234x1.txt True 0.48295454545454547 1 190.0 [3, 3, 1, 2, 3, 0, 3, 2, 0, 2, 0, 1, 1, 0, 1, 2, 0, 3, 3, 2, 1, 1, 3, 2, 1, 2, 1, 3, 0, 3, 2, 2, 2, 2, 3, 3, 3, 1, 0, 3, 2, 1, 2, 2, 1, 3, 3, 2, 3, 2, 3, 3, 2, 3, 1, 3, 2, 3, 3, 3] 
dagC14.txt 3_2x3.txt True 0.0 0.07 927.5 [5, 5, 5, 5, 5, 5, 5, 5, 5, 5, 5, 5, 5, 5, 5, 5, 5, 5, 5, 5, 5, 5, 5, 5, 5, 5, 5, 5, 5, 5, 5, 5, 5, 5, 5, 5, 5, 5, 5, 5, 5, 5, 5, 5, 5, 5, 5, 5, 5, 5, 5, 5, 5, 5, 5, 5, 5, 5, 5, 5] 
dagC14.txt 3_2x3.txt True 0.0 0.08 927.5 [5, 5, 5, 5, 5, 5, 5, 5, 5, 5, 5, 5, 5, 5, 5, 5, 5, 5, 5, 5, 5, 5, 5, 5, 5, 5, 5, 5, 5, 5, 5, 5, 5, 5, 5, 5, 5, 5, 5, 5, 5, 5, 5, 5, 5, 5, 5, 5, 5, 5, 5, 5, 5, 5, 5, 5, 5, 5, 5, 5] 
dagC14.txt 3_2x3.txt True 0.08522727272727272 0.09 903.0 [5, 5, 5, 5, 5, 5, 5, 5, 5, 5, 5, 5, 5, 5, 5, 5, 5, 5, 5, 5, 5, 5, 5, 0, 5, 5, 5, 5, 5, 5, 5, 5, 5, 5, 5, 5, 5, 5, 5, 5, 5, 5, 5, 5, 5, 5, 5, 5, 5, 5, 5, 5, 5, 5, 5, 5, 5, 5, 5, 5] 
dagC14.txt 3_2x3.txt True 0.08522727272727272 0.1 903.0 [5, 5, 5, 5, 5, 5, 5, 5, 5, 5, 5, 5, 5, 5, 5, 5, 5, 5, 5, 5, 5, 5, 5, 0, 5, 5, 5, 5, 5, 5, 5, 5, 5, 5, 5, 5, 5, 5, 5, 5, 5, 5, 5, 5, 5, 5, 5, 5, 5, 5, 5, 5, 5, 5, 5, 5, 5, 5, 5, 5] 
dagC14.txt 3_2x3.txt True 0.10227272727272728 0.11 878.5 [5, 5, 5, 5, 5, 5, 5, 5, 5, 5, 5, 5, 5, 5, 5, 5, 5, 5, 5, 5, 5, 5, 5, 0, 5, 5, 5, 5, 5, 5, 5, 5, 5, 5, 5, 5, 5, 5, 5, 5, 5, 5, 5, 5, 5, 5, 5, 5, 5, 5, 5, 5, 5, 0, 5, 5, 5, 5, 5, 5] 
dagC14.txt 3_2x3.txt True 0.10227272727272728 0.12 878.5 [5, 5, 5, 5, 5, 5, 5, 5, 5, 5, 5, 5, 5, 5, 5, 5, 5, 5, 5, 5, 5, 5, 5, 0, 5, 5, 5, 5, 5, 5, 5, 5, 5, 5, 5, 5, 5, 5, 5, 5, 5, 5, 5, 5, 5, 5, 5, 5, 5, 5, 5, 5, 5, 0, 5, 5, 5, 5, 5, 5] 
dagC14.txt 3_2x3.txt True 0.10227272727272728 0.13 878.5 [5, 5, 5, 5, 5, 5, 5, 5, 5, 5, 5, 5, 5, 5, 5, 5, 5, 5, 5, 5, 5, 5, 5, 0, 5, 5, 5, 5, 5, 5, 5, 5, 5, 5, 5, 5, 5, 5, 5, 5, 5, 5, 5, 5, 5, 5, 5, 5, 5, 5, 5, 5, 5, 0, 5, 5, 5, 5, 5, 5] 
dagC14.txt 3_2x3.txt True 0.10227272727272728 0.14 878.5 [5, 5, 5, 5, 5, 5, 5, 5, 5, 5, 5, 5, 5, 5, 5, 5, 5, 5, 5, 5, 5, 5, 5, 0, 5, 5, 5, 5, 5, 5, 5, 5, 5, 5, 5, 5, 5, 5, 5, 5, 5, 5, 5, 5, 5, 5, 5, 5, 5, 5, 5, 5, 5, 0, 5, 5, 5, 5, 5, 5] 
dagC14.txt 3_2x3.txt True 0.14204545454545456 0.15 862.5 [5, 5, 5, 5, 5, 5, 5, 5, 5, 5, 5, 5, 5, 5, 5, 3, 5, 5, 5, 5, 5, 5, 5, 5, 5, 5, 5, 5, 5, 2, 2, 5, 5, 5, 5, 5, 5, 5, 5, 5, 5, 5, 5, 5, 5, 5, 5, 5, 3, 5, 5, 5, 5, 5, 5, 5, 5, 5, 5, 5] 
dagC14.txt 3_2x3.txt True 0.14204545454545456 0.16 862.5 [5, 5, 5, 5, 5, 5, 5, 5, 5, 5, 5, 5, 5, 5, 5, 3, 5, 5, 5, 5, 5, 5, 5, 5, 5, 5, 5, 5, 5, 2, 2, 5, 5, 5, 5, 5, 5, 5, 5, 5, 5, 5, 5, 5, 5, 5, 5, 5, 3, 5, 5, 5, 5, 5, 5, 5, 5, 5, 5, 5] 
dagC14.txt 3_2x3.txt True 0.14204545454545456 0.17 862.5 [5, 5, 5, 5, 5, 5, 5, 5, 5, 5, 5, 5, 5, 5, 5, 3, 5, 5, 5, 5, 5, 5, 5, 5, 5, 5, 5, 5, 5, 2, 2, 5, 5, 5, 5, 5, 5, 5, 5, 5, 5, 5, 5, 5, 5, 5, 5, 5, 3, 5, 5, 5, 5, 5, 5, 5, 5, 5, 5, 5] 
dagC14.txt 3_2x3.txt True 0.14204545454545456 0.18 862.5 [5, 5, 5, 5, 5, 5, 5, 5, 5, 5, 5, 5, 5, 5, 5, 3, 5, 5, 5, 5, 5, 5, 5, 5, 5, 5, 5, 5, 5, 2, 2, 5, 5, 5, 5, 5, 5, 5, 5, 5, 5, 5, 5, 5, 5, 5, 5, 5, 3, 5, 5, 5, 5, 5, 5, 5, 5, 5, 5, 5] 
dagC14.txt 3_2x3.txt True 0.14204545454545456 0.19 862.5 [5, 5, 5, 5, 5, 5, 5, 5, 5, 5, 5, 5, 5, 5, 5, 3, 5, 5, 5, 5, 5, 5, 5, 5, 5, 5, 5, 5, 5, 2, 2, 5, 5, 5, 5, 5, 5, 5, 5, 5, 5, 5, 5, 5, 5, 5, 5, 5, 3, 5, 5, 5, 5, 5, 5, 5, 5, 5, 5, 5] 
dagC14.txt 3_2x3.txt True 0.19318181818181818 0.2 786.0 [5, 5, 5, 5, 5, 5, 5, 3, 5, 5, 5, 5, 5, 5, 5, 5, 5, 4, 3, 5, 5, 5, 5, 5, 5, 5, 5, 5, 5, 5, 5, 2, 2, 5, 5, 2, 5, 5, 5, 5, 5, 5, 5, 5, 5, 5, 5, 5, 5, 5, 5, 5, 4, 5, 5, 5, 5, 5, 3, 5] 
dagC14.txt 3_2x3.txt True 0.25 0.25 761.5 [5, 5, 5, 5, 5, 5, 5, 3, 5, 5, 5, 5, 5, 5, 5, 5, 5, 4, 3, 5, 5, 5, 5, 3, 5, 5, 5, 5, 5, 5, 5, 2, 2, 5, 5, 2, 5, 5, 5, 5, 5, 5, 5, 5, 5, 5, 5, 5, 5, 5, 5, 5, 4, 5, 5, 5, 5, 5, 3, 5] 
dagC14.txt 3_2x3.txt True 0.29545454545454547 0.3 415.5 [5, 5, 5, 4, 5, 4, 4, 5, 5, 4, 5, 5, 5, 5, 5, 5, 5, 5, 4, 4, 5, 5, 4, 4, 5, 4, 2, 4, 5, 4, 4, 4, 5, 4, 5, 4, 4, 2, 5, 4, 4, 5, 4, 4, 5, 5, 4, 4, 4, 4, 4, 4, 4, 2, 5, 4, 4, 4, 4, 4] 
dagC14.txt 3_2x3.txt True 0.32386363636363635 0.35 415.5 [5, 5, 5, 4, 5, 4, 4, 5, 5, 4, 5, 5, 5, 5, 5, 5, 5, 5, 4, 4, 5, 5, 4, 0, 5, 4, 2, 4, 5, 4, 4, 4, 5, 4, 5, 4, 4, 2, 5, 4, 4, 5, 4, 4, 5, 5, 4, 4, 4, 4, 4, 4, 4, 2, 5, 4, 4, 4, 4, 4] 
dagC14.txt 3_2x3.txt True 0.38636363636363635 0.4 299.0 [1, 4, 5, 1, 1, 1, 2, 4, 4, 1, 4, 4, 5, 1, 5, 5, 1, 4, 2, 1, 5, 5, 2, 4, 5, 1, 5, 2, 1, 2, 1, 1, 4, 1, 5, 2, 2, 5, 1, 2, 1, 5, 1, 1, 5, 4, 2, 1, 2, 1, 2, 2, 1, 5, 5, 2, 1, 2, 2, 2] 
dagC14.txt 3_2x3.txt True 0.4318181818181818 0.45 253.0 [0, 4, 5, 1, 1, 1, 2, 4, 4, 1, 4, 4, 5, 1, 5, 5, 1, 4, 2, 1, 5, 5, 2, 4, 5, 1, 5, 2, 1, 2, 1, 1, 4, 1, 5, 2, 2, 5, 1, 2, 0, 5, 1, 1, 5, 4, 2, 1, 2, 1, 2, 2, 1, 5, 5, 2, 1, 2, 2, 2] 
dagC14.txt 3_2x3.txt True 0.4943181818181818 0.5 221.5 [3, 5, 4, 0, 3, 3, 2, 0, 5, 1, 5, 5, 5, 3, 5, 5, 3, 5, 2, 1, 4, 4, 2, 0, 5, 1, 4, 2, 3, 1, 1, 0, 0, 2, 5, 0, 1, 4, 3, 1, 2, 5, 0, 1, 4, 3, 1, 1, 1, 0, 1, 2, 1, 4, 5, 1, 0, 2, 1, 1] 
dagC14.txt 3_2x3.txt True 0.5397727272727273 0.55 153.5 [0, 1, 1, 3, 0, 0, 5, 3, 2, 5, 0, 1, 2, 0, 2, 2, 0, 2, 5, 4, 1, 1, 5, 2, 2, 4, 1, 5, 0, 4, 4, 3, 3, 5, 2, 3, 4, 1, 0, 4, 0, 1, 3, 3, 0, 0, 4, 4, 4, 3, 4, 5, 3, 1, 3, 4, 3, 5, 4, 4] 
dagC14.txt 3_2x3.txt True 0.5738636363636364 0.6 130.5 [0, 1, 1, 3, 0, 0, 5, 3, 2, 5, 0, 1, 2, 0, 2, 2, 0, 2, 5, 4, 1, 1, 5, 4, 2, 4, 1, 5, 0, 4, 0, 3, 3, 5, 2, 2, 4, 1, 0, 4, 0, 1, 3, 3, 0, 0, 4, 4, 4, 3, 4, 5, 3, 2, 3, 4, 3, 5, 4, 4] 
dagC14.txt 3_2x3.txt True 0.5738636363636364 0.65 130.5 [0, 1, 1, 3, 0, 0, 5, 3, 2, 5, 0, 1, 2, 0, 2, 2, 0, 2, 5, 4, 1, 1, 5, 4, 2, 4, 1, 5, 0, 4, 0, 3, 3, 5, 2, 2, 4, 1, 0, 4, 0, 1, 3, 3, 0, 0, 4, 4, 4, 3, 4, 5, 3, 2, 3, 4, 3, 5, 4, 4] 
dagC14.txt 3_2x3.txt True 0.5738636363636364 0.7 130.5 [0, 1, 1, 3, 0, 0, 5, 3, 2, 5, 0, 1, 2, 0, 2, 2, 0, 2, 5, 4, 1, 1, 5, 4, 2, 4, 1, 5, 0, 4, 0, 3, 3, 5, 2, 2, 4, 1, 0, 4, 0, 1, 3, 3, 0, 0, 4, 4, 4, 3, 4, 5, 3, 2, 3, 4, 3, 5, 4, 4] 
dagC14.txt 3_2x3.txt True 0.5738636363636364 0.75 130.5 [0, 1, 1, 3, 0, 0, 5, 3, 2, 5, 0, 1, 2, 0, 2, 2, 0, 2, 5, 4, 1, 1, 5, 4, 2, 4, 1, 5, 0, 4, 0, 3, 3, 5, 2, 2, 4, 1, 0, 4, 0, 1, 3, 3, 0, 0, 4, 4, 4, 3, 4, 5, 3, 2, 3, 4, 3, 5, 4, 4] 
dagC14.txt 3_2x3.txt True 0.5738636363636364 0.8 130.5 [0, 1, 1, 3, 0, 0, 5, 3, 2, 5, 0, 1, 2, 0, 2, 2, 0, 2, 5, 4, 1, 1, 5, 4, 2, 4, 1, 5, 0, 4, 0, 3, 3, 5, 2, 2, 4, 1, 0, 4, 0, 1, 3, 3, 0, 0, 4, 4, 4, 3, 4, 5, 3, 2, 3, 4, 3, 5, 4, 4] 
dagC14.txt 3_2x3.txt True 0.5738636363636364 0.85 130.5 [0, 1, 1, 3, 0, 0, 5, 3, 2, 5, 0, 1, 2, 0, 2, 2, 0, 2, 5, 4, 1, 1, 5, 4, 2, 4, 1, 5, 0, 4, 0, 3, 3, 5, 2, 2, 4, 1, 0, 4, 0, 1, 3, 3, 0, 0, 4, 4, 4, 3, 4, 5, 3, 2, 3, 4, 3, 5, 4, 4] 
dagC14.txt 3_2x3.txt True 0.5738636363636364 0.9 130.5 [0, 1, 1, 3, 0, 0, 5, 3, 2, 5, 0, 1, 2, 0, 2, 2, 0, 2, 5, 4, 1, 1, 5, 4, 2, 4, 1, 5, 0, 4, 0, 3, 3, 5, 2, 2, 4, 1, 0, 4, 0, 1, 3, 3, 0, 0, 4, 4, 4, 3, 4, 5, 3, 2, 3, 4, 3, 5, 4, 4] 
dagC14.txt 3_2x3.txt True 0.5738636363636364 0.95 130.5 [0, 1, 1, 3, 0, 0, 5, 3, 2, 5, 0, 1, 2, 0, 2, 2, 0, 2, 5, 4, 1, 1, 5, 4, 2, 4, 1, 5, 0, 4, 0, 3, 3, 5, 2, 2, 4, 1, 0, 4, 0, 1, 3, 3, 0, 0, 4, 4, 4, 3, 4, 5, 3, 2, 3, 4, 3, 5, 4, 4] 
dagC14.txt 3_2x3.txt True 0.5738636363636364 1 130.5 [0, 1, 1, 3, 0, 0, 5, 3, 2, 5, 0, 1, 2, 0, 2, 2, 0, 2, 5, 4, 1, 1, 5, 4, 2, 4, 1, 5, 0, 4, 0, 3, 3, 5, 2, 2, 4, 1, 0, 4, 0, 1, 3, 3, 0, 0, 4, 4, 4, 3, 4, 5, 3, 2, 3, 4, 3, 5, 4, 4] 
dagC14.txt 1234x3.txt True 0.0 0.07 463.75 [11, 11, 11, 11, 11, 11, 11, 11, 11, 11, 11, 11, 11, 11, 11, 11, 11, 11, 11, 11, 11, 11, 11, 11, 11, 11, 11, 11, 11, 11, 11, 11, 11, 11, 11, 11, 11, 11, 11, 11, 11, 11, 11, 11, 11, 11, 11, 11, 11, 11, 11, 11, 11, 11, 11, 11, 11, 11, 11, 11] 
dagC14.txt 1234x3.txt True 0.0 0.08 463.75 [11, 11, 11, 11, 11, 11, 11, 11, 11, 11, 11, 11, 11, 11, 11, 11, 11, 11, 11, 11, 11, 11, 11, 11, 11, 11, 11, 11, 11, 11, 11, 11, 11, 11, 11, 11, 11, 11, 11, 11, 11, 11, 11, 11, 11, 11, 11, 11, 11, 11, 11, 11, 11, 11, 11, 11, 11, 11, 11, 11] 
dagC14.txt 1234x3.txt True 0.08522727272727272 0.09 451.5 [11, 11, 11, 11, 11, 11, 11, 11, 11, 11, 11, 11, 11, 11, 11, 11, 11, 11, 11, 11, 11, 11, 11, 3, 11, 11, 11, 11, 11, 11, 11, 11, 11, 11, 11, 11, 11, 11, 11, 11, 11, 11, 11, 11, 11, 11, 11, 11, 11, 11, 11, 11, 11, 11, 11, 11, 11, 11, 11, 11] 
dagC14.txt 1234x3.txt True 0.08522727272727272 0.1 451.5 [11, 11, 11, 11, 11, 11, 11, 11, 11, 11, 11, 11, 11, 11, 11, 11, 11, 11, 11, 11, 11, 11, 11, 3, 11, 11, 11, 11, 11, 11, 11, 11, 11, 11, 11, 11, 11, 11, 11, 11, 11, 11, 11, 11, 11, 11, 11, 11, 11, 11, 11, 11, 11, 11, 11, 11, 11, 11, 11, 11] 
dagC14.txt 1234x3.txt True 0.10227272727272728 0.11 439.25 [11, 11, 11, 11, 11, 11, 11, 11, 11, 11, 11, 11, 11, 11, 11, 11, 11, 11, 11, 11, 11, 11, 11, 3, 11, 11, 11, 11, 11, 11, 11, 11, 11, 11, 11, 11, 11, 11, 11, 11, 11, 11, 11, 11, 11, 11, 11, 11, 11, 11, 11, 11, 11, 3, 11, 11, 11, 11, 11, 11] 
dagC14.txt 1234x3.txt True 0.10227272727272728 0.12 439.25 [11, 11, 11, 11, 11, 11, 11, 11, 11, 11, 11, 11, 11, 11, 11, 11, 11, 11, 11, 11, 11, 11, 11, 3, 11, 11, 11, 11, 11, 11, 11, 11, 11, 11, 11, 11, 11, 11, 11, 11, 11, 11, 11, 11, 11, 11, 11, 11, 11, 11, 11, 11, 11, 3, 11, 11, 11, 11, 11, 11] 
dagC14.txt 1234x3.txt True 0.10227272727272728 0.13 439.25 [11, 11, 11, 11, 11, 11, 11, 11, 11, 11, 11, 11, 11, 11, 11, 11, 11, 11, 11, 11, 11, 11, 11, 3, 11, 11, 11, 11, 11, 11, 11, 11, 11, 11, 11, 11, 11, 11, 11, 11, 11, 11, 11, 11, 11, 11, 11, 11, 11, 11, 11, 11, 11, 3, 11, 11, 11, 11, 11, 11] 
dagC14.txt 1234x3.txt True 0.10227272727272728 0.14 439.25 [11, 11, 11, 11, 11, 11, 11, 11, 11, 11, 11, 11, 11, 11, 11, 11, 11, 11, 11, 11, 11, 11, 11, 3, 11, 11, 11, 11, 11, 11, 11, 11, 11, 11, 11, 11, 11, 11, 11, 11, 11, 11, 11, 11, 11, 11, 11, 11, 11, 11, 11, 11, 11, 3, 11, 11, 11, 11, 11, 11] 
dagC14.txt 1234x3.txt True 0.14204545454545456 0.15 427.5 [11, 11, 11, 11, 11, 11, 11, 11, 11, 11, 11, 11, 11, 11, 11, 11, 11, 11, 11, 11, 11, 11, 11, 3, 11, 11, 11, 11, 11, 11, 11, 11, 11, 11, 11, 11, 11, 11, 11, 11, 3, 11, 11, 11, 11, 11, 11, 11, 11, 11, 11, 11, 11, 3, 11, 11, 11, 11, 11, 11] 
dagC14.txt 1234x3.txt True 0.14204545454545456 0.16 427.5 [11, 11, 11, 11, 11, 11, 11, 11, 11, 11, 11, 11, 11, 11, 11, 11, 11, 11, 11, 11, 11, 11, 11, 3, 11, 11, 11, 11, 11, 11, 11, 11, 11, 11, 11, 11, 11, 11, 11, 11, 3, 11, 11, 11, 11, 11, 11, 11, 11, 11, 11, 11, 11, 3, 11, 11, 11, 11, 11, 11] 
dagC14.txt 1234x3.txt True 0.14204545454545456 0.17 427.5 [11, 11, 11, 11, 11, 11, 11, 11, 11, 11, 11, 11, 11, 11, 11, 11, 11, 11, 11, 11, 11, 11, 11, 3, 11, 11, 11, 11, 11, 11, 11, 11, 11, 11, 11, 11, 11, 11, 11, 11, 3, 11, 11, 11, 11, 11, 11, 11, 11, 11, 11, 11, 11, 3, 11, 11, 11, 11, 11, 11] 
dagC14.txt 1234x3.txt True 0.14204545454545456 0.18 427.5 [11, 11, 11, 11, 11, 11, 11, 11, 11, 11, 11, 11, 11, 11, 11, 11, 11, 11, 11, 11, 11, 11, 11, 3, 11, 11, 11, 11, 11, 11, 11, 11, 11, 11, 11, 11, 11, 11, 11, 11, 3, 11, 11, 11, 11, 11, 11, 11, 11, 11, 11, 11, 11, 3, 11, 11, 11, 11, 11, 11] 
dagC14.txt 1234x3.txt True 0.18181818181818182 0.19 416.0 [11, 11, 11, 11, 11, 11, 11, 11, 11, 11, 11, 11, 11, 11, 11, 3, 11, 11, 11, 11, 11, 11, 11, 3, 11, 11, 11, 11, 11, 11, 11, 11, 11, 11, 11, 11, 11, 11, 11, 11, 3, 11, 11, 11, 11, 11, 11, 11, 11, 11, 11, 11, 11, 3, 11, 11, 11, 11, 11, 11] 
dagC14.txt 1234x3.txt True 0.18181818181818182 0.2 416.0 [11, 11, 11, 11, 11, 11, 11, 11, 11, 11, 11, 11, 11, 11, 11, 3, 11, 11, 11, 11, 11, 11, 11, 3, 11, 11, 11, 11, 11, 11, 11, 11, 11, 11, 11, 11, 11, 11, 11, 11, 3, 11, 11, 11, 11, 11, 11, 11, 11, 11, 11, 11, 11, 3, 11, 11, 11, 11, 11, 11] 
dagC14.txt 1234x3.txt True 0.2159090909090909 0.25 354.5 [11, 11, 11, 11, 11, 11, 11, 9, 11, 9, 8, 10, 11, 11, 11, 11, 11, 11, 11, 11, 11, 11, 11, 11, 11, 11, 11, 11, 11, 11, 9, 9, 9, 11, 11, 11, 11, 11, 11, 11, 11, 11, 9, 9, 11, 8, 11, 11, 11, 9, 11, 11, 11, 9, 9, 11, 9, 9, 11, 11] 
dagC14.txt 1234x3.txt True 0.2784090909090909 0.3 342.25 [11, 11, 11, 11, 11, 11, 11, 9, 11, 9, 8, 10, 11, 11, 11, 11, 11, 11, 11, 11, 11, 11, 11, 3, 11, 11, 11, 11, 11, 11, 9, 9, 9, 11, 11, 11, 11, 11, 11, 11, 11, 11, 9, 9, 11, 8, 11, 11, 11, 9, 11, 11, 11, 9, 9, 11, 9, 9, 11, 11] 
dagC14.txt 1234x3.txt True 0.3465909090909091 0.35 319.0 [11, 11, 11, 11, 11, 11, 11, 9, 11, 9, 8, 10, 11, 11, 11, 3, 11, 11, 11, 11, 11, 11, 11, 3, 11, 11, 11, 11, 11, 11, 9, 9, 9, 11, 11, 11, 11, 11, 11, 11, 3, 11, 9, 9, 11, 8, 11, 11, 11, 9, 11, 11, 11, 9, 9, 11, 9, 9, 11, 11] 
dagC14.txt 1234x3.txt True 0.39204545454545453 0.4 366.0 [9, 11, 11, 9, 9, 9, 9, 11, 9, 9, 7, 11, 11, 9, 11, 11, 9, 11, 11, 9, 11, 11, 9, 11, 11, 9, 11, 9, 9, 7, 9, 9, 11, 9, 9, 11, 1, 11, 9, 7, 3, 11, 9, 9, 11, 7, 7, 9, 1, 9, 7, 11, 9, 11, 9, 9, 9, 7, 7, 7] 
dagC14.txt 1234x3.txt True 0.44886363636363635 0.45 300.0 [3, 11, 11, 9, 3, 9, 9, 11, 9, 9, 7, 11, 11, 9, 11, 11, 9, 11, 11, 9, 11, 11, 9, 11, 11, 9, 11, 9, 9, 7, 3, 9, 11, 9, 9, 11, 1, 11, 9, 7, 3, 11, 9, 9, 11, 7, 7, 9, 1, 9, 7, 11, 9, 11, 9, 9, 9, 7, 7, 7] 
dagC14.txt 1234x3.txt True 0.48863636363636365 0.5 418.0 [4, 5, 2, 11, 5, 10, 8, 5, 5, 11, 5, 5, 2, 4, 2, 2, 4, 5, 8, 11, 2, 2, 8, 5, 2, 11, 2, 8, 4, 8, 11, 11, 5, 11, 5, 7, 8, 9, 4, 8, 10, 2, 11, 11, 2, 5, 8, 8, 8, 11, 8, 7, 11, 9, 2, 8, 11, 8, 8, 8] 
dagC14.txt 1234x3.txt True 0.5397727272727273 0.55 252.0 [4, 5, 2, 11, 5, 10, 8, 5, 5, 11, 5, 5, 2, 4, 2, 2, 4, 5, 3, 11, 2, 2, 8, 5, 2, 11, 2, 8, 4, 8, 11, 11, 5, 11, 5, 7, 8, 9, 4, 8, 10, 2, 11, 11, 2, 5, 3, 3, 8, 11, 8, 7, 11, 9, 2, 8, 11, 8, 3, 8] 
dagC14.txt 1234x3.txt True 0.5909090909090909 0.6 231.0 [3, 1, 5, 8, 0, 8, 8, 2, 2, 8, 2, 2, 5, 0, 5, 5, 0, 2, 11, 8, 8, 4, 8, 2, 5, 10, 5, 8, 3, 10, 7, 7, 2, 8, 2, 9, 10, 6, 3, 10, 3, 5, 7, 7, 4, 1, 10, 10, 10, 7, 10, 9, 6, 6, 5, 11, 7, 7, 10, 10] 
dagC14.txt 1234x3.txt True 0.6477272727272727 0.65 168.0 [0, 1, 5, 11, 1, 0, 9, 11, 2, 7, 2, 3, 4, 2, 4, 4, 0, 1, 9, 8, 3, 5, 9, 2, 4, 8, 5, 9, 0, 6, 8, 11, 11, 10, 2, 11, 6, 3, 0, 6, 10, 5, 11, 7, 3, 1, 7, 7, 6, 7, 6, 10, 8, 3, 7, 8, 10, 9, 6, 6] 
dagC14.txt 1234x3.txt True 0.6988636363636364 0.7 154.0 [11, 9, 3, 9, 0, 10, 10, 7, 5, 2, 7, 6, 5, 0, 4, 3, 0, 5, 3, 0, 10, 3, 10, 7, 4, 1, 3, 10, 11, 6, 2, 9, 7, 11, 4, 8, 6, 1, 11, 6, 11, 5, 2, 1, 9, 9, 2, 1, 6, 2, 1, 8, 0, 3, 4, 8, 1, 10, 6, 6] 
dagC14.txt 1234x3.txt True 0.75 0.75 68.33333333333333 [11, 9, 3, 9, 3, 10, 10, 7, 5, 2, 7, 6, 10, 0, 4, 7, 7, 5, 7, 0, 10, 3, 10, 2, 11, 1, 3, 10, 11, 6, 2, 9, 7, 11, 7, 3, 6, 1, 11, 6, 11, 5, 2, 1, 9, 9, 2, 11, 6, 2, 1, 3, 3, 6, 4, 8, 1, 10, 6, 6] 
dagC14.txt 1234x3.txt True 0.75 0.8 68.33333333333333 [11, 9, 3, 9, 3, 10, 10, 7, 5, 2, 7, 6, 10, 0, 4, 7, 7, 5, 7, 0, 10, 3, 10, 2, 11, 1, 3, 10, 11, 6, 2, 9, 7, 11, 7, 3, 6, 1, 11, 6, 11, 5, 2, 1, 9, 9, 2, 11, 6, 2, 1, 3, 3, 6, 4, 8, 1, 10, 6, 6] 
dagC14.txt 1234x3.txt True 0.75 0.85 68.33333333333333 [11, 9, 3, 9, 3, 10, 10, 7, 5, 2, 7, 6, 10, 0, 4, 7, 7, 5, 7, 0, 10, 3, 10, 2, 11, 1, 3, 10, 11, 6, 2, 9, 7, 11, 7, 3, 6, 1, 11, 6, 11, 5, 2, 1, 9, 9, 2, 11, 6, 2, 1, 3, 3, 6, 4, 8, 1, 10, 6, 6] 
dagC14.txt 1234x3.txt True 0.75 0.9 68.33333333333333 [11, 9, 3, 9, 3, 10, 10, 7, 5, 2, 7, 6, 10, 0, 4, 7, 7, 5, 7, 0, 10, 3, 10, 2, 11, 1, 3, 10, 11, 6, 2, 9, 7, 11, 7, 3, 6, 1, 11, 6, 11, 5, 2, 1, 9, 9, 2, 11, 6, 2, 1, 3, 3, 6, 4, 8, 1, 10, 6, 6] 
dagC14.txt 1234x3.txt True 0.75 0.95 68.33333333333333 [11, 9, 3, 9, 3, 10, 10, 7, 5, 2, 7, 6, 10, 0, 4, 7, 7, 5, 7, 0, 10, 3, 10, 2, 11, 1, 3, 10, 11, 6, 2, 9, 7, 11, 7, 3, 6, 1, 11, 6, 11, 5, 2, 1, 9, 9, 2, 11, 6, 2, 1, 3, 3, 6, 4, 8, 1, 10, 6, 6] 
dagC14.txt 1234x3.txt True 0.75 1 68.33333333333333 [11, 9, 3, 9, 3, 10, 10, 7, 5, 2, 7, 6, 10, 0, 4, 7, 7, 5, 7, 0, 10, 3, 10, 2, 11, 1, 3, 10, 11, 6, 2, 9, 7, 11, 7, 3, 6, 1, 11, 6, 11, 5, 2, 1, 9, 9, 2, 11, 6, 2, 1, 3, 3, 6, 4, 8, 1, 10, 6, 6] 
dagC14.txt 1_4x1.txt True 0.03409090909090909 0.07 441.0 [1, 1, 1, 1, 1, 1, 1, 1, 1, 1, 1, 1, 1, 1, 1, 1, 1, 1, 1, 1, 1, 1, 1, 1, 1, 1, 0, 1, 1, 1, 1, 1, 1, 1, 1, 1, 1, 1, 1, 1, 1, 1, 1, 1, 1, 1, 1, 1, 1, 1, 1, 1, 1, 0, 1, 1, 1, 1, 1, 1] 
dagC14.txt 1_4x1.txt True 0.03409090909090909 0.08 441.0 [1, 1, 1, 1, 1, 1, 1, 1, 1, 1, 1, 1, 1, 1, 1, 1, 1, 1, 1, 1, 1, 1, 1, 1, 1, 1, 0, 1, 1, 1, 1, 1, 1, 1, 1, 1, 1, 1, 1, 1, 1, 1, 1, 1, 1, 1, 1, 1, 1, 1, 1, 1, 1, 0, 1, 1, 1, 1, 1, 1] 
dagC14.txt 1_4x1.txt True 0.03409090909090909 0.09 441.0 [1, 1, 1, 1, 1, 1, 1, 1, 1, 1, 1, 1, 1, 1, 1, 1, 1, 1, 1, 1, 1, 1, 1, 1, 1, 1, 0, 1, 1, 1, 1, 1, 1, 1, 1, 1, 1, 1, 1, 1, 1, 1, 1, 1, 1, 1, 1, 1, 1, 1, 1, 1, 1, 0, 1, 1, 1, 1, 1, 1] 
dagC14.txt 1_4x1.txt True 0.03409090909090909 0.1 441.0 [1, 1, 1, 1, 1, 1, 1, 1, 1, 1, 1, 1, 1, 1, 1, 1, 1, 1, 1, 1, 1, 1, 1, 1, 1, 1, 0, 1, 1, 1, 1, 1, 1, 1, 1, 1, 1, 1, 1, 1, 1, 1, 1, 1, 1, 1, 1, 1, 1, 1, 1, 1, 1, 0, 1, 1, 1, 1, 1, 1] 
dagC14.txt 1_4x1.txt True 0.03409090909090909 0.11 441.0 [1, 1, 1, 1, 1, 1, 1, 1, 1, 1, 1, 1, 1, 1, 1, 1, 1, 1, 1, 1, 1, 1, 1, 1, 1, 1, 0, 1, 1, 1, 1, 1, 1, 1, 1, 1, 1, 1, 1, 1, 1, 1, 1, 1, 1, 1, 1, 1, 1, 1, 1, 1, 1, 0, 1, 1, 1, 1, 1, 1] 
dagC14.txt 1_4x1.txt True 0.11931818181818182 0.12 428.75 [1, 1, 1, 1, 1, 1, 1, 1, 1, 1, 1, 1, 1, 1, 1, 1, 1, 1, 1, 1, 1, 1, 1, 0, 1, 1, 0, 1, 1, 1, 1, 1, 1, 1, 1, 1, 1, 1, 1, 1, 1, 1, 1, 1, 1, 1, 1, 1, 1, 1, 1, 1, 1, 0, 1, 1, 1, 1, 1, 1] 
dagC14.txt 1_4x1.txt True 0.11931818181818182 0.13 428.75 [1, 1, 1, 1, 1, 1, 1, 1, 1, 1, 1, 1, 1, 1, 1, 1, 1, 1, 1, 1, 1, 1, 1, 0, 1, 1, 0, 1, 1, 1, 1, 1, 1, 1, 1, 1, 1, 1, 1, 1, 1, 1, 1, 1, 1, 1, 1, 1, 1, 1, 1, 1, 1, 0, 1, 1, 1, 1, 1, 1] 
dagC14.txt 1_4x1.txt True 0.11931818181818182 0.14 428.75 [1, 1, 1, 1, 1, 1, 1, 1, 1, 1, 1, 1, 1, 1, 1, 1, 1, 1, 1, 1, 1, 1, 1, 0, 1, 1, 0, 1, 1, 1, 1, 1, 1, 1, 1, 1, 1, 1, 1, 1, 1, 1, 1, 1, 1, 1, 1, 1, 1, 1, 1, 1, 1, 0, 1, 1, 1, 1, 1, 1] 
dagC14.txt 1_4x1.txt True 0.11931818181818182 0.15 428.75 [1, 1, 1, 1, 1, 1, 1, 1, 1, 1, 1, 1, 1, 1, 1, 1, 1, 1, 1, 1, 1, 1, 1, 0, 1, 1, 0, 1, 1, 1, 1, 1, 1, 1, 1, 1, 1, 1, 1, 1, 1, 1, 1, 1, 1, 1, 1, 1, 1, 1, 1, 1, 1, 0, 1, 1, 1, 1, 1, 1] 
dagC14.txt 1_4x1.txt True 0.1590909090909091 0.16 417.0 [1, 1, 1, 1, 1, 1, 1, 1, 1, 1, 1, 1, 1, 1, 1, 1, 1, 1, 1, 1, 1, 1, 1, 0, 1, 1, 0, 1, 1, 1, 1, 1, 1, 1, 1, 1, 1, 1, 1, 1, 0, 1, 1, 1, 1, 1, 1, 1, 1, 1, 1, 1, 1, 0, 1, 1, 1, 1, 1, 1] 
dagC14.txt 1_4x1.txt True 0.1590909090909091 0.17 417.0 [1, 1, 1, 1, 1, 1, 1, 1, 1, 1, 1, 1, 1, 1, 1, 1, 1, 1, 1, 1, 1, 1, 1, 0, 1, 1, 0, 1, 1, 1, 1, 1, 1, 1, 1, 1, 1, 1, 1, 1, 0, 1, 1, 1, 1, 1, 1, 1, 1, 1, 1, 1, 1, 0, 1, 1, 1, 1, 1, 1] 
dagC14.txt 1_4x1.txt True 0.1590909090909091 0.18 417.0 [1, 1, 1, 1, 1, 1, 1, 1, 1, 1, 1, 1, 1, 1, 1, 1, 1, 1, 1, 1, 1, 1, 1, 0, 1, 1, 0, 1, 1, 1, 1, 1, 1, 1, 1, 1, 1, 1, 1, 1, 0, 1, 1, 1, 1, 1, 1, 1, 1, 1, 1, 1, 1, 0, 1, 1, 1, 1, 1, 1] 
dagC14.txt 1_4x1.txt True 0.1590909090909091 0.19 417.0 [1, 1, 1, 1, 1, 1, 1, 1, 1, 1, 1, 1, 1, 1, 1, 1, 1, 1, 1, 1, 1, 1, 1, 0, 1, 1, 0, 1, 1, 1, 1, 1, 1, 1, 1, 1, 1, 1, 1, 1, 0, 1, 1, 1, 1, 1, 1, 1, 1, 1, 1, 1, 1, 0, 1, 1, 1, 1, 1, 1] 
dagC14.txt 1_4x1.txt True 0.19886363636363635 0.2 405.5 [1, 1, 1, 1, 1, 1, 1, 1, 1, 1, 1, 1, 1, 1, 1, 0, 1, 1, 1, 1, 1, 1, 1, 0, 1, 1, 0, 1, 1, 1, 1, 1, 1, 1, 1, 1, 1, 1, 1, 1, 0, 1, 1, 1, 1, 1, 1, 1, 1, 1, 1, 1, 1, 0, 1, 1, 1, 1, 1, 1] 
dagC14.txt 1_4x1.txt True 0.25 0.25 927.0 [0, 1, 1, 1, 0, 0, 0, 1, 1, 0, 1, 1, 1, 0, 1, 1, 0, 1, 0, 0, 1, 1, 0, 1, 1, 0, 1, 0, 0, 0, 0, 1, 1, 0, 1, 1, 0, 1, 0, 0, 0, 1, 1, 0, 1, 0, 0, 0, 0, 1, 0, 1, 1, 1, 1, 0, 0, 0, 0, 0] 
dagC14.txt 1_4x1.txt True 0.2897727272727273 0.3 880.0 [0, 1, 1, 1, 0, 0, 0, 1, 1, 0, 1, 1, 1, 0, 1, 1, 0, 1, 0, 0, 1, 1, 0, 1, 1, 0, 1, 0, 0, 0, 0, 1, 1, 0, 1, 1, 0, 1, 0, 0, 1, 1, 1, 0, 1, 0, 0, 0, 0, 1, 0, 1, 1, 1, 1, 0, 0, 0, 0, 0] 
dagC14.txt 1_4x1.txt True 0.32386363636363635 0.35 373.5 [1, 1, 1, 1, 1, 0, 0, 1, 1, 1, 1, 1, 1, 0, 1, 1, 0, 1, 1, 0, 1, 1, 0, 1, 1, 0, 1, 0, 0, 0, 1, 1, 1, 1, 1, 1, 0, 1, 1, 0, 1, 1, 1, 0, 1, 1, 1, 1, 0, 1, 1, 1, 1, 1, 1, 1, 0, 0, 1, 0] 
dagC14.txt 1_4x1.txt True 0.32386363636363635 0.4 373.5 [1, 1, 1, 1, 1, 0, 0, 1, 1, 1, 1, 1, 1, 0, 1, 1, 0, 1, 1, 0, 1, 1, 0, 1, 1, 0, 1, 0, 0, 0, 1, 1, 1, 1, 1, 1, 0, 1, 1, 0, 1, 1, 1, 0, 1, 1, 1, 1, 0, 1, 1, 1, 1, 1, 1, 1, 0, 0, 1, 0] 
dagC14.txt 1_4x1.txt True 0.32386363636363635 0.45 373.5 [1, 1, 1, 1, 1, 0, 0, 1, 1, 1, 1, 1, 1, 0, 1, 1, 0, 1, 1, 0, 1, 1, 0, 1, 1, 0, 1, 0, 0, 0, 1, 1, 1, 1, 1, 1, 0, 1, 1, 0, 1, 1, 1, 0, 1, 1, 1, 1, 0, 1, 1, 1, 1, 1, 1, 1, 0, 0, 1, 0] 
dagC14.txt 1_4x1.txt True 0.32386363636363635 0.5 373.5 [1, 1, 1, 1, 1, 0, 0, 1, 1, 1, 1, 1, 1, 0, 1, 1, 0, 1, 1, 0, 1, 1, 0, 1, 1, 0, 1, 0, 0, 0, 1, 1, 1, 1, 1, 1, 0, 1, 1, 0, 1, 1, 1, 0, 1, 1, 1, 1, 0, 1, 1, 1, 1, 1, 1, 1, 0, 0, 1, 0] 
dagC14.txt 1_4x1.txt True 0.32386363636363635 0.55 373.5 [1, 1, 1, 1, 1, 0, 0, 1, 1, 1, 1, 1, 1, 0, 1, 1, 0, 1, 1, 0, 1, 1, 0, 1, 1, 0, 1, 0, 0, 0, 1, 1, 1, 1, 1, 1, 0, 1, 1, 0, 1, 1, 1, 0, 1, 1, 1, 1, 0, 1, 1, 1, 1, 1, 1, 1, 0, 0, 1, 0] 
dagC14.txt 1_4x1.txt True 0.32386363636363635 0.6 373.5 [1, 1, 1, 1, 1, 0, 0, 1, 1, 1, 1, 1, 1, 0, 1, 1, 0, 1, 1, 0, 1, 1, 0, 1, 1, 0, 1, 0, 0, 0, 1, 1, 1, 1, 1, 1, 0, 1, 1, 0, 1, 1, 1, 0, 1, 1, 1, 1, 0, 1, 1, 1, 1, 1, 1, 1, 0, 0, 1, 0] 
dagC14.txt 1_4x1.txt True 0.32386363636363635 0.65 373.5 [1, 1, 1, 1, 1, 0, 0, 1, 1, 1, 1, 1, 1, 0, 1, 1, 0, 1, 1, 0, 1, 1, 0, 1, 1, 0, 1, 0, 0, 0, 1, 1, 1, 1, 1, 1, 0, 1, 1, 0, 1, 1, 1, 0, 1, 1, 1, 1, 0, 1, 1, 1, 1, 1, 1, 1, 0, 0, 1, 0] 
dagC14.txt 1_4x1.txt True 0.32386363636363635 0.7 373.5 [1, 1, 1, 1, 1, 0, 0, 1, 1, 1, 1, 1, 1, 0, 1, 1, 0, 1, 1, 0, 1, 1, 0, 1, 1, 0, 1, 0, 0, 0, 1, 1, 1, 1, 1, 1, 0, 1, 1, 0, 1, 1, 1, 0, 1, 1, 1, 1, 0, 1, 1, 1, 1, 1, 1, 1, 0, 0, 1, 0] 
dagC14.txt 1_4x1.txt True 0.32386363636363635 0.75 373.5 [1, 1, 1, 1, 1, 0, 0, 1, 1, 1, 1, 1, 1, 0, 1, 1, 0, 1, 1, 0, 1, 1, 0, 1, 1, 0, 1, 0, 0, 0, 1, 1, 1, 1, 1, 1, 0, 1, 1, 0, 1, 1, 1, 0, 1, 1, 1, 1, 0, 1, 1, 1, 1, 1, 1, 1, 0, 0, 1, 0] 
dagC14.txt 1_4x1.txt True 0.32386363636363635 0.8 373.5 [1, 1, 1, 1, 1, 0, 0, 1, 1, 1, 1, 1, 1, 0, 1, 1, 0, 1, 1, 0, 1, 1, 0, 1, 1, 0, 1, 0, 0, 0, 1, 1, 1, 1, 1, 1, 0, 1, 1, 0, 1, 1, 1, 0, 1, 1, 1, 1, 0, 1, 1, 1, 1, 1, 1, 1, 0, 0, 1, 0] 
dagC14.txt 1_4x1.txt True 0.32386363636363635 0.85 373.5 [1, 1, 1, 1, 1, 0, 0, 1, 1, 1, 1, 1, 1, 0, 1, 1, 0, 1, 1, 0, 1, 1, 0, 1, 1, 0, 1, 0, 0, 0, 1, 1, 1, 1, 1, 1, 0, 1, 1, 0, 1, 1, 1, 0, 1, 1, 1, 1, 0, 1, 1, 1, 1, 1, 1, 1, 0, 0, 1, 0] 
dagC14.txt 1_4x1.txt True 0.32386363636363635 0.9 373.5 [1, 1, 1, 1, 1, 0, 0, 1, 1, 1, 1, 1, 1, 0, 1, 1, 0, 1, 1, 0, 1, 1, 0, 1, 1, 0, 1, 0, 0, 0, 1, 1, 1, 1, 1, 1, 0, 1, 1, 0, 1, 1, 1, 0, 1, 1, 1, 1, 0, 1, 1, 1, 1, 1, 1, 1, 0, 0, 1, 0] 
dagC14.txt 1_4x1.txt True 0.32386363636363635 0.95 373.5 [1, 1, 1, 1, 1, 0, 0, 1, 1, 1, 1, 1, 1, 0, 1, 1, 0, 1, 1, 0, 1, 1, 0, 1, 1, 0, 1, 0, 0, 0, 1, 1, 1, 1, 1, 1, 0, 1, 1, 0, 1, 1, 1, 0, 1, 1, 1, 1, 0, 1, 1, 1, 1, 1, 1, 1, 0, 0, 1, 0] 
dagC14.txt 1_4x1.txt True 0.32386363636363635 1 373.5 [1, 1, 1, 1, 1, 0, 0, 1, 1, 1, 1, 1, 1, 0, 1, 1, 0, 1, 1, 0, 1, 1, 0, 1, 1, 0, 1, 0, 0, 0, 1, 1, 1, 1, 1, 1, 0, 1, 1, 0, 1, 1, 1, 0, 1, 1, 1, 1, 0, 1, 1, 1, 1, 1, 1, 1, 0, 0, 1, 0] 
dagC14.txt 3_2x2.txt True 0.045454545454545456 0.07 903.0 [3, 3, 3, 3, 3, 3, 3, 3, 3, 3, 3, 3, 3, 3, 3, 3, 3, 3, 3, 3, 3, 3, 3, 3, 3, 3, 3, 3, 3, 3, 3, 3, 3, 3, 3, 3, 3, 3, 3, 3, 3, 3, 3, 3, 3, 3, 3, 3, 3, 3, 3, 3, 3, 3, 3, 2, 3, 3, 3, 2] 
dagC14.txt 3_2x2.txt True 0.045454545454545456 0.08 903.0 [3, 3, 3, 3, 3, 3, 3, 3, 3, 3, 3, 3, 3, 3, 3, 3, 3, 3, 3, 3, 3, 3, 3, 3, 3, 3, 3, 3, 3, 3, 3, 3, 3, 3, 3, 3, 3, 3, 3, 3, 3, 3, 3, 3, 3, 3, 3, 3, 3, 3, 3, 3, 3, 3, 3, 2, 3, 3, 3, 2] 
dagC14.txt 3_2x2.txt True 0.045454545454545456 0.09 903.0 [3, 3, 3, 3, 3, 3, 3, 3, 3, 3, 3, 3, 3, 3, 3, 3, 3, 3, 3, 3, 3, 3, 3, 3, 3, 3, 3, 3, 3, 3, 3, 3, 3, 3, 3, 3, 3, 3, 3, 3, 3, 3, 3, 3, 3, 3, 3, 3, 3, 3, 3, 3, 3, 3, 3, 2, 3, 3, 3, 2] 
dagC14.txt 3_2x2.txt True 0.045454545454545456 0.1 903.0 [3, 3, 3, 3, 3, 3, 3, 3, 3, 3, 3, 3, 3, 3, 3, 3, 3, 3, 3, 3, 3, 3, 3, 3, 3, 3, 3, 3, 3, 3, 3, 3, 3, 3, 3, 3, 3, 3, 3, 3, 3, 3, 3, 3, 3, 3, 3, 3, 3, 3, 3, 3, 3, 3, 3, 2, 3, 3, 3, 2] 
dagC14.txt 3_2x2.txt True 0.045454545454545456 0.11 903.0 [3, 3, 3, 3, 3, 3, 3, 3, 3, 3, 3, 3, 3, 3, 3, 3, 3, 3, 3, 3, 3, 3, 3, 3, 3, 3, 3, 3, 3, 3, 3, 3, 3, 3, 3, 3, 3, 3, 3, 3, 3, 3, 3, 3, 3, 3, 3, 3, 3, 3, 3, 3, 3, 3, 3, 2, 3, 3, 3, 2] 
dagC14.txt 3_2x2.txt True 0.045454545454545456 0.12 903.0 [3, 3, 3, 3, 3, 3, 3, 3, 3, 3, 3, 3, 3, 3, 3, 3, 3, 3, 3, 3, 3, 3, 3, 3, 3, 3, 3, 3, 3, 3, 3, 3, 3, 3, 3, 3, 3, 3, 3, 3, 3, 3, 3, 3, 3, 3, 3, 3, 3, 3, 3, 3, 3, 3, 3, 2, 3, 3, 3, 2] 
dagC14.txt 3_2x2.txt True 0.045454545454545456 0.13 903.0 [3, 3, 3, 3, 3, 3, 3, 3, 3, 3, 3, 3, 3, 3, 3, 3, 3, 3, 3, 3, 3, 3, 3, 3, 3, 3, 3, 3, 3, 3, 3, 3, 3, 3, 3, 3, 3, 3, 3, 3, 3, 3, 3, 3, 3, 3, 3, 3, 3, 3, 3, 3, 3, 3, 3, 2, 3, 3, 3, 2] 
dagC14.txt 3_2x2.txt True 0.13068181818181818 0.14 878.5 [3, 3, 3, 3, 3, 3, 3, 3, 3, 3, 3, 3, 3, 3, 3, 3, 3, 3, 3, 3, 3, 3, 3, 0, 3, 3, 3, 3, 3, 3, 3, 3, 3, 3, 3, 3, 3, 3, 3, 3, 3, 3, 3, 3, 3, 3, 3, 3, 3, 3, 3, 3, 3, 3, 3, 2, 3, 3, 3, 2] 
dagC14.txt 3_2x2.txt True 0.14772727272727273 0.15 854.0 [3, 3, 3, 3, 3, 3, 3, 3, 3, 3, 3, 3, 3, 3, 3, 3, 3, 3, 3, 3, 3, 3, 3, 0, 3, 3, 3, 3, 3, 3, 3, 3, 3, 3, 3, 3, 3, 3, 3, 3, 3, 3, 3, 3, 3, 3, 3, 3, 3, 3, 3, 3, 3, 0, 3, 2, 3, 3, 3, 2] 
dagC14.txt 3_2x2.txt True 0.14772727272727273 0.16 854.0 [3, 3, 3, 3, 3, 3, 3, 3, 3, 3, 3, 3, 3, 3, 3, 3, 3, 3, 3, 3, 3, 3, 3, 0, 3, 3, 3, 3, 3, 3, 3, 3, 3, 3, 3, 3, 3, 3, 3, 3, 3, 3, 3, 3, 3, 3, 3, 3, 3, 3, 3, 3, 3, 0, 3, 2, 3, 3, 3, 2] 
dagC14.txt 3_2x2.txt True 0.14772727272727273 0.17 854.0 [3, 3, 3, 3, 3, 3, 3, 3, 3, 3, 3, 3, 3, 3, 3, 3, 3, 3, 3, 3, 3, 3, 3, 0, 3, 3, 3, 3, 3, 3, 3, 3, 3, 3, 3, 3, 3, 3, 3, 3, 3, 3, 3, 3, 3, 3, 3, 3, 3, 3, 3, 3, 3, 0, 3, 2, 3, 3, 3, 2] 
dagC14.txt 3_2x2.txt True 0.14772727272727273 0.18 854.0 [3, 3, 3, 3, 3, 3, 3, 3, 3, 3, 3, 3, 3, 3, 3, 3, 3, 3, 3, 3, 3, 3, 3, 0, 3, 3, 3, 3, 3, 3, 3, 3, 3, 3, 3, 3, 3, 3, 3, 3, 3, 3, 3, 3, 3, 3, 3, 3, 3, 3, 3, 3, 3, 0, 3, 2, 3, 3, 3, 2] 
dagC14.txt 3_2x2.txt True 0.1875 0.19 830.5 [3, 3, 3, 3, 3, 3, 3, 3, 3, 3, 3, 3, 3, 3, 3, 3, 3, 3, 3, 3, 3, 3, 3, 0, 3, 3, 3, 3, 3, 3, 3, 3, 3, 3, 3, 3, 3, 3, 3, 3, 0, 3, 3, 3, 3, 3, 3, 3, 3, 3, 3, 3, 3, 0, 3, 2, 3, 3, 3, 2] 
dagC14.txt 3_2x2.txt True 0.1875 0.2 830.5 [3, 3, 3, 3, 3, 3, 3, 3, 3, 3, 3, 3, 3, 3, 3, 3, 3, 3, 3, 3, 3, 3, 3, 0, 3, 3, 3, 3, 3, 3, 3, 3, 3, 3, 3, 3, 3, 3, 3, 3, 0, 3, 3, 3, 3, 3, 3, 3, 3, 3, 3, 3, 3, 0, 3, 2, 3, 3, 3, 2] 
dagC14.txt 3_2x2.txt True 0.2159090909090909 0.25 706.0 [3, 3, 3, 3, 3, 3, 3, 1, 3, 3, 3, 3, 3, 3, 3, 3, 3, 3, 3, 3, 3, 3, 3, 3, 3, 3, 2, 3, 3, 3, 3, 1, 1, 3, 3, 2, 2, 3, 3, 3, 3, 3, 1, 1, 3, 3, 3, 1, 2, 1, 3, 2, 3, 2, 3, 3, 1, 1, 3, 3] 
dagC14.txt 3_2x2.txt True 0.2784090909090909 0.3 681.5 [3, 3, 3, 3, 3, 3, 3, 1, 3, 3, 3, 3, 3, 3, 3, 3, 3, 3, 3, 3, 3, 3, 3, 0, 3, 3, 2, 3, 3, 3, 3, 1, 1, 3, 3, 2, 2, 3, 3, 3, 3, 3, 1, 1, 3, 3, 3, 1, 2, 1, 3, 2, 3, 2, 3, 3, 1, 1, 3, 3] 
dagC14.txt 3_2x2.txt True 0.3125 0.35 658.0 [3, 3, 3, 3, 3, 3, 3, 1, 3, 3, 3, 3, 3, 3, 3, 3, 3, 3, 3, 3, 3, 3, 3, 0, 3, 3, 2, 3, 3, 3, 3, 1, 1, 3, 3, 2, 2, 3, 3, 3, 0, 3, 1, 1, 3, 3, 3, 1, 2, 1, 3, 2, 3, 2, 3, 3, 1, 1, 3, 3] 
dagC14.txt 3_2x2.txt True 0.375 0.4 468.0 [1, 1, 2, 0, 3, 1, 1, 0, 3, 3, 1, 3, 3, 3, 3, 3, 3, 3, 2, 3, 1, 2, 1, 3, 3, 3, 2, 1, 1, 3, 3, 0, 0, 1, 3, 0, 3, 2, 3, 3, 1, 1, 0, 3, 1, 1, 3, 3, 3, 0, 3, 2, 3, 2, 3, 3, 0, 0, 3, 3] 
dagC14.txt 3_2x2.txt True 0.44886363636363635 0.45 211.0 [0, 0, 1, 2, 0, 0, 3, 2, 0, 2, 0, 1, 1, 0, 1, 1, 0, 0, 0, 2, 1, 1, 3, 0, 1, 2, 1, 3, 0, 3, 2, 2, 2, 2, 0, 3, 3, 1, 0, 3, 2, 1, 2, 2, 1, 0, 3, 2, 3, 2, 3, 3, 2, 2, 1, 3, 2, 3, 3, 3] 
dagC14.txt 3_2x2.txt True 0.4943181818181818 0.5 189.0 [0, 0, 1, 2, 0, 0, 3, 2, 0, 2, 0, 1, 1, 0, 1, 2, 0, 0, 0, 2, 1, 1, 3, 2, 1, 2, 1, 3, 0, 3, 2, 2, 2, 2, 0, 3, 3, 1, 0, 3, 2, 1, 2, 2, 1, 0, 3, 2, 3, 2, 3, 0, 2, 0, 1, 3, 2, 3, 3, 3] 
dagC14.txt 3_2x2.txt True 0.4943181818181818 0.55 189.0 [0, 0, 1, 2, 0, 0, 3, 2, 0, 2, 0, 1, 1, 0, 1, 2, 0, 0, 0, 2, 1, 1, 3, 2, 1, 2, 1, 3, 0, 3, 2, 2, 2, 2, 0, 3, 3, 1, 0, 3, 2, 1, 2, 2, 1, 0, 3, 2, 3, 2, 3, 0, 2, 0, 1, 3, 2, 3, 3, 3] 
dagC14.txt 3_2x2.txt True 0.4943181818181818 0.6 189.0 [0, 0, 1, 2, 0, 0, 3, 2, 0, 2, 0, 1, 1, 0, 1, 2, 0, 0, 0, 2, 1, 1, 3, 2, 1, 2, 1, 3, 0, 3, 2, 2, 2, 2, 0, 3, 3, 1, 0, 3, 2, 1, 2, 2, 1, 0, 3, 2, 3, 2, 3, 0, 2, 0, 1, 3, 2, 3, 3, 3] 
dagC14.txt 3_2x2.txt True 0.4943181818181818 0.65 189.0 [0, 0, 1, 2, 0, 0, 3, 2, 0, 2, 0, 1, 1, 0, 1, 2, 0, 0, 0, 2, 1, 1, 3, 2, 1, 2, 1, 3, 0, 3, 2, 2, 2, 2, 0, 3, 3, 1, 0, 3, 2, 1, 2, 2, 1, 0, 3, 2, 3, 2, 3, 0, 2, 0, 1, 3, 2, 3, 3, 3] 
dagC14.txt 3_2x2.txt True 0.4943181818181818 0.7 189.0 [0, 0, 1, 2, 0, 0, 3, 2, 0, 2, 0, 1, 1, 0, 1, 2, 0, 0, 0, 2, 1, 1, 3, 2, 1, 2, 1, 3, 0, 3, 2, 2, 2, 2, 0, 3, 3, 1, 0, 3, 2, 1, 2, 2, 1, 0, 3, 2, 3, 2, 3, 0, 2, 0, 1, 3, 2, 3, 3, 3] 
dagC14.txt 3_2x2.txt True 0.4943181818181818 0.75 189.0 [0, 0, 1, 2, 0, 0, 3, 2, 0, 2, 0, 1, 1, 0, 1, 2, 0, 0, 0, 2, 1, 1, 3, 2, 1, 2, 1, 3, 0, 3, 2, 2, 2, 2, 0, 3, 3, 1, 0, 3, 2, 1, 2, 2, 1, 0, 3, 2, 3, 2, 3, 0, 2, 0, 1, 3, 2, 3, 3, 3] 
dagC14.txt 3_2x2.txt True 0.4943181818181818 0.8 189.0 [0, 0, 1, 2, 0, 0, 3, 2, 0, 2, 0, 1, 1, 0, 1, 2, 0, 0, 0, 2, 1, 1, 3, 2, 1, 2, 1, 3, 0, 3, 2, 2, 2, 2, 0, 3, 3, 1, 0, 3, 2, 1, 2, 2, 1, 0, 3, 2, 3, 2, 3, 0, 2, 0, 1, 3, 2, 3, 3, 3] 
dagC14.txt 3_2x2.txt True 0.4943181818181818 0.85 189.0 [0, 0, 1, 2, 0, 0, 3, 2, 0, 2, 0, 1, 1, 0, 1, 2, 0, 0, 0, 2, 1, 1, 3, 2, 1, 2, 1, 3, 0, 3, 2, 2, 2, 2, 0, 3, 3, 1, 0, 3, 2, 1, 2, 2, 1, 0, 3, 2, 3, 2, 3, 0, 2, 0, 1, 3, 2, 3, 3, 3] 
dagC14.txt 3_2x2.txt True 0.4943181818181818 0.9 189.0 [0, 0, 1, 2, 0, 0, 3, 2, 0, 2, 0, 1, 1, 0, 1, 2, 0, 0, 0, 2, 1, 1, 3, 2, 1, 2, 1, 3, 0, 3, 2, 2, 2, 2, 0, 3, 3, 1, 0, 3, 2, 1, 2, 2, 1, 0, 3, 2, 3, 2, 3, 0, 2, 0, 1, 3, 2, 3, 3, 3] 
dagC14.txt 3_2x2.txt True 0.4943181818181818 0.95 189.0 [0, 0, 1, 2, 0, 0, 3, 2, 0, 2, 0, 1, 1, 0, 1, 2, 0, 0, 0, 2, 1, 1, 3, 2, 1, 2, 1, 3, 0, 3, 2, 2, 2, 2, 0, 3, 3, 1, 0, 3, 2, 1, 2, 2, 1, 0, 3, 2, 3, 2, 3, 0, 2, 0, 1, 3, 2, 3, 3, 3] 
dagC14.txt 3_2x2.txt True 0.4943181818181818 1 189.0 [0, 0, 1, 2, 0, 0, 3, 2, 0, 2, 0, 1, 1, 0, 1, 2, 0, 0, 0, 2, 1, 1, 3, 2, 1, 2, 1, 3, 0, 3, 2, 2, 2, 2, 0, 3, 3, 1, 0, 3, 2, 1, 2, 2, 1, 0, 3, 2, 3, 2, 3, 0, 2, 0, 1, 3, 2, 3, 3, 3] 
dagC14.txt 1_4x4.txt True 0.0 0.07 463.75 [7, 7, 7, 7, 7, 7, 7, 7, 7, 7, 7, 7, 7, 7, 7, 7, 7, 7, 7, 7, 7, 7, 7, 7, 7, 7, 7, 7, 7, 7, 7, 7, 7, 7, 7, 7, 7, 7, 7, 7, 7, 7, 7, 7, 7, 7, 7, 7, 7, 7, 7, 7, 7, 7, 7, 7, 7, 7, 7, 7] 
dagC14.txt 1_4x4.txt True 0.0 0.08 463.75 [7, 7, 7, 7, 7, 7, 7, 7, 7, 7, 7, 7, 7, 7, 7, 7, 7, 7, 7, 7, 7, 7, 7, 7, 7, 7, 7, 7, 7, 7, 7, 7, 7, 7, 7, 7, 7, 7, 7, 7, 7, 7, 7, 7, 7, 7, 7, 7, 7, 7, 7, 7, 7, 7, 7, 7, 7, 7, 7, 7] 
dagC14.txt 1_4x4.txt True 0.08522727272727272 0.09 451.5 [7, 7, 7, 7, 7, 7, 7, 7, 7, 7, 7, 7, 7, 7, 7, 7, 7, 7, 7, 7, 7, 7, 7, 1, 7, 7, 7, 7, 7, 7, 7, 7, 7, 7, 7, 7, 7, 7, 7, 7, 7, 7, 7, 7, 7, 7, 7, 7, 7, 7, 7, 7, 7, 7, 7, 7, 7, 7, 7, 7] 
dagC14.txt 1_4x4.txt True 0.08522727272727272 0.1 451.5 [7, 7, 7, 7, 7, 7, 7, 7, 7, 7, 7, 7, 7, 7, 7, 7, 7, 7, 7, 7, 7, 7, 7, 1, 7, 7, 7, 7, 7, 7, 7, 7, 7, 7, 7, 7, 7, 7, 7, 7, 7, 7, 7, 7, 7, 7, 7, 7, 7, 7, 7, 7, 7, 7, 7, 7, 7, 7, 7, 7] 
dagC14.txt 1_4x4.txt True 0.10227272727272728 0.11 439.25 [7, 7, 7, 7, 7, 7, 7, 7, 7, 7, 7, 7, 7, 7, 7, 7, 7, 7, 7, 7, 7, 7, 7, 1, 7, 7, 7, 7, 7, 7, 7, 7, 7, 7, 7, 7, 7, 7, 7, 7, 7, 7, 7, 7, 7, 7, 7, 7, 7, 7, 7, 7, 7, 1, 7, 7, 7, 7, 7, 7] 
dagC14.txt 1_4x4.txt True 0.10227272727272728 0.12 439.25 [7, 7, 7, 7, 7, 7, 7, 7, 7, 7, 7, 7, 7, 7, 7, 7, 7, 7, 7, 7, 7, 7, 7, 1, 7, 7, 7, 7, 7, 7, 7, 7, 7, 7, 7, 7, 7, 7, 7, 7, 7, 7, 7, 7, 7, 7, 7, 7, 7, 7, 7, 7, 7, 1, 7, 7, 7, 7, 7, 7] 
dagC14.txt 1_4x4.txt True 0.10227272727272728 0.13 439.25 [7, 7, 7, 7, 7, 7, 7, 7, 7, 7, 7, 7, 7, 7, 7, 7, 7, 7, 7, 7, 7, 7, 7, 1, 7, 7, 7, 7, 7, 7, 7, 7, 7, 7, 7, 7, 7, 7, 7, 7, 7, 7, 7, 7, 7, 7, 7, 7, 7, 7, 7, 7, 7, 1, 7, 7, 7, 7, 7, 7] 
dagC14.txt 1_4x4.txt True 0.10227272727272728 0.14 439.25 [7, 7, 7, 7, 7, 7, 7, 7, 7, 7, 7, 7, 7, 7, 7, 7, 7, 7, 7, 7, 7, 7, 7, 1, 7, 7, 7, 7, 7, 7, 7, 7, 7, 7, 7, 7, 7, 7, 7, 7, 7, 7, 7, 7, 7, 7, 7, 7, 7, 7, 7, 7, 7, 1, 7, 7, 7, 7, 7, 7] 
dagC14.txt 1_4x4.txt True 0.14204545454545456 0.15 427.5 [7, 7, 7, 7, 7, 7, 7, 7, 7, 7, 7, 7, 7, 7, 7, 7, 7, 7, 7, 7, 7, 7, 7, 1, 7, 7, 7, 7, 7, 7, 7, 7, 7, 7, 7, 7, 7, 7, 7, 7, 1, 7, 7, 7, 7, 7, 7, 7, 7, 7, 7, 7, 7, 1, 7, 7, 7, 7, 7, 7] 
dagC14.txt 1_4x4.txt True 0.14204545454545456 0.16 427.5 [7, 7, 7, 7, 7, 7, 7, 7, 7, 7, 7, 7, 7, 7, 7, 7, 7, 7, 7, 7, 7, 7, 7, 1, 7, 7, 7, 7, 7, 7, 7, 7, 7, 7, 7, 7, 7, 7, 7, 7, 1, 7, 7, 7, 7, 7, 7, 7, 7, 7, 7, 7, 7, 1, 7, 7, 7, 7, 7, 7] 
dagC14.txt 1_4x4.txt True 0.14204545454545456 0.17 427.5 [7, 7, 7, 7, 7, 7, 7, 7, 7, 7, 7, 7, 7, 7, 7, 7, 7, 7, 7, 7, 7, 7, 7, 1, 7, 7, 7, 7, 7, 7, 7, 7, 7, 7, 7, 7, 7, 7, 7, 7, 1, 7, 7, 7, 7, 7, 7, 7, 7, 7, 7, 7, 7, 1, 7, 7, 7, 7, 7, 7] 
dagC14.txt 1_4x4.txt True 0.14204545454545456 0.18 427.5 [7, 7, 7, 7, 7, 7, 7, 7, 7, 7, 7, 7, 7, 7, 7, 7, 7, 7, 7, 7, 7, 7, 7, 1, 7, 7, 7, 7, 7, 7, 7, 7, 7, 7, 7, 7, 7, 7, 7, 7, 1, 7, 7, 7, 7, 7, 7, 7, 7, 7, 7, 7, 7, 1, 7, 7, 7, 7, 7, 7] 
dagC14.txt 1_4x4.txt True 0.18181818181818182 0.19 416.0 [7, 7, 7, 7, 7, 7, 7, 7, 7, 7, 7, 7, 7, 7, 7, 1, 7, 7, 7, 7, 7, 7, 7, 1, 7, 7, 7, 7, 7, 7, 7, 7, 7, 7, 7, 7, 7, 7, 7, 7, 1, 7, 7, 7, 7, 7, 7, 7, 7, 7, 7, 7, 7, 1, 7, 7, 7, 7, 7, 7] 
dagC14.txt 1_4x4.txt True 0.18181818181818182 0.2 416.0 [7, 7, 7, 7, 7, 7, 7, 7, 7, 7, 7, 7, 7, 7, 7, 1, 7, 7, 7, 7, 7, 7, 7, 1, 7, 7, 7, 7, 7, 7, 7, 7, 7, 7, 7, 7, 7, 7, 7, 7, 1, 7, 7, 7, 7, 7, 7, 7, 7, 7, 7, 7, 7, 1, 7, 7, 7, 7, 7, 7] 
dagC14.txt 1_4x4.txt True 0.23863636363636365 0.25 393.75 [7, 7, 7, 7, 7, 7, 7, 7, 7, 7, 7, 7, 7, 7, 7, 7, 7, 7, 7, 7, 7, 7, 5, 7, 7, 7, 7, 7, 7, 7, 5, 5, 7, 7, 5, 5, 7, 7, 7, 7, 7, 7, 7, 7, 7, 7, 7, 7, 7, 7, 5, 7, 7, 5, 7, 7, 7, 7, 5, 7] 
dagC14.txt 1_4x4.txt True 0.23863636363636365 0.3 393.75 [7, 7, 7, 7, 7, 7, 7, 7, 7, 7, 7, 7, 7, 7, 7, 7, 7, 7, 7, 7, 7, 7, 5, 7, 7, 7, 7, 7, 7, 7, 5, 5, 7, 7, 5, 5, 7, 7, 7, 7, 7, 7, 7, 7, 7, 7, 7, 7, 7, 7, 5, 7, 7, 5, 7, 7, 7, 7, 5, 7] 
dagC14.txt 1_4x4.txt True 0.3465909090909091 0.35 280.75 [7, 7, 7, 3, 7, 7, 7, 3, 5, 5, 7, 7, 7, 5, 5, 5, 7, 7, 7, 7, 7, 7, 7, 3, 5, 7, 5, 7, 7, 7, 5, 3, 3, 7, 5, 3, 7, 7, 7, 7, 7, 7, 3, 5, 7, 7, 7, 5, 7, 5, 7, 7, 7, 3, 5, 7, 3, 3, 7, 7] 
dagC14.txt 1_4x4.txt True 0.3977272727272727 0.4 269.0 [7, 7, 7, 3, 7, 7, 7, 3, 5, 5, 7, 7, 7, 5, 5, 5, 7, 7, 7, 7, 7, 7, 7, 1, 5, 7, 5, 7, 7, 7, 5, 3, 3, 7, 5, 3, 7, 7, 7, 7, 1, 7, 3, 5, 7, 7, 7, 5, 7, 5, 7, 7, 7, 3, 5, 7, 3, 3, 7, 7] 
dagC14.txt 1_4x4.txt True 0.44886363636363635 0.45 356.0 [6, 6, 5, 7, 6, 6, 7, 3, 7, 7, 6, 3, 5, 6, 5, 5, 6, 6, 4, 7, 3, 5, 7, 7, 5, 7, 5, 4, 6, 7, 7, 3, 2, 7, 5, 2, 7, 3, 6, 7, 7, 5, 3, 7, 3, 6, 7, 7, 7, 3, 7, 7, 7, 3, 5, 2, 7, 4, 7, 7] 
dagC14.txt 1_4x4.txt True 0.48295454545454547 0.5 444.0 [6, 4, 5, 4, 6, 6, 6, 4, 4, 7, 4, 6, 4, 3, 3, 3, 6, 4, 5, 7, 6, 5, 5, 4, 3, 0, 1, 5, 6, 5, 7, 4, 4, 6, 3, 4, 5, 5, 6, 5, 6, 4, 1, 0, 6, 4, 5, 0, 5, 0, 5, 5, 7, 1, 3, 5, 0, 5, 5, 5] 
dagC14.txt 1_4x4.txt True 0.5454545454545454 0.55 265.0 [0, 6, 4, 0, 7, 7, 2, 6, 7, 0, 6, 3, 5, 7, 4, 5, 7, 6, 2, 7, 4, 4, 2, 3, 5, 1, 4, 2, 0, 3, 1, 1, 6, 0, 7, 2, 3, 4, 7, 3, 0, 5, 1, 1, 4, 6, 3, 1, 3, 1, 3, 2, 1, 4, 5, 2, 1, 2, 3, 3] 
dagC14.txt 1_4x4.txt True 0.5795454545454546 0.6 219.0 [0, 1, 3, 4, 0, 0, 7, 4, 1, 5, 1, 3, 2, 0, 2, 2, 0, 1, 7, 5, 3, 3, 7, 1, 2, 5, 3, 7, 0, 6, 5, 4, 4, 5, 1, 1, 6, 7, 0, 6, 5, 2, 4, 4, 3, 1, 1, 6, 6, 4, 6, 7, 5, 3, 2, 7, 4, 7, 6, 6] 
dagC14.txt 1_4x4.txt True 0.6420454545454546 0.65 121.5 [3, 1, 3, 4, 1, 0, 7, 1, 1, 5, 1, 3, 3, 0, 2, 5, 0, 1, 7, 5, 3, 3, 7, 3, 3, 5, 3, 7, 0, 6, 5, 4, 3, 5, 1, 1, 6, 7, 1, 6, 5, 2, 4, 4, 3, 1, 1, 3, 6, 4, 6, 7, 5, 3, 2, 7, 4, 7, 1, 6] 
dagC14.txt 1_4x4.txt True 0.6931818181818182 0.7 98.0 [5, 1, 3, 4, 1, 0, 7, 1, 1, 5, 1, 3, 3, 0, 2, 7, 0, 1, 7, 5, 3, 3, 7, 7, 3, 5, 3, 7, 0, 6, 5, 4, 3, 5, 1, 1, 6, 7, 1, 6, 5, 2, 4, 4, 3, 5, 3, 3, 6, 4, 5, 7, 5, 7, 2, 7, 1, 7, 1, 6] 
dagC14.txt 1_4x4.txt True 0.6931818181818182 0.75 98.0 [5, 1, 3, 4, 1, 0, 7, 1, 1, 5, 1, 3, 3, 0, 2, 7, 0, 1, 7, 5, 3, 3, 7, 7, 3, 5, 3, 7, 0, 6, 5, 4, 3, 5, 1, 1, 6, 7, 1, 6, 5, 2, 4, 4, 3, 5, 3, 3, 6, 4, 5, 7, 5, 7, 2, 7, 1, 7, 1, 6] 
dagC14.txt 1_4x4.txt True 0.6931818181818182 0.8 98.0 [5, 1, 3, 4, 1, 0, 7, 1, 1, 5, 1, 3, 3, 0, 2, 7, 0, 1, 7, 5, 3, 3, 7, 7, 3, 5, 3, 7, 0, 6, 5, 4, 3, 5, 1, 1, 6, 7, 1, 6, 5, 2, 4, 4, 3, 5, 3, 3, 6, 4, 5, 7, 5, 7, 2, 7, 1, 7, 1, 6] 
dagC14.txt 1_4x4.txt True 0.6931818181818182 0.85 98.0 [5, 1, 3, 4, 1, 0, 7, 1, 1, 5, 1, 3, 3, 0, 2, 7, 0, 1, 7, 5, 3, 3, 7, 7, 3, 5, 3, 7, 0, 6, 5, 4, 3, 5, 1, 1, 6, 7, 1, 6, 5, 2, 4, 4, 3, 5, 3, 3, 6, 4, 5, 7, 5, 7, 2, 7, 1, 7, 1, 6] 
dagC14.txt 1_4x4.txt True 0.6931818181818182 0.9 98.0 [5, 1, 3, 4, 1, 0, 7, 1, 1, 5, 1, 3, 3, 0, 2, 7, 0, 1, 7, 5, 3, 3, 7, 7, 3, 5, 3, 7, 0, 6, 5, 4, 3, 5, 1, 1, 6, 7, 1, 6, 5, 2, 4, 4, 3, 5, 3, 3, 6, 4, 5, 7, 5, 7, 2, 7, 1, 7, 1, 6] 
dagC14.txt 1_4x4.txt True 0.6931818181818182 0.95 98.0 [5, 1, 3, 4, 1, 0, 7, 1, 1, 5, 1, 3, 3, 0, 2, 7, 0, 1, 7, 5, 3, 3, 7, 7, 3, 5, 3, 7, 0, 6, 5, 4, 3, 5, 1, 1, 6, 7, 1, 6, 5, 2, 4, 4, 3, 5, 3, 3, 6, 4, 5, 7, 5, 7, 2, 7, 1, 7, 1, 6] 
dagC14.txt 1_4x4.txt True 0.6931818181818182 1 98.0 [5, 1, 3, 4, 1, 0, 7, 1, 1, 5, 1, 3, 3, 0, 2, 7, 0, 1, 7, 5, 3, 3, 7, 7, 3, 5, 3, 7, 0, 6, 5, 4, 3, 5, 1, 1, 6, 7, 1, 6, 5, 2, 4, 4, 3, 5, 3, 3, 6, 4, 5, 7, 5, 7, 2, 7, 1, 7, 1, 6] 
dagC14.txt 1_4x2.txt True 0.045454545454545456 0.07 451.5 [3, 3, 3, 3, 3, 3, 3, 3, 3, 3, 3, 3, 3, 3, 3, 3, 3, 3, 3, 3, 3, 3, 3, 3, 3, 3, 3, 3, 3, 3, 3, 3, 3, 3, 3, 3, 3, 3, 3, 3, 3, 3, 3, 3, 3, 3, 3, 3, 3, 3, 3, 3, 3, 3, 3, 2, 3, 3, 3, 2] 
dagC14.txt 1_4x2.txt True 0.045454545454545456 0.08 451.5 [3, 3, 3, 3, 3, 3, 3, 3, 3, 3, 3, 3, 3, 3, 3, 3, 3, 3, 3, 3, 3, 3, 3, 3, 3, 3, 3, 3, 3, 3, 3, 3, 3, 3, 3, 3, 3, 3, 3, 3, 3, 3, 3, 3, 3, 3, 3, 3, 3, 3, 3, 3, 3, 3, 3, 2, 3, 3, 3, 2] 
dagC14.txt 1_4x2.txt True 0.045454545454545456 0.09 451.5 [3, 3, 3, 3, 3, 3, 3, 3, 3, 3, 3, 3, 3, 3, 3, 3, 3, 3, 3, 3, 3, 3, 3, 3, 3, 3, 3, 3, 3, 3, 3, 3, 3, 3, 3, 3, 3, 3, 3, 3, 3, 3, 3, 3, 3, 3, 3, 3, 3, 3, 3, 3, 3, 3, 3, 2, 3, 3, 3, 2] 
dagC14.txt 1_4x2.txt True 0.045454545454545456 0.1 451.5 [3, 3, 3, 3, 3, 3, 3, 3, 3, 3, 3, 3, 3, 3, 3, 3, 3, 3, 3, 3, 3, 3, 3, 3, 3, 3, 3, 3, 3, 3, 3, 3, 3, 3, 3, 3, 3, 3, 3, 3, 3, 3, 3, 3, 3, 3, 3, 3, 3, 3, 3, 3, 3, 3, 3, 2, 3, 3, 3, 2] 
dagC14.txt 1_4x2.txt True 0.045454545454545456 0.11 451.5 [3, 3, 3, 3, 3, 3, 3, 3, 3, 3, 3, 3, 3, 3, 3, 3, 3, 3, 3, 3, 3, 3, 3, 3, 3, 3, 3, 3, 3, 3, 3, 3, 3, 3, 3, 3, 3, 3, 3, 3, 3, 3, 3, 3, 3, 3, 3, 3, 3, 3, 3, 3, 3, 3, 3, 2, 3, 3, 3, 2] 
dagC14.txt 1_4x2.txt True 0.045454545454545456 0.12 451.5 [3, 3, 3, 3, 3, 3, 3, 3, 3, 3, 3, 3, 3, 3, 3, 3, 3, 3, 3, 3, 3, 3, 3, 3, 3, 3, 3, 3, 3, 3, 3, 3, 3, 3, 3, 3, 3, 3, 3, 3, 3, 3, 3, 3, 3, 3, 3, 3, 3, 3, 3, 3, 3, 3, 3, 2, 3, 3, 3, 2] 
dagC14.txt 1_4x2.txt True 0.045454545454545456 0.13 451.5 [3, 3, 3, 3, 3, 3, 3, 3, 3, 3, 3, 3, 3, 3, 3, 3, 3, 3, 3, 3, 3, 3, 3, 3, 3, 3, 3, 3, 3, 3, 3, 3, 3, 3, 3, 3, 3, 3, 3, 3, 3, 3, 3, 3, 3, 3, 3, 3, 3, 3, 3, 3, 3, 3, 3, 2, 3, 3, 3, 2] 
dagC14.txt 1_4x2.txt True 0.13068181818181818 0.14 439.25 [3, 3, 3, 3, 3, 3, 3, 3, 3, 3, 3, 3, 3, 3, 3, 3, 3, 3, 3, 3, 3, 3, 3, 1, 3, 3, 3, 3, 3, 3, 3, 3, 3, 3, 3, 3, 3, 3, 3, 3, 3, 3, 3, 3, 3, 3, 3, 3, 3, 3, 3, 3, 3, 3, 3, 2, 3, 3, 3, 2] 
dagC14.txt 1_4x2.txt True 0.14772727272727273 0.15 427.0 [3, 3, 3, 3, 3, 3, 3, 3, 3, 3, 3, 3, 3, 3, 3, 3, 3, 3, 3, 3, 3, 3, 3, 1, 3, 3, 3, 3, 3, 3, 3, 3, 3, 3, 3, 3, 3, 3, 3, 3, 3, 3, 3, 3, 3, 3, 3, 3, 3, 3, 3, 3, 3, 1, 3, 2, 3, 3, 3, 2] 
dagC14.txt 1_4x2.txt True 0.14772727272727273 0.16 427.0 [3, 3, 3, 3, 3, 3, 3, 3, 3, 3, 3, 3, 3, 3, 3, 3, 3, 3, 3, 3, 3, 3, 3, 1, 3, 3, 3, 3, 3, 3, 3, 3, 3, 3, 3, 3, 3, 3, 3, 3, 3, 3, 3, 3, 3, 3, 3, 3, 3, 3, 3, 3, 3, 1, 3, 2, 3, 3, 3, 2] 
dagC14.txt 1_4x2.txt True 0.14772727272727273 0.17 427.0 [3, 3, 3, 3, 3, 3, 3, 3, 3, 3, 3, 3, 3, 3, 3, 3, 3, 3, 3, 3, 3, 3, 3, 1, 3, 3, 3, 3, 3, 3, 3, 3, 3, 3, 3, 3, 3, 3, 3, 3, 3, 3, 3, 3, 3, 3, 3, 3, 3, 3, 3, 3, 3, 1, 3, 2, 3, 3, 3, 2] 
dagC14.txt 1_4x2.txt True 0.14772727272727273 0.18 427.0 [3, 3, 3, 3, 3, 3, 3, 3, 3, 3, 3, 3, 3, 3, 3, 3, 3, 3, 3, 3, 3, 3, 3, 1, 3, 3, 3, 3, 3, 3, 3, 3, 3, 3, 3, 3, 3, 3, 3, 3, 3, 3, 3, 3, 3, 3, 3, 3, 3, 3, 3, 3, 3, 1, 3, 2, 3, 3, 3, 2] 
dagC14.txt 1_4x2.txt True 0.1875 0.19 415.25 [3, 3, 3, 3, 3, 3, 3, 3, 3, 3, 3, 3, 3, 3, 3, 3, 3, 3, 3, 3, 3, 3, 3, 1, 3, 3, 3, 3, 3, 3, 3, 3, 3, 3, 3, 3, 3, 3, 3, 3, 1, 3, 3, 3, 3, 3, 3, 3, 3, 3, 3, 3, 3, 1, 3, 2, 3, 3, 3, 2] 
dagC14.txt 1_4x2.txt True 0.1875 0.2 415.25 [3, 3, 3, 3, 3, 3, 3, 3, 3, 3, 3, 3, 3, 3, 3, 3, 3, 3, 3, 3, 3, 3, 3, 1, 3, 3, 3, 3, 3, 3, 3, 3, 3, 3, 3, 3, 3, 3, 3, 3, 1, 3, 3, 3, 3, 3, 3, 3, 3, 3, 3, 3, 3, 1, 3, 2, 3, 3, 3, 2] 
dagC14.txt 1_4x2.txt True 0.2159090909090909 0.25 353.0 [3, 3, 3, 3, 3, 3, 3, 1, 3, 3, 3, 3, 3, 3, 3, 3, 3, 3, 3, 3, 3, 3, 3, 3, 3, 3, 2, 3, 3, 3, 3, 1, 1, 3, 3, 2, 2, 3, 3, 3, 3, 3, 1, 1, 3, 3, 3, 1, 2, 1, 3, 2, 3, 2, 3, 3, 1, 1, 3, 3] 
dagC14.txt 1_4x2.txt True 0.2897727272727273 0.3 329.0 [3, 3, 3, 3, 3, 3, 3, 1, 3, 3, 3, 3, 3, 3, 3, 3, 3, 3, 3, 3, 3, 3, 3, 1, 3, 3, 2, 3, 3, 3, 3, 1, 1, 3, 3, 2, 2, 3, 3, 3, 1, 3, 1, 1, 3, 3, 3, 1, 2, 1, 3, 2, 3, 2, 3, 3, 1, 1, 3, 3] 
dagC14.txt 1_4x2.txt True 0.32954545454545453 0.35 317.5 [3, 3, 3, 3, 3, 3, 3, 1, 3, 3, 3, 3, 3, 3, 3, 1, 3, 3, 3, 3, 3, 3, 3, 1, 3, 3, 2, 3, 3, 3, 3, 1, 1, 3, 3, 2, 2, 3, 3, 3, 1, 3, 1, 1, 3, 3, 3, 1, 2, 1, 3, 2, 3, 2, 3, 3, 1, 1, 3, 3] 
dagC14.txt 1_4x2.txt True 0.3977272727272727 0.4 234.0 [1, 1, 2, 0, 3, 1, 1, 0, 3, 3, 1, 3, 3, 3, 3, 3, 3, 3, 2, 3, 1, 2, 1, 3, 3, 3, 2, 1, 1, 3, 3, 0, 0, 1, 3, 1, 3, 2, 3, 3, 1, 1, 0, 3, 1, 1, 3, 3, 3, 0, 3, 2, 3, 1, 3, 3, 0, 0, 3, 3] 
dagC14.txt 1_4x2.txt True 0.44886363636363635 0.45 412.0 [1, 0, 1, 2, 0, 0, 3, 2, 0, 2, 0, 1, 1, 0, 1, 1, 0, 0, 3, 2, 1, 1, 3, 1, 1, 2, 1, 3, 0, 3, 2, 2, 2, 2, 0, 3, 3, 1, 0, 3, 1, 1, 2, 2, 1, 0, 3, 2, 3, 2, 3, 3, 2, 1, 1, 3, 2, 3, 3, 3] 
dagC14.txt 1_4x2.txt True 0.4943181818181818 0.5 229.0 [1, 1, 1, 2, 1, 0, 3, 1, 0, 2, 0, 1, 1, 0, 1, 1, 0, 0, 3, 2, 1, 1, 3, 3, 1, 2, 1, 3, 0, 3, 1, 2, 2, 1, 1, 3, 3, 1, 0, 3, 1, 1, 2, 2, 1, 1, 3, 1, 3, 2, 3, 3, 1, 1, 1, 3, 2, 3, 3, 3] 
dagC14.txt 1_4x2.txt True 0.5397727272727273 0.55 201.75 [1, 1, 1, 2, 1, 0, 3, 1, 0, 1, 0, 1, 1, 0, 1, 3, 0, 3, 3, 2, 1, 1, 3, 3, 1, 2, 1, 3, 0, 3, 1, 2, 2, 1, 1, 3, 3, 1, 0, 3, 3, 1, 2, 2, 1, 1, 3, 1, 3, 2, 3, 3, 1, 3, 1, 3, 2, 3, 3, 3] 
dagC14.txt 1_4x2.txt True 0.5568181818181818 0.6 190.25 [1, 1, 1, 2, 1, 0, 3, 1, 0, 1, 0, 1, 1, 0, 1, 3, 0, 3, 3, 2, 1, 1, 3, 3, 3, 2, 1, 3, 0, 3, 1, 2, 2, 1, 1, 3, 3, 1, 0, 3, 3, 1, 2, 2, 1, 1, 3, 1, 3, 2, 3, 3, 1, 3, 1, 3, 2, 3, 3, 3] 
dagC14.txt 1_4x2.txt True 0.5568181818181818 0.65 190.25 [1, 1, 1, 2, 1, 0, 3, 1, 0, 1, 0, 1, 1, 0, 1, 3, 0, 3, 3, 2, 1, 1, 3, 3, 3, 2, 1, 3, 0, 3, 1, 2, 2, 1, 1, 3, 3, 1, 0, 3, 3, 1, 2, 2, 1, 1, 3, 1, 3, 2, 3, 3, 1, 3, 1, 3, 2, 3, 3, 3] 
dagC14.txt 1_4x2.txt True 0.5568181818181818 0.7 190.25 [1, 1, 1, 2, 1, 0, 3, 1, 0, 1, 0, 1, 1, 0, 1, 3, 0, 3, 3, 2, 1, 1, 3, 3, 3, 2, 1, 3, 0, 3, 1, 2, 2, 1, 1, 3, 3, 1, 0, 3, 3, 1, 2, 2, 1, 1, 3, 1, 3, 2, 3, 3, 1, 3, 1, 3, 2, 3, 3, 3] 
dagC14.txt 1_4x2.txt True 0.5568181818181818 0.75 190.25 [1, 1, 1, 2, 1, 0, 3, 1, 0, 1, 0, 1, 1, 0, 1, 3, 0, 3, 3, 2, 1, 1, 3, 3, 3, 2, 1, 3, 0, 3, 1, 2, 2, 1, 1, 3, 3, 1, 0, 3, 3, 1, 2, 2, 1, 1, 3, 1, 3, 2, 3, 3, 1, 3, 1, 3, 2, 3, 3, 3] 
dagC14.txt 1_4x2.txt True 0.5568181818181818 0.8 190.25 [1, 1, 1, 2, 1, 0, 3, 1, 0, 1, 0, 1, 1, 0, 1, 3, 0, 3, 3, 2, 1, 1, 3, 3, 3, 2, 1, 3, 0, 3, 1, 2, 2, 1, 1, 3, 3, 1, 0, 3, 3, 1, 2, 2, 1, 1, 3, 1, 3, 2, 3, 3, 1, 3, 1, 3, 2, 3, 3, 3] 
dagC14.txt 1_4x2.txt True 0.5568181818181818 0.85 190.25 [1, 1, 1, 2, 1, 0, 3, 1, 0, 1, 0, 1, 1, 0, 1, 3, 0, 3, 3, 2, 1, 1, 3, 3, 3, 2, 1, 3, 0, 3, 1, 2, 2, 1, 1, 3, 3, 1, 0, 3, 3, 1, 2, 2, 1, 1, 3, 1, 3, 2, 3, 3, 1, 3, 1, 3, 2, 3, 3, 3] 
dagC14.txt 1_4x2.txt True 0.5568181818181818 0.9 190.25 [1, 1, 1, 2, 1, 0, 3, 1, 0, 1, 0, 1, 1, 0, 1, 3, 0, 3, 3, 2, 1, 1, 3, 3, 3, 2, 1, 3, 0, 3, 1, 2, 2, 1, 1, 3, 3, 1, 0, 3, 3, 1, 2, 2, 1, 1, 3, 1, 3, 2, 3, 3, 1, 3, 1, 3, 2, 3, 3, 3] 
dagC14.txt 1_4x2.txt True 0.5568181818181818 0.95 190.25 [1, 1, 1, 2, 1, 0, 3, 1, 0, 1, 0, 1, 1, 0, 1, 3, 0, 3, 3, 2, 1, 1, 3, 3, 3, 2, 1, 3, 0, 3, 1, 2, 2, 1, 1, 3, 3, 1, 0, 3, 3, 1, 2, 2, 1, 1, 3, 1, 3, 2, 3, 3, 1, 3, 1, 3, 2, 3, 3, 3] 
dagC14.txt 1_4x2.txt True 0.5568181818181818 1 190.25 [1, 1, 1, 2, 1, 0, 3, 1, 0, 1, 0, 1, 1, 0, 1, 3, 0, 3, 3, 2, 1, 1, 3, 3, 3, 2, 1, 3, 0, 3, 1, 2, 2, 1, 1, 3, 3, 1, 0, 3, 3, 1, 2, 2, 1, 1, 3, 1, 3, 2, 3, 3, 1, 3, 1, 3, 2, 3, 3, 3] 
dagC14.txt 1_4x3.txt True 0.0 0.07 463.75 [5, 5, 5, 5, 5, 5, 5, 5, 5, 5, 5, 5, 5, 5, 5, 5, 5, 5, 5, 5, 5, 5, 5, 5, 5, 5, 5, 5, 5, 5, 5, 5, 5, 5, 5, 5, 5, 5, 5, 5, 5, 5, 5, 5, 5, 5, 5, 5, 5, 5, 5, 5, 5, 5, 5, 5, 5, 5, 5, 5] 
dagC14.txt 1_4x3.txt True 0.0 0.08 463.75 [5, 5, 5, 5, 5, 5, 5, 5, 5, 5, 5, 5, 5, 5, 5, 5, 5, 5, 5, 5, 5, 5, 5, 5, 5, 5, 5, 5, 5, 5, 5, 5, 5, 5, 5, 5, 5, 5, 5, 5, 5, 5, 5, 5, 5, 5, 5, 5, 5, 5, 5, 5, 5, 5, 5, 5, 5, 5, 5, 5] 
dagC14.txt 1_4x3.txt True 0.08522727272727272 0.09 451.5 [5, 5, 5, 5, 5, 5, 5, 5, 5, 5, 5, 5, 5, 5, 5, 5, 5, 5, 5, 5, 5, 5, 5, 1, 5, 5, 5, 5, 5, 5, 5, 5, 5, 5, 5, 5, 5, 5, 5, 5, 5, 5, 5, 5, 5, 5, 5, 5, 5, 5, 5, 5, 5, 5, 5, 5, 5, 5, 5, 5] 
dagC14.txt 1_4x3.txt True 0.08522727272727272 0.1 451.5 [5, 5, 5, 5, 5, 5, 5, 5, 5, 5, 5, 5, 5, 5, 5, 5, 5, 5, 5, 5, 5, 5, 5, 1, 5, 5, 5, 5, 5, 5, 5, 5, 5, 5, 5, 5, 5, 5, 5, 5, 5, 5, 5, 5, 5, 5, 5, 5, 5, 5, 5, 5, 5, 5, 5, 5, 5, 5, 5, 5] 
dagC14.txt 1_4x3.txt True 0.10227272727272728 0.11 439.25 [5, 5, 5, 5, 5, 5, 5, 5, 5, 5, 5, 5, 5, 5, 5, 5, 5, 5, 5, 5, 5, 5, 5, 1, 5, 5, 5, 5, 5, 5, 5, 5, 5, 5, 5, 5, 5, 5, 5, 5, 5, 5, 5, 5, 5, 5, 5, 5, 5, 5, 5, 5, 5, 1, 5, 5, 5, 5, 5, 5] 
dagC14.txt 1_4x3.txt True 0.10227272727272728 0.12 439.25 [5, 5, 5, 5, 5, 5, 5, 5, 5, 5, 5, 5, 5, 5, 5, 5, 5, 5, 5, 5, 5, 5, 5, 1, 5, 5, 5, 5, 5, 5, 5, 5, 5, 5, 5, 5, 5, 5, 5, 5, 5, 5, 5, 5, 5, 5, 5, 5, 5, 5, 5, 5, 5, 1, 5, 5, 5, 5, 5, 5] 
dagC14.txt 1_4x3.txt True 0.10227272727272728 0.13 439.25 [5, 5, 5, 5, 5, 5, 5, 5, 5, 5, 5, 5, 5, 5, 5, 5, 5, 5, 5, 5, 5, 5, 5, 1, 5, 5, 5, 5, 5, 5, 5, 5, 5, 5, 5, 5, 5, 5, 5, 5, 5, 5, 5, 5, 5, 5, 5, 5, 5, 5, 5, 5, 5, 1, 5, 5, 5, 5, 5, 5] 
dagC14.txt 1_4x3.txt True 0.10227272727272728 0.14 439.25 [5, 5, 5, 5, 5, 5, 5, 5, 5, 5, 5, 5, 5, 5, 5, 5, 5, 5, 5, 5, 5, 5, 5, 1, 5, 5, 5, 5, 5, 5, 5, 5, 5, 5, 5, 5, 5, 5, 5, 5, 5, 5, 5, 5, 5, 5, 5, 5, 5, 5, 5, 5, 5, 1, 5, 5, 5, 5, 5, 5] 
dagC14.txt 1_4x3.txt True 0.14204545454545456 0.15 431.25 [5, 5, 5, 5, 5, 5, 5, 5, 5, 5, 5, 5, 5, 5, 5, 3, 5, 5, 5, 5, 5, 5, 5, 5, 5, 5, 5, 5, 5, 2, 2, 5, 5, 5, 5, 5, 5, 5, 5, 5, 5, 5, 5, 5, 5, 5, 5, 5, 3, 5, 5, 5, 5, 5, 5, 5, 5, 5, 5, 5] 
dagC14.txt 1_4x3.txt True 0.14204545454545456 0.16 431.25 [5, 5, 5, 5, 5, 5, 5, 5, 5, 5, 5, 5, 5, 5, 5, 3, 5, 5, 5, 5, 5, 5, 5, 5, 5, 5, 5, 5, 5, 2, 2, 5, 5, 5, 5, 5, 5, 5, 5, 5, 5, 5, 5, 5, 5, 5, 5, 5, 3, 5, 5, 5, 5, 5, 5, 5, 5, 5, 5, 5] 
dagC14.txt 1_4x3.txt True 0.14204545454545456 0.17 431.25 [5, 5, 5, 5, 5, 5, 5, 5, 5, 5, 5, 5, 5, 5, 5, 3, 5, 5, 5, 5, 5, 5, 5, 5, 5, 5, 5, 5, 5, 2, 2, 5, 5, 5, 5, 5, 5, 5, 5, 5, 5, 5, 5, 5, 5, 5, 5, 5, 3, 5, 5, 5, 5, 5, 5, 5, 5, 5, 5, 5] 
dagC14.txt 1_4x3.txt True 0.14204545454545456 0.18 431.25 [5, 5, 5, 5, 5, 5, 5, 5, 5, 5, 5, 5, 5, 5, 5, 3, 5, 5, 5, 5, 5, 5, 5, 5, 5, 5, 5, 5, 5, 2, 2, 5, 5, 5, 5, 5, 5, 5, 5, 5, 5, 5, 5, 5, 5, 5, 5, 5, 3, 5, 5, 5, 5, 5, 5, 5, 5, 5, 5, 5] 
dagC14.txt 1_4x3.txt True 0.14204545454545456 0.19 431.25 [5, 5, 5, 5, 5, 5, 5, 5, 5, 5, 5, 5, 5, 5, 5, 3, 5, 5, 5, 5, 5, 5, 5, 5, 5, 5, 5, 5, 5, 2, 2, 5, 5, 5, 5, 5, 5, 5, 5, 5, 5, 5, 5, 5, 5, 5, 5, 5, 3, 5, 5, 5, 5, 5, 5, 5, 5, 5, 5, 5] 
dagC14.txt 1_4x3.txt True 0.19318181818181818 0.2 393.0 [5, 5, 5, 5, 5, 5, 5, 3, 5, 5, 5, 5, 5, 5, 5, 5, 5, 4, 3, 5, 5, 5, 5, 5, 5, 5, 5, 5, 5, 5, 5, 2, 2, 5, 5, 2, 5, 5, 5, 5, 5, 5, 5, 5, 5, 5, 5, 5, 5, 5, 5, 5, 4, 5, 5, 5, 5, 5, 3, 5] 
dagC14.txt 1_4x3.txt True 0.25 0.25 380.75 [5, 5, 5, 5, 5, 5, 5, 3, 5, 5, 5, 5, 5, 5, 5, 5, 5, 4, 3, 5, 5, 5, 5, 3, 5, 5, 5, 5, 5, 5, 5, 2, 2, 5, 5, 2, 5, 5, 5, 5, 5, 5, 5, 5, 5, 5, 5, 5, 5, 5, 5, 5, 4, 5, 5, 5, 5, 5, 3, 5] 
dagC14.txt 1_4x3.txt True 0.29545454545454547 0.3 827.0 [5, 5, 5, 4, 5, 4, 4, 5, 5, 4, 5, 5, 5, 5, 5, 5, 5, 5, 4, 4, 5, 5, 4, 5, 5, 4, 2, 4, 5, 4, 4, 4, 5, 4, 5, 4, 4, 2, 5, 4, 5, 5, 4, 4, 5, 5, 4, 4, 4, 4, 4, 4, 4, 2, 5, 4, 4, 4, 4, 4] 
dagC14.txt 1_4x3.txt True 0.3352272727272727 0.35 782.0 [5, 5, 5, 4, 5, 4, 4, 5, 5, 4, 5, 5, 5, 5, 5, 5, 5, 5, 4, 4, 5, 5, 4, 5, 5, 4, 2, 4, 5, 4, 1, 4, 5, 4, 5, 4, 4, 2, 5, 4, 1, 5, 4, 4, 5, 5, 4, 4, 4, 4, 4, 4, 4, 2, 5, 4, 4, 4, 4, 4] 
dagC14.txt 1_4x3.txt True 0.38636363636363635 0.4 466.0 [1, 4, 5, 1, 1, 1, 2, 4, 4, 1, 4, 4, 5, 1, 5, 5, 1, 4, 2, 1, 5, 5, 2, 4, 5, 1, 5, 2, 1, 2, 1, 1, 4, 1, 5, 2, 2, 5, 1, 2, 1, 5, 1, 1, 5, 4, 2, 1, 2, 1, 2, 2, 1, 5, 5, 2, 1, 2, 2, 2] 
dagC14.txt 1_4x3.txt True 0.4375 0.45 235.5 [1, 4, 5, 1, 1, 1, 2, 4, 4, 1, 4, 4, 5, 1, 5, 5, 1, 4, 1, 1, 5, 5, 2, 1, 5, 1, 5, 2, 1, 2, 1, 1, 4, 1, 5, 1, 2, 5, 1, 2, 1, 5, 1, 1, 5, 1, 1, 1, 2, 1, 1, 1, 1, 5, 5, 2, 1, 2, 1, 2] 
dagC14.txt 1_4x3.txt True 0.4943181818181818 0.5 153.0 [3, 5, 4, 0, 3, 3, 2, 1, 5, 1, 5, 5, 5, 3, 5, 5, 3, 5, 1, 1, 4, 4, 2, 5, 5, 1, 3, 2, 3, 1, 1, 0, 0, 2, 5, 1, 1, 4, 3, 1, 3, 5, 0, 1, 4, 3, 1, 1, 1, 0, 1, 1, 1, 3, 5, 1, 0, 2, 1, 1] 
dagC14.txt 1_4x3.txt True 0.5454545454545454 0.55 312.0 [0, 1, 1, 3, 0, 0, 5, 3, 2, 5, 0, 1, 2, 0, 2, 2, 0, 2, 5, 4, 1, 1, 5, 1, 2, 4, 1, 5, 0, 4, 3, 3, 3, 5, 2, 3, 4, 1, 0, 4, 5, 1, 3, 3, 0, 0, 4, 4, 4, 3, 4, 5, 3, 1, 3, 4, 3, 5, 4, 4] 
dagC14.txt 1_4x3.txt True 0.5965909090909091 0.6 184.5 [1, 1, 1, 3, 1, 0, 5, 3, 2, 5, 0, 1, 2, 0, 2, 1, 0, 2, 5, 4, 1, 1, 5, 1, 1, 4, 1, 5, 0, 4, 3, 3, 3, 5, 2, 3, 4, 1, 0, 4, 5, 1, 3, 3, 0, 1, 1, 1, 4, 3, 1, 5, 3, 1, 3, 4, 3, 5, 1, 4] 
dagC14.txt 1_4x3.txt True 0.6363636363636364 0.65 142.5 [1, 1, 1, 3, 1, 0, 5, 3, 2, 5, 0, 1, 3, 0, 2, 3, 0, 2, 5, 4, 1, 1, 5, 3, 5, 4, 1, 5, 0, 4, 3, 3, 3, 5, 2, 3, 4, 1, 3, 4, 5, 1, 3, 3, 0, 1, 1, 1, 4, 3, 1, 5, 3, 3, 3, 3, 3, 5, 1, 4] 
dagC14.txt 1_4x3.txt True 0.6534090909090909 0.7 130.25 [5, 1, 1, 3, 1, 0, 5, 3, 2, 5, 0, 1, 3, 0, 2, 3, 1, 2, 5, 4, 1, 1, 5, 5, 5, 4, 1, 5, 0, 4, 3, 3, 3, 5, 2, 3, 4, 1, 3, 4, 5, 1, 3, 3, 0, 5, 1, 1, 4, 3, 1, 5, 3, 3, 3, 3, 3, 5, 1, 4] 
dagC14.txt 1_4x3.txt True 0.6534090909090909 0.75 130.25 [5, 1, 1, 3, 1, 0, 5, 3, 2, 5, 0, 1, 3, 0, 2, 3, 1, 2, 5, 4, 1, 1, 5, 5, 5, 4, 1, 5, 0, 4, 3, 3, 3, 5, 2, 3, 4, 1, 3, 4, 5, 1, 3, 3, 0, 5, 1, 1, 4, 3, 1, 5, 3, 3, 3, 3, 3, 5, 1, 4] 
dagC14.txt 1_4x3.txt True 0.6534090909090909 0.8 130.25 [5, 1, 1, 3, 1, 0, 5, 3, 2, 5, 0, 1, 3, 0, 2, 3, 1, 2, 5, 4, 1, 1, 5, 5, 5, 4, 1, 5, 0, 4, 3, 3, 3, 5, 2, 3, 4, 1, 3, 4, 5, 1, 3, 3, 0, 5, 1, 1, 4, 3, 1, 5, 3, 3, 3, 3, 3, 5, 1, 4] 
dagC14.txt 1_4x3.txt True 0.6534090909090909 0.85 130.25 [5, 1, 1, 3, 1, 0, 5, 3, 2, 5, 0, 1, 3, 0, 2, 3, 1, 2, 5, 4, 1, 1, 5, 5, 5, 4, 1, 5, 0, 4, 3, 3, 3, 5, 2, 3, 4, 1, 3, 4, 5, 1, 3, 3, 0, 5, 1, 1, 4, 3, 1, 5, 3, 3, 3, 3, 3, 5, 1, 4] 
dagC14.txt 1_4x3.txt True 0.6534090909090909 0.9 130.25 [5, 1, 1, 3, 1, 0, 5, 3, 2, 5, 0, 1, 3, 0, 2, 3, 1, 2, 5, 4, 1, 1, 5, 5, 5, 4, 1, 5, 0, 4, 3, 3, 3, 5, 2, 3, 4, 1, 3, 4, 5, 1, 3, 3, 0, 5, 1, 1, 4, 3, 1, 5, 3, 3, 3, 3, 3, 5, 1, 4] 
dagC14.txt 1_4x3.txt True 0.6534090909090909 0.95 130.25 [5, 1, 1, 3, 1, 0, 5, 3, 2, 5, 0, 1, 3, 0, 2, 3, 1, 2, 5, 4, 1, 1, 5, 5, 5, 4, 1, 5, 0, 4, 3, 3, 3, 5, 2, 3, 4, 1, 3, 4, 5, 1, 3, 3, 0, 5, 1, 1, 4, 3, 1, 5, 3, 3, 3, 3, 3, 5, 1, 4] 
dagC14.txt 1_4x3.txt True 0.6534090909090909 1 130.25 [5, 1, 1, 3, 1, 0, 5, 3, 2, 5, 0, 1, 3, 0, 2, 3, 1, 2, 5, 4, 1, 1, 5, 5, 5, 4, 1, 5, 0, 4, 3, 3, 3, 5, 2, 3, 4, 1, 3, 4, 5, 1, 3, 3, 0, 5, 1, 1, 4, 3, 1, 5, 3, 3, 3, 3, 3, 5, 1, 4] 
dagC14.txt 3_2x1.txt True 0.03409090909090909 0.07 882.0 [1, 1, 1, 1, 1, 1, 1, 1, 1, 1, 1, 1, 1, 1, 1, 1, 1, 1, 1, 1, 1, 1, 1, 1, 1, 1, 0, 1, 1, 1, 1, 1, 1, 1, 1, 1, 1, 1, 1, 1, 1, 1, 1, 1, 1, 1, 1, 1, 1, 1, 1, 1, 1, 0, 1, 1, 1, 1, 1, 1] 
dagC14.txt 3_2x1.txt True 0.03409090909090909 0.08 882.0 [1, 1, 1, 1, 1, 1, 1, 1, 1, 1, 1, 1, 1, 1, 1, 1, 1, 1, 1, 1, 1, 1, 1, 1, 1, 1, 0, 1, 1, 1, 1, 1, 1, 1, 1, 1, 1, 1, 1, 1, 1, 1, 1, 1, 1, 1, 1, 1, 1, 1, 1, 1, 1, 0, 1, 1, 1, 1, 1, 1] 
dagC14.txt 3_2x1.txt True 0.03409090909090909 0.09 882.0 [1, 1, 1, 1, 1, 1, 1, 1, 1, 1, 1, 1, 1, 1, 1, 1, 1, 1, 1, 1, 1, 1, 1, 1, 1, 1, 0, 1, 1, 1, 1, 1, 1, 1, 1, 1, 1, 1, 1, 1, 1, 1, 1, 1, 1, 1, 1, 1, 1, 1, 1, 1, 1, 0, 1, 1, 1, 1, 1, 1] 
dagC14.txt 3_2x1.txt True 0.03409090909090909 0.1 882.0 [1, 1, 1, 1, 1, 1, 1, 1, 1, 1, 1, 1, 1, 1, 1, 1, 1, 1, 1, 1, 1, 1, 1, 1, 1, 1, 0, 1, 1, 1, 1, 1, 1, 1, 1, 1, 1, 1, 1, 1, 1, 1, 1, 1, 1, 1, 1, 1, 1, 1, 1, 1, 1, 0, 1, 1, 1, 1, 1, 1] 
dagC14.txt 3_2x1.txt True 0.03409090909090909 0.11 882.0 [1, 1, 1, 1, 1, 1, 1, 1, 1, 1, 1, 1, 1, 1, 1, 1, 1, 1, 1, 1, 1, 1, 1, 1, 1, 1, 0, 1, 1, 1, 1, 1, 1, 1, 1, 1, 1, 1, 1, 1, 1, 1, 1, 1, 1, 1, 1, 1, 1, 1, 1, 1, 1, 0, 1, 1, 1, 1, 1, 1] 
dagC14.txt 3_2x1.txt True 0.11931818181818182 0.12 857.5 [1, 1, 1, 1, 1, 1, 1, 1, 1, 1, 1, 1, 1, 1, 1, 1, 1, 1, 1, 1, 1, 1, 1, 0, 1, 1, 0, 1, 1, 1, 1, 1, 1, 1, 1, 1, 1, 1, 1, 1, 1, 1, 1, 1, 1, 1, 1, 1, 1, 1, 1, 1, 1, 0, 1, 1, 1, 1, 1, 1] 
dagC14.txt 3_2x1.txt True 0.11931818181818182 0.13 857.5 [1, 1, 1, 1, 1, 1, 1, 1, 1, 1, 1, 1, 1, 1, 1, 1, 1, 1, 1, 1, 1, 1, 1, 0, 1, 1, 0, 1, 1, 1, 1, 1, 1, 1, 1, 1, 1, 1, 1, 1, 1, 1, 1, 1, 1, 1, 1, 1, 1, 1, 1, 1, 1, 0, 1, 1, 1, 1, 1, 1] 
dagC14.txt 3_2x1.txt True 0.11931818181818182 0.14 857.5 [1, 1, 1, 1, 1, 1, 1, 1, 1, 1, 1, 1, 1, 1, 1, 1, 1, 1, 1, 1, 1, 1, 1, 0, 1, 1, 0, 1, 1, 1, 1, 1, 1, 1, 1, 1, 1, 1, 1, 1, 1, 1, 1, 1, 1, 1, 1, 1, 1, 1, 1, 1, 1, 0, 1, 1, 1, 1, 1, 1] 
dagC14.txt 3_2x1.txt True 0.11931818181818182 0.15 857.5 [1, 1, 1, 1, 1, 1, 1, 1, 1, 1, 1, 1, 1, 1, 1, 1, 1, 1, 1, 1, 1, 1, 1, 0, 1, 1, 0, 1, 1, 1, 1, 1, 1, 1, 1, 1, 1, 1, 1, 1, 1, 1, 1, 1, 1, 1, 1, 1, 1, 1, 1, 1, 1, 0, 1, 1, 1, 1, 1, 1] 
dagC14.txt 3_2x1.txt True 0.1590909090909091 0.16 834.0 [1, 1, 1, 1, 1, 1, 1, 1, 1, 1, 1, 1, 1, 1, 1, 1, 1, 1, 1, 1, 1, 1, 1, 0, 1, 1, 0, 1, 1, 1, 1, 1, 1, 1, 1, 1, 1, 1, 1, 1, 0, 1, 1, 1, 1, 1, 1, 1, 1, 1, 1, 1, 1, 0, 1, 1, 1, 1, 1, 1] 
dagC14.txt 3_2x1.txt True 0.1590909090909091 0.17 834.0 [1, 1, 1, 1, 1, 1, 1, 1, 1, 1, 1, 1, 1, 1, 1, 1, 1, 1, 1, 1, 1, 1, 1, 0, 1, 1, 0, 1, 1, 1, 1, 1, 1, 1, 1, 1, 1, 1, 1, 1, 0, 1, 1, 1, 1, 1, 1, 1, 1, 1, 1, 1, 1, 0, 1, 1, 1, 1, 1, 1] 
dagC14.txt 3_2x1.txt True 0.1590909090909091 0.18 834.0 [1, 1, 1, 1, 1, 1, 1, 1, 1, 1, 1, 1, 1, 1, 1, 1, 1, 1, 1, 1, 1, 1, 1, 0, 1, 1, 0, 1, 1, 1, 1, 1, 1, 1, 1, 1, 1, 1, 1, 1, 0, 1, 1, 1, 1, 1, 1, 1, 1, 1, 1, 1, 1, 0, 1, 1, 1, 1, 1, 1] 
dagC14.txt 3_2x1.txt True 0.1590909090909091 0.19 834.0 [1, 1, 1, 1, 1, 1, 1, 1, 1, 1, 1, 1, 1, 1, 1, 1, 1, 1, 1, 1, 1, 1, 1, 0, 1, 1, 0, 1, 1, 1, 1, 1, 1, 1, 1, 1, 1, 1, 1, 1, 0, 1, 1, 1, 1, 1, 1, 1, 1, 1, 1, 1, 1, 0, 1, 1, 1, 1, 1, 1] 
dagC14.txt 3_2x1.txt True 0.19886363636363635 0.2 811.0 [1, 1, 1, 1, 1, 1, 1, 1, 1, 1, 1, 1, 1, 1, 1, 0, 1, 1, 1, 1, 1, 1, 1, 0, 1, 1, 0, 1, 1, 1, 1, 1, 1, 1, 1, 1, 1, 1, 1, 1, 0, 1, 1, 1, 1, 1, 1, 1, 1, 1, 1, 1, 1, 0, 1, 1, 1, 1, 1, 1] 
dagC14.txt 3_2x1.txt True 0.25 0.25 464.0 [0, 1, 1, 1, 0, 0, 0, 1, 1, 0, 1, 1, 1, 0, 1, 1, 0, 1, 0, 0, 1, 1, 0, 1, 1, 0, 1, 0, 0, 0, 0, 1, 1, 0, 1, 1, 0, 1, 0, 0, 0, 1, 1, 0, 1, 0, 0, 0, 0, 1, 0, 1, 1, 1, 1, 0, 0, 0, 0, 0] 
dagC14.txt 3_2x1.txt True 0.2897727272727273 0.3 439.5 [0, 1, 1, 1, 0, 0, 0, 1, 1, 0, 1, 1, 1, 0, 1, 1, 0, 1, 0, 0, 1, 1, 0, 0, 1, 0, 1, 0, 0, 0, 0, 1, 1, 0, 1, 1, 0, 1, 0, 0, 0, 1, 1, 0, 1, 0, 0, 0, 0, 1, 0, 1, 1, 1, 1, 0, 0, 0, 0, 0] 
dagC14.txt 3_2x1.txt True 0.3465909090909091 0.35 372.3333333333333 [0, 1, 1, 1, 0, 0, 0, 1, 1, 0, 1, 1, 1, 0, 1, 0, 0, 1, 0, 0, 1, 1, 0, 0, 0, 0, 1, 0, 0, 0, 0, 1, 1, 0, 1, 1, 0, 1, 0, 0, 0, 1, 1, 0, 1, 0, 0, 0, 0, 1, 0, 1, 1, 0, 1, 0, 0, 0, 0, 0] 
dagC14.txt 3_2x1.txt True 0.3465909090909091 0.4 372.3333333333333 [0, 1, 1, 1, 0, 0, 0, 1, 1, 0, 1, 1, 1, 0, 1, 0, 0, 1, 0, 0, 1, 1, 0, 0, 0, 0, 1, 0, 0, 0, 0, 1, 1, 0, 1, 1, 0, 1, 0, 0, 0, 1, 1, 0, 1, 0, 0, 0, 0, 1, 0, 1, 1, 0, 1, 0, 0, 0, 0, 0] 
dagC14.txt 3_2x1.txt True 0.3465909090909091 0.45 372.3333333333333 [0, 1, 1, 1, 0, 0, 0, 1, 1, 0, 1, 1, 1, 0, 1, 0, 0, 1, 0, 0, 1, 1, 0, 0, 0, 0, 1, 0, 0, 0, 0, 1, 1, 0, 1, 1, 0, 1, 0, 0, 0, 1, 1, 0, 1, 0, 0, 0, 0, 1, 0, 1, 1, 0, 1, 0, 0, 0, 0, 0] 
dagC14.txt 3_2x1.txt True 0.3465909090909091 0.5 372.3333333333333 [0, 1, 1, 1, 0, 0, 0, 1, 1, 0, 1, 1, 1, 0, 1, 0, 0, 1, 0, 0, 1, 1, 0, 0, 0, 0, 1, 0, 0, 0, 0, 1, 1, 0, 1, 1, 0, 1, 0, 0, 0, 1, 1, 0, 1, 0, 0, 0, 0, 1, 0, 1, 1, 0, 1, 0, 0, 0, 0, 0] 
dagC14.txt 3_2x1.txt True 0.3465909090909091 0.55 372.3333333333333 [0, 1, 1, 1, 0, 0, 0, 1, 1, 0, 1, 1, 1, 0, 1, 0, 0, 1, 0, 0, 1, 1, 0, 0, 0, 0, 1, 0, 0, 0, 0, 1, 1, 0, 1, 1, 0, 1, 0, 0, 0, 1, 1, 0, 1, 0, 0, 0, 0, 1, 0, 1, 1, 0, 1, 0, 0, 0, 0, 0] 
dagC14.txt 3_2x1.txt True 0.3465909090909091 0.6 372.3333333333333 [0, 1, 1, 1, 0, 0, 0, 1, 1, 0, 1, 1, 1, 0, 1, 0, 0, 1, 0, 0, 1, 1, 0, 0, 0, 0, 1, 0, 0, 0, 0, 1, 1, 0, 1, 1, 0, 1, 0, 0, 0, 1, 1, 0, 1, 0, 0, 0, 0, 1, 0, 1, 1, 0, 1, 0, 0, 0, 0, 0] 
dagC14.txt 3_2x1.txt True 0.3465909090909091 0.65 372.3333333333333 [0, 1, 1, 1, 0, 0, 0, 1, 1, 0, 1, 1, 1, 0, 1, 0, 0, 1, 0, 0, 1, 1, 0, 0, 0, 0, 1, 0, 0, 0, 0, 1, 1, 0, 1, 1, 0, 1, 0, 0, 0, 1, 1, 0, 1, 0, 0, 0, 0, 1, 0, 1, 1, 0, 1, 0, 0, 0, 0, 0] 
dagC14.txt 3_2x1.txt True 0.3465909090909091 0.7 372.3333333333333 [0, 1, 1, 1, 0, 0, 0, 1, 1, 0, 1, 1, 1, 0, 1, 0, 0, 1, 0, 0, 1, 1, 0, 0, 0, 0, 1, 0, 0, 0, 0, 1, 1, 0, 1, 1, 0, 1, 0, 0, 0, 1, 1, 0, 1, 0, 0, 0, 0, 1, 0, 1, 1, 0, 1, 0, 0, 0, 0, 0] 
dagC14.txt 3_2x1.txt True 0.3465909090909091 0.75 372.3333333333333 [0, 1, 1, 1, 0, 0, 0, 1, 1, 0, 1, 1, 1, 0, 1, 0, 0, 1, 0, 0, 1, 1, 0, 0, 0, 0, 1, 0, 0, 0, 0, 1, 1, 0, 1, 1, 0, 1, 0, 0, 0, 1, 1, 0, 1, 0, 0, 0, 0, 1, 0, 1, 1, 0, 1, 0, 0, 0, 0, 0] 
dagC14.txt 3_2x1.txt True 0.3465909090909091 0.8 372.3333333333333 [0, 1, 1, 1, 0, 0, 0, 1, 1, 0, 1, 1, 1, 0, 1, 0, 0, 1, 0, 0, 1, 1, 0, 0, 0, 0, 1, 0, 0, 0, 0, 1, 1, 0, 1, 1, 0, 1, 0, 0, 0, 1, 1, 0, 1, 0, 0, 0, 0, 1, 0, 1, 1, 0, 1, 0, 0, 0, 0, 0] 
dagC14.txt 3_2x1.txt True 0.3465909090909091 0.85 372.3333333333333 [0, 1, 1, 1, 0, 0, 0, 1, 1, 0, 1, 1, 1, 0, 1, 0, 0, 1, 0, 0, 1, 1, 0, 0, 0, 0, 1, 0, 0, 0, 0, 1, 1, 0, 1, 1, 0, 1, 0, 0, 0, 1, 1, 0, 1, 0, 0, 0, 0, 1, 0, 1, 1, 0, 1, 0, 0, 0, 0, 0] 
dagC14.txt 3_2x1.txt True 0.3465909090909091 0.9 372.3333333333333 [0, 1, 1, 1, 0, 0, 0, 1, 1, 0, 1, 1, 1, 0, 1, 0, 0, 1, 0, 0, 1, 1, 0, 0, 0, 0, 1, 0, 0, 0, 0, 1, 1, 0, 1, 1, 0, 1, 0, 0, 0, 1, 1, 0, 1, 0, 0, 0, 0, 1, 0, 1, 1, 0, 1, 0, 0, 0, 0, 0] 
dagC14.txt 3_2x1.txt True 0.3465909090909091 0.95 372.3333333333333 [0, 1, 1, 1, 0, 0, 0, 1, 1, 0, 1, 1, 1, 0, 1, 0, 0, 1, 0, 0, 1, 1, 0, 0, 0, 0, 1, 0, 0, 0, 0, 1, 1, 0, 1, 1, 0, 1, 0, 0, 0, 1, 1, 0, 1, 0, 0, 0, 0, 1, 0, 1, 1, 0, 1, 0, 0, 0, 0, 0] 
dagC14.txt 3_2x1.txt True 0.3465909090909091 1 372.3333333333333 [0, 1, 1, 1, 0, 0, 0, 1, 1, 0, 1, 1, 1, 0, 1, 0, 0, 1, 0, 0, 1, 1, 0, 0, 0, 0, 1, 0, 0, 0, 0, 1, 1, 0, 1, 1, 0, 1, 0, 0, 0, 1, 1, 0, 1, 0, 0, 0, 0, 1, 0, 1, 1, 0, 1, 0, 0, 0, 0, 0] 
