dagD28.txt 3_2x4.txt True 0.031413612565445025 0.07 451.0 [7, 7, 7, 7, 7, 7, 7, 7, 7, 7, 7, 7, 7, 7, 7, 7, 7, 7, 7, 7, 1, 7, 7, 7, 7, 7, 7, 7, 7, 7, 7, 7, 7, 7, 7, 7, 7, 7, 7, 7, 7, 7, 7, 7, 7, 7, 7, 7, 7, 7, 7, 7, 7, 7, 7, 7, 7, 7, 7, 7, 7, 7, 7, 7, 7] 
dagD28.txt 3_2x4.txt True 0.07329842931937172 0.1 427.25 [7, 7, 7, 7, 7, 7, 7, 7, 7, 7, 7, 7, 7, 7, 7, 7, 7, 1, 7, 7, 1, 7, 7, 7, 7, 7, 7, 7, 7, 7, 7, 7, 7, 7, 7, 7, 7, 7, 7, 7, 7, 7, 1, 7, 7, 7, 7, 7, 7, 7, 7, 7, 7, 7, 7, 7, 7, 7, 7, 7, 7, 7, 7, 7, 7] 
dagD28.txt 3_2x4.txt True 0.13089005235602094 0.15 404.25 [7, 7, 7, 7, 1, 7, 7, 7, 7, 7, 1, 7, 7, 7, 7, 7, 7, 1, 7, 7, 1, 7, 7, 7, 7, 7, 7, 7, 7, 7, 7, 7, 7, 7, 7, 7, 7, 7, 7, 7, 7, 7, 1, 7, 7, 7, 7, 7, 7, 7, 7, 7, 7, 7, 7, 7, 7, 7, 7, 7, 7, 7, 7, 7, 7] 
dagD28.txt 3_2x4.txt True 0.19895287958115182 0.2 404.25 [7, 7, 7, 7, 7, 7, 7, 7, 7, 7, 7, 7, 7, 7, 7, 7, 7, 7, 7, 3, 7, 7, 3, 7, 7, 7, 7, 7, 7, 7, 7, 7, 5, 7, 7, 7, 7, 7, 3, 7, 7, 7, 7, 7, 6, 5, 6, 7, 7, 7, 7, 7, 7, 7, 7, 7, 7, 7, 7, 7, 7, 7, 7, 7, 7] 
dagD28.txt 3_2x4.txt True 0.2931937172774869 0.3 268.25 [3, 3, 7, 3, 3, 3, 3, 3, 3, 7, 3, 7, 7, 5, 3, 3, 7, 1, 3, 3, 1, 7, 3, 3, 7, 7, 7, 5, 7, 3, 7, 7, 7, 7, 7, 7, 7, 7, 6, 7, 7, 7, 3, 7, 7, 7, 7, 7, 7, 7, 7, 6, 7, 7, 7, 7, 7, 7, 7, 7, 7, 7, 7, 7, 7] 
dagD28.txt 3_2x4.txt True 0.38219895287958117 0.4 173.5 [3, 3, 3, 3, 3, 5, 3, 3, 3, 3, 3, 3, 7, 3, 3, 3, 3, 3, 3, 5, 1, 7, 3, 5, 3, 6, 6, 3, 7, 7, 7, 7, 4, 7, 7, 7, 7, 4, 6, 7, 7, 6, 5, 7, 7, 7, 1, 1, 7, 7, 7, 6, 7, 7, 7, 4, 4, 7, 4, 7, 7, 7, 7, 6, 7] 
dagD28.txt 3_2x4.txt True 0.49214659685863876 0.5 228.0 [5, 5, 4, 5, 5, 6, 5, 5, 5, 5, 1, 4, 4, 5, 5, 7, 4, 7, 5, 6, 6, 4, 7, 6, 7, 1, 3, 1, 0, 4, 1, 0, 3, 3, 4, 0, 0, 2, 0, 2, 1, 1, 6, 3, 0, 3, 1, 0, 2, 3, 1, 1, 3, 2, 3, 2, 2, 3, 3, 2, 3, 2, 2, 0, 0] 
dagD28.txt 3_2x4.txt True 0.5968586387434555 0.6 152.0 [2, 1, 0, 1, 1, 2, 1, 1, 1, 1, 1, 0, 0, 1, 1, 3, 0, 3, 2, 2, 3, 0, 1, 3, 2, 6, 7, 6, 7, 0, 1, 4, 4, 5, 1, 7, 5, 4, 7, 4, 6, 6, 3, 1, 7, 5, 1, 7, 4, 5, 6, 7, 6, 4, 5, 4, 5, 5, 5, 6, 5, 4, 1, 7, 7] 
dagD28.txt 3_2x4.txt True 0.6858638743455497 0.7 100.0 [2, 1, 0, 1, 3, 2, 1, 5, 1, 1, 3, 0, 0, 1, 1, 3, 0, 7, 2, 3, 7, 0, 3, 3, 5, 6, 7, 3, 7, 1, 5, 4, 4, 5, 7, 7, 5, 4, 7, 4, 6, 6, 3, 1, 7, 5, 1, 7, 4, 5, 6, 1, 6, 3, 5, 4, 5, 5, 5, 6, 5, 3, 1, 7, 7] 
dagD28.txt 3_2x4.txt True 0.7068062827225131 1 99.0 [2, 1, 5, 1, 3, 2, 1, 5, 1, 1, 3, 0, 0, 1, 1, 3, 0, 7, 2, 3, 7, 0, 3, 3, 5, 6, 7, 3, 7, 1, 5, 4, 4, 5, 7, 7, 5, 4, 7, 4, 6, 6, 3, 1, 7, 5, 1, 7, 4, 5, 6, 1, 6, 3, 5, 4, 5, 5, 5, 6, 5, 3, 1, 7, 7] 
dagD28.txt 3_2x2.txt True 0.05759162303664921 0.07 871.0 [3, 3, 3, 3, 3, 3, 3, 3, 3, 3, 3, 3, 3, 3, 3, 3, 3, 3, 3, 3, 0, 3, 3, 3, 3, 3, 3, 3, 3, 3, 3, 3, 3, 3, 3, 3, 3, 3, 3, 3, 3, 3, 3, 3, 3, 3, 3, 3, 3, 3, 3, 3, 3, 3, 3, 3, 2, 3, 3, 3, 2, 3, 3, 3, 3] 
dagD28.txt 3_2x2.txt True 0.09947643979057591 0.1 823.5 [3, 3, 3, 3, 3, 3, 3, 3, 3, 3, 3, 3, 3, 3, 3, 3, 3, 0, 3, 3, 0, 3, 3, 3, 3, 3, 3, 3, 3, 3, 3, 3, 3, 3, 3, 3, 3, 3, 3, 3, 3, 3, 0, 3, 3, 3, 3, 3, 3, 3, 3, 3, 3, 3, 3, 3, 2, 3, 3, 3, 2, 3, 3, 3, 3] 
dagD28.txt 3_2x2.txt True 0.14136125654450263 0.15 800.5 [3, 3, 3, 3, 0, 3, 3, 3, 3, 3, 3, 3, 3, 3, 3, 3, 3, 0, 3, 3, 0, 3, 3, 3, 3, 3, 3, 3, 3, 3, 3, 3, 3, 3, 3, 3, 3, 3, 3, 3, 3, 3, 0, 3, 3, 3, 3, 3, 3, 3, 3, 3, 3, 3, 3, 3, 2, 3, 3, 3, 2, 3, 3, 3, 3] 
dagD28.txt 3_2x2.txt True 0.18324607329842932 0.2 681.5 [3, 3, 3, 3, 3, 3, 3, 3, 3, 3, 3, 3, 3, 3, 3, 1, 3, 0, 3, 3, 1, 3, 3, 1, 3, 3, 3, 3, 3, 3, 3, 3, 3, 3, 3, 3, 3, 2, 3, 2, 3, 3, 1, 3, 3, 3, 3, 3, 3, 2, 3, 3, 3, 2, 2, 2, 2, 3, 2, 3, 3, 2, 2, 3, 3] 
dagD28.txt 3_2x2.txt True 0.2931937172774869 0.3 400.0 [1, 1, 1, 1, 1, 1, 1, 1, 1, 1, 0, 3, 0, 1, 1, 1, 1, 3, 1, 1, 2, 0, 1, 1, 3, 3, 3, 0, 3, 0, 0, 3, 3, 3, 3, 3, 2, 3, 3, 2, 0, 3, 2, 3, 3, 3, 3, 3, 3, 2, 3, 3, 3, 2, 3, 3, 3, 3, 2, 3, 0, 3, 2, 3, 3] 
dagD28.txt 3_2x2.txt True 0.39267015706806285 0.4 214.0 [0, 0, 0, 0, 1, 1, 1, 0, 0, 0, 0, 1, 0, 0, 0, 1, 0, 1, 0, 1, 0, 0, 1, 1, 1, 2, 2, 2, 2, 0, 2, 3, 3, 3, 0, 3, 2, 3, 2, 3, 2, 2, 1, 3, 2, 3, 2, 2, 3, 0, 2, 2, 2, 3, 3, 3, 3, 3, 3, 3, 2, 3, 3, 2, 3] 
dagD28.txt 3_2x2.txt True 0.43455497382198954 0.5 194.33333333333334 [0, 0, 0, 0, 1, 1, 1, 0, 0, 0, 0, 1, 0, 0, 0, 1, 0, 2, 0, 1, 2, 0, 1, 1, 1, 2, 2, 2, 2, 0, 2, 3, 3, 3, 0, 3, 2, 3, 2, 3, 2, 2, 1, 0, 2, 3, 2, 2, 3, 0, 2, 2, 2, 3, 3, 3, 3, 3, 3, 3, 2, 3, 0, 2, 3] 
dagD28.txt 3_2x2.txt True 0.43455497382198954 0.6 194.33333333333334 [0, 0, 0, 0, 1, 1, 1, 0, 0, 0, 0, 1, 0, 0, 0, 1, 0, 2, 0, 1, 2, 0, 1, 1, 1, 2, 2, 2, 2, 0, 2, 3, 3, 3, 0, 3, 2, 3, 2, 3, 2, 2, 1, 0, 2, 3, 2, 2, 3, 0, 2, 2, 2, 3, 3, 3, 3, 3, 3, 3, 2, 3, 0, 2, 3] 
dagD28.txt 3_2x2.txt True 0.43455497382198954 0.7 194.33333333333334 [0, 0, 0, 0, 1, 1, 1, 0, 0, 0, 0, 1, 0, 0, 0, 1, 0, 2, 0, 1, 2, 0, 1, 1, 1, 2, 2, 2, 2, 0, 2, 3, 3, 3, 0, 3, 2, 3, 2, 3, 2, 2, 1, 0, 2, 3, 2, 2, 3, 0, 2, 2, 2, 3, 3, 3, 3, 3, 3, 3, 2, 3, 0, 2, 3] 
dagD28.txt 3_2x2.txt True 0.43455497382198954 1 194.33333333333334 [0, 0, 0, 0, 1, 1, 1, 0, 0, 0, 0, 1, 0, 0, 0, 1, 0, 2, 0, 1, 2, 0, 1, 1, 1, 2, 2, 2, 2, 0, 2, 3, 3, 3, 0, 3, 2, 3, 2, 3, 2, 2, 1, 0, 2, 3, 2, 2, 3, 0, 2, 2, 2, 3, 3, 3, 3, 3, 3, 3, 2, 3, 0, 2, 3] 
dagD28.txt 3_2x1.txt True 0.05759162303664921 0.07 870.5 [1, 1, 1, 1, 1, 1, 1, 1, 1, 1, 1, 1, 1, 1, 1, 1, 1, 1, 1, 1, 0, 1, 1, 1, 1, 1, 1, 1, 1, 1, 1, 1, 1, 1, 1, 1, 1, 1, 1, 1, 1, 0, 1, 1, 1, 1, 0, 1, 1, 1, 1, 1, 1, 1, 1, 1, 1, 1, 1, 1, 1, 1, 1, 1, 1] 
dagD28.txt 3_2x1.txt True 0.09947643979057591 0.1 823.0 [1, 1, 1, 1, 1, 1, 1, 1, 1, 1, 1, 1, 1, 1, 1, 1, 1, 0, 1, 1, 0, 1, 1, 1, 1, 1, 1, 1, 1, 1, 1, 1, 1, 1, 1, 1, 1, 1, 1, 1, 1, 0, 0, 1, 1, 1, 0, 1, 1, 1, 1, 1, 1, 1, 1, 1, 1, 1, 1, 1, 1, 1, 1, 1, 1] 
dagD28.txt 3_2x1.txt True 0.14659685863874344 0.15 620.5 [0, 0, 0, 0, 0, 0, 0, 0, 0, 0, 1, 0, 1, 0, 0, 0, 1, 0, 0, 0, 1, 1, 0, 1, 0, 1, 1, 1, 1, 1, 1, 1, 1, 1, 1, 1, 1, 1, 1, 1, 1, 1, 1, 1, 1, 1, 1, 1, 1, 1, 1, 1, 1, 1, 1, 1, 1, 1, 1, 1, 1, 1, 1, 1, 1] 
dagD28.txt 3_2x1.txt True 0.19895287958115182 0.2 463.5 [0, 0, 0, 0, 0, 0, 0, 0, 0, 0, 0, 0, 0, 0, 0, 0, 0, 0, 0, 0, 0, 1, 0, 0, 0, 0, 1, 1, 1, 0, 1, 0, 1, 1, 0, 1, 1, 1, 1, 1, 1, 1, 0, 1, 1, 1, 1, 1, 1, 1, 1, 1, 1, 1, 1, 1, 1, 1, 1, 1, 1, 1, 1, 1, 1] 
dagD28.txt 3_2x1.txt True 0.2774869109947644 0.3 418.0 [0, 0, 0, 0, 0, 0, 0, 0, 0, 0, 0, 0, 0, 0, 0, 0, 0, 0, 0, 0, 0, 1, 0, 0, 0, 0, 1, 1, 1, 0, 0, 0, 1, 1, 0, 1, 1, 1, 1, 1, 1, 1, 0, 1, 1, 1, 1, 0, 1, 1, 1, 1, 1, 1, 1, 1, 1, 1, 1, 1, 1, 1, 1, 1, 1] 
dagD28.txt 3_2x1.txt True 0.3089005235602094 0.4 376.5 [0, 0, 0, 0, 0, 0, 0, 0, 0, 0, 0, 0, 0, 0, 0, 0, 0, 0, 0, 0, 0, 1, 0, 0, 0, 0, 1, 1, 0, 0, 0, 0, 1, 1, 0, 1, 1, 1, 1, 1, 1, 1, 0, 1, 1, 1, 1, 0, 1, 0, 1, 1, 1, 1, 1, 1, 1, 1, 1, 1, 1, 1, 1, 1, 1] 
dagD28.txt 3_2x1.txt True 0.3089005235602094 0.5 376.5 [0, 0, 0, 0, 0, 0, 0, 0, 0, 0, 0, 0, 0, 0, 0, 0, 0, 0, 0, 0, 0, 1, 0, 0, 0, 0, 1, 1, 0, 0, 0, 0, 1, 1, 0, 1, 1, 1, 1, 1, 1, 1, 0, 1, 1, 1, 1, 0, 1, 0, 1, 1, 1, 1, 1, 1, 1, 1, 1, 1, 1, 1, 1, 1, 1] 
dagD28.txt 3_2x1.txt True 0.3089005235602094 0.6 376.5 [0, 0, 0, 0, 0, 0, 0, 0, 0, 0, 0, 0, 0, 0, 0, 0, 0, 0, 0, 0, 0, 1, 0, 0, 0, 0, 1, 1, 0, 0, 0, 0, 1, 1, 0, 1, 1, 1, 1, 1, 1, 1, 0, 1, 1, 1, 1, 0, 1, 0, 1, 1, 1, 1, 1, 1, 1, 1, 1, 1, 1, 1, 1, 1, 1] 
dagD28.txt 3_2x1.txt True 0.3089005235602094 0.7 376.5 [0, 0, 0, 0, 0, 0, 0, 0, 0, 0, 0, 0, 0, 0, 0, 0, 0, 0, 0, 0, 0, 1, 0, 0, 0, 0, 1, 1, 0, 0, 0, 0, 1, 1, 0, 1, 1, 1, 1, 1, 1, 1, 0, 1, 1, 1, 1, 0, 1, 0, 1, 1, 1, 1, 1, 1, 1, 1, 1, 1, 1, 1, 1, 1, 1] 
dagD28.txt 3_2x1.txt True 0.3089005235602094 1 376.5 [0, 0, 0, 0, 0, 0, 0, 0, 0, 0, 0, 0, 0, 0, 0, 0, 0, 0, 0, 0, 0, 1, 0, 0, 0, 0, 1, 1, 0, 0, 0, 0, 1, 1, 0, 1, 1, 1, 1, 1, 1, 1, 0, 1, 1, 1, 1, 0, 1, 0, 1, 1, 1, 1, 1, 1, 1, 1, 1, 1, 1, 1, 1, 1, 1] 
dagD28.txt 3_2x4.txt True 0.031413612565445025 0.07 451.0 [7, 7, 7, 7, 7, 7, 7, 7, 7, 7, 7, 7, 7, 7, 7, 7, 7, 7, 7, 7, 1, 7, 7, 7, 7, 7, 7, 7, 7, 7, 7, 7, 7, 7, 7, 7, 7, 7, 7, 7, 7, 7, 7, 7, 7, 7, 7, 7, 7, 7, 7, 7, 7, 7, 7, 7, 7, 7, 7, 7, 7, 7, 7, 7, 7] 
dagD28.txt 3_2x4.txt True 0.07329842931937172 0.08 427.25 [7, 7, 7, 7, 7, 7, 7, 7, 7, 7, 7, 7, 7, 7, 7, 7, 7, 1, 7, 7, 1, 7, 7, 7, 7, 7, 7, 7, 7, 7, 7, 7, 7, 7, 7, 7, 7, 7, 7, 7, 7, 7, 1, 7, 7, 7, 7, 7, 7, 7, 7, 7, 7, 7, 7, 7, 7, 7, 7, 7, 7, 7, 7, 7, 7] 
dagD28.txt 3_2x4.txt True 0.07329842931937172 0.09 427.25 [7, 7, 7, 7, 7, 7, 7, 7, 7, 7, 7, 7, 7, 7, 7, 7, 7, 1, 7, 7, 1, 7, 7, 7, 7, 7, 7, 7, 7, 7, 7, 7, 7, 7, 7, 7, 7, 7, 7, 7, 7, 7, 1, 7, 7, 7, 7, 7, 7, 7, 7, 7, 7, 7, 7, 7, 7, 7, 7, 7, 7, 7, 7, 7, 7] 
dagD28.txt 3_2x4.txt True 0.07329842931937172 0.1 427.25 [7, 7, 7, 7, 7, 7, 7, 7, 7, 7, 7, 7, 7, 7, 7, 7, 7, 1, 7, 7, 1, 7, 7, 7, 7, 7, 7, 7, 7, 7, 7, 7, 7, 7, 7, 7, 7, 7, 7, 7, 7, 7, 1, 7, 7, 7, 7, 7, 7, 7, 7, 7, 7, 7, 7, 7, 7, 7, 7, 7, 7, 7, 7, 7, 7] 
dagD28.txt 3_2x4.txt True 0.07329842931937172 0.11 427.25 [7, 7, 7, 7, 7, 7, 7, 7, 7, 7, 7, 7, 7, 7, 7, 7, 7, 1, 7, 7, 1, 7, 7, 7, 7, 7, 7, 7, 7, 7, 7, 7, 7, 7, 7, 7, 7, 7, 7, 7, 7, 7, 1, 7, 7, 7, 7, 7, 7, 7, 7, 7, 7, 7, 7, 7, 7, 7, 7, 7, 7, 7, 7, 7, 7] 
dagD28.txt 3_2x4.txt True 0.11518324607329843 0.12 415.75 [7, 7, 7, 7, 1, 7, 7, 7, 7, 7, 7, 7, 7, 7, 7, 7, 7, 1, 7, 7, 1, 7, 7, 7, 7, 7, 7, 7, 7, 7, 7, 7, 7, 7, 7, 7, 7, 7, 7, 7, 7, 7, 1, 7, 7, 7, 7, 7, 7, 7, 7, 7, 7, 7, 7, 7, 7, 7, 7, 7, 7, 7, 7, 7, 7] 
dagD28.txt 3_2x4.txt True 0.11518324607329843 0.13 415.75 [7, 7, 7, 7, 1, 7, 7, 7, 7, 7, 7, 7, 7, 7, 7, 7, 7, 1, 7, 7, 1, 7, 7, 7, 7, 7, 7, 7, 7, 7, 7, 7, 7, 7, 7, 7, 7, 7, 7, 7, 7, 7, 1, 7, 7, 7, 7, 7, 7, 7, 7, 7, 7, 7, 7, 7, 7, 7, 7, 7, 7, 7, 7, 7, 7] 
dagD28.txt 3_2x4.txt True 0.13089005235602094 0.14 404.25 [7, 7, 7, 7, 1, 7, 7, 7, 7, 7, 1, 7, 7, 7, 7, 7, 7, 1, 7, 7, 1, 7, 7, 7, 7, 7, 7, 7, 7, 7, 7, 7, 7, 7, 7, 7, 7, 7, 7, 7, 7, 7, 1, 7, 7, 7, 7, 7, 7, 7, 7, 7, 7, 7, 7, 7, 7, 7, 7, 7, 7, 7, 7, 7, 7] 
dagD28.txt 3_2x4.txt True 0.13089005235602094 0.15 404.25 [7, 7, 7, 7, 1, 7, 7, 7, 7, 7, 1, 7, 7, 7, 7, 7, 7, 1, 7, 7, 1, 7, 7, 7, 7, 7, 7, 7, 7, 7, 7, 7, 7, 7, 7, 7, 7, 7, 7, 7, 7, 7, 1, 7, 7, 7, 7, 7, 7, 7, 7, 7, 7, 7, 7, 7, 7, 7, 7, 7, 7, 7, 7, 7, 7] 
dagD28.txt 3_2x4.txt True 0.13089005235602094 0.16 404.25 [7, 7, 7, 7, 1, 7, 7, 7, 7, 7, 1, 7, 7, 7, 7, 7, 7, 1, 7, 7, 1, 7, 7, 7, 7, 7, 7, 7, 7, 7, 7, 7, 7, 7, 7, 7, 7, 7, 7, 7, 7, 7, 1, 7, 7, 7, 7, 7, 7, 7, 7, 7, 7, 7, 7, 7, 7, 7, 7, 7, 7, 7, 7, 7, 7] 
dagD28.txt 3_2x4.txt True 0.16230366492146597 0.17 392.75 [7, 7, 7, 7, 1, 7, 7, 7, 7, 7, 1, 7, 7, 7, 7, 7, 7, 1, 7, 7, 1, 7, 1, 7, 7, 7, 7, 7, 7, 7, 7, 7, 7, 7, 7, 7, 7, 7, 7, 7, 7, 7, 1, 7, 7, 7, 7, 7, 7, 7, 7, 7, 7, 7, 7, 7, 7, 7, 7, 7, 7, 7, 7, 7, 7] 
dagD28.txt 3_2x4.txt True 0.16230366492146597 0.18 392.75 [7, 7, 7, 7, 1, 7, 7, 7, 7, 7, 1, 7, 7, 7, 7, 7, 7, 1, 7, 7, 1, 7, 1, 7, 7, 7, 7, 7, 7, 7, 7, 7, 7, 7, 7, 7, 7, 7, 7, 7, 7, 7, 1, 7, 7, 7, 7, 7, 7, 7, 7, 7, 7, 7, 7, 7, 7, 7, 7, 7, 7, 7, 7, 7, 7] 
dagD28.txt 3_2x4.txt True 0.16230366492146597 0.19 392.75 [7, 7, 7, 7, 1, 7, 7, 7, 7, 7, 1, 7, 7, 7, 7, 7, 7, 1, 7, 7, 1, 7, 1, 7, 7, 7, 7, 7, 7, 7, 7, 7, 7, 7, 7, 7, 7, 7, 7, 7, 7, 7, 1, 7, 7, 7, 7, 7, 7, 7, 7, 7, 7, 7, 7, 7, 7, 7, 7, 7, 7, 7, 7, 7, 7] 
dagD28.txt 3_2x4.txt True 0.19895287958115182 0.2 404.25 [7, 7, 7, 7, 7, 7, 7, 7, 7, 7, 7, 7, 7, 7, 7, 7, 7, 7, 7, 3, 7, 7, 3, 7, 7, 7, 7, 7, 7, 7, 7, 7, 5, 7, 7, 7, 7, 7, 3, 7, 7, 7, 7, 7, 6, 5, 6, 7, 7, 7, 7, 7, 7, 7, 7, 7, 7, 7, 7, 7, 7, 7, 7, 7, 7] 
dagD28.txt 3_2x4.txt True 0.24083769633507854 0.25 292.5 [3, 3, 7, 3, 3, 3, 3, 3, 3, 7, 3, 7, 7, 5, 3, 3, 7, 7, 3, 3, 7, 7, 3, 3, 7, 7, 7, 5, 7, 3, 7, 7, 7, 7, 7, 7, 7, 7, 6, 7, 7, 7, 3, 7, 7, 7, 7, 7, 7, 7, 7, 6, 7, 7, 7, 7, 7, 7, 7, 7, 7, 7, 7, 7, 7] 
dagD28.txt 3_2x4.txt True 0.2931937172774869 0.3 268.25 [3, 3, 7, 3, 3, 3, 3, 3, 3, 7, 3, 7, 7, 5, 3, 3, 7, 1, 3, 3, 1, 7, 3, 3, 7, 7, 7, 5, 7, 3, 7, 7, 7, 7, 7, 7, 7, 7, 6, 7, 7, 7, 3, 7, 7, 7, 7, 7, 7, 7, 7, 6, 7, 7, 7, 7, 7, 7, 7, 7, 7, 7, 7, 7, 7] 
dagD28.txt 3_2x4.txt True 0.33507853403141363 0.35 185.0 [3, 3, 3, 3, 3, 5, 3, 3, 3, 3, 3, 3, 7, 3, 3, 3, 3, 3, 3, 5, 3, 7, 3, 5, 3, 6, 6, 3, 7, 7, 7, 7, 4, 7, 7, 7, 7, 4, 6, 7, 7, 6, 5, 7, 7, 7, 6, 7, 7, 7, 7, 6, 7, 7, 7, 4, 4, 7, 4, 7, 7, 7, 7, 6, 7] 
dagD28.txt 3_2x4.txt True 0.38219895287958117 0.4 173.5 [3, 3, 3, 3, 3, 5, 3, 3, 3, 3, 3, 3, 7, 3, 3, 3, 3, 3, 3, 5, 1, 7, 3, 5, 3, 6, 6, 3, 7, 7, 7, 7, 4, 7, 7, 7, 7, 4, 6, 7, 7, 6, 5, 7, 7, 7, 1, 1, 7, 7, 7, 6, 7, 7, 7, 4, 4, 7, 4, 7, 7, 7, 7, 6, 7] 
dagD28.txt 3_2x4.txt True 0.44502617801047123 0.45 392.0 [2, 2, 2, 2, 2, 1, 2, 2, 2, 2, 3, 2, 6, 2, 2, 0, 2, 5, 2, 1, 5, 4, 0, 1, 0, 6, 5, 6, 7, 6, 6, 7, 5, 5, 3, 4, 5, 5, 7, 4, 6, 6, 1, 5, 7, 5, 6, 5, 5, 5, 6, 6, 7, 4, 5, 4, 5, 5, 5, 5, 6, 4, 4, 5, 5] 
dagD28.txt 3_2x4.txt True 0.49214659685863876 0.5 228.0 [5, 5, 4, 5, 5, 6, 5, 5, 5, 5, 1, 4, 4, 5, 5, 7, 4, 7, 5, 6, 6, 4, 7, 6, 7, 1, 3, 1, 0, 4, 1, 0, 3, 3, 4, 0, 0, 2, 0, 2, 1, 1, 6, 3, 0, 3, 1, 0, 2, 3, 1, 1, 3, 2, 3, 2, 2, 3, 3, 2, 3, 2, 2, 0, 0] 
dagD28.txt 3_2x4.txt True 0.5497382198952879 0.55 235.0 [2, 1, 0, 1, 2, 2, 1, 1, 1, 1, 0, 0, 0, 1, 1, 3, 0, 3, 2, 2, 3, 0, 2, 3, 2, 6, 7, 6, 7, 0, 5, 4, 4, 5, 0, 7, 5, 4, 7, 4, 6, 6, 3, 4, 7, 5, 6, 7, 4, 5, 6, 6, 6, 4, 5, 4, 5, 5, 5, 6, 5, 4, 4, 7, 7] 
dagD28.txt 3_2x4.txt True 0.5968586387434555 0.6 152.0 [2, 1, 0, 1, 1, 2, 1, 1, 1, 1, 1, 0, 0, 1, 1, 3, 0, 3, 2, 2, 3, 0, 1, 3, 2, 6, 7, 6, 7, 0, 1, 4, 4, 5, 1, 7, 5, 4, 7, 4, 6, 6, 3, 1, 7, 5, 1, 7, 4, 5, 6, 7, 6, 4, 5, 4, 5, 5, 5, 6, 5, 4, 1, 7, 7] 
dagD28.txt 3_2x4.txt True 0.6492146596858639 0.65 143.0 [2, 1, 0, 1, 3, 2, 1, 1, 1, 1, 1, 0, 0, 1, 1, 3, 0, 3, 2, 2, 3, 0, 1, 3, 2, 6, 7, 6, 7, 0, 1, 4, 4, 5, 1, 7, 5, 4, 7, 4, 6, 6, 3, 1, 7, 5, 1, 7, 4, 5, 6, 1, 6, 4, 5, 4, 5, 5, 5, 6, 5, 3, 1, 7, 7] 
dagD28.txt 3_2x4.txt True 0.6858638743455497 0.7 100.0 [2, 1, 0, 1, 3, 2, 1, 5, 1, 1, 3, 0, 0, 1, 1, 3, 0, 7, 2, 3, 7, 0, 3, 3, 5, 6, 7, 3, 7, 1, 5, 4, 4, 5, 7, 7, 5, 4, 7, 4, 6, 6, 3, 1, 7, 5, 1, 7, 4, 5, 6, 1, 6, 3, 5, 4, 5, 5, 5, 6, 5, 3, 1, 7, 7] 
dagD28.txt 3_2x4.txt True 0.7068062827225131 0.75 99.0 [2, 1, 5, 1, 3, 2, 1, 5, 1, 1, 3, 0, 0, 1, 1, 3, 0, 7, 2, 3, 7, 0, 3, 3, 5, 6, 7, 3, 7, 1, 5, 4, 4, 5, 7, 7, 5, 4, 7, 4, 6, 6, 3, 1, 7, 5, 1, 7, 4, 5, 6, 1, 6, 3, 5, 4, 5, 5, 5, 6, 5, 3, 1, 7, 7] 
dagD28.txt 3_2x4.txt True 0.7068062827225131 0.8 99.0 [2, 1, 5, 1, 3, 2, 1, 5, 1, 1, 3, 0, 0, 1, 1, 3, 0, 7, 2, 3, 7, 0, 3, 3, 5, 6, 7, 3, 7, 1, 5, 4, 4, 5, 7, 7, 5, 4, 7, 4, 6, 6, 3, 1, 7, 5, 1, 7, 4, 5, 6, 1, 6, 3, 5, 4, 5, 5, 5, 6, 5, 3, 1, 7, 7] 
dagD28.txt 3_2x4.txt True 0.7068062827225131 0.85 99.0 [2, 1, 5, 1, 3, 2, 1, 5, 1, 1, 3, 0, 0, 1, 1, 3, 0, 7, 2, 3, 7, 0, 3, 3, 5, 6, 7, 3, 7, 1, 5, 4, 4, 5, 7, 7, 5, 4, 7, 4, 6, 6, 3, 1, 7, 5, 1, 7, 4, 5, 6, 1, 6, 3, 5, 4, 5, 5, 5, 6, 5, 3, 1, 7, 7] 
dagD28.txt 3_2x4.txt True 0.7068062827225131 0.9 99.0 [2, 1, 5, 1, 3, 2, 1, 5, 1, 1, 3, 0, 0, 1, 1, 3, 0, 7, 2, 3, 7, 0, 3, 3, 5, 6, 7, 3, 7, 1, 5, 4, 4, 5, 7, 7, 5, 4, 7, 4, 6, 6, 3, 1, 7, 5, 1, 7, 4, 5, 6, 1, 6, 3, 5, 4, 5, 5, 5, 6, 5, 3, 1, 7, 7] 
dagD28.txt 3_2x4.txt True 0.7068062827225131 0.95 99.0 [2, 1, 5, 1, 3, 2, 1, 5, 1, 1, 3, 0, 0, 1, 1, 3, 0, 7, 2, 3, 7, 0, 3, 3, 5, 6, 7, 3, 7, 1, 5, 4, 4, 5, 7, 7, 5, 4, 7, 4, 6, 6, 3, 1, 7, 5, 1, 7, 4, 5, 6, 1, 6, 3, 5, 4, 5, 5, 5, 6, 5, 3, 1, 7, 7] 
dagD28.txt 3_2x4.txt True 0.7068062827225131 1 99.0 [2, 1, 5, 1, 3, 2, 1, 5, 1, 1, 3, 0, 0, 1, 1, 3, 0, 7, 2, 3, 7, 0, 3, 3, 5, 6, 7, 3, 7, 1, 5, 4, 4, 5, 7, 7, 5, 4, 7, 4, 6, 6, 3, 1, 7, 5, 1, 7, 4, 5, 6, 1, 6, 3, 5, 4, 5, 5, 5, 6, 5, 3, 1, 7, 7] 
dagD28.txt 100_1x1.txt True 0.05759162303664921 0.07 1741.0 [1, 1, 1, 1, 1, 1, 1, 1, 1, 1, 1, 1, 1, 1, 1, 1, 1, 1, 1, 1, 0, 1, 1, 1, 1, 1, 1, 1, 1, 1, 1, 1, 1, 1, 1, 1, 1, 1, 1, 1, 1, 0, 1, 1, 1, 1, 0, 1, 1, 1, 1, 1, 1, 1, 1, 1, 1, 1, 1, 1, 1, 1, 1, 1, 1] 
dagD28.txt 100_1x1.txt True 0.05759162303664921 0.08 1741.0 [1, 1, 1, 1, 1, 1, 1, 1, 1, 1, 1, 1, 1, 1, 1, 1, 1, 1, 1, 1, 0, 1, 1, 1, 1, 1, 1, 1, 1, 1, 1, 1, 1, 1, 1, 1, 1, 1, 1, 1, 1, 0, 1, 1, 1, 1, 0, 1, 1, 1, 1, 1, 1, 1, 1, 1, 1, 1, 1, 1, 1, 1, 1, 1, 1] 
dagD28.txt 100_1x1.txt True 0.05759162303664921 0.09 1741.0 [1, 1, 1, 1, 1, 1, 1, 1, 1, 1, 1, 1, 1, 1, 1, 1, 1, 1, 1, 1, 0, 1, 1, 1, 1, 1, 1, 1, 1, 1, 1, 1, 1, 1, 1, 1, 1, 1, 1, 1, 1, 0, 1, 1, 1, 1, 0, 1, 1, 1, 1, 1, 1, 1, 1, 1, 1, 1, 1, 1, 1, 1, 1, 1, 1] 
dagD28.txt 100_1x1.txt True 0.09947643979057591 0.1 1646.0 [1, 1, 1, 1, 1, 1, 1, 1, 1, 1, 1, 1, 1, 1, 1, 1, 1, 0, 1, 1, 0, 1, 1, 1, 1, 1, 1, 1, 1, 1, 1, 1, 1, 1, 1, 1, 1, 1, 1, 1, 1, 0, 0, 1, 1, 1, 0, 1, 1, 1, 1, 1, 1, 1, 1, 1, 1, 1, 1, 1, 1, 1, 1, 1, 1] 
dagD28.txt 100_1x1.txt True 0.09947643979057591 0.11 1646.0 [1, 1, 1, 1, 1, 1, 1, 1, 1, 1, 1, 1, 1, 1, 1, 1, 1, 0, 1, 1, 0, 1, 1, 1, 1, 1, 1, 1, 1, 1, 1, 1, 1, 1, 1, 1, 1, 1, 1, 1, 1, 0, 0, 1, 1, 1, 0, 1, 1, 1, 1, 1, 1, 1, 1, 1, 1, 1, 1, 1, 1, 1, 1, 1, 1] 
dagD28.txt 100_1x1.txt True 0.09947643979057591 0.12 1646.0 [1, 1, 1, 1, 1, 1, 1, 1, 1, 1, 1, 1, 1, 1, 1, 1, 1, 0, 1, 1, 0, 1, 1, 1, 1, 1, 1, 1, 1, 1, 1, 1, 1, 1, 1, 1, 1, 1, 1, 1, 1, 0, 0, 1, 1, 1, 0, 1, 1, 1, 1, 1, 1, 1, 1, 1, 1, 1, 1, 1, 1, 1, 1, 1, 1] 
dagD28.txt 100_1x1.txt True 0.09947643979057591 0.13 1646.0 [1, 1, 1, 1, 1, 1, 1, 1, 1, 1, 1, 1, 1, 1, 1, 1, 1, 0, 1, 1, 0, 1, 1, 1, 1, 1, 1, 1, 1, 1, 1, 1, 1, 1, 1, 1, 1, 1, 1, 1, 1, 0, 0, 1, 1, 1, 0, 1, 1, 1, 1, 1, 1, 1, 1, 1, 1, 1, 1, 1, 1, 1, 1, 1, 1] 
dagD28.txt 100_1x1.txt True 0.09947643979057591 0.14 1646.0 [1, 1, 1, 1, 1, 1, 1, 1, 1, 1, 1, 1, 1, 1, 1, 1, 1, 0, 1, 1, 0, 1, 1, 1, 1, 1, 1, 1, 1, 1, 1, 1, 1, 1, 1, 1, 1, 1, 1, 1, 1, 0, 0, 1, 1, 1, 0, 1, 1, 1, 1, 1, 1, 1, 1, 1, 1, 1, 1, 1, 1, 1, 1, 1, 1] 
dagD28.txt 100_1x1.txt True 0.14659685863874344 0.15 1241.0 [0, 0, 0, 0, 0, 0, 0, 0, 0, 0, 1, 0, 1, 0, 0, 0, 1, 0, 0, 0, 1, 1, 0, 1, 0, 1, 1, 1, 1, 1, 1, 1, 1, 1, 1, 1, 1, 1, 1, 1, 1, 1, 1, 1, 1, 1, 1, 1, 1, 1, 1, 1, 1, 1, 1, 1, 1, 1, 1, 1, 1, 1, 1, 1, 1] 
dagD28.txt 100_1x1.txt True 0.15706806282722513 0.16 1097.0 [0, 0, 0, 0, 0, 0, 0, 0, 0, 0, 1, 0, 1, 0, 0, 0, 0, 0, 0, 0, 0, 1, 0, 0, 0, 1, 1, 1, 1, 1, 1, 1, 1, 1, 1, 1, 1, 1, 1, 1, 1, 1, 0, 1, 1, 1, 1, 1, 1, 1, 1, 1, 1, 1, 1, 1, 1, 1, 1, 1, 1, 1, 1, 1, 1] 
dagD28.txt 100_1x1.txt True 0.16753926701570682 0.17 1021.0 [0, 0, 0, 0, 0, 0, 0, 0, 0, 0, 0, 0, 1, 0, 0, 0, 0, 0, 0, 0, 0, 1, 0, 0, 0, 1, 1, 0, 1, 1, 1, 1, 1, 1, 1, 1, 1, 1, 1, 1, 1, 1, 0, 1, 1, 1, 1, 1, 1, 1, 1, 1, 1, 1, 1, 1, 1, 1, 1, 1, 1, 1, 1, 1, 1] 
dagD28.txt 100_1x1.txt True 0.17801047120418848 0.18 952.0 [0, 0, 0, 0, 0, 0, 0, 0, 0, 0, 0, 0, 0, 0, 0, 0, 0, 0, 0, 0, 0, 1, 0, 0, 0, 1, 1, 1, 1, 0, 1, 1, 1, 1, 0, 1, 1, 1, 1, 1, 1, 1, 0, 1, 1, 1, 1, 1, 1, 1, 1, 1, 1, 1, 1, 1, 1, 1, 1, 1, 1, 1, 1, 1, 1] 
dagD28.txt 100_1x1.txt True 0.18324607329842932 0.19 940.0 [0, 0, 0, 0, 0, 0, 0, 0, 0, 0, 0, 0, 0, 0, 0, 0, 0, 0, 0, 0, 0, 0, 0, 0, 0, 1, 1, 1, 1, 0, 1, 1, 1, 1, 0, 1, 1, 1, 1, 1, 1, 1, 0, 1, 1, 1, 1, 1, 1, 1, 1, 1, 1, 1, 1, 1, 1, 1, 1, 1, 1, 1, 1, 1, 1] 
dagD28.txt 100_1x1.txt True 0.19895287958115182 0.2 927.0 [0, 0, 0, 0, 0, 0, 0, 0, 0, 0, 0, 0, 0, 0, 0, 0, 0, 0, 0, 0, 0, 1, 0, 0, 0, 0, 1, 1, 1, 0, 1, 0, 1, 1, 0, 1, 1, 1, 1, 1, 1, 1, 0, 1, 1, 1, 1, 1, 1, 1, 1, 1, 1, 1, 1, 1, 1, 1, 1, 1, 1, 1, 1, 1, 1] 
dagD28.txt 100_1x1.txt True 0.24607329842931938 0.25 881.0 [0, 0, 0, 0, 0, 0, 0, 0, 0, 0, 0, 0, 0, 0, 0, 0, 0, 0, 0, 0, 0, 1, 0, 0, 0, 0, 1, 1, 1, 0, 1, 0, 1, 1, 0, 1, 1, 1, 1, 1, 1, 1, 0, 1, 1, 1, 1, 0, 1, 1, 1, 1, 1, 1, 1, 1, 1, 1, 1, 1, 1, 1, 1, 1, 1] 
dagD28.txt 100_1x1.txt True 0.2774869109947644 0.3 836.0 [0, 0, 0, 0, 0, 0, 0, 0, 0, 0, 0, 0, 0, 0, 0, 0, 0, 0, 0, 0, 0, 1, 0, 0, 0, 0, 1, 1, 1, 0, 0, 0, 1, 1, 0, 1, 1, 1, 1, 1, 1, 1, 0, 1, 1, 1, 1, 0, 1, 1, 1, 1, 1, 1, 1, 1, 1, 1, 1, 1, 1, 1, 1, 1, 1] 
dagD28.txt 100_1x1.txt True 0.33507853403141363 0.35 603.0 [0, 0, 0, 0, 0, 0, 0, 0, 0, 0, 0, 0, 0, 0, 0, 0, 0, 0, 0, 0, 0, 1, 0, 0, 0, 0, 1, 1, 0, 0, 0, 0, 1, 1, 0, 1, 1, 1, 1, 1, 1, 1, 0, 0, 1, 1, 0, 0, 1, 0, 1, 1, 1, 1, 1, 1, 1, 1, 1, 1, 0, 1, 0, 1, 1] 
dagD28.txt 100_1x1.txt True 0.02617801047120419 0.4 18.43 [0, 0, 0, 0, 0, 0, 0, 0, 0, 0, 0, 0, 0, 0, 0, 0, 0, 0, 0, 0, 0, 0, 0, 0, 0, 0, 0, 0, 0, 0, 0, 0, 0, 0, 0, 0, 0, 0, 0, 0, 0, 0, 0, 0, 0, 0, 0, 0, 1, 0, 0, 0, 0, 0, 0, 0, 0, 0, 0, 0, 0, 0, 0, 0, 0] 
dagD28.txt 100_1x1.txt True 0.02617801047120419 0.45 18.43 [0, 0, 0, 0, 0, 0, 0, 0, 0, 0, 0, 0, 0, 0, 0, 0, 0, 0, 0, 0, 0, 0, 0, 0, 0, 0, 0, 0, 0, 0, 0, 0, 0, 0, 0, 0, 0, 0, 0, 0, 0, 0, 0, 0, 0, 0, 0, 0, 1, 0, 0, 0, 0, 0, 0, 0, 0, 0, 0, 0, 0, 0, 0, 0, 0] 
dagD28.txt 100_1x1.txt True 0.02617801047120419 0.5 18.43 [0, 0, 0, 0, 0, 0, 0, 0, 0, 0, 0, 0, 0, 0, 0, 0, 0, 0, 0, 0, 0, 0, 0, 0, 0, 0, 0, 0, 0, 0, 0, 0, 0, 0, 0, 0, 0, 0, 0, 0, 0, 0, 0, 0, 0, 0, 0, 0, 1, 0, 0, 0, 0, 0, 0, 0, 0, 0, 0, 0, 0, 0, 0, 0, 0] 
dagD28.txt 100_1x1.txt True 0.02617801047120419 0.55 18.43 [0, 0, 0, 0, 0, 0, 0, 0, 0, 0, 0, 0, 0, 0, 0, 0, 0, 0, 0, 0, 0, 0, 0, 0, 0, 0, 0, 0, 0, 0, 0, 0, 0, 0, 0, 0, 0, 0, 0, 0, 0, 0, 0, 0, 0, 0, 0, 0, 1, 0, 0, 0, 0, 0, 0, 0, 0, 0, 0, 0, 0, 0, 0, 0, 0] 
dagD28.txt 100_1x1.txt True 0.02617801047120419 0.6 18.43 [0, 0, 0, 0, 0, 0, 0, 0, 0, 0, 0, 0, 0, 0, 0, 0, 0, 0, 0, 0, 0, 0, 0, 0, 0, 0, 0, 0, 0, 0, 0, 0, 0, 0, 0, 0, 0, 0, 0, 0, 0, 0, 0, 0, 0, 0, 0, 0, 1, 0, 0, 0, 0, 0, 0, 0, 0, 0, 0, 0, 0, 0, 0, 0, 0] 
dagD28.txt 100_1x1.txt True 0.02617801047120419 0.65 18.43 [0, 0, 0, 0, 0, 0, 0, 0, 0, 0, 0, 0, 0, 0, 0, 0, 0, 0, 0, 0, 0, 0, 0, 0, 0, 0, 0, 0, 0, 0, 0, 0, 0, 0, 0, 0, 0, 0, 0, 0, 0, 0, 0, 0, 0, 0, 0, 0, 1, 0, 0, 0, 0, 0, 0, 0, 0, 0, 0, 0, 0, 0, 0, 0, 0] 
dagD28.txt 100_1x1.txt True 0.02617801047120419 0.7 18.43 [0, 0, 0, 0, 0, 0, 0, 0, 0, 0, 0, 0, 0, 0, 0, 0, 0, 0, 0, 0, 0, 0, 0, 0, 0, 0, 0, 0, 0, 0, 0, 0, 0, 0, 0, 0, 0, 0, 0, 0, 0, 0, 0, 0, 0, 0, 0, 0, 1, 0, 0, 0, 0, 0, 0, 0, 0, 0, 0, 0, 0, 0, 0, 0, 0] 
dagD28.txt 100_1x1.txt True 0.02617801047120419 0.75 18.43 [0, 0, 0, 0, 0, 0, 0, 0, 0, 0, 0, 0, 0, 0, 0, 0, 0, 0, 0, 0, 0, 0, 0, 0, 0, 0, 0, 0, 0, 0, 0, 0, 0, 0, 0, 0, 0, 0, 0, 0, 0, 0, 0, 0, 0, 0, 0, 0, 1, 0, 0, 0, 0, 0, 0, 0, 0, 0, 0, 0, 0, 0, 0, 0, 0] 
dagD28.txt 100_1x1.txt True 0.02617801047120419 0.8 18.43 [0, 0, 0, 0, 0, 0, 0, 0, 0, 0, 0, 0, 0, 0, 0, 0, 0, 0, 0, 0, 0, 0, 0, 0, 0, 0, 0, 0, 0, 0, 0, 0, 0, 0, 0, 0, 0, 0, 0, 0, 0, 0, 0, 0, 0, 0, 0, 0, 1, 0, 0, 0, 0, 0, 0, 0, 0, 0, 0, 0, 0, 0, 0, 0, 0] 
dagD28.txt 100_1x1.txt True 0.02617801047120419 0.85 18.43 [0, 0, 0, 0, 0, 0, 0, 0, 0, 0, 0, 0, 0, 0, 0, 0, 0, 0, 0, 0, 0, 0, 0, 0, 0, 0, 0, 0, 0, 0, 0, 0, 0, 0, 0, 0, 0, 0, 0, 0, 0, 0, 0, 0, 0, 0, 0, 0, 1, 0, 0, 0, 0, 0, 0, 0, 0, 0, 0, 0, 0, 0, 0, 0, 0] 
dagD28.txt 100_1x1.txt True 0.02617801047120419 0.9 18.43 [0, 0, 0, 0, 0, 0, 0, 0, 0, 0, 0, 0, 0, 0, 0, 0, 0, 0, 0, 0, 0, 0, 0, 0, 0, 0, 0, 0, 0, 0, 0, 0, 0, 0, 0, 0, 0, 0, 0, 0, 0, 0, 0, 0, 0, 0, 0, 0, 1, 0, 0, 0, 0, 0, 0, 0, 0, 0, 0, 0, 0, 0, 0, 0, 0] 
dagD28.txt 100_1x1.txt True 0.02617801047120419 0.95 18.43 [0, 0, 0, 0, 0, 0, 0, 0, 0, 0, 0, 0, 0, 0, 0, 0, 0, 0, 0, 0, 0, 0, 0, 0, 0, 0, 0, 0, 0, 0, 0, 0, 0, 0, 0, 0, 0, 0, 0, 0, 0, 0, 0, 0, 0, 0, 0, 0, 1, 0, 0, 0, 0, 0, 0, 0, 0, 0, 0, 0, 0, 0, 0, 0, 0] 
dagD28.txt 100_1x1.txt True 0.02617801047120419 1 18.43 [0, 0, 0, 0, 0, 0, 0, 0, 0, 0, 0, 0, 0, 0, 0, 0, 0, 0, 0, 0, 0, 0, 0, 0, 0, 0, 0, 0, 0, 0, 0, 0, 0, 0, 0, 0, 0, 0, 0, 0, 0, 0, 0, 0, 0, 0, 0, 0, 1, 0, 0, 0, 0, 0, 0, 0, 0, 0, 0, 0, 0, 0, 0, 0, 0] 
dagD28.txt 1234x1.txt True 0.05759162303664921 0.07 435.5 [3, 3, 3, 3, 3, 3, 3, 3, 3, 3, 3, 3, 3, 3, 3, 3, 3, 3, 3, 3, 2, 3, 3, 3, 3, 3, 3, 3, 3, 3, 3, 3, 3, 3, 3, 3, 3, 3, 3, 3, 3, 3, 3, 3, 3, 3, 3, 3, 3, 3, 3, 3, 3, 3, 3, 3, 2, 3, 3, 3, 2, 3, 3, 3, 3] 
dagD28.txt 1234x1.txt True 0.05759162303664921 0.08 435.5 [3, 3, 3, 3, 3, 3, 3, 3, 3, 3, 3, 3, 3, 3, 3, 3, 3, 3, 3, 3, 2, 3, 3, 3, 3, 3, 3, 3, 3, 3, 3, 3, 3, 3, 3, 3, 3, 3, 3, 3, 3, 3, 3, 3, 3, 3, 3, 3, 3, 3, 3, 3, 3, 3, 3, 3, 2, 3, 3, 3, 2, 3, 3, 3, 3] 
dagD28.txt 1234x1.txt True 0.05759162303664921 0.09 435.5 [3, 3, 3, 3, 3, 3, 3, 3, 3, 3, 3, 3, 3, 3, 3, 3, 3, 3, 3, 3, 2, 3, 3, 3, 3, 3, 3, 3, 3, 3, 3, 3, 3, 3, 3, 3, 3, 3, 3, 3, 3, 3, 3, 3, 3, 3, 3, 3, 3, 3, 3, 3, 3, 3, 3, 3, 2, 3, 3, 3, 2, 3, 3, 3, 3] 
dagD28.txt 1234x1.txt True 0.09947643979057591 0.1 411.75 [3, 3, 3, 3, 3, 3, 3, 3, 3, 3, 3, 3, 3, 3, 3, 3, 3, 2, 3, 3, 2, 3, 3, 3, 3, 3, 3, 3, 3, 3, 3, 3, 3, 3, 3, 3, 3, 3, 3, 3, 3, 3, 2, 3, 3, 3, 3, 3, 3, 3, 3, 3, 3, 3, 3, 3, 2, 3, 3, 3, 2, 3, 3, 3, 3] 
dagD28.txt 1234x1.txt True 0.09947643979057591 0.11 411.75 [3, 3, 3, 3, 3, 3, 3, 3, 3, 3, 3, 3, 3, 3, 3, 3, 3, 2, 3, 3, 2, 3, 3, 3, 3, 3, 3, 3, 3, 3, 3, 3, 3, 3, 3, 3, 3, 3, 3, 3, 3, 3, 2, 3, 3, 3, 3, 3, 3, 3, 3, 3, 3, 3, 3, 3, 2, 3, 3, 3, 2, 3, 3, 3, 3] 
dagD28.txt 1234x1.txt True 0.09947643979057591 0.12 411.75 [3, 3, 3, 3, 3, 3, 3, 3, 3, 3, 3, 3, 3, 3, 3, 3, 3, 2, 3, 3, 2, 3, 3, 3, 3, 3, 3, 3, 3, 3, 3, 3, 3, 3, 3, 3, 3, 3, 3, 3, 3, 3, 2, 3, 3, 3, 3, 3, 3, 3, 3, 3, 3, 3, 3, 3, 2, 3, 3, 3, 2, 3, 3, 3, 3] 
dagD28.txt 1234x1.txt True 0.09947643979057591 0.13 411.75 [3, 3, 3, 3, 3, 3, 3, 3, 3, 3, 3, 3, 3, 3, 3, 3, 3, 2, 3, 3, 2, 3, 3, 3, 3, 3, 3, 3, 3, 3, 3, 3, 3, 3, 3, 3, 3, 3, 3, 3, 3, 3, 2, 3, 3, 3, 3, 3, 3, 3, 3, 3, 3, 3, 3, 3, 2, 3, 3, 3, 2, 3, 3, 3, 3] 
dagD28.txt 1234x1.txt True 0.09947643979057591 0.14 411.75 [3, 3, 3, 3, 3, 3, 3, 3, 3, 3, 3, 3, 3, 3, 3, 3, 3, 2, 3, 3, 2, 3, 3, 3, 3, 3, 3, 3, 3, 3, 3, 3, 3, 3, 3, 3, 3, 3, 3, 3, 3, 3, 2, 3, 3, 3, 3, 3, 3, 3, 3, 3, 3, 3, 3, 3, 2, 3, 3, 3, 2, 3, 3, 3, 3] 
dagD28.txt 1234x1.txt True 0.14136125654450263 0.15 400.25 [3, 3, 3, 3, 2, 3, 3, 3, 3, 3, 3, 3, 3, 3, 3, 3, 3, 2, 3, 3, 2, 3, 3, 3, 3, 3, 3, 3, 3, 3, 3, 3, 3, 3, 3, 3, 3, 3, 3, 3, 3, 3, 2, 3, 3, 3, 3, 3, 3, 3, 3, 3, 3, 3, 3, 3, 2, 3, 3, 3, 2, 3, 3, 3, 3] 
dagD28.txt 1234x1.txt True 0.1518324607329843 0.16 352.75 [3, 3, 3, 3, 3, 3, 3, 3, 3, 3, 3, 3, 3, 3, 3, 1, 3, 3, 3, 3, 1, 3, 3, 1, 3, 3, 3, 3, 3, 3, 3, 3, 3, 3, 3, 3, 3, 2, 3, 2, 3, 3, 1, 3, 3, 3, 3, 3, 3, 2, 3, 3, 3, 2, 2, 2, 2, 3, 2, 3, 3, 2, 2, 3, 3] 
dagD28.txt 1234x1.txt True 0.1518324607329843 0.17 352.75 [3, 3, 3, 3, 3, 3, 3, 3, 3, 3, 3, 3, 3, 3, 3, 1, 3, 3, 3, 3, 1, 3, 3, 1, 3, 3, 3, 3, 3, 3, 3, 3, 3, 3, 3, 3, 3, 2, 3, 2, 3, 3, 1, 3, 3, 3, 3, 3, 3, 2, 3, 3, 3, 2, 2, 2, 2, 3, 2, 3, 3, 2, 2, 3, 3] 
dagD28.txt 1234x1.txt True 0.17801047120418848 0.18 340.75 [3, 3, 3, 3, 3, 3, 3, 3, 3, 3, 3, 3, 3, 3, 3, 1, 3, 2, 3, 3, 1, 3, 3, 1, 3, 3, 3, 3, 3, 3, 3, 3, 3, 3, 3, 3, 3, 2, 3, 2, 3, 3, 1, 3, 3, 3, 3, 3, 3, 2, 3, 3, 3, 2, 2, 2, 2, 3, 2, 3, 3, 2, 2, 3, 3] 
dagD28.txt 1234x1.txt True 0.17801047120418848 0.19 340.75 [3, 3, 3, 3, 3, 3, 3, 3, 3, 3, 3, 3, 3, 3, 3, 1, 3, 2, 3, 3, 1, 3, 3, 1, 3, 3, 3, 3, 3, 3, 3, 3, 3, 3, 3, 3, 3, 2, 3, 2, 3, 3, 1, 3, 3, 3, 3, 3, 3, 2, 3, 3, 3, 2, 2, 2, 2, 3, 2, 3, 3, 2, 2, 3, 3] 
dagD28.txt 1234x1.txt True 0.17801047120418848 0.2 340.75 [3, 3, 3, 3, 3, 3, 3, 3, 3, 3, 3, 3, 3, 3, 3, 1, 3, 2, 3, 3, 1, 3, 3, 1, 3, 3, 3, 3, 3, 3, 3, 3, 3, 3, 3, 3, 3, 2, 3, 2, 3, 3, 1, 3, 3, 3, 3, 3, 3, 2, 3, 3, 3, 2, 2, 2, 2, 3, 2, 3, 3, 2, 2, 3, 3] 
dagD28.txt 1234x1.txt True 0.2356020942408377 0.25 317.75 [3, 3, 3, 3, 2, 3, 3, 3, 3, 3, 2, 3, 3, 3, 3, 1, 3, 2, 3, 3, 1, 3, 3, 1, 3, 3, 3, 3, 3, 3, 3, 3, 3, 3, 3, 3, 3, 2, 3, 2, 3, 3, 1, 3, 3, 3, 3, 3, 3, 2, 3, 3, 3, 2, 2, 2, 2, 3, 2, 3, 3, 2, 2, 3, 3] 
dagD28.txt 1234x1.txt True 0.2931937172774869 0.3 276.5 [1, 1, 1, 1, 1, 1, 1, 1, 1, 1, 0, 3, 0, 1, 1, 1, 1, 3, 1, 1, 2, 0, 1, 1, 3, 3, 3, 0, 3, 0, 0, 3, 3, 3, 3, 3, 2, 3, 3, 2, 0, 3, 2, 3, 3, 3, 3, 3, 3, 2, 3, 3, 3, 2, 3, 3, 3, 3, 2, 3, 0, 3, 2, 3, 3] 
dagD28.txt 1234x1.txt True 0.33507853403141363 0.35 364.0 [3, 3, 3, 3, 2, 2, 3, 3, 3, 3, 3, 2, 3, 3, 3, 2, 3, 1, 3, 2, 1, 1, 2, 2, 2, 0, 1, 0, 0, 3, 0, 1, 1, 1, 3, 1, 1, 1, 0, 1, 0, 0, 2, 1, 0, 1, 0, 1, 1, 1, 0, 0, 0, 1, 1, 1, 1, 1, 1, 1, 0, 1, 1, 1, 1] 
dagD28.txt 1234x1.txt True 0.39267015706806285 0.4 291.0 [0, 0, 0, 0, 1, 1, 1, 3, 0, 0, 3, 1, 0, 3, 0, 1, 0, 1, 0, 1, 1, 0, 1, 1, 1, 2, 2, 2, 2, 0, 2, 3, 3, 3, 3, 3, 2, 3, 2, 3, 2, 2, 1, 3, 2, 3, 2, 2, 3, 3, 2, 2, 2, 3, 3, 3, 3, 3, 3, 3, 2, 3, 3, 2, 3] 
dagD28.txt 1234x1.txt True 0.4397905759162304 0.45 200.0 [0, 0, 0, 3, 1, 1, 1, 3, 0, 3, 3, 1, 0, 3, 0, 1, 0, 1, 0, 1, 2, 0, 1, 1, 1, 2, 2, 2, 2, 3, 2, 3, 3, 3, 3, 3, 2, 3, 2, 3, 2, 2, 1, 3, 2, 3, 2, 2, 3, 3, 2, 2, 2, 3, 3, 3, 3, 3, 3, 3, 2, 3, 3, 2, 3] 
dagD28.txt 1234x1.txt True 0.45549738219895286 0.5 189.25 [0, 0, 0, 3, 1, 1, 1, 3, 0, 3, 3, 1, 0, 3, 0, 1, 0, 2, 0, 1, 2, 0, 1, 1, 1, 2, 2, 2, 2, 3, 2, 3, 3, 3, 3, 3, 2, 3, 2, 3, 2, 2, 1, 3, 2, 3, 2, 2, 3, 3, 2, 2, 2, 3, 3, 3, 3, 3, 3, 3, 2, 3, 3, 2, 3] 
dagD28.txt 1234x1.txt True 0.45549738219895286 0.55 189.25 [0, 0, 0, 3, 1, 1, 1, 3, 0, 3, 3, 1, 0, 3, 0, 1, 0, 2, 0, 1, 2, 0, 1, 1, 1, 2, 2, 2, 2, 3, 2, 3, 3, 3, 3, 3, 2, 3, 2, 3, 2, 2, 1, 3, 2, 3, 2, 2, 3, 3, 2, 2, 2, 3, 3, 3, 3, 3, 3, 3, 2, 3, 3, 2, 3] 
dagD28.txt 1234x1.txt True 0.45549738219895286 0.6 189.25 [0, 0, 0, 3, 1, 1, 1, 3, 0, 3, 3, 1, 0, 3, 0, 1, 0, 2, 0, 1, 2, 0, 1, 1, 1, 2, 2, 2, 2, 3, 2, 3, 3, 3, 3, 3, 2, 3, 2, 3, 2, 2, 1, 3, 2, 3, 2, 2, 3, 3, 2, 2, 2, 3, 3, 3, 3, 3, 3, 3, 2, 3, 3, 2, 3] 
dagD28.txt 1234x1.txt True 0.45549738219895286 0.65 189.25 [0, 0, 0, 3, 1, 1, 1, 3, 0, 3, 3, 1, 0, 3, 0, 1, 0, 2, 0, 1, 2, 0, 1, 1, 1, 2, 2, 2, 2, 3, 2, 3, 3, 3, 3, 3, 2, 3, 2, 3, 2, 2, 1, 3, 2, 3, 2, 2, 3, 3, 2, 2, 2, 3, 3, 3, 3, 3, 3, 3, 2, 3, 3, 2, 3] 
dagD28.txt 1234x1.txt True 0.45549738219895286 0.7 189.25 [0, 0, 0, 3, 1, 1, 1, 3, 0, 3, 3, 1, 0, 3, 0, 1, 0, 2, 0, 1, 2, 0, 1, 1, 1, 2, 2, 2, 2, 3, 2, 3, 3, 3, 3, 3, 2, 3, 2, 3, 2, 2, 1, 3, 2, 3, 2, 2, 3, 3, 2, 2, 2, 3, 3, 3, 3, 3, 3, 3, 2, 3, 3, 2, 3] 
dagD28.txt 1234x1.txt True 0.45549738219895286 0.75 189.25 [0, 0, 0, 3, 1, 1, 1, 3, 0, 3, 3, 1, 0, 3, 0, 1, 0, 2, 0, 1, 2, 0, 1, 1, 1, 2, 2, 2, 2, 3, 2, 3, 3, 3, 3, 3, 2, 3, 2, 3, 2, 2, 1, 3, 2, 3, 2, 2, 3, 3, 2, 2, 2, 3, 3, 3, 3, 3, 3, 3, 2, 3, 3, 2, 3] 
dagD28.txt 1234x1.txt True 0.45549738219895286 0.8 189.25 [0, 0, 0, 3, 1, 1, 1, 3, 0, 3, 3, 1, 0, 3, 0, 1, 0, 2, 0, 1, 2, 0, 1, 1, 1, 2, 2, 2, 2, 3, 2, 3, 3, 3, 3, 3, 2, 3, 2, 3, 2, 2, 1, 3, 2, 3, 2, 2, 3, 3, 2, 2, 2, 3, 3, 3, 3, 3, 3, 3, 2, 3, 3, 2, 3] 
dagD28.txt 1234x1.txt True 0.45549738219895286 0.85 189.25 [0, 0, 0, 3, 1, 1, 1, 3, 0, 3, 3, 1, 0, 3, 0, 1, 0, 2, 0, 1, 2, 0, 1, 1, 1, 2, 2, 2, 2, 3, 2, 3, 3, 3, 3, 3, 2, 3, 2, 3, 2, 2, 1, 3, 2, 3, 2, 2, 3, 3, 2, 2, 2, 3, 3, 3, 3, 3, 3, 3, 2, 3, 3, 2, 3] 
dagD28.txt 1234x1.txt True 0.45549738219895286 0.9 189.25 [0, 0, 0, 3, 1, 1, 1, 3, 0, 3, 3, 1, 0, 3, 0, 1, 0, 2, 0, 1, 2, 0, 1, 1, 1, 2, 2, 2, 2, 3, 2, 3, 3, 3, 3, 3, 2, 3, 2, 3, 2, 2, 1, 3, 2, 3, 2, 2, 3, 3, 2, 2, 2, 3, 3, 3, 3, 3, 3, 3, 2, 3, 3, 2, 3] 
dagD28.txt 1234x1.txt True 0.45549738219895286 0.95 189.25 [0, 0, 0, 3, 1, 1, 1, 3, 0, 3, 3, 1, 0, 3, 0, 1, 0, 2, 0, 1, 2, 0, 1, 1, 1, 2, 2, 2, 2, 3, 2, 3, 3, 3, 3, 3, 2, 3, 2, 3, 2, 2, 1, 3, 2, 3, 2, 2, 3, 3, 2, 2, 2, 3, 3, 3, 3, 3, 3, 3, 2, 3, 3, 2, 3] 
dagD28.txt 1234x1.txt True 0.45549738219895286 1 189.25 [0, 0, 0, 3, 1, 1, 1, 3, 0, 3, 3, 1, 0, 3, 0, 1, 0, 2, 0, 1, 2, 0, 1, 1, 1, 2, 2, 2, 2, 3, 2, 3, 3, 3, 3, 3, 2, 3, 2, 3, 2, 2, 1, 3, 2, 3, 2, 2, 3, 3, 2, 2, 2, 3, 3, 3, 3, 3, 3, 3, 2, 3, 3, 2, 3] 
dagD28.txt 3_2x3.txt True 0.06806282722513089 0.07 870.5 [5, 5, 5, 5, 5, 5, 5, 5, 5, 5, 5, 5, 5, 5, 5, 5, 5, 5, 5, 5, 5, 5, 5, 5, 5, 5, 5, 5, 5, 5, 5, 5, 5, 5, 5, 5, 5, 5, 5, 5, 5, 5, 5, 5, 5, 5, 5, 5, 5, 5, 5, 5, 5, 5, 5, 5, 4, 5, 5, 3, 4, 5, 3, 5, 5] 
dagD28.txt 3_2x3.txt True 0.06806282722513089 0.08 870.5 [5, 5, 5, 5, 5, 5, 5, 5, 5, 5, 5, 5, 5, 5, 5, 5, 5, 5, 5, 5, 5, 5, 5, 5, 5, 5, 5, 5, 5, 5, 5, 5, 5, 5, 5, 5, 5, 5, 5, 5, 5, 5, 5, 5, 5, 5, 5, 5, 5, 5, 5, 5, 5, 5, 5, 5, 4, 5, 5, 3, 4, 5, 3, 5, 5] 
dagD28.txt 3_2x3.txt True 0.06806282722513089 0.09 870.5 [5, 5, 5, 5, 5, 5, 5, 5, 5, 5, 5, 5, 5, 5, 5, 5, 5, 5, 5, 5, 5, 5, 5, 5, 5, 5, 5, 5, 5, 5, 5, 5, 5, 5, 5, 5, 5, 5, 5, 5, 5, 5, 5, 5, 5, 5, 5, 5, 5, 5, 5, 5, 5, 5, 5, 5, 4, 5, 5, 3, 4, 5, 3, 5, 5] 
dagD28.txt 3_2x3.txt True 0.09424083769633508 0.1 861.5 [5, 5, 5, 5, 5, 5, 5, 5, 5, 5, 5, 5, 5, 5, 5, 5, 5, 5, 5, 5, 5, 5, 5, 5, 5, 5, 5, 5, 5, 5, 5, 5, 5, 5, 5, 5, 5, 5, 5, 4, 5, 5, 5, 5, 5, 5, 5, 5, 5, 5, 5, 5, 5, 5, 5, 5, 4, 5, 5, 3, 4, 5, 3, 5, 5] 
dagD28.txt 3_2x3.txt True 0.09424083769633508 0.11 861.5 [5, 5, 5, 5, 5, 5, 5, 5, 5, 5, 5, 5, 5, 5, 5, 5, 5, 5, 5, 5, 5, 5, 5, 5, 5, 5, 5, 5, 5, 5, 5, 5, 5, 5, 5, 5, 5, 5, 5, 4, 5, 5, 5, 5, 5, 5, 5, 5, 5, 5, 5, 5, 5, 5, 5, 5, 4, 5, 5, 3, 4, 5, 3, 5, 5] 
dagD28.txt 3_2x3.txt True 0.11518324607329843 0.12 837.0 [5, 5, 5, 5, 5, 5, 5, 5, 5, 5, 5, 5, 5, 5, 5, 5, 5, 5, 5, 5, 4, 5, 5, 5, 5, 5, 5, 5, 5, 5, 5, 5, 5, 5, 5, 5, 5, 5, 5, 4, 5, 5, 5, 5, 5, 5, 5, 5, 5, 5, 5, 5, 5, 5, 5, 5, 4, 5, 5, 3, 4, 5, 3, 5, 5] 
dagD28.txt 3_2x3.txt True 0.12041884816753927 0.13 837.0 [5, 5, 5, 5, 5, 5, 5, 5, 5, 5, 5, 5, 5, 5, 5, 5, 5, 5, 5, 5, 0, 5, 5, 5, 5, 5, 5, 5, 5, 5, 5, 5, 5, 5, 5, 5, 5, 5, 5, 4, 5, 5, 5, 5, 5, 5, 5, 5, 5, 5, 5, 5, 5, 5, 5, 5, 4, 5, 5, 3, 4, 5, 3, 5, 5] 
dagD28.txt 3_2x3.txt True 0.13089005235602094 0.14 779.5 [5, 5, 5, 5, 5, 5, 5, 5, 5, 5, 5, 5, 5, 5, 5, 5, 5, 5, 5, 5, 5, 5, 5, 2, 5, 5, 5, 5, 5, 5, 5, 5, 5, 5, 5, 4, 5, 4, 5, 4, 5, 5, 2, 5, 5, 5, 5, 5, 5, 5, 5, 5, 5, 3, 5, 4, 4, 5, 5, 5, 5, 4, 3, 5, 4] 
dagD28.txt 3_2x3.txt True 0.14659685863874344 0.15 755.0 [5, 5, 5, 5, 5, 5, 5, 5, 5, 5, 5, 5, 5, 5, 5, 5, 5, 5, 5, 5, 2, 5, 5, 2, 5, 5, 5, 5, 5, 5, 5, 5, 5, 5, 5, 4, 5, 4, 5, 4, 5, 5, 2, 5, 5, 5, 5, 5, 5, 5, 5, 5, 5, 3, 5, 4, 4, 5, 5, 5, 5, 4, 3, 5, 4] 
dagD28.txt 3_2x3.txt True 0.1518324607329843 0.16 755.0 [5, 5, 5, 5, 5, 5, 5, 5, 5, 5, 5, 5, 5, 5, 5, 5, 5, 5, 5, 5, 0, 5, 5, 2, 5, 5, 5, 5, 5, 5, 5, 5, 5, 5, 5, 4, 5, 4, 5, 4, 5, 5, 2, 5, 5, 5, 5, 5, 5, 5, 5, 5, 5, 3, 5, 4, 4, 5, 5, 5, 5, 4, 3, 5, 4] 
dagD28.txt 3_2x3.txt True 0.1518324607329843 0.17 755.0 [5, 5, 5, 5, 5, 5, 5, 5, 5, 5, 5, 5, 5, 5, 5, 5, 5, 5, 5, 5, 0, 5, 5, 2, 5, 5, 5, 5, 5, 5, 5, 5, 5, 5, 5, 4, 5, 4, 5, 4, 5, 5, 2, 5, 5, 5, 5, 5, 5, 5, 5, 5, 5, 3, 5, 4, 4, 5, 5, 5, 5, 4, 3, 5, 4] 
dagD28.txt 3_2x3.txt True 0.1518324607329843 0.18 755.0 [5, 5, 5, 5, 5, 5, 5, 5, 5, 5, 5, 5, 5, 5, 5, 5, 5, 5, 5, 5, 0, 5, 5, 2, 5, 5, 5, 5, 5, 5, 5, 5, 5, 5, 5, 4, 5, 4, 5, 4, 5, 5, 2, 5, 5, 5, 5, 5, 5, 5, 5, 5, 5, 3, 5, 4, 4, 5, 5, 5, 5, 4, 3, 5, 4] 
dagD28.txt 3_2x3.txt True 0.18848167539267016 0.19 731.0 [5, 5, 5, 5, 5, 5, 5, 5, 5, 5, 5, 5, 5, 5, 5, 5, 5, 0, 5, 5, 0, 5, 5, 2, 5, 5, 5, 5, 5, 5, 5, 5, 5, 5, 5, 4, 5, 4, 5, 4, 5, 5, 2, 5, 5, 5, 5, 5, 5, 5, 5, 5, 5, 3, 5, 4, 4, 5, 5, 5, 5, 4, 3, 5, 4] 
dagD28.txt 3_2x3.txt True 0.18848167539267016 0.2 731.0 [5, 5, 5, 5, 5, 5, 5, 5, 5, 5, 5, 5, 5, 5, 5, 5, 5, 0, 5, 5, 0, 5, 5, 2, 5, 5, 5, 5, 5, 5, 5, 5, 5, 5, 5, 4, 5, 4, 5, 4, 5, 5, 2, 5, 5, 5, 5, 5, 5, 5, 5, 5, 5, 3, 5, 4, 4, 5, 5, 5, 5, 4, 3, 5, 4] 
dagD28.txt 3_2x3.txt True 0.24607329842931938 0.25 685.0 [5, 5, 5, 5, 0, 5, 5, 5, 5, 5, 0, 5, 5, 5, 5, 5, 5, 0, 5, 5, 0, 5, 5, 2, 5, 5, 5, 5, 5, 5, 5, 5, 5, 5, 5, 4, 5, 4, 5, 4, 5, 5, 2, 5, 5, 5, 5, 5, 5, 5, 5, 5, 5, 3, 5, 4, 4, 5, 5, 5, 5, 4, 3, 5, 4] 
dagD28.txt 3_2x3.txt True 0.27225130890052357 0.3 662.0 [5, 5, 5, 5, 0, 5, 5, 5, 5, 5, 0, 5, 5, 5, 5, 5, 5, 0, 5, 5, 0, 5, 0, 2, 5, 5, 5, 5, 5, 5, 5, 5, 5, 5, 5, 4, 5, 4, 5, 4, 5, 5, 2, 5, 5, 5, 5, 5, 5, 5, 5, 5, 5, 3, 5, 4, 4, 5, 5, 5, 5, 4, 3, 5, 4] 
dagD28.txt 3_2x3.txt True 0.34554973821989526 0.35 269.5 [1, 1, 1, 1, 0, 2, 1, 1, 1, 1, 1, 1, 1, 1, 1, 2, 1, 4, 1, 2, 4, 4, 1, 2, 1, 5, 4, 5, 5, 5, 5, 4, 4, 4, 1, 4, 4, 4, 5, 4, 5, 5, 2, 4, 5, 4, 5, 5, 4, 4, 5, 5, 5, 4, 4, 4, 4, 4, 4, 5, 5, 4, 4, 5, 4] 
dagD28.txt 3_2x3.txt True 0.39790575916230364 0.4 215.0 [1, 1, 1, 1, 0, 2, 1, 0, 1, 1, 0, 1, 1, 1, 1, 2, 1, 4, 1, 2, 0, 4, 0, 2, 1, 5, 4, 5, 5, 5, 5, 4, 4, 4, 1, 4, 4, 4, 5, 4, 5, 5, 2, 4, 5, 4, 5, 4, 4, 4, 5, 5, 5, 4, 4, 4, 4, 4, 4, 5, 5, 4, 4, 5, 4] 
dagD28.txt 3_2x3.txt True 0.44502617801047123 0.45 161.5 [2, 2, 1, 2, 2, 0, 2, 2, 2, 2, 1, 1, 1, 2, 2, 0, 1, 0, 2, 0, 0, 4, 1, 0, 1, 3, 4, 3, 3, 1, 5, 4, 4, 5, 1, 4, 5, 4, 3, 4, 3, 3, 0, 4, 5, 5, 3, 3, 4, 5, 3, 3, 5, 4, 5, 4, 5, 4, 5, 3, 5, 4, 4, 3, 5] 
dagD28.txt 3_2x3.txt True 0.4973821989528796 0.5 154.5 [0, 1, 2, 1, 0, 0, 1, 1, 1, 1, 2, 2, 2, 1, 1, 0, 2, 0, 1, 0, 0, 2, 2, 0, 2, 4, 4, 5, 4, 2, 5, 0, 3, 3, 2, 5, 5, 3, 4, 3, 4, 4, 0, 5, 5, 5, 4, 4, 3, 2, 4, 4, 5, 3, 3, 3, 5, 3, 3, 4, 5, 3, 3, 4, 5] 
dagD28.txt 3_2x3.txt True 0.5497382198952879 0.55 133.5 [0, 1, 2, 1, 0, 0, 1, 4, 1, 1, 2, 2, 2, 1, 1, 0, 2, 0, 1, 0, 2, 2, 2, 0, 2, 4, 4, 5, 4, 2, 0, 0, 3, 3, 2, 5, 5, 3, 4, 3, 4, 4, 0, 5, 5, 5, 4, 4, 3, 0, 4, 4, 5, 3, 3, 3, 5, 3, 3, 4, 5, 3, 3, 4, 5] 
dagD28.txt 3_2x3.txt True 0.5549738219895288 0.6 132.33333333333334 [0, 1, 2, 1, 0, 0, 1, 4, 1, 1, 2, 2, 2, 1, 1, 0, 2, 0, 1, 0, 2, 2, 2, 0, 2, 4, 4, 5, 4, 2, 0, 0, 3, 3, 2, 5, 5, 3, 4, 3, 4, 4, 0, 5, 5, 5, 4, 4, 3, 0, 4, 4, 5, 3, 3, 3, 5, 3, 3, 4, 5, 3, 2, 4, 5] 
dagD28.txt 3_2x3.txt True 0.5549738219895288 0.65 132.33333333333334 [0, 1, 2, 1, 0, 0, 1, 4, 1, 1, 2, 2, 2, 1, 1, 0, 2, 0, 1, 0, 2, 2, 2, 0, 2, 4, 4, 5, 4, 2, 0, 0, 3, 3, 2, 5, 5, 3, 4, 3, 4, 4, 0, 5, 5, 5, 4, 4, 3, 0, 4, 4, 5, 3, 3, 3, 5, 3, 3, 4, 5, 3, 2, 4, 5] 
dagD28.txt 3_2x3.txt True 0.5549738219895288 0.7 132.33333333333334 [0, 1, 2, 1, 0, 0, 1, 4, 1, 1, 2, 2, 2, 1, 1, 0, 2, 0, 1, 0, 2, 2, 2, 0, 2, 4, 4, 5, 4, 2, 0, 0, 3, 3, 2, 5, 5, 3, 4, 3, 4, 4, 0, 5, 5, 5, 4, 4, 3, 0, 4, 4, 5, 3, 3, 3, 5, 3, 3, 4, 5, 3, 2, 4, 5] 
dagD28.txt 3_2x3.txt True 0.5549738219895288 0.75 132.33333333333334 [0, 1, 2, 1, 0, 0, 1, 4, 1, 1, 2, 2, 2, 1, 1, 0, 2, 0, 1, 0, 2, 2, 2, 0, 2, 4, 4, 5, 4, 2, 0, 0, 3, 3, 2, 5, 5, 3, 4, 3, 4, 4, 0, 5, 5, 5, 4, 4, 3, 0, 4, 4, 5, 3, 3, 3, 5, 3, 3, 4, 5, 3, 2, 4, 5] 
dagD28.txt 3_2x3.txt True 0.5549738219895288 0.8 132.33333333333334 [0, 1, 2, 1, 0, 0, 1, 4, 1, 1, 2, 2, 2, 1, 1, 0, 2, 0, 1, 0, 2, 2, 2, 0, 2, 4, 4, 5, 4, 2, 0, 0, 3, 3, 2, 5, 5, 3, 4, 3, 4, 4, 0, 5, 5, 5, 4, 4, 3, 0, 4, 4, 5, 3, 3, 3, 5, 3, 3, 4, 5, 3, 2, 4, 5] 
dagD28.txt 3_2x3.txt True 0.5549738219895288 0.85 132.33333333333334 [0, 1, 2, 1, 0, 0, 1, 4, 1, 1, 2, 2, 2, 1, 1, 0, 2, 0, 1, 0, 2, 2, 2, 0, 2, 4, 4, 5, 4, 2, 0, 0, 3, 3, 2, 5, 5, 3, 4, 3, 4, 4, 0, 5, 5, 5, 4, 4, 3, 0, 4, 4, 5, 3, 3, 3, 5, 3, 3, 4, 5, 3, 2, 4, 5] 
dagD28.txt 3_2x3.txt True 0.5549738219895288 0.9 132.33333333333334 [0, 1, 2, 1, 0, 0, 1, 4, 1, 1, 2, 2, 2, 1, 1, 0, 2, 0, 1, 0, 2, 2, 2, 0, 2, 4, 4, 5, 4, 2, 0, 0, 3, 3, 2, 5, 5, 3, 4, 3, 4, 4, 0, 5, 5, 5, 4, 4, 3, 0, 4, 4, 5, 3, 3, 3, 5, 3, 3, 4, 5, 3, 2, 4, 5] 
dagD28.txt 3_2x3.txt True 0.5549738219895288 0.95 132.33333333333334 [0, 1, 2, 1, 0, 0, 1, 4, 1, 1, 2, 2, 2, 1, 1, 0, 2, 0, 1, 0, 2, 2, 2, 0, 2, 4, 4, 5, 4, 2, 0, 0, 3, 3, 2, 5, 5, 3, 4, 3, 4, 4, 0, 5, 5, 5, 4, 4, 3, 0, 4, 4, 5, 3, 3, 3, 5, 3, 3, 4, 5, 3, 2, 4, 5] 
dagD28.txt 3_2x3.txt True 0.5549738219895288 1 132.33333333333334 [0, 1, 2, 1, 0, 0, 1, 4, 1, 1, 2, 2, 2, 1, 1, 0, 2, 0, 1, 0, 2, 2, 2, 0, 2, 4, 4, 5, 4, 2, 0, 0, 3, 3, 2, 5, 5, 3, 4, 3, 4, 4, 0, 5, 5, 5, 4, 4, 3, 0, 4, 4, 5, 3, 3, 3, 5, 3, 3, 4, 5, 3, 2, 4, 5] 
dagD28.txt 1234x3.txt True 0.031413612565445025 0.07 451.0 [11, 11, 11, 11, 11, 11, 11, 11, 11, 11, 11, 11, 11, 11, 11, 11, 11, 11, 11, 11, 3, 11, 11, 11, 11, 11, 11, 11, 11, 11, 11, 11, 11, 11, 11, 11, 11, 11, 11, 11, 11, 11, 11, 11, 11, 11, 11, 11, 11, 11, 11, 11, 11, 11, 11, 11, 11, 11, 11, 11, 11, 11, 11, 11, 11] 
dagD28.txt 1234x3.txt True 0.07329842931937172 0.08 427.25 [11, 11, 11, 11, 11, 11, 11, 11, 11, 11, 11, 11, 11, 11, 11, 11, 11, 3, 11, 11, 3, 11, 11, 11, 11, 11, 11, 11, 11, 11, 11, 11, 11, 11, 11, 11, 11, 11, 11, 11, 11, 11, 3, 11, 11, 11, 11, 11, 11, 11, 11, 11, 11, 11, 11, 11, 11, 11, 11, 11, 11, 11, 11, 11, 11] 
dagD28.txt 1234x3.txt True 0.07329842931937172 0.09 427.25 [11, 11, 11, 11, 11, 11, 11, 11, 11, 11, 11, 11, 11, 11, 11, 11, 11, 3, 11, 11, 3, 11, 11, 11, 11, 11, 11, 11, 11, 11, 11, 11, 11, 11, 11, 11, 11, 11, 11, 11, 11, 11, 3, 11, 11, 11, 11, 11, 11, 11, 11, 11, 11, 11, 11, 11, 11, 11, 11, 11, 11, 11, 11, 11, 11] 
dagD28.txt 1234x3.txt True 0.07329842931937172 0.1 427.25 [11, 11, 11, 11, 11, 11, 11, 11, 11, 11, 11, 11, 11, 11, 11, 11, 11, 3, 11, 11, 3, 11, 11, 11, 11, 11, 11, 11, 11, 11, 11, 11, 11, 11, 11, 11, 11, 11, 11, 11, 11, 11, 3, 11, 11, 11, 11, 11, 11, 11, 11, 11, 11, 11, 11, 11, 11, 11, 11, 11, 11, 11, 11, 11, 11] 
dagD28.txt 1234x3.txt True 0.07329842931937172 0.11 427.25 [11, 11, 11, 11, 11, 11, 11, 11, 11, 11, 11, 11, 11, 11, 11, 11, 11, 3, 11, 11, 3, 11, 11, 11, 11, 11, 11, 11, 11, 11, 11, 11, 11, 11, 11, 11, 11, 11, 11, 11, 11, 11, 3, 11, 11, 11, 11, 11, 11, 11, 11, 11, 11, 11, 11, 11, 11, 11, 11, 11, 11, 11, 11, 11, 11] 
dagD28.txt 1234x3.txt True 0.11518324607329843 0.12 415.75 [11, 11, 11, 11, 3, 11, 11, 11, 11, 11, 11, 11, 11, 11, 11, 11, 11, 3, 11, 11, 3, 11, 11, 11, 11, 11, 11, 11, 11, 11, 11, 11, 11, 11, 11, 11, 11, 11, 11, 11, 11, 11, 3, 11, 11, 11, 11, 11, 11, 11, 11, 11, 11, 11, 11, 11, 11, 11, 11, 11, 11, 11, 11, 11, 11] 
dagD28.txt 1234x3.txt True 0.11518324607329843 0.13 415.75 [11, 11, 11, 11, 3, 11, 11, 11, 11, 11, 11, 11, 11, 11, 11, 11, 11, 3, 11, 11, 3, 11, 11, 11, 11, 11, 11, 11, 11, 11, 11, 11, 11, 11, 11, 11, 11, 11, 11, 11, 11, 11, 3, 11, 11, 11, 11, 11, 11, 11, 11, 11, 11, 11, 11, 11, 11, 11, 11, 11, 11, 11, 11, 11, 11] 
dagD28.txt 1234x3.txt True 0.13089005235602094 0.14 404.25 [11, 11, 11, 11, 3, 11, 11, 11, 11, 11, 3, 11, 11, 11, 11, 11, 11, 3, 11, 11, 3, 11, 11, 11, 11, 11, 11, 11, 11, 11, 11, 11, 11, 11, 11, 11, 11, 11, 11, 11, 11, 11, 3, 11, 11, 11, 11, 11, 11, 11, 11, 11, 11, 11, 11, 11, 11, 11, 11, 11, 11, 11, 11, 11, 11] 
dagD28.txt 1234x3.txt True 0.13089005235602094 0.15 404.25 [11, 11, 11, 11, 3, 11, 11, 11, 11, 11, 3, 11, 11, 11, 11, 11, 11, 3, 11, 11, 3, 11, 11, 11, 11, 11, 11, 11, 11, 11, 11, 11, 11, 11, 11, 11, 11, 11, 11, 11, 11, 11, 3, 11, 11, 11, 11, 11, 11, 11, 11, 11, 11, 11, 11, 11, 11, 11, 11, 11, 11, 11, 11, 11, 11] 
dagD28.txt 1234x3.txt True 0.13089005235602094 0.16 404.25 [11, 11, 11, 11, 3, 11, 11, 11, 11, 11, 3, 11, 11, 11, 11, 11, 11, 3, 11, 11, 3, 11, 11, 11, 11, 11, 11, 11, 11, 11, 11, 11, 11, 11, 11, 11, 11, 11, 11, 11, 11, 11, 3, 11, 11, 11, 11, 11, 11, 11, 11, 11, 11, 11, 11, 11, 11, 11, 11, 11, 11, 11, 11, 11, 11] 
dagD28.txt 1234x3.txt True 0.16230366492146597 0.17 392.75 [11, 11, 11, 11, 3, 11, 11, 11, 11, 11, 3, 11, 11, 11, 11, 11, 11, 3, 11, 11, 3, 11, 3, 11, 11, 11, 11, 11, 11, 11, 11, 11, 11, 11, 11, 11, 11, 11, 11, 11, 11, 11, 3, 11, 11, 11, 11, 11, 11, 11, 11, 11, 11, 11, 11, 11, 11, 11, 11, 11, 11, 11, 11, 11, 11] 
dagD28.txt 1234x3.txt True 0.16230366492146597 0.18 392.75 [11, 11, 11, 11, 3, 11, 11, 11, 11, 11, 3, 11, 11, 11, 11, 11, 11, 3, 11, 11, 3, 11, 3, 11, 11, 11, 11, 11, 11, 11, 11, 11, 11, 11, 11, 11, 11, 11, 11, 11, 11, 11, 3, 11, 11, 11, 11, 11, 11, 11, 11, 11, 11, 11, 11, 11, 11, 11, 11, 11, 11, 11, 11, 11, 11] 
dagD28.txt 1234x3.txt True 0.16230366492146597 0.19 392.75 [11, 11, 11, 11, 3, 11, 11, 11, 11, 11, 3, 11, 11, 11, 11, 11, 11, 3, 11, 11, 3, 11, 3, 11, 11, 11, 11, 11, 11, 11, 11, 11, 11, 11, 11, 11, 11, 11, 11, 11, 11, 11, 3, 11, 11, 11, 11, 11, 11, 11, 11, 11, 11, 11, 11, 11, 11, 11, 11, 11, 11, 11, 11, 11, 11] 
dagD28.txt 1234x3.txt True 0.16230366492146597 0.2 392.75 [11, 11, 11, 11, 3, 11, 11, 11, 11, 11, 3, 11, 11, 11, 11, 11, 11, 3, 11, 11, 3, 11, 3, 11, 11, 11, 11, 11, 11, 11, 11, 11, 11, 11, 11, 11, 11, 11, 11, 11, 11, 11, 3, 11, 11, 11, 11, 11, 11, 11, 11, 11, 11, 11, 11, 11, 11, 11, 11, 11, 11, 11, 11, 11, 11] 
dagD28.txt 1234x3.txt True 0.23036649214659685 0.25 340.75 [5, 11, 11, 11, 11, 11, 11, 11, 5, 11, 11, 11, 11, 11, 5, 5, 11, 11, 11, 5, 3, 8, 5, 11, 11, 11, 11, 11, 11, 5, 11, 11, 11, 11, 11, 8, 11, 8, 11, 8, 11, 11, 11, 11, 11, 11, 11, 11, 11, 11, 11, 11, 11, 8, 11, 8, 8, 11, 11, 11, 11, 8, 8, 11, 8] 
dagD28.txt 1234x3.txt True 0.2931937172774869 0.3 359.0 [9, 9, 9, 9, 9, 9, 9, 9, 9, 9, 9, 9, 9, 9, 9, 9, 11, 11, 9, 9, 11, 9, 9, 11, 9, 11, 10, 11, 11, 9, 11, 11, 10, 11, 11, 10, 11, 10, 11, 10, 11, 11, 11, 9, 11, 11, 11, 11, 10, 11, 11, 11, 11, 10, 11, 10, 10, 11, 10, 11, 11, 10, 10, 11, 10] 
dagD28.txt 1234x3.txt True 0.3403141361256545 0.35 313.0 [9, 9, 9, 9, 11, 9, 9, 9, 9, 9, 11, 9, 9, 9, 9, 9, 11, 3, 9, 9, 11, 9, 9, 11, 9, 11, 10, 11, 11, 9, 11, 11, 10, 11, 11, 10, 11, 10, 11, 10, 11, 11, 11, 9, 11, 11, 11, 11, 10, 11, 11, 11, 11, 10, 11, 10, 10, 11, 10, 11, 11, 10, 10, 11, 10] 
dagD28.txt 1234x3.txt True 0.39790575916230364 0.4 205.0 [9, 9, 9, 3, 3, 9, 9, 3, 9, 9, 3, 9, 9, 3, 9, 3, 11, 3, 9, 9, 11, 9, 3, 11, 9, 11, 10, 11, 11, 9, 11, 11, 10, 11, 11, 10, 11, 10, 11, 10, 11, 11, 11, 9, 11, 11, 11, 11, 10, 11, 11, 11, 11, 10, 11, 10, 10, 11, 10, 11, 11, 10, 10, 11, 10] 
dagD28.txt 1234x3.txt True 0.44502617801047123 0.45 378.0 [4, 4, 4, 4, 8, 8, 4, 7, 4, 4, 7, 7, 4, 4, 4, 8, 4, 8, 4, 8, 0, 11, 3, 8, 4, 10, 10, 10, 10, 4, 11, 10, 10, 11, 7, 11, 11, 11, 10, 11, 10, 10, 0, 10, 11, 11, 10, 10, 10, 11, 10, 10, 11, 9, 11, 11, 11, 11, 11, 10, 11, 11, 9, 10, 11] 
dagD28.txt 1234x3.txt True 0.4869109947643979 0.5 141.33333333333334 [4, 4, 3, 3, 3, 8, 4, 3, 4, 3, 7, 7, 4, 3, 4, 8, 4, 3, 3, 8, 0, 11, 3, 8, 3, 10, 10, 10, 10, 11, 11, 10, 10, 11, 7, 11, 11, 11, 10, 11, 10, 10, 0, 10, 11, 11, 10, 10, 10, 11, 10, 10, 11, 9, 11, 11, 11, 11, 11, 10, 11, 11, 9, 10, 11] 
dagD28.txt 1234x3.txt True 0.5497382198952879 0.55 180.0 [1, 1, 2, 1, 1, 4, 1, 1, 2, 1, 0, 2, 2, 2, 1, 5, 8, 5, 1, 4, 3, 2, 2, 4, 2, 8, 7, 8, 3, 2, 9, 8, 2, 11, 0, 10, 11, 10, 8, 10, 8, 6, 3, 11, 11, 11, 6, 7, 8, 11, 8, 8, 11, 10, 11, 10, 11, 11, 11, 8, 9, 10, 10, 7, 11] 
dagD28.txt 1234x3.txt True 0.5968586387434555 0.6 111.0 [1, 1, 2, 1, 5, 5, 1, 1, 2, 4, 9, 0, 2, 2, 1, 5, 0, 5, 1, 5, 3, 2, 7, 3, 4, 11, 11, 10, 10, 2, 9, 10, 7, 8, 0, 6, 7, 8, 10, 6, 10, 11, 3, 3, 9, 9, 11, 11, 10, 7, 10, 10, 9, 6, 8, 8, 8, 7, 7, 10, 9, 6, 6, 11, 8] 
dagD28.txt 1234x3.txt True 0.643979057591623 0.65 117.0 [4, 5, 2, 5, 3, 3, 5, 3, 4, 5, 1, 2, 2, 4, 5, 6, 2, 6, 5, 3, 10, 2, 3, 7, 4, 0, 7, 0, 8, 2, 1, 7, 7, 11, 2, 8, 10, 6, 8, 9, 0, 0, 9, 11, 11, 11, 3, 7, 7, 10, 7, 0, 11, 9, 10, 6, 11, 7, 10, 7, 1, 6, 9, 8, 11] 
dagD28.txt 1234x3.txt True 0.6858638743455497 0.7 80.5 [4, 5, 2, 5, 7, 3, 5, 3, 4, 5, 1, 2, 2, 3, 5, 6, 2, 6, 5, 3, 10, 2, 7, 7, 4, 0, 7, 7, 3, 2, 1, 7, 7, 11, 2, 8, 10, 6, 8, 9, 0, 0, 9, 11, 11, 11, 3, 3, 7, 10, 7, 3, 11, 9, 10, 6, 11, 7, 10, 7, 1, 6, 9, 8, 11] 
dagD28.txt 1234x3.txt True 0.7068062827225131 0.75 68.0 [4, 5, 2, 7, 11, 3, 5, 3, 4, 5, 1, 2, 2, 3, 5, 6, 2, 6, 5, 3, 10, 2, 10, 7, 6, 0, 7, 7, 3, 2, 1, 7, 7, 11, 2, 8, 10, 6, 8, 9, 0, 0, 9, 11, 11, 11, 3, 11, 7, 10, 7, 3, 11, 9, 10, 6, 11, 7, 10, 7, 1, 6, 9, 8, 11] 
dagD28.txt 1234x3.txt True 0.7068062827225131 0.8 68.0 [4, 5, 2, 7, 11, 3, 5, 3, 4, 5, 1, 2, 2, 3, 5, 6, 2, 6, 5, 3, 10, 2, 10, 7, 6, 0, 7, 7, 3, 2, 1, 7, 7, 11, 2, 8, 10, 6, 8, 9, 0, 0, 9, 11, 11, 11, 3, 11, 7, 10, 7, 3, 11, 9, 10, 6, 11, 7, 10, 7, 1, 6, 9, 8, 11] 
dagD28.txt 1234x3.txt True 0.7068062827225131 0.85 68.0 [4, 5, 2, 7, 11, 3, 5, 3, 4, 5, 1, 2, 2, 3, 5, 6, 2, 6, 5, 3, 10, 2, 10, 7, 6, 0, 7, 7, 3, 2, 1, 7, 7, 11, 2, 8, 10, 6, 8, 9, 0, 0, 9, 11, 11, 11, 3, 11, 7, 10, 7, 3, 11, 9, 10, 6, 11, 7, 10, 7, 1, 6, 9, 8, 11] 
dagD28.txt 1234x3.txt True 0.7068062827225131 0.9 68.0 [4, 5, 2, 7, 11, 3, 5, 3, 4, 5, 1, 2, 2, 3, 5, 6, 2, 6, 5, 3, 10, 2, 10, 7, 6, 0, 7, 7, 3, 2, 1, 7, 7, 11, 2, 8, 10, 6, 8, 9, 0, 0, 9, 11, 11, 11, 3, 11, 7, 10, 7, 3, 11, 9, 10, 6, 11, 7, 10, 7, 1, 6, 9, 8, 11] 
dagD28.txt 1234x3.txt True 0.7068062827225131 0.95 68.0 [4, 5, 2, 7, 11, 3, 5, 3, 4, 5, 1, 2, 2, 3, 5, 6, 2, 6, 5, 3, 10, 2, 10, 7, 6, 0, 7, 7, 3, 2, 1, 7, 7, 11, 2, 8, 10, 6, 8, 9, 0, 0, 9, 11, 11, 11, 3, 11, 7, 10, 7, 3, 11, 9, 10, 6, 11, 7, 10, 7, 1, 6, 9, 8, 11] 
dagD28.txt 1234x3.txt True 0.7068062827225131 1 68.0 [4, 5, 2, 7, 11, 3, 5, 3, 4, 5, 1, 2, 2, 3, 5, 6, 2, 6, 5, 3, 10, 2, 10, 7, 6, 0, 7, 7, 3, 2, 1, 7, 7, 11, 2, 8, 10, 6, 8, 9, 0, 0, 9, 11, 11, 11, 3, 11, 7, 10, 7, 3, 11, 9, 10, 6, 11, 7, 10, 7, 1, 6, 9, 8, 11] 
dagD28.txt 1_4x1.txt True 0.05759162303664921 0.07 435.25 [1, 1, 1, 1, 1, 1, 1, 1, 1, 1, 1, 1, 1, 1, 1, 1, 1, 1, 1, 1, 0, 1, 1, 1, 1, 1, 1, 1, 1, 1, 1, 1, 1, 1, 1, 1, 1, 1, 1, 1, 1, 0, 1, 1, 1, 1, 0, 1, 1, 1, 1, 1, 1, 1, 1, 1, 1, 1, 1, 1, 1, 1, 1, 1, 1] 
dagD28.txt 1_4x1.txt True 0.05759162303664921 0.08 435.25 [1, 1, 1, 1, 1, 1, 1, 1, 1, 1, 1, 1, 1, 1, 1, 1, 1, 1, 1, 1, 0, 1, 1, 1, 1, 1, 1, 1, 1, 1, 1, 1, 1, 1, 1, 1, 1, 1, 1, 1, 1, 0, 1, 1, 1, 1, 0, 1, 1, 1, 1, 1, 1, 1, 1, 1, 1, 1, 1, 1, 1, 1, 1, 1, 1] 
dagD28.txt 1_4x1.txt True 0.05759162303664921 0.09 435.25 [1, 1, 1, 1, 1, 1, 1, 1, 1, 1, 1, 1, 1, 1, 1, 1, 1, 1, 1, 1, 0, 1, 1, 1, 1, 1, 1, 1, 1, 1, 1, 1, 1, 1, 1, 1, 1, 1, 1, 1, 1, 0, 1, 1, 1, 1, 0, 1, 1, 1, 1, 1, 1, 1, 1, 1, 1, 1, 1, 1, 1, 1, 1, 1, 1] 
dagD28.txt 1_4x1.txt True 0.09947643979057591 0.1 411.5 [1, 1, 1, 1, 1, 1, 1, 1, 1, 1, 1, 1, 1, 1, 1, 1, 1, 0, 1, 1, 0, 1, 1, 1, 1, 1, 1, 1, 1, 1, 1, 1, 1, 1, 1, 1, 1, 1, 1, 1, 1, 0, 0, 1, 1, 1, 0, 1, 1, 1, 1, 1, 1, 1, 1, 1, 1, 1, 1, 1, 1, 1, 1, 1, 1] 
dagD28.txt 1_4x1.txt True 0.09947643979057591 0.11 411.5 [1, 1, 1, 1, 1, 1, 1, 1, 1, 1, 1, 1, 1, 1, 1, 1, 1, 0, 1, 1, 0, 1, 1, 1, 1, 1, 1, 1, 1, 1, 1, 1, 1, 1, 1, 1, 1, 1, 1, 1, 1, 0, 0, 1, 1, 1, 0, 1, 1, 1, 1, 1, 1, 1, 1, 1, 1, 1, 1, 1, 1, 1, 1, 1, 1] 
dagD28.txt 1_4x1.txt True 0.09947643979057591 0.12 411.5 [1, 1, 1, 1, 1, 1, 1, 1, 1, 1, 1, 1, 1, 1, 1, 1, 1, 0, 1, 1, 0, 1, 1, 1, 1, 1, 1, 1, 1, 1, 1, 1, 1, 1, 1, 1, 1, 1, 1, 1, 1, 0, 0, 1, 1, 1, 0, 1, 1, 1, 1, 1, 1, 1, 1, 1, 1, 1, 1, 1, 1, 1, 1, 1, 1] 
dagD28.txt 1_4x1.txt True 0.09947643979057591 0.13 411.5 [1, 1, 1, 1, 1, 1, 1, 1, 1, 1, 1, 1, 1, 1, 1, 1, 1, 0, 1, 1, 0, 1, 1, 1, 1, 1, 1, 1, 1, 1, 1, 1, 1, 1, 1, 1, 1, 1, 1, 1, 1, 0, 0, 1, 1, 1, 0, 1, 1, 1, 1, 1, 1, 1, 1, 1, 1, 1, 1, 1, 1, 1, 1, 1, 1] 
dagD28.txt 1_4x1.txt True 0.09947643979057591 0.14 411.5 [1, 1, 1, 1, 1, 1, 1, 1, 1, 1, 1, 1, 1, 1, 1, 1, 1, 0, 1, 1, 0, 1, 1, 1, 1, 1, 1, 1, 1, 1, 1, 1, 1, 1, 1, 1, 1, 1, 1, 1, 1, 0, 0, 1, 1, 1, 0, 1, 1, 1, 1, 1, 1, 1, 1, 1, 1, 1, 1, 1, 1, 1, 1, 1, 1] 
dagD28.txt 1_4x1.txt True 0.14659685863874344 0.15 564.0 [0, 0, 0, 0, 0, 0, 0, 0, 0, 0, 1, 0, 1, 0, 0, 0, 1, 1, 0, 0, 1, 1, 0, 1, 0, 1, 1, 1, 1, 1, 1, 1, 1, 1, 1, 1, 1, 1, 1, 1, 1, 1, 1, 1, 1, 1, 1, 1, 1, 1, 1, 1, 1, 1, 1, 1, 1, 1, 1, 1, 1, 1, 1, 1, 1] 
dagD28.txt 1_4x1.txt True 0.15706806282722513 0.16 612.0 [0, 0, 0, 0, 0, 0, 0, 0, 0, 0, 1, 0, 1, 0, 0, 0, 0, 1, 0, 0, 1, 1, 0, 0, 0, 1, 1, 1, 1, 1, 1, 1, 1, 1, 1, 1, 1, 1, 1, 1, 1, 1, 1, 1, 1, 1, 1, 1, 1, 1, 1, 1, 1, 1, 1, 1, 1, 1, 1, 1, 1, 1, 1, 1, 1] 
dagD28.txt 1_4x1.txt True 0.16753926701570682 0.17 688.0 [0, 0, 0, 0, 0, 0, 0, 0, 0, 0, 0, 0, 1, 0, 0, 0, 0, 1, 0, 0, 1, 1, 0, 0, 0, 1, 1, 0, 1, 1, 1, 1, 1, 1, 1, 1, 1, 1, 1, 1, 1, 1, 1, 1, 1, 1, 1, 1, 1, 1, 1, 1, 1, 1, 1, 1, 1, 1, 1, 1, 1, 1, 1, 1, 1] 
dagD28.txt 1_4x1.txt True 0.17801047120418848 0.18 757.0 [0, 0, 0, 0, 0, 0, 0, 0, 0, 0, 0, 0, 0, 0, 0, 0, 0, 1, 0, 0, 1, 1, 0, 0, 0, 1, 1, 1, 1, 0, 1, 1, 1, 1, 0, 1, 1, 1, 1, 1, 1, 1, 1, 1, 1, 1, 1, 1, 1, 1, 1, 1, 1, 1, 1, 1, 1, 1, 1, 1, 1, 1, 1, 1, 1] 
dagD28.txt 1_4x1.txt True 0.18324607329842932 0.19 769.0 [0, 0, 0, 0, 0, 0, 0, 0, 0, 0, 0, 0, 0, 0, 0, 0, 0, 1, 0, 0, 1, 0, 0, 0, 0, 1, 1, 1, 1, 0, 1, 1, 1, 1, 0, 1, 1, 1, 1, 1, 1, 1, 1, 1, 1, 1, 1, 1, 1, 1, 1, 1, 1, 1, 1, 1, 1, 1, 1, 1, 1, 1, 1, 1, 1] 
dagD28.txt 1_4x1.txt True 0.19895287958115182 0.2 877.0 [0, 0, 0, 0, 0, 0, 0, 0, 0, 0, 0, 0, 0, 0, 0, 0, 0, 0, 0, 0, 1, 1, 0, 0, 0, 0, 1, 1, 1, 0, 1, 0, 1, 1, 0, 1, 1, 1, 1, 1, 1, 1, 0, 1, 1, 1, 1, 1, 1, 1, 1, 1, 1, 1, 1, 1, 1, 1, 1, 1, 1, 1, 1, 1, 1] 
dagD28.txt 1_4x1.txt True 0.2094240837696335 0.25 782.0 [0, 0, 0, 0, 0, 0, 0, 0, 0, 0, 0, 0, 0, 0, 0, 0, 0, 1, 0, 0, 1, 1, 0, 0, 0, 0, 1, 1, 1, 0, 1, 0, 1, 1, 0, 1, 1, 1, 1, 1, 1, 1, 1, 1, 1, 1, 1, 1, 1, 1, 1, 1, 1, 1, 1, 1, 1, 1, 1, 1, 1, 1, 1, 1, 1] 
dagD28.txt 1_4x1.txt True 0.27225130890052357 0.3 375.0 [0, 0, 0, 1, 1, 0, 0, 1, 0, 0, 1, 0, 0, 1, 0, 1, 0, 1, 0, 1, 1, 1, 1, 0, 1, 0, 1, 1, 1, 0, 1, 0, 1, 1, 1, 1, 1, 1, 1, 1, 1, 1, 1, 1, 1, 1, 1, 1, 1, 1, 1, 1, 1, 1, 1, 1, 1, 1, 1, 1, 1, 1, 1, 1, 1] 
dagD28.txt 1_4x1.txt True 0.27225130890052357 0.35 375.0 [0, 0, 0, 1, 1, 0, 0, 1, 0, 0, 1, 0, 0, 1, 0, 1, 0, 1, 0, 1, 1, 1, 1, 0, 1, 0, 1, 1, 1, 0, 1, 0, 1, 1, 1, 1, 1, 1, 1, 1, 1, 1, 1, 1, 1, 1, 1, 1, 1, 1, 1, 1, 1, 1, 1, 1, 1, 1, 1, 1, 1, 1, 1, 1, 1] 
dagD28.txt 1_4x1.txt True 0.27225130890052357 0.4 375.0 [0, 0, 0, 1, 1, 0, 0, 1, 0, 0, 1, 0, 0, 1, 0, 1, 0, 1, 0, 1, 1, 1, 1, 0, 1, 0, 1, 1, 1, 0, 1, 0, 1, 1, 1, 1, 1, 1, 1, 1, 1, 1, 1, 1, 1, 1, 1, 1, 1, 1, 1, 1, 1, 1, 1, 1, 1, 1, 1, 1, 1, 1, 1, 1, 1] 
dagD28.txt 1_4x1.txt True 0.27225130890052357 0.45 375.0 [0, 0, 0, 1, 1, 0, 0, 1, 0, 0, 1, 0, 0, 1, 0, 1, 0, 1, 0, 1, 1, 1, 1, 0, 1, 0, 1, 1, 1, 0, 1, 0, 1, 1, 1, 1, 1, 1, 1, 1, 1, 1, 1, 1, 1, 1, 1, 1, 1, 1, 1, 1, 1, 1, 1, 1, 1, 1, 1, 1, 1, 1, 1, 1, 1] 
dagD28.txt 1_4x1.txt True 0.27225130890052357 0.5 375.0 [0, 0, 0, 1, 1, 0, 0, 1, 0, 0, 1, 0, 0, 1, 0, 1, 0, 1, 0, 1, 1, 1, 1, 0, 1, 0, 1, 1, 1, 0, 1, 0, 1, 1, 1, 1, 1, 1, 1, 1, 1, 1, 1, 1, 1, 1, 1, 1, 1, 1, 1, 1, 1, 1, 1, 1, 1, 1, 1, 1, 1, 1, 1, 1, 1] 
dagD28.txt 1_4x1.txt True 0.27225130890052357 0.55 375.0 [0, 0, 0, 1, 1, 0, 0, 1, 0, 0, 1, 0, 0, 1, 0, 1, 0, 1, 0, 1, 1, 1, 1, 0, 1, 0, 1, 1, 1, 0, 1, 0, 1, 1, 1, 1, 1, 1, 1, 1, 1, 1, 1, 1, 1, 1, 1, 1, 1, 1, 1, 1, 1, 1, 1, 1, 1, 1, 1, 1, 1, 1, 1, 1, 1] 
dagD28.txt 1_4x1.txt True 0.27225130890052357 0.6 375.0 [0, 0, 0, 1, 1, 0, 0, 1, 0, 0, 1, 0, 0, 1, 0, 1, 0, 1, 0, 1, 1, 1, 1, 0, 1, 0, 1, 1, 1, 0, 1, 0, 1, 1, 1, 1, 1, 1, 1, 1, 1, 1, 1, 1, 1, 1, 1, 1, 1, 1, 1, 1, 1, 1, 1, 1, 1, 1, 1, 1, 1, 1, 1, 1, 1] 
dagD28.txt 1_4x1.txt True 0.27225130890052357 0.65 375.0 [0, 0, 0, 1, 1, 0, 0, 1, 0, 0, 1, 0, 0, 1, 0, 1, 0, 1, 0, 1, 1, 1, 1, 0, 1, 0, 1, 1, 1, 0, 1, 0, 1, 1, 1, 1, 1, 1, 1, 1, 1, 1, 1, 1, 1, 1, 1, 1, 1, 1, 1, 1, 1, 1, 1, 1, 1, 1, 1, 1, 1, 1, 1, 1, 1] 
dagD28.txt 1_4x1.txt True 0.27225130890052357 0.7 375.0 [0, 0, 0, 1, 1, 0, 0, 1, 0, 0, 1, 0, 0, 1, 0, 1, 0, 1, 0, 1, 1, 1, 1, 0, 1, 0, 1, 1, 1, 0, 1, 0, 1, 1, 1, 1, 1, 1, 1, 1, 1, 1, 1, 1, 1, 1, 1, 1, 1, 1, 1, 1, 1, 1, 1, 1, 1, 1, 1, 1, 1, 1, 1, 1, 1] 
dagD28.txt 1_4x1.txt True 0.27225130890052357 0.75 375.0 [0, 0, 0, 1, 1, 0, 0, 1, 0, 0, 1, 0, 0, 1, 0, 1, 0, 1, 0, 1, 1, 1, 1, 0, 1, 0, 1, 1, 1, 0, 1, 0, 1, 1, 1, 1, 1, 1, 1, 1, 1, 1, 1, 1, 1, 1, 1, 1, 1, 1, 1, 1, 1, 1, 1, 1, 1, 1, 1, 1, 1, 1, 1, 1, 1] 
dagD28.txt 1_4x1.txt True 0.27225130890052357 0.8 375.0 [0, 0, 0, 1, 1, 0, 0, 1, 0, 0, 1, 0, 0, 1, 0, 1, 0, 1, 0, 1, 1, 1, 1, 0, 1, 0, 1, 1, 1, 0, 1, 0, 1, 1, 1, 1, 1, 1, 1, 1, 1, 1, 1, 1, 1, 1, 1, 1, 1, 1, 1, 1, 1, 1, 1, 1, 1, 1, 1, 1, 1, 1, 1, 1, 1] 
dagD28.txt 1_4x1.txt True 0.27225130890052357 0.85 375.0 [0, 0, 0, 1, 1, 0, 0, 1, 0, 0, 1, 0, 0, 1, 0, 1, 0, 1, 0, 1, 1, 1, 1, 0, 1, 0, 1, 1, 1, 0, 1, 0, 1, 1, 1, 1, 1, 1, 1, 1, 1, 1, 1, 1, 1, 1, 1, 1, 1, 1, 1, 1, 1, 1, 1, 1, 1, 1, 1, 1, 1, 1, 1, 1, 1] 
dagD28.txt 1_4x1.txt True 0.27225130890052357 0.9 375.0 [0, 0, 0, 1, 1, 0, 0, 1, 0, 0, 1, 0, 0, 1, 0, 1, 0, 1, 0, 1, 1, 1, 1, 0, 1, 0, 1, 1, 1, 0, 1, 0, 1, 1, 1, 1, 1, 1, 1, 1, 1, 1, 1, 1, 1, 1, 1, 1, 1, 1, 1, 1, 1, 1, 1, 1, 1, 1, 1, 1, 1, 1, 1, 1, 1] 
dagD28.txt 1_4x1.txt True 0.27225130890052357 0.95 375.0 [0, 0, 0, 1, 1, 0, 0, 1, 0, 0, 1, 0, 0, 1, 0, 1, 0, 1, 0, 1, 1, 1, 1, 0, 1, 0, 1, 1, 1, 0, 1, 0, 1, 1, 1, 1, 1, 1, 1, 1, 1, 1, 1, 1, 1, 1, 1, 1, 1, 1, 1, 1, 1, 1, 1, 1, 1, 1, 1, 1, 1, 1, 1, 1, 1] 
dagD28.txt 1_4x1.txt True 0.27225130890052357 1 375.0 [0, 0, 0, 1, 1, 0, 0, 1, 0, 0, 1, 0, 0, 1, 0, 1, 0, 1, 0, 1, 1, 1, 1, 0, 1, 0, 1, 1, 1, 0, 1, 0, 1, 1, 1, 1, 1, 1, 1, 1, 1, 1, 1, 1, 1, 1, 1, 1, 1, 1, 1, 1, 1, 1, 1, 1, 1, 1, 1, 1, 1, 1, 1, 1, 1] 
dagD28.txt 3_2x2.txt True 0.05759162303664921 0.07 871.0 [3, 3, 3, 3, 3, 3, 3, 3, 3, 3, 3, 3, 3, 3, 3, 3, 3, 3, 3, 3, 0, 3, 3, 3, 3, 3, 3, 3, 3, 3, 3, 3, 3, 3, 3, 3, 3, 3, 3, 3, 3, 3, 3, 3, 3, 3, 3, 3, 3, 3, 3, 3, 3, 3, 3, 3, 2, 3, 3, 3, 2, 3, 3, 3, 3] 
dagD28.txt 3_2x2.txt True 0.05759162303664921 0.08 871.0 [3, 3, 3, 3, 3, 3, 3, 3, 3, 3, 3, 3, 3, 3, 3, 3, 3, 3, 3, 3, 0, 3, 3, 3, 3, 3, 3, 3, 3, 3, 3, 3, 3, 3, 3, 3, 3, 3, 3, 3, 3, 3, 3, 3, 3, 3, 3, 3, 3, 3, 3, 3, 3, 3, 3, 3, 2, 3, 3, 3, 2, 3, 3, 3, 3] 
dagD28.txt 3_2x2.txt True 0.05759162303664921 0.09 871.0 [3, 3, 3, 3, 3, 3, 3, 3, 3, 3, 3, 3, 3, 3, 3, 3, 3, 3, 3, 3, 0, 3, 3, 3, 3, 3, 3, 3, 3, 3, 3, 3, 3, 3, 3, 3, 3, 3, 3, 3, 3, 3, 3, 3, 3, 3, 3, 3, 3, 3, 3, 3, 3, 3, 3, 3, 2, 3, 3, 3, 2, 3, 3, 3, 3] 
dagD28.txt 3_2x2.txt True 0.09947643979057591 0.1 823.5 [3, 3, 3, 3, 3, 3, 3, 3, 3, 3, 3, 3, 3, 3, 3, 3, 3, 0, 3, 3, 0, 3, 3, 3, 3, 3, 3, 3, 3, 3, 3, 3, 3, 3, 3, 3, 3, 3, 3, 3, 3, 3, 0, 3, 3, 3, 3, 3, 3, 3, 3, 3, 3, 3, 3, 3, 2, 3, 3, 3, 2, 3, 3, 3, 3] 
dagD28.txt 3_2x2.txt True 0.09947643979057591 0.11 823.5 [3, 3, 3, 3, 3, 3, 3, 3, 3, 3, 3, 3, 3, 3, 3, 3, 3, 0, 3, 3, 0, 3, 3, 3, 3, 3, 3, 3, 3, 3, 3, 3, 3, 3, 3, 3, 3, 3, 3, 3, 3, 3, 0, 3, 3, 3, 3, 3, 3, 3, 3, 3, 3, 3, 3, 3, 2, 3, 3, 3, 2, 3, 3, 3, 3] 
dagD28.txt 3_2x2.txt True 0.09947643979057591 0.12 823.5 [3, 3, 3, 3, 3, 3, 3, 3, 3, 3, 3, 3, 3, 3, 3, 3, 3, 0, 3, 3, 0, 3, 3, 3, 3, 3, 3, 3, 3, 3, 3, 3, 3, 3, 3, 3, 3, 3, 3, 3, 3, 3, 0, 3, 3, 3, 3, 3, 3, 3, 3, 3, 3, 3, 3, 3, 2, 3, 3, 3, 2, 3, 3, 3, 3] 
dagD28.txt 3_2x2.txt True 0.09947643979057591 0.13 823.5 [3, 3, 3, 3, 3, 3, 3, 3, 3, 3, 3, 3, 3, 3, 3, 3, 3, 0, 3, 3, 0, 3, 3, 3, 3, 3, 3, 3, 3, 3, 3, 3, 3, 3, 3, 3, 3, 3, 3, 3, 3, 3, 0, 3, 3, 3, 3, 3, 3, 3, 3, 3, 3, 3, 3, 3, 2, 3, 3, 3, 2, 3, 3, 3, 3] 
dagD28.txt 3_2x2.txt True 0.09947643979057591 0.14 823.5 [3, 3, 3, 3, 3, 3, 3, 3, 3, 3, 3, 3, 3, 3, 3, 3, 3, 0, 3, 3, 0, 3, 3, 3, 3, 3, 3, 3, 3, 3, 3, 3, 3, 3, 3, 3, 3, 3, 3, 3, 3, 3, 0, 3, 3, 3, 3, 3, 3, 3, 3, 3, 3, 3, 3, 3, 2, 3, 3, 3, 2, 3, 3, 3, 3] 
dagD28.txt 3_2x2.txt True 0.14136125654450263 0.15 800.5 [3, 3, 3, 3, 0, 3, 3, 3, 3, 3, 3, 3, 3, 3, 3, 3, 3, 0, 3, 3, 0, 3, 3, 3, 3, 3, 3, 3, 3, 3, 3, 3, 3, 3, 3, 3, 3, 3, 3, 3, 3, 3, 0, 3, 3, 3, 3, 3, 3, 3, 3, 3, 3, 3, 3, 3, 2, 3, 3, 3, 2, 3, 3, 3, 3] 
dagD28.txt 3_2x2.txt True 0.1518324607329843 0.16 705.5 [3, 3, 3, 3, 3, 3, 3, 3, 3, 3, 3, 3, 3, 3, 3, 1, 3, 3, 3, 3, 1, 3, 3, 1, 3, 3, 3, 3, 3, 3, 3, 3, 3, 3, 3, 3, 3, 2, 3, 2, 3, 3, 1, 3, 3, 3, 3, 3, 3, 2, 3, 3, 3, 2, 2, 2, 2, 3, 2, 3, 3, 2, 2, 3, 3] 
dagD28.txt 3_2x2.txt True 0.1518324607329843 0.17 705.5 [3, 3, 3, 3, 3, 3, 3, 3, 3, 3, 3, 3, 3, 3, 3, 1, 3, 3, 3, 3, 1, 3, 3, 1, 3, 3, 3, 3, 3, 3, 3, 3, 3, 3, 3, 3, 3, 2, 3, 2, 3, 3, 1, 3, 3, 3, 3, 3, 3, 2, 3, 3, 3, 2, 2, 2, 2, 3, 2, 3, 3, 2, 2, 3, 3] 
dagD28.txt 3_2x2.txt True 0.17801047120418848 0.18 681.5 [3, 3, 3, 3, 3, 3, 3, 3, 3, 3, 3, 3, 3, 3, 3, 1, 3, 2, 3, 3, 1, 3, 3, 1, 3, 3, 3, 3, 3, 3, 3, 3, 3, 3, 3, 3, 3, 2, 3, 2, 3, 3, 1, 3, 3, 3, 3, 3, 3, 2, 3, 3, 3, 2, 2, 2, 2, 3, 2, 3, 3, 2, 2, 3, 3] 
dagD28.txt 3_2x2.txt True 0.18324607329842932 0.19 681.5 [3, 3, 3, 3, 3, 3, 3, 3, 3, 3, 3, 3, 3, 3, 3, 1, 3, 0, 3, 3, 1, 3, 3, 1, 3, 3, 3, 3, 3, 3, 3, 3, 3, 3, 3, 3, 3, 2, 3, 2, 3, 3, 1, 3, 3, 3, 3, 3, 3, 2, 3, 3, 3, 2, 2, 2, 2, 3, 2, 3, 3, 2, 2, 3, 3] 
dagD28.txt 3_2x2.txt True 0.18324607329842932 0.2 681.5 [3, 3, 3, 3, 3, 3, 3, 3, 3, 3, 3, 3, 3, 3, 3, 1, 3, 0, 3, 3, 1, 3, 3, 1, 3, 3, 3, 3, 3, 3, 3, 3, 3, 3, 3, 3, 3, 2, 3, 2, 3, 3, 1, 3, 3, 3, 3, 3, 3, 2, 3, 3, 3, 2, 2, 2, 2, 3, 2, 3, 3, 2, 2, 3, 3] 
dagD28.txt 3_2x2.txt True 0.24083769633507854 0.25 635.5 [3, 3, 3, 3, 0, 3, 3, 3, 3, 3, 0, 3, 3, 3, 3, 1, 3, 0, 3, 3, 1, 3, 3, 1, 3, 3, 3, 3, 3, 3, 3, 3, 3, 3, 3, 3, 3, 2, 3, 2, 3, 3, 1, 3, 3, 3, 3, 3, 3, 2, 3, 3, 3, 2, 2, 2, 2, 3, 2, 3, 3, 2, 2, 3, 3] 
dagD28.txt 3_2x2.txt True 0.2931937172774869 0.3 400.0 [1, 1, 1, 1, 1, 1, 1, 1, 1, 1, 0, 3, 0, 1, 1, 1, 1, 3, 1, 1, 2, 0, 1, 1, 3, 3, 3, 0, 3, 0, 0, 3, 3, 3, 3, 3, 2, 3, 3, 2, 0, 3, 2, 3, 3, 3, 3, 3, 3, 2, 3, 3, 3, 2, 3, 3, 3, 3, 2, 3, 0, 3, 2, 3, 3] 
dagD28.txt 3_2x2.txt True 0.34554973821989526 0.35 294.0 [3, 3, 3, 3, 2, 2, 3, 3, 3, 3, 3, 2, 3, 3, 3, 2, 3, 2, 3, 2, 2, 1, 2, 2, 2, 0, 1, 0, 0, 3, 0, 1, 1, 1, 3, 1, 1, 1, 0, 1, 0, 0, 2, 1, 0, 1, 0, 1, 1, 1, 0, 0, 0, 1, 1, 1, 1, 1, 1, 1, 0, 1, 1, 1, 1] 
dagD28.txt 3_2x2.txt True 0.39267015706806285 0.4 214.0 [0, 0, 0, 0, 1, 1, 1, 0, 0, 0, 0, 1, 0, 0, 0, 1, 0, 1, 0, 1, 0, 0, 1, 1, 1, 2, 2, 2, 2, 0, 2, 3, 3, 3, 0, 3, 2, 3, 2, 3, 2, 2, 1, 3, 2, 3, 2, 2, 3, 0, 2, 2, 2, 3, 3, 3, 3, 3, 3, 3, 2, 3, 3, 2, 3] 
dagD28.txt 3_2x2.txt True 0.43455497382198954 0.45 194.33333333333334 [0, 0, 0, 0, 1, 1, 1, 0, 0, 0, 0, 1, 0, 0, 0, 1, 0, 2, 0, 1, 2, 0, 1, 1, 1, 2, 2, 2, 2, 0, 2, 3, 3, 3, 0, 3, 2, 3, 2, 3, 2, 2, 1, 0, 2, 3, 2, 2, 3, 0, 2, 2, 2, 3, 3, 3, 3, 3, 3, 3, 2, 3, 0, 2, 3] 
dagD28.txt 3_2x2.txt True 0.43455497382198954 0.5 194.33333333333334 [0, 0, 0, 0, 1, 1, 1, 0, 0, 0, 0, 1, 0, 0, 0, 1, 0, 2, 0, 1, 2, 0, 1, 1, 1, 2, 2, 2, 2, 0, 2, 3, 3, 3, 0, 3, 2, 3, 2, 3, 2, 2, 1, 0, 2, 3, 2, 2, 3, 0, 2, 2, 2, 3, 3, 3, 3, 3, 3, 3, 2, 3, 0, 2, 3] 
dagD28.txt 3_2x2.txt True 0.43455497382198954 0.55 194.33333333333334 [0, 0, 0, 0, 1, 1, 1, 0, 0, 0, 0, 1, 0, 0, 0, 1, 0, 2, 0, 1, 2, 0, 1, 1, 1, 2, 2, 2, 2, 0, 2, 3, 3, 3, 0, 3, 2, 3, 2, 3, 2, 2, 1, 0, 2, 3, 2, 2, 3, 0, 2, 2, 2, 3, 3, 3, 3, 3, 3, 3, 2, 3, 0, 2, 3] 
dagD28.txt 3_2x2.txt True 0.43455497382198954 0.6 194.33333333333334 [0, 0, 0, 0, 1, 1, 1, 0, 0, 0, 0, 1, 0, 0, 0, 1, 0, 2, 0, 1, 2, 0, 1, 1, 1, 2, 2, 2, 2, 0, 2, 3, 3, 3, 0, 3, 2, 3, 2, 3, 2, 2, 1, 0, 2, 3, 2, 2, 3, 0, 2, 2, 2, 3, 3, 3, 3, 3, 3, 3, 2, 3, 0, 2, 3] 
dagD28.txt 3_2x2.txt True 0.43455497382198954 0.65 194.33333333333334 [0, 0, 0, 0, 1, 1, 1, 0, 0, 0, 0, 1, 0, 0, 0, 1, 0, 2, 0, 1, 2, 0, 1, 1, 1, 2, 2, 2, 2, 0, 2, 3, 3, 3, 0, 3, 2, 3, 2, 3, 2, 2, 1, 0, 2, 3, 2, 2, 3, 0, 2, 2, 2, 3, 3, 3, 3, 3, 3, 3, 2, 3, 0, 2, 3] 
dagD28.txt 3_2x2.txt True 0.43455497382198954 0.7 194.33333333333334 [0, 0, 0, 0, 1, 1, 1, 0, 0, 0, 0, 1, 0, 0, 0, 1, 0, 2, 0, 1, 2, 0, 1, 1, 1, 2, 2, 2, 2, 0, 2, 3, 3, 3, 0, 3, 2, 3, 2, 3, 2, 2, 1, 0, 2, 3, 2, 2, 3, 0, 2, 2, 2, 3, 3, 3, 3, 3, 3, 3, 2, 3, 0, 2, 3] 
dagD28.txt 3_2x2.txt True 0.43455497382198954 0.75 194.33333333333334 [0, 0, 0, 0, 1, 1, 1, 0, 0, 0, 0, 1, 0, 0, 0, 1, 0, 2, 0, 1, 2, 0, 1, 1, 1, 2, 2, 2, 2, 0, 2, 3, 3, 3, 0, 3, 2, 3, 2, 3, 2, 2, 1, 0, 2, 3, 2, 2, 3, 0, 2, 2, 2, 3, 3, 3, 3, 3, 3, 3, 2, 3, 0, 2, 3] 
dagD28.txt 3_2x2.txt True 0.43455497382198954 0.8 194.33333333333334 [0, 0, 0, 0, 1, 1, 1, 0, 0, 0, 0, 1, 0, 0, 0, 1, 0, 2, 0, 1, 2, 0, 1, 1, 1, 2, 2, 2, 2, 0, 2, 3, 3, 3, 0, 3, 2, 3, 2, 3, 2, 2, 1, 0, 2, 3, 2, 2, 3, 0, 2, 2, 2, 3, 3, 3, 3, 3, 3, 3, 2, 3, 0, 2, 3] 
dagD28.txt 3_2x2.txt True 0.43455497382198954 0.85 194.33333333333334 [0, 0, 0, 0, 1, 1, 1, 0, 0, 0, 0, 1, 0, 0, 0, 1, 0, 2, 0, 1, 2, 0, 1, 1, 1, 2, 2, 2, 2, 0, 2, 3, 3, 3, 0, 3, 2, 3, 2, 3, 2, 2, 1, 0, 2, 3, 2, 2, 3, 0, 2, 2, 2, 3, 3, 3, 3, 3, 3, 3, 2, 3, 0, 2, 3] 
dagD28.txt 3_2x2.txt True 0.43455497382198954 0.9 194.33333333333334 [0, 0, 0, 0, 1, 1, 1, 0, 0, 0, 0, 1, 0, 0, 0, 1, 0, 2, 0, 1, 2, 0, 1, 1, 1, 2, 2, 2, 2, 0, 2, 3, 3, 3, 0, 3, 2, 3, 2, 3, 2, 2, 1, 0, 2, 3, 2, 2, 3, 0, 2, 2, 2, 3, 3, 3, 3, 3, 3, 3, 2, 3, 0, 2, 3] 
dagD28.txt 3_2x2.txt True 0.43455497382198954 0.95 194.33333333333334 [0, 0, 0, 0, 1, 1, 1, 0, 0, 0, 0, 1, 0, 0, 0, 1, 0, 2, 0, 1, 2, 0, 1, 1, 1, 2, 2, 2, 2, 0, 2, 3, 3, 3, 0, 3, 2, 3, 2, 3, 2, 2, 1, 0, 2, 3, 2, 2, 3, 0, 2, 2, 2, 3, 3, 3, 3, 3, 3, 3, 2, 3, 0, 2, 3] 
dagD28.txt 3_2x2.txt True 0.43455497382198954 1 194.33333333333334 [0, 0, 0, 0, 1, 1, 1, 0, 0, 0, 0, 1, 0, 0, 0, 1, 0, 2, 0, 1, 2, 0, 1, 1, 1, 2, 2, 2, 2, 0, 2, 3, 3, 3, 0, 3, 2, 3, 2, 3, 2, 2, 1, 0, 2, 3, 2, 2, 3, 0, 2, 2, 2, 3, 3, 3, 3, 3, 3, 3, 2, 3, 0, 2, 3] 
dagD28.txt 1_4x4.txt True 0.031413612565445025 0.07 451.0 [7, 7, 7, 7, 7, 7, 7, 7, 7, 7, 7, 7, 7, 7, 7, 7, 7, 7, 7, 7, 1, 7, 7, 7, 7, 7, 7, 7, 7, 7, 7, 7, 7, 7, 7, 7, 7, 7, 7, 7, 7, 7, 7, 7, 7, 7, 7, 7, 7, 7, 7, 7, 7, 7, 7, 7, 7, 7, 7, 7, 7, 7, 7, 7, 7] 
dagD28.txt 1_4x4.txt True 0.07329842931937172 0.08 427.25 [7, 7, 7, 7, 7, 7, 7, 7, 7, 7, 7, 7, 7, 7, 7, 7, 7, 1, 7, 7, 1, 7, 7, 7, 7, 7, 7, 7, 7, 7, 7, 7, 7, 7, 7, 7, 7, 7, 7, 7, 7, 7, 1, 7, 7, 7, 7, 7, 7, 7, 7, 7, 7, 7, 7, 7, 7, 7, 7, 7, 7, 7, 7, 7, 7] 
dagD28.txt 1_4x4.txt True 0.07329842931937172 0.09 427.25 [7, 7, 7, 7, 7, 7, 7, 7, 7, 7, 7, 7, 7, 7, 7, 7, 7, 1, 7, 7, 1, 7, 7, 7, 7, 7, 7, 7, 7, 7, 7, 7, 7, 7, 7, 7, 7, 7, 7, 7, 7, 7, 1, 7, 7, 7, 7, 7, 7, 7, 7, 7, 7, 7, 7, 7, 7, 7, 7, 7, 7, 7, 7, 7, 7] 
dagD28.txt 1_4x4.txt True 0.07329842931937172 0.1 427.25 [7, 7, 7, 7, 7, 7, 7, 7, 7, 7, 7, 7, 7, 7, 7, 7, 7, 1, 7, 7, 1, 7, 7, 7, 7, 7, 7, 7, 7, 7, 7, 7, 7, 7, 7, 7, 7, 7, 7, 7, 7, 7, 1, 7, 7, 7, 7, 7, 7, 7, 7, 7, 7, 7, 7, 7, 7, 7, 7, 7, 7, 7, 7, 7, 7] 
dagD28.txt 1_4x4.txt True 0.07329842931937172 0.11 427.25 [7, 7, 7, 7, 7, 7, 7, 7, 7, 7, 7, 7, 7, 7, 7, 7, 7, 1, 7, 7, 1, 7, 7, 7, 7, 7, 7, 7, 7, 7, 7, 7, 7, 7, 7, 7, 7, 7, 7, 7, 7, 7, 1, 7, 7, 7, 7, 7, 7, 7, 7, 7, 7, 7, 7, 7, 7, 7, 7, 7, 7, 7, 7, 7, 7] 
dagD28.txt 1_4x4.txt True 0.11518324607329843 0.12 415.75 [7, 7, 7, 7, 1, 7, 7, 7, 7, 7, 7, 7, 7, 7, 7, 7, 7, 1, 7, 7, 1, 7, 7, 7, 7, 7, 7, 7, 7, 7, 7, 7, 7, 7, 7, 7, 7, 7, 7, 7, 7, 7, 1, 7, 7, 7, 7, 7, 7, 7, 7, 7, 7, 7, 7, 7, 7, 7, 7, 7, 7, 7, 7, 7, 7] 
dagD28.txt 1_4x4.txt True 0.11518324607329843 0.13 415.75 [7, 7, 7, 7, 1, 7, 7, 7, 7, 7, 7, 7, 7, 7, 7, 7, 7, 1, 7, 7, 1, 7, 7, 7, 7, 7, 7, 7, 7, 7, 7, 7, 7, 7, 7, 7, 7, 7, 7, 7, 7, 7, 1, 7, 7, 7, 7, 7, 7, 7, 7, 7, 7, 7, 7, 7, 7, 7, 7, 7, 7, 7, 7, 7, 7] 
dagD28.txt 1_4x4.txt True 0.13089005235602094 0.14 404.25 [7, 7, 7, 7, 1, 7, 7, 7, 7, 7, 1, 7, 7, 7, 7, 7, 7, 1, 7, 7, 1, 7, 7, 7, 7, 7, 7, 7, 7, 7, 7, 7, 7, 7, 7, 7, 7, 7, 7, 7, 7, 7, 1, 7, 7, 7, 7, 7, 7, 7, 7, 7, 7, 7, 7, 7, 7, 7, 7, 7, 7, 7, 7, 7, 7] 
dagD28.txt 1_4x4.txt True 0.13089005235602094 0.15 404.25 [7, 7, 7, 7, 1, 7, 7, 7, 7, 7, 1, 7, 7, 7, 7, 7, 7, 1, 7, 7, 1, 7, 7, 7, 7, 7, 7, 7, 7, 7, 7, 7, 7, 7, 7, 7, 7, 7, 7, 7, 7, 7, 1, 7, 7, 7, 7, 7, 7, 7, 7, 7, 7, 7, 7, 7, 7, 7, 7, 7, 7, 7, 7, 7, 7] 
dagD28.txt 1_4x4.txt True 0.13089005235602094 0.16 404.25 [7, 7, 7, 7, 1, 7, 7, 7, 7, 7, 1, 7, 7, 7, 7, 7, 7, 1, 7, 7, 1, 7, 7, 7, 7, 7, 7, 7, 7, 7, 7, 7, 7, 7, 7, 7, 7, 7, 7, 7, 7, 7, 1, 7, 7, 7, 7, 7, 7, 7, 7, 7, 7, 7, 7, 7, 7, 7, 7, 7, 7, 7, 7, 7, 7] 
dagD28.txt 1_4x4.txt True 0.16230366492146597 0.17 392.75 [7, 7, 7, 7, 1, 7, 7, 7, 7, 7, 1, 7, 7, 7, 7, 7, 7, 1, 7, 7, 1, 7, 1, 7, 7, 7, 7, 7, 7, 7, 7, 7, 7, 7, 7, 7, 7, 7, 7, 7, 7, 7, 1, 7, 7, 7, 7, 7, 7, 7, 7, 7, 7, 7, 7, 7, 7, 7, 7, 7, 7, 7, 7, 7, 7] 
dagD28.txt 1_4x4.txt True 0.16230366492146597 0.18 392.75 [7, 7, 7, 7, 1, 7, 7, 7, 7, 7, 1, 7, 7, 7, 7, 7, 7, 1, 7, 7, 1, 7, 1, 7, 7, 7, 7, 7, 7, 7, 7, 7, 7, 7, 7, 7, 7, 7, 7, 7, 7, 7, 1, 7, 7, 7, 7, 7, 7, 7, 7, 7, 7, 7, 7, 7, 7, 7, 7, 7, 7, 7, 7, 7, 7] 
dagD28.txt 1_4x4.txt True 0.16230366492146597 0.19 392.75 [7, 7, 7, 7, 1, 7, 7, 7, 7, 7, 1, 7, 7, 7, 7, 7, 7, 1, 7, 7, 1, 7, 1, 7, 7, 7, 7, 7, 7, 7, 7, 7, 7, 7, 7, 7, 7, 7, 7, 7, 7, 7, 1, 7, 7, 7, 7, 7, 7, 7, 7, 7, 7, 7, 7, 7, 7, 7, 7, 7, 7, 7, 7, 7, 7] 
dagD28.txt 1_4x4.txt True 0.19895287958115182 0.2 404.25 [7, 7, 7, 7, 7, 7, 7, 7, 7, 7, 7, 7, 7, 7, 7, 7, 7, 7, 7, 3, 7, 7, 3, 7, 7, 7, 7, 7, 7, 7, 7, 7, 5, 7, 7, 7, 7, 7, 3, 7, 7, 7, 7, 7, 6, 5, 6, 7, 7, 7, 7, 7, 7, 7, 7, 7, 7, 7, 7, 7, 7, 7, 7, 7, 7] 
dagD28.txt 1_4x4.txt True 0.24083769633507854 0.25 292.5 [3, 3, 7, 3, 3, 3, 3, 3, 3, 7, 3, 7, 7, 5, 3, 3, 7, 7, 3, 3, 7, 7, 3, 3, 7, 7, 7, 5, 7, 3, 7, 7, 7, 7, 7, 7, 7, 7, 6, 7, 7, 7, 3, 7, 7, 7, 7, 7, 7, 7, 7, 6, 7, 7, 7, 7, 7, 7, 7, 7, 7, 7, 7, 7, 7] 
dagD28.txt 1_4x4.txt True 0.2931937172774869 0.3 268.25 [3, 3, 7, 3, 3, 3, 3, 3, 3, 7, 3, 7, 7, 5, 3, 3, 7, 1, 3, 3, 1, 7, 3, 3, 7, 7, 7, 5, 7, 3, 7, 7, 7, 7, 7, 7, 7, 7, 6, 7, 7, 7, 3, 7, 7, 7, 7, 7, 7, 7, 7, 6, 7, 7, 7, 7, 7, 7, 7, 7, 7, 7, 7, 7, 7] 
dagD28.txt 1_4x4.txt True 0.33507853403141363 0.35 185.0 [3, 3, 3, 3, 3, 5, 3, 3, 3, 3, 3, 3, 7, 3, 3, 3, 3, 3, 3, 5, 3, 7, 3, 5, 3, 6, 6, 3, 7, 7, 7, 7, 4, 7, 7, 7, 7, 4, 6, 7, 7, 6, 5, 7, 7, 7, 6, 7, 7, 7, 7, 6, 7, 7, 7, 4, 4, 7, 4, 7, 7, 7, 7, 6, 7] 
dagD28.txt 1_4x4.txt True 0.38219895287958117 0.4 173.5 [3, 3, 3, 3, 3, 5, 3, 3, 3, 3, 3, 3, 7, 3, 3, 3, 3, 3, 3, 5, 1, 7, 3, 5, 3, 6, 6, 3, 7, 7, 7, 7, 4, 7, 7, 7, 7, 4, 6, 7, 7, 6, 5, 7, 7, 7, 1, 1, 7, 7, 7, 6, 7, 7, 7, 4, 4, 7, 4, 7, 7, 7, 7, 6, 7] 
dagD28.txt 1_4x4.txt True 0.44502617801047123 0.45 392.0 [2, 2, 2, 2, 2, 1, 2, 2, 2, 2, 3, 2, 6, 2, 2, 0, 2, 5, 2, 1, 5, 4, 0, 1, 0, 6, 5, 6, 7, 6, 6, 7, 5, 5, 3, 4, 5, 5, 7, 4, 6, 6, 1, 5, 7, 5, 6, 5, 5, 5, 6, 6, 7, 4, 5, 4, 5, 5, 5, 5, 6, 4, 4, 5, 5] 
dagD28.txt 1_4x4.txt True 0.49214659685863876 0.5 228.0 [5, 5, 4, 5, 5, 6, 5, 5, 5, 5, 1, 4, 4, 5, 5, 7, 4, 7, 5, 6, 6, 4, 7, 6, 7, 1, 3, 1, 0, 4, 1, 0, 3, 3, 4, 0, 0, 2, 0, 2, 1, 1, 6, 3, 0, 3, 1, 0, 2, 3, 1, 1, 3, 2, 3, 2, 2, 3, 3, 2, 3, 2, 2, 0, 0] 
dagD28.txt 1_4x4.txt True 0.5497382198952879 0.55 235.0 [2, 1, 0, 1, 2, 2, 1, 1, 1, 1, 0, 0, 0, 1, 1, 3, 0, 3, 2, 2, 3, 0, 2, 3, 2, 6, 7, 6, 7, 0, 5, 4, 4, 5, 0, 7, 5, 4, 7, 4, 6, 6, 3, 4, 7, 5, 6, 7, 4, 5, 6, 6, 6, 4, 5, 4, 5, 5, 5, 6, 5, 4, 4, 7, 7] 
dagD28.txt 1_4x4.txt True 0.5968586387434555 0.6 152.0 [2, 1, 0, 1, 1, 2, 1, 1, 1, 1, 1, 0, 0, 1, 1, 3, 0, 3, 2, 2, 3, 0, 1, 3, 2, 6, 7, 6, 7, 0, 1, 4, 4, 5, 1, 7, 5, 4, 7, 4, 6, 6, 3, 1, 7, 5, 1, 7, 4, 5, 6, 7, 6, 4, 5, 4, 5, 5, 5, 6, 5, 4, 1, 7, 7] 
dagD28.txt 1_4x4.txt True 0.6492146596858639 0.65 143.0 [2, 1, 0, 1, 3, 2, 1, 1, 1, 1, 1, 0, 0, 1, 1, 3, 0, 3, 2, 2, 3, 0, 1, 3, 2, 6, 7, 6, 7, 0, 1, 4, 4, 5, 1, 7, 5, 4, 7, 4, 6, 6, 3, 1, 7, 5, 1, 7, 4, 5, 6, 1, 6, 4, 5, 4, 5, 5, 5, 6, 5, 3, 1, 7, 7] 
dagD28.txt 1_4x4.txt True 0.6858638743455497 0.7 100.0 [2, 1, 0, 1, 3, 2, 1, 5, 1, 1, 3, 0, 0, 1, 1, 3, 0, 7, 2, 3, 7, 0, 3, 3, 5, 6, 7, 3, 7, 1, 5, 4, 4, 5, 7, 7, 5, 4, 7, 4, 6, 6, 3, 1, 7, 5, 1, 7, 4, 5, 6, 1, 6, 3, 5, 4, 5, 5, 5, 6, 5, 3, 1, 7, 7] 
dagD28.txt 1_4x4.txt True 0.7068062827225131 0.75 99.0 [2, 1, 5, 1, 3, 2, 1, 5, 1, 1, 3, 0, 0, 1, 1, 3, 0, 7, 2, 3, 7, 0, 3, 3, 5, 6, 7, 3, 7, 1, 5, 4, 4, 5, 7, 7, 5, 4, 7, 4, 6, 6, 3, 1, 7, 5, 1, 7, 4, 5, 6, 1, 6, 3, 5, 4, 5, 5, 5, 6, 5, 3, 1, 7, 7] 
dagD28.txt 1_4x4.txt True 0.7068062827225131 0.8 99.0 [2, 1, 5, 1, 3, 2, 1, 5, 1, 1, 3, 0, 0, 1, 1, 3, 0, 7, 2, 3, 7, 0, 3, 3, 5, 6, 7, 3, 7, 1, 5, 4, 4, 5, 7, 7, 5, 4, 7, 4, 6, 6, 3, 1, 7, 5, 1, 7, 4, 5, 6, 1, 6, 3, 5, 4, 5, 5, 5, 6, 5, 3, 1, 7, 7] 
dagD28.txt 1_4x4.txt True 0.7068062827225131 0.85 99.0 [2, 1, 5, 1, 3, 2, 1, 5, 1, 1, 3, 0, 0, 1, 1, 3, 0, 7, 2, 3, 7, 0, 3, 3, 5, 6, 7, 3, 7, 1, 5, 4, 4, 5, 7, 7, 5, 4, 7, 4, 6, 6, 3, 1, 7, 5, 1, 7, 4, 5, 6, 1, 6, 3, 5, 4, 5, 5, 5, 6, 5, 3, 1, 7, 7] 
dagD28.txt 1_4x4.txt True 0.7068062827225131 0.9 99.0 [2, 1, 5, 1, 3, 2, 1, 5, 1, 1, 3, 0, 0, 1, 1, 3, 0, 7, 2, 3, 7, 0, 3, 3, 5, 6, 7, 3, 7, 1, 5, 4, 4, 5, 7, 7, 5, 4, 7, 4, 6, 6, 3, 1, 7, 5, 1, 7, 4, 5, 6, 1, 6, 3, 5, 4, 5, 5, 5, 6, 5, 3, 1, 7, 7] 
dagD28.txt 1_4x4.txt True 0.7068062827225131 0.95 99.0 [2, 1, 5, 1, 3, 2, 1, 5, 1, 1, 3, 0, 0, 1, 1, 3, 0, 7, 2, 3, 7, 0, 3, 3, 5, 6, 7, 3, 7, 1, 5, 4, 4, 5, 7, 7, 5, 4, 7, 4, 6, 6, 3, 1, 7, 5, 1, 7, 4, 5, 6, 1, 6, 3, 5, 4, 5, 5, 5, 6, 5, 3, 1, 7, 7] 
dagD28.txt 1_4x4.txt True 0.7068062827225131 1 99.0 [2, 1, 5, 1, 3, 2, 1, 5, 1, 1, 3, 0, 0, 1, 1, 3, 0, 7, 2, 3, 7, 0, 3, 3, 5, 6, 7, 3, 7, 1, 5, 4, 4, 5, 7, 7, 5, 4, 7, 4, 6, 6, 3, 1, 7, 5, 1, 7, 4, 5, 6, 1, 6, 3, 5, 4, 5, 5, 5, 6, 5, 3, 1, 7, 7] 
dagD28.txt 1_4x2.txt True 0.05759162303664921 0.07 435.5 [3, 3, 3, 3, 3, 3, 3, 3, 3, 3, 3, 3, 3, 3, 3, 3, 3, 3, 3, 3, 1, 3, 3, 3, 3, 3, 3, 3, 3, 3, 3, 3, 3, 3, 3, 3, 3, 3, 3, 3, 3, 3, 3, 3, 3, 3, 3, 3, 3, 3, 3, 3, 3, 3, 3, 3, 2, 3, 3, 3, 2, 3, 3, 3, 3] 
dagD28.txt 1_4x2.txt True 0.05759162303664921 0.08 435.5 [3, 3, 3, 3, 3, 3, 3, 3, 3, 3, 3, 3, 3, 3, 3, 3, 3, 3, 3, 3, 1, 3, 3, 3, 3, 3, 3, 3, 3, 3, 3, 3, 3, 3, 3, 3, 3, 3, 3, 3, 3, 3, 3, 3, 3, 3, 3, 3, 3, 3, 3, 3, 3, 3, 3, 3, 2, 3, 3, 3, 2, 3, 3, 3, 3] 
dagD28.txt 1_4x2.txt True 0.05759162303664921 0.09 435.5 [3, 3, 3, 3, 3, 3, 3, 3, 3, 3, 3, 3, 3, 3, 3, 3, 3, 3, 3, 3, 1, 3, 3, 3, 3, 3, 3, 3, 3, 3, 3, 3, 3, 3, 3, 3, 3, 3, 3, 3, 3, 3, 3, 3, 3, 3, 3, 3, 3, 3, 3, 3, 3, 3, 3, 3, 2, 3, 3, 3, 2, 3, 3, 3, 3] 
dagD28.txt 1_4x2.txt True 0.09947643979057591 0.1 411.75 [3, 3, 3, 3, 3, 3, 3, 3, 3, 3, 3, 3, 3, 3, 3, 3, 3, 1, 3, 3, 1, 3, 3, 3, 3, 3, 3, 3, 3, 3, 3, 3, 3, 3, 3, 3, 3, 3, 3, 3, 3, 3, 1, 3, 3, 3, 3, 3, 3, 3, 3, 3, 3, 3, 3, 3, 2, 3, 3, 3, 2, 3, 3, 3, 3] 
dagD28.txt 1_4x2.txt True 0.09947643979057591 0.11 411.75 [3, 3, 3, 3, 3, 3, 3, 3, 3, 3, 3, 3, 3, 3, 3, 3, 3, 1, 3, 3, 1, 3, 3, 3, 3, 3, 3, 3, 3, 3, 3, 3, 3, 3, 3, 3, 3, 3, 3, 3, 3, 3, 1, 3, 3, 3, 3, 3, 3, 3, 3, 3, 3, 3, 3, 3, 2, 3, 3, 3, 2, 3, 3, 3, 3] 
dagD28.txt 1_4x2.txt True 0.09947643979057591 0.12 411.75 [3, 3, 3, 3, 3, 3, 3, 3, 3, 3, 3, 3, 3, 3, 3, 3, 3, 1, 3, 3, 1, 3, 3, 3, 3, 3, 3, 3, 3, 3, 3, 3, 3, 3, 3, 3, 3, 3, 3, 3, 3, 3, 1, 3, 3, 3, 3, 3, 3, 3, 3, 3, 3, 3, 3, 3, 2, 3, 3, 3, 2, 3, 3, 3, 3] 
dagD28.txt 1_4x2.txt True 0.09947643979057591 0.13 411.75 [3, 3, 3, 3, 3, 3, 3, 3, 3, 3, 3, 3, 3, 3, 3, 3, 3, 1, 3, 3, 1, 3, 3, 3, 3, 3, 3, 3, 3, 3, 3, 3, 3, 3, 3, 3, 3, 3, 3, 3, 3, 3, 1, 3, 3, 3, 3, 3, 3, 3, 3, 3, 3, 3, 3, 3, 2, 3, 3, 3, 2, 3, 3, 3, 3] 
dagD28.txt 1_4x2.txt True 0.09947643979057591 0.14 411.75 [3, 3, 3, 3, 3, 3, 3, 3, 3, 3, 3, 3, 3, 3, 3, 3, 3, 1, 3, 3, 1, 3, 3, 3, 3, 3, 3, 3, 3, 3, 3, 3, 3, 3, 3, 3, 3, 3, 3, 3, 3, 3, 1, 3, 3, 3, 3, 3, 3, 3, 3, 3, 3, 3, 3, 3, 2, 3, 3, 3, 2, 3, 3, 3, 3] 
dagD28.txt 1_4x2.txt True 0.14136125654450263 0.15 400.25 [3, 3, 3, 3, 1, 3, 3, 3, 3, 3, 3, 3, 3, 3, 3, 3, 3, 1, 3, 3, 1, 3, 3, 3, 3, 3, 3, 3, 3, 3, 3, 3, 3, 3, 3, 3, 3, 3, 3, 3, 3, 3, 1, 3, 3, 3, 3, 3, 3, 3, 3, 3, 3, 3, 3, 3, 2, 3, 3, 3, 2, 3, 3, 3, 3] 
dagD28.txt 1_4x2.txt True 0.1518324607329843 0.16 352.75 [3, 3, 3, 3, 3, 3, 3, 3, 3, 3, 3, 3, 3, 3, 3, 1, 3, 3, 3, 3, 1, 3, 3, 1, 3, 3, 3, 3, 3, 3, 3, 3, 3, 3, 3, 3, 3, 2, 3, 2, 3, 3, 1, 3, 3, 3, 3, 3, 3, 2, 3, 3, 3, 2, 2, 2, 2, 3, 2, 3, 3, 2, 2, 3, 3] 
dagD28.txt 1_4x2.txt True 0.1518324607329843 0.17 352.75 [3, 3, 3, 3, 3, 3, 3, 3, 3, 3, 3, 3, 3, 3, 3, 1, 3, 3, 3, 3, 1, 3, 3, 1, 3, 3, 3, 3, 3, 3, 3, 3, 3, 3, 3, 3, 3, 2, 3, 2, 3, 3, 1, 3, 3, 3, 3, 3, 3, 2, 3, 3, 3, 2, 2, 2, 2, 3, 2, 3, 3, 2, 2, 3, 3] 
dagD28.txt 1_4x2.txt True 0.17801047120418848 0.18 340.75 [3, 3, 3, 3, 3, 3, 3, 3, 3, 3, 3, 3, 3, 3, 3, 1, 3, 1, 3, 3, 1, 3, 3, 1, 3, 3, 3, 3, 3, 3, 3, 3, 3, 3, 3, 3, 3, 2, 3, 2, 3, 3, 1, 3, 3, 3, 3, 3, 3, 2, 3, 3, 3, 2, 2, 2, 2, 3, 2, 3, 3, 2, 2, 3, 3] 
dagD28.txt 1_4x2.txt True 0.17801047120418848 0.19 340.75 [3, 3, 3, 3, 3, 3, 3, 3, 3, 3, 3, 3, 3, 3, 3, 1, 3, 1, 3, 3, 1, 3, 3, 1, 3, 3, 3, 3, 3, 3, 3, 3, 3, 3, 3, 3, 3, 2, 3, 2, 3, 3, 1, 3, 3, 3, 3, 3, 3, 2, 3, 3, 3, 2, 2, 2, 2, 3, 2, 3, 3, 2, 2, 3, 3] 
dagD28.txt 1_4x2.txt True 0.17801047120418848 0.2 340.75 [3, 3, 3, 3, 3, 3, 3, 3, 3, 3, 3, 3, 3, 3, 3, 1, 3, 1, 3, 3, 1, 3, 3, 1, 3, 3, 3, 3, 3, 3, 3, 3, 3, 3, 3, 3, 3, 2, 3, 2, 3, 3, 1, 3, 3, 3, 3, 3, 3, 2, 3, 3, 3, 2, 2, 2, 2, 3, 2, 3, 3, 2, 2, 3, 3] 
dagD28.txt 1_4x2.txt True 0.24607329842931938 0.25 306.25 [3, 3, 3, 3, 1, 3, 3, 3, 3, 3, 1, 3, 3, 3, 3, 1, 3, 1, 3, 3, 1, 3, 1, 1, 3, 3, 3, 3, 3, 3, 3, 3, 3, 3, 3, 3, 3, 2, 3, 2, 3, 3, 1, 3, 3, 3, 3, 3, 3, 2, 3, 3, 3, 2, 2, 2, 2, 3, 2, 3, 3, 2, 2, 3, 3] 
dagD28.txt 1_4x2.txt True 0.29842931937172773 0.3 195.0 [1, 1, 1, 1, 1, 1, 1, 1, 1, 1, 1, 3, 0, 1, 1, 1, 1, 1, 1, 1, 1, 0, 1, 1, 3, 3, 3, 0, 3, 0, 0, 3, 3, 3, 3, 3, 2, 3, 3, 2, 0, 3, 1, 3, 3, 3, 3, 3, 3, 2, 3, 3, 3, 2, 3, 3, 3, 3, 2, 3, 0, 3, 2, 3, 3] 
dagD28.txt 1_4x2.txt True 0.33507853403141363 0.35 364.0 [3, 3, 3, 3, 2, 2, 3, 3, 3, 3, 3, 2, 3, 3, 3, 2, 3, 1, 3, 2, 1, 1, 2, 2, 2, 0, 1, 0, 0, 3, 0, 1, 1, 1, 3, 1, 1, 1, 0, 1, 0, 0, 2, 1, 0, 1, 0, 1, 1, 1, 0, 0, 0, 1, 1, 1, 1, 1, 1, 1, 0, 1, 1, 1, 1] 
dagD28.txt 1_4x2.txt True 0.39267015706806285 0.4 424.0 [0, 0, 0, 0, 1, 1, 1, 0, 0, 0, 1, 1, 0, 0, 0, 1, 0, 1, 0, 1, 1, 0, 1, 1, 1, 2, 2, 2, 2, 0, 2, 3, 3, 3, 0, 3, 2, 3, 2, 3, 2, 2, 1, 3, 2, 3, 2, 3, 3, 3, 2, 2, 2, 3, 3, 3, 3, 3, 3, 3, 2, 3, 3, 2, 3] 
dagD28.txt 1_4x2.txt True 0.44502617801047123 0.45 418.0 [0, 0, 0, 0, 1, 1, 1, 0, 0, 0, 1, 1, 0, 0, 0, 1, 0, 1, 0, 1, 1, 0, 1, 1, 1, 2, 2, 2, 2, 0, 1, 3, 3, 3, 0, 3, 2, 3, 2, 3, 2, 2, 1, 3, 2, 3, 2, 1, 3, 3, 2, 2, 2, 3, 3, 3, 3, 3, 3, 3, 2, 3, 3, 2, 3] 
dagD28.txt 1_4x2.txt True 0.4973821989528796 0.5 198.75 [0, 0, 0, 1, 1, 1, 1, 1, 0, 1, 1, 1, 0, 1, 0, 1, 0, 3, 0, 1, 3, 0, 1, 1, 1, 2, 3, 2, 1, 3, 1, 3, 3, 3, 1, 3, 2, 3, 2, 3, 2, 2, 3, 3, 1, 3, 1, 1, 3, 3, 2, 3, 2, 3, 3, 3, 3, 3, 3, 3, 1, 3, 3, 2, 3] 
dagD28.txt 1_4x2.txt True 0.5340314136125655 0.55 189.75 [0, 0, 0, 1, 3, 1, 1, 1, 0, 1, 1, 1, 0, 1, 0, 1, 0, 3, 0, 1, 3, 0, 1, 1, 1, 2, 3, 2, 1, 3, 1, 3, 3, 3, 1, 3, 2, 3, 2, 3, 2, 2, 3, 3, 1, 3, 1, 1, 3, 3, 2, 3, 2, 3, 3, 3, 3, 3, 3, 3, 1, 3, 3, 2, 3] 
dagD28.txt 1_4x2.txt True 0.5340314136125655 0.6 189.75 [0, 0, 0, 1, 3, 1, 1, 1, 0, 1, 1, 1, 0, 1, 0, 1, 0, 3, 0, 1, 3, 0, 1, 1, 1, 2, 3, 2, 1, 3, 1, 3, 3, 3, 1, 3, 2, 3, 2, 3, 2, 2, 3, 3, 1, 3, 1, 1, 3, 3, 2, 3, 2, 3, 3, 3, 3, 3, 3, 3, 1, 3, 3, 2, 3] 
dagD28.txt 1_4x2.txt True 0.5340314136125655 0.65 189.75 [0, 0, 0, 1, 3, 1, 1, 1, 0, 1, 1, 1, 0, 1, 0, 1, 0, 3, 0, 1, 3, 0, 1, 1, 1, 2, 3, 2, 1, 3, 1, 3, 3, 3, 1, 3, 2, 3, 2, 3, 2, 2, 3, 3, 1, 3, 1, 1, 3, 3, 2, 3, 2, 3, 3, 3, 3, 3, 3, 3, 1, 3, 3, 2, 3] 
dagD28.txt 1_4x2.txt True 0.5340314136125655 0.7 189.75 [0, 0, 0, 1, 3, 1, 1, 1, 0, 1, 1, 1, 0, 1, 0, 1, 0, 3, 0, 1, 3, 0, 1, 1, 1, 2, 3, 2, 1, 3, 1, 3, 3, 3, 1, 3, 2, 3, 2, 3, 2, 2, 3, 3, 1, 3, 1, 1, 3, 3, 2, 3, 2, 3, 3, 3, 3, 3, 3, 3, 1, 3, 3, 2, 3] 
dagD28.txt 1_4x2.txt True 0.5340314136125655 0.75 189.75 [0, 0, 0, 1, 3, 1, 1, 1, 0, 1, 1, 1, 0, 1, 0, 1, 0, 3, 0, 1, 3, 0, 1, 1, 1, 2, 3, 2, 1, 3, 1, 3, 3, 3, 1, 3, 2, 3, 2, 3, 2, 2, 3, 3, 1, 3, 1, 1, 3, 3, 2, 3, 2, 3, 3, 3, 3, 3, 3, 3, 1, 3, 3, 2, 3] 
dagD28.txt 1_4x2.txt True 0.5340314136125655 0.8 189.75 [0, 0, 0, 1, 3, 1, 1, 1, 0, 1, 1, 1, 0, 1, 0, 1, 0, 3, 0, 1, 3, 0, 1, 1, 1, 2, 3, 2, 1, 3, 1, 3, 3, 3, 1, 3, 2, 3, 2, 3, 2, 2, 3, 3, 1, 3, 1, 1, 3, 3, 2, 3, 2, 3, 3, 3, 3, 3, 3, 3, 1, 3, 3, 2, 3] 
dagD28.txt 1_4x2.txt True 0.5340314136125655 0.85 189.75 [0, 0, 0, 1, 3, 1, 1, 1, 0, 1, 1, 1, 0, 1, 0, 1, 0, 3, 0, 1, 3, 0, 1, 1, 1, 2, 3, 2, 1, 3, 1, 3, 3, 3, 1, 3, 2, 3, 2, 3, 2, 2, 3, 3, 1, 3, 1, 1, 3, 3, 2, 3, 2, 3, 3, 3, 3, 3, 3, 3, 1, 3, 3, 2, 3] 
dagD28.txt 1_4x2.txt True 0.5340314136125655 0.9 189.75 [0, 0, 0, 1, 3, 1, 1, 1, 0, 1, 1, 1, 0, 1, 0, 1, 0, 3, 0, 1, 3, 0, 1, 1, 1, 2, 3, 2, 1, 3, 1, 3, 3, 3, 1, 3, 2, 3, 2, 3, 2, 2, 3, 3, 1, 3, 1, 1, 3, 3, 2, 3, 2, 3, 3, 3, 3, 3, 3, 3, 1, 3, 3, 2, 3] 
dagD28.txt 1_4x2.txt True 0.5340314136125655 0.95 189.75 [0, 0, 0, 1, 3, 1, 1, 1, 0, 1, 1, 1, 0, 1, 0, 1, 0, 3, 0, 1, 3, 0, 1, 1, 1, 2, 3, 2, 1, 3, 1, 3, 3, 3, 1, 3, 2, 3, 2, 3, 2, 2, 3, 3, 1, 3, 1, 1, 3, 3, 2, 3, 2, 3, 3, 3, 3, 3, 3, 3, 1, 3, 3, 2, 3] 
dagD28.txt 1_4x2.txt True 0.5340314136125655 1 189.75 [0, 0, 0, 1, 3, 1, 1, 1, 0, 1, 1, 1, 0, 1, 0, 1, 0, 3, 0, 1, 3, 0, 1, 1, 1, 2, 3, 2, 1, 3, 1, 3, 3, 3, 1, 3, 2, 3, 2, 3, 2, 2, 3, 3, 1, 3, 1, 1, 3, 3, 2, 3, 2, 3, 3, 3, 3, 3, 3, 3, 1, 3, 3, 2, 3] 
dagD28.txt 1_4x3.txt True 0.06806282722513089 0.07 435.25 [5, 5, 5, 5, 5, 5, 5, 5, 5, 5, 5, 5, 5, 5, 5, 5, 5, 5, 5, 5, 5, 5, 5, 5, 5, 5, 5, 5, 5, 5, 5, 5, 5, 5, 5, 5, 5, 5, 5, 5, 5, 5, 5, 5, 5, 5, 5, 5, 5, 5, 5, 5, 5, 5, 5, 5, 4, 5, 5, 3, 4, 5, 3, 5, 5] 
dagD28.txt 1_4x3.txt True 0.06806282722513089 0.08 435.25 [5, 5, 5, 5, 5, 5, 5, 5, 5, 5, 5, 5, 5, 5, 5, 5, 5, 5, 5, 5, 5, 5, 5, 5, 5, 5, 5, 5, 5, 5, 5, 5, 5, 5, 5, 5, 5, 5, 5, 5, 5, 5, 5, 5, 5, 5, 5, 5, 5, 5, 5, 5, 5, 5, 5, 5, 4, 5, 5, 3, 4, 5, 3, 5, 5] 
dagD28.txt 1_4x3.txt True 0.06806282722513089 0.09 435.25 [5, 5, 5, 5, 5, 5, 5, 5, 5, 5, 5, 5, 5, 5, 5, 5, 5, 5, 5, 5, 5, 5, 5, 5, 5, 5, 5, 5, 5, 5, 5, 5, 5, 5, 5, 5, 5, 5, 5, 5, 5, 5, 5, 5, 5, 5, 5, 5, 5, 5, 5, 5, 5, 5, 5, 5, 4, 5, 5, 3, 4, 5, 3, 5, 5] 
dagD28.txt 1_4x3.txt True 0.09424083769633508 0.1 430.75 [5, 5, 5, 5, 5, 5, 5, 5, 5, 5, 5, 5, 5, 5, 5, 5, 5, 5, 5, 5, 5, 5, 5, 5, 5, 5, 5, 5, 5, 5, 5, 5, 5, 5, 5, 5, 5, 5, 5, 4, 5, 5, 5, 5, 5, 5, 5, 5, 5, 5, 5, 5, 5, 5, 5, 5, 4, 5, 5, 3, 4, 5, 3, 5, 5] 
dagD28.txt 1_4x3.txt True 0.09424083769633508 0.11 430.75 [5, 5, 5, 5, 5, 5, 5, 5, 5, 5, 5, 5, 5, 5, 5, 5, 5, 5, 5, 5, 5, 5, 5, 5, 5, 5, 5, 5, 5, 5, 5, 5, 5, 5, 5, 5, 5, 5, 5, 4, 5, 5, 5, 5, 5, 5, 5, 5, 5, 5, 5, 5, 5, 5, 5, 5, 4, 5, 5, 3, 4, 5, 3, 5, 5] 
dagD28.txt 1_4x3.txt True 0.11518324607329843 0.12 418.5 [5, 5, 5, 5, 5, 5, 5, 5, 5, 5, 5, 5, 5, 5, 5, 5, 5, 5, 5, 5, 4, 5, 5, 5, 5, 5, 5, 5, 5, 5, 5, 5, 5, 5, 5, 5, 5, 5, 5, 4, 5, 5, 5, 5, 5, 5, 5, 5, 5, 5, 5, 5, 5, 5, 5, 5, 4, 5, 5, 3, 4, 5, 3, 5, 5] 
dagD28.txt 1_4x3.txt True 0.12041884816753927 0.13 418.5 [5, 5, 5, 5, 5, 5, 5, 5, 5, 5, 5, 5, 5, 5, 5, 5, 5, 5, 5, 5, 1, 5, 5, 5, 5, 5, 5, 5, 5, 5, 5, 5, 5, 5, 5, 5, 5, 5, 5, 4, 5, 5, 5, 5, 5, 5, 5, 5, 5, 5, 5, 5, 5, 5, 5, 5, 4, 5, 5, 3, 4, 5, 3, 5, 5] 
dagD28.txt 1_4x3.txt True 0.13089005235602094 0.14 389.75 [5, 5, 5, 5, 5, 5, 5, 5, 5, 5, 5, 5, 5, 5, 5, 5, 5, 5, 5, 5, 5, 5, 5, 2, 5, 5, 5, 5, 5, 5, 5, 5, 5, 5, 5, 4, 5, 4, 5, 4, 5, 5, 2, 5, 5, 5, 5, 5, 5, 5, 5, 5, 5, 3, 5, 4, 4, 5, 5, 5, 5, 4, 3, 5, 4] 
dagD28.txt 1_4x3.txt True 0.14659685863874344 0.15 377.5 [5, 5, 5, 5, 5, 5, 5, 5, 5, 5, 5, 5, 5, 5, 5, 5, 5, 5, 5, 5, 2, 5, 5, 2, 5, 5, 5, 5, 5, 5, 5, 5, 5, 5, 5, 4, 5, 4, 5, 4, 5, 5, 2, 5, 5, 5, 5, 5, 5, 5, 5, 5, 5, 3, 5, 4, 4, 5, 5, 5, 5, 4, 3, 5, 4] 
dagD28.txt 1_4x3.txt True 0.1518324607329843 0.16 377.5 [5, 5, 5, 5, 5, 5, 5, 5, 5, 5, 5, 5, 5, 5, 5, 5, 5, 5, 5, 5, 1, 5, 5, 2, 5, 5, 5, 5, 5, 5, 5, 5, 5, 5, 5, 4, 5, 4, 5, 4, 5, 5, 2, 5, 5, 5, 5, 5, 5, 5, 5, 5, 5, 3, 5, 4, 4, 5, 5, 5, 5, 4, 3, 5, 4] 
dagD28.txt 1_4x3.txt True 0.1518324607329843 0.17 377.5 [5, 5, 5, 5, 5, 5, 5, 5, 5, 5, 5, 5, 5, 5, 5, 5, 5, 5, 5, 5, 1, 5, 5, 2, 5, 5, 5, 5, 5, 5, 5, 5, 5, 5, 5, 4, 5, 4, 5, 4, 5, 5, 2, 5, 5, 5, 5, 5, 5, 5, 5, 5, 5, 3, 5, 4, 4, 5, 5, 5, 5, 4, 3, 5, 4] 
dagD28.txt 1_4x3.txt True 0.1518324607329843 0.18 377.5 [5, 5, 5, 5, 5, 5, 5, 5, 5, 5, 5, 5, 5, 5, 5, 5, 5, 5, 5, 5, 1, 5, 5, 2, 5, 5, 5, 5, 5, 5, 5, 5, 5, 5, 5, 4, 5, 4, 5, 4, 5, 5, 2, 5, 5, 5, 5, 5, 5, 5, 5, 5, 5, 3, 5, 4, 4, 5, 5, 5, 5, 4, 3, 5, 4] 
dagD28.txt 1_4x3.txt True 0.18848167539267016 0.19 365.5 [5, 5, 5, 5, 5, 5, 5, 5, 5, 5, 5, 5, 5, 5, 5, 5, 5, 1, 5, 5, 1, 5, 5, 2, 5, 5, 5, 5, 5, 5, 5, 5, 5, 5, 5, 4, 5, 4, 5, 4, 5, 5, 2, 5, 5, 5, 5, 5, 5, 5, 5, 5, 5, 3, 5, 4, 4, 5, 5, 5, 5, 4, 3, 5, 4] 
dagD28.txt 1_4x3.txt True 0.18848167539267016 0.2 365.5 [5, 5, 5, 5, 5, 5, 5, 5, 5, 5, 5, 5, 5, 5, 5, 5, 5, 1, 5, 5, 1, 5, 5, 2, 5, 5, 5, 5, 5, 5, 5, 5, 5, 5, 5, 4, 5, 4, 5, 4, 5, 5, 2, 5, 5, 5, 5, 5, 5, 5, 5, 5, 5, 3, 5, 4, 4, 5, 5, 5, 5, 4, 3, 5, 4] 
dagD28.txt 1_4x3.txt True 0.24607329842931938 0.25 342.5 [5, 5, 5, 5, 1, 5, 5, 5, 5, 5, 1, 5, 5, 5, 5, 5, 5, 1, 5, 5, 1, 5, 5, 2, 5, 5, 5, 5, 5, 5, 5, 5, 5, 5, 5, 4, 5, 4, 5, 4, 5, 5, 2, 5, 5, 5, 5, 5, 5, 5, 5, 5, 5, 3, 5, 4, 4, 5, 5, 5, 5, 4, 3, 5, 4] 
dagD28.txt 1_4x3.txt True 0.27225130890052357 0.3 331.0 [5, 5, 5, 5, 1, 5, 5, 5, 5, 5, 1, 5, 5, 5, 5, 5, 5, 1, 5, 5, 1, 5, 1, 2, 5, 5, 5, 5, 5, 5, 5, 5, 5, 5, 5, 4, 5, 4, 5, 4, 5, 5, 2, 5, 5, 5, 5, 5, 5, 5, 5, 5, 5, 3, 5, 4, 4, 5, 5, 5, 5, 4, 3, 5, 4] 
dagD28.txt 1_4x3.txt True 0.3298429319371728 0.35 513.0 [1, 1, 1, 1, 1, 2, 1, 1, 1, 1, 1, 1, 1, 1, 1, 2, 1, 1, 1, 2, 1, 4, 1, 2, 1, 5, 4, 5, 5, 5, 5, 4, 4, 4, 1, 4, 4, 4, 5, 4, 5, 5, 2, 4, 5, 4, 5, 5, 4, 4, 5, 5, 5, 4, 4, 4, 4, 4, 4, 5, 5, 4, 4, 5, 4] 
dagD28.txt 1_4x3.txt True 0.3769633507853403 0.4 394.0 [1, 1, 1, 1, 1, 2, 1, 1, 1, 1, 1, 1, 1, 1, 1, 2, 1, 1, 1, 2, 1, 4, 1, 2, 1, 5, 4, 5, 5, 5, 5, 4, 4, 4, 1, 4, 4, 4, 5, 4, 5, 5, 2, 1, 5, 4, 5, 5, 4, 1, 5, 5, 5, 4, 4, 4, 4, 4, 4, 5, 5, 4, 1, 5, 4] 
dagD28.txt 1_4x3.txt True 0.44502617801047123 0.45 324.0 [2, 2, 1, 2, 2, 0, 2, 2, 2, 2, 1, 1, 1, 2, 2, 0, 1, 0, 2, 0, 0, 4, 1, 0, 1, 3, 4, 3, 3, 1, 5, 4, 4, 5, 1, 4, 5, 4, 3, 4, 3, 3, 0, 4, 5, 5, 3, 3, 4, 5, 3, 3, 5, 4, 5, 4, 5, 4, 5, 3, 5, 4, 4, 3, 5] 
dagD28.txt 1_4x3.txt True 0.4973821989528796 0.5 266.0 [0, 1, 2, 1, 1, 0, 1, 1, 1, 1, 1, 2, 2, 1, 1, 0, 2, 0, 1, 0, 1, 2, 2, 0, 2, 4, 4, 5, 4, 2, 5, 0, 3, 3, 2, 5, 5, 3, 4, 3, 4, 4, 0, 5, 5, 5, 4, 5, 3, 3, 4, 4, 5, 3, 3, 3, 5, 3, 3, 4, 5, 3, 3, 4, 5] 
dagD28.txt 1_4x3.txt True 0.5497382198952879 0.55 150.5 [0, 1, 2, 1, 1, 0, 1, 1, 1, 1, 1, 2, 2, 1, 1, 3, 2, 3, 1, 0, 3, 2, 1, 0, 3, 4, 1, 5, 1, 2, 5, 0, 3, 3, 1, 5, 5, 3, 4, 3, 4, 4, 3, 5, 5, 5, 1, 1, 3, 3, 4, 3, 5, 3, 3, 3, 5, 3, 3, 4, 5, 3, 3, 4, 5] 
dagD28.txt 1_4x3.txt True 0.5863874345549738 0.6 129.75 [0, 1, 2, 1, 5, 0, 1, 1, 1, 1, 5, 2, 2, 1, 1, 3, 2, 3, 1, 0, 5, 2, 5, 0, 3, 4, 1, 5, 1, 1, 5, 0, 3, 3, 1, 5, 5, 3, 4, 3, 4, 4, 3, 5, 5, 5, 1, 1, 3, 3, 4, 3, 5, 3, 3, 3, 5, 3, 3, 4, 5, 3, 3, 4, 5] 
dagD28.txt 1_4x3.txt True 0.5863874345549738 0.65 129.75 [0, 1, 2, 1, 5, 0, 1, 1, 1, 1, 5, 2, 2, 1, 1, 3, 2, 3, 1, 0, 5, 2, 5, 0, 3, 4, 1, 5, 1, 1, 5, 0, 3, 3, 1, 5, 5, 3, 4, 3, 4, 4, 3, 5, 5, 5, 1, 1, 3, 3, 4, 3, 5, 3, 3, 3, 5, 3, 3, 4, 5, 3, 3, 4, 5] 
dagD28.txt 1_4x3.txt True 0.5863874345549738 0.7 129.75 [0, 1, 2, 1, 5, 0, 1, 1, 1, 1, 5, 2, 2, 1, 1, 3, 2, 3, 1, 0, 5, 2, 5, 0, 3, 4, 1, 5, 1, 1, 5, 0, 3, 3, 1, 5, 5, 3, 4, 3, 4, 4, 3, 5, 5, 5, 1, 1, 3, 3, 4, 3, 5, 3, 3, 3, 5, 3, 3, 4, 5, 3, 3, 4, 5] 
dagD28.txt 1_4x3.txt True 0.5863874345549738 0.75 129.75 [0, 1, 2, 1, 5, 0, 1, 1, 1, 1, 5, 2, 2, 1, 1, 3, 2, 3, 1, 0, 5, 2, 5, 0, 3, 4, 1, 5, 1, 1, 5, 0, 3, 3, 1, 5, 5, 3, 4, 3, 4, 4, 3, 5, 5, 5, 1, 1, 3, 3, 4, 3, 5, 3, 3, 3, 5, 3, 3, 4, 5, 3, 3, 4, 5] 
dagD28.txt 1_4x3.txt True 0.5863874345549738 0.8 129.75 [0, 1, 2, 1, 5, 0, 1, 1, 1, 1, 5, 2, 2, 1, 1, 3, 2, 3, 1, 0, 5, 2, 5, 0, 3, 4, 1, 5, 1, 1, 5, 0, 3, 3, 1, 5, 5, 3, 4, 3, 4, 4, 3, 5, 5, 5, 1, 1, 3, 3, 4, 3, 5, 3, 3, 3, 5, 3, 3, 4, 5, 3, 3, 4, 5] 
dagD28.txt 1_4x3.txt True 0.5863874345549738 0.85 129.75 [0, 1, 2, 1, 5, 0, 1, 1, 1, 1, 5, 2, 2, 1, 1, 3, 2, 3, 1, 0, 5, 2, 5, 0, 3, 4, 1, 5, 1, 1, 5, 0, 3, 3, 1, 5, 5, 3, 4, 3, 4, 4, 3, 5, 5, 5, 1, 1, 3, 3, 4, 3, 5, 3, 3, 3, 5, 3, 3, 4, 5, 3, 3, 4, 5] 
dagD28.txt 1_4x3.txt True 0.5863874345549738 0.9 129.75 [0, 1, 2, 1, 5, 0, 1, 1, 1, 1, 5, 2, 2, 1, 1, 3, 2, 3, 1, 0, 5, 2, 5, 0, 3, 4, 1, 5, 1, 1, 5, 0, 3, 3, 1, 5, 5, 3, 4, 3, 4, 4, 3, 5, 5, 5, 1, 1, 3, 3, 4, 3, 5, 3, 3, 3, 5, 3, 3, 4, 5, 3, 3, 4, 5] 
dagD28.txt 1_4x3.txt True 0.5863874345549738 0.95 129.75 [0, 1, 2, 1, 5, 0, 1, 1, 1, 1, 5, 2, 2, 1, 1, 3, 2, 3, 1, 0, 5, 2, 5, 0, 3, 4, 1, 5, 1, 1, 5, 0, 3, 3, 1, 5, 5, 3, 4, 3, 4, 4, 3, 5, 5, 5, 1, 1, 3, 3, 4, 3, 5, 3, 3, 3, 5, 3, 3, 4, 5, 3, 3, 4, 5] 
dagD28.txt 1_4x3.txt True 0.5863874345549738 1 129.75 [0, 1, 2, 1, 5, 0, 1, 1, 1, 1, 5, 2, 2, 1, 1, 3, 2, 3, 1, 0, 5, 2, 5, 0, 3, 4, 1, 5, 1, 1, 5, 0, 3, 3, 1, 5, 5, 3, 4, 3, 4, 4, 3, 5, 5, 5, 1, 1, 3, 3, 4, 3, 5, 3, 3, 3, 5, 3, 3, 4, 5, 3, 3, 4, 5] 
dagD28.txt 3_2x1.txt True 0.05759162303664921 0.07 870.5 [1, 1, 1, 1, 1, 1, 1, 1, 1, 1, 1, 1, 1, 1, 1, 1, 1, 1, 1, 1, 0, 1, 1, 1, 1, 1, 1, 1, 1, 1, 1, 1, 1, 1, 1, 1, 1, 1, 1, 1, 1, 0, 1, 1, 1, 1, 0, 1, 1, 1, 1, 1, 1, 1, 1, 1, 1, 1, 1, 1, 1, 1, 1, 1, 1] 
dagD28.txt 3_2x1.txt True 0.05759162303664921 0.08 870.5 [1, 1, 1, 1, 1, 1, 1, 1, 1, 1, 1, 1, 1, 1, 1, 1, 1, 1, 1, 1, 0, 1, 1, 1, 1, 1, 1, 1, 1, 1, 1, 1, 1, 1, 1, 1, 1, 1, 1, 1, 1, 0, 1, 1, 1, 1, 0, 1, 1, 1, 1, 1, 1, 1, 1, 1, 1, 1, 1, 1, 1, 1, 1, 1, 1] 
dagD28.txt 3_2x1.txt True 0.05759162303664921 0.09 870.5 [1, 1, 1, 1, 1, 1, 1, 1, 1, 1, 1, 1, 1, 1, 1, 1, 1, 1, 1, 1, 0, 1, 1, 1, 1, 1, 1, 1, 1, 1, 1, 1, 1, 1, 1, 1, 1, 1, 1, 1, 1, 0, 1, 1, 1, 1, 0, 1, 1, 1, 1, 1, 1, 1, 1, 1, 1, 1, 1, 1, 1, 1, 1, 1, 1] 
dagD28.txt 3_2x1.txt True 0.09947643979057591 0.1 823.0 [1, 1, 1, 1, 1, 1, 1, 1, 1, 1, 1, 1, 1, 1, 1, 1, 1, 0, 1, 1, 0, 1, 1, 1, 1, 1, 1, 1, 1, 1, 1, 1, 1, 1, 1, 1, 1, 1, 1, 1, 1, 0, 0, 1, 1, 1, 0, 1, 1, 1, 1, 1, 1, 1, 1, 1, 1, 1, 1, 1, 1, 1, 1, 1, 1] 
dagD28.txt 3_2x1.txt True 0.09947643979057591 0.11 823.0 [1, 1, 1, 1, 1, 1, 1, 1, 1, 1, 1, 1, 1, 1, 1, 1, 1, 0, 1, 1, 0, 1, 1, 1, 1, 1, 1, 1, 1, 1, 1, 1, 1, 1, 1, 1, 1, 1, 1, 1, 1, 0, 0, 1, 1, 1, 0, 1, 1, 1, 1, 1, 1, 1, 1, 1, 1, 1, 1, 1, 1, 1, 1, 1, 1] 
dagD28.txt 3_2x1.txt True 0.09947643979057591 0.12 823.0 [1, 1, 1, 1, 1, 1, 1, 1, 1, 1, 1, 1, 1, 1, 1, 1, 1, 0, 1, 1, 0, 1, 1, 1, 1, 1, 1, 1, 1, 1, 1, 1, 1, 1, 1, 1, 1, 1, 1, 1, 1, 0, 0, 1, 1, 1, 0, 1, 1, 1, 1, 1, 1, 1, 1, 1, 1, 1, 1, 1, 1, 1, 1, 1, 1] 
dagD28.txt 3_2x1.txt True 0.09947643979057591 0.13 823.0 [1, 1, 1, 1, 1, 1, 1, 1, 1, 1, 1, 1, 1, 1, 1, 1, 1, 0, 1, 1, 0, 1, 1, 1, 1, 1, 1, 1, 1, 1, 1, 1, 1, 1, 1, 1, 1, 1, 1, 1, 1, 0, 0, 1, 1, 1, 0, 1, 1, 1, 1, 1, 1, 1, 1, 1, 1, 1, 1, 1, 1, 1, 1, 1, 1] 
dagD28.txt 3_2x1.txt True 0.09947643979057591 0.14 823.0 [1, 1, 1, 1, 1, 1, 1, 1, 1, 1, 1, 1, 1, 1, 1, 1, 1, 0, 1, 1, 0, 1, 1, 1, 1, 1, 1, 1, 1, 1, 1, 1, 1, 1, 1, 1, 1, 1, 1, 1, 1, 0, 0, 1, 1, 1, 0, 1, 1, 1, 1, 1, 1, 1, 1, 1, 1, 1, 1, 1, 1, 1, 1, 1, 1] 
dagD28.txt 3_2x1.txt True 0.14659685863874344 0.15 620.5 [0, 0, 0, 0, 0, 0, 0, 0, 0, 0, 1, 0, 1, 0, 0, 0, 1, 0, 0, 0, 1, 1, 0, 1, 0, 1, 1, 1, 1, 1, 1, 1, 1, 1, 1, 1, 1, 1, 1, 1, 1, 1, 1, 1, 1, 1, 1, 1, 1, 1, 1, 1, 1, 1, 1, 1, 1, 1, 1, 1, 1, 1, 1, 1, 1] 
dagD28.txt 3_2x1.txt True 0.15706806282722513 0.16 548.5 [0, 0, 0, 0, 0, 0, 0, 0, 0, 0, 1, 0, 1, 0, 0, 0, 0, 0, 0, 0, 0, 1, 0, 0, 0, 1, 1, 1, 1, 1, 1, 1, 1, 1, 1, 1, 1, 1, 1, 1, 1, 1, 0, 1, 1, 1, 1, 1, 1, 1, 1, 1, 1, 1, 1, 1, 1, 1, 1, 1, 1, 1, 1, 1, 1] 
dagD28.txt 3_2x1.txt True 0.16753926701570682 0.17 510.5 [0, 0, 0, 0, 0, 0, 0, 0, 0, 0, 0, 0, 1, 0, 0, 0, 0, 0, 0, 0, 0, 1, 0, 0, 0, 1, 1, 0, 1, 1, 1, 1, 1, 1, 1, 1, 1, 1, 1, 1, 1, 1, 0, 1, 1, 1, 1, 1, 1, 1, 1, 1, 1, 1, 1, 1, 1, 1, 1, 1, 1, 1, 1, 1, 1] 
dagD28.txt 3_2x1.txt True 0.17801047120418848 0.18 476.0 [0, 0, 0, 0, 0, 0, 0, 0, 0, 0, 0, 0, 0, 0, 0, 0, 0, 0, 0, 0, 0, 1, 0, 0, 0, 1, 1, 1, 1, 0, 1, 1, 1, 1, 0, 1, 1, 1, 1, 1, 1, 1, 0, 1, 1, 1, 1, 1, 1, 1, 1, 1, 1, 1, 1, 1, 1, 1, 1, 1, 1, 1, 1, 1, 1] 
dagD28.txt 3_2x1.txt True 0.18324607329842932 0.19 470.0 [0, 0, 0, 0, 0, 0, 0, 0, 0, 0, 0, 0, 0, 0, 0, 0, 0, 0, 0, 0, 0, 0, 0, 0, 0, 1, 1, 1, 1, 0, 1, 1, 1, 1, 0, 1, 1, 1, 1, 1, 1, 1, 0, 1, 1, 1, 1, 1, 1, 1, 1, 1, 1, 1, 1, 1, 1, 1, 1, 1, 1, 1, 1, 1, 1] 
dagD28.txt 3_2x1.txt True 0.19895287958115182 0.2 463.5 [0, 0, 0, 0, 0, 0, 0, 0, 0, 0, 0, 0, 0, 0, 0, 0, 0, 0, 0, 0, 0, 1, 0, 0, 0, 0, 1, 1, 1, 0, 1, 0, 1, 1, 0, 1, 1, 1, 1, 1, 1, 1, 0, 1, 1, 1, 1, 1, 1, 1, 1, 1, 1, 1, 1, 1, 1, 1, 1, 1, 1, 1, 1, 1, 1] 
dagD28.txt 3_2x1.txt True 0.24607329842931938 0.25 440.5 [0, 0, 0, 0, 0, 0, 0, 0, 0, 0, 0, 0, 0, 0, 0, 0, 0, 0, 0, 0, 0, 1, 0, 0, 0, 0, 1, 1, 1, 0, 1, 0, 1, 1, 0, 1, 1, 1, 1, 1, 1, 1, 0, 1, 1, 1, 1, 0, 1, 1, 1, 1, 1, 1, 1, 1, 1, 1, 1, 1, 1, 1, 1, 1, 1] 
dagD28.txt 3_2x1.txt True 0.2774869109947644 0.3 418.0 [0, 0, 0, 0, 0, 0, 0, 0, 0, 0, 0, 0, 0, 0, 0, 0, 0, 0, 0, 0, 0, 1, 0, 0, 0, 0, 1, 1, 1, 0, 0, 0, 1, 1, 0, 1, 1, 1, 1, 1, 1, 1, 0, 1, 1, 1, 1, 0, 1, 1, 1, 1, 1, 1, 1, 1, 1, 1, 1, 1, 1, 1, 1, 1, 1] 
dagD28.txt 3_2x1.txt True 0.3089005235602094 0.35 376.5 [0, 0, 0, 0, 0, 0, 0, 0, 0, 0, 0, 0, 0, 0, 0, 0, 0, 0, 0, 0, 0, 1, 0, 0, 0, 0, 1, 1, 0, 0, 0, 0, 1, 1, 0, 1, 1, 1, 1, 1, 1, 1, 0, 1, 1, 1, 1, 0, 1, 0, 1, 1, 1, 1, 1, 1, 1, 1, 1, 1, 1, 1, 1, 1, 1] 
dagD28.txt 3_2x1.txt True 0.3089005235602094 0.4 376.5 [0, 0, 0, 0, 0, 0, 0, 0, 0, 0, 0, 0, 0, 0, 0, 0, 0, 0, 0, 0, 0, 1, 0, 0, 0, 0, 1, 1, 0, 0, 0, 0, 1, 1, 0, 1, 1, 1, 1, 1, 1, 1, 0, 1, 1, 1, 1, 0, 1, 0, 1, 1, 1, 1, 1, 1, 1, 1, 1, 1, 1, 1, 1, 1, 1] 
dagD28.txt 3_2x1.txt True 0.3089005235602094 0.45 376.5 [0, 0, 0, 0, 0, 0, 0, 0, 0, 0, 0, 0, 0, 0, 0, 0, 0, 0, 0, 0, 0, 1, 0, 0, 0, 0, 1, 1, 0, 0, 0, 0, 1, 1, 0, 1, 1, 1, 1, 1, 1, 1, 0, 1, 1, 1, 1, 0, 1, 0, 1, 1, 1, 1, 1, 1, 1, 1, 1, 1, 1, 1, 1, 1, 1] 
dagD28.txt 3_2x1.txt True 0.3089005235602094 0.5 376.5 [0, 0, 0, 0, 0, 0, 0, 0, 0, 0, 0, 0, 0, 0, 0, 0, 0, 0, 0, 0, 0, 1, 0, 0, 0, 0, 1, 1, 0, 0, 0, 0, 1, 1, 0, 1, 1, 1, 1, 1, 1, 1, 0, 1, 1, 1, 1, 0, 1, 0, 1, 1, 1, 1, 1, 1, 1, 1, 1, 1, 1, 1, 1, 1, 1] 
dagD28.txt 3_2x1.txt True 0.3089005235602094 0.55 376.5 [0, 0, 0, 0, 0, 0, 0, 0, 0, 0, 0, 0, 0, 0, 0, 0, 0, 0, 0, 0, 0, 1, 0, 0, 0, 0, 1, 1, 0, 0, 0, 0, 1, 1, 0, 1, 1, 1, 1, 1, 1, 1, 0, 1, 1, 1, 1, 0, 1, 0, 1, 1, 1, 1, 1, 1, 1, 1, 1, 1, 1, 1, 1, 1, 1] 
dagD28.txt 3_2x1.txt True 0.3089005235602094 0.6 376.5 [0, 0, 0, 0, 0, 0, 0, 0, 0, 0, 0, 0, 0, 0, 0, 0, 0, 0, 0, 0, 0, 1, 0, 0, 0, 0, 1, 1, 0, 0, 0, 0, 1, 1, 0, 1, 1, 1, 1, 1, 1, 1, 0, 1, 1, 1, 1, 0, 1, 0, 1, 1, 1, 1, 1, 1, 1, 1, 1, 1, 1, 1, 1, 1, 1] 
dagD28.txt 3_2x1.txt True 0.3089005235602094 0.65 376.5 [0, 0, 0, 0, 0, 0, 0, 0, 0, 0, 0, 0, 0, 0, 0, 0, 0, 0, 0, 0, 0, 1, 0, 0, 0, 0, 1, 1, 0, 0, 0, 0, 1, 1, 0, 1, 1, 1, 1, 1, 1, 1, 0, 1, 1, 1, 1, 0, 1, 0, 1, 1, 1, 1, 1, 1, 1, 1, 1, 1, 1, 1, 1, 1, 1] 
dagD28.txt 3_2x1.txt True 0.3089005235602094 0.7 376.5 [0, 0, 0, 0, 0, 0, 0, 0, 0, 0, 0, 0, 0, 0, 0, 0, 0, 0, 0, 0, 0, 1, 0, 0, 0, 0, 1, 1, 0, 0, 0, 0, 1, 1, 0, 1, 1, 1, 1, 1, 1, 1, 0, 1, 1, 1, 1, 0, 1, 0, 1, 1, 1, 1, 1, 1, 1, 1, 1, 1, 1, 1, 1, 1, 1] 
dagD28.txt 3_2x1.txt True 0.3089005235602094 0.75 376.5 [0, 0, 0, 0, 0, 0, 0, 0, 0, 0, 0, 0, 0, 0, 0, 0, 0, 0, 0, 0, 0, 1, 0, 0, 0, 0, 1, 1, 0, 0, 0, 0, 1, 1, 0, 1, 1, 1, 1, 1, 1, 1, 0, 1, 1, 1, 1, 0, 1, 0, 1, 1, 1, 1, 1, 1, 1, 1, 1, 1, 1, 1, 1, 1, 1] 
dagD28.txt 3_2x1.txt True 0.3089005235602094 0.8 376.5 [0, 0, 0, 0, 0, 0, 0, 0, 0, 0, 0, 0, 0, 0, 0, 0, 0, 0, 0, 0, 0, 1, 0, 0, 0, 0, 1, 1, 0, 0, 0, 0, 1, 1, 0, 1, 1, 1, 1, 1, 1, 1, 0, 1, 1, 1, 1, 0, 1, 0, 1, 1, 1, 1, 1, 1, 1, 1, 1, 1, 1, 1, 1, 1, 1] 
dagD28.txt 3_2x1.txt True 0.3089005235602094 0.85 376.5 [0, 0, 0, 0, 0, 0, 0, 0, 0, 0, 0, 0, 0, 0, 0, 0, 0, 0, 0, 0, 0, 1, 0, 0, 0, 0, 1, 1, 0, 0, 0, 0, 1, 1, 0, 1, 1, 1, 1, 1, 1, 1, 0, 1, 1, 1, 1, 0, 1, 0, 1, 1, 1, 1, 1, 1, 1, 1, 1, 1, 1, 1, 1, 1, 1] 
dagD28.txt 3_2x1.txt True 0.3089005235602094 0.9 376.5 [0, 0, 0, 0, 0, 0, 0, 0, 0, 0, 0, 0, 0, 0, 0, 0, 0, 0, 0, 0, 0, 1, 0, 0, 0, 0, 1, 1, 0, 0, 0, 0, 1, 1, 0, 1, 1, 1, 1, 1, 1, 1, 0, 1, 1, 1, 1, 0, 1, 0, 1, 1, 1, 1, 1, 1, 1, 1, 1, 1, 1, 1, 1, 1, 1] 
dagD28.txt 3_2x1.txt True 0.3089005235602094 0.95 376.5 [0, 0, 0, 0, 0, 0, 0, 0, 0, 0, 0, 0, 0, 0, 0, 0, 0, 0, 0, 0, 0, 1, 0, 0, 0, 0, 1, 1, 0, 0, 0, 0, 1, 1, 0, 1, 1, 1, 1, 1, 1, 1, 0, 1, 1, 1, 1, 0, 1, 0, 1, 1, 1, 1, 1, 1, 1, 1, 1, 1, 1, 1, 1, 1, 1] 
dagD28.txt 3_2x1.txt True 0.3089005235602094 1 376.5 [0, 0, 0, 0, 0, 0, 0, 0, 0, 0, 0, 0, 0, 0, 0, 0, 0, 0, 0, 0, 0, 1, 0, 0, 0, 0, 1, 1, 0, 0, 0, 0, 1, 1, 0, 1, 1, 1, 1, 1, 1, 1, 0, 1, 1, 1, 1, 0, 1, 0, 1, 1, 1, 1, 1, 1, 1, 1, 1, 1, 1, 1, 1, 1, 1] 
