dagE18.txt 1234x1.txt True 0.5 0.5 271.75 [2, 3, 2, 3, 3, 2, 3, 3, 3, 3, 3, 3, 3, 3, 3, 3, 3, 3, 3, 2, 2, 3, 3, 3, 3, 3, 2, 3, 3, 3, 3, 1, 3, 3, 2, 3, 0, 3, 1, 1, 1, 3, 1, 1, 3, 1, 0, 0, 1, 3, 1, 1, 2, 1, 1, 3, 1, 1, 1, 3, 1, 1, 1, 0, 1, 1, 2, 0, 0, 0] 
dagE18.txt 1234x1.txt True 0.5963302752293578 0.6 231.75 [0, 0, 0, 1, 1, 1, 3, 3, 0, 3, 0, 0, 1, 0, 0, 3, 0, 1, 1, 3, 1, 1, 0, 0, 1, 3, 3, 1, 1, 3, 1, 2, 2, 1, 1, 3, 3, 3, 2, 3, 2, 3, 3, 2, 2, 2, 3, 3, 2, 2, 2, 3, 1, 2, 2, 2, 2, 3, 2, 3, 2, 3, 2, 3, 3, 3, 3, 3, 2, 3] 
dagE18.txt 1234x1.txt True 0.6651376146788991 0.7 213.5 [0, 0, 0, 3, 1, 1, 3, 3, 0, 3, 0, 0, 1, 3, 1, 3, 0, 1, 1, 2, 1, 1, 0, 0, 0, 3, 3, 1, 1, 1, 1, 2, 3, 1, 1, 3, 3, 2, 2, 3, 2, 2, 3, 2, 2, 2, 3, 3, 2, 2, 2, 2, 1, 3, 2, 2, 2, 3, 2, 3, 2, 3, 3, 3, 3, 3, 2, 3, 2, 3] 
dagE18.txt 1234x1.txt True 0.6651376146788991 0.8 213.5 [0, 0, 0, 3, 1, 1, 3, 3, 0, 3, 0, 0, 1, 3, 1, 3, 0, 1, 1, 2, 1, 1, 0, 0, 0, 3, 3, 1, 1, 1, 1, 2, 3, 1, 1, 3, 3, 2, 2, 3, 2, 2, 3, 2, 2, 2, 3, 3, 2, 2, 2, 2, 1, 3, 2, 2, 2, 3, 2, 3, 2, 3, 3, 3, 3, 3, 2, 3, 2, 3] 
dagE18.txt 1234x1.txt True 0.6651376146788991 0.9 213.5 [0, 0, 0, 3, 1, 1, 3, 3, 0, 3, 0, 0, 1, 3, 1, 3, 0, 1, 1, 2, 1, 1, 0, 0, 0, 3, 3, 1, 1, 1, 1, 2, 3, 1, 1, 3, 3, 2, 2, 3, 2, 2, 3, 2, 2, 2, 3, 3, 2, 2, 2, 2, 1, 3, 2, 2, 2, 3, 2, 3, 2, 3, 3, 3, 3, 3, 2, 3, 2, 3] 
dagE18.txt 1234x1.txt True 0.6651376146788991 1 213.5 [0, 0, 0, 3, 1, 1, 3, 3, 0, 3, 0, 0, 1, 3, 1, 3, 0, 1, 1, 2, 1, 1, 0, 0, 0, 3, 3, 1, 1, 1, 1, 2, 3, 1, 1, 3, 3, 2, 2, 3, 2, 2, 3, 2, 2, 2, 3, 3, 2, 2, 2, 2, 1, 3, 2, 2, 2, 3, 2, 3, 2, 3, 3, 3, 3, 3, 2, 3, 2, 3] 
dagE18.txt 1234x1.txt True 0.5 0.5 271.75 [2, 3, 2, 3, 3, 2, 3, 3, 3, 3, 3, 3, 3, 3, 3, 3, 3, 3, 3, 2, 2, 3, 3, 3, 3, 3, 2, 3, 3, 3, 3, 1, 3, 3, 2, 3, 0, 3, 1, 1, 1, 3, 1, 1, 3, 1, 0, 0, 1, 3, 1, 1, 2, 1, 1, 3, 1, 1, 1, 3, 1, 1, 1, 0, 1, 1, 2, 0, 0, 0] 
dagE18.txt 1234x1.txt True 0.5963302752293578 0.6 231.75 [0, 0, 0, 1, 1, 1, 3, 3, 0, 3, 0, 0, 1, 0, 0, 3, 0, 1, 1, 3, 1, 1, 0, 0, 1, 3, 3, 1, 1, 3, 1, 2, 2, 1, 1, 3, 3, 3, 2, 3, 2, 3, 3, 2, 2, 2, 3, 3, 2, 2, 2, 3, 1, 2, 2, 2, 2, 3, 2, 3, 2, 3, 2, 3, 3, 3, 3, 3, 2, 3] 
dagE18.txt 1234x1.txt True 0.6651376146788991 0.7 213.5 [0, 0, 0, 3, 1, 1, 3, 3, 0, 3, 0, 0, 1, 3, 1, 3, 0, 1, 1, 2, 1, 1, 0, 0, 0, 3, 3, 1, 1, 1, 1, 2, 3, 1, 1, 3, 3, 2, 2, 3, 2, 2, 3, 2, 2, 2, 3, 3, 2, 2, 2, 2, 1, 3, 2, 2, 2, 3, 2, 3, 2, 3, 3, 3, 3, 3, 2, 3, 2, 3] 
dagE18.txt 1234x1.txt True 0.6651376146788991 0.8 213.5 [0, 0, 0, 3, 1, 1, 3, 3, 0, 3, 0, 0, 1, 3, 1, 3, 0, 1, 1, 2, 1, 1, 0, 0, 0, 3, 3, 1, 1, 1, 1, 2, 3, 1, 1, 3, 3, 2, 2, 3, 2, 2, 3, 2, 2, 2, 3, 3, 2, 2, 2, 2, 1, 3, 2, 2, 2, 3, 2, 3, 2, 3, 3, 3, 3, 3, 2, 3, 2, 3] 
dagE18.txt 1234x1.txt True 0.6651376146788991 0.9 213.5 [0, 0, 0, 3, 1, 1, 3, 3, 0, 3, 0, 0, 1, 3, 1, 3, 0, 1, 1, 2, 1, 1, 0, 0, 0, 3, 3, 1, 1, 1, 1, 2, 3, 1, 1, 3, 3, 2, 2, 3, 2, 2, 3, 2, 2, 2, 3, 3, 2, 2, 2, 2, 1, 3, 2, 2, 2, 3, 2, 3, 2, 3, 3, 3, 3, 3, 2, 3, 2, 3] 
dagE18.txt 1234x1.txt True 0.6651376146788991 1 213.5 [0, 0, 0, 3, 1, 1, 3, 3, 0, 3, 0, 0, 1, 3, 1, 3, 0, 1, 1, 2, 1, 1, 0, 0, 0, 3, 3, 1, 1, 1, 1, 2, 3, 1, 1, 3, 3, 2, 2, 3, 2, 2, 3, 2, 2, 2, 3, 3, 2, 2, 2, 2, 1, 3, 2, 2, 2, 3, 2, 3, 2, 3, 3, 3, 3, 3, 2, 3, 2, 3] 
dagE18.txt 1234x1.txt True 0.5 0.5 271.75 [2, 3, 2, 3, 3, 2, 3, 3, 3, 3, 3, 3, 3, 3, 3, 3, 3, 3, 3, 2, 2, 3, 3, 3, 3, 3, 2, 3, 3, 3, 3, 1, 3, 3, 2, 3, 0, 3, 1, 1, 1, 3, 1, 1, 3, 1, 0, 0, 1, 3, 1, 1, 2, 1, 1, 3, 1, 1, 1, 3, 1, 1, 1, 0, 1, 1, 2, 0, 0, 0] 
dagE18.txt 1234x1.txt True 0.5963302752293578 0.6 231.75 [0, 0, 0, 1, 1, 1, 3, 3, 0, 3, 0, 0, 1, 0, 0, 3, 0, 1, 1, 3, 1, 1, 0, 0, 1, 3, 3, 1, 1, 3, 1, 2, 2, 1, 1, 3, 3, 3, 2, 3, 2, 3, 3, 2, 2, 2, 3, 3, 2, 2, 2, 3, 1, 2, 2, 2, 2, 3, 2, 3, 2, 3, 2, 3, 3, 3, 3, 3, 2, 3] 
dagE18.txt 1234x1.txt True 0.6651376146788991 0.7 213.5 [0, 0, 0, 3, 1, 1, 3, 3, 0, 3, 0, 0, 1, 3, 1, 3, 0, 1, 1, 2, 1, 1, 0, 0, 0, 3, 3, 1, 1, 1, 1, 2, 3, 1, 1, 3, 3, 2, 2, 3, 2, 2, 3, 2, 2, 2, 3, 3, 2, 2, 2, 2, 1, 3, 2, 2, 2, 3, 2, 3, 2, 3, 3, 3, 3, 3, 2, 3, 2, 3] 
dagE18.txt 1234x1.txt True 0.6651376146788991 0.8 213.5 [0, 0, 0, 3, 1, 1, 3, 3, 0, 3, 0, 0, 1, 3, 1, 3, 0, 1, 1, 2, 1, 1, 0, 0, 0, 3, 3, 1, 1, 1, 1, 2, 3, 1, 1, 3, 3, 2, 2, 3, 2, 2, 3, 2, 2, 2, 3, 3, 2, 2, 2, 2, 1, 3, 2, 2, 2, 3, 2, 3, 2, 3, 3, 3, 3, 3, 2, 3, 2, 3] 
dagE18.txt 1234x1.txt True 0.6651376146788991 0.9 213.5 [0, 0, 0, 3, 1, 1, 3, 3, 0, 3, 0, 0, 1, 3, 1, 3, 0, 1, 1, 2, 1, 1, 0, 0, 0, 3, 3, 1, 1, 1, 1, 2, 3, 1, 1, 3, 3, 2, 2, 3, 2, 2, 3, 2, 2, 2, 3, 3, 2, 2, 2, 2, 1, 3, 2, 2, 2, 3, 2, 3, 2, 3, 3, 3, 3, 3, 2, 3, 2, 3] 
dagE18.txt 1234x1.txt True 0.6651376146788991 1 213.5 [0, 0, 0, 3, 1, 1, 3, 3, 0, 3, 0, 0, 1, 3, 1, 3, 0, 1, 1, 2, 1, 1, 0, 0, 0, 3, 3, 1, 1, 1, 1, 2, 3, 1, 1, 3, 3, 2, 2, 3, 2, 2, 3, 2, 2, 2, 3, 3, 2, 2, 2, 2, 1, 3, 2, 2, 2, 3, 2, 3, 2, 3, 3, 3, 3, 3, 2, 3, 2, 3] 
dagE18.txt 1234x1.txt True 0.5 0.5 271.75 [2, 3, 2, 3, 3, 2, 3, 3, 3, 3, 3, 3, 3, 3, 3, 3, 3, 3, 3, 2, 2, 3, 3, 3, 3, 3, 2, 3, 3, 3, 3, 1, 3, 3, 2, 3, 0, 3, 1, 1, 1, 3, 1, 1, 3, 1, 0, 0, 1, 3, 1, 1, 2, 1, 1, 3, 1, 1, 1, 3, 1, 1, 1, 0, 1, 1, 2, 0, 0, 0] 
dagE18.txt 1234x1.txt True 0.5963302752293578 0.6 231.75 [0, 0, 0, 1, 1, 1, 3, 3, 0, 3, 0, 0, 1, 0, 0, 3, 0, 1, 1, 3, 1, 1, 0, 0, 1, 3, 3, 1, 1, 3, 1, 2, 2, 1, 1, 3, 3, 3, 2, 3, 2, 3, 3, 2, 2, 2, 3, 3, 2, 2, 2, 3, 1, 2, 2, 2, 2, 3, 2, 3, 2, 3, 2, 3, 3, 3, 3, 3, 2, 3] 
dagE18.txt 1234x1.txt True 0.6651376146788991 0.7 213.5 [0, 0, 0, 3, 1, 1, 3, 3, 0, 3, 0, 0, 1, 3, 1, 3, 0, 1, 1, 2, 1, 1, 0, 0, 0, 3, 3, 1, 1, 1, 1, 2, 3, 1, 1, 3, 3, 2, 2, 3, 2, 2, 3, 2, 2, 2, 3, 3, 2, 2, 2, 2, 1, 3, 2, 2, 2, 3, 2, 3, 2, 3, 3, 3, 3, 3, 2, 3, 2, 3] 
dagE18.txt 1234x1.txt True 0.6651376146788991 0.8 213.5 [0, 0, 0, 3, 1, 1, 3, 3, 0, 3, 0, 0, 1, 3, 1, 3, 0, 1, 1, 2, 1, 1, 0, 0, 0, 3, 3, 1, 1, 1, 1, 2, 3, 1, 1, 3, 3, 2, 2, 3, 2, 2, 3, 2, 2, 2, 3, 3, 2, 2, 2, 2, 1, 3, 2, 2, 2, 3, 2, 3, 2, 3, 3, 3, 3, 3, 2, 3, 2, 3] 
dagE18.txt 1234x1.txt True 0.6651376146788991 0.9 213.5 [0, 0, 0, 3, 1, 1, 3, 3, 0, 3, 0, 0, 1, 3, 1, 3, 0, 1, 1, 2, 1, 1, 0, 0, 0, 3, 3, 1, 1, 1, 1, 2, 3, 1, 1, 3, 3, 2, 2, 3, 2, 2, 3, 2, 2, 2, 3, 3, 2, 2, 2, 2, 1, 3, 2, 2, 2, 3, 2, 3, 2, 3, 3, 3, 3, 3, 2, 3, 2, 3] 
dagE18.txt 1234x1.txt True 0.6651376146788991 1 213.5 [0, 0, 0, 3, 1, 1, 3, 3, 0, 3, 0, 0, 1, 3, 1, 3, 0, 1, 1, 2, 1, 1, 0, 0, 0, 3, 3, 1, 1, 1, 1, 2, 3, 1, 1, 3, 3, 2, 2, 3, 2, 2, 3, 2, 2, 2, 3, 3, 2, 2, 2, 2, 1, 3, 2, 2, 2, 3, 2, 3, 2, 3, 3, 3, 3, 3, 2, 3, 2, 3] 
dagE18.txt 1234x1.txt True 0.5 0.5 271.75 [2, 3, 2, 3, 3, 2, 3, 3, 3, 3, 3, 3, 3, 3, 3, 3, 3, 3, 3, 2, 2, 3, 3, 3, 3, 3, 2, 3, 3, 3, 3, 1, 3, 3, 2, 3, 0, 3, 1, 1, 1, 3, 1, 1, 3, 1, 0, 0, 1, 3, 1, 1, 2, 1, 1, 3, 1, 1, 1, 3, 1, 1, 1, 0, 1, 1, 2, 0, 0, 0] 
dagE18.txt 1234x1.txt True 0.5963302752293578 0.6 231.75 [0, 0, 0, 1, 1, 1, 3, 3, 0, 3, 0, 0, 1, 0, 0, 3, 0, 1, 1, 3, 1, 1, 0, 0, 1, 3, 3, 1, 1, 3, 1, 2, 2, 1, 1, 3, 3, 3, 2, 3, 2, 3, 3, 2, 2, 2, 3, 3, 2, 2, 2, 3, 1, 2, 2, 2, 2, 3, 2, 3, 2, 3, 2, 3, 3, 3, 3, 3, 2, 3] 
dagE18.txt 1234x1.txt True 0.6651376146788991 0.7 213.5 [0, 0, 0, 3, 1, 1, 3, 3, 0, 3, 0, 0, 1, 3, 1, 3, 0, 1, 1, 2, 1, 1, 0, 0, 0, 3, 3, 1, 1, 1, 1, 2, 3, 1, 1, 3, 3, 2, 2, 3, 2, 2, 3, 2, 2, 2, 3, 3, 2, 2, 2, 2, 1, 3, 2, 2, 2, 3, 2, 3, 2, 3, 3, 3, 3, 3, 2, 3, 2, 3] 
dagE18.txt 1234x1.txt True 0.6651376146788991 0.8 213.5 [0, 0, 0, 3, 1, 1, 3, 3, 0, 3, 0, 0, 1, 3, 1, 3, 0, 1, 1, 2, 1, 1, 0, 0, 0, 3, 3, 1, 1, 1, 1, 2, 3, 1, 1, 3, 3, 2, 2, 3, 2, 2, 3, 2, 2, 2, 3, 3, 2, 2, 2, 2, 1, 3, 2, 2, 2, 3, 2, 3, 2, 3, 3, 3, 3, 3, 2, 3, 2, 3] 
dagE18.txt 1234x1.txt True 0.6651376146788991 0.9 213.5 [0, 0, 0, 3, 1, 1, 3, 3, 0, 3, 0, 0, 1, 3, 1, 3, 0, 1, 1, 2, 1, 1, 0, 0, 0, 3, 3, 1, 1, 1, 1, 2, 3, 1, 1, 3, 3, 2, 2, 3, 2, 2, 3, 2, 2, 2, 3, 3, 2, 2, 2, 2, 1, 3, 2, 2, 2, 3, 2, 3, 2, 3, 3, 3, 3, 3, 2, 3, 2, 3] 
dagE18.txt 1234x1.txt True 0.6651376146788991 1 213.5 [0, 0, 0, 3, 1, 1, 3, 3, 0, 3, 0, 0, 1, 3, 1, 3, 0, 1, 1, 2, 1, 1, 0, 0, 0, 3, 3, 1, 1, 1, 1, 2, 3, 1, 1, 3, 3, 2, 2, 3, 2, 2, 3, 2, 2, 2, 3, 3, 2, 2, 2, 2, 1, 3, 2, 2, 2, 3, 2, 3, 2, 3, 3, 3, 3, 3, 2, 3, 2, 3] 
dagE18.txt 1234x3.txt True 0.5 0.5 205.0 [9, 11, 9, 11, 11, 9, 9, 11, 11, 11, 11, 11, 11, 11, 11, 11, 11, 11, 11, 9, 11, 11, 11, 11, 11, 11, 11, 9, 9, 9, 11, 9, 11, 11, 11, 11, 10, 11, 9, 10, 10, 3, 10, 10, 3, 10, 10, 3, 9, 3, 11, 10, 10, 10, 10, 3, 10, 10, 10, 10, 9, 10, 10, 3, 10, 10, 10, 10, 10, 3] 
dagE18.txt 1234x3.txt True 0.5825688073394495 0.6 164.75 [9, 11, 9, 11, 11, 9, 9, 11, 11, 3, 11, 11, 11, 11, 11, 11, 11, 11, 11, 3, 11, 11, 11, 11, 11, 11, 11, 9, 9, 9, 3, 9, 11, 11, 11, 3, 10, 11, 9, 10, 10, 3, 10, 10, 3, 10, 10, 3, 9, 3, 11, 3, 10, 10, 10, 3, 10, 10, 10, 3, 9, 10, 10, 3, 10, 10, 3, 10, 10, 3] 
dagE18.txt 1234x3.txt True 0.6926605504587156 0.7 188.33333333333334 [11, 11, 11, 11, 11, 11, 11, 11, 11, 10, 11, 10, 10, 10, 10, 10, 10, 10, 10, 10, 11, 10, 11, 11, 10, 11, 11, 11, 11, 11, 10, 2, 11, 10, 8, 10, 5, 10, 2, 5, 5, 3, 5, 2, 2, 5, 5, 10, 2, 10, 2, 5, 8, 2, 4, 2, 2, 5, 5, 3, 2, 2, 5, 3, 5, 5, 3, 5, 4, 3] 
dagE18.txt 1234x3.txt True 0.7981651376146789 0.8 92.66666666666667 [11, 11, 11, 7, 11, 11, 6, 11, 11, 7, 11, 10, 10, 10, 10, 10, 10, 10, 10, 6, 11, 10, 11, 11, 10, 1, 7, 11, 7, 11, 7, 2, 11, 10, 8, 7, 3, 10, 2, 5, 3, 7, 7, 2, 6, 2, 5, 6, 2, 6, 2, 3, 8, 2, 4, 3, 2, 5, 5, 3, 2, 2, 5, 3, 5, 5, 3, 5, 4, 3] 
dagE18.txt 1234x3.txt True 0.8807339449541285 0.9 77.0 [7, 7, 7, 7, 11, 9, 11, 7, 8, 11, 3, 8, 10, 8, 10, 6, 6, 10, 11, 10, 9, 10, 7, 8, 11, 3, 6, 11, 1, 7, 9, 1, 7, 11, 9, 6, 3, 7, 2, 4, 3, 2, 5, 1, 10, 7, 3, 11, 2, 11, 0, 2, 9, 5, 0, 2, 2, 4, 0, 3, 2, 5, 3, 6, 5, 5, 3, 4, 0, 3] 
dagE18.txt 1234x3.txt True 0.8807339449541285 1 77.0 [7, 7, 7, 7, 11, 9, 11, 7, 8, 11, 3, 8, 10, 8, 10, 6, 6, 10, 11, 10, 9, 10, 7, 8, 11, 3, 6, 11, 1, 7, 9, 1, 7, 11, 9, 6, 3, 7, 2, 4, 3, 2, 5, 1, 10, 7, 3, 11, 2, 11, 0, 2, 9, 5, 0, 2, 2, 4, 0, 3, 2, 5, 3, 6, 5, 5, 3, 4, 0, 3] 
dagE18.txt 1234x3.txt True 0.5 0.5 205.0 [9, 11, 9, 11, 11, 9, 9, 11, 11, 11, 11, 11, 11, 11, 11, 11, 11, 11, 11, 9, 11, 11, 11, 11, 11, 11, 11, 9, 9, 9, 11, 9, 11, 11, 11, 11, 10, 11, 9, 10, 10, 3, 10, 10, 3, 10, 10, 3, 9, 3, 11, 10, 10, 10, 10, 3, 10, 10, 10, 10, 9, 10, 10, 3, 10, 10, 10, 10, 10, 3] 
dagE18.txt 1234x3.txt True 0.5825688073394495 0.6 164.75 [9, 11, 9, 11, 11, 9, 9, 11, 11, 3, 11, 11, 11, 11, 11, 11, 11, 11, 11, 3, 11, 11, 11, 11, 11, 11, 11, 9, 9, 9, 3, 9, 11, 11, 11, 3, 10, 11, 9, 10, 10, 3, 10, 10, 3, 10, 10, 3, 9, 3, 11, 3, 10, 10, 10, 3, 10, 10, 10, 3, 9, 10, 10, 3, 10, 10, 3, 10, 10, 3] 
dagE18.txt 1234x3.txt True 0.6926605504587156 0.7 188.33333333333334 [11, 11, 11, 11, 11, 11, 11, 11, 11, 10, 11, 10, 10, 10, 10, 10, 10, 10, 10, 10, 11, 10, 11, 11, 10, 11, 11, 11, 11, 11, 10, 2, 11, 10, 8, 10, 5, 10, 2, 5, 5, 3, 5, 2, 2, 5, 5, 10, 2, 10, 2, 5, 8, 2, 4, 2, 2, 5, 5, 3, 2, 2, 5, 3, 5, 5, 3, 5, 4, 3] 
dagE18.txt 1234x3.txt True 0.7981651376146789 0.8 92.66666666666667 [11, 11, 11, 7, 11, 11, 6, 11, 11, 7, 11, 10, 10, 10, 10, 10, 10, 10, 10, 6, 11, 10, 11, 11, 10, 1, 7, 11, 7, 11, 7, 2, 11, 10, 8, 7, 3, 10, 2, 5, 3, 7, 7, 2, 6, 2, 5, 6, 2, 6, 2, 3, 8, 2, 4, 3, 2, 5, 5, 3, 2, 2, 5, 3, 5, 5, 3, 5, 4, 3] 
dagE18.txt 1234x3.txt True 0.8807339449541285 0.9 77.0 [7, 7, 7, 7, 11, 9, 11, 7, 8, 11, 3, 8, 10, 8, 10, 6, 6, 10, 11, 10, 9, 10, 7, 8, 11, 3, 6, 11, 1, 7, 9, 1, 7, 11, 9, 6, 3, 7, 2, 4, 3, 2, 5, 1, 10, 7, 3, 11, 2, 11, 0, 2, 9, 5, 0, 2, 2, 4, 0, 3, 2, 5, 3, 6, 5, 5, 3, 4, 0, 3] 
dagE18.txt 1234x3.txt True 0.8807339449541285 1 77.0 [7, 7, 7, 7, 11, 9, 11, 7, 8, 11, 3, 8, 10, 8, 10, 6, 6, 10, 11, 10, 9, 10, 7, 8, 11, 3, 6, 11, 1, 7, 9, 1, 7, 11, 9, 6, 3, 7, 2, 4, 3, 2, 5, 1, 10, 7, 3, 11, 2, 11, 0, 2, 9, 5, 0, 2, 2, 4, 0, 3, 2, 5, 3, 6, 5, 5, 3, 4, 0, 3] 
dagE18.txt 1234x3.txt True 0.5 0.5 205.0 [9, 11, 9, 11, 11, 9, 9, 11, 11, 11, 11, 11, 11, 11, 11, 11, 11, 11, 11, 9, 11, 11, 11, 11, 11, 11, 11, 9, 9, 9, 11, 9, 11, 11, 11, 11, 10, 11, 9, 10, 10, 3, 10, 10, 3, 10, 10, 3, 9, 3, 11, 10, 10, 10, 10, 3, 10, 10, 10, 10, 9, 10, 10, 3, 10, 10, 10, 10, 10, 3] 
dagE18.txt 1234x3.txt True 0.5825688073394495 0.6 164.75 [9, 11, 9, 11, 11, 9, 9, 11, 11, 3, 11, 11, 11, 11, 11, 11, 11, 11, 11, 3, 11, 11, 11, 11, 11, 11, 11, 9, 9, 9, 3, 9, 11, 11, 11, 3, 10, 11, 9, 10, 10, 3, 10, 10, 3, 10, 10, 3, 9, 3, 11, 3, 10, 10, 10, 3, 10, 10, 10, 3, 9, 10, 10, 3, 10, 10, 3, 10, 10, 3] 
dagE18.txt 1234x3.txt True 0.6926605504587156 0.7 188.33333333333334 [11, 11, 11, 11, 11, 11, 11, 11, 11, 10, 11, 10, 10, 10, 10, 10, 10, 10, 10, 10, 11, 10, 11, 11, 10, 11, 11, 11, 11, 11, 10, 2, 11, 10, 8, 10, 5, 10, 2, 5, 5, 3, 5, 2, 2, 5, 5, 10, 2, 10, 2, 5, 8, 2, 4, 2, 2, 5, 5, 3, 2, 2, 5, 3, 5, 5, 3, 5, 4, 3] 
dagE18.txt 1234x3.txt True 0.7981651376146789 0.8 92.66666666666667 [11, 11, 11, 7, 11, 11, 6, 11, 11, 7, 11, 10, 10, 10, 10, 10, 10, 10, 10, 6, 11, 10, 11, 11, 10, 1, 7, 11, 7, 11, 7, 2, 11, 10, 8, 7, 3, 10, 2, 5, 3, 7, 7, 2, 6, 2, 5, 6, 2, 6, 2, 3, 8, 2, 4, 3, 2, 5, 5, 3, 2, 2, 5, 3, 5, 5, 3, 5, 4, 3] 
dagE18.txt 1234x3.txt True 0.8807339449541285 0.9 77.0 [7, 7, 7, 7, 11, 9, 11, 7, 8, 11, 3, 8, 10, 8, 10, 6, 6, 10, 11, 10, 9, 10, 7, 8, 11, 3, 6, 11, 1, 7, 9, 1, 7, 11, 9, 6, 3, 7, 2, 4, 3, 2, 5, 1, 10, 7, 3, 11, 2, 11, 0, 2, 9, 5, 0, 2, 2, 4, 0, 3, 2, 5, 3, 6, 5, 5, 3, 4, 0, 3] 
dagE18.txt 1234x3.txt True 0.8807339449541285 1 77.0 [7, 7, 7, 7, 11, 9, 11, 7, 8, 11, 3, 8, 10, 8, 10, 6, 6, 10, 11, 10, 9, 10, 7, 8, 11, 3, 6, 11, 1, 7, 9, 1, 7, 11, 9, 6, 3, 7, 2, 4, 3, 2, 5, 1, 10, 7, 3, 11, 2, 11, 0, 2, 9, 5, 0, 2, 2, 4, 0, 3, 2, 5, 3, 6, 5, 5, 3, 4, 0, 3] 
dagE18.txt 1234x3.txt True 0.5 0.5 205.0 [9, 11, 9, 11, 11, 9, 9, 11, 11, 11, 11, 11, 11, 11, 11, 11, 11, 11, 11, 9, 11, 11, 11, 11, 11, 11, 11, 9, 9, 9, 11, 9, 11, 11, 11, 11, 10, 11, 9, 10, 10, 3, 10, 10, 3, 10, 10, 3, 9, 3, 11, 10, 10, 10, 10, 3, 10, 10, 10, 10, 9, 10, 10, 3, 10, 10, 10, 10, 10, 3] 
dagE18.txt 1234x3.txt True 0.5825688073394495 0.6 164.75 [9, 11, 9, 11, 11, 9, 9, 11, 11, 3, 11, 11, 11, 11, 11, 11, 11, 11, 11, 3, 11, 11, 11, 11, 11, 11, 11, 9, 9, 9, 3, 9, 11, 11, 11, 3, 10, 11, 9, 10, 10, 3, 10, 10, 3, 10, 10, 3, 9, 3, 11, 3, 10, 10, 10, 3, 10, 10, 10, 3, 9, 10, 10, 3, 10, 10, 3, 10, 10, 3] 
dagE18.txt 1234x3.txt True 0.6926605504587156 0.7 188.33333333333334 [11, 11, 11, 11, 11, 11, 11, 11, 11, 10, 11, 10, 10, 10, 10, 10, 10, 10, 10, 10, 11, 10, 11, 11, 10, 11, 11, 11, 11, 11, 10, 2, 11, 10, 8, 10, 5, 10, 2, 5, 5, 3, 5, 2, 2, 5, 5, 10, 2, 10, 2, 5, 8, 2, 4, 2, 2, 5, 5, 3, 2, 2, 5, 3, 5, 5, 3, 5, 4, 3] 
dagE18.txt 1234x3.txt True 0.7981651376146789 0.8 92.66666666666667 [11, 11, 11, 7, 11, 11, 6, 11, 11, 7, 11, 10, 10, 10, 10, 10, 10, 10, 10, 6, 11, 10, 11, 11, 10, 1, 7, 11, 7, 11, 7, 2, 11, 10, 8, 7, 3, 10, 2, 5, 3, 7, 7, 2, 6, 2, 5, 6, 2, 6, 2, 3, 8, 2, 4, 3, 2, 5, 5, 3, 2, 2, 5, 3, 5, 5, 3, 5, 4, 3] 
dagE18.txt 1234x3.txt True 0.8807339449541285 0.9 77.0 [7, 7, 7, 7, 11, 9, 11, 7, 8, 11, 3, 8, 10, 8, 10, 6, 6, 10, 11, 10, 9, 10, 7, 8, 11, 3, 6, 11, 1, 7, 9, 1, 7, 11, 9, 6, 3, 7, 2, 4, 3, 2, 5, 1, 10, 7, 3, 11, 2, 11, 0, 2, 9, 5, 0, 2, 2, 4, 0, 3, 2, 5, 3, 6, 5, 5, 3, 4, 0, 3] 
dagE18.txt 1234x3.txt True 0.8807339449541285 1 77.0 [7, 7, 7, 7, 11, 9, 11, 7, 8, 11, 3, 8, 10, 8, 10, 6, 6, 10, 11, 10, 9, 10, 7, 8, 11, 3, 6, 11, 1, 7, 9, 1, 7, 11, 9, 6, 3, 7, 2, 4, 3, 2, 5, 1, 10, 7, 3, 11, 2, 11, 0, 2, 9, 5, 0, 2, 2, 4, 0, 3, 2, 5, 3, 6, 5, 5, 3, 4, 0, 3] 
dagE18.txt 1234x3.txt True 0.5 0.5 205.0 [9, 11, 9, 11, 11, 9, 9, 11, 11, 11, 11, 11, 11, 11, 11, 11, 11, 11, 11, 9, 11, 11, 11, 11, 11, 11, 11, 9, 9, 9, 11, 9, 11, 11, 11, 11, 10, 11, 9, 10, 10, 3, 10, 10, 3, 10, 10, 3, 9, 3, 11, 10, 10, 10, 10, 3, 10, 10, 10, 10, 9, 10, 10, 3, 10, 10, 10, 10, 10, 3] 
dagE18.txt 1234x3.txt True 0.5825688073394495 0.6 164.75 [9, 11, 9, 11, 11, 9, 9, 11, 11, 3, 11, 11, 11, 11, 11, 11, 11, 11, 11, 3, 11, 11, 11, 11, 11, 11, 11, 9, 9, 9, 3, 9, 11, 11, 11, 3, 10, 11, 9, 10, 10, 3, 10, 10, 3, 10, 10, 3, 9, 3, 11, 3, 10, 10, 10, 3, 10, 10, 10, 3, 9, 10, 10, 3, 10, 10, 3, 10, 10, 3] 
dagE18.txt 1234x3.txt True 0.6926605504587156 0.7 188.33333333333334 [11, 11, 11, 11, 11, 11, 11, 11, 11, 10, 11, 10, 10, 10, 10, 10, 10, 10, 10, 10, 11, 10, 11, 11, 10, 11, 11, 11, 11, 11, 10, 2, 11, 10, 8, 10, 5, 10, 2, 5, 5, 3, 5, 2, 2, 5, 5, 10, 2, 10, 2, 5, 8, 2, 4, 2, 2, 5, 5, 3, 2, 2, 5, 3, 5, 5, 3, 5, 4, 3] 
dagE18.txt 1234x3.txt True 0.7981651376146789 0.8 92.66666666666667 [11, 11, 11, 7, 11, 11, 6, 11, 11, 7, 11, 10, 10, 10, 10, 10, 10, 10, 10, 6, 11, 10, 11, 11, 10, 1, 7, 11, 7, 11, 7, 2, 11, 10, 8, 7, 3, 10, 2, 5, 3, 7, 7, 2, 6, 2, 5, 6, 2, 6, 2, 3, 8, 2, 4, 3, 2, 5, 5, 3, 2, 2, 5, 3, 5, 5, 3, 5, 4, 3] 
dagE18.txt 1234x3.txt True 0.8807339449541285 0.9 77.0 [7, 7, 7, 7, 11, 9, 11, 7, 8, 11, 3, 8, 10, 8, 10, 6, 6, 10, 11, 10, 9, 10, 7, 8, 11, 3, 6, 11, 1, 7, 9, 1, 7, 11, 9, 6, 3, 7, 2, 4, 3, 2, 5, 1, 10, 7, 3, 11, 2, 11, 0, 2, 9, 5, 0, 2, 2, 4, 0, 3, 2, 5, 3, 6, 5, 5, 3, 4, 0, 3] 
dagE18.txt 1234x3.txt True 0.8807339449541285 1 77.0 [7, 7, 7, 7, 11, 9, 11, 7, 8, 11, 3, 8, 10, 8, 10, 6, 6, 10, 11, 10, 9, 10, 7, 8, 11, 3, 6, 11, 1, 7, 9, 1, 7, 11, 9, 6, 3, 7, 2, 4, 3, 2, 5, 1, 10, 7, 3, 11, 2, 11, 0, 2, 9, 5, 0, 2, 2, 4, 0, 3, 2, 5, 3, 6, 5, 5, 3, 4, 0, 3] 
