dagM24.txt 3_2x4.txt True 0.06575963718820861 0.07 1093.5 [7, 7, 1, 7, 7, 7, 7, 7, 7, 7, 7, 7, 7, 7, 7, 7, 7, 7, 7, 7, 7, 7, 1, 7, 7, 7, 7, 7, 7, 7, 7, 7, 7, 7, 7, 7, 7, 7, 7, 7, 7, 7, 7, 7, 7, 7, 7, 7, 7, 7, 7, 7, 7, 7, 7, 7, 7, 7, 7, 7, 7, 3, 7, 7, 7, 7, 7, 7, 7, 7, 7, 7, 7, 7, 7, 3, 7, 7, 7, 7, 7, 7, 7, 7, 7, 7, 7, 7, 7, 7, 7, 7, 7, 7, 7, 7, 7, 7, 7, 7, 7, 7, 7, 7, 7, 7, 7, 7, 7, 7, 7, 7, 7, 7, 7, 7, 7, 7, 7, 7, 7, 7, 7, 7, 7, 7, 4, 7, 7, 7, 7, 7, 7, 4, 7, 7, 7, 5, 7, 7, 7, 7, 7, 5, 7, 7, 5, 7, 7, 5] 
dagM24.txt 3_2x4.txt True 0.09070294784580499 0.1 1069.0 [7, 7, 1, 7, 7, 7, 7, 7, 7, 7, 7, 7, 7, 7, 7, 7, 7, 7, 7, 7, 7, 7, 1, 7, 7, 7, 7, 1, 7, 7, 7, 1, 7, 7, 7, 7, 7, 7, 7, 7, 7, 7, 7, 7, 7, 7, 7, 7, 7, 7, 7, 7, 7, 7, 7, 7, 7, 7, 7, 7, 7, 3, 7, 7, 7, 7, 7, 7, 7, 7, 7, 7, 7, 7, 7, 3, 7, 7, 7, 7, 7, 7, 7, 7, 7, 7, 7, 7, 7, 7, 7, 7, 7, 7, 7, 7, 7, 7, 7, 7, 7, 7, 7, 7, 7, 7, 7, 7, 7, 7, 7, 7, 7, 7, 7, 7, 7, 7, 7, 7, 7, 7, 7, 7, 7, 7, 4, 7, 7, 7, 7, 7, 7, 4, 7, 7, 7, 5, 7, 7, 7, 7, 7, 5, 7, 7, 5, 7, 7, 5] 
dagM24.txt 3_2x4.txt True 0.1473922902494331 0.15 1234.0 [7, 7, 7, 7, 7, 7, 7, 7, 7, 7, 7, 7, 7, 7, 7, 7, 7, 7, 7, 7, 7, 7, 7, 7, 7, 7, 7, 7, 7, 7, 7, 7, 7, 7, 7, 7, 7, 7, 7, 7, 7, 7, 7, 7, 7, 7, 7, 3, 7, 7, 7, 7, 7, 7, 7, 7, 7, 7, 3, 7, 7, 3, 7, 7, 7, 7, 7, 7, 7, 7, 7, 7, 3, 7, 7, 3, 7, 7, 7, 7, 7, 3, 7, 6, 7, 7, 6, 7, 7, 7, 7, 6, 7, 6, 7, 7, 6, 7, 7, 6, 6, 7, 7, 6, 6, 6, 7, 6, 6, 6, 6, 6, 6, 6, 6, 6, 6, 6, 6, 6, 6, 6, 4, 6, 6, 6, 6, 5, 6, 6, 6, 6, 6, 5, 6, 4, 6, 6, 5, 4, 6, 1, 6, 6, 6, 5, 6, 1, 4, 5] 
dagM24.txt 3_2x4.txt True 0.19954648526077098 0.2 737.25 [7, 7, 7, 7, 7, 7, 7, 7, 7, 7, 7, 7, 7, 7, 7, 7, 7, 7, 7, 7, 7, 7, 7, 7, 7, 7, 7, 7, 7, 7, 7, 7, 7, 7, 7, 7, 7, 7, 7, 7, 7, 7, 7, 7, 7, 7, 7, 3, 7, 7, 7, 7, 7, 7, 7, 7, 7, 7, 3, 7, 7, 3, 7, 7, 7, 7, 7, 7, 7, 7, 7, 7, 3, 7, 7, 3, 7, 7, 7, 7, 7, 3, 7, 1, 7, 7, 1, 7, 7, 7, 7, 6, 7, 6, 7, 7, 1, 7, 7, 6, 1, 7, 7, 1, 6, 1, 7, 6, 6, 6, 6, 6, 6, 6, 1, 6, 6, 6, 6, 6, 1, 1, 4, 1, 6, 6, 5, 5, 6, 6, 6, 6, 6, 5, 6, 4, 6, 6, 5, 4, 6, 1, 1, 6, 6, 5, 6, 1, 4, 5] 
dagM24.txt 3_2x4.txt True 0.2925170068027211 0.3 367.0 [2, 3, 3, 3, 1, 3, 1, 3, 3, 2, 3, 3, 1, 3, 3, 1, 3, 3, 2, 3, 0, 1, 3, 3, 3, 3, 2, 2, 3, 3, 3, 3, 3, 3, 3, 5, 0, 3, 3, 3, 5, 3, 4, 0, 5, 2, 3, 5, 4, 5, 5, 5, 3, 5, 5, 4, 5, 5, 5, 5, 4, 1, 4, 5, 5, 5, 5, 5, 5, 5, 4, 5, 5, 5, 5, 5, 5, 1, 5, 5, 5, 5, 5, 6, 5, 5, 5, 5, 5, 5, 5, 5, 5, 5, 5, 5, 7, 5, 5, 5, 7, 5, 5, 6, 5, 6, 5, 7, 6, 7, 7, 7, 7, 7, 7, 7, 7, 7, 7, 7, 7, 6, 7, 7, 7, 7, 7, 7, 7, 7, 7, 7, 7, 7, 7, 7, 7, 7, 7, 7, 7, 7, 7, 7, 7, 7, 7, 7, 7, 7] 
dagM24.txt 3_2x4.txt True 0.39909297052154197 0.4 594.0 [4, 5, 5, 5, 4, 4, 4, 4, 5, 5, 4, 4, 4, 5, 5, 4, 5, 5, 4, 5, 4, 4, 5, 5, 7, 5, 4, 4, 5, 5, 6, 6, 5, 5, 6, 7, 4, 6, 7, 5, 7, 6, 6, 4, 7, 6, 7, 7, 6, 7, 7, 7, 6, 7, 6, 7, 3, 7, 7, 7, 6, 3, 6, 6, 6, 7, 7, 7, 7, 7, 6, 2, 2, 2, 3, 2, 2, 6, 7, 6, 3, 2, 2, 2, 3, 6, 2, 3, 2, 3, 2, 2, 2, 2, 3, 3, 2, 2, 3, 2, 0, 2, 3, 3, 3, 3, 2, 0, 3, 0, 0, 0, 0, 3, 0, 3, 0, 0, 0, 0, 1, 3, 0, 1, 0, 1, 1, 1, 0, 0, 1, 0, 1, 1, 0, 0, 1, 1, 1, 0, 1, 1, 1, 1, 1, 1, 1, 1, 0, 1] 
dagM24.txt 3_2x4.txt True 0.4943310657596372 0.5 384.0 [4, 5, 5, 5, 4, 4, 4, 4, 5, 5, 4, 1, 4, 5, 5, 1, 5, 5, 4, 5, 1, 4, 5, 5, 7, 5, 4, 1, 5, 5, 6, 1, 5, 5, 6, 7, 4, 1, 7, 5, 7, 6, 1, 1, 7, 6, 7, 7, 6, 7, 7, 7, 6, 7, 6, 7, 3, 7, 7, 7, 6, 3, 6, 6, 6, 7, 7, 7, 7, 7, 1, 2, 1, 2, 3, 2, 1, 1, 7, 6, 3, 2, 2, 1, 3, 6, 2, 3, 2, 3, 2, 2, 1, 2, 3, 3, 1, 2, 3, 2, 1, 2, 3, 3, 3, 3, 2, 1, 3, 0, 0, 0, 0, 3, 1, 3, 0, 0, 0, 0, 1, 3, 1, 1, 0, 1, 1, 1, 0, 0, 1, 0, 1, 1, 0, 1, 1, 1, 1, 0, 1, 1, 1, 1, 1, 1, 1, 1, 0, 1] 
dagM24.txt 3_2x4.txt True 0.5963718820861678 0.6 255.0 [4, 5, 7, 5, 4, 4, 1, 5, 5, 5, 4, 5, 4, 5, 5, 1, 5, 5, 4, 5, 5, 3, 5, 5, 7, 5, 4, 5, 5, 5, 6, 5, 5, 5, 3, 7, 4, 1, 7, 5, 7, 5, 5, 1, 7, 6, 7, 7, 6, 7, 7, 7, 6, 7, 6, 7, 3, 7, 7, 7, 6, 5, 6, 6, 3, 7, 7, 7, 7, 7, 3, 2, 1, 1, 3, 2, 1, 5, 7, 6, 3, 2, 2, 1, 7, 6, 1, 3, 2, 3, 2, 2, 3, 2, 3, 3, 7, 1, 3, 2, 3, 5, 3, 3, 3, 3, 2, 1, 3, 0, 3, 3, 1, 3, 1, 3, 0, 0, 0, 0, 1, 3, 3, 1, 0, 1, 1, 1, 3, 0, 1, 1, 1, 7, 0, 1, 1, 1, 1, 0, 1, 3, 1, 1, 1, 1, 1, 3, 0, 1] 
dagM24.txt 3_2x4.txt True 0.6122448979591837 0.7 242.5 [4, 5, 7, 5, 4, 4, 1, 5, 5, 5, 1, 5, 4, 5, 5, 1, 5, 5, 4, 5, 5, 3, 7, 5, 7, 5, 4, 5, 5, 5, 6, 5, 5, 5, 3, 7, 4, 1, 7, 5, 7, 5, 5, 7, 7, 6, 7, 7, 6, 7, 7, 7, 6, 7, 6, 7, 3, 7, 7, 7, 6, 5, 6, 6, 3, 7, 7, 7, 7, 7, 3, 2, 1, 1, 3, 2, 1, 5, 7, 6, 3, 2, 2, 1, 7, 6, 1, 3, 2, 3, 2, 2, 7, 2, 3, 3, 7, 1, 3, 2, 3, 5, 3, 3, 3, 3, 2, 1, 3, 0, 3, 3, 1, 3, 1, 3, 0, 0, 0, 0, 7, 3, 3, 1, 0, 1, 1, 1, 3, 0, 1, 1, 1, 7, 0, 1, 1, 1, 1, 0, 1, 3, 1, 1, 1, 1, 1, 3, 0, 1] 
dagM24.txt 3_2x4.txt True 0.6122448979591837 1 242.5 [4, 5, 7, 5, 4, 4, 1, 5, 5, 5, 1, 5, 4, 5, 5, 1, 5, 5, 4, 5, 5, 3, 7, 5, 7, 5, 4, 5, 5, 5, 6, 5, 5, 5, 3, 7, 4, 1, 7, 5, 7, 5, 5, 7, 7, 6, 7, 7, 6, 7, 7, 7, 6, 7, 6, 7, 3, 7, 7, 7, 6, 5, 6, 6, 3, 7, 7, 7, 7, 7, 3, 2, 1, 1, 3, 2, 1, 5, 7, 6, 3, 2, 2, 1, 7, 6, 1, 3, 2, 3, 2, 2, 7, 2, 3, 3, 7, 1, 3, 2, 3, 5, 3, 3, 3, 3, 2, 1, 3, 0, 3, 3, 1, 3, 1, 3, 0, 0, 0, 0, 7, 3, 3, 1, 0, 1, 1, 1, 3, 0, 1, 1, 1, 7, 0, 1, 1, 1, 1, 0, 1, 3, 1, 1, 1, 1, 1, 3, 0, 1] 
dagM24.txt 3_2x2.txt True 0.06802721088435375 0.07 2208.0 [3, 3, 0, 3, 3, 3, 3, 3, 3, 3, 3, 3, 3, 3, 3, 3, 3, 3, 3, 3, 3, 3, 0, 3, 3, 3, 3, 0, 3, 3, 3, 0, 3, 3, 3, 3, 3, 3, 3, 3, 3, 3, 3, 3, 3, 3, 3, 3, 3, 3, 3, 3, 3, 3, 3, 3, 3, 3, 3, 3, 3, 3, 3, 3, 3, 3, 3, 3, 3, 3, 2, 3, 3, 3, 3, 3, 3, 3, 3, 3, 3, 3, 3, 3, 3, 3, 3, 3, 3, 3, 3, 3, 2, 3, 3, 3, 3, 3, 3, 3, 3, 3, 3, 3, 3, 3, 3, 3, 3, 3, 3, 3, 3, 3, 3, 3, 3, 3, 3, 3, 3, 3, 3, 3, 3, 3, 3, 3, 3, 3, 3, 3, 3, 3, 3, 3, 3, 3, 3, 3, 3, 3, 3, 3, 3, 3, 3, 3, 3, 3] 
dagM24.txt 3_2x2.txt True 0.08843537414965986 0.1 2159.0 [3, 3, 0, 3, 3, 3, 3, 3, 3, 3, 3, 3, 3, 3, 3, 3, 3, 3, 3, 3, 3, 3, 0, 3, 3, 3, 3, 0, 3, 3, 3, 0, 3, 3, 3, 3, 3, 3, 3, 3, 3, 3, 0, 3, 3, 3, 3, 3, 3, 3, 3, 3, 3, 3, 3, 3, 3, 3, 3, 3, 3, 0, 3, 3, 3, 3, 3, 3, 3, 3, 2, 3, 3, 3, 3, 3, 3, 3, 3, 3, 3, 3, 3, 3, 3, 3, 3, 3, 3, 3, 3, 3, 2, 3, 3, 3, 3, 3, 3, 3, 3, 3, 3, 3, 3, 3, 3, 3, 3, 3, 3, 3, 3, 3, 3, 3, 3, 3, 3, 3, 3, 3, 3, 3, 3, 3, 3, 3, 3, 3, 3, 3, 3, 3, 3, 3, 3, 3, 3, 3, 3, 3, 3, 3, 3, 3, 3, 3, 3, 3] 
dagM24.txt 3_2x2.txt True 0.1383219954648526 0.15 1594.5 [3, 3, 0, 3, 3, 3, 3, 3, 3, 3, 3, 3, 3, 3, 3, 3, 3, 3, 3, 3, 3, 3, 0, 3, 3, 3, 3, 0, 3, 3, 3, 3, 3, 3, 3, 3, 3, 3, 3, 3, 3, 3, 3, 3, 3, 3, 3, 3, 3, 3, 3, 3, 3, 3, 3, 3, 3, 3, 3, 3, 3, 3, 3, 3, 3, 3, 3, 3, 3, 3, 3, 3, 3, 3, 3, 3, 3, 3, 3, 3, 3, 3, 3, 3, 3, 3, 3, 3, 3, 3, 3, 3, 3, 3, 3, 3, 3, 3, 3, 3, 1, 3, 3, 1, 3, 2, 3, 2, 1, 2, 2, 2, 2, 2, 1, 2, 2, 2, 2, 2, 2, 1, 2, 2, 2, 2, 2, 2, 2, 1, 2, 2, 2, 2, 2, 2, 2, 2, 2, 1, 2, 1, 1, 2, 2, 2, 2, 1, 2, 2] 
dagM24.txt 3_2x2.txt True 0.19954648526077098 0.2 639.0 [0, 0, 0, 0, 0, 0, 0, 0, 0, 0, 0, 0, 0, 0, 0, 0, 0, 0, 0, 0, 0, 0, 0, 0, 0, 0, 0, 0, 0, 0, 0, 0, 0, 0, 0, 1, 0, 0, 0, 0, 1, 0, 1, 0, 1, 1, 0, 1, 1, 1, 1, 1, 1, 1, 2, 1, 1, 1, 1, 1, 1, 1, 1, 2, 2, 1, 1, 1, 1, 1, 1, 2, 1, 1, 2, 1, 2, 2, 1, 2, 2, 1, 2, 2, 2, 2, 2, 2, 2, 2, 2, 1, 2, 2, 2, 2, 2, 2, 2, 2, 3, 2, 2, 2, 2, 3, 2, 3, 3, 3, 3, 3, 3, 3, 3, 3, 3, 3, 3, 3, 3, 3, 3, 3, 3, 3, 3, 3, 3, 3, 3, 3, 3, 3, 3, 3, 3, 3, 3, 3, 3, 0, 3, 3, 3, 3, 3, 3, 3, 3] 
dagM24.txt 3_2x2.txt True 0.28798185941043086 0.3 516.5 [3, 3, 0, 3, 3, 3, 3, 3, 3, 3, 3, 2, 3, 3, 3, 3, 3, 3, 3, 3, 3, 3, 0, 3, 3, 3, 3, 0, 3, 3, 2, 2, 3, 3, 2, 2, 3, 2, 3, 3, 2, 2, 2, 3, 2, 2, 2, 2, 2, 2, 2, 2, 2, 2, 2, 2, 2, 2, 2, 2, 2, 0, 2, 2, 2, 1, 2, 2, 2, 2, 2, 2, 2, 1, 1, 1, 2, 0, 2, 1, 1, 1, 1, 1, 0, 1, 0, 1, 1, 1, 1, 1, 1, 0, 1, 1, 1, 1, 1, 1, 0, 1, 1, 1, 0, 1, 1, 0, 1, 0, 0, 1, 0, 1, 0, 0, 0, 0, 0, 0, 0, 1, 0, 1, 0, 0, 0, 1, 0, 0, 0, 0, 0, 0, 0, 0, 0, 0, 0, 0, 0, 0, 0, 0, 0, 0, 0, 0, 0, 0] 
dagM24.txt 3_2x2.txt True 0.3242630385487528 0.4 471.6666666666667 [3, 3, 2, 3, 3, 3, 3, 3, 3, 3, 3, 2, 3, 0, 3, 3, 3, 3, 3, 3, 2, 3, 2, 3, 3, 3, 3, 0, 3, 3, 2, 2, 3, 3, 2, 2, 3, 2, 3, 3, 2, 2, 2, 3, 2, 2, 2, 2, 2, 2, 2, 2, 2, 2, 2, 2, 2, 2, 2, 2, 2, 0, 2, 2, 2, 1, 2, 2, 2, 2, 2, 2, 2, 1, 1, 1, 2, 0, 2, 1, 1, 1, 1, 1, 0, 1, 0, 1, 1, 1, 1, 1, 2, 0, 1, 1, 1, 1, 2, 1, 0, 1, 1, 1, 0, 1, 1, 0, 1, 0, 0, 1, 0, 1, 0, 0, 0, 0, 0, 0, 0, 1, 0, 1, 0, 0, 0, 1, 0, 0, 0, 0, 0, 0, 0, 0, 0, 0, 0, 0, 0, 0, 0, 0, 0, 0, 0, 0, 0, 0] 
dagM24.txt 3_2x2.txt True 0.3242630385487528 0.5 471.6666666666667 [3, 3, 2, 3, 3, 3, 3, 3, 3, 3, 3, 2, 3, 0, 3, 3, 3, 3, 3, 3, 2, 3, 2, 3, 3, 3, 3, 0, 3, 3, 2, 2, 3, 3, 2, 2, 3, 2, 3, 3, 2, 2, 2, 3, 2, 2, 2, 2, 2, 2, 2, 2, 2, 2, 2, 2, 2, 2, 2, 2, 2, 0, 2, 2, 2, 1, 2, 2, 2, 2, 2, 2, 2, 1, 1, 1, 2, 0, 2, 1, 1, 1, 1, 1, 0, 1, 0, 1, 1, 1, 1, 1, 2, 0, 1, 1, 1, 1, 2, 1, 0, 1, 1, 1, 0, 1, 1, 0, 1, 0, 0, 1, 0, 1, 0, 0, 0, 0, 0, 0, 0, 1, 0, 1, 0, 0, 0, 1, 0, 0, 0, 0, 0, 0, 0, 0, 0, 0, 0, 0, 0, 0, 0, 0, 0, 0, 0, 0, 0, 0] 
dagM24.txt 3_2x2.txt True 0.3242630385487528 0.6 471.6666666666667 [3, 3, 2, 3, 3, 3, 3, 3, 3, 3, 3, 2, 3, 0, 3, 3, 3, 3, 3, 3, 2, 3, 2, 3, 3, 3, 3, 0, 3, 3, 2, 2, 3, 3, 2, 2, 3, 2, 3, 3, 2, 2, 2, 3, 2, 2, 2, 2, 2, 2, 2, 2, 2, 2, 2, 2, 2, 2, 2, 2, 2, 0, 2, 2, 2, 1, 2, 2, 2, 2, 2, 2, 2, 1, 1, 1, 2, 0, 2, 1, 1, 1, 1, 1, 0, 1, 0, 1, 1, 1, 1, 1, 2, 0, 1, 1, 1, 1, 2, 1, 0, 1, 1, 1, 0, 1, 1, 0, 1, 0, 0, 1, 0, 1, 0, 0, 0, 0, 0, 0, 0, 1, 0, 1, 0, 0, 0, 1, 0, 0, 0, 0, 0, 0, 0, 0, 0, 0, 0, 0, 0, 0, 0, 0, 0, 0, 0, 0, 0, 0] 
dagM24.txt 3_2x2.txt True 0.3242630385487528 0.7 471.6666666666667 [3, 3, 2, 3, 3, 3, 3, 3, 3, 3, 3, 2, 3, 0, 3, 3, 3, 3, 3, 3, 2, 3, 2, 3, 3, 3, 3, 0, 3, 3, 2, 2, 3, 3, 2, 2, 3, 2, 3, 3, 2, 2, 2, 3, 2, 2, 2, 2, 2, 2, 2, 2, 2, 2, 2, 2, 2, 2, 2, 2, 2, 0, 2, 2, 2, 1, 2, 2, 2, 2, 2, 2, 2, 1, 1, 1, 2, 0, 2, 1, 1, 1, 1, 1, 0, 1, 0, 1, 1, 1, 1, 1, 2, 0, 1, 1, 1, 1, 2, 1, 0, 1, 1, 1, 0, 1, 1, 0, 1, 0, 0, 1, 0, 1, 0, 0, 0, 0, 0, 0, 0, 1, 0, 1, 0, 0, 0, 1, 0, 0, 0, 0, 0, 0, 0, 0, 0, 0, 0, 0, 0, 0, 0, 0, 0, 0, 0, 0, 0, 0] 
dagM24.txt 3_2x2.txt True 0.3242630385487528 1 471.6666666666667 [3, 3, 2, 3, 3, 3, 3, 3, 3, 3, 3, 2, 3, 0, 3, 3, 3, 3, 3, 3, 2, 3, 2, 3, 3, 3, 3, 0, 3, 3, 2, 2, 3, 3, 2, 2, 3, 2, 3, 3, 2, 2, 2, 3, 2, 2, 2, 2, 2, 2, 2, 2, 2, 2, 2, 2, 2, 2, 2, 2, 2, 0, 2, 2, 2, 1, 2, 2, 2, 2, 2, 2, 2, 1, 1, 1, 2, 0, 2, 1, 1, 1, 1, 1, 0, 1, 0, 1, 1, 1, 1, 1, 2, 0, 1, 1, 1, 1, 2, 1, 0, 1, 1, 1, 0, 1, 1, 0, 1, 0, 0, 1, 0, 1, 0, 0, 0, 0, 0, 0, 0, 1, 0, 1, 0, 0, 0, 1, 0, 0, 0, 0, 0, 0, 0, 0, 0, 0, 0, 0, 0, 0, 0, 0, 0, 0, 0, 0, 0, 0] 
dagM24.txt 3_2x1.txt True 0.06802721088435375 0.07 1386.0 [1, 1, 1, 1, 1, 1, 1, 1, 1, 1, 1, 1, 1, 1, 1, 1, 1, 1, 1, 1, 1, 1, 1, 1, 1, 1, 1, 1, 1, 1, 1, 1, 1, 1, 1, 1, 1, 1, 1, 1, 1, 1, 1, 1, 1, 1, 1, 1, 1, 1, 1, 1, 1, 1, 1, 1, 1, 1, 1, 1, 1, 1, 1, 1, 1, 1, 1, 1, 1, 1, 1, 1, 1, 1, 1, 1, 1, 1, 1, 1, 0, 1, 1, 0, 0, 1, 0, 0, 0, 0, 1, 0, 1, 0, 1, 0, 0, 0, 0, 0, 0, 0, 0, 0, 0, 0, 0, 0, 0, 0, 0, 0, 0, 0, 0, 0, 0, 0, 0, 0, 0, 0, 0, 0, 0, 0, 0, 0, 0, 0, 0, 0, 0, 0, 0, 0, 0, 0, 0, 0, 0, 0, 0, 0, 0, 0, 0, 0, 0, 0] 
dagM24.txt 3_2x1.txt True 0.09977324263038549 0.1 1151.5 [1, 1, 0, 1, 1, 1, 1, 1, 1, 1, 1, 1, 1, 1, 1, 1, 1, 1, 1, 1, 1, 1, 1, 1, 1, 1, 1, 1, 1, 1, 1, 1, 1, 1, 1, 1, 1, 1, 1, 1, 1, 1, 1, 1, 1, 1, 1, 1, 1, 1, 1, 1, 1, 1, 0, 1, 1, 1, 1, 1, 1, 1, 1, 0, 0, 1, 1, 1, 1, 1, 1, 0, 1, 0, 0, 1, 0, 0, 1, 0, 0, 0, 0, 0, 0, 1, 0, 0, 0, 0, 0, 0, 0, 0, 0, 0, 0, 0, 0, 0, 0, 0, 0, 0, 0, 0, 0, 0, 0, 0, 0, 0, 0, 0, 0, 0, 0, 0, 0, 0, 0, 0, 0, 0, 0, 0, 0, 0, 0, 0, 0, 0, 0, 0, 0, 0, 0, 0, 0, 0, 0, 0, 0, 0, 0, 0, 0, 0, 0, 0] 
dagM24.txt 3_2x1.txt True 0.14965986394557823 0.15 1029.0 [1, 1, 0, 1, 1, 1, 1, 1, 1, 1, 1, 1, 1, 1, 1, 1, 1, 1, 1, 1, 1, 1, 0, 1, 1, 1, 1, 0, 1, 1, 1, 0, 1, 1, 1, 1, 1, 1, 1, 1, 1, 1, 0, 1, 1, 1, 1, 1, 1, 1, 1, 1, 1, 1, 0, 1, 1, 1, 1, 1, 1, 0, 1, 0, 0, 1, 1, 1, 1, 1, 1, 0, 1, 0, 0, 1, 0, 0, 1, 0, 0, 0, 0, 0, 0, 1, 0, 0, 0, 0, 0, 0, 0, 0, 0, 0, 0, 0, 0, 0, 0, 0, 0, 0, 0, 0, 0, 0, 0, 0, 0, 0, 0, 0, 0, 0, 0, 0, 0, 0, 0, 0, 0, 0, 0, 0, 0, 0, 0, 0, 0, 0, 0, 0, 0, 0, 0, 0, 0, 0, 0, 0, 0, 0, 0, 0, 0, 0, 0, 0] 
dagM24.txt 3_2x1.txt True 0.1927437641723356 0.2 944.3333333333334 [1, 1, 0, 1, 1, 1, 1, 1, 1, 1, 1, 1, 1, 0, 1, 1, 1, 1, 1, 1, 1, 1, 0, 1, 1, 1, 1, 0, 1, 1, 1, 0, 1, 1, 1, 0, 1, 1, 1, 1, 1, 1, 0, 1, 1, 1, 1, 1, 1, 1, 1, 1, 1, 1, 0, 1, 1, 1, 1, 1, 1, 0, 1, 0, 0, 1, 1, 0, 1, 1, 0, 0, 1, 0, 0, 1, 0, 0, 1, 0, 0, 0, 0, 0, 0, 1, 0, 0, 0, 0, 0, 0, 0, 0, 0, 0, 0, 0, 0, 0, 0, 0, 0, 0, 0, 0, 0, 0, 0, 0, 0, 0, 0, 0, 0, 0, 0, 0, 0, 0, 0, 0, 0, 0, 0, 0, 0, 0, 0, 0, 0, 0, 0, 0, 0, 0, 0, 0, 0, 0, 0, 0, 0, 0, 0, 0, 0, 0, 0, 0] 
dagM24.txt 3_2x1.txt True 0.1927437641723356 0.3 944.3333333333334 [1, 1, 0, 1, 1, 1, 1, 1, 1, 1, 1, 1, 1, 0, 1, 1, 1, 1, 1, 1, 1, 1, 0, 1, 1, 1, 1, 0, 1, 1, 1, 0, 1, 1, 1, 0, 1, 1, 1, 1, 1, 1, 0, 1, 1, 1, 1, 1, 1, 1, 1, 1, 1, 1, 0, 1, 1, 1, 1, 1, 1, 0, 1, 0, 0, 1, 1, 0, 1, 1, 0, 0, 1, 0, 0, 1, 0, 0, 1, 0, 0, 0, 0, 0, 0, 1, 0, 0, 0, 0, 0, 0, 0, 0, 0, 0, 0, 0, 0, 0, 0, 0, 0, 0, 0, 0, 0, 0, 0, 0, 0, 0, 0, 0, 0, 0, 0, 0, 0, 0, 0, 0, 0, 0, 0, 0, 0, 0, 0, 0, 0, 0, 0, 0, 0, 0, 0, 0, 0, 0, 0, 0, 0, 0, 0, 0, 0, 0, 0, 0] 
dagM24.txt 3_2x1.txt True 0.1927437641723356 0.4 944.3333333333334 [1, 1, 0, 1, 1, 1, 1, 1, 1, 1, 1, 1, 1, 0, 1, 1, 1, 1, 1, 1, 1, 1, 0, 1, 1, 1, 1, 0, 1, 1, 1, 0, 1, 1, 1, 0, 1, 1, 1, 1, 1, 1, 0, 1, 1, 1, 1, 1, 1, 1, 1, 1, 1, 1, 0, 1, 1, 1, 1, 1, 1, 0, 1, 0, 0, 1, 1, 0, 1, 1, 0, 0, 1, 0, 0, 1, 0, 0, 1, 0, 0, 0, 0, 0, 0, 1, 0, 0, 0, 0, 0, 0, 0, 0, 0, 0, 0, 0, 0, 0, 0, 0, 0, 0, 0, 0, 0, 0, 0, 0, 0, 0, 0, 0, 0, 0, 0, 0, 0, 0, 0, 0, 0, 0, 0, 0, 0, 0, 0, 0, 0, 0, 0, 0, 0, 0, 0, 0, 0, 0, 0, 0, 0, 0, 0, 0, 0, 0, 0, 0] 
dagM24.txt 3_2x1.txt True 0.1927437641723356 0.5 944.3333333333334 [1, 1, 0, 1, 1, 1, 1, 1, 1, 1, 1, 1, 1, 0, 1, 1, 1, 1, 1, 1, 1, 1, 0, 1, 1, 1, 1, 0, 1, 1, 1, 0, 1, 1, 1, 0, 1, 1, 1, 1, 1, 1, 0, 1, 1, 1, 1, 1, 1, 1, 1, 1, 1, 1, 0, 1, 1, 1, 1, 1, 1, 0, 1, 0, 0, 1, 1, 0, 1, 1, 0, 0, 1, 0, 0, 1, 0, 0, 1, 0, 0, 0, 0, 0, 0, 1, 0, 0, 0, 0, 0, 0, 0, 0, 0, 0, 0, 0, 0, 0, 0, 0, 0, 0, 0, 0, 0, 0, 0, 0, 0, 0, 0, 0, 0, 0, 0, 0, 0, 0, 0, 0, 0, 0, 0, 0, 0, 0, 0, 0, 0, 0, 0, 0, 0, 0, 0, 0, 0, 0, 0, 0, 0, 0, 0, 0, 0, 0, 0, 0] 
dagM24.txt 3_2x1.txt True 0.1927437641723356 0.6 944.3333333333334 [1, 1, 0, 1, 1, 1, 1, 1, 1, 1, 1, 1, 1, 0, 1, 1, 1, 1, 1, 1, 1, 1, 0, 1, 1, 1, 1, 0, 1, 1, 1, 0, 1, 1, 1, 0, 1, 1, 1, 1, 1, 1, 0, 1, 1, 1, 1, 1, 1, 1, 1, 1, 1, 1, 0, 1, 1, 1, 1, 1, 1, 0, 1, 0, 0, 1, 1, 0, 1, 1, 0, 0, 1, 0, 0, 1, 0, 0, 1, 0, 0, 0, 0, 0, 0, 1, 0, 0, 0, 0, 0, 0, 0, 0, 0, 0, 0, 0, 0, 0, 0, 0, 0, 0, 0, 0, 0, 0, 0, 0, 0, 0, 0, 0, 0, 0, 0, 0, 0, 0, 0, 0, 0, 0, 0, 0, 0, 0, 0, 0, 0, 0, 0, 0, 0, 0, 0, 0, 0, 0, 0, 0, 0, 0, 0, 0, 0, 0, 0, 0] 
dagM24.txt 3_2x1.txt True 0.1927437641723356 0.7 944.3333333333334 [1, 1, 0, 1, 1, 1, 1, 1, 1, 1, 1, 1, 1, 0, 1, 1, 1, 1, 1, 1, 1, 1, 0, 1, 1, 1, 1, 0, 1, 1, 1, 0, 1, 1, 1, 0, 1, 1, 1, 1, 1, 1, 0, 1, 1, 1, 1, 1, 1, 1, 1, 1, 1, 1, 0, 1, 1, 1, 1, 1, 1, 0, 1, 0, 0, 1, 1, 0, 1, 1, 0, 0, 1, 0, 0, 1, 0, 0, 1, 0, 0, 0, 0, 0, 0, 1, 0, 0, 0, 0, 0, 0, 0, 0, 0, 0, 0, 0, 0, 0, 0, 0, 0, 0, 0, 0, 0, 0, 0, 0, 0, 0, 0, 0, 0, 0, 0, 0, 0, 0, 0, 0, 0, 0, 0, 0, 0, 0, 0, 0, 0, 0, 0, 0, 0, 0, 0, 0, 0, 0, 0, 0, 0, 0, 0, 0, 0, 0, 0, 0] 
dagM24.txt 3_2x1.txt True 0.1927437641723356 1 944.3333333333334 [1, 1, 0, 1, 1, 1, 1, 1, 1, 1, 1, 1, 1, 0, 1, 1, 1, 1, 1, 1, 1, 1, 0, 1, 1, 1, 1, 0, 1, 1, 1, 0, 1, 1, 1, 0, 1, 1, 1, 1, 1, 1, 0, 1, 1, 1, 1, 1, 1, 1, 1, 1, 1, 1, 0, 1, 1, 1, 1, 1, 1, 0, 1, 0, 0, 1, 1, 0, 1, 1, 0, 0, 1, 0, 0, 1, 0, 0, 1, 0, 0, 0, 0, 0, 0, 1, 0, 0, 0, 0, 0, 0, 0, 0, 0, 0, 0, 0, 0, 0, 0, 0, 0, 0, 0, 0, 0, 0, 0, 0, 0, 0, 0, 0, 0, 0, 0, 0, 0, 0, 0, 0, 0, 0, 0, 0, 0, 0, 0, 0, 0, 0, 0, 0, 0, 0, 0, 0, 0, 0, 0, 0, 0, 0, 0, 0, 0, 0, 0, 0] 
