dagP31.txt 1234x1.txt True 0.4007285974499089 0.5 544.5 [1, 1, 1, 1, 1, 1, 1, 1, 3, 3, 1, 3, 1, 1, 2, 1, 1, 1, 1, 1, 1, 1, 1, 1, 1, 1, 1, 3, 1, 1, 1, 0, 1, 1, 2, 1, 1, 1, 1, 1, 1, 0, 1, 0, 0, 3, 1, 0, 1, 1, 0, 3, 0, 3, 3, 0, 0, 0, 3, 0, 3, 3, 0, 3, 0, 0, 0, 0, 3, 3, 0, 3, 0, 3, 3, 0, 0, 3, 3, 3, 0, 3, 0, 2, 3, 0, 2, 2, 2, 0, 2, 2, 2, 2, 2, 0, 2, 2, 2, 2, 2, 2, 2, 2, 2, 2, 2, 2, 2, 2, 2, 2, 2, 2, 2, 2, 2, 2, 2, 2, 2, 2, 2, 2, 2, 2, 2, 2, 2, 3, 3, 2, 2, 3, 2, 2, 3, 2, 2, 3, 3, 2, 2, 3, 3, 2, 3, 3, 2, 3, 3, 3, 3, 3, 3, 3, 3, 3, 3, 3, 2, 3, 3, 3, 3, 3, 3, 3, 3, 3, 3, 3, 3, 3, 3, 3, 3, 3, 3, 3] 
dagP31.txt 1234x1.txt True 0.4007285974499089 0.6 544.5 [1, 1, 1, 1, 1, 1, 1, 1, 3, 3, 1, 3, 1, 1, 2, 1, 1, 1, 1, 1, 1, 1, 1, 1, 1, 1, 1, 3, 1, 1, 1, 0, 1, 1, 2, 1, 1, 1, 1, 1, 1, 0, 1, 0, 0, 3, 1, 0, 1, 1, 0, 3, 0, 3, 3, 0, 0, 0, 3, 0, 3, 3, 0, 3, 0, 0, 0, 0, 3, 3, 0, 3, 0, 3, 3, 0, 0, 3, 3, 3, 0, 3, 0, 2, 3, 0, 2, 2, 2, 0, 2, 2, 2, 2, 2, 0, 2, 2, 2, 2, 2, 2, 2, 2, 2, 2, 2, 2, 2, 2, 2, 2, 2, 2, 2, 2, 2, 2, 2, 2, 2, 2, 2, 2, 2, 2, 2, 2, 2, 3, 3, 2, 2, 3, 2, 2, 3, 2, 2, 3, 3, 2, 2, 3, 3, 2, 3, 3, 2, 3, 3, 3, 3, 3, 3, 3, 3, 3, 3, 3, 2, 3, 3, 3, 3, 3, 3, 3, 3, 3, 3, 3, 3, 3, 3, 3, 3, 3, 3, 3] 
dagP31.txt 1234x1.txt True 0.4007285974499089 0.7 544.5 [1, 1, 1, 1, 1, 1, 1, 1, 3, 3, 1, 3, 1, 1, 2, 1, 1, 1, 1, 1, 1, 1, 1, 1, 1, 1, 1, 3, 1, 1, 1, 0, 1, 1, 2, 1, 1, 1, 1, 1, 1, 0, 1, 0, 0, 3, 1, 0, 1, 1, 0, 3, 0, 3, 3, 0, 0, 0, 3, 0, 3, 3, 0, 3, 0, 0, 0, 0, 3, 3, 0, 3, 0, 3, 3, 0, 0, 3, 3, 3, 0, 3, 0, 2, 3, 0, 2, 2, 2, 0, 2, 2, 2, 2, 2, 0, 2, 2, 2, 2, 2, 2, 2, 2, 2, 2, 2, 2, 2, 2, 2, 2, 2, 2, 2, 2, 2, 2, 2, 2, 2, 2, 2, 2, 2, 2, 2, 2, 2, 3, 3, 2, 2, 3, 2, 2, 3, 2, 2, 3, 3, 2, 2, 3, 3, 2, 3, 3, 2, 3, 3, 3, 3, 3, 3, 3, 3, 3, 3, 3, 2, 3, 3, 3, 3, 3, 3, 3, 3, 3, 3, 3, 3, 3, 3, 3, 3, 3, 3, 3] 
dagP31.txt 1234x1.txt True 0.4007285974499089 0.8 544.5 [1, 1, 1, 1, 1, 1, 1, 1, 3, 3, 1, 3, 1, 1, 2, 1, 1, 1, 1, 1, 1, 1, 1, 1, 1, 1, 1, 3, 1, 1, 1, 0, 1, 1, 2, 1, 1, 1, 1, 1, 1, 0, 1, 0, 0, 3, 1, 0, 1, 1, 0, 3, 0, 3, 3, 0, 0, 0, 3, 0, 3, 3, 0, 3, 0, 0, 0, 0, 3, 3, 0, 3, 0, 3, 3, 0, 0, 3, 3, 3, 0, 3, 0, 2, 3, 0, 2, 2, 2, 0, 2, 2, 2, 2, 2, 0, 2, 2, 2, 2, 2, 2, 2, 2, 2, 2, 2, 2, 2, 2, 2, 2, 2, 2, 2, 2, 2, 2, 2, 2, 2, 2, 2, 2, 2, 2, 2, 2, 2, 3, 3, 2, 2, 3, 2, 2, 3, 2, 2, 3, 3, 2, 2, 3, 3, 2, 3, 3, 2, 3, 3, 3, 3, 3, 3, 3, 3, 3, 3, 3, 2, 3, 3, 3, 3, 3, 3, 3, 3, 3, 3, 3, 3, 3, 3, 3, 3, 3, 3, 3] 
dagP31.txt 1234x1.txt True 0.4007285974499089 0.9 544.5 [1, 1, 1, 1, 1, 1, 1, 1, 3, 3, 1, 3, 1, 1, 2, 1, 1, 1, 1, 1, 1, 1, 1, 1, 1, 1, 1, 3, 1, 1, 1, 0, 1, 1, 2, 1, 1, 1, 1, 1, 1, 0, 1, 0, 0, 3, 1, 0, 1, 1, 0, 3, 0, 3, 3, 0, 0, 0, 3, 0, 3, 3, 0, 3, 0, 0, 0, 0, 3, 3, 0, 3, 0, 3, 3, 0, 0, 3, 3, 3, 0, 3, 0, 2, 3, 0, 2, 2, 2, 0, 2, 2, 2, 2, 2, 0, 2, 2, 2, 2, 2, 2, 2, 2, 2, 2, 2, 2, 2, 2, 2, 2, 2, 2, 2, 2, 2, 2, 2, 2, 2, 2, 2, 2, 2, 2, 2, 2, 2, 3, 3, 2, 2, 3, 2, 2, 3, 2, 2, 3, 3, 2, 2, 3, 3, 2, 3, 3, 2, 3, 3, 3, 3, 3, 3, 3, 3, 3, 3, 3, 2, 3, 3, 3, 3, 3, 3, 3, 3, 3, 3, 3, 3, 3, 3, 3, 3, 3, 3, 3] 
dagP31.txt 1234x1.txt True 0.4007285974499089 1 544.5 [1, 1, 1, 1, 1, 1, 1, 1, 3, 3, 1, 3, 1, 1, 2, 1, 1, 1, 1, 1, 1, 1, 1, 1, 1, 1, 1, 3, 1, 1, 1, 0, 1, 1, 2, 1, 1, 1, 1, 1, 1, 0, 1, 0, 0, 3, 1, 0, 1, 1, 0, 3, 0, 3, 3, 0, 0, 0, 3, 0, 3, 3, 0, 3, 0, 0, 0, 0, 3, 3, 0, 3, 0, 3, 3, 0, 0, 3, 3, 3, 0, 3, 0, 2, 3, 0, 2, 2, 2, 0, 2, 2, 2, 2, 2, 0, 2, 2, 2, 2, 2, 2, 2, 2, 2, 2, 2, 2, 2, 2, 2, 2, 2, 2, 2, 2, 2, 2, 2, 2, 2, 2, 2, 2, 2, 2, 2, 2, 2, 3, 3, 2, 2, 3, 2, 2, 3, 2, 2, 3, 3, 2, 2, 3, 3, 2, 3, 3, 2, 3, 3, 3, 3, 3, 3, 3, 3, 3, 3, 3, 2, 3, 3, 3, 3, 3, 3, 3, 3, 3, 3, 3, 3, 3, 3, 3, 3, 3, 3, 3] 
dagP31.txt 1234x1.txt True 0.4007285974499089 0.5 544.5 [1, 1, 1, 1, 1, 1, 1, 1, 3, 3, 1, 3, 1, 1, 2, 1, 1, 1, 1, 1, 1, 1, 1, 1, 1, 1, 1, 3, 1, 1, 1, 0, 1, 1, 2, 1, 1, 1, 1, 1, 1, 0, 1, 0, 0, 3, 1, 0, 1, 1, 0, 3, 0, 3, 3, 0, 0, 0, 3, 0, 3, 3, 0, 3, 0, 0, 0, 0, 3, 3, 0, 3, 0, 3, 3, 0, 0, 3, 3, 3, 0, 3, 0, 2, 3, 0, 2, 2, 2, 0, 2, 2, 2, 2, 2, 0, 2, 2, 2, 2, 2, 2, 2, 2, 2, 2, 2, 2, 2, 2, 2, 2, 2, 2, 2, 2, 2, 2, 2, 2, 2, 2, 2, 2, 2, 2, 2, 2, 2, 3, 3, 2, 2, 3, 2, 2, 3, 2, 2, 3, 3, 2, 2, 3, 3, 2, 3, 3, 2, 3, 3, 3, 3, 3, 3, 3, 3, 3, 3, 3, 2, 3, 3, 3, 3, 3, 3, 3, 3, 3, 3, 3, 3, 3, 3, 3, 3, 3, 3, 3] 
dagP31.txt 1234x1.txt True 0.4007285974499089 0.6 544.5 [1, 1, 1, 1, 1, 1, 1, 1, 3, 3, 1, 3, 1, 1, 2, 1, 1, 1, 1, 1, 1, 1, 1, 1, 1, 1, 1, 3, 1, 1, 1, 0, 1, 1, 2, 1, 1, 1, 1, 1, 1, 0, 1, 0, 0, 3, 1, 0, 1, 1, 0, 3, 0, 3, 3, 0, 0, 0, 3, 0, 3, 3, 0, 3, 0, 0, 0, 0, 3, 3, 0, 3, 0, 3, 3, 0, 0, 3, 3, 3, 0, 3, 0, 2, 3, 0, 2, 2, 2, 0, 2, 2, 2, 2, 2, 0, 2, 2, 2, 2, 2, 2, 2, 2, 2, 2, 2, 2, 2, 2, 2, 2, 2, 2, 2, 2, 2, 2, 2, 2, 2, 2, 2, 2, 2, 2, 2, 2, 2, 3, 3, 2, 2, 3, 2, 2, 3, 2, 2, 3, 3, 2, 2, 3, 3, 2, 3, 3, 2, 3, 3, 3, 3, 3, 3, 3, 3, 3, 3, 3, 2, 3, 3, 3, 3, 3, 3, 3, 3, 3, 3, 3, 3, 3, 3, 3, 3, 3, 3, 3] 
dagP31.txt 1234x1.txt True 0.4007285974499089 0.7 544.5 [1, 1, 1, 1, 1, 1, 1, 1, 3, 3, 1, 3, 1, 1, 2, 1, 1, 1, 1, 1, 1, 1, 1, 1, 1, 1, 1, 3, 1, 1, 1, 0, 1, 1, 2, 1, 1, 1, 1, 1, 1, 0, 1, 0, 0, 3, 1, 0, 1, 1, 0, 3, 0, 3, 3, 0, 0, 0, 3, 0, 3, 3, 0, 3, 0, 0, 0, 0, 3, 3, 0, 3, 0, 3, 3, 0, 0, 3, 3, 3, 0, 3, 0, 2, 3, 0, 2, 2, 2, 0, 2, 2, 2, 2, 2, 0, 2, 2, 2, 2, 2, 2, 2, 2, 2, 2, 2, 2, 2, 2, 2, 2, 2, 2, 2, 2, 2, 2, 2, 2, 2, 2, 2, 2, 2, 2, 2, 2, 2, 3, 3, 2, 2, 3, 2, 2, 3, 2, 2, 3, 3, 2, 2, 3, 3, 2, 3, 3, 2, 3, 3, 3, 3, 3, 3, 3, 3, 3, 3, 3, 2, 3, 3, 3, 3, 3, 3, 3, 3, 3, 3, 3, 3, 3, 3, 3, 3, 3, 3, 3] 
dagP31.txt 1234x1.txt True 0.4007285974499089 0.8 544.5 [1, 1, 1, 1, 1, 1, 1, 1, 3, 3, 1, 3, 1, 1, 2, 1, 1, 1, 1, 1, 1, 1, 1, 1, 1, 1, 1, 3, 1, 1, 1, 0, 1, 1, 2, 1, 1, 1, 1, 1, 1, 0, 1, 0, 0, 3, 1, 0, 1, 1, 0, 3, 0, 3, 3, 0, 0, 0, 3, 0, 3, 3, 0, 3, 0, 0, 0, 0, 3, 3, 0, 3, 0, 3, 3, 0, 0, 3, 3, 3, 0, 3, 0, 2, 3, 0, 2, 2, 2, 0, 2, 2, 2, 2, 2, 0, 2, 2, 2, 2, 2, 2, 2, 2, 2, 2, 2, 2, 2, 2, 2, 2, 2, 2, 2, 2, 2, 2, 2, 2, 2, 2, 2, 2, 2, 2, 2, 2, 2, 3, 3, 2, 2, 3, 2, 2, 3, 2, 2, 3, 3, 2, 2, 3, 3, 2, 3, 3, 2, 3, 3, 3, 3, 3, 3, 3, 3, 3, 3, 3, 2, 3, 3, 3, 3, 3, 3, 3, 3, 3, 3, 3, 3, 3, 3, 3, 3, 3, 3, 3] 
dagP31.txt 1234x1.txt True 0.4007285974499089 0.9 544.5 [1, 1, 1, 1, 1, 1, 1, 1, 3, 3, 1, 3, 1, 1, 2, 1, 1, 1, 1, 1, 1, 1, 1, 1, 1, 1, 1, 3, 1, 1, 1, 0, 1, 1, 2, 1, 1, 1, 1, 1, 1, 0, 1, 0, 0, 3, 1, 0, 1, 1, 0, 3, 0, 3, 3, 0, 0, 0, 3, 0, 3, 3, 0, 3, 0, 0, 0, 0, 3, 3, 0, 3, 0, 3, 3, 0, 0, 3, 3, 3, 0, 3, 0, 2, 3, 0, 2, 2, 2, 0, 2, 2, 2, 2, 2, 0, 2, 2, 2, 2, 2, 2, 2, 2, 2, 2, 2, 2, 2, 2, 2, 2, 2, 2, 2, 2, 2, 2, 2, 2, 2, 2, 2, 2, 2, 2, 2, 2, 2, 3, 3, 2, 2, 3, 2, 2, 3, 2, 2, 3, 3, 2, 2, 3, 3, 2, 3, 3, 2, 3, 3, 3, 3, 3, 3, 3, 3, 3, 3, 3, 2, 3, 3, 3, 3, 3, 3, 3, 3, 3, 3, 3, 3, 3, 3, 3, 3, 3, 3, 3] 
dagP31.txt 1234x1.txt True 0.4007285974499089 1 544.5 [1, 1, 1, 1, 1, 1, 1, 1, 3, 3, 1, 3, 1, 1, 2, 1, 1, 1, 1, 1, 1, 1, 1, 1, 1, 1, 1, 3, 1, 1, 1, 0, 1, 1, 2, 1, 1, 1, 1, 1, 1, 0, 1, 0, 0, 3, 1, 0, 1, 1, 0, 3, 0, 3, 3, 0, 0, 0, 3, 0, 3, 3, 0, 3, 0, 0, 0, 0, 3, 3, 0, 3, 0, 3, 3, 0, 0, 3, 3, 3, 0, 3, 0, 2, 3, 0, 2, 2, 2, 0, 2, 2, 2, 2, 2, 0, 2, 2, 2, 2, 2, 2, 2, 2, 2, 2, 2, 2, 2, 2, 2, 2, 2, 2, 2, 2, 2, 2, 2, 2, 2, 2, 2, 2, 2, 2, 2, 2, 2, 3, 3, 2, 2, 3, 2, 2, 3, 2, 2, 3, 3, 2, 2, 3, 3, 2, 3, 3, 2, 3, 3, 3, 3, 3, 3, 3, 3, 3, 3, 3, 2, 3, 3, 3, 3, 3, 3, 3, 3, 3, 3, 3, 3, 3, 3, 3, 3, 3, 3, 3] 
dagP31.txt 1234x1.txt True 0.4007285974499089 0.5 544.5 [1, 1, 1, 1, 1, 1, 1, 1, 3, 3, 1, 3, 1, 1, 2, 1, 1, 1, 1, 1, 1, 1, 1, 1, 1, 1, 1, 3, 1, 1, 1, 0, 1, 1, 2, 1, 1, 1, 1, 1, 1, 0, 1, 0, 0, 3, 1, 0, 1, 1, 0, 3, 0, 3, 3, 0, 0, 0, 3, 0, 3, 3, 0, 3, 0, 0, 0, 0, 3, 3, 0, 3, 0, 3, 3, 0, 0, 3, 3, 3, 0, 3, 0, 2, 3, 0, 2, 2, 2, 0, 2, 2, 2, 2, 2, 0, 2, 2, 2, 2, 2, 2, 2, 2, 2, 2, 2, 2, 2, 2, 2, 2, 2, 2, 2, 2, 2, 2, 2, 2, 2, 2, 2, 2, 2, 2, 2, 2, 2, 3, 3, 2, 2, 3, 2, 2, 3, 2, 2, 3, 3, 2, 2, 3, 3, 2, 3, 3, 2, 3, 3, 3, 3, 3, 3, 3, 3, 3, 3, 3, 2, 3, 3, 3, 3, 3, 3, 3, 3, 3, 3, 3, 3, 3, 3, 3, 3, 3, 3, 3] 
dagP31.txt 1234x1.txt True 0.4007285974499089 0.6 544.5 [1, 1, 1, 1, 1, 1, 1, 1, 3, 3, 1, 3, 1, 1, 2, 1, 1, 1, 1, 1, 1, 1, 1, 1, 1, 1, 1, 3, 1, 1, 1, 0, 1, 1, 2, 1, 1, 1, 1, 1, 1, 0, 1, 0, 0, 3, 1, 0, 1, 1, 0, 3, 0, 3, 3, 0, 0, 0, 3, 0, 3, 3, 0, 3, 0, 0, 0, 0, 3, 3, 0, 3, 0, 3, 3, 0, 0, 3, 3, 3, 0, 3, 0, 2, 3, 0, 2, 2, 2, 0, 2, 2, 2, 2, 2, 0, 2, 2, 2, 2, 2, 2, 2, 2, 2, 2, 2, 2, 2, 2, 2, 2, 2, 2, 2, 2, 2, 2, 2, 2, 2, 2, 2, 2, 2, 2, 2, 2, 2, 3, 3, 2, 2, 3, 2, 2, 3, 2, 2, 3, 3, 2, 2, 3, 3, 2, 3, 3, 2, 3, 3, 3, 3, 3, 3, 3, 3, 3, 3, 3, 2, 3, 3, 3, 3, 3, 3, 3, 3, 3, 3, 3, 3, 3, 3, 3, 3, 3, 3, 3] 
dagP31.txt 1234x1.txt True 0.4007285974499089 0.7 544.5 [1, 1, 1, 1, 1, 1, 1, 1, 3, 3, 1, 3, 1, 1, 2, 1, 1, 1, 1, 1, 1, 1, 1, 1, 1, 1, 1, 3, 1, 1, 1, 0, 1, 1, 2, 1, 1, 1, 1, 1, 1, 0, 1, 0, 0, 3, 1, 0, 1, 1, 0, 3, 0, 3, 3, 0, 0, 0, 3, 0, 3, 3, 0, 3, 0, 0, 0, 0, 3, 3, 0, 3, 0, 3, 3, 0, 0, 3, 3, 3, 0, 3, 0, 2, 3, 0, 2, 2, 2, 0, 2, 2, 2, 2, 2, 0, 2, 2, 2, 2, 2, 2, 2, 2, 2, 2, 2, 2, 2, 2, 2, 2, 2, 2, 2, 2, 2, 2, 2, 2, 2, 2, 2, 2, 2, 2, 2, 2, 2, 3, 3, 2, 2, 3, 2, 2, 3, 2, 2, 3, 3, 2, 2, 3, 3, 2, 3, 3, 2, 3, 3, 3, 3, 3, 3, 3, 3, 3, 3, 3, 2, 3, 3, 3, 3, 3, 3, 3, 3, 3, 3, 3, 3, 3, 3, 3, 3, 3, 3, 3] 
dagP31.txt 1234x1.txt True 0.4007285974499089 0.8 544.5 [1, 1, 1, 1, 1, 1, 1, 1, 3, 3, 1, 3, 1, 1, 2, 1, 1, 1, 1, 1, 1, 1, 1, 1, 1, 1, 1, 3, 1, 1, 1, 0, 1, 1, 2, 1, 1, 1, 1, 1, 1, 0, 1, 0, 0, 3, 1, 0, 1, 1, 0, 3, 0, 3, 3, 0, 0, 0, 3, 0, 3, 3, 0, 3, 0, 0, 0, 0, 3, 3, 0, 3, 0, 3, 3, 0, 0, 3, 3, 3, 0, 3, 0, 2, 3, 0, 2, 2, 2, 0, 2, 2, 2, 2, 2, 0, 2, 2, 2, 2, 2, 2, 2, 2, 2, 2, 2, 2, 2, 2, 2, 2, 2, 2, 2, 2, 2, 2, 2, 2, 2, 2, 2, 2, 2, 2, 2, 2, 2, 3, 3, 2, 2, 3, 2, 2, 3, 2, 2, 3, 3, 2, 2, 3, 3, 2, 3, 3, 2, 3, 3, 3, 3, 3, 3, 3, 3, 3, 3, 3, 2, 3, 3, 3, 3, 3, 3, 3, 3, 3, 3, 3, 3, 3, 3, 3, 3, 3, 3, 3] 
dagP31.txt 1234x1.txt True 0.4007285974499089 0.9 544.5 [1, 1, 1, 1, 1, 1, 1, 1, 3, 3, 1, 3, 1, 1, 2, 1, 1, 1, 1, 1, 1, 1, 1, 1, 1, 1, 1, 3, 1, 1, 1, 0, 1, 1, 2, 1, 1, 1, 1, 1, 1, 0, 1, 0, 0, 3, 1, 0, 1, 1, 0, 3, 0, 3, 3, 0, 0, 0, 3, 0, 3, 3, 0, 3, 0, 0, 0, 0, 3, 3, 0, 3, 0, 3, 3, 0, 0, 3, 3, 3, 0, 3, 0, 2, 3, 0, 2, 2, 2, 0, 2, 2, 2, 2, 2, 0, 2, 2, 2, 2, 2, 2, 2, 2, 2, 2, 2, 2, 2, 2, 2, 2, 2, 2, 2, 2, 2, 2, 2, 2, 2, 2, 2, 2, 2, 2, 2, 2, 2, 3, 3, 2, 2, 3, 2, 2, 3, 2, 2, 3, 3, 2, 2, 3, 3, 2, 3, 3, 2, 3, 3, 3, 3, 3, 3, 3, 3, 3, 3, 3, 2, 3, 3, 3, 3, 3, 3, 3, 3, 3, 3, 3, 3, 3, 3, 3, 3, 3, 3, 3] 
dagP31.txt 1234x1.txt True 0.4007285974499089 1 544.5 [1, 1, 1, 1, 1, 1, 1, 1, 3, 3, 1, 3, 1, 1, 2, 1, 1, 1, 1, 1, 1, 1, 1, 1, 1, 1, 1, 3, 1, 1, 1, 0, 1, 1, 2, 1, 1, 1, 1, 1, 1, 0, 1, 0, 0, 3, 1, 0, 1, 1, 0, 3, 0, 3, 3, 0, 0, 0, 3, 0, 3, 3, 0, 3, 0, 0, 0, 0, 3, 3, 0, 3, 0, 3, 3, 0, 0, 3, 3, 3, 0, 3, 0, 2, 3, 0, 2, 2, 2, 0, 2, 2, 2, 2, 2, 0, 2, 2, 2, 2, 2, 2, 2, 2, 2, 2, 2, 2, 2, 2, 2, 2, 2, 2, 2, 2, 2, 2, 2, 2, 2, 2, 2, 2, 2, 2, 2, 2, 2, 3, 3, 2, 2, 3, 2, 2, 3, 2, 2, 3, 3, 2, 2, 3, 3, 2, 3, 3, 2, 3, 3, 3, 3, 3, 3, 3, 3, 3, 3, 3, 2, 3, 3, 3, 3, 3, 3, 3, 3, 3, 3, 3, 3, 3, 3, 3, 3, 3, 3, 3] 
dagP31.txt 1234x1.txt True 0.4007285974499089 0.5 544.5 [1, 1, 1, 1, 1, 1, 1, 1, 3, 3, 1, 3, 1, 1, 2, 1, 1, 1, 1, 1, 1, 1, 1, 1, 1, 1, 1, 3, 1, 1, 1, 0, 1, 1, 2, 1, 1, 1, 1, 1, 1, 0, 1, 0, 0, 3, 1, 0, 1, 1, 0, 3, 0, 3, 3, 0, 0, 0, 3, 0, 3, 3, 0, 3, 0, 0, 0, 0, 3, 3, 0, 3, 0, 3, 3, 0, 0, 3, 3, 3, 0, 3, 0, 2, 3, 0, 2, 2, 2, 0, 2, 2, 2, 2, 2, 0, 2, 2, 2, 2, 2, 2, 2, 2, 2, 2, 2, 2, 2, 2, 2, 2, 2, 2, 2, 2, 2, 2, 2, 2, 2, 2, 2, 2, 2, 2, 2, 2, 2, 3, 3, 2, 2, 3, 2, 2, 3, 2, 2, 3, 3, 2, 2, 3, 3, 2, 3, 3, 2, 3, 3, 3, 3, 3, 3, 3, 3, 3, 3, 3, 2, 3, 3, 3, 3, 3, 3, 3, 3, 3, 3, 3, 3, 3, 3, 3, 3, 3, 3, 3] 
dagP31.txt 1234x1.txt True 0.4007285974499089 0.6 544.5 [1, 1, 1, 1, 1, 1, 1, 1, 3, 3, 1, 3, 1, 1, 2, 1, 1, 1, 1, 1, 1, 1, 1, 1, 1, 1, 1, 3, 1, 1, 1, 0, 1, 1, 2, 1, 1, 1, 1, 1, 1, 0, 1, 0, 0, 3, 1, 0, 1, 1, 0, 3, 0, 3, 3, 0, 0, 0, 3, 0, 3, 3, 0, 3, 0, 0, 0, 0, 3, 3, 0, 3, 0, 3, 3, 0, 0, 3, 3, 3, 0, 3, 0, 2, 3, 0, 2, 2, 2, 0, 2, 2, 2, 2, 2, 0, 2, 2, 2, 2, 2, 2, 2, 2, 2, 2, 2, 2, 2, 2, 2, 2, 2, 2, 2, 2, 2, 2, 2, 2, 2, 2, 2, 2, 2, 2, 2, 2, 2, 3, 3, 2, 2, 3, 2, 2, 3, 2, 2, 3, 3, 2, 2, 3, 3, 2, 3, 3, 2, 3, 3, 3, 3, 3, 3, 3, 3, 3, 3, 3, 2, 3, 3, 3, 3, 3, 3, 3, 3, 3, 3, 3, 3, 3, 3, 3, 3, 3, 3, 3] 
dagP31.txt 1234x1.txt True 0.4007285974499089 0.7 544.5 [1, 1, 1, 1, 1, 1, 1, 1, 3, 3, 1, 3, 1, 1, 2, 1, 1, 1, 1, 1, 1, 1, 1, 1, 1, 1, 1, 3, 1, 1, 1, 0, 1, 1, 2, 1, 1, 1, 1, 1, 1, 0, 1, 0, 0, 3, 1, 0, 1, 1, 0, 3, 0, 3, 3, 0, 0, 0, 3, 0, 3, 3, 0, 3, 0, 0, 0, 0, 3, 3, 0, 3, 0, 3, 3, 0, 0, 3, 3, 3, 0, 3, 0, 2, 3, 0, 2, 2, 2, 0, 2, 2, 2, 2, 2, 0, 2, 2, 2, 2, 2, 2, 2, 2, 2, 2, 2, 2, 2, 2, 2, 2, 2, 2, 2, 2, 2, 2, 2, 2, 2, 2, 2, 2, 2, 2, 2, 2, 2, 3, 3, 2, 2, 3, 2, 2, 3, 2, 2, 3, 3, 2, 2, 3, 3, 2, 3, 3, 2, 3, 3, 3, 3, 3, 3, 3, 3, 3, 3, 3, 2, 3, 3, 3, 3, 3, 3, 3, 3, 3, 3, 3, 3, 3, 3, 3, 3, 3, 3, 3] 
dagP31.txt 1234x1.txt True 0.4007285974499089 0.8 544.5 [1, 1, 1, 1, 1, 1, 1, 1, 3, 3, 1, 3, 1, 1, 2, 1, 1, 1, 1, 1, 1, 1, 1, 1, 1, 1, 1, 3, 1, 1, 1, 0, 1, 1, 2, 1, 1, 1, 1, 1, 1, 0, 1, 0, 0, 3, 1, 0, 1, 1, 0, 3, 0, 3, 3, 0, 0, 0, 3, 0, 3, 3, 0, 3, 0, 0, 0, 0, 3, 3, 0, 3, 0, 3, 3, 0, 0, 3, 3, 3, 0, 3, 0, 2, 3, 0, 2, 2, 2, 0, 2, 2, 2, 2, 2, 0, 2, 2, 2, 2, 2, 2, 2, 2, 2, 2, 2, 2, 2, 2, 2, 2, 2, 2, 2, 2, 2, 2, 2, 2, 2, 2, 2, 2, 2, 2, 2, 2, 2, 3, 3, 2, 2, 3, 2, 2, 3, 2, 2, 3, 3, 2, 2, 3, 3, 2, 3, 3, 2, 3, 3, 3, 3, 3, 3, 3, 3, 3, 3, 3, 2, 3, 3, 3, 3, 3, 3, 3, 3, 3, 3, 3, 3, 3, 3, 3, 3, 3, 3, 3] 
dagP31.txt 1234x1.txt True 0.4007285974499089 0.9 544.5 [1, 1, 1, 1, 1, 1, 1, 1, 3, 3, 1, 3, 1, 1, 2, 1, 1, 1, 1, 1, 1, 1, 1, 1, 1, 1, 1, 3, 1, 1, 1, 0, 1, 1, 2, 1, 1, 1, 1, 1, 1, 0, 1, 0, 0, 3, 1, 0, 1, 1, 0, 3, 0, 3, 3, 0, 0, 0, 3, 0, 3, 3, 0, 3, 0, 0, 0, 0, 3, 3, 0, 3, 0, 3, 3, 0, 0, 3, 3, 3, 0, 3, 0, 2, 3, 0, 2, 2, 2, 0, 2, 2, 2, 2, 2, 0, 2, 2, 2, 2, 2, 2, 2, 2, 2, 2, 2, 2, 2, 2, 2, 2, 2, 2, 2, 2, 2, 2, 2, 2, 2, 2, 2, 2, 2, 2, 2, 2, 2, 3, 3, 2, 2, 3, 2, 2, 3, 2, 2, 3, 3, 2, 2, 3, 3, 2, 3, 3, 2, 3, 3, 3, 3, 3, 3, 3, 3, 3, 3, 3, 2, 3, 3, 3, 3, 3, 3, 3, 3, 3, 3, 3, 3, 3, 3, 3, 3, 3, 3, 3] 
dagP31.txt 1234x1.txt True 0.4007285974499089 1 544.5 [1, 1, 1, 1, 1, 1, 1, 1, 3, 3, 1, 3, 1, 1, 2, 1, 1, 1, 1, 1, 1, 1, 1, 1, 1, 1, 1, 3, 1, 1, 1, 0, 1, 1, 2, 1, 1, 1, 1, 1, 1, 0, 1, 0, 0, 3, 1, 0, 1, 1, 0, 3, 0, 3, 3, 0, 0, 0, 3, 0, 3, 3, 0, 3, 0, 0, 0, 0, 3, 3, 0, 3, 0, 3, 3, 0, 0, 3, 3, 3, 0, 3, 0, 2, 3, 0, 2, 2, 2, 0, 2, 2, 2, 2, 2, 0, 2, 2, 2, 2, 2, 2, 2, 2, 2, 2, 2, 2, 2, 2, 2, 2, 2, 2, 2, 2, 2, 2, 2, 2, 2, 2, 2, 2, 2, 2, 2, 2, 2, 3, 3, 2, 2, 3, 2, 2, 3, 2, 2, 3, 3, 2, 2, 3, 3, 2, 3, 3, 2, 3, 3, 3, 3, 3, 3, 3, 3, 3, 3, 3, 2, 3, 3, 3, 3, 3, 3, 3, 3, 3, 3, 3, 3, 3, 3, 3, 3, 3, 3, 3] 
dagP31.txt 1234x1.txt True 0.4007285974499089 0.5 544.5 [1, 1, 1, 1, 1, 1, 1, 1, 3, 3, 1, 3, 1, 1, 2, 1, 1, 1, 1, 1, 1, 1, 1, 1, 1, 1, 1, 3, 1, 1, 1, 0, 1, 1, 2, 1, 1, 1, 1, 1, 1, 0, 1, 0, 0, 3, 1, 0, 1, 1, 0, 3, 0, 3, 3, 0, 0, 0, 3, 0, 3, 3, 0, 3, 0, 0, 0, 0, 3, 3, 0, 3, 0, 3, 3, 0, 0, 3, 3, 3, 0, 3, 0, 2, 3, 0, 2, 2, 2, 0, 2, 2, 2, 2, 2, 0, 2, 2, 2, 2, 2, 2, 2, 2, 2, 2, 2, 2, 2, 2, 2, 2, 2, 2, 2, 2, 2, 2, 2, 2, 2, 2, 2, 2, 2, 2, 2, 2, 2, 3, 3, 2, 2, 3, 2, 2, 3, 2, 2, 3, 3, 2, 2, 3, 3, 2, 3, 3, 2, 3, 3, 3, 3, 3, 3, 3, 3, 3, 3, 3, 2, 3, 3, 3, 3, 3, 3, 3, 3, 3, 3, 3, 3, 3, 3, 3, 3, 3, 3, 3] 
dagP31.txt 1234x1.txt True 0.4007285974499089 0.6 544.5 [1, 1, 1, 1, 1, 1, 1, 1, 3, 3, 1, 3, 1, 1, 2, 1, 1, 1, 1, 1, 1, 1, 1, 1, 1, 1, 1, 3, 1, 1, 1, 0, 1, 1, 2, 1, 1, 1, 1, 1, 1, 0, 1, 0, 0, 3, 1, 0, 1, 1, 0, 3, 0, 3, 3, 0, 0, 0, 3, 0, 3, 3, 0, 3, 0, 0, 0, 0, 3, 3, 0, 3, 0, 3, 3, 0, 0, 3, 3, 3, 0, 3, 0, 2, 3, 0, 2, 2, 2, 0, 2, 2, 2, 2, 2, 0, 2, 2, 2, 2, 2, 2, 2, 2, 2, 2, 2, 2, 2, 2, 2, 2, 2, 2, 2, 2, 2, 2, 2, 2, 2, 2, 2, 2, 2, 2, 2, 2, 2, 3, 3, 2, 2, 3, 2, 2, 3, 2, 2, 3, 3, 2, 2, 3, 3, 2, 3, 3, 2, 3, 3, 3, 3, 3, 3, 3, 3, 3, 3, 3, 2, 3, 3, 3, 3, 3, 3, 3, 3, 3, 3, 3, 3, 3, 3, 3, 3, 3, 3, 3] 
dagP31.txt 1234x1.txt True 0.4007285974499089 0.7 544.5 [1, 1, 1, 1, 1, 1, 1, 1, 3, 3, 1, 3, 1, 1, 2, 1, 1, 1, 1, 1, 1, 1, 1, 1, 1, 1, 1, 3, 1, 1, 1, 0, 1, 1, 2, 1, 1, 1, 1, 1, 1, 0, 1, 0, 0, 3, 1, 0, 1, 1, 0, 3, 0, 3, 3, 0, 0, 0, 3, 0, 3, 3, 0, 3, 0, 0, 0, 0, 3, 3, 0, 3, 0, 3, 3, 0, 0, 3, 3, 3, 0, 3, 0, 2, 3, 0, 2, 2, 2, 0, 2, 2, 2, 2, 2, 0, 2, 2, 2, 2, 2, 2, 2, 2, 2, 2, 2, 2, 2, 2, 2, 2, 2, 2, 2, 2, 2, 2, 2, 2, 2, 2, 2, 2, 2, 2, 2, 2, 2, 3, 3, 2, 2, 3, 2, 2, 3, 2, 2, 3, 3, 2, 2, 3, 3, 2, 3, 3, 2, 3, 3, 3, 3, 3, 3, 3, 3, 3, 3, 3, 2, 3, 3, 3, 3, 3, 3, 3, 3, 3, 3, 3, 3, 3, 3, 3, 3, 3, 3, 3] 
dagP31.txt 1234x1.txt True 0.4007285974499089 0.8 544.5 [1, 1, 1, 1, 1, 1, 1, 1, 3, 3, 1, 3, 1, 1, 2, 1, 1, 1, 1, 1, 1, 1, 1, 1, 1, 1, 1, 3, 1, 1, 1, 0, 1, 1, 2, 1, 1, 1, 1, 1, 1, 0, 1, 0, 0, 3, 1, 0, 1, 1, 0, 3, 0, 3, 3, 0, 0, 0, 3, 0, 3, 3, 0, 3, 0, 0, 0, 0, 3, 3, 0, 3, 0, 3, 3, 0, 0, 3, 3, 3, 0, 3, 0, 2, 3, 0, 2, 2, 2, 0, 2, 2, 2, 2, 2, 0, 2, 2, 2, 2, 2, 2, 2, 2, 2, 2, 2, 2, 2, 2, 2, 2, 2, 2, 2, 2, 2, 2, 2, 2, 2, 2, 2, 2, 2, 2, 2, 2, 2, 3, 3, 2, 2, 3, 2, 2, 3, 2, 2, 3, 3, 2, 2, 3, 3, 2, 3, 3, 2, 3, 3, 3, 3, 3, 3, 3, 3, 3, 3, 3, 2, 3, 3, 3, 3, 3, 3, 3, 3, 3, 3, 3, 3, 3, 3, 3, 3, 3, 3, 3] 
dagP31.txt 1234x1.txt True 0.4007285974499089 0.9 544.5 [1, 1, 1, 1, 1, 1, 1, 1, 3, 3, 1, 3, 1, 1, 2, 1, 1, 1, 1, 1, 1, 1, 1, 1, 1, 1, 1, 3, 1, 1, 1, 0, 1, 1, 2, 1, 1, 1, 1, 1, 1, 0, 1, 0, 0, 3, 1, 0, 1, 1, 0, 3, 0, 3, 3, 0, 0, 0, 3, 0, 3, 3, 0, 3, 0, 0, 0, 0, 3, 3, 0, 3, 0, 3, 3, 0, 0, 3, 3, 3, 0, 3, 0, 2, 3, 0, 2, 2, 2, 0, 2, 2, 2, 2, 2, 0, 2, 2, 2, 2, 2, 2, 2, 2, 2, 2, 2, 2, 2, 2, 2, 2, 2, 2, 2, 2, 2, 2, 2, 2, 2, 2, 2, 2, 2, 2, 2, 2, 2, 3, 3, 2, 2, 3, 2, 2, 3, 2, 2, 3, 3, 2, 2, 3, 3, 2, 3, 3, 2, 3, 3, 3, 3, 3, 3, 3, 3, 3, 3, 3, 2, 3, 3, 3, 3, 3, 3, 3, 3, 3, 3, 3, 3, 3, 3, 3, 3, 3, 3, 3] 
dagP31.txt 1234x1.txt True 0.4007285974499089 1 544.5 [1, 1, 1, 1, 1, 1, 1, 1, 3, 3, 1, 3, 1, 1, 2, 1, 1, 1, 1, 1, 1, 1, 1, 1, 1, 1, 1, 3, 1, 1, 1, 0, 1, 1, 2, 1, 1, 1, 1, 1, 1, 0, 1, 0, 0, 3, 1, 0, 1, 1, 0, 3, 0, 3, 3, 0, 0, 0, 3, 0, 3, 3, 0, 3, 0, 0, 0, 0, 3, 3, 0, 3, 0, 3, 3, 0, 0, 3, 3, 3, 0, 3, 0, 2, 3, 0, 2, 2, 2, 0, 2, 2, 2, 2, 2, 0, 2, 2, 2, 2, 2, 2, 2, 2, 2, 2, 2, 2, 2, 2, 2, 2, 2, 2, 2, 2, 2, 2, 2, 2, 2, 2, 2, 2, 2, 2, 2, 2, 2, 3, 3, 2, 2, 3, 2, 2, 3, 2, 2, 3, 3, 2, 2, 3, 3, 2, 3, 3, 2, 3, 3, 3, 3, 3, 3, 3, 3, 3, 3, 3, 2, 3, 3, 3, 3, 3, 3, 3, 3, 3, 3, 3, 3, 3, 3, 3, 3, 3, 3, 3] 
dagP31.txt 1234x3.txt True 0.4972677595628415 0.5 770.0 [5, 5, 5, 5, 5, 5, 4, 5, 5, 5, 5, 5, 5, 5, 5, 5, 5, 5, 5, 5, 5, 4, 5, 5, 5, 3, 5, 5, 3, 4, 5, 4, 5, 5, 5, 5, 5, 5, 5, 5, 5, 1, 2, 2, 2, 2, 4, 1, 2, 2, 2, 2, 2, 2, 2, 2, 0, 2, 2, 2, 2, 2, 2, 2, 2, 2, 2, 2, 1, 1, 2, 2, 2, 2, 2, 0, 2, 2, 2, 2, 2, 2, 2, 2, 2, 2, 8, 2, 8, 2, 7, 2, 8, 8, 3, 2, 8, 3, 3, 2, 8, 8, 3, 8, 3, 8, 8, 3, 8, 8, 8, 8, 8, 8, 8, 7, 3, 3, 8, 3, 8, 8, 3, 8, 8, 3, 8, 8, 3, 8, 7, 8, 8, 8, 8, 8, 8, 3, 11, 11, 11, 8, 3, 11, 8, 11, 11, 8, 3, 7, 11, 11, 10, 11, 11, 11, 11, 11, 11, 10, 11, 11, 11, 3, 10, 11, 11, 11, 11, 11, 11, 11, 11, 11, 11, 11, 10, 11, 11, 11] 
dagP31.txt 1234x3.txt True 0.5974499089253188 0.6 313.6666666666667 [2, 2, 2, 2, 2, 2, 0, 2, 2, 2, 2, 2, 2, 2, 2, 2, 2, 2, 2, 2, 2, 0, 2, 2, 2, 2, 2, 0, 2, 0, 2, 0, 0, 1, 1, 2, 1, 1, 1, 1, 3, 3, 1, 5, 3, 0, 5, 3, 1, 5, 5, 5, 3, 2, 3, 4, 4, 4, 3, 4, 3, 3, 4, 3, 4, 3, 5, 4, 3, 3, 5, 3, 4, 5, 3, 4, 4, 3, 3, 5, 4, 3, 4, 3, 3, 4, 8, 3, 6, 4, 4, 6, 8, 8, 6, 3, 7, 7, 8, 4, 7, 6, 7, 7, 6, 7, 7, 6, 8, 7, 7, 6, 8, 7, 6, 8, 7, 7, 7, 7, 7, 7, 7, 7, 7, 7, 7, 7, 7, 7, 8, 7, 7, 7, 7, 7, 7, 7, 11, 11, 11, 7, 7, 11, 11, 11, 11, 11, 11, 8, 9, 11, 11, 11, 11, 11, 9, 11, 11, 11, 11, 10, 11, 11, 9, 11, 11, 11, 10, 10, 10, 9, 9, 11, 10, 9, 9, 10, 11, 10] 
dagP31.txt 1234x3.txt True 0.697632058287796 0.7 565.0 [4, 4, 4, 5, 4, 4, 4, 4, 4, 4, 4, 4, 5, 5, 3, 4, 3, 4, 3, 4, 4, 4, 4, 5, 3, 5, 5, 5, 5, 5, 3, 3, 3, 3, 3, 5, 3, 3, 3, 3, 3, 0, 3, 1, 0, 3, 3, 0, 3, 1, 3, 1, 1, 2, 2, 1, 0, 2, 0, 2, 2, 2, 1, 0, 2, 2, 1, 1, 0, 0, 2, 2, 2, 2, 0, 0, 2, 2, 2, 2, 1, 1, 2, 2, 2, 2, 9, 0, 9, 0, 10, 10, 10, 9, 9, 10, 9, 10, 10, 1, 10, 10, 9, 11, 9, 10, 9, 10, 9, 11, 11, 10, 10, 11, 10, 10, 11, 10, 11, 10, 10, 11, 11, 11, 10, 9, 11, 11, 10, 11, 9, 11, 11, 11, 11, 11, 11, 11, 11, 7, 7, 11, 11, 8, 7, 7, 7, 7, 8, 9, 6, 8, 8, 7, 7, 7, 6, 8, 7, 6, 6, 7, 8, 8, 6, 8, 8, 8, 7, 7, 7, 6, 6, 6, 7, 6, 6, 7, 8, 7] 
dagP31.txt 1234x3.txt True 0.761384335154827 0.8 187.0 [5, 5, 5, 4, 5, 5, 3, 5, 11, 2, 4, 11, 4, 4, 2, 5, 5, 5, 4, 5, 5, 3, 5, 4, 4, 7, 4, 3, 3, 3, 0, 3, 7, 3, 2, 3, 3, 11, 3, 3, 3, 0, 3, 2, 0, 3, 3, 0, 3, 2, 2, 2, 2, 1, 1, 2, 0, 1, 3, 1, 2, 10, 1, 11, 2, 1, 0, 2, 11, 7, 1, 7, 2, 2, 3, 0, 1, 1, 2, 2, 0, 2, 1, 6, 7, 1, 6, 1, 6, 1, 7, 6, 7, 6, 6, 6, 7, 7, 7, 0, 7, 7, 3, 8, 6, 7, 6, 6, 6, 8, 8, 7, 7, 7, 7, 7, 11, 7, 11, 7, 7, 8, 3, 8, 7, 6, 7, 6, 7, 11, 6, 8, 3, 11, 8, 8, 6, 3, 9, 11, 11, 8, 3, 9, 10, 6, 10, 11, 9, 6, 10, 11, 9, 10, 9, 11, 9, 11, 10, 9, 11, 10, 11, 9, 9, 11, 11, 11, 10, 10, 10, 10, 10, 10, 11, 9, 9, 11, 10, 10] 
dagP31.txt 1234x3.txt True 0.761384335154827 0.9 187.0 [5, 5, 5, 4, 5, 5, 3, 5, 11, 2, 4, 11, 4, 4, 2, 5, 5, 5, 4, 5, 5, 3, 5, 4, 4, 7, 4, 3, 3, 3, 0, 3, 7, 3, 2, 3, 3, 11, 3, 3, 3, 0, 3, 2, 0, 3, 3, 0, 3, 2, 2, 2, 2, 1, 1, 2, 0, 1, 3, 1, 2, 10, 1, 11, 2, 1, 0, 2, 11, 7, 1, 7, 2, 2, 3, 0, 1, 1, 2, 2, 0, 2, 1, 6, 7, 1, 6, 1, 6, 1, 7, 6, 7, 6, 6, 6, 7, 7, 7, 0, 7, 7, 3, 8, 6, 7, 6, 6, 6, 8, 8, 7, 7, 7, 7, 7, 11, 7, 11, 7, 7, 8, 3, 8, 7, 6, 7, 6, 7, 11, 6, 8, 3, 11, 8, 8, 6, 3, 9, 11, 11, 8, 3, 9, 10, 6, 10, 11, 9, 6, 10, 11, 9, 10, 9, 11, 9, 11, 10, 9, 11, 10, 11, 9, 9, 11, 11, 11, 10, 10, 10, 10, 10, 10, 11, 9, 9, 11, 10, 10] 
dagP31.txt 1234x3.txt True 0.761384335154827 1 187.0 [5, 5, 5, 4, 5, 5, 3, 5, 11, 2, 4, 11, 4, 4, 2, 5, 5, 5, 4, 5, 5, 3, 5, 4, 4, 7, 4, 3, 3, 3, 0, 3, 7, 3, 2, 3, 3, 11, 3, 3, 3, 0, 3, 2, 0, 3, 3, 0, 3, 2, 2, 2, 2, 1, 1, 2, 0, 1, 3, 1, 2, 10, 1, 11, 2, 1, 0, 2, 11, 7, 1, 7, 2, 2, 3, 0, 1, 1, 2, 2, 0, 2, 1, 6, 7, 1, 6, 1, 6, 1, 7, 6, 7, 6, 6, 6, 7, 7, 7, 0, 7, 7, 3, 8, 6, 7, 6, 6, 6, 8, 8, 7, 7, 7, 7, 7, 11, 7, 11, 7, 7, 8, 3, 8, 7, 6, 7, 6, 7, 11, 6, 8, 3, 11, 8, 8, 6, 3, 9, 11, 11, 8, 3, 9, 10, 6, 10, 11, 9, 6, 10, 11, 9, 10, 9, 11, 9, 11, 10, 9, 11, 10, 11, 9, 9, 11, 11, 11, 10, 10, 10, 10, 10, 10, 11, 9, 9, 11, 10, 10] 
dagP31.txt 1234x3.txt True 0.4972677595628415 0.5 770.0 [5, 5, 5, 5, 5, 5, 4, 5, 5, 5, 5, 5, 5, 5, 5, 5, 5, 5, 5, 5, 5, 4, 5, 5, 5, 3, 5, 5, 3, 4, 5, 4, 5, 5, 5, 5, 5, 5, 5, 5, 5, 1, 2, 2, 2, 2, 4, 1, 2, 2, 2, 2, 2, 2, 2, 2, 0, 2, 2, 2, 2, 2, 2, 2, 2, 2, 2, 2, 1, 1, 2, 2, 2, 2, 2, 0, 2, 2, 2, 2, 2, 2, 2, 2, 2, 2, 8, 2, 8, 2, 7, 2, 8, 8, 3, 2, 8, 3, 3, 2, 8, 8, 3, 8, 3, 8, 8, 3, 8, 8, 8, 8, 8, 8, 8, 7, 3, 3, 8, 3, 8, 8, 3, 8, 8, 3, 8, 8, 3, 8, 7, 8, 8, 8, 8, 8, 8, 3, 11, 11, 11, 8, 3, 11, 8, 11, 11, 8, 3, 7, 11, 11, 10, 11, 11, 11, 11, 11, 11, 10, 11, 11, 11, 3, 10, 11, 11, 11, 11, 11, 11, 11, 11, 11, 11, 11, 10, 11, 11, 11] 
dagP31.txt 1234x3.txt True 0.5974499089253188 0.6 313.6666666666667 [2, 2, 2, 2, 2, 2, 0, 2, 2, 2, 2, 2, 2, 2, 2, 2, 2, 2, 2, 2, 2, 0, 2, 2, 2, 2, 2, 0, 2, 0, 2, 0, 0, 1, 1, 2, 1, 1, 1, 1, 3, 3, 1, 5, 3, 0, 5, 3, 1, 5, 5, 5, 3, 2, 3, 4, 4, 4, 3, 4, 3, 3, 4, 3, 4, 3, 5, 4, 3, 3, 5, 3, 4, 5, 3, 4, 4, 3, 3, 5, 4, 3, 4, 3, 3, 4, 8, 3, 6, 4, 4, 6, 8, 8, 6, 3, 7, 7, 8, 4, 7, 6, 7, 7, 6, 7, 7, 6, 8, 7, 7, 6, 8, 7, 6, 8, 7, 7, 7, 7, 7, 7, 7, 7, 7, 7, 7, 7, 7, 7, 8, 7, 7, 7, 7, 7, 7, 7, 11, 11, 11, 7, 7, 11, 11, 11, 11, 11, 11, 8, 9, 11, 11, 11, 11, 11, 9, 11, 11, 11, 11, 10, 11, 11, 9, 11, 11, 11, 10, 10, 10, 9, 9, 11, 10, 9, 9, 10, 11, 10] 
dagP31.txt 1234x3.txt True 0.697632058287796 0.7 565.0 [4, 4, 4, 5, 4, 4, 4, 4, 4, 4, 4, 4, 5, 5, 3, 4, 3, 4, 3, 4, 4, 4, 4, 5, 3, 5, 5, 5, 5, 5, 3, 3, 3, 3, 3, 5, 3, 3, 3, 3, 3, 0, 3, 1, 0, 3, 3, 0, 3, 1, 3, 1, 1, 2, 2, 1, 0, 2, 0, 2, 2, 2, 1, 0, 2, 2, 1, 1, 0, 0, 2, 2, 2, 2, 0, 0, 2, 2, 2, 2, 1, 1, 2, 2, 2, 2, 9, 0, 9, 0, 10, 10, 10, 9, 9, 10, 9, 10, 10, 1, 10, 10, 9, 11, 9, 10, 9, 10, 9, 11, 11, 10, 10, 11, 10, 10, 11, 10, 11, 10, 10, 11, 11, 11, 10, 9, 11, 11, 10, 11, 9, 11, 11, 11, 11, 11, 11, 11, 11, 7, 7, 11, 11, 8, 7, 7, 7, 7, 8, 9, 6, 8, 8, 7, 7, 7, 6, 8, 7, 6, 6, 7, 8, 8, 6, 8, 8, 8, 7, 7, 7, 6, 6, 6, 7, 6, 6, 7, 8, 7] 
dagP31.txt 1234x3.txt True 0.761384335154827 0.8 187.0 [5, 5, 5, 4, 5, 5, 3, 5, 11, 2, 4, 11, 4, 4, 2, 5, 5, 5, 4, 5, 5, 3, 5, 4, 4, 7, 4, 3, 3, 3, 0, 3, 7, 3, 2, 3, 3, 11, 3, 3, 3, 0, 3, 2, 0, 3, 3, 0, 3, 2, 2, 2, 2, 1, 1, 2, 0, 1, 3, 1, 2, 10, 1, 11, 2, 1, 0, 2, 11, 7, 1, 7, 2, 2, 3, 0, 1, 1, 2, 2, 0, 2, 1, 6, 7, 1, 6, 1, 6, 1, 7, 6, 7, 6, 6, 6, 7, 7, 7, 0, 7, 7, 3, 8, 6, 7, 6, 6, 6, 8, 8, 7, 7, 7, 7, 7, 11, 7, 11, 7, 7, 8, 3, 8, 7, 6, 7, 6, 7, 11, 6, 8, 3, 11, 8, 8, 6, 3, 9, 11, 11, 8, 3, 9, 10, 6, 10, 11, 9, 6, 10, 11, 9, 10, 9, 11, 9, 11, 10, 9, 11, 10, 11, 9, 9, 11, 11, 11, 10, 10, 10, 10, 10, 10, 11, 9, 9, 11, 10, 10] 
dagP31.txt 1234x3.txt True 0.761384335154827 0.9 187.0 [5, 5, 5, 4, 5, 5, 3, 5, 11, 2, 4, 11, 4, 4, 2, 5, 5, 5, 4, 5, 5, 3, 5, 4, 4, 7, 4, 3, 3, 3, 0, 3, 7, 3, 2, 3, 3, 11, 3, 3, 3, 0, 3, 2, 0, 3, 3, 0, 3, 2, 2, 2, 2, 1, 1, 2, 0, 1, 3, 1, 2, 10, 1, 11, 2, 1, 0, 2, 11, 7, 1, 7, 2, 2, 3, 0, 1, 1, 2, 2, 0, 2, 1, 6, 7, 1, 6, 1, 6, 1, 7, 6, 7, 6, 6, 6, 7, 7, 7, 0, 7, 7, 3, 8, 6, 7, 6, 6, 6, 8, 8, 7, 7, 7, 7, 7, 11, 7, 11, 7, 7, 8, 3, 8, 7, 6, 7, 6, 7, 11, 6, 8, 3, 11, 8, 8, 6, 3, 9, 11, 11, 8, 3, 9, 10, 6, 10, 11, 9, 6, 10, 11, 9, 10, 9, 11, 9, 11, 10, 9, 11, 10, 11, 9, 9, 11, 11, 11, 10, 10, 10, 10, 10, 10, 11, 9, 9, 11, 10, 10] 
dagP31.txt 1234x3.txt True 0.761384335154827 1 187.0 [5, 5, 5, 4, 5, 5, 3, 5, 11, 2, 4, 11, 4, 4, 2, 5, 5, 5, 4, 5, 5, 3, 5, 4, 4, 7, 4, 3, 3, 3, 0, 3, 7, 3, 2, 3, 3, 11, 3, 3, 3, 0, 3, 2, 0, 3, 3, 0, 3, 2, 2, 2, 2, 1, 1, 2, 0, 1, 3, 1, 2, 10, 1, 11, 2, 1, 0, 2, 11, 7, 1, 7, 2, 2, 3, 0, 1, 1, 2, 2, 0, 2, 1, 6, 7, 1, 6, 1, 6, 1, 7, 6, 7, 6, 6, 6, 7, 7, 7, 0, 7, 7, 3, 8, 6, 7, 6, 6, 6, 8, 8, 7, 7, 7, 7, 7, 11, 7, 11, 7, 7, 8, 3, 8, 7, 6, 7, 6, 7, 11, 6, 8, 3, 11, 8, 8, 6, 3, 9, 11, 11, 8, 3, 9, 10, 6, 10, 11, 9, 6, 10, 11, 9, 10, 9, 11, 9, 11, 10, 9, 11, 10, 11, 9, 9, 11, 11, 11, 10, 10, 10, 10, 10, 10, 11, 9, 9, 11, 10, 10] 
dagP31.txt 1234x3.txt True 0.4972677595628415 0.5 770.0 [5, 5, 5, 5, 5, 5, 4, 5, 5, 5, 5, 5, 5, 5, 5, 5, 5, 5, 5, 5, 5, 4, 5, 5, 5, 3, 5, 5, 3, 4, 5, 4, 5, 5, 5, 5, 5, 5, 5, 5, 5, 1, 2, 2, 2, 2, 4, 1, 2, 2, 2, 2, 2, 2, 2, 2, 0, 2, 2, 2, 2, 2, 2, 2, 2, 2, 2, 2, 1, 1, 2, 2, 2, 2, 2, 0, 2, 2, 2, 2, 2, 2, 2, 2, 2, 2, 8, 2, 8, 2, 7, 2, 8, 8, 3, 2, 8, 3, 3, 2, 8, 8, 3, 8, 3, 8, 8, 3, 8, 8, 8, 8, 8, 8, 8, 7, 3, 3, 8, 3, 8, 8, 3, 8, 8, 3, 8, 8, 3, 8, 7, 8, 8, 8, 8, 8, 8, 3, 11, 11, 11, 8, 3, 11, 8, 11, 11, 8, 3, 7, 11, 11, 10, 11, 11, 11, 11, 11, 11, 10, 11, 11, 11, 3, 10, 11, 11, 11, 11, 11, 11, 11, 11, 11, 11, 11, 10, 11, 11, 11] 
dagP31.txt 1234x3.txt True 0.5974499089253188 0.6 313.6666666666667 [2, 2, 2, 2, 2, 2, 0, 2, 2, 2, 2, 2, 2, 2, 2, 2, 2, 2, 2, 2, 2, 0, 2, 2, 2, 2, 2, 0, 2, 0, 2, 0, 0, 1, 1, 2, 1, 1, 1, 1, 3, 3, 1, 5, 3, 0, 5, 3, 1, 5, 5, 5, 3, 2, 3, 4, 4, 4, 3, 4, 3, 3, 4, 3, 4, 3, 5, 4, 3, 3, 5, 3, 4, 5, 3, 4, 4, 3, 3, 5, 4, 3, 4, 3, 3, 4, 8, 3, 6, 4, 4, 6, 8, 8, 6, 3, 7, 7, 8, 4, 7, 6, 7, 7, 6, 7, 7, 6, 8, 7, 7, 6, 8, 7, 6, 8, 7, 7, 7, 7, 7, 7, 7, 7, 7, 7, 7, 7, 7, 7, 8, 7, 7, 7, 7, 7, 7, 7, 11, 11, 11, 7, 7, 11, 11, 11, 11, 11, 11, 8, 9, 11, 11, 11, 11, 11, 9, 11, 11, 11, 11, 10, 11, 11, 9, 11, 11, 11, 10, 10, 10, 9, 9, 11, 10, 9, 9, 10, 11, 10] 
dagP31.txt 1234x3.txt True 0.697632058287796 0.7 565.0 [4, 4, 4, 5, 4, 4, 4, 4, 4, 4, 4, 4, 5, 5, 3, 4, 3, 4, 3, 4, 4, 4, 4, 5, 3, 5, 5, 5, 5, 5, 3, 3, 3, 3, 3, 5, 3, 3, 3, 3, 3, 0, 3, 1, 0, 3, 3, 0, 3, 1, 3, 1, 1, 2, 2, 1, 0, 2, 0, 2, 2, 2, 1, 0, 2, 2, 1, 1, 0, 0, 2, 2, 2, 2, 0, 0, 2, 2, 2, 2, 1, 1, 2, 2, 2, 2, 9, 0, 9, 0, 10, 10, 10, 9, 9, 10, 9, 10, 10, 1, 10, 10, 9, 11, 9, 10, 9, 10, 9, 11, 11, 10, 10, 11, 10, 10, 11, 10, 11, 10, 10, 11, 11, 11, 10, 9, 11, 11, 10, 11, 9, 11, 11, 11, 11, 11, 11, 11, 11, 7, 7, 11, 11, 8, 7, 7, 7, 7, 8, 9, 6, 8, 8, 7, 7, 7, 6, 8, 7, 6, 6, 7, 8, 8, 6, 8, 8, 8, 7, 7, 7, 6, 6, 6, 7, 6, 6, 7, 8, 7] 
dagP31.txt 1234x3.txt True 0.761384335154827 0.8 187.0 [5, 5, 5, 4, 5, 5, 3, 5, 11, 2, 4, 11, 4, 4, 2, 5, 5, 5, 4, 5, 5, 3, 5, 4, 4, 7, 4, 3, 3, 3, 0, 3, 7, 3, 2, 3, 3, 11, 3, 3, 3, 0, 3, 2, 0, 3, 3, 0, 3, 2, 2, 2, 2, 1, 1, 2, 0, 1, 3, 1, 2, 10, 1, 11, 2, 1, 0, 2, 11, 7, 1, 7, 2, 2, 3, 0, 1, 1, 2, 2, 0, 2, 1, 6, 7, 1, 6, 1, 6, 1, 7, 6, 7, 6, 6, 6, 7, 7, 7, 0, 7, 7, 3, 8, 6, 7, 6, 6, 6, 8, 8, 7, 7, 7, 7, 7, 11, 7, 11, 7, 7, 8, 3, 8, 7, 6, 7, 6, 7, 11, 6, 8, 3, 11, 8, 8, 6, 3, 9, 11, 11, 8, 3, 9, 10, 6, 10, 11, 9, 6, 10, 11, 9, 10, 9, 11, 9, 11, 10, 9, 11, 10, 11, 9, 9, 11, 11, 11, 10, 10, 10, 10, 10, 10, 11, 9, 9, 11, 10, 10] 
dagP31.txt 1234x3.txt True 0.761384335154827 0.9 187.0 [5, 5, 5, 4, 5, 5, 3, 5, 11, 2, 4, 11, 4, 4, 2, 5, 5, 5, 4, 5, 5, 3, 5, 4, 4, 7, 4, 3, 3, 3, 0, 3, 7, 3, 2, 3, 3, 11, 3, 3, 3, 0, 3, 2, 0, 3, 3, 0, 3, 2, 2, 2, 2, 1, 1, 2, 0, 1, 3, 1, 2, 10, 1, 11, 2, 1, 0, 2, 11, 7, 1, 7, 2, 2, 3, 0, 1, 1, 2, 2, 0, 2, 1, 6, 7, 1, 6, 1, 6, 1, 7, 6, 7, 6, 6, 6, 7, 7, 7, 0, 7, 7, 3, 8, 6, 7, 6, 6, 6, 8, 8, 7, 7, 7, 7, 7, 11, 7, 11, 7, 7, 8, 3, 8, 7, 6, 7, 6, 7, 11, 6, 8, 3, 11, 8, 8, 6, 3, 9, 11, 11, 8, 3, 9, 10, 6, 10, 11, 9, 6, 10, 11, 9, 10, 9, 11, 9, 11, 10, 9, 11, 10, 11, 9, 9, 11, 11, 11, 10, 10, 10, 10, 10, 10, 11, 9, 9, 11, 10, 10] 
dagP31.txt 1234x3.txt True 0.761384335154827 1 187.0 [5, 5, 5, 4, 5, 5, 3, 5, 11, 2, 4, 11, 4, 4, 2, 5, 5, 5, 4, 5, 5, 3, 5, 4, 4, 7, 4, 3, 3, 3, 0, 3, 7, 3, 2, 3, 3, 11, 3, 3, 3, 0, 3, 2, 0, 3, 3, 0, 3, 2, 2, 2, 2, 1, 1, 2, 0, 1, 3, 1, 2, 10, 1, 11, 2, 1, 0, 2, 11, 7, 1, 7, 2, 2, 3, 0, 1, 1, 2, 2, 0, 2, 1, 6, 7, 1, 6, 1, 6, 1, 7, 6, 7, 6, 6, 6, 7, 7, 7, 0, 7, 7, 3, 8, 6, 7, 6, 6, 6, 8, 8, 7, 7, 7, 7, 7, 11, 7, 11, 7, 7, 8, 3, 8, 7, 6, 7, 6, 7, 11, 6, 8, 3, 11, 8, 8, 6, 3, 9, 11, 11, 8, 3, 9, 10, 6, 10, 11, 9, 6, 10, 11, 9, 10, 9, 11, 9, 11, 10, 9, 11, 10, 11, 9, 9, 11, 11, 11, 10, 10, 10, 10, 10, 10, 11, 9, 9, 11, 10, 10] 
dagP31.txt 1234x3.txt True 0.4972677595628415 0.5 770.0 [5, 5, 5, 5, 5, 5, 4, 5, 5, 5, 5, 5, 5, 5, 5, 5, 5, 5, 5, 5, 5, 4, 5, 5, 5, 3, 5, 5, 3, 4, 5, 4, 5, 5, 5, 5, 5, 5, 5, 5, 5, 1, 2, 2, 2, 2, 4, 1, 2, 2, 2, 2, 2, 2, 2, 2, 0, 2, 2, 2, 2, 2, 2, 2, 2, 2, 2, 2, 1, 1, 2, 2, 2, 2, 2, 0, 2, 2, 2, 2, 2, 2, 2, 2, 2, 2, 8, 2, 8, 2, 7, 2, 8, 8, 3, 2, 8, 3, 3, 2, 8, 8, 3, 8, 3, 8, 8, 3, 8, 8, 8, 8, 8, 8, 8, 7, 3, 3, 8, 3, 8, 8, 3, 8, 8, 3, 8, 8, 3, 8, 7, 8, 8, 8, 8, 8, 8, 3, 11, 11, 11, 8, 3, 11, 8, 11, 11, 8, 3, 7, 11, 11, 10, 11, 11, 11, 11, 11, 11, 10, 11, 11, 11, 3, 10, 11, 11, 11, 11, 11, 11, 11, 11, 11, 11, 11, 10, 11, 11, 11] 
dagP31.txt 1234x3.txt True 0.5974499089253188 0.6 313.6666666666667 [2, 2, 2, 2, 2, 2, 0, 2, 2, 2, 2, 2, 2, 2, 2, 2, 2, 2, 2, 2, 2, 0, 2, 2, 2, 2, 2, 0, 2, 0, 2, 0, 0, 1, 1, 2, 1, 1, 1, 1, 3, 3, 1, 5, 3, 0, 5, 3, 1, 5, 5, 5, 3, 2, 3, 4, 4, 4, 3, 4, 3, 3, 4, 3, 4, 3, 5, 4, 3, 3, 5, 3, 4, 5, 3, 4, 4, 3, 3, 5, 4, 3, 4, 3, 3, 4, 8, 3, 6, 4, 4, 6, 8, 8, 6, 3, 7, 7, 8, 4, 7, 6, 7, 7, 6, 7, 7, 6, 8, 7, 7, 6, 8, 7, 6, 8, 7, 7, 7, 7, 7, 7, 7, 7, 7, 7, 7, 7, 7, 7, 8, 7, 7, 7, 7, 7, 7, 7, 11, 11, 11, 7, 7, 11, 11, 11, 11, 11, 11, 8, 9, 11, 11, 11, 11, 11, 9, 11, 11, 11, 11, 10, 11, 11, 9, 11, 11, 11, 10, 10, 10, 9, 9, 11, 10, 9, 9, 10, 11, 10] 
dagP31.txt 1234x3.txt True 0.697632058287796 0.7 565.0 [4, 4, 4, 5, 4, 4, 4, 4, 4, 4, 4, 4, 5, 5, 3, 4, 3, 4, 3, 4, 4, 4, 4, 5, 3, 5, 5, 5, 5, 5, 3, 3, 3, 3, 3, 5, 3, 3, 3, 3, 3, 0, 3, 1, 0, 3, 3, 0, 3, 1, 3, 1, 1, 2, 2, 1, 0, 2, 0, 2, 2, 2, 1, 0, 2, 2, 1, 1, 0, 0, 2, 2, 2, 2, 0, 0, 2, 2, 2, 2, 1, 1, 2, 2, 2, 2, 9, 0, 9, 0, 10, 10, 10, 9, 9, 10, 9, 10, 10, 1, 10, 10, 9, 11, 9, 10, 9, 10, 9, 11, 11, 10, 10, 11, 10, 10, 11, 10, 11, 10, 10, 11, 11, 11, 10, 9, 11, 11, 10, 11, 9, 11, 11, 11, 11, 11, 11, 11, 11, 7, 7, 11, 11, 8, 7, 7, 7, 7, 8, 9, 6, 8, 8, 7, 7, 7, 6, 8, 7, 6, 6, 7, 8, 8, 6, 8, 8, 8, 7, 7, 7, 6, 6, 6, 7, 6, 6, 7, 8, 7] 
dagP31.txt 1234x3.txt True 0.761384335154827 0.8 187.0 [5, 5, 5, 4, 5, 5, 3, 5, 11, 2, 4, 11, 4, 4, 2, 5, 5, 5, 4, 5, 5, 3, 5, 4, 4, 7, 4, 3, 3, 3, 0, 3, 7, 3, 2, 3, 3, 11, 3, 3, 3, 0, 3, 2, 0, 3, 3, 0, 3, 2, 2, 2, 2, 1, 1, 2, 0, 1, 3, 1, 2, 10, 1, 11, 2, 1, 0, 2, 11, 7, 1, 7, 2, 2, 3, 0, 1, 1, 2, 2, 0, 2, 1, 6, 7, 1, 6, 1, 6, 1, 7, 6, 7, 6, 6, 6, 7, 7, 7, 0, 7, 7, 3, 8, 6, 7, 6, 6, 6, 8, 8, 7, 7, 7, 7, 7, 11, 7, 11, 7, 7, 8, 3, 8, 7, 6, 7, 6, 7, 11, 6, 8, 3, 11, 8, 8, 6, 3, 9, 11, 11, 8, 3, 9, 10, 6, 10, 11, 9, 6, 10, 11, 9, 10, 9, 11, 9, 11, 10, 9, 11, 10, 11, 9, 9, 11, 11, 11, 10, 10, 10, 10, 10, 10, 11, 9, 9, 11, 10, 10] 
dagP31.txt 1234x3.txt True 0.761384335154827 0.9 187.0 [5, 5, 5, 4, 5, 5, 3, 5, 11, 2, 4, 11, 4, 4, 2, 5, 5, 5, 4, 5, 5, 3, 5, 4, 4, 7, 4, 3, 3, 3, 0, 3, 7, 3, 2, 3, 3, 11, 3, 3, 3, 0, 3, 2, 0, 3, 3, 0, 3, 2, 2, 2, 2, 1, 1, 2, 0, 1, 3, 1, 2, 10, 1, 11, 2, 1, 0, 2, 11, 7, 1, 7, 2, 2, 3, 0, 1, 1, 2, 2, 0, 2, 1, 6, 7, 1, 6, 1, 6, 1, 7, 6, 7, 6, 6, 6, 7, 7, 7, 0, 7, 7, 3, 8, 6, 7, 6, 6, 6, 8, 8, 7, 7, 7, 7, 7, 11, 7, 11, 7, 7, 8, 3, 8, 7, 6, 7, 6, 7, 11, 6, 8, 3, 11, 8, 8, 6, 3, 9, 11, 11, 8, 3, 9, 10, 6, 10, 11, 9, 6, 10, 11, 9, 10, 9, 11, 9, 11, 10, 9, 11, 10, 11, 9, 9, 11, 11, 11, 10, 10, 10, 10, 10, 10, 11, 9, 9, 11, 10, 10] 
dagP31.txt 1234x3.txt True 0.761384335154827 1 187.0 [5, 5, 5, 4, 5, 5, 3, 5, 11, 2, 4, 11, 4, 4, 2, 5, 5, 5, 4, 5, 5, 3, 5, 4, 4, 7, 4, 3, 3, 3, 0, 3, 7, 3, 2, 3, 3, 11, 3, 3, 3, 0, 3, 2, 0, 3, 3, 0, 3, 2, 2, 2, 2, 1, 1, 2, 0, 1, 3, 1, 2, 10, 1, 11, 2, 1, 0, 2, 11, 7, 1, 7, 2, 2, 3, 0, 1, 1, 2, 2, 0, 2, 1, 6, 7, 1, 6, 1, 6, 1, 7, 6, 7, 6, 6, 6, 7, 7, 7, 0, 7, 7, 3, 8, 6, 7, 6, 6, 6, 8, 8, 7, 7, 7, 7, 7, 11, 7, 11, 7, 7, 8, 3, 8, 7, 6, 7, 6, 7, 11, 6, 8, 3, 11, 8, 8, 6, 3, 9, 11, 11, 8, 3, 9, 10, 6, 10, 11, 9, 6, 10, 11, 9, 10, 9, 11, 9, 11, 10, 9, 11, 10, 11, 9, 9, 11, 11, 11, 10, 10, 10, 10, 10, 10, 11, 9, 9, 11, 10, 10] 
dagP31.txt 1234x3.txt True 0.4972677595628415 0.5 770.0 [5, 5, 5, 5, 5, 5, 4, 5, 5, 5, 5, 5, 5, 5, 5, 5, 5, 5, 5, 5, 5, 4, 5, 5, 5, 3, 5, 5, 3, 4, 5, 4, 5, 5, 5, 5, 5, 5, 5, 5, 5, 1, 2, 2, 2, 2, 4, 1, 2, 2, 2, 2, 2, 2, 2, 2, 0, 2, 2, 2, 2, 2, 2, 2, 2, 2, 2, 2, 1, 1, 2, 2, 2, 2, 2, 0, 2, 2, 2, 2, 2, 2, 2, 2, 2, 2, 8, 2, 8, 2, 7, 2, 8, 8, 3, 2, 8, 3, 3, 2, 8, 8, 3, 8, 3, 8, 8, 3, 8, 8, 8, 8, 8, 8, 8, 7, 3, 3, 8, 3, 8, 8, 3, 8, 8, 3, 8, 8, 3, 8, 7, 8, 8, 8, 8, 8, 8, 3, 11, 11, 11, 8, 3, 11, 8, 11, 11, 8, 3, 7, 11, 11, 10, 11, 11, 11, 11, 11, 11, 10, 11, 11, 11, 3, 10, 11, 11, 11, 11, 11, 11, 11, 11, 11, 11, 11, 10, 11, 11, 11] 
dagP31.txt 1234x3.txt True 0.5974499089253188 0.6 313.6666666666667 [2, 2, 2, 2, 2, 2, 0, 2, 2, 2, 2, 2, 2, 2, 2, 2, 2, 2, 2, 2, 2, 0, 2, 2, 2, 2, 2, 0, 2, 0, 2, 0, 0, 1, 1, 2, 1, 1, 1, 1, 3, 3, 1, 5, 3, 0, 5, 3, 1, 5, 5, 5, 3, 2, 3, 4, 4, 4, 3, 4, 3, 3, 4, 3, 4, 3, 5, 4, 3, 3, 5, 3, 4, 5, 3, 4, 4, 3, 3, 5, 4, 3, 4, 3, 3, 4, 8, 3, 6, 4, 4, 6, 8, 8, 6, 3, 7, 7, 8, 4, 7, 6, 7, 7, 6, 7, 7, 6, 8, 7, 7, 6, 8, 7, 6, 8, 7, 7, 7, 7, 7, 7, 7, 7, 7, 7, 7, 7, 7, 7, 8, 7, 7, 7, 7, 7, 7, 7, 11, 11, 11, 7, 7, 11, 11, 11, 11, 11, 11, 8, 9, 11, 11, 11, 11, 11, 9, 11, 11, 11, 11, 10, 11, 11, 9, 11, 11, 11, 10, 10, 10, 9, 9, 11, 10, 9, 9, 10, 11, 10] 
dagP31.txt 1234x3.txt True 0.697632058287796 0.7 565.0 [4, 4, 4, 5, 4, 4, 4, 4, 4, 4, 4, 4, 5, 5, 3, 4, 3, 4, 3, 4, 4, 4, 4, 5, 3, 5, 5, 5, 5, 5, 3, 3, 3, 3, 3, 5, 3, 3, 3, 3, 3, 0, 3, 1, 0, 3, 3, 0, 3, 1, 3, 1, 1, 2, 2, 1, 0, 2, 0, 2, 2, 2, 1, 0, 2, 2, 1, 1, 0, 0, 2, 2, 2, 2, 0, 0, 2, 2, 2, 2, 1, 1, 2, 2, 2, 2, 9, 0, 9, 0, 10, 10, 10, 9, 9, 10, 9, 10, 10, 1, 10, 10, 9, 11, 9, 10, 9, 10, 9, 11, 11, 10, 10, 11, 10, 10, 11, 10, 11, 10, 10, 11, 11, 11, 10, 9, 11, 11, 10, 11, 9, 11, 11, 11, 11, 11, 11, 11, 11, 7, 7, 11, 11, 8, 7, 7, 7, 7, 8, 9, 6, 8, 8, 7, 7, 7, 6, 8, 7, 6, 6, 7, 8, 8, 6, 8, 8, 8, 7, 7, 7, 6, 6, 6, 7, 6, 6, 7, 8, 7] 
dagP31.txt 1234x3.txt True 0.761384335154827 0.8 187.0 [5, 5, 5, 4, 5, 5, 3, 5, 11, 2, 4, 11, 4, 4, 2, 5, 5, 5, 4, 5, 5, 3, 5, 4, 4, 7, 4, 3, 3, 3, 0, 3, 7, 3, 2, 3, 3, 11, 3, 3, 3, 0, 3, 2, 0, 3, 3, 0, 3, 2, 2, 2, 2, 1, 1, 2, 0, 1, 3, 1, 2, 10, 1, 11, 2, 1, 0, 2, 11, 7, 1, 7, 2, 2, 3, 0, 1, 1, 2, 2, 0, 2, 1, 6, 7, 1, 6, 1, 6, 1, 7, 6, 7, 6, 6, 6, 7, 7, 7, 0, 7, 7, 3, 8, 6, 7, 6, 6, 6, 8, 8, 7, 7, 7, 7, 7, 11, 7, 11, 7, 7, 8, 3, 8, 7, 6, 7, 6, 7, 11, 6, 8, 3, 11, 8, 8, 6, 3, 9, 11, 11, 8, 3, 9, 10, 6, 10, 11, 9, 6, 10, 11, 9, 10, 9, 11, 9, 11, 10, 9, 11, 10, 11, 9, 9, 11, 11, 11, 10, 10, 10, 10, 10, 10, 11, 9, 9, 11, 10, 10] 
dagP31.txt 1234x3.txt True 0.761384335154827 0.9 187.0 [5, 5, 5, 4, 5, 5, 3, 5, 11, 2, 4, 11, 4, 4, 2, 5, 5, 5, 4, 5, 5, 3, 5, 4, 4, 7, 4, 3, 3, 3, 0, 3, 7, 3, 2, 3, 3, 11, 3, 3, 3, 0, 3, 2, 0, 3, 3, 0, 3, 2, 2, 2, 2, 1, 1, 2, 0, 1, 3, 1, 2, 10, 1, 11, 2, 1, 0, 2, 11, 7, 1, 7, 2, 2, 3, 0, 1, 1, 2, 2, 0, 2, 1, 6, 7, 1, 6, 1, 6, 1, 7, 6, 7, 6, 6, 6, 7, 7, 7, 0, 7, 7, 3, 8, 6, 7, 6, 6, 6, 8, 8, 7, 7, 7, 7, 7, 11, 7, 11, 7, 7, 8, 3, 8, 7, 6, 7, 6, 7, 11, 6, 8, 3, 11, 8, 8, 6, 3, 9, 11, 11, 8, 3, 9, 10, 6, 10, 11, 9, 6, 10, 11, 9, 10, 9, 11, 9, 11, 10, 9, 11, 10, 11, 9, 9, 11, 11, 11, 10, 10, 10, 10, 10, 10, 11, 9, 9, 11, 10, 10] 
dagP31.txt 1234x3.txt True 0.761384335154827 1 187.0 [5, 5, 5, 4, 5, 5, 3, 5, 11, 2, 4, 11, 4, 4, 2, 5, 5, 5, 4, 5, 5, 3, 5, 4, 4, 7, 4, 3, 3, 3, 0, 3, 7, 3, 2, 3, 3, 11, 3, 3, 3, 0, 3, 2, 0, 3, 3, 0, 3, 2, 2, 2, 2, 1, 1, 2, 0, 1, 3, 1, 2, 10, 1, 11, 2, 1, 0, 2, 11, 7, 1, 7, 2, 2, 3, 0, 1, 1, 2, 2, 0, 2, 1, 6, 7, 1, 6, 1, 6, 1, 7, 6, 7, 6, 6, 6, 7, 7, 7, 0, 7, 7, 3, 8, 6, 7, 6, 6, 6, 8, 8, 7, 7, 7, 7, 7, 11, 7, 11, 7, 7, 8, 3, 8, 7, 6, 7, 6, 7, 11, 6, 8, 3, 11, 8, 8, 6, 3, 9, 11, 11, 8, 3, 9, 10, 6, 10, 11, 9, 6, 10, 11, 9, 10, 9, 11, 9, 11, 10, 9, 11, 10, 11, 9, 9, 11, 11, 11, 10, 10, 10, 10, 10, 10, 11, 9, 9, 11, 10, 10] 
