dag4.txt 4_1x5.txt 0.5094339622641509 1 393216.0 [3, 5, 5, 6, 8, 8, 4, 8, 5, 3, 8, 3, 2, 7, 5, 7, 8, 6, 3, 1, 8, 6, 6, 1, 4, 1, 0, 0, 0, 0, 2, 6, 3, 9, 6, 6] 
dag4.txt 5_4_3_2x3.txt 0.5471698113207547 1 163840.0 [4, 8, 3, 1, 8, 8, 4, 8, 3, 4, 8, 4, 11, 9, 8, 9, 8, 7, 2, 6, 2, 7, 1, 6, 10, 10, 7, 5, 5, 5, 0, 1, 4, 0, 5, 5] 
dag4.txt 5_4_3_2x1.txt 0.4339622641509434 1 507904.0 [3, 3, 0, 1, 2, 2, 3, 3, 3, 3, 2, 3, 0, 3, 3, 3, 2, 1, 3, 0, 2, 1, 1, 1, 0, 1, 1, 2, 1, 2, 2, 1, 2, 2, 2, 2] 
dag4.txt 4_1x2.txt 0.4339622641509434 1 1032192.0 [3, 3, 0, 2, 1, 1, 3, 3, 3, 3, 1, 3, 0, 3, 3, 3, 1, 2, 3, 0, 1, 2, 2, 2, 0, 2, 2, 1, 2, 1, 1, 2, 1, 1, 1, 1] 
dag4.txt 4_1x3.txt 0.39622641509433965 1 671744.0 [2, 5, 5, 4, 5, 1, 1, 1, 5, 1, 5, 2, 0, 2, 5, 0, 1, 1, 1, 3, 1, 4, 4, 3, 3, 3, 4, 4, 0, 4, 2, 4, 2, 2, 4, 4] 
dag4.txt 3_2x4.txt 0.5094339622641509 1 262144.0 [3, 5, 1, 3, 2, 5, 2, 5, 5, 5, 0, 3, 1, 5, 5, 5, 5, 5, 7, 0, 7, 3, 3, 7, 0, 7, 4, 7, 4, 3, 6, 3, 3, 6, 3, 3] 
dag4.txt 5_4_3_2x5.txt 0.6981132075471698 1 87381.33333333333 [11, 7, 12, 14, 8, 3, 9, 3, 7, 3, 3, 14, 16, 14, 7, 6, 15, 15, 5, 1, 3, 15, 14, 18, 13, 18, 10, 18, 2, 18, 17, 0, 11, 4, 0, 4] 
dag4.txt 5_4_3_2x4.txt 0.6415094339622641 1 131072.0 [11, 4, 0, 15, 1, 15, 14, 7, 0, 11, 1, 11, 6, 11, 4, 4, 15, 15, 3, 2, 7, 15, 15, 7, 13, 7, 8, 8, 12, 12, 10, 9, 11, 5, 15, 5] 
dag4.txt 4_1x4.txt 0.5094339622641509 1 524288.0 [3, 5, 1, 3, 2, 5, 2, 5, 5, 5, 0, 3, 1, 5, 5, 5, 5, 5, 7, 0, 7, 3, 3, 7, 0, 7, 4, 7, 4, 3, 6, 3, 3, 6, 3, 3] 
dag4.txt 5_4_3_2x2.txt 0.5094339622641509 1 253952.0 [6, 3, 2, 6, 4, 3, 4, 3, 3, 3, 0, 6, 2, 3, 3, 3, 3, 3, 7, 0, 7, 6, 6, 7, 0, 7, 1, 7, 1, 6, 5, 6, 6, 5, 6, 6] 
dag4.txt 4_1x1.txt 0.1509433962264151 1 2064384.0 [0, 1, 1, 0, 1, 1, 1, 1, 1, 1, 1, 0, 1, 0, 1, 0, 0, 0, 1, 1, 1, 0, 0, 0, 1, 0, 0, 0, 0, 0, 0, 0, 0, 0, 0, 0] 
dag4.txt 3_2x3.txt 0.41509433962264153 1 344064.0 [5, 3, 3, 1, 0, 4, 4, 4, 3, 4, 3, 4, 3, 1, 3, 1, 4, 4, 4, 0, 4, 1, 1, 2, 0, 2, 2, 2, 2, 2, 5, 1, 5, 5, 5, 5] 
dag4.txt 3_2x1.txt 0.1509433962264151 1 1032192.0 [1, 0, 0, 1, 0, 0, 0, 0, 0, 0, 0, 1, 0, 1, 0, 1, 1, 1, 0, 0, 0, 1, 1, 1, 0, 1, 1, 1, 1, 1, 1, 1, 1, 1, 1, 1] 
dag4.txt 3_2x2.txt 0.33962264150943394 1 499712.0 [1, 2, 0, 3, 0, 3, 0, 2, 0, 1, 2, 1, 0, 1, 1, 1, 3, 3, 2, 2, 2, 3, 1, 2, 2, 2, 3, 3, 3, 3, 1, 3, 1, 1, 3, 3] 
dag4.txt 3_2x5.txt 0.5094339622641509 1 196608.0 [8, 5, 5, 6, 2, 3, 8, 3, 5, 8, 2, 8, 4, 7, 8, 7, 3, 6, 3, 2, 3, 6, 6, 1, 1, 1, 0, 0, 0, 0, 4, 6, 8, 9, 6, 6] 
