dagA34.txt 3_2x4.txt True 0.0425531914893617 0.07 352.75 [1, 1, 1, 7, 1, 1, 1, 1, 1, 1, 1, 1, 1, 1, 1, 1, 1, 1, 1, 1, 7, 1, 1, 1, 1, 1, 1, 3, 1, 1, 1, 1, 1, 1, 1, 1, 1, 1, 1, 1, 1, 3, 1, 1, 1, 1, 1, 1, 1, 1] 
dagA34.txt 3_2x4.txt True 0.0425531914893617 0.1 352.75 [1, 1, 1, 7, 1, 1, 1, 1, 1, 1, 1, 1, 1, 1, 1, 1, 1, 1, 1, 1, 7, 1, 1, 1, 1, 1, 1, 3, 1, 1, 1, 1, 1, 1, 1, 1, 1, 1, 1, 1, 1, 3, 1, 1, 1, 1, 1, 1, 1, 1] 
dagA34.txt 3_2x4.txt True 0.10638297872340426 0.15 325.0 [1, 1, 1, 3, 1, 1, 1, 1, 1, 1, 1, 1, 1, 1, 1, 1, 1, 1, 1, 1, 3, 1, 1, 1, 5, 1, 1, 7, 1, 1, 1, 1, 1, 1, 1, 5, 1, 1, 6, 1, 1, 7, 1, 6, 1, 1, 1, 1, 1, 1] 
dagA34.txt 3_2x4.txt True 0.1276595744680851 0.2 313.0 [1, 1, 1, 6, 1, 1, 1, 1, 1, 1, 1, 1, 1, 1, 1, 1, 1, 1, 1, 1, 6, 1, 1, 1, 3, 1, 1, 5, 1, 1, 1, 1, 1, 1, 1, 3, 1, 1, 7, 7, 1, 5, 1, 7, 1, 1, 7, 1, 1, 1] 
dagA34.txt 3_2x4.txt True 0.1276595744680851 0.3 313.0 [1, 1, 1, 6, 1, 1, 1, 1, 1, 1, 1, 1, 1, 1, 1, 1, 1, 1, 1, 1, 6, 1, 1, 1, 3, 1, 1, 5, 1, 1, 1, 1, 1, 1, 1, 3, 1, 1, 7, 7, 1, 5, 1, 7, 1, 1, 7, 1, 1, 1] 
dagA34.txt 3_2x4.txt True 0.1276595744680851 0.4 313.0 [1, 1, 1, 6, 1, 1, 1, 1, 1, 1, 1, 1, 1, 1, 1, 1, 1, 1, 1, 1, 6, 1, 1, 1, 3, 1, 1, 5, 1, 1, 1, 1, 1, 1, 1, 3, 1, 1, 7, 7, 1, 5, 1, 7, 1, 1, 7, 1, 1, 1] 
dagA34.txt 3_2x4.txt True 0.1276595744680851 0.5 313.0 [1, 1, 1, 6, 1, 1, 1, 1, 1, 1, 1, 1, 1, 1, 1, 1, 1, 1, 1, 1, 6, 1, 1, 1, 3, 1, 1, 5, 1, 1, 1, 1, 1, 1, 1, 3, 1, 1, 7, 7, 1, 5, 1, 7, 1, 1, 7, 1, 1, 1] 
dagA34.txt 3_2x4.txt True 0.48936170212765956 0.6 155.5 [3, 5, 3, 4, 1, 5, 7, 7, 5, 7, 5, 1, 3, 5, 1, 5, 1, 7, 3, 5, 7, 1, 5, 7, 3, 3, 3, 0, 5, 7, 7, 1, 5, 1, 5, 3, 5, 7, 3, 1, 5, 0, 5, 3, 5, 5, 3, 5, 0, 7] 
dagA34.txt 3_2x4.txt True 0.5886524822695035 0.7 121.0 [3, 7, 4, 3, 1, 7, 5, 5, 3, 3, 7, 6, 6, 3, 1, 1, 2, 5, 3, 7, 3, 1, 3, 5, 7, 1, 3, 1, 7, 5, 3, 3, 1, 1, 3, 7, 3, 5, 1, 1, 7, 1, 1, 1, 4, 3, 6, 3, 1, 2] 
dagA34.txt 3_2x4.txt True 0.723404255319149 1 89.25 [3, 0, 5, 3, 1, 3, 1, 1, 5, 1, 5, 1, 3, 5, 5, 5, 2, 3, 7, 1, 3, 5, 1, 3, 3, 7, 1, 0, 5, 3, 4, 5, 7, 1, 4, 2, 6, 7, 7, 1, 5, 7, 7, 1, 7, 6, 7, 3, 5, 3] 
dagA34.txt 3_2x2.txt True 0.0425531914893617 0.07 470.3333333333333 [0, 0, 0, 2, 0, 0, 0, 0, 0, 0, 0, 0, 0, 0, 0, 0, 0, 0, 0, 0, 2, 0, 0, 0, 0, 0, 0, 1, 0, 0, 0, 0, 0, 0, 0, 0, 0, 0, 0, 0, 0, 1, 0, 0, 0, 0, 0, 0, 0, 0] 
dagA34.txt 3_2x2.txt True 0.0425531914893617 0.1 470.3333333333333 [0, 0, 0, 2, 0, 0, 0, 0, 0, 0, 0, 0, 0, 0, 0, 0, 0, 0, 0, 0, 2, 0, 0, 0, 0, 0, 0, 1, 0, 0, 0, 0, 0, 0, 0, 0, 0, 0, 0, 0, 0, 1, 0, 0, 0, 0, 0, 0, 0, 0] 
dagA34.txt 3_2x2.txt True 0.10638297872340426 0.15 433.3333333333333 [0, 0, 0, 1, 0, 0, 0, 0, 0, 0, 0, 0, 0, 0, 0, 0, 0, 0, 0, 0, 1, 0, 0, 0, 2, 0, 0, 3, 0, 0, 0, 0, 0, 0, 0, 2, 0, 0, 3, 0, 0, 3, 0, 3, 0, 0, 0, 0, 0, 0] 
dagA34.txt 3_2x2.txt True 0.1276595744680851 0.2 417.3333333333333 [0, 0, 0, 3, 0, 0, 0, 0, 0, 0, 0, 0, 0, 0, 0, 0, 0, 0, 0, 0, 3, 0, 0, 0, 1, 0, 0, 2, 0, 0, 0, 0, 0, 0, 0, 1, 0, 0, 3, 3, 0, 2, 0, 3, 0, 0, 3, 0, 0, 0] 
dagA34.txt 3_2x2.txt True 0.1276595744680851 0.3 417.3333333333333 [0, 0, 0, 3, 0, 0, 0, 0, 0, 0, 0, 0, 0, 0, 0, 0, 0, 0, 0, 0, 3, 0, 0, 0, 1, 0, 0, 2, 0, 0, 0, 0, 0, 0, 0, 1, 0, 0, 3, 3, 0, 2, 0, 3, 0, 0, 3, 0, 0, 0] 
dagA34.txt 3_2x2.txt True 0.1276595744680851 0.4 417.3333333333333 [0, 0, 0, 3, 0, 0, 0, 0, 0, 0, 0, 0, 0, 0, 0, 0, 0, 0, 0, 0, 3, 0, 0, 0, 1, 0, 0, 2, 0, 0, 0, 0, 0, 0, 0, 1, 0, 0, 3, 3, 0, 2, 0, 3, 0, 0, 3, 0, 0, 0] 
dagA34.txt 3_2x2.txt True 0.1276595744680851 0.5 417.3333333333333 [0, 0, 0, 3, 0, 0, 0, 0, 0, 0, 0, 0, 0, 0, 0, 0, 0, 0, 0, 0, 3, 0, 0, 0, 1, 0, 0, 2, 0, 0, 0, 0, 0, 0, 0, 1, 0, 0, 3, 3, 0, 2, 0, 3, 0, 0, 3, 0, 0, 0] 
dagA34.txt 3_2x2.txt True 0.41134751773049644 0.6 267.0 [1, 2, 2, 1, 1, 2, 0, 0, 2, 0, 2, 1, 1, 2, 2, 2, 1, 0, 1, 2, 0, 2, 2, 0, 1, 1, 1, 1, 2, 0, 0, 1, 2, 2, 2, 1, 2, 0, 2, 2, 2, 1, 2, 2, 2, 2, 1, 2, 2, 0] 
dagA34.txt 3_2x2.txt True 0.524822695035461 0.7 210.0 [3, 3, 2, 1, 2, 1, 2, 2, 3, 1, 3, 0, 2, 3, 0, 2, 0, 2, 1, 3, 1, 0, 1, 2, 3, 0, 1, 1, 3, 2, 1, 3, 2, 0, 1, 3, 1, 2, 0, 0, 3, 1, 2, 0, 0, 1, 0, 3, 0, 2] 
dagA34.txt 3_2x2.txt True 0.6170212765957447 1 188.0 [2, 0, 2, 1, 2, 3, 1, 0, 0, 2, 0, 2, 2, 1, 2, 0, 2, 0, 0, 3, 1, 2, 2, 0, 1, 3, 2, 3, 0, 1, 3, 3, 0, 2, 2, 0, 1, 1, 0, 3, 0, 3, 0, 3, 2, 0, 0, 1, 2, 1] 
dagA34.txt 3_2x1.txt True 0.028368794326241134 0.07 485.3333333333333 [0, 0, 0, 1, 0, 0, 0, 0, 0, 0, 0, 0, 0, 0, 0, 0, 0, 0, 0, 0, 1, 0, 0, 0, 0, 0, 0, 0, 0, 0, 0, 0, 0, 0, 0, 0, 0, 0, 0, 0, 0, 0, 0, 0, 0, 0, 0, 0, 0, 0] 
dagA34.txt 3_2x1.txt True 0.028368794326241134 0.1 485.3333333333333 [0, 0, 0, 1, 0, 0, 0, 0, 0, 0, 0, 0, 0, 0, 0, 0, 0, 0, 0, 0, 1, 0, 0, 0, 0, 0, 0, 0, 0, 0, 0, 0, 0, 0, 0, 0, 0, 0, 0, 0, 0, 0, 0, 0, 0, 0, 0, 0, 0, 0] 
dagA34.txt 3_2x1.txt True 0.07801418439716312 0.15 452.3333333333333 [0, 0, 0, 0, 0, 0, 0, 0, 0, 0, 0, 0, 0, 0, 0, 0, 0, 0, 0, 0, 0, 0, 0, 0, 1, 0, 0, 1, 0, 0, 0, 0, 0, 0, 0, 1, 0, 0, 1, 0, 0, 1, 0, 1, 0, 0, 0, 0, 0, 0] 
dagA34.txt 3_2x1.txt True 0.09219858156028368 0.2 434.0 [0, 0, 0, 1, 0, 0, 0, 0, 0, 0, 0, 0, 0, 0, 0, 0, 0, 0, 0, 0, 1, 0, 0, 0, 0, 0, 0, 1, 0, 0, 0, 0, 0, 0, 0, 0, 0, 0, 1, 1, 0, 1, 0, 1, 0, 0, 1, 0, 0, 0] 
dagA34.txt 3_2x1.txt True 0.09219858156028368 0.3 434.0 [0, 0, 0, 1, 0, 0, 0, 0, 0, 0, 0, 0, 0, 0, 0, 0, 0, 0, 0, 0, 1, 0, 0, 0, 0, 0, 0, 1, 0, 0, 0, 0, 0, 0, 0, 0, 0, 0, 1, 1, 0, 1, 0, 1, 0, 0, 1, 0, 0, 0] 
dagA34.txt 3_2x1.txt True 0.09219858156028368 0.4 434.0 [0, 0, 0, 1, 0, 0, 0, 0, 0, 0, 0, 0, 0, 0, 0, 0, 0, 0, 0, 0, 1, 0, 0, 0, 0, 0, 0, 1, 0, 0, 0, 0, 0, 0, 0, 0, 0, 0, 1, 1, 0, 1, 0, 1, 0, 0, 1, 0, 0, 0] 
dagA34.txt 3_2x1.txt True 0.09219858156028368 0.5 434.0 [0, 0, 0, 1, 0, 0, 0, 0, 0, 0, 0, 0, 0, 0, 0, 0, 0, 0, 0, 0, 1, 0, 0, 0, 0, 0, 0, 1, 0, 0, 0, 0, 0, 0, 0, 0, 0, 0, 1, 1, 0, 1, 0, 1, 0, 0, 1, 0, 0, 0] 
dagA34.txt 3_2x1.txt True 0.3191489361702128 0.6 414.0 [0, 1, 0, 0, 0, 1, 0, 0, 1, 0, 1, 1, 0, 1, 1, 1, 0, 0, 0, 1, 0, 1, 1, 0, 0, 0, 0, 0, 1, 0, 0, 1, 1, 1, 1, 0, 1, 0, 0, 1, 1, 0, 1, 1, 1, 1, 0, 1, 1, 0] 
dagA34.txt 3_2x1.txt True 0.3120567375886525 0.7 338.5 [1, 1, 0, 0, 1, 1, 0, 0, 1, 0, 1, 0, 0, 1, 0, 1, 1, 0, 0, 1, 0, 0, 0, 0, 1, 0, 0, 0, 1, 0, 0, 1, 1, 0, 0, 1, 0, 0, 0, 0, 1, 0, 1, 0, 1, 0, 0, 1, 0, 0] 
dagA34.txt 3_2x1.txt True 0.2624113475177305 1 322.3333333333333 [0, 0, 0, 0, 0, 0, 0, 0, 0, 0, 0, 1, 0, 0, 0, 0, 0, 0, 1, 0, 0, 1, 0, 0, 0, 1, 0, 1, 0, 1, 1, 1, 0, 1, 1, 0, 1, 0, 1, 1, 0, 1, 0, 1, 0, 1, 1, 0, 1, 1] 
dagA34.txt 3_2x4.txt True 0.0425531914893617 0.07 352.75 [1, 1, 1, 7, 1, 1, 1, 1, 1, 1, 1, 1, 1, 1, 1, 1, 1, 1, 1, 1, 7, 1, 1, 1, 1, 1, 1, 3, 1, 1, 1, 1, 1, 1, 1, 1, 1, 1, 1, 1, 1, 3, 1, 1, 1, 1, 1, 1, 1, 1] 
dagA34.txt 3_2x4.txt True 0.0425531914893617 0.08 352.75 [1, 1, 1, 7, 1, 1, 1, 1, 1, 1, 1, 1, 1, 1, 1, 1, 1, 1, 1, 1, 7, 1, 1, 1, 1, 1, 1, 3, 1, 1, 1, 1, 1, 1, 1, 1, 1, 1, 1, 1, 1, 3, 1, 1, 1, 1, 1, 1, 1, 1] 
dagA34.txt 3_2x4.txt True 0.0425531914893617 0.09 352.75 [1, 1, 1, 7, 1, 1, 1, 1, 1, 1, 1, 1, 1, 1, 1, 1, 1, 1, 1, 1, 7, 1, 1, 1, 1, 1, 1, 3, 1, 1, 1, 1, 1, 1, 1, 1, 1, 1, 1, 1, 1, 3, 1, 1, 1, 1, 1, 1, 1, 1] 
dagA34.txt 3_2x4.txt True 0.0425531914893617 0.1 352.75 [1, 1, 1, 7, 1, 1, 1, 1, 1, 1, 1, 1, 1, 1, 1, 1, 1, 1, 1, 1, 7, 1, 1, 1, 1, 1, 1, 3, 1, 1, 1, 1, 1, 1, 1, 1, 1, 1, 1, 1, 1, 3, 1, 1, 1, 1, 1, 1, 1, 1] 
dagA34.txt 3_2x4.txt True 0.0425531914893617 0.11 352.75 [1, 1, 1, 7, 1, 1, 1, 1, 1, 1, 1, 1, 1, 1, 1, 1, 1, 1, 1, 1, 7, 1, 1, 1, 1, 1, 1, 3, 1, 1, 1, 1, 1, 1, 1, 1, 1, 1, 1, 1, 1, 3, 1, 1, 1, 1, 1, 1, 1, 1] 
dagA34.txt 3_2x4.txt True 0.0425531914893617 0.12 352.75 [1, 1, 1, 7, 1, 1, 1, 1, 1, 1, 1, 1, 1, 1, 1, 1, 1, 1, 1, 1, 7, 1, 1, 1, 1, 1, 1, 3, 1, 1, 1, 1, 1, 1, 1, 1, 1, 1, 1, 1, 1, 3, 1, 1, 1, 1, 1, 1, 1, 1] 
dagA34.txt 3_2x4.txt True 0.10638297872340426 0.13 325.0 [1, 1, 1, 3, 1, 1, 1, 1, 1, 1, 1, 1, 1, 1, 1, 1, 1, 1, 1, 1, 3, 1, 1, 1, 5, 1, 1, 7, 1, 1, 1, 1, 1, 1, 1, 5, 1, 1, 6, 1, 1, 7, 1, 6, 1, 1, 1, 1, 1, 1] 
dagA34.txt 3_2x4.txt True 0.10638297872340426 0.14 325.0 [1, 1, 1, 3, 1, 1, 1, 1, 1, 1, 1, 1, 1, 1, 1, 1, 1, 1, 1, 1, 3, 1, 1, 1, 5, 1, 1, 7, 1, 1, 1, 1, 1, 1, 1, 5, 1, 1, 6, 1, 1, 7, 1, 6, 1, 1, 1, 1, 1, 1] 
dagA34.txt 3_2x4.txt True 0.10638297872340426 0.15 325.0 [1, 1, 1, 3, 1, 1, 1, 1, 1, 1, 1, 1, 1, 1, 1, 1, 1, 1, 1, 1, 3, 1, 1, 1, 5, 1, 1, 7, 1, 1, 1, 1, 1, 1, 1, 5, 1, 1, 6, 1, 1, 7, 1, 6, 1, 1, 1, 1, 1, 1] 
dagA34.txt 3_2x4.txt True 0.10638297872340426 0.16 325.0 [1, 1, 1, 3, 1, 1, 1, 1, 1, 1, 1, 1, 1, 1, 1, 1, 1, 1, 1, 1, 3, 1, 1, 1, 5, 1, 1, 7, 1, 1, 1, 1, 1, 1, 1, 5, 1, 1, 6, 1, 1, 7, 1, 6, 1, 1, 1, 1, 1, 1] 
dagA34.txt 3_2x4.txt True 0.1276595744680851 0.17 313.0 [1, 1, 1, 6, 1, 1, 1, 1, 1, 1, 1, 1, 1, 1, 1, 1, 1, 1, 1, 1, 6, 1, 1, 1, 3, 1, 1, 5, 1, 1, 1, 1, 1, 1, 1, 3, 1, 1, 7, 7, 1, 5, 1, 7, 1, 1, 7, 1, 1, 1] 
dagA34.txt 3_2x4.txt True 0.1276595744680851 0.18 313.0 [1, 1, 1, 6, 1, 1, 1, 1, 1, 1, 1, 1, 1, 1, 1, 1, 1, 1, 1, 1, 6, 1, 1, 1, 3, 1, 1, 5, 1, 1, 1, 1, 1, 1, 1, 3, 1, 1, 7, 7, 1, 5, 1, 7, 1, 1, 7, 1, 1, 1] 
dagA34.txt 3_2x4.txt True 0.1276595744680851 0.19 313.0 [1, 1, 1, 6, 1, 1, 1, 1, 1, 1, 1, 1, 1, 1, 1, 1, 1, 1, 1, 1, 6, 1, 1, 1, 3, 1, 1, 5, 1, 1, 1, 1, 1, 1, 1, 3, 1, 1, 7, 7, 1, 5, 1, 7, 1, 1, 7, 1, 1, 1] 
dagA34.txt 3_2x4.txt True 0.1276595744680851 0.2 313.0 [1, 1, 1, 6, 1, 1, 1, 1, 1, 1, 1, 1, 1, 1, 1, 1, 1, 1, 1, 1, 6, 1, 1, 1, 3, 1, 1, 5, 1, 1, 1, 1, 1, 1, 1, 3, 1, 1, 7, 7, 1, 5, 1, 7, 1, 1, 7, 1, 1, 1] 
dagA34.txt 3_2x4.txt True 0.1276595744680851 0.25 313.0 [1, 1, 1, 6, 1, 1, 1, 1, 1, 1, 1, 1, 1, 1, 1, 1, 1, 1, 1, 1, 6, 1, 1, 1, 3, 1, 1, 5, 1, 1, 1, 1, 1, 1, 1, 3, 1, 1, 7, 7, 1, 5, 1, 7, 1, 1, 7, 1, 1, 1] 
dagA34.txt 3_2x4.txt True 0.1276595744680851 0.3 313.0 [1, 1, 1, 6, 1, 1, 1, 1, 1, 1, 1, 1, 1, 1, 1, 1, 1, 1, 1, 1, 6, 1, 1, 1, 3, 1, 1, 5, 1, 1, 1, 1, 1, 1, 1, 3, 1, 1, 7, 7, 1, 5, 1, 7, 1, 1, 7, 1, 1, 1] 
dagA34.txt 3_2x4.txt True 0.1276595744680851 0.35 313.0 [1, 1, 1, 6, 1, 1, 1, 1, 1, 1, 1, 1, 1, 1, 1, 1, 1, 1, 1, 1, 6, 1, 1, 1, 3, 1, 1, 5, 1, 1, 1, 1, 1, 1, 1, 3, 1, 1, 7, 7, 1, 5, 1, 7, 1, 1, 7, 1, 1, 1] 
dagA34.txt 3_2x4.txt True 0.1276595744680851 0.4 313.0 [1, 1, 1, 6, 1, 1, 1, 1, 1, 1, 1, 1, 1, 1, 1, 1, 1, 1, 1, 1, 6, 1, 1, 1, 3, 1, 1, 5, 1, 1, 1, 1, 1, 1, 1, 3, 1, 1, 7, 7, 1, 5, 1, 7, 1, 1, 7, 1, 1, 1] 
dagA34.txt 3_2x4.txt True 0.1276595744680851 0.45 313.0 [1, 1, 1, 6, 1, 1, 1, 1, 1, 1, 1, 1, 1, 1, 1, 1, 1, 1, 1, 1, 6, 1, 1, 1, 3, 1, 1, 5, 1, 1, 1, 1, 1, 1, 1, 3, 1, 1, 7, 7, 1, 5, 1, 7, 1, 1, 7, 1, 1, 1] 
dagA34.txt 3_2x4.txt True 0.1276595744680851 0.5 313.0 [1, 1, 1, 6, 1, 1, 1, 1, 1, 1, 1, 1, 1, 1, 1, 1, 1, 1, 1, 1, 6, 1, 1, 1, 3, 1, 1, 5, 1, 1, 1, 1, 1, 1, 1, 3, 1, 1, 7, 7, 1, 5, 1, 7, 1, 1, 7, 1, 1, 1] 
dagA34.txt 3_2x4.txt True 0.48936170212765956 0.55 121.0 [1, 7, 7, 1, 2, 3, 3, 3, 3, 5, 3, 7, 1, 3, 7, 5, 1, 3, 5, 3, 5, 1, 5, 3, 1, 6, 7, 2, 3, 7, 5, 3, 5, 7, 5, 7, 7, 3, 6, 1, 3, 2, 5, 1, 5, 5, 5, 3, 6, 1] 
dagA34.txt 3_2x4.txt True 0.48936170212765956 0.6 155.5 [3, 5, 3, 4, 1, 5, 7, 7, 5, 7, 5, 1, 3, 5, 1, 5, 1, 7, 3, 5, 7, 1, 5, 7, 3, 3, 3, 0, 5, 7, 7, 1, 5, 1, 5, 3, 5, 7, 3, 1, 5, 0, 5, 3, 5, 5, 3, 5, 0, 7] 
dagA34.txt 3_2x4.txt True 0.5460992907801419 0.65 131.0 [6, 1, 5, 7, 1, 0, 3, 3, 1, 7, 3, 1, 0, 0, 5, 7, 1, 3, 7, 3, 7, 5, 1, 3, 6, 5, 7, 6, 3, 1, 5, 7, 7, 5, 1, 7, 5, 3, 5, 5, 3, 7, 7, 5, 1, 7, 7, 1, 5, 5] 
dagA34.txt 3_2x4.txt True 0.5886524822695035 0.7 121.0 [3, 7, 4, 3, 1, 7, 5, 5, 3, 3, 7, 6, 6, 3, 1, 1, 2, 5, 3, 7, 3, 1, 3, 5, 7, 1, 3, 1, 7, 5, 3, 3, 1, 1, 3, 7, 3, 5, 1, 1, 7, 1, 1, 1, 4, 3, 6, 3, 1, 2] 
dagA34.txt 3_2x4.txt True 0.5957446808510638 0.75 119.0 [3, 7, 5, 3, 5, 2, 7, 7, 1, 3, 7, 5, 5, 1, 5, 4, 7, 5, 5, 7, 3, 3, 7, 7, 1, 1, 3, 5, 7, 7, 1, 3, 4, 5, 1, 1, 1, 5, 1, 3, 7, 5, 4, 3, 7, 1, 5, 6, 1, 5] 
dagA34.txt 3_2x4.txt True 0.6666666666666666 0.8 101.0 [3, 2, 5, 6, 3, 7, 1, 3, 7, 5, 0, 7, 1, 1, 5, 7, 3, 1, 5, 7, 6, 5, 7, 1, 3, 4, 5, 3, 2, 2, 5, 3, 1, 5, 7, 3, 7, 3, 4, 1, 0, 3, 1, 1, 1, 7, 1, 7, 5, 5] 
dagA34.txt 3_2x4.txt True 0.5531914893617021 0.85 108.0 [3, 5, 5, 5, 1, 1, 3, 3, 1, 5, 3, 1, 1, 1, 7, 5, 3, 3, 7, 3, 5, 7, 6, 3, 3, 7, 5, 1, 3, 5, 1, 5, 5, 7, 1, 6, 5, 3, 7, 7, 3, 1, 6, 7, 3, 5, 7, 1, 7, 1] 
dagA34.txt 3_2x4.txt True 0.723404255319149 0.9 83.25 [3, 3, 7, 5, 1, 7, 3, 5, 1, 5, 1, 3, 7, 0, 7, 5, 7, 7, 5, 3, 5, 3, 6, 1, 7, 4, 1, 1, 5, 4, 5, 6, 1, 7, 1, 0, 3, 3, 5, 3, 1, 5, 5, 3, 1, 1, 2, 3, 2, 7] 
dagA34.txt 3_2x4.txt True 0.723404255319149 0.95 89.25 [3, 0, 5, 3, 1, 3, 1, 1, 5, 1, 5, 1, 3, 5, 5, 5, 2, 3, 7, 1, 3, 5, 1, 3, 3, 7, 1, 0, 5, 3, 4, 5, 7, 1, 4, 2, 6, 7, 7, 1, 5, 7, 7, 1, 7, 6, 7, 3, 5, 3] 
dagA34.txt 3_2x4.txt True 0.723404255319149 1 89.25 [3, 0, 5, 3, 1, 3, 1, 1, 5, 1, 5, 1, 3, 5, 5, 5, 2, 3, 7, 1, 3, 5, 1, 3, 3, 7, 1, 0, 5, 3, 4, 5, 7, 1, 4, 2, 6, 7, 7, 1, 5, 7, 7, 1, 7, 6, 7, 3, 5, 3] 
dagA34.txt 100_1x1.txt True 0.0 0.07 15.13 [0, 0, 0, 0, 0, 0, 0, 0, 0, 0, 0, 0, 0, 0, 0, 0, 0, 0, 0, 0, 0, 0, 0, 0, 0, 0, 0, 0, 0, 0, 0, 0, 0, 0, 0, 0, 0, 0, 0, 0, 0, 0, 0, 0, 0, 0, 0, 0, 0, 0] 
dagA34.txt 100_1x1.txt True 0.0 0.08 15.13 [0, 0, 0, 0, 0, 0, 0, 0, 0, 0, 0, 0, 0, 0, 0, 0, 0, 0, 0, 0, 0, 0, 0, 0, 0, 0, 0, 0, 0, 0, 0, 0, 0, 0, 0, 0, 0, 0, 0, 0, 0, 0, 0, 0, 0, 0, 0, 0, 0, 0] 
dagA34.txt 100_1x1.txt True 0.0 0.09 15.13 [0, 0, 0, 0, 0, 0, 0, 0, 0, 0, 0, 0, 0, 0, 0, 0, 0, 0, 0, 0, 0, 0, 0, 0, 0, 0, 0, 0, 0, 0, 0, 0, 0, 0, 0, 0, 0, 0, 0, 0, 0, 0, 0, 0, 0, 0, 0, 0, 0, 0] 
dagA34.txt 100_1x1.txt True 0.0 0.1 15.13 [0, 0, 0, 0, 0, 0, 0, 0, 0, 0, 0, 0, 0, 0, 0, 0, 0, 0, 0, 0, 0, 0, 0, 0, 0, 0, 0, 0, 0, 0, 0, 0, 0, 0, 0, 0, 0, 0, 0, 0, 0, 0, 0, 0, 0, 0, 0, 0, 0, 0] 
dagA34.txt 100_1x1.txt True 0.0 0.11 15.13 [0, 0, 0, 0, 0, 0, 0, 0, 0, 0, 0, 0, 0, 0, 0, 0, 0, 0, 0, 0, 0, 0, 0, 0, 0, 0, 0, 0, 0, 0, 0, 0, 0, 0, 0, 0, 0, 0, 0, 0, 0, 0, 0, 0, 0, 0, 0, 0, 0, 0] 
dagA34.txt 100_1x1.txt True 0.0 0.12 15.13 [0, 0, 0, 0, 0, 0, 0, 0, 0, 0, 0, 0, 0, 0, 0, 0, 0, 0, 0, 0, 0, 0, 0, 0, 0, 0, 0, 0, 0, 0, 0, 0, 0, 0, 0, 0, 0, 0, 0, 0, 0, 0, 0, 0, 0, 0, 0, 0, 0, 0] 
dagA34.txt 100_1x1.txt True 0.0 0.13 15.13 [0, 0, 0, 0, 0, 0, 0, 0, 0, 0, 0, 0, 0, 0, 0, 0, 0, 0, 0, 0, 0, 0, 0, 0, 0, 0, 0, 0, 0, 0, 0, 0, 0, 0, 0, 0, 0, 0, 0, 0, 0, 0, 0, 0, 0, 0, 0, 0, 0, 0] 
dagA34.txt 100_1x1.txt True 0.0 0.14 15.13 [0, 0, 0, 0, 0, 0, 0, 0, 0, 0, 0, 0, 0, 0, 0, 0, 0, 0, 0, 0, 0, 0, 0, 0, 0, 0, 0, 0, 0, 0, 0, 0, 0, 0, 0, 0, 0, 0, 0, 0, 0, 0, 0, 0, 0, 0, 0, 0, 0, 0] 
dagA34.txt 100_1x1.txt True 0.0 0.15 15.13 [0, 0, 0, 0, 0, 0, 0, 0, 0, 0, 0, 0, 0, 0, 0, 0, 0, 0, 0, 0, 0, 0, 0, 0, 0, 0, 0, 0, 0, 0, 0, 0, 0, 0, 0, 0, 0, 0, 0, 0, 0, 0, 0, 0, 0, 0, 0, 0, 0, 0] 
dagA34.txt 100_1x1.txt True 0.0 0.16 15.13 [0, 0, 0, 0, 0, 0, 0, 0, 0, 0, 0, 0, 0, 0, 0, 0, 0, 0, 0, 0, 0, 0, 0, 0, 0, 0, 0, 0, 0, 0, 0, 0, 0, 0, 0, 0, 0, 0, 0, 0, 0, 0, 0, 0, 0, 0, 0, 0, 0, 0] 
dagA34.txt 100_1x1.txt True 0.0 0.17 15.13 [0, 0, 0, 0, 0, 0, 0, 0, 0, 0, 0, 0, 0, 0, 0, 0, 0, 0, 0, 0, 0, 0, 0, 0, 0, 0, 0, 0, 0, 0, 0, 0, 0, 0, 0, 0, 0, 0, 0, 0, 0, 0, 0, 0, 0, 0, 0, 0, 0, 0] 
dagA34.txt 100_1x1.txt True 0.0 0.18 15.13 [0, 0, 0, 0, 0, 0, 0, 0, 0, 0, 0, 0, 0, 0, 0, 0, 0, 0, 0, 0, 0, 0, 0, 0, 0, 0, 0, 0, 0, 0, 0, 0, 0, 0, 0, 0, 0, 0, 0, 0, 0, 0, 0, 0, 0, 0, 0, 0, 0, 0] 
dagA34.txt 100_1x1.txt True 0.0 0.19 15.13 [0, 0, 0, 0, 0, 0, 0, 0, 0, 0, 0, 0, 0, 0, 0, 0, 0, 0, 0, 0, 0, 0, 0, 0, 0, 0, 0, 0, 0, 0, 0, 0, 0, 0, 0, 0, 0, 0, 0, 0, 0, 0, 0, 0, 0, 0, 0, 0, 0, 0] 
dagA34.txt 100_1x1.txt True 0.0 0.2 15.13 [0, 0, 0, 0, 0, 0, 0, 0, 0, 0, 0, 0, 0, 0, 0, 0, 0, 0, 0, 0, 0, 0, 0, 0, 0, 0, 0, 0, 0, 0, 0, 0, 0, 0, 0, 0, 0, 0, 0, 0, 0, 0, 0, 0, 0, 0, 0, 0, 0, 0] 
dagA34.txt 100_1x1.txt True 0.0 0.25 15.13 [0, 0, 0, 0, 0, 0, 0, 0, 0, 0, 0, 0, 0, 0, 0, 0, 0, 0, 0, 0, 0, 0, 0, 0, 0, 0, 0, 0, 0, 0, 0, 0, 0, 0, 0, 0, 0, 0, 0, 0, 0, 0, 0, 0, 0, 0, 0, 0, 0, 0] 
dagA34.txt 100_1x1.txt True 0.0 0.3 15.13 [0, 0, 0, 0, 0, 0, 0, 0, 0, 0, 0, 0, 0, 0, 0, 0, 0, 0, 0, 0, 0, 0, 0, 0, 0, 0, 0, 0, 0, 0, 0, 0, 0, 0, 0, 0, 0, 0, 0, 0, 0, 0, 0, 0, 0, 0, 0, 0, 0, 0] 
dagA34.txt 100_1x1.txt True 0.0 0.35 15.13 [0, 0, 0, 0, 0, 0, 0, 0, 0, 0, 0, 0, 0, 0, 0, 0, 0, 0, 0, 0, 0, 0, 0, 0, 0, 0, 0, 0, 0, 0, 0, 0, 0, 0, 0, 0, 0, 0, 0, 0, 0, 0, 0, 0, 0, 0, 0, 0, 0, 0] 
dagA34.txt 100_1x1.txt True 0.0 0.4 15.13 [0, 0, 0, 0, 0, 0, 0, 0, 0, 0, 0, 0, 0, 0, 0, 0, 0, 0, 0, 0, 0, 0, 0, 0, 0, 0, 0, 0, 0, 0, 0, 0, 0, 0, 0, 0, 0, 0, 0, 0, 0, 0, 0, 0, 0, 0, 0, 0, 0, 0] 
dagA34.txt 100_1x1.txt True 0.0 0.45 15.13 [0, 0, 0, 0, 0, 0, 0, 0, 0, 0, 0, 0, 0, 0, 0, 0, 0, 0, 0, 0, 0, 0, 0, 0, 0, 0, 0, 0, 0, 0, 0, 0, 0, 0, 0, 0, 0, 0, 0, 0, 0, 0, 0, 0, 0, 0, 0, 0, 0, 0] 
dagA34.txt 100_1x1.txt True 0.0 0.5 15.13 [0, 0, 0, 0, 0, 0, 0, 0, 0, 0, 0, 0, 0, 0, 0, 0, 0, 0, 0, 0, 0, 0, 0, 0, 0, 0, 0, 0, 0, 0, 0, 0, 0, 0, 0, 0, 0, 0, 0, 0, 0, 0, 0, 0, 0, 0, 0, 0, 0, 0] 
dagA34.txt 100_1x1.txt True 0.0 0.55 15.13 [0, 0, 0, 0, 0, 0, 0, 0, 0, 0, 0, 0, 0, 0, 0, 0, 0, 0, 0, 0, 0, 0, 0, 0, 0, 0, 0, 0, 0, 0, 0, 0, 0, 0, 0, 0, 0, 0, 0, 0, 0, 0, 0, 0, 0, 0, 0, 0, 0, 0] 
dagA34.txt 100_1x1.txt True 0.0 0.6 15.13 [0, 0, 0, 0, 0, 0, 0, 0, 0, 0, 0, 0, 0, 0, 0, 0, 0, 0, 0, 0, 0, 0, 0, 0, 0, 0, 0, 0, 0, 0, 0, 0, 0, 0, 0, 0, 0, 0, 0, 0, 0, 0, 0, 0, 0, 0, 0, 0, 0, 0] 
dagA34.txt 100_1x1.txt True 0.0 0.65 15.13 [0, 0, 0, 0, 0, 0, 0, 0, 0, 0, 0, 0, 0, 0, 0, 0, 0, 0, 0, 0, 0, 0, 0, 0, 0, 0, 0, 0, 0, 0, 0, 0, 0, 0, 0, 0, 0, 0, 0, 0, 0, 0, 0, 0, 0, 0, 0, 0, 0, 0] 
dagA34.txt 100_1x1.txt True 0.0 0.7 15.13 [0, 0, 0, 0, 0, 0, 0, 0, 0, 0, 0, 0, 0, 0, 0, 0, 0, 0, 0, 0, 0, 0, 0, 0, 0, 0, 0, 0, 0, 0, 0, 0, 0, 0, 0, 0, 0, 0, 0, 0, 0, 0, 0, 0, 0, 0, 0, 0, 0, 0] 
dagA34.txt 100_1x1.txt True 0.0 0.75 15.13 [0, 0, 0, 0, 0, 0, 0, 0, 0, 0, 0, 0, 0, 0, 0, 0, 0, 0, 0, 0, 0, 0, 0, 0, 0, 0, 0, 0, 0, 0, 0, 0, 0, 0, 0, 0, 0, 0, 0, 0, 0, 0, 0, 0, 0, 0, 0, 0, 0, 0] 
dagA34.txt 100_1x1.txt True 0.0 0.8 15.13 [0, 0, 0, 0, 0, 0, 0, 0, 0, 0, 0, 0, 0, 0, 0, 0, 0, 0, 0, 0, 0, 0, 0, 0, 0, 0, 0, 0, 0, 0, 0, 0, 0, 0, 0, 0, 0, 0, 0, 0, 0, 0, 0, 0, 0, 0, 0, 0, 0, 0] 
dagA34.txt 100_1x1.txt True 0.0 0.85 15.13 [0, 0, 0, 0, 0, 0, 0, 0, 0, 0, 0, 0, 0, 0, 0, 0, 0, 0, 0, 0, 0, 0, 0, 0, 0, 0, 0, 0, 0, 0, 0, 0, 0, 0, 0, 0, 0, 0, 0, 0, 0, 0, 0, 0, 0, 0, 0, 0, 0, 0] 
dagA34.txt 100_1x1.txt True 0.0 0.9 15.13 [0, 0, 0, 0, 0, 0, 0, 0, 0, 0, 0, 0, 0, 0, 0, 0, 0, 0, 0, 0, 0, 0, 0, 0, 0, 0, 0, 0, 0, 0, 0, 0, 0, 0, 0, 0, 0, 0, 0, 0, 0, 0, 0, 0, 0, 0, 0, 0, 0, 0] 
dagA34.txt 100_1x1.txt True 0.0 0.95 15.13 [0, 0, 0, 0, 0, 0, 0, 0, 0, 0, 0, 0, 0, 0, 0, 0, 0, 0, 0, 0, 0, 0, 0, 0, 0, 0, 0, 0, 0, 0, 0, 0, 0, 0, 0, 0, 0, 0, 0, 0, 0, 0, 0, 0, 0, 0, 0, 0, 0, 0] 
dagA34.txt 100_1x1.txt True 0.0 1 15.13 [0, 0, 0, 0, 0, 0, 0, 0, 0, 0, 0, 0, 0, 0, 0, 0, 0, 0, 0, 0, 0, 0, 0, 0, 0, 0, 0, 0, 0, 0, 0, 0, 0, 0, 0, 0, 0, 0, 0, 0, 0, 0, 0, 0, 0, 0, 0, 0, 0, 0] 
dagA34.txt 1234x1.txt True 0.0425531914893617 0.07 352.75 [3, 3, 3, 2, 3, 3, 3, 3, 3, 3, 3, 3, 3, 3, 3, 3, 3, 3, 3, 3, 2, 3, 3, 3, 3, 3, 3, 1, 3, 3, 3, 3, 3, 3, 3, 3, 3, 3, 3, 3, 3, 1, 3, 3, 3, 3, 3, 3, 3, 3] 
dagA34.txt 1234x1.txt True 0.0425531914893617 0.08 352.75 [3, 3, 3, 2, 3, 3, 3, 3, 3, 3, 3, 3, 3, 3, 3, 3, 3, 3, 3, 3, 2, 3, 3, 3, 3, 3, 3, 1, 3, 3, 3, 3, 3, 3, 3, 3, 3, 3, 3, 3, 3, 1, 3, 3, 3, 3, 3, 3, 3, 3] 
dagA34.txt 1234x1.txt True 0.0425531914893617 0.09 352.75 [3, 3, 3, 2, 3, 3, 3, 3, 3, 3, 3, 3, 3, 3, 3, 3, 3, 3, 3, 3, 2, 3, 3, 3, 3, 3, 3, 1, 3, 3, 3, 3, 3, 3, 3, 3, 3, 3, 3, 3, 3, 1, 3, 3, 3, 3, 3, 3, 3, 3] 
dagA34.txt 1234x1.txt True 0.0425531914893617 0.1 352.75 [3, 3, 3, 2, 3, 3, 3, 3, 3, 3, 3, 3, 3, 3, 3, 3, 3, 3, 3, 3, 2, 3, 3, 3, 3, 3, 3, 1, 3, 3, 3, 3, 3, 3, 3, 3, 3, 3, 3, 3, 3, 1, 3, 3, 3, 3, 3, 3, 3, 3] 
dagA34.txt 1234x1.txt True 0.0425531914893617 0.11 352.75 [3, 3, 3, 2, 3, 3, 3, 3, 3, 3, 3, 3, 3, 3, 3, 3, 3, 3, 3, 3, 2, 3, 3, 3, 3, 3, 3, 1, 3, 3, 3, 3, 3, 3, 3, 3, 3, 3, 3, 3, 3, 1, 3, 3, 3, 3, 3, 3, 3, 3] 
dagA34.txt 1234x1.txt True 0.0425531914893617 0.12 352.75 [3, 3, 3, 2, 3, 3, 3, 3, 3, 3, 3, 3, 3, 3, 3, 3, 3, 3, 3, 3, 2, 3, 3, 3, 3, 3, 3, 1, 3, 3, 3, 3, 3, 3, 3, 3, 3, 3, 3, 3, 3, 1, 3, 3, 3, 3, 3, 3, 3, 3] 
dagA34.txt 1234x1.txt True 0.06382978723404255 0.13 351.5 [3, 3, 3, 1, 3, 3, 3, 3, 3, 3, 3, 3, 3, 3, 3, 3, 3, 3, 3, 3, 1, 3, 3, 3, 2, 3, 3, 3, 3, 3, 3, 3, 3, 3, 3, 2, 3, 3, 3, 3, 3, 3, 3, 3, 3, 3, 3, 3, 3, 3] 
dagA34.txt 1234x1.txt True 0.06382978723404255 0.14 351.5 [3, 3, 3, 1, 3, 3, 3, 3, 3, 3, 3, 3, 3, 3, 3, 3, 3, 3, 3, 3, 1, 3, 3, 3, 2, 3, 3, 3, 3, 3, 3, 3, 3, 3, 3, 2, 3, 3, 3, 3, 3, 3, 3, 3, 3, 3, 3, 3, 3, 3] 
dagA34.txt 1234x1.txt True 0.06382978723404255 0.15 351.5 [3, 3, 3, 1, 3, 3, 3, 3, 3, 3, 3, 3, 3, 3, 3, 3, 3, 3, 3, 3, 1, 3, 3, 3, 2, 3, 3, 3, 3, 3, 3, 3, 3, 3, 3, 2, 3, 3, 3, 3, 3, 3, 3, 3, 3, 3, 3, 3, 3, 3] 
dagA34.txt 1234x1.txt True 0.06382978723404255 0.16 351.5 [3, 3, 3, 1, 3, 3, 3, 3, 3, 3, 3, 3, 3, 3, 3, 3, 3, 3, 3, 3, 1, 3, 3, 3, 2, 3, 3, 3, 3, 3, 3, 3, 3, 3, 3, 2, 3, 3, 3, 3, 3, 3, 3, 3, 3, 3, 3, 3, 3, 3] 
dagA34.txt 1234x1.txt True 0.04964539007092199 0.17 354.5 [3, 3, 3, 3, 3, 3, 3, 3, 3, 3, 3, 3, 3, 3, 3, 3, 3, 3, 3, 3, 3, 3, 3, 3, 1, 3, 3, 2, 3, 3, 3, 3, 3, 3, 3, 1, 3, 3, 3, 3, 3, 2, 3, 3, 3, 3, 3, 3, 3, 3] 
dagA34.txt 1234x1.txt True 0.04964539007092199 0.18 354.5 [3, 3, 3, 3, 3, 3, 3, 3, 3, 3, 3, 3, 3, 3, 3, 3, 3, 3, 3, 3, 3, 3, 3, 3, 1, 3, 3, 2, 3, 3, 3, 3, 3, 3, 3, 1, 3, 3, 3, 3, 3, 2, 3, 3, 3, 3, 3, 3, 3, 3] 
dagA34.txt 1234x1.txt True 0.04964539007092199 0.19 354.5 [3, 3, 3, 3, 3, 3, 3, 3, 3, 3, 3, 3, 3, 3, 3, 3, 3, 3, 3, 3, 3, 3, 3, 3, 1, 3, 3, 2, 3, 3, 3, 3, 3, 3, 3, 1, 3, 3, 3, 3, 3, 2, 3, 3, 3, 3, 3, 3, 3, 3] 
dagA34.txt 1234x1.txt True 0.04964539007092199 0.2 354.5 [3, 3, 3, 3, 3, 3, 3, 3, 3, 3, 3, 3, 3, 3, 3, 3, 3, 3, 3, 3, 3, 3, 3, 3, 1, 3, 3, 2, 3, 3, 3, 3, 3, 3, 3, 1, 3, 3, 3, 3, 3, 2, 3, 3, 3, 3, 3, 3, 3, 3] 
dagA34.txt 1234x1.txt True 0.04964539007092199 0.25 354.5 [3, 3, 3, 3, 3, 3, 3, 3, 3, 3, 3, 3, 3, 3, 3, 3, 3, 3, 3, 3, 3, 3, 3, 3, 1, 3, 3, 2, 3, 3, 3, 3, 3, 3, 3, 1, 3, 3, 3, 3, 3, 2, 3, 3, 3, 3, 3, 3, 3, 3] 
dagA34.txt 1234x1.txt True 0.04964539007092199 0.3 354.5 [3, 3, 3, 3, 3, 3, 3, 3, 3, 3, 3, 3, 3, 3, 3, 3, 3, 3, 3, 3, 3, 3, 3, 3, 1, 3, 3, 2, 3, 3, 3, 3, 3, 3, 3, 1, 3, 3, 3, 3, 3, 2, 3, 3, 3, 3, 3, 3, 3, 3] 
dagA34.txt 1234x1.txt True 0.04964539007092199 0.35 354.5 [3, 3, 3, 3, 3, 3, 3, 3, 3, 3, 3, 3, 3, 3, 3, 3, 3, 3, 3, 3, 3, 3, 3, 3, 1, 3, 3, 2, 3, 3, 3, 3, 3, 3, 3, 1, 3, 3, 3, 3, 3, 2, 3, 3, 3, 3, 3, 3, 3, 3] 
dagA34.txt 1234x1.txt True 0.04964539007092199 0.4 354.5 [3, 3, 3, 3, 3, 3, 3, 3, 3, 3, 3, 3, 3, 3, 3, 3, 3, 3, 3, 3, 3, 3, 3, 3, 1, 3, 3, 2, 3, 3, 3, 3, 3, 3, 3, 1, 3, 3, 3, 3, 3, 2, 3, 3, 3, 3, 3, 3, 3, 3] 
dagA34.txt 1234x1.txt True 0.04964539007092199 0.45 354.5 [3, 3, 3, 3, 3, 3, 3, 3, 3, 3, 3, 3, 3, 3, 3, 3, 3, 3, 3, 3, 3, 3, 3, 3, 1, 3, 3, 2, 3, 3, 3, 3, 3, 3, 3, 1, 3, 3, 3, 3, 3, 2, 3, 3, 3, 3, 3, 3, 3, 3] 
dagA34.txt 1234x1.txt True 0.04964539007092199 0.5 354.5 [3, 3, 3, 3, 3, 3, 3, 3, 3, 3, 3, 3, 3, 3, 3, 3, 3, 3, 3, 3, 3, 3, 3, 3, 1, 3, 3, 2, 3, 3, 3, 3, 3, 3, 3, 1, 3, 3, 3, 3, 3, 2, 3, 3, 3, 3, 3, 3, 3, 3] 
dagA34.txt 1234x1.txt True 0.4397163120567376 0.55 161.33333333333334 [3, 1, 3, 3, 1, 2, 2, 2, 2, 3, 2, 3, 3, 2, 3, 3, 3, 2, 3, 2, 3, 0, 3, 2, 3, 1, 1, 1, 2, 1, 3, 2, 3, 3, 3, 1, 3, 2, 1, 0, 2, 1, 3, 0, 3, 3, 3, 2, 1, 0] 
dagA34.txt 1234x1.txt True 0.28368794326241137 0.6 233.25 [1, 3, 2, 1, 1, 3, 3, 3, 3, 3, 3, 3, 1, 3, 2, 3, 1, 3, 1, 3, 3, 2, 3, 3, 1, 1, 1, 1, 3, 3, 3, 3, 3, 2, 3, 1, 3, 3, 2, 2, 3, 1, 3, 2, 3, 3, 1, 3, 2, 3] 
dagA34.txt 1234x1.txt True 0.48936170212765956 0.65 191.0 [3, 1, 2, 3, 1, 0, 3, 3, 0, 3, 3, 1, 3, 0, 2, 0, 1, 3, 3, 3, 3, 2, 1, 3, 2, 2, 3, 1, 3, 1, 2, 3, 1, 2, 1, 3, 3, 3, 2, 2, 3, 3, 1, 2, 1, 1, 3, 2, 2, 2] 
dagA34.txt 1234x1.txt True 0.5319148936170213 0.7 177.5 [3, 3, 2, 1, 2, 1, 2, 2, 3, 1, 3, 0, 2, 3, 3, 2, 0, 2, 1, 3, 1, 3, 1, 2, 3, 3, 1, 1, 3, 2, 1, 3, 2, 3, 1, 3, 1, 2, 3, 3, 3, 1, 2, 3, 0, 1, 0, 3, 0, 2] 
dagA34.txt 1234x1.txt True 0.5035460992907801 0.75 246.0 [3, 3, 3, 3, 2, 0, 3, 3, 2, 3, 3, 2, 3, 3, 3, 2, 1, 2, 1, 3, 3, 3, 3, 1, 1, 0, 3, 2, 3, 1, 1, 3, 2, 3, 2, 1, 3, 2, 0, 3, 3, 2, 2, 3, 3, 2, 3, 0, 0, 0] 
dagA34.txt 1234x1.txt True 0.5531914893617021 0.8 166.5 [1, 1, 3, 2, 1, 2, 3, 2, 3, 2, 0, 3, 2, 0, 3, 3, 1, 3, 2, 2, 2, 3, 2, 3, 1, 1, 2, 2, 1, 1, 3, 1, 3, 3, 3, 1, 2, 2, 3, 3, 0, 2, 3, 3, 0, 2, 2, 2, 3, 3] 
dagA34.txt 1234x1.txt True 0.5035460992907801 0.85 224.0 [3, 3, 0, 3, 1, 2, 1, 1, 0, 3, 1, 1, 3, 2, 2, 3, 3, 1, 3, 1, 3, 2, 0, 1, 3, 0, 3, 3, 1, 1, 2, 2, 3, 2, 3, 3, 3, 1, 0, 2, 1, 3, 0, 2, 1, 3, 3, 2, 2, 2] 
dagA34.txt 1234x1.txt True 0.5886524822695035 0.9 164.0 [1, 2, 2, 3, 1, 3, 3, 2, 3, 2, 2, 1, 0, 1, 2, 3, 3, 2, 3, 3, 3, 1, 0, 2, 3, 0, 3, 3, 2, 0, 2, 3, 3, 2, 3, 3, 1, 3, 1, 1, 2, 3, 3, 1, 2, 2, 0, 3, 1, 2] 
dagA34.txt 1234x1.txt True 0.6028368794326241 0.95 159.0 [2, 3, 2, 1, 3, 3, 1, 3, 3, 2, 2, 2, 2, 1, 2, 3, 2, 3, 0, 3, 1, 2, 3, 3, 1, 3, 2, 3, 2, 1, 3, 3, 3, 2, 2, 0, 1, 1, 0, 3, 2, 3, 3, 3, 2, 0, 0, 1, 2, 1] 
dagA34.txt 1234x1.txt True 0.6028368794326241 1 159.0 [2, 3, 2, 1, 3, 3, 1, 3, 3, 2, 2, 2, 2, 1, 2, 3, 2, 3, 0, 3, 1, 2, 3, 3, 1, 3, 2, 3, 2, 1, 3, 3, 3, 2, 2, 0, 1, 1, 0, 3, 2, 3, 3, 3, 2, 0, 0, 1, 2, 1] 
dagA34.txt 3_2x3.txt True 0.0425531914893617 0.07 470.3333333333333 [0, 0, 0, 5, 0, 0, 0, 0, 0, 0, 0, 0, 0, 0, 0, 0, 0, 0, 0, 0, 5, 0, 0, 0, 0, 0, 0, 2, 0, 0, 0, 0, 0, 0, 0, 0, 0, 0, 0, 0, 0, 2, 0, 0, 0, 0, 0, 0, 0, 0] 
dagA34.txt 3_2x3.txt True 0.0425531914893617 0.08 470.3333333333333 [0, 0, 0, 5, 0, 0, 0, 0, 0, 0, 0, 0, 0, 0, 0, 0, 0, 0, 0, 0, 5, 0, 0, 0, 0, 0, 0, 2, 0, 0, 0, 0, 0, 0, 0, 0, 0, 0, 0, 0, 0, 2, 0, 0, 0, 0, 0, 0, 0, 0] 
dagA34.txt 3_2x3.txt True 0.0425531914893617 0.09 470.3333333333333 [0, 0, 0, 5, 0, 0, 0, 0, 0, 0, 0, 0, 0, 0, 0, 0, 0, 0, 0, 0, 5, 0, 0, 0, 0, 0, 0, 2, 0, 0, 0, 0, 0, 0, 0, 0, 0, 0, 0, 0, 0, 2, 0, 0, 0, 0, 0, 0, 0, 0] 
dagA34.txt 3_2x3.txt True 0.0425531914893617 0.1 470.3333333333333 [0, 0, 0, 5, 0, 0, 0, 0, 0, 0, 0, 0, 0, 0, 0, 0, 0, 0, 0, 0, 5, 0, 0, 0, 0, 0, 0, 2, 0, 0, 0, 0, 0, 0, 0, 0, 0, 0, 0, 0, 0, 2, 0, 0, 0, 0, 0, 0, 0, 0] 
dagA34.txt 3_2x3.txt True 0.0425531914893617 0.11 470.3333333333333 [0, 0, 0, 5, 0, 0, 0, 0, 0, 0, 0, 0, 0, 0, 0, 0, 0, 0, 0, 0, 5, 0, 0, 0, 0, 0, 0, 2, 0, 0, 0, 0, 0, 0, 0, 0, 0, 0, 0, 0, 0, 2, 0, 0, 0, 0, 0, 0, 0, 0] 
dagA34.txt 3_2x3.txt True 0.0425531914893617 0.12 470.3333333333333 [0, 0, 0, 5, 0, 0, 0, 0, 0, 0, 0, 0, 0, 0, 0, 0, 0, 0, 0, 0, 5, 0, 0, 0, 0, 0, 0, 2, 0, 0, 0, 0, 0, 0, 0, 0, 0, 0, 0, 0, 0, 2, 0, 0, 0, 0, 0, 0, 0, 0] 
dagA34.txt 3_2x3.txt True 0.10638297872340426 0.13 433.3333333333333 [0, 0, 0, 1, 0, 0, 0, 0, 0, 0, 0, 0, 0, 0, 0, 0, 0, 0, 0, 0, 1, 0, 0, 0, 3, 0, 0, 4, 0, 0, 0, 0, 0, 0, 0, 3, 0, 0, 5, 0, 0, 4, 0, 5, 0, 0, 0, 0, 0, 0] 
dagA34.txt 3_2x3.txt True 0.10638297872340426 0.14 433.3333333333333 [0, 0, 0, 1, 0, 0, 0, 0, 0, 0, 0, 0, 0, 0, 0, 0, 0, 0, 0, 0, 1, 0, 0, 0, 3, 0, 0, 4, 0, 0, 0, 0, 0, 0, 0, 3, 0, 0, 5, 0, 0, 4, 0, 5, 0, 0, 0, 0, 0, 0] 
dagA34.txt 3_2x3.txt True 0.10638297872340426 0.15 433.3333333333333 [0, 0, 0, 1, 0, 0, 0, 0, 0, 0, 0, 0, 0, 0, 0, 0, 0, 0, 0, 0, 1, 0, 0, 0, 3, 0, 0, 4, 0, 0, 0, 0, 0, 0, 0, 3, 0, 0, 5, 0, 0, 4, 0, 5, 0, 0, 0, 0, 0, 0] 
dagA34.txt 3_2x3.txt True 0.10638297872340426 0.16 433.3333333333333 [0, 0, 0, 1, 0, 0, 0, 0, 0, 0, 0, 0, 0, 0, 0, 0, 0, 0, 0, 0, 1, 0, 0, 0, 3, 0, 0, 4, 0, 0, 0, 0, 0, 0, 0, 3, 0, 0, 5, 0, 0, 4, 0, 5, 0, 0, 0, 0, 0, 0] 
dagA34.txt 3_2x3.txt True 0.1276595744680851 0.17 417.3333333333333 [0, 0, 0, 3, 0, 0, 0, 0, 0, 0, 0, 0, 0, 0, 0, 0, 0, 0, 0, 0, 3, 0, 0, 0, 2, 0, 0, 3, 0, 0, 0, 0, 0, 0, 0, 2, 0, 0, 3, 3, 0, 3, 0, 3, 0, 0, 3, 0, 0, 0] 
dagA34.txt 3_2x3.txt True 0.1276595744680851 0.18 417.3333333333333 [0, 0, 0, 3, 0, 0, 0, 0, 0, 0, 0, 0, 0, 0, 0, 0, 0, 0, 0, 0, 3, 0, 0, 0, 2, 0, 0, 3, 0, 0, 0, 0, 0, 0, 0, 2, 0, 0, 3, 3, 0, 3, 0, 3, 0, 0, 3, 0, 0, 0] 
dagA34.txt 3_2x3.txt True 0.1276595744680851 0.19 417.3333333333333 [0, 0, 0, 3, 0, 0, 0, 0, 0, 0, 0, 0, 0, 0, 0, 0, 0, 0, 0, 0, 3, 0, 0, 0, 2, 0, 0, 3, 0, 0, 0, 0, 0, 0, 0, 2, 0, 0, 3, 3, 0, 3, 0, 3, 0, 0, 3, 0, 0, 0] 
dagA34.txt 3_2x3.txt True 0.1276595744680851 0.2 417.3333333333333 [0, 0, 0, 3, 0, 0, 0, 0, 0, 0, 0, 0, 0, 0, 0, 0, 0, 0, 0, 0, 3, 0, 0, 0, 2, 0, 0, 3, 0, 0, 0, 0, 0, 0, 0, 2, 0, 0, 3, 3, 0, 3, 0, 3, 0, 0, 3, 0, 0, 0] 
dagA34.txt 3_2x3.txt True 0.1276595744680851 0.25 417.3333333333333 [0, 0, 0, 3, 0, 0, 0, 0, 0, 0, 0, 0, 0, 0, 0, 0, 0, 0, 0, 0, 3, 0, 0, 0, 2, 0, 0, 3, 0, 0, 0, 0, 0, 0, 0, 2, 0, 0, 3, 3, 0, 3, 0, 3, 0, 0, 3, 0, 0, 0] 
dagA34.txt 3_2x3.txt True 0.1276595744680851 0.3 417.3333333333333 [0, 0, 0, 3, 0, 0, 0, 0, 0, 0, 0, 0, 0, 0, 0, 0, 0, 0, 0, 0, 3, 0, 0, 0, 2, 0, 0, 3, 0, 0, 0, 0, 0, 0, 0, 2, 0, 0, 3, 3, 0, 3, 0, 3, 0, 0, 3, 0, 0, 0] 
dagA34.txt 3_2x3.txt True 0.1276595744680851 0.35 417.3333333333333 [0, 0, 0, 3, 0, 0, 0, 0, 0, 0, 0, 0, 0, 0, 0, 0, 0, 0, 0, 0, 3, 0, 0, 0, 2, 0, 0, 3, 0, 0, 0, 0, 0, 0, 0, 2, 0, 0, 3, 3, 0, 3, 0, 3, 0, 0, 3, 0, 0, 0] 
dagA34.txt 3_2x3.txt True 0.1276595744680851 0.4 417.3333333333333 [0, 0, 0, 3, 0, 0, 0, 0, 0, 0, 0, 0, 0, 0, 0, 0, 0, 0, 0, 0, 3, 0, 0, 0, 2, 0, 0, 3, 0, 0, 0, 0, 0, 0, 0, 2, 0, 0, 3, 3, 0, 3, 0, 3, 0, 0, 3, 0, 0, 0] 
dagA34.txt 3_2x3.txt True 0.1276595744680851 0.45 417.3333333333333 [0, 0, 0, 3, 0, 0, 0, 0, 0, 0, 0, 0, 0, 0, 0, 0, 0, 0, 0, 0, 3, 0, 0, 0, 2, 0, 0, 3, 0, 0, 0, 0, 0, 0, 0, 2, 0, 0, 3, 3, 0, 3, 0, 3, 0, 0, 3, 0, 0, 0] 
dagA34.txt 3_2x3.txt True 0.1276595744680851 0.5 417.3333333333333 [0, 0, 0, 3, 0, 0, 0, 0, 0, 0, 0, 0, 0, 0, 0, 0, 0, 0, 0, 0, 3, 0, 0, 0, 2, 0, 0, 3, 0, 0, 0, 0, 0, 0, 0, 2, 0, 0, 3, 3, 0, 3, 0, 3, 0, 0, 3, 0, 0, 0] 
dagA34.txt 3_2x3.txt True 0.46099290780141844 0.55 161.33333333333334 [2, 2, 1, 2, 2, 4, 4, 4, 4, 0, 4, 1, 2, 4, 1, 0, 2, 4, 0, 4, 0, 3, 0, 4, 2, 1, 2, 2, 4, 2, 0, 4, 0, 1, 0, 2, 1, 4, 3, 3, 4, 2, 0, 3, 0, 0, 0, 4, 3, 1] 
dagA34.txt 3_2x3.txt True 0.40425531914893614 0.6 207.33333333333334 [2, 0, 2, 2, 2, 0, 4, 4, 0, 4, 0, 2, 2, 0, 4, 0, 2, 4, 2, 0, 4, 4, 0, 4, 2, 2, 2, 2, 0, 4, 4, 2, 0, 4, 0, 2, 0, 4, 4, 4, 0, 2, 0, 4, 0, 0, 2, 0, 4, 4] 
dagA34.txt 3_2x3.txt True 0.5390070921985816 0.65 129.33333333333334 [1, 2, 5, 4, 2, 2, 0, 0, 4, 4, 0, 2, 1, 2, 5, 1, 2, 0, 4, 0, 4, 5, 2, 0, 2, 5, 4, 4, 0, 2, 5, 4, 4, 5, 2, 4, 3, 0, 5, 5, 0, 4, 4, 5, 2, 1, 4, 2, 3, 5] 
dagA34.txt 3_2x3.txt True 0.574468085106383 0.7 141.5 [2, 0, 0, 4, 5, 3, 2, 2, 2, 4, 0, 3, 3, 2, 0, 5, 4, 2, 4, 0, 4, 0, 4, 2, 4, 5, 4, 5, 0, 2, 4, 2, 5, 0, 4, 4, 4, 2, 5, 0, 0, 5, 5, 0, 3, 4, 3, 2, 0, 3] 
dagA34.txt 3_2x3.txt True 0.5957446808510638 0.75 129.5 [5, 4, 0, 5, 2, 1, 4, 4, 1, 5, 4, 2, 2, 1, 0, 0, 2, 2, 3, 4, 5, 0, 4, 2, 1, 2, 5, 3, 4, 2, 0, 5, 0, 0, 3, 1, 1, 2, 2, 0, 4, 3, 4, 0, 4, 3, 2, 1, 0, 3] 
dagA34.txt 3_2x3.txt True 0.6028368794326241 0.8 139.0 [3, 2, 5, 1, 1, 2, 2, 0, 1, 0, 2, 4, 5, 3, 5, 1, 1, 2, 0, 2, 1, 4, 2, 2, 0, 5, 0, 0, 2, 2, 4, 3, 0, 5, 4, 0, 4, 0, 3, 3, 2, 0, 0, 3, 3, 4, 5, 2, 4, 4] 
dagA34.txt 3_2x3.txt True 0.5957446808510638 0.85 130.0 [1, 4, 5, 5, 4, 0, 2, 2, 3, 4, 2, 4, 0, 5, 0, 0, 1, 2, 0, 2, 3, 2, 0, 2, 1, 5, 4, 4, 2, 3, 4, 4, 0, 0, 4, 5, 4, 2, 0, 2, 2, 0, 0, 2, 2, 4, 0, 5, 5, 4] 
dagA34.txt 3_2x3.txt True 0.6453900709219859 0.9 126.0 [2, 0, 2, 3, 1, 0, 5, 3, 4, 0, 5, 3, 3, 4, 2, 1, 4, 4, 2, 4, 3, 0, 0, 5, 4, 2, 2, 1, 3, 5, 0, 3, 4, 2, 1, 2, 4, 0, 2, 0, 5, 2, 1, 0, 5, 1, 0, 4, 0, 4] 
dagA34.txt 3_2x3.txt True 0.6524822695035462 0.95 119.0 [3, 4, 5, 5, 0, 0, 2, 2, 1, 0, 2, 4, 2, 0, 5, 1, 4, 2, 0, 0, 5, 5, 0, 2, 0, 3, 0, 5, 2, 1, 2, 3, 4, 4, 4, 1, 4, 2, 3, 4, 2, 3, 4, 4, 4, 1, 3, 0, 5, 2] 
dagA34.txt 3_2x3.txt True 0.6524822695035462 1 119.0 [3, 4, 5, 5, 0, 0, 2, 2, 1, 0, 2, 4, 2, 0, 5, 1, 4, 2, 0, 0, 5, 5, 0, 2, 0, 3, 0, 5, 2, 1, 2, 3, 4, 4, 4, 1, 4, 2, 3, 4, 2, 3, 4, 4, 4, 1, 3, 0, 5, 2] 
dagA34.txt 1234x3.txt True 0.0425531914893617 0.07 352.75 [3, 3, 3, 7, 3, 3, 3, 3, 3, 3, 3, 3, 3, 3, 3, 3, 3, 3, 3, 3, 7, 3, 3, 3, 3, 3, 3, 5, 3, 3, 3, 3, 3, 3, 3, 3, 3, 3, 3, 3, 3, 5, 3, 3, 3, 3, 3, 3, 3, 3] 
dagA34.txt 1234x3.txt True 0.0425531914893617 0.08 352.75 [3, 3, 3, 7, 3, 3, 3, 3, 3, 3, 3, 3, 3, 3, 3, 3, 3, 3, 3, 3, 7, 3, 3, 3, 3, 3, 3, 5, 3, 3, 3, 3, 3, 3, 3, 3, 3, 3, 3, 3, 3, 5, 3, 3, 3, 3, 3, 3, 3, 3] 
dagA34.txt 1234x3.txt True 0.0425531914893617 0.09 352.75 [3, 3, 3, 7, 3, 3, 3, 3, 3, 3, 3, 3, 3, 3, 3, 3, 3, 3, 3, 3, 7, 3, 3, 3, 3, 3, 3, 5, 3, 3, 3, 3, 3, 3, 3, 3, 3, 3, 3, 3, 3, 5, 3, 3, 3, 3, 3, 3, 3, 3] 
dagA34.txt 1234x3.txt True 0.0425531914893617 0.1 352.75 [3, 3, 3, 7, 3, 3, 3, 3, 3, 3, 3, 3, 3, 3, 3, 3, 3, 3, 3, 3, 7, 3, 3, 3, 3, 3, 3, 5, 3, 3, 3, 3, 3, 3, 3, 3, 3, 3, 3, 3, 3, 5, 3, 3, 3, 3, 3, 3, 3, 3] 
dagA34.txt 1234x3.txt True 0.0425531914893617 0.11 352.75 [3, 3, 3, 7, 3, 3, 3, 3, 3, 3, 3, 3, 3, 3, 3, 3, 3, 3, 3, 3, 7, 3, 3, 3, 3, 3, 3, 5, 3, 3, 3, 3, 3, 3, 3, 3, 3, 3, 3, 3, 3, 5, 3, 3, 3, 3, 3, 3, 3, 3] 
dagA34.txt 1234x3.txt True 0.0425531914893617 0.12 352.75 [3, 3, 3, 7, 3, 3, 3, 3, 3, 3, 3, 3, 3, 3, 3, 3, 3, 3, 3, 3, 7, 3, 3, 3, 3, 3, 3, 5, 3, 3, 3, 3, 3, 3, 3, 3, 3, 3, 3, 3, 3, 5, 3, 3, 3, 3, 3, 3, 3, 3] 
dagA34.txt 1234x3.txt True 0.11347517730496454 0.13 325.0 [3, 3, 3, 11, 3, 3, 3, 3, 3, 3, 3, 3, 3, 3, 3, 3, 3, 3, 3, 3, 11, 3, 3, 3, 8, 3, 3, 11, 3, 3, 3, 3, 3, 3, 3, 8, 3, 3, 5, 3, 3, 11, 3, 2, 3, 3, 3, 3, 3, 3] 
dagA34.txt 1234x3.txt True 0.11347517730496454 0.14 325.0 [3, 3, 3, 11, 3, 3, 3, 3, 3, 3, 3, 3, 3, 3, 3, 3, 3, 3, 3, 3, 11, 3, 3, 3, 8, 3, 3, 11, 3, 3, 3, 3, 3, 3, 3, 8, 3, 3, 5, 3, 3, 11, 3, 2, 3, 3, 3, 3, 3, 3] 
dagA34.txt 1234x3.txt True 0.11347517730496454 0.15 325.0 [3, 3, 3, 11, 3, 3, 3, 3, 3, 3, 3, 3, 3, 3, 3, 3, 3, 3, 3, 3, 11, 3, 3, 3, 8, 3, 3, 11, 3, 3, 3, 3, 3, 3, 3, 8, 3, 3, 5, 3, 3, 11, 3, 2, 3, 3, 3, 3, 3, 3] 
dagA34.txt 1234x3.txt True 0.11347517730496454 0.16 325.0 [3, 3, 3, 11, 3, 3, 3, 3, 3, 3, 3, 3, 3, 3, 3, 3, 3, 3, 3, 3, 11, 3, 3, 3, 8, 3, 3, 11, 3, 3, 3, 3, 3, 3, 3, 8, 3, 3, 5, 3, 3, 11, 3, 2, 3, 3, 3, 3, 3, 3] 
dagA34.txt 1234x3.txt True 0.14184397163120568 0.17 313.0 [11, 11, 11, 8, 11, 11, 11, 11, 11, 11, 11, 11, 11, 11, 11, 11, 11, 11, 11, 11, 8, 11, 11, 11, 5, 11, 11, 8, 11, 11, 11, 11, 11, 11, 11, 5, 11, 11, 7, 6, 11, 7, 11, 6, 11, 11, 7, 11, 11, 11] 
dagA34.txt 1234x3.txt True 0.14184397163120568 0.18 313.0 [11, 11, 11, 8, 11, 11, 11, 11, 11, 11, 11, 11, 11, 11, 11, 11, 11, 11, 11, 11, 8, 11, 11, 11, 5, 11, 11, 8, 11, 11, 11, 11, 11, 11, 11, 5, 11, 11, 7, 6, 11, 7, 11, 6, 11, 11, 7, 11, 11, 11] 
dagA34.txt 1234x3.txt True 0.14184397163120568 0.19 313.0 [11, 11, 11, 8, 11, 11, 11, 11, 11, 11, 11, 11, 11, 11, 11, 11, 11, 11, 11, 11, 8, 11, 11, 11, 5, 11, 11, 8, 11, 11, 11, 11, 11, 11, 11, 5, 11, 11, 7, 6, 11, 7, 11, 6, 11, 11, 7, 11, 11, 11] 
dagA34.txt 1234x3.txt True 0.14184397163120568 0.2 313.0 [11, 11, 11, 8, 11, 11, 11, 11, 11, 11, 11, 11, 11, 11, 11, 11, 11, 11, 11, 11, 8, 11, 11, 11, 5, 11, 11, 8, 11, 11, 11, 11, 11, 11, 11, 5, 11, 11, 7, 6, 11, 7, 11, 6, 11, 11, 7, 11, 11, 11] 
dagA34.txt 1234x3.txt True 0.14184397163120568 0.25 313.0 [11, 11, 11, 8, 11, 11, 11, 11, 11, 11, 11, 11, 11, 11, 11, 11, 11, 11, 11, 11, 8, 11, 11, 11, 5, 11, 11, 8, 11, 11, 11, 11, 11, 11, 11, 5, 11, 11, 7, 6, 11, 7, 11, 6, 11, 11, 7, 11, 11, 11] 
dagA34.txt 1234x3.txt True 0.14184397163120568 0.3 313.0 [11, 11, 11, 8, 11, 11, 11, 11, 11, 11, 11, 11, 11, 11, 11, 11, 11, 11, 11, 11, 8, 11, 11, 11, 5, 11, 11, 8, 11, 11, 11, 11, 11, 11, 11, 5, 11, 11, 7, 6, 11, 7, 11, 6, 11, 11, 7, 11, 11, 11] 
dagA34.txt 1234x3.txt True 0.14184397163120568 0.35 313.0 [11, 11, 11, 8, 11, 11, 11, 11, 11, 11, 11, 11, 11, 11, 11, 11, 11, 11, 11, 11, 8, 11, 11, 11, 5, 11, 11, 8, 11, 11, 11, 11, 11, 11, 11, 5, 11, 11, 7, 6, 11, 7, 11, 6, 11, 11, 7, 11, 11, 11] 
dagA34.txt 1234x3.txt True 0.14184397163120568 0.4 313.0 [11, 11, 11, 8, 11, 11, 11, 11, 11, 11, 11, 11, 11, 11, 11, 11, 11, 11, 11, 11, 8, 11, 11, 11, 5, 11, 11, 8, 11, 11, 11, 11, 11, 11, 11, 5, 11, 11, 7, 6, 11, 7, 11, 6, 11, 11, 7, 11, 11, 11] 
dagA34.txt 1234x3.txt True 0.14184397163120568 0.45 313.0 [11, 11, 11, 8, 11, 11, 11, 11, 11, 11, 11, 11, 11, 11, 11, 11, 11, 11, 11, 11, 8, 11, 11, 11, 5, 11, 11, 8, 11, 11, 11, 11, 11, 11, 11, 5, 11, 11, 7, 6, 11, 7, 11, 6, 11, 11, 7, 11, 11, 11] 
dagA34.txt 1234x3.txt True 0.14184397163120568 0.5 313.0 [11, 11, 11, 8, 11, 11, 11, 11, 11, 11, 11, 11, 11, 11, 11, 11, 11, 11, 11, 11, 8, 11, 11, 11, 5, 11, 11, 8, 11, 11, 11, 11, 11, 11, 11, 5, 11, 11, 7, 6, 11, 7, 11, 6, 11, 11, 7, 11, 11, 11] 
dagA34.txt 1234x3.txt True 0.49645390070921985 0.55 121.0 [3, 9, 11, 3, 5, 7, 7, 7, 7, 2, 7, 11, 3, 7, 11, 2, 3, 7, 2, 7, 2, 10, 2, 7, 3, 11, 9, 5, 7, 9, 2, 7, 2, 11, 2, 9, 11, 7, 10, 10, 7, 5, 2, 10, 2, 2, 2, 7, 10, 3] 
dagA34.txt 1234x3.txt True 0.524822695035461 0.6 155.5 [2, 3, 0, 1, 1, 3, 7, 7, 3, 7, 3, 0, 2, 3, 4, 3, 1, 7, 2, 3, 7, 8, 3, 7, 11, 0, 2, 1, 3, 7, 7, 0, 3, 4, 3, 11, 3, 7, 7, 8, 3, 1, 3, 7, 3, 3, 2, 3, 8, 7] 
dagA34.txt 1234x3.txt True 0.5886524822695035 0.65 120.0 [1, 7, 11, 10, 7, 1, 2, 2, 3, 10, 2, 7, 1, 1, 11, 4, 7, 2, 10, 2, 10, 11, 7, 2, 9, 11, 10, 9, 2, 7, 11, 10, 3, 11, 7, 9, 4, 2, 11, 11, 2, 11, 3, 11, 7, 4, 10, 9, 8, 11] 
dagA34.txt 1234x3.txt True 0.6170212765957447 0.7 88.25 [10, 11, 2, 3, 6, 11, 7, 7, 10, 3, 11, 2, 0, 10, 2, 6, 8, 7, 3, 11, 3, 1, 3, 7, 9, 3, 3, 4, 11, 7, 3, 10, 6, 2, 3, 9, 3, 7, 3, 1, 11, 4, 6, 1, 8, 3, 0, 10, 1, 5] 
dagA34.txt 1234x3.txt True 0.6312056737588653 0.75 96.0 [3, 6, 2, 3, 11, 5, 6, 6, 9, 3, 6, 11, 7, 4, 2, 9, 5, 11, 7, 6, 3, 1, 6, 5, 7, 0, 3, 11, 6, 5, 2, 3, 9, 2, 10, 7, 10, 11, 0, 1, 6, 11, 9, 1, 6, 10, 7, 4, 1, 2] 
dagA34.txt 1234x3.txt True 0.7163120567375887 0.8 83.5 [1, 3, 7, 11, 2, 10, 11, 4, 7, 11, 5, 8, 9, 2, 7, 7, 2, 11, 11, 10, 11, 6, 10, 11, 7, 9, 11, 10, 3, 3, 6, 1, 5, 7, 8, 7, 3, 4, 9, 3, 5, 10, 5, 3, 2, 3, 9, 10, 6, 6] 
dagA34.txt 1234x3.txt True 0.6028368794326241 0.85 98.0 [6, 3, 9, 7, 4, 5, 7, 7, 5, 3, 7, 10, 1, 5, 10, 3, 6, 7, 3, 7, 7, 11, 5, 7, 6, 9, 3, 3, 7, 9, 11, 10, 3, 10, 7, 6, 3, 7, 9, 11, 7, 3, 4, 11, 7, 3, 3, 5, 11, 2] 
dagA34.txt 1234x3.txt True 0.7375886524822695 0.9 75.5 [10, 1, 2, 9, 7, 11, 8, 7, 10, 6, 3, 2, 9, 11, 2, 3, 9, 7, 7, 11, 6, 11, 0, 3, 9, 10, 6, 4, 7, 5, 6, 10, 10, 2, 2, 1, 1, 8, 5, 11, 3, 7, 3, 11, 3, 7, 5, 11, 3, 6] 
dagA34.txt 1234x3.txt True 0.75177304964539 0.95 66.5 [3, 1, 11, 6, 10, 1, 2, 6, 7, 7, 2, 3, 10, 5, 11, 7, 1, 6, 11, 2, 6, 3, 10, 6, 7, 9, 7, 11, 2, 0, 8, 4, 11, 3, 3, 7, 5, 10, 9, 9, 2, 11, 11, 9, 5, 3, 10, 7, 3, 8] 
dagA34.txt 1234x3.txt True 0.75177304964539 1 66.5 [3, 1, 11, 6, 10, 1, 2, 6, 7, 7, 2, 3, 10, 5, 11, 7, 1, 6, 11, 2, 6, 3, 10, 6, 7, 9, 7, 11, 2, 0, 8, 4, 11, 3, 3, 7, 5, 10, 9, 9, 2, 11, 11, 9, 5, 3, 10, 7, 3, 8] 
dagA34.txt 1_4x1.txt True 0.014184397163120567 0.07 367.0 [1, 1, 1, 1, 1, 1, 1, 1, 1, 1, 1, 1, 1, 1, 1, 1, 1, 1, 1, 1, 1, 1, 1, 1, 1, 1, 1, 0, 1, 1, 1, 1, 1, 1, 1, 1, 1, 1, 1, 1, 1, 0, 1, 1, 1, 1, 1, 1, 1, 1] 
dagA34.txt 1_4x1.txt True 0.014184397163120567 0.08 367.0 [1, 1, 1, 1, 1, 1, 1, 1, 1, 1, 1, 1, 1, 1, 1, 1, 1, 1, 1, 1, 1, 1, 1, 1, 1, 1, 1, 0, 1, 1, 1, 1, 1, 1, 1, 1, 1, 1, 1, 1, 1, 0, 1, 1, 1, 1, 1, 1, 1, 1] 
dagA34.txt 1_4x1.txt True 0.014184397163120567 0.09 367.0 [1, 1, 1, 1, 1, 1, 1, 1, 1, 1, 1, 1, 1, 1, 1, 1, 1, 1, 1, 1, 1, 1, 1, 1, 1, 1, 1, 0, 1, 1, 1, 1, 1, 1, 1, 1, 1, 1, 1, 1, 1, 0, 1, 1, 1, 1, 1, 1, 1, 1] 
dagA34.txt 1_4x1.txt True 0.014184397163120567 0.1 367.0 [1, 1, 1, 1, 1, 1, 1, 1, 1, 1, 1, 1, 1, 1, 1, 1, 1, 1, 1, 1, 1, 1, 1, 1, 1, 1, 1, 0, 1, 1, 1, 1, 1, 1, 1, 1, 1, 1, 1, 1, 1, 0, 1, 1, 1, 1, 1, 1, 1, 1] 
dagA34.txt 1_4x1.txt True 0.014184397163120567 0.11 367.0 [1, 1, 1, 1, 1, 1, 1, 1, 1, 1, 1, 1, 1, 1, 1, 1, 1, 1, 1, 1, 1, 1, 1, 1, 1, 1, 1, 0, 1, 1, 1, 1, 1, 1, 1, 1, 1, 1, 1, 1, 1, 0, 1, 1, 1, 1, 1, 1, 1, 1] 
dagA34.txt 1_4x1.txt True 0.014184397163120567 0.12 367.0 [1, 1, 1, 1, 1, 1, 1, 1, 1, 1, 1, 1, 1, 1, 1, 1, 1, 1, 1, 1, 1, 1, 1, 1, 1, 1, 1, 0, 1, 1, 1, 1, 1, 1, 1, 1, 1, 1, 1, 1, 1, 0, 1, 1, 1, 1, 1, 1, 1, 1] 
dagA34.txt 1_4x1.txt True 0.028368794326241134 0.13 364.0 [1, 1, 1, 0, 1, 1, 1, 1, 1, 1, 1, 1, 1, 1, 1, 1, 1, 1, 1, 1, 0, 1, 1, 1, 1, 1, 1, 1, 1, 1, 1, 1, 1, 1, 1, 1, 1, 1, 1, 1, 1, 1, 1, 1, 1, 1, 1, 1, 1, 1] 
dagA34.txt 1_4x1.txt True 0.028368794326241134 0.14 364.0 [1, 1, 1, 0, 1, 1, 1, 1, 1, 1, 1, 1, 1, 1, 1, 1, 1, 1, 1, 1, 0, 1, 1, 1, 1, 1, 1, 1, 1, 1, 1, 1, 1, 1, 1, 1, 1, 1, 1, 1, 1, 1, 1, 1, 1, 1, 1, 1, 1, 1] 
dagA34.txt 1_4x1.txt True 0.028368794326241134 0.15 364.0 [1, 1, 1, 0, 1, 1, 1, 1, 1, 1, 1, 1, 1, 1, 1, 1, 1, 1, 1, 1, 0, 1, 1, 1, 1, 1, 1, 1, 1, 1, 1, 1, 1, 1, 1, 1, 1, 1, 1, 1, 1, 1, 1, 1, 1, 1, 1, 1, 1, 1] 
dagA34.txt 1_4x1.txt True 0.028368794326241134 0.16 364.0 [1, 1, 1, 0, 1, 1, 1, 1, 1, 1, 1, 1, 1, 1, 1, 1, 1, 1, 1, 1, 0, 1, 1, 1, 1, 1, 1, 1, 1, 1, 1, 1, 1, 1, 1, 1, 1, 1, 1, 1, 1, 1, 1, 1, 1, 1, 1, 1, 1, 1] 
dagA34.txt 1_4x1.txt True 0.03546099290780142 0.17 365.75 [1, 1, 1, 1, 1, 1, 1, 1, 1, 1, 1, 1, 1, 1, 1, 1, 1, 1, 1, 1, 1, 1, 1, 1, 0, 1, 1, 1, 1, 1, 1, 1, 1, 1, 1, 0, 1, 1, 1, 1, 1, 1, 1, 1, 1, 1, 1, 1, 1, 1] 
dagA34.txt 1_4x1.txt True 0.03546099290780142 0.18 365.75 [1, 1, 1, 1, 1, 1, 1, 1, 1, 1, 1, 1, 1, 1, 1, 1, 1, 1, 1, 1, 1, 1, 1, 1, 0, 1, 1, 1, 1, 1, 1, 1, 1, 1, 1, 0, 1, 1, 1, 1, 1, 1, 1, 1, 1, 1, 1, 1, 1, 1] 
dagA34.txt 1_4x1.txt True 0.03546099290780142 0.19 365.75 [1, 1, 1, 1, 1, 1, 1, 1, 1, 1, 1, 1, 1, 1, 1, 1, 1, 1, 1, 1, 1, 1, 1, 1, 0, 1, 1, 1, 1, 1, 1, 1, 1, 1, 1, 0, 1, 1, 1, 1, 1, 1, 1, 1, 1, 1, 1, 1, 1, 1] 
dagA34.txt 1_4x1.txt True 0.03546099290780142 0.2 365.75 [1, 1, 1, 1, 1, 1, 1, 1, 1, 1, 1, 1, 1, 1, 1, 1, 1, 1, 1, 1, 1, 1, 1, 1, 0, 1, 1, 1, 1, 1, 1, 1, 1, 1, 1, 0, 1, 1, 1, 1, 1, 1, 1, 1, 1, 1, 1, 1, 1, 1] 
dagA34.txt 1_4x1.txt True 0.03546099290780142 0.25 365.75 [1, 1, 1, 1, 1, 1, 1, 1, 1, 1, 1, 1, 1, 1, 1, 1, 1, 1, 1, 1, 1, 1, 1, 1, 0, 1, 1, 1, 1, 1, 1, 1, 1, 1, 1, 0, 1, 1, 1, 1, 1, 1, 1, 1, 1, 1, 1, 1, 1, 1] 
dagA34.txt 1_4x1.txt True 0.03546099290780142 0.3 365.75 [1, 1, 1, 1, 1, 1, 1, 1, 1, 1, 1, 1, 1, 1, 1, 1, 1, 1, 1, 1, 1, 1, 1, 1, 0, 1, 1, 1, 1, 1, 1, 1, 1, 1, 1, 0, 1, 1, 1, 1, 1, 1, 1, 1, 1, 1, 1, 1, 1, 1] 
dagA34.txt 1_4x1.txt True 0.03546099290780142 0.35 365.75 [1, 1, 1, 1, 1, 1, 1, 1, 1, 1, 1, 1, 1, 1, 1, 1, 1, 1, 1, 1, 1, 1, 1, 1, 0, 1, 1, 1, 1, 1, 1, 1, 1, 1, 1, 0, 1, 1, 1, 1, 1, 1, 1, 1, 1, 1, 1, 1, 1, 1] 
dagA34.txt 1_4x1.txt True 0.03546099290780142 0.4 365.75 [1, 1, 1, 1, 1, 1, 1, 1, 1, 1, 1, 1, 1, 1, 1, 1, 1, 1, 1, 1, 1, 1, 1, 1, 0, 1, 1, 1, 1, 1, 1, 1, 1, 1, 1, 0, 1, 1, 1, 1, 1, 1, 1, 1, 1, 1, 1, 1, 1, 1] 
dagA34.txt 1_4x1.txt True 0.03546099290780142 0.45 365.75 [1, 1, 1, 1, 1, 1, 1, 1, 1, 1, 1, 1, 1, 1, 1, 1, 1, 1, 1, 1, 1, 1, 1, 1, 0, 1, 1, 1, 1, 1, 1, 1, 1, 1, 1, 0, 1, 1, 1, 1, 1, 1, 1, 1, 1, 1, 1, 1, 1, 1] 
dagA34.txt 1_4x1.txt True 0.03546099290780142 0.5 365.75 [1, 1, 1, 1, 1, 1, 1, 1, 1, 1, 1, 1, 1, 1, 1, 1, 1, 1, 1, 1, 1, 1, 1, 1, 0, 1, 1, 1, 1, 1, 1, 1, 1, 1, 1, 0, 1, 1, 1, 1, 1, 1, 1, 1, 1, 1, 1, 1, 1, 1] 
dagA34.txt 1_4x1.txt True 0.19148936170212766 0.55 371.0 [0, 1, 1, 0, 0, 1, 1, 1, 1, 1, 1, 1, 0, 1, 1, 1, 0, 1, 1, 1, 1, 1, 1, 1, 0, 0, 1, 0, 1, 1, 1, 1, 1, 1, 1, 1, 1, 1, 0, 1, 1, 0, 1, 1, 1, 1, 1, 1, 1, 0] 
dagA34.txt 1_4x1.txt True 0.1702127659574468 0.6 303.25 [0, 1, 0, 0, 1, 1, 1, 1, 1, 1, 1, 1, 0, 1, 1, 1, 1, 1, 1, 1, 1, 1, 1, 1, 0, 0, 1, 1, 1, 1, 1, 1, 1, 1, 1, 0, 1, 1, 0, 1, 1, 1, 1, 1, 1, 1, 0, 1, 1, 1] 
dagA34.txt 1_4x1.txt True 0.18439716312056736 0.65 322.0 [1, 1, 1, 1, 1, 0, 1, 1, 0, 1, 1, 1, 1, 0, 1, 0, 1, 1, 1, 1, 1, 1, 1, 1, 1, 1, 1, 1, 1, 1, 1, 1, 0, 1, 1, 1, 0, 1, 1, 1, 1, 1, 0, 1, 1, 0, 1, 1, 1, 1] 
dagA34.txt 1_4x1.txt True 0.18439716312056736 0.7 343.0 [1, 1, 0, 1, 1, 1, 1, 1, 1, 1, 1, 0, 0, 1, 1, 1, 1, 1, 1, 1, 1, 1, 1, 1, 1, 0, 1, 0, 1, 1, 1, 1, 1, 1, 1, 1, 1, 1, 0, 1, 1, 0, 1, 1, 1, 1, 0, 1, 0, 0] 
dagA34.txt 1_4x1.txt True 0.18439716312056736 0.75 353.0 [1, 1, 1, 1, 1, 0, 1, 1, 1, 1, 1, 1, 1, 0, 1, 1, 1, 1, 1, 1, 1, 1, 1, 1, 0, 0, 1, 1, 1, 1, 0, 1, 1, 1, 1, 0, 1, 1, 0, 1, 1, 1, 1, 1, 1, 1, 1, 0, 0, 0] 
dagA34.txt 1_4x1.txt True 0.3120567375886525 0.8 314.0 [1, 0, 1, 1, 1, 1, 1, 0, 1, 1, 0, 0, 1, 0, 1, 1, 1, 1, 1, 1, 1, 1, 1, 1, 1, 1, 1, 1, 0, 1, 1, 1, 1, 1, 0, 1, 1, 0, 1, 1, 0, 1, 1, 1, 0, 1, 1, 1, 1, 1] 
dagA34.txt 1_4x1.txt True 0.2198581560283688 0.85 341.0 [1, 1, 1, 1, 0, 0, 1, 1, 1, 1, 1, 1, 0, 1, 1, 1, 1, 1, 1, 1, 1, 1, 0, 1, 1, 1, 1, 1, 1, 0, 1, 1, 1, 1, 0, 1, 1, 1, 0, 1, 1, 1, 0, 1, 1, 1, 0, 1, 1, 0] 
dagA34.txt 1_4x1.txt True 0.2198581560283688 0.9 340.0 [1, 0, 1, 1, 0, 1, 1, 1, 1, 1, 1, 0, 0, 1, 1, 1, 1, 1, 1, 1, 1, 1, 1, 1, 1, 1, 1, 0, 1, 0, 1, 1, 1, 1, 1, 0, 1, 1, 0, 1, 1, 1, 1, 1, 1, 1, 0, 1, 0, 1] 
dagA34.txt 1_4x1.txt True 0.2978723404255319 0.95 328.0 [0, 0, 1, 1, 1, 0, 1, 0, 1, 1, 1, 1, 0, 0, 1, 1, 0, 1, 1, 0, 1, 1, 1, 1, 1, 1, 1, 1, 1, 1, 1, 1, 1, 1, 1, 0, 1, 1, 1, 1, 1, 1, 1, 1, 0, 1, 1, 1, 1, 1] 
dagA34.txt 1_4x1.txt True 0.2978723404255319 1 328.0 [0, 0, 1, 1, 1, 0, 1, 0, 1, 1, 1, 1, 0, 0, 1, 1, 0, 1, 1, 0, 1, 1, 1, 1, 1, 1, 1, 1, 1, 1, 1, 1, 1, 1, 1, 0, 1, 1, 1, 1, 1, 1, 1, 1, 0, 1, 1, 1, 1, 1] 
dagA34.txt 3_2x2.txt True 0.0425531914893617 0.07 470.3333333333333 [0, 0, 0, 2, 0, 0, 0, 0, 0, 0, 0, 0, 0, 0, 0, 0, 0, 0, 0, 0, 2, 0, 0, 0, 0, 0, 0, 1, 0, 0, 0, 0, 0, 0, 0, 0, 0, 0, 0, 0, 0, 1, 0, 0, 0, 0, 0, 0, 0, 0] 
dagA34.txt 3_2x2.txt True 0.0425531914893617 0.08 470.3333333333333 [0, 0, 0, 2, 0, 0, 0, 0, 0, 0, 0, 0, 0, 0, 0, 0, 0, 0, 0, 0, 2, 0, 0, 0, 0, 0, 0, 1, 0, 0, 0, 0, 0, 0, 0, 0, 0, 0, 0, 0, 0, 1, 0, 0, 0, 0, 0, 0, 0, 0] 
dagA34.txt 3_2x2.txt True 0.0425531914893617 0.09 470.3333333333333 [0, 0, 0, 2, 0, 0, 0, 0, 0, 0, 0, 0, 0, 0, 0, 0, 0, 0, 0, 0, 2, 0, 0, 0, 0, 0, 0, 1, 0, 0, 0, 0, 0, 0, 0, 0, 0, 0, 0, 0, 0, 1, 0, 0, 0, 0, 0, 0, 0, 0] 
dagA34.txt 3_2x2.txt True 0.0425531914893617 0.1 470.3333333333333 [0, 0, 0, 2, 0, 0, 0, 0, 0, 0, 0, 0, 0, 0, 0, 0, 0, 0, 0, 0, 2, 0, 0, 0, 0, 0, 0, 1, 0, 0, 0, 0, 0, 0, 0, 0, 0, 0, 0, 0, 0, 1, 0, 0, 0, 0, 0, 0, 0, 0] 
dagA34.txt 3_2x2.txt True 0.0425531914893617 0.11 470.3333333333333 [0, 0, 0, 2, 0, 0, 0, 0, 0, 0, 0, 0, 0, 0, 0, 0, 0, 0, 0, 0, 2, 0, 0, 0, 0, 0, 0, 1, 0, 0, 0, 0, 0, 0, 0, 0, 0, 0, 0, 0, 0, 1, 0, 0, 0, 0, 0, 0, 0, 0] 
dagA34.txt 3_2x2.txt True 0.0425531914893617 0.12 470.3333333333333 [0, 0, 0, 2, 0, 0, 0, 0, 0, 0, 0, 0, 0, 0, 0, 0, 0, 0, 0, 0, 2, 0, 0, 0, 0, 0, 0, 1, 0, 0, 0, 0, 0, 0, 0, 0, 0, 0, 0, 0, 0, 1, 0, 0, 0, 0, 0, 0, 0, 0] 
dagA34.txt 3_2x2.txt True 0.10638297872340426 0.13 433.3333333333333 [0, 0, 0, 1, 0, 0, 0, 0, 0, 0, 0, 0, 0, 0, 0, 0, 0, 0, 0, 0, 1, 0, 0, 0, 2, 0, 0, 3, 0, 0, 0, 0, 0, 0, 0, 2, 0, 0, 3, 0, 0, 3, 0, 3, 0, 0, 0, 0, 0, 0] 
dagA34.txt 3_2x2.txt True 0.10638297872340426 0.14 433.3333333333333 [0, 0, 0, 1, 0, 0, 0, 0, 0, 0, 0, 0, 0, 0, 0, 0, 0, 0, 0, 0, 1, 0, 0, 0, 2, 0, 0, 3, 0, 0, 0, 0, 0, 0, 0, 2, 0, 0, 3, 0, 0, 3, 0, 3, 0, 0, 0, 0, 0, 0] 
dagA34.txt 3_2x2.txt True 0.10638297872340426 0.15 433.3333333333333 [0, 0, 0, 1, 0, 0, 0, 0, 0, 0, 0, 0, 0, 0, 0, 0, 0, 0, 0, 0, 1, 0, 0, 0, 2, 0, 0, 3, 0, 0, 0, 0, 0, 0, 0, 2, 0, 0, 3, 0, 0, 3, 0, 3, 0, 0, 0, 0, 0, 0] 
dagA34.txt 3_2x2.txt True 0.10638297872340426 0.16 433.3333333333333 [0, 0, 0, 1, 0, 0, 0, 0, 0, 0, 0, 0, 0, 0, 0, 0, 0, 0, 0, 0, 1, 0, 0, 0, 2, 0, 0, 3, 0, 0, 0, 0, 0, 0, 0, 2, 0, 0, 3, 0, 0, 3, 0, 3, 0, 0, 0, 0, 0, 0] 
dagA34.txt 3_2x2.txt True 0.1276595744680851 0.17 417.3333333333333 [0, 0, 0, 3, 0, 0, 0, 0, 0, 0, 0, 0, 0, 0, 0, 0, 0, 0, 0, 0, 3, 0, 0, 0, 1, 0, 0, 2, 0, 0, 0, 0, 0, 0, 0, 1, 0, 0, 3, 3, 0, 2, 0, 3, 0, 0, 3, 0, 0, 0] 
dagA34.txt 3_2x2.txt True 0.1276595744680851 0.18 417.3333333333333 [0, 0, 0, 3, 0, 0, 0, 0, 0, 0, 0, 0, 0, 0, 0, 0, 0, 0, 0, 0, 3, 0, 0, 0, 1, 0, 0, 2, 0, 0, 0, 0, 0, 0, 0, 1, 0, 0, 3, 3, 0, 2, 0, 3, 0, 0, 3, 0, 0, 0] 
dagA34.txt 3_2x2.txt True 0.1276595744680851 0.19 417.3333333333333 [0, 0, 0, 3, 0, 0, 0, 0, 0, 0, 0, 0, 0, 0, 0, 0, 0, 0, 0, 0, 3, 0, 0, 0, 1, 0, 0, 2, 0, 0, 0, 0, 0, 0, 0, 1, 0, 0, 3, 3, 0, 2, 0, 3, 0, 0, 3, 0, 0, 0] 
dagA34.txt 3_2x2.txt True 0.1276595744680851 0.2 417.3333333333333 [0, 0, 0, 3, 0, 0, 0, 0, 0, 0, 0, 0, 0, 0, 0, 0, 0, 0, 0, 0, 3, 0, 0, 0, 1, 0, 0, 2, 0, 0, 0, 0, 0, 0, 0, 1, 0, 0, 3, 3, 0, 2, 0, 3, 0, 0, 3, 0, 0, 0] 
dagA34.txt 3_2x2.txt True 0.1276595744680851 0.25 417.3333333333333 [0, 0, 0, 3, 0, 0, 0, 0, 0, 0, 0, 0, 0, 0, 0, 0, 0, 0, 0, 0, 3, 0, 0, 0, 1, 0, 0, 2, 0, 0, 0, 0, 0, 0, 0, 1, 0, 0, 3, 3, 0, 2, 0, 3, 0, 0, 3, 0, 0, 0] 
dagA34.txt 3_2x2.txt True 0.1276595744680851 0.3 417.3333333333333 [0, 0, 0, 3, 0, 0, 0, 0, 0, 0, 0, 0, 0, 0, 0, 0, 0, 0, 0, 0, 3, 0, 0, 0, 1, 0, 0, 2, 0, 0, 0, 0, 0, 0, 0, 1, 0, 0, 3, 3, 0, 2, 0, 3, 0, 0, 3, 0, 0, 0] 
dagA34.txt 3_2x2.txt True 0.1276595744680851 0.35 417.3333333333333 [0, 0, 0, 3, 0, 0, 0, 0, 0, 0, 0, 0, 0, 0, 0, 0, 0, 0, 0, 0, 3, 0, 0, 0, 1, 0, 0, 2, 0, 0, 0, 0, 0, 0, 0, 1, 0, 0, 3, 3, 0, 2, 0, 3, 0, 0, 3, 0, 0, 0] 
dagA34.txt 3_2x2.txt True 0.1276595744680851 0.4 417.3333333333333 [0, 0, 0, 3, 0, 0, 0, 0, 0, 0, 0, 0, 0, 0, 0, 0, 0, 0, 0, 0, 3, 0, 0, 0, 1, 0, 0, 2, 0, 0, 0, 0, 0, 0, 0, 1, 0, 0, 3, 3, 0, 2, 0, 3, 0, 0, 3, 0, 0, 0] 
dagA34.txt 3_2x2.txt True 0.1276595744680851 0.45 417.3333333333333 [0, 0, 0, 3, 0, 0, 0, 0, 0, 0, 0, 0, 0, 0, 0, 0, 0, 0, 0, 0, 3, 0, 0, 0, 1, 0, 0, 2, 0, 0, 0, 0, 0, 0, 0, 1, 0, 0, 3, 3, 0, 2, 0, 3, 0, 0, 3, 0, 0, 0] 
dagA34.txt 3_2x2.txt True 0.1276595744680851 0.5 417.3333333333333 [0, 0, 0, 3, 0, 0, 0, 0, 0, 0, 0, 0, 0, 0, 0, 0, 0, 0, 0, 0, 3, 0, 0, 0, 1, 0, 0, 2, 0, 0, 0, 0, 0, 0, 0, 1, 0, 0, 3, 3, 0, 2, 0, 3, 0, 0, 3, 0, 0, 0] 
dagA34.txt 3_2x2.txt True 0.45390070921985815 0.55 190.33333333333334 [2, 1, 3, 2, 1, 0, 0, 0, 0, 2, 0, 3, 2, 0, 3, 2, 2, 0, 2, 0, 2, 0, 2, 0, 2, 1, 1, 1, 0, 1, 2, 0, 2, 3, 2, 1, 3, 0, 1, 0, 0, 1, 2, 0, 2, 2, 2, 0, 1, 0] 
dagA34.txt 3_2x2.txt True 0.41134751773049644 0.6 267.0 [1, 2, 2, 1, 1, 2, 0, 0, 2, 0, 2, 1, 1, 2, 2, 2, 1, 0, 1, 2, 0, 2, 2, 0, 1, 1, 1, 1, 2, 0, 0, 1, 2, 2, 2, 1, 2, 0, 2, 2, 2, 1, 2, 2, 2, 2, 1, 2, 2, 0] 
dagA34.txt 3_2x2.txt True 0.48936170212765956 0.65 191.0 [3, 1, 2, 3, 1, 0, 0, 0, 0, 3, 0, 1, 3, 0, 2, 0, 1, 0, 3, 0, 3, 2, 1, 0, 2, 2, 3, 1, 0, 1, 2, 3, 1, 2, 1, 3, 3, 0, 2, 2, 0, 3, 1, 2, 1, 1, 3, 2, 2, 2] 
dagA34.txt 3_2x2.txt True 0.524822695035461 0.7 210.0 [3, 3, 2, 1, 2, 1, 2, 2, 3, 1, 3, 0, 2, 3, 0, 2, 0, 2, 1, 3, 1, 0, 1, 2, 3, 0, 1, 1, 3, 2, 1, 3, 2, 0, 1, 3, 1, 2, 0, 0, 3, 1, 2, 0, 0, 1, 0, 3, 0, 2] 
dagA34.txt 3_2x2.txt True 0.5319148936170213 0.75 222.5 [0, 3, 0, 0, 2, 0, 3, 3, 2, 0, 3, 2, 3, 3, 0, 2, 1, 2, 1, 3, 0, 0, 3, 1, 1, 0, 0, 2, 3, 1, 1, 0, 2, 0, 2, 1, 3, 2, 0, 0, 3, 2, 2, 0, 3, 2, 3, 0, 0, 0] 
dagA34.txt 3_2x2.txt True 0.48936170212765956 0.8 178.33333333333334 [1, 1, 2, 2, 1, 0, 0, 2, 0, 2, 0, 3, 2, 0, 2, 0, 1, 0, 2, 0, 2, 3, 0, 0, 1, 1, 2, 2, 1, 1, 3, 1, 0, 2, 3, 1, 2, 2, 3, 3, 0, 2, 0, 3, 0, 2, 2, 0, 3, 3] 
dagA34.txt 3_2x2.txt True 0.5035460992907801 0.85 203.0 [3, 3, 0, 3, 1, 2, 1, 1, 0, 3, 1, 1, 3, 2, 2, 0, 3, 1, 0, 1, 3, 2, 0, 1, 3, 0, 3, 3, 1, 1, 2, 2, 0, 2, 0, 3, 3, 1, 0, 2, 1, 0, 0, 2, 1, 3, 0, 2, 2, 2] 
dagA34.txt 3_2x2.txt True 0.624113475177305 0.9 170.66666666666666 [1, 2, 2, 3, 1, 3, 3, 2, 0, 2, 2, 1, 0, 1, 2, 0, 0, 2, 0, 3, 3, 1, 0, 2, 0, 0, 0, 3, 2, 0, 2, 0, 0, 2, 0, 3, 1, 3, 1, 1, 2, 0, 0, 1, 2, 2, 0, 3, 1, 2] 
dagA34.txt 3_2x2.txt True 0.6170212765957447 0.95 188.0 [2, 0, 2, 1, 2, 3, 1, 0, 0, 2, 0, 2, 2, 1, 2, 0, 2, 0, 0, 3, 1, 2, 2, 0, 1, 3, 2, 3, 0, 1, 3, 3, 0, 2, 2, 0, 1, 1, 0, 3, 0, 3, 0, 3, 2, 0, 0, 1, 2, 1] 
dagA34.txt 3_2x2.txt True 0.6170212765957447 1 188.0 [2, 0, 2, 1, 2, 3, 1, 0, 0, 2, 0, 2, 2, 1, 2, 0, 2, 0, 0, 3, 1, 2, 2, 0, 1, 3, 2, 3, 0, 1, 3, 3, 0, 2, 2, 0, 1, 1, 0, 3, 0, 3, 0, 3, 2, 0, 0, 1, 2, 1] 
dagA34.txt 1_4x4.txt True 0.0425531914893617 0.07 352.75 [1, 1, 1, 7, 1, 1, 1, 1, 1, 1, 1, 1, 1, 1, 1, 1, 1, 1, 1, 1, 7, 1, 1, 1, 1, 1, 1, 3, 1, 1, 1, 1, 1, 1, 1, 1, 1, 1, 1, 1, 1, 3, 1, 1, 1, 1, 1, 1, 1, 1] 
dagA34.txt 1_4x4.txt True 0.0425531914893617 0.08 352.75 [1, 1, 1, 7, 1, 1, 1, 1, 1, 1, 1, 1, 1, 1, 1, 1, 1, 1, 1, 1, 7, 1, 1, 1, 1, 1, 1, 3, 1, 1, 1, 1, 1, 1, 1, 1, 1, 1, 1, 1, 1, 3, 1, 1, 1, 1, 1, 1, 1, 1] 
dagA34.txt 1_4x4.txt True 0.0425531914893617 0.09 352.75 [1, 1, 1, 7, 1, 1, 1, 1, 1, 1, 1, 1, 1, 1, 1, 1, 1, 1, 1, 1, 7, 1, 1, 1, 1, 1, 1, 3, 1, 1, 1, 1, 1, 1, 1, 1, 1, 1, 1, 1, 1, 3, 1, 1, 1, 1, 1, 1, 1, 1] 
dagA34.txt 1_4x4.txt True 0.0425531914893617 0.1 352.75 [1, 1, 1, 7, 1, 1, 1, 1, 1, 1, 1, 1, 1, 1, 1, 1, 1, 1, 1, 1, 7, 1, 1, 1, 1, 1, 1, 3, 1, 1, 1, 1, 1, 1, 1, 1, 1, 1, 1, 1, 1, 3, 1, 1, 1, 1, 1, 1, 1, 1] 
dagA34.txt 1_4x4.txt True 0.0425531914893617 0.11 352.75 [1, 1, 1, 7, 1, 1, 1, 1, 1, 1, 1, 1, 1, 1, 1, 1, 1, 1, 1, 1, 7, 1, 1, 1, 1, 1, 1, 3, 1, 1, 1, 1, 1, 1, 1, 1, 1, 1, 1, 1, 1, 3, 1, 1, 1, 1, 1, 1, 1, 1] 
dagA34.txt 1_4x4.txt True 0.0425531914893617 0.12 352.75 [1, 1, 1, 7, 1, 1, 1, 1, 1, 1, 1, 1, 1, 1, 1, 1, 1, 1, 1, 1, 7, 1, 1, 1, 1, 1, 1, 3, 1, 1, 1, 1, 1, 1, 1, 1, 1, 1, 1, 1, 1, 3, 1, 1, 1, 1, 1, 1, 1, 1] 
dagA34.txt 1_4x4.txt True 0.10638297872340426 0.13 325.0 [1, 1, 1, 3, 1, 1, 1, 1, 1, 1, 1, 1, 1, 1, 1, 1, 1, 1, 1, 1, 3, 1, 1, 1, 5, 1, 1, 7, 1, 1, 1, 1, 1, 1, 1, 5, 1, 1, 6, 1, 1, 7, 1, 6, 1, 1, 1, 1, 1, 1] 
dagA34.txt 1_4x4.txt True 0.10638297872340426 0.14 325.0 [1, 1, 1, 3, 1, 1, 1, 1, 1, 1, 1, 1, 1, 1, 1, 1, 1, 1, 1, 1, 3, 1, 1, 1, 5, 1, 1, 7, 1, 1, 1, 1, 1, 1, 1, 5, 1, 1, 6, 1, 1, 7, 1, 6, 1, 1, 1, 1, 1, 1] 
dagA34.txt 1_4x4.txt True 0.10638297872340426 0.15 325.0 [1, 1, 1, 3, 1, 1, 1, 1, 1, 1, 1, 1, 1, 1, 1, 1, 1, 1, 1, 1, 3, 1, 1, 1, 5, 1, 1, 7, 1, 1, 1, 1, 1, 1, 1, 5, 1, 1, 6, 1, 1, 7, 1, 6, 1, 1, 1, 1, 1, 1] 
dagA34.txt 1_4x4.txt True 0.10638297872340426 0.16 325.0 [1, 1, 1, 3, 1, 1, 1, 1, 1, 1, 1, 1, 1, 1, 1, 1, 1, 1, 1, 1, 3, 1, 1, 1, 5, 1, 1, 7, 1, 1, 1, 1, 1, 1, 1, 5, 1, 1, 6, 1, 1, 7, 1, 6, 1, 1, 1, 1, 1, 1] 
dagA34.txt 1_4x4.txt True 0.1276595744680851 0.17 313.0 [1, 1, 1, 6, 1, 1, 1, 1, 1, 1, 1, 1, 1, 1, 1, 1, 1, 1, 1, 1, 6, 1, 1, 1, 3, 1, 1, 5, 1, 1, 1, 1, 1, 1, 1, 3, 1, 1, 7, 7, 1, 5, 1, 7, 1, 1, 7, 1, 1, 1] 
dagA34.txt 1_4x4.txt True 0.1276595744680851 0.18 313.0 [1, 1, 1, 6, 1, 1, 1, 1, 1, 1, 1, 1, 1, 1, 1, 1, 1, 1, 1, 1, 6, 1, 1, 1, 3, 1, 1, 5, 1, 1, 1, 1, 1, 1, 1, 3, 1, 1, 7, 7, 1, 5, 1, 7, 1, 1, 7, 1, 1, 1] 
dagA34.txt 1_4x4.txt True 0.1276595744680851 0.19 313.0 [1, 1, 1, 6, 1, 1, 1, 1, 1, 1, 1, 1, 1, 1, 1, 1, 1, 1, 1, 1, 6, 1, 1, 1, 3, 1, 1, 5, 1, 1, 1, 1, 1, 1, 1, 3, 1, 1, 7, 7, 1, 5, 1, 7, 1, 1, 7, 1, 1, 1] 
dagA34.txt 1_4x4.txt True 0.1276595744680851 0.2 313.0 [1, 1, 1, 6, 1, 1, 1, 1, 1, 1, 1, 1, 1, 1, 1, 1, 1, 1, 1, 1, 6, 1, 1, 1, 3, 1, 1, 5, 1, 1, 1, 1, 1, 1, 1, 3, 1, 1, 7, 7, 1, 5, 1, 7, 1, 1, 7, 1, 1, 1] 
dagA34.txt 1_4x4.txt True 0.1276595744680851 0.25 313.0 [1, 1, 1, 6, 1, 1, 1, 1, 1, 1, 1, 1, 1, 1, 1, 1, 1, 1, 1, 1, 6, 1, 1, 1, 3, 1, 1, 5, 1, 1, 1, 1, 1, 1, 1, 3, 1, 1, 7, 7, 1, 5, 1, 7, 1, 1, 7, 1, 1, 1] 
dagA34.txt 1_4x4.txt True 0.1276595744680851 0.3 313.0 [1, 1, 1, 6, 1, 1, 1, 1, 1, 1, 1, 1, 1, 1, 1, 1, 1, 1, 1, 1, 6, 1, 1, 1, 3, 1, 1, 5, 1, 1, 1, 1, 1, 1, 1, 3, 1, 1, 7, 7, 1, 5, 1, 7, 1, 1, 7, 1, 1, 1] 
dagA34.txt 1_4x4.txt True 0.1276595744680851 0.35 313.0 [1, 1, 1, 6, 1, 1, 1, 1, 1, 1, 1, 1, 1, 1, 1, 1, 1, 1, 1, 1, 6, 1, 1, 1, 3, 1, 1, 5, 1, 1, 1, 1, 1, 1, 1, 3, 1, 1, 7, 7, 1, 5, 1, 7, 1, 1, 7, 1, 1, 1] 
dagA34.txt 1_4x4.txt True 0.1276595744680851 0.4 313.0 [1, 1, 1, 6, 1, 1, 1, 1, 1, 1, 1, 1, 1, 1, 1, 1, 1, 1, 1, 1, 6, 1, 1, 1, 3, 1, 1, 5, 1, 1, 1, 1, 1, 1, 1, 3, 1, 1, 7, 7, 1, 5, 1, 7, 1, 1, 7, 1, 1, 1] 
dagA34.txt 1_4x4.txt True 0.1276595744680851 0.45 313.0 [1, 1, 1, 6, 1, 1, 1, 1, 1, 1, 1, 1, 1, 1, 1, 1, 1, 1, 1, 1, 6, 1, 1, 1, 3, 1, 1, 5, 1, 1, 1, 1, 1, 1, 1, 3, 1, 1, 7, 7, 1, 5, 1, 7, 1, 1, 7, 1, 1, 1] 
dagA34.txt 1_4x4.txt True 0.1276595744680851 0.5 313.0 [1, 1, 1, 6, 1, 1, 1, 1, 1, 1, 1, 1, 1, 1, 1, 1, 1, 1, 1, 1, 6, 1, 1, 1, 3, 1, 1, 5, 1, 1, 1, 1, 1, 1, 1, 3, 1, 1, 7, 7, 1, 5, 1, 7, 1, 1, 7, 1, 1, 1] 
dagA34.txt 1_4x4.txt True 0.48936170212765956 0.55 121.0 [1, 7, 7, 1, 2, 3, 3, 3, 3, 5, 3, 7, 1, 3, 7, 5, 1, 3, 5, 3, 5, 1, 5, 3, 1, 6, 7, 2, 3, 7, 5, 3, 5, 7, 5, 7, 7, 3, 6, 1, 3, 2, 5, 1, 5, 5, 5, 3, 6, 1] 
dagA34.txt 1_4x4.txt True 0.48936170212765956 0.6 155.5 [3, 5, 3, 4, 1, 5, 7, 7, 5, 7, 5, 1, 3, 5, 1, 5, 1, 7, 3, 5, 7, 1, 5, 7, 3, 3, 3, 0, 5, 7, 7, 1, 5, 1, 5, 3, 5, 7, 3, 1, 5, 0, 5, 3, 5, 5, 3, 5, 0, 7] 
dagA34.txt 1_4x4.txt True 0.5460992907801419 0.65 131.0 [6, 1, 5, 7, 1, 0, 3, 3, 1, 7, 3, 1, 0, 0, 5, 7, 1, 3, 7, 3, 7, 5, 1, 3, 6, 5, 7, 6, 3, 1, 5, 7, 7, 5, 1, 7, 5, 3, 5, 5, 3, 7, 7, 5, 1, 7, 7, 1, 5, 5] 
dagA34.txt 1_4x4.txt True 0.5886524822695035 0.7 121.0 [3, 7, 4, 3, 1, 7, 5, 5, 3, 3, 7, 6, 6, 3, 1, 1, 2, 5, 3, 7, 3, 1, 3, 5, 7, 1, 3, 1, 7, 5, 3, 3, 1, 1, 3, 7, 3, 5, 1, 1, 7, 1, 1, 1, 4, 3, 6, 3, 1, 2] 
dagA34.txt 1_4x4.txt True 0.5957446808510638 0.75 119.0 [3, 7, 5, 3, 5, 2, 7, 7, 1, 3, 7, 5, 5, 1, 5, 4, 7, 5, 5, 7, 3, 3, 7, 7, 1, 1, 3, 5, 7, 7, 1, 3, 4, 5, 1, 1, 1, 5, 1, 3, 7, 5, 4, 3, 7, 1, 5, 6, 1, 5] 
dagA34.txt 1_4x4.txt True 0.6666666666666666 0.8 101.0 [3, 2, 5, 6, 3, 7, 1, 3, 7, 5, 0, 7, 1, 1, 5, 7, 3, 1, 5, 7, 6, 5, 7, 1, 3, 4, 5, 3, 2, 2, 5, 3, 1, 5, 7, 3, 7, 3, 4, 1, 0, 3, 1, 1, 1, 7, 1, 7, 5, 5] 
dagA34.txt 1_4x4.txt True 0.5531914893617021 0.85 108.0 [3, 5, 5, 5, 1, 1, 3, 3, 1, 5, 3, 1, 1, 1, 7, 5, 3, 3, 7, 3, 5, 7, 6, 3, 3, 7, 5, 1, 3, 5, 1, 5, 5, 7, 1, 6, 5, 3, 7, 7, 3, 1, 6, 7, 3, 5, 7, 1, 7, 1] 
dagA34.txt 1_4x4.txt True 0.723404255319149 0.9 83.25 [3, 3, 7, 5, 1, 7, 3, 5, 1, 5, 1, 3, 7, 0, 7, 5, 7, 7, 5, 3, 5, 3, 6, 1, 7, 4, 1, 1, 5, 4, 5, 6, 1, 7, 1, 0, 3, 3, 5, 3, 1, 5, 5, 3, 1, 1, 2, 3, 2, 7] 
dagA34.txt 1_4x4.txt True 0.723404255319149 0.95 89.25 [3, 0, 5, 3, 1, 3, 1, 1, 5, 1, 5, 1, 3, 5, 5, 5, 2, 3, 7, 1, 3, 5, 1, 3, 3, 7, 1, 0, 5, 3, 4, 5, 7, 1, 4, 2, 6, 7, 7, 1, 5, 7, 7, 1, 7, 6, 7, 3, 5, 3] 
dagA34.txt 1_4x4.txt True 0.723404255319149 1 89.25 [3, 0, 5, 3, 1, 3, 1, 1, 5, 1, 5, 1, 3, 5, 5, 5, 2, 3, 7, 1, 3, 5, 1, 3, 3, 7, 1, 0, 5, 3, 4, 5, 7, 1, 4, 2, 6, 7, 7, 1, 5, 7, 7, 1, 7, 6, 7, 3, 5, 3] 
dagA34.txt 1_4x2.txt True 0.0425531914893617 0.07 352.75 [3, 3, 3, 2, 3, 3, 3, 3, 3, 3, 3, 3, 3, 3, 3, 3, 3, 3, 3, 3, 2, 3, 3, 3, 3, 3, 3, 1, 3, 3, 3, 3, 3, 3, 3, 3, 3, 3, 3, 3, 3, 1, 3, 3, 3, 3, 3, 3, 3, 3] 
dagA34.txt 1_4x2.txt True 0.0425531914893617 0.08 352.75 [3, 3, 3, 2, 3, 3, 3, 3, 3, 3, 3, 3, 3, 3, 3, 3, 3, 3, 3, 3, 2, 3, 3, 3, 3, 3, 3, 1, 3, 3, 3, 3, 3, 3, 3, 3, 3, 3, 3, 3, 3, 1, 3, 3, 3, 3, 3, 3, 3, 3] 
dagA34.txt 1_4x2.txt True 0.0425531914893617 0.09 352.75 [3, 3, 3, 2, 3, 3, 3, 3, 3, 3, 3, 3, 3, 3, 3, 3, 3, 3, 3, 3, 2, 3, 3, 3, 3, 3, 3, 1, 3, 3, 3, 3, 3, 3, 3, 3, 3, 3, 3, 3, 3, 1, 3, 3, 3, 3, 3, 3, 3, 3] 
dagA34.txt 1_4x2.txt True 0.0425531914893617 0.1 352.75 [3, 3, 3, 2, 3, 3, 3, 3, 3, 3, 3, 3, 3, 3, 3, 3, 3, 3, 3, 3, 2, 3, 3, 3, 3, 3, 3, 1, 3, 3, 3, 3, 3, 3, 3, 3, 3, 3, 3, 3, 3, 1, 3, 3, 3, 3, 3, 3, 3, 3] 
dagA34.txt 1_4x2.txt True 0.0425531914893617 0.11 352.75 [3, 3, 3, 2, 3, 3, 3, 3, 3, 3, 3, 3, 3, 3, 3, 3, 3, 3, 3, 3, 2, 3, 3, 3, 3, 3, 3, 1, 3, 3, 3, 3, 3, 3, 3, 3, 3, 3, 3, 3, 3, 1, 3, 3, 3, 3, 3, 3, 3, 3] 
dagA34.txt 1_4x2.txt True 0.0425531914893617 0.12 352.75 [3, 3, 3, 2, 3, 3, 3, 3, 3, 3, 3, 3, 3, 3, 3, 3, 3, 3, 3, 3, 2, 3, 3, 3, 3, 3, 3, 1, 3, 3, 3, 3, 3, 3, 3, 3, 3, 3, 3, 3, 3, 1, 3, 3, 3, 3, 3, 3, 3, 3] 
dagA34.txt 1_4x2.txt True 0.07801418439716312 0.13 339.25 [1, 1, 1, 1, 1, 1, 1, 1, 1, 1, 1, 1, 1, 1, 1, 1, 1, 1, 1, 1, 1, 1, 1, 1, 2, 1, 1, 3, 1, 1, 1, 1, 1, 1, 1, 2, 1, 1, 3, 1, 1, 3, 1, 3, 1, 1, 1, 1, 1, 1] 
dagA34.txt 1_4x2.txt True 0.07801418439716312 0.14 339.25 [1, 1, 1, 1, 1, 1, 1, 1, 1, 1, 1, 1, 1, 1, 1, 1, 1, 1, 1, 1, 1, 1, 1, 1, 2, 1, 1, 3, 1, 1, 1, 1, 1, 1, 1, 2, 1, 1, 3, 1, 1, 3, 1, 3, 1, 1, 1, 1, 1, 1] 
dagA34.txt 1_4x2.txt True 0.07801418439716312 0.15 339.25 [1, 1, 1, 1, 1, 1, 1, 1, 1, 1, 1, 1, 1, 1, 1, 1, 1, 1, 1, 1, 1, 1, 1, 1, 2, 1, 1, 3, 1, 1, 1, 1, 1, 1, 1, 2, 1, 1, 3, 1, 1, 3, 1, 3, 1, 1, 1, 1, 1, 1] 
dagA34.txt 1_4x2.txt True 0.07801418439716312 0.16 339.25 [1, 1, 1, 1, 1, 1, 1, 1, 1, 1, 1, 1, 1, 1, 1, 1, 1, 1, 1, 1, 1, 1, 1, 1, 2, 1, 1, 3, 1, 1, 1, 1, 1, 1, 1, 2, 1, 1, 3, 1, 1, 3, 1, 3, 1, 1, 1, 1, 1, 1] 
dagA34.txt 1_4x2.txt True 0.09219858156028368 0.17 325.5 [1, 1, 1, 3, 1, 1, 1, 1, 1, 1, 1, 1, 1, 1, 1, 1, 1, 1, 1, 1, 3, 1, 1, 1, 1, 1, 1, 2, 1, 1, 1, 1, 1, 1, 1, 1, 1, 1, 3, 3, 1, 2, 1, 3, 1, 1, 3, 1, 1, 1] 
dagA34.txt 1_4x2.txt True 0.09219858156028368 0.18 325.5 [1, 1, 1, 3, 1, 1, 1, 1, 1, 1, 1, 1, 1, 1, 1, 1, 1, 1, 1, 1, 3, 1, 1, 1, 1, 1, 1, 2, 1, 1, 1, 1, 1, 1, 1, 1, 1, 1, 3, 3, 1, 2, 1, 3, 1, 1, 3, 1, 1, 1] 
dagA34.txt 1_4x2.txt True 0.09219858156028368 0.19 325.5 [1, 1, 1, 3, 1, 1, 1, 1, 1, 1, 1, 1, 1, 1, 1, 1, 1, 1, 1, 1, 3, 1, 1, 1, 1, 1, 1, 2, 1, 1, 1, 1, 1, 1, 1, 1, 1, 1, 3, 3, 1, 2, 1, 3, 1, 1, 3, 1, 1, 1] 
dagA34.txt 1_4x2.txt True 0.09219858156028368 0.2 325.5 [1, 1, 1, 3, 1, 1, 1, 1, 1, 1, 1, 1, 1, 1, 1, 1, 1, 1, 1, 1, 3, 1, 1, 1, 1, 1, 1, 2, 1, 1, 1, 1, 1, 1, 1, 1, 1, 1, 3, 3, 1, 2, 1, 3, 1, 1, 3, 1, 1, 1] 
dagA34.txt 1_4x2.txt True 0.09219858156028368 0.25 325.5 [1, 1, 1, 3, 1, 1, 1, 1, 1, 1, 1, 1, 1, 1, 1, 1, 1, 1, 1, 1, 3, 1, 1, 1, 1, 1, 1, 2, 1, 1, 1, 1, 1, 1, 1, 1, 1, 1, 3, 3, 1, 2, 1, 3, 1, 1, 3, 1, 1, 1] 
dagA34.txt 1_4x2.txt True 0.09219858156028368 0.3 325.5 [1, 1, 1, 3, 1, 1, 1, 1, 1, 1, 1, 1, 1, 1, 1, 1, 1, 1, 1, 1, 3, 1, 1, 1, 1, 1, 1, 2, 1, 1, 1, 1, 1, 1, 1, 1, 1, 1, 3, 3, 1, 2, 1, 3, 1, 1, 3, 1, 1, 1] 
dagA34.txt 1_4x2.txt True 0.09219858156028368 0.35 325.5 [1, 1, 1, 3, 1, 1, 1, 1, 1, 1, 1, 1, 1, 1, 1, 1, 1, 1, 1, 1, 3, 1, 1, 1, 1, 1, 1, 2, 1, 1, 1, 1, 1, 1, 1, 1, 1, 1, 3, 3, 1, 2, 1, 3, 1, 1, 3, 1, 1, 1] 
dagA34.txt 1_4x2.txt True 0.09219858156028368 0.4 325.5 [1, 1, 1, 3, 1, 1, 1, 1, 1, 1, 1, 1, 1, 1, 1, 1, 1, 1, 1, 1, 3, 1, 1, 1, 1, 1, 1, 2, 1, 1, 1, 1, 1, 1, 1, 1, 1, 1, 3, 3, 1, 2, 1, 3, 1, 1, 3, 1, 1, 1] 
dagA34.txt 1_4x2.txt True 0.09219858156028368 0.45 325.5 [1, 1, 1, 3, 1, 1, 1, 1, 1, 1, 1, 1, 1, 1, 1, 1, 1, 1, 1, 1, 3, 1, 1, 1, 1, 1, 1, 2, 1, 1, 1, 1, 1, 1, 1, 1, 1, 1, 3, 3, 1, 2, 1, 3, 1, 1, 3, 1, 1, 1] 
dagA34.txt 1_4x2.txt True 0.09219858156028368 0.5 325.5 [1, 1, 1, 3, 1, 1, 1, 1, 1, 1, 1, 1, 1, 1, 1, 1, 1, 1, 1, 1, 3, 1, 1, 1, 1, 1, 1, 2, 1, 1, 1, 1, 1, 1, 1, 1, 1, 1, 3, 3, 1, 2, 1, 3, 1, 1, 3, 1, 1, 1] 
dagA34.txt 1_4x2.txt True 0.3404255319148936 0.55 241.0 [1, 1, 3, 1, 1, 1, 1, 1, 1, 3, 1, 3, 1, 1, 3, 3, 1, 1, 3, 1, 3, 0, 3, 1, 1, 1, 1, 1, 1, 1, 3, 1, 3, 3, 3, 1, 3, 1, 1, 0, 1, 1, 3, 0, 3, 3, 3, 1, 1, 0] 
dagA34.txt 1_4x2.txt True 0.3617021276595745 0.6 185.25 [1, 3, 2, 1, 1, 3, 1, 1, 3, 1, 3, 1, 1, 3, 2, 3, 1, 1, 1, 3, 1, 1, 3, 1, 1, 1, 1, 1, 3, 1, 1, 1, 3, 2, 3, 1, 3, 1, 2, 1, 3, 1, 3, 2, 3, 3, 1, 3, 2, 1] 
dagA34.txt 1_4x2.txt True 0.41843971631205673 0.65 169.0 [3, 1, 3, 3, 1, 0, 1, 1, 0, 3, 1, 1, 3, 0, 3, 0, 1, 1, 3, 1, 3, 3, 1, 1, 2, 3, 3, 1, 1, 1, 3, 3, 1, 3, 1, 3, 3, 1, 3, 3, 1, 3, 1, 3, 1, 1, 3, 2, 2, 3] 
dagA34.txt 1_4x2.txt True 0.48936170212765956 0.7 168.25 [3, 3, 2, 1, 3, 1, 1, 1, 3, 1, 3, 0, 2, 3, 1, 3, 0, 1, 1, 3, 1, 1, 1, 1, 3, 1, 1, 1, 3, 1, 1, 3, 3, 1, 1, 3, 1, 1, 1, 1, 3, 1, 3, 1, 0, 1, 0, 3, 0, 2] 
dagA34.txt 1_4x2.txt True 0.48936170212765956 0.75 164.0 [3, 3, 1, 3, 1, 0, 3, 3, 1, 3, 3, 1, 3, 3, 1, 2, 1, 1, 1, 3, 3, 1, 3, 1, 1, 1, 3, 2, 3, 1, 1, 3, 2, 1, 1, 1, 3, 1, 1, 1, 3, 2, 2, 1, 3, 1, 3, 0, 0, 0] 
dagA34.txt 1_4x2.txt True 0.5035460992907801 0.8 176.25 [1, 1, 3, 3, 1, 3, 1, 2, 1, 1, 0, 3, 1, 0, 3, 1, 1, 1, 1, 3, 3, 3, 3, 1, 1, 1, 1, 1, 1, 1, 3, 1, 3, 3, 3, 1, 2, 2, 3, 3, 0, 1, 3, 3, 0, 2, 1, 3, 3, 3] 
dagA34.txt 1_4x2.txt True 0.48226950354609927 0.85 182.0 [3, 3, 0, 3, 1, 2, 3, 3, 1, 3, 3, 1, 3, 1, 1, 1, 3, 3, 1, 3, 3, 1, 0, 3, 3, 0, 3, 3, 3, 1, 2, 2, 1, 1, 1, 3, 3, 3, 0, 1, 3, 1, 0, 1, 3, 3, 1, 1, 2, 2] 
dagA34.txt 1_4x2.txt True 0.6028368794326241 0.9 164.0 [1, 2, 3, 3, 1, 3, 3, 3, 3, 1, 1, 1, 0, 1, 3, 1, 3, 2, 1, 3, 3, 3, 0, 1, 3, 0, 1, 3, 3, 0, 1, 1, 3, 3, 1, 3, 1, 3, 1, 3, 1, 1, 1, 3, 1, 2, 0, 3, 1, 2] 
dagA34.txt 1_4x2.txt True 0.6028368794326241 0.95 159.0 [2, 3, 1, 1, 3, 3, 1, 1, 1, 1, 3, 1, 2, 1, 1, 1, 2, 3, 0, 3, 1, 1, 3, 3, 1, 3, 1, 3, 3, 1, 3, 3, 3, 1, 2, 0, 1, 1, 0, 3, 3, 3, 3, 3, 2, 0, 0, 1, 1, 1] 
dagA34.txt 1_4x2.txt True 0.6028368794326241 1 159.0 [2, 3, 1, 1, 3, 3, 1, 1, 1, 1, 3, 1, 2, 1, 1, 1, 2, 3, 0, 3, 1, 1, 3, 3, 1, 3, 1, 3, 3, 1, 3, 3, 3, 1, 2, 0, 1, 1, 0, 3, 3, 3, 3, 3, 2, 0, 0, 1, 1, 1] 
dagA34.txt 1_4x3.txt True 0.0425531914893617 0.07 352.75 [1, 1, 1, 5, 1, 1, 1, 1, 1, 1, 1, 1, 1, 1, 1, 1, 1, 1, 1, 1, 5, 1, 1, 1, 1, 1, 1, 2, 1, 1, 1, 1, 1, 1, 1, 1, 1, 1, 1, 1, 1, 2, 1, 1, 1, 1, 1, 1, 1, 1] 
dagA34.txt 1_4x3.txt True 0.0425531914893617 0.08 352.75 [1, 1, 1, 5, 1, 1, 1, 1, 1, 1, 1, 1, 1, 1, 1, 1, 1, 1, 1, 1, 5, 1, 1, 1, 1, 1, 1, 2, 1, 1, 1, 1, 1, 1, 1, 1, 1, 1, 1, 1, 1, 2, 1, 1, 1, 1, 1, 1, 1, 1] 
dagA34.txt 1_4x3.txt True 0.0425531914893617 0.09 352.75 [1, 1, 1, 5, 1, 1, 1, 1, 1, 1, 1, 1, 1, 1, 1, 1, 1, 1, 1, 1, 5, 1, 1, 1, 1, 1, 1, 2, 1, 1, 1, 1, 1, 1, 1, 1, 1, 1, 1, 1, 1, 2, 1, 1, 1, 1, 1, 1, 1, 1] 
dagA34.txt 1_4x3.txt True 0.0425531914893617 0.1 352.75 [1, 1, 1, 5, 1, 1, 1, 1, 1, 1, 1, 1, 1, 1, 1, 1, 1, 1, 1, 1, 5, 1, 1, 1, 1, 1, 1, 2, 1, 1, 1, 1, 1, 1, 1, 1, 1, 1, 1, 1, 1, 2, 1, 1, 1, 1, 1, 1, 1, 1] 
dagA34.txt 1_4x3.txt True 0.0425531914893617 0.11 352.75 [1, 1, 1, 5, 1, 1, 1, 1, 1, 1, 1, 1, 1, 1, 1, 1, 1, 1, 1, 1, 5, 1, 1, 1, 1, 1, 1, 2, 1, 1, 1, 1, 1, 1, 1, 1, 1, 1, 1, 1, 1, 2, 1, 1, 1, 1, 1, 1, 1, 1] 
dagA34.txt 1_4x3.txt True 0.0425531914893617 0.12 352.75 [1, 1, 1, 5, 1, 1, 1, 1, 1, 1, 1, 1, 1, 1, 1, 1, 1, 1, 1, 1, 5, 1, 1, 1, 1, 1, 1, 2, 1, 1, 1, 1, 1, 1, 1, 1, 1, 1, 1, 1, 1, 2, 1, 1, 1, 1, 1, 1, 1, 1] 
dagA34.txt 1_4x3.txt True 0.07801418439716312 0.13 340.25 [5, 5, 5, 1, 5, 5, 5, 5, 5, 5, 5, 5, 5, 5, 5, 5, 5, 5, 5, 5, 1, 5, 5, 5, 3, 5, 5, 4, 5, 5, 5, 5, 5, 5, 5, 3, 5, 5, 5, 5, 5, 4, 5, 5, 5, 5, 5, 5, 5, 5] 
dagA34.txt 1_4x3.txt True 0.07801418439716312 0.14 340.25 [5, 5, 5, 1, 5, 5, 5, 5, 5, 5, 5, 5, 5, 5, 5, 5, 5, 5, 5, 5, 1, 5, 5, 5, 3, 5, 5, 4, 5, 5, 5, 5, 5, 5, 5, 3, 5, 5, 5, 5, 5, 4, 5, 5, 5, 5, 5, 5, 5, 5] 
dagA34.txt 1_4x3.txt True 0.07801418439716312 0.15 340.25 [5, 5, 5, 1, 5, 5, 5, 5, 5, 5, 5, 5, 5, 5, 5, 5, 5, 5, 5, 5, 1, 5, 5, 5, 3, 5, 5, 4, 5, 5, 5, 5, 5, 5, 5, 3, 5, 5, 5, 5, 5, 4, 5, 5, 5, 5, 5, 5, 5, 5] 
dagA34.txt 1_4x3.txt True 0.07801418439716312 0.16 340.25 [5, 5, 5, 1, 5, 5, 5, 5, 5, 5, 5, 5, 5, 5, 5, 5, 5, 5, 5, 5, 1, 5, 5, 5, 3, 5, 5, 4, 5, 5, 5, 5, 5, 5, 5, 3, 5, 5, 5, 5, 5, 4, 5, 5, 5, 5, 5, 5, 5, 5] 
dagA34.txt 1_4x3.txt True 0.1276595744680851 0.17 313.0 [1, 1, 1, 3, 1, 1, 1, 1, 1, 1, 1, 1, 1, 1, 1, 1, 1, 1, 1, 1, 3, 1, 1, 1, 2, 1, 1, 3, 1, 1, 1, 1, 1, 1, 1, 2, 1, 1, 3, 3, 1, 3, 1, 3, 1, 1, 3, 1, 1, 1] 
dagA34.txt 1_4x3.txt True 0.1276595744680851 0.18 313.0 [1, 1, 1, 3, 1, 1, 1, 1, 1, 1, 1, 1, 1, 1, 1, 1, 1, 1, 1, 1, 3, 1, 1, 1, 2, 1, 1, 3, 1, 1, 1, 1, 1, 1, 1, 2, 1, 1, 3, 3, 1, 3, 1, 3, 1, 1, 3, 1, 1, 1] 
dagA34.txt 1_4x3.txt True 0.1276595744680851 0.19 313.0 [1, 1, 1, 3, 1, 1, 1, 1, 1, 1, 1, 1, 1, 1, 1, 1, 1, 1, 1, 1, 3, 1, 1, 1, 2, 1, 1, 3, 1, 1, 1, 1, 1, 1, 1, 2, 1, 1, 3, 3, 1, 3, 1, 3, 1, 1, 3, 1, 1, 1] 
dagA34.txt 1_4x3.txt True 0.1276595744680851 0.2 313.0 [1, 1, 1, 3, 1, 1, 1, 1, 1, 1, 1, 1, 1, 1, 1, 1, 1, 1, 1, 1, 3, 1, 1, 1, 2, 1, 1, 3, 1, 1, 1, 1, 1, 1, 1, 2, 1, 1, 3, 3, 1, 3, 1, 3, 1, 1, 3, 1, 1, 1] 
dagA34.txt 1_4x3.txt True 0.1276595744680851 0.25 313.0 [1, 1, 1, 3, 1, 1, 1, 1, 1, 1, 1, 1, 1, 1, 1, 1, 1, 1, 1, 1, 3, 1, 1, 1, 2, 1, 1, 3, 1, 1, 1, 1, 1, 1, 1, 2, 1, 1, 3, 3, 1, 3, 1, 3, 1, 1, 3, 1, 1, 1] 
dagA34.txt 1_4x3.txt True 0.1276595744680851 0.3 313.0 [1, 1, 1, 3, 1, 1, 1, 1, 1, 1, 1, 1, 1, 1, 1, 1, 1, 1, 1, 1, 3, 1, 1, 1, 2, 1, 1, 3, 1, 1, 1, 1, 1, 1, 1, 2, 1, 1, 3, 3, 1, 3, 1, 3, 1, 1, 3, 1, 1, 1] 
dagA34.txt 1_4x3.txt True 0.1276595744680851 0.35 313.0 [1, 1, 1, 3, 1, 1, 1, 1, 1, 1, 1, 1, 1, 1, 1, 1, 1, 1, 1, 1, 3, 1, 1, 1, 2, 1, 1, 3, 1, 1, 1, 1, 1, 1, 1, 2, 1, 1, 3, 3, 1, 3, 1, 3, 1, 1, 3, 1, 1, 1] 
dagA34.txt 1_4x3.txt True 0.1276595744680851 0.4 313.0 [1, 1, 1, 3, 1, 1, 1, 1, 1, 1, 1, 1, 1, 1, 1, 1, 1, 1, 1, 1, 3, 1, 1, 1, 2, 1, 1, 3, 1, 1, 1, 1, 1, 1, 1, 2, 1, 1, 3, 3, 1, 3, 1, 3, 1, 1, 3, 1, 1, 1] 
dagA34.txt 1_4x3.txt True 0.1276595744680851 0.45 313.0 [1, 1, 1, 3, 1, 1, 1, 1, 1, 1, 1, 1, 1, 1, 1, 1, 1, 1, 1, 1, 3, 1, 1, 1, 2, 1, 1, 3, 1, 1, 1, 1, 1, 1, 1, 2, 1, 1, 3, 3, 1, 3, 1, 3, 1, 1, 3, 1, 1, 1] 
dagA34.txt 1_4x3.txt True 0.1276595744680851 0.5 313.0 [1, 1, 1, 3, 1, 1, 1, 1, 1, 1, 1, 1, 1, 1, 1, 1, 1, 1, 1, 1, 3, 1, 1, 1, 2, 1, 1, 3, 1, 1, 1, 1, 1, 1, 1, 2, 1, 1, 3, 3, 1, 3, 1, 3, 1, 1, 3, 1, 1, 1] 
dagA34.txt 1_4x3.txt True 0.4326241134751773 0.55 139.25 [1, 3, 1, 1, 2, 5, 5, 5, 5, 3, 5, 1, 1, 5, 1, 3, 1, 5, 3, 5, 3, 3, 3, 5, 1, 1, 3, 2, 5, 3, 3, 5, 3, 1, 3, 3, 1, 5, 3, 3, 5, 2, 3, 3, 3, 3, 3, 5, 3, 1] 
dagA34.txt 1_4x3.txt True 0.5106382978723404 0.6 168.0 [2, 3, 2, 2, 1, 3, 5, 5, 3, 5, 3, 1, 1, 3, 1, 3, 1, 5, 1, 3, 5, 1, 3, 5, 3, 2, 1, 1, 3, 5, 5, 1, 3, 1, 3, 3, 3, 5, 4, 1, 3, 1, 3, 4, 3, 3, 1, 3, 4, 5] 
dagA34.txt 1_4x3.txt True 0.5177304964539007 0.65 142.0 [1, 5, 5, 1, 5, 2, 3, 3, 4, 1, 3, 5, 1, 2, 5, 1, 5, 3, 1, 3, 1, 5, 5, 3, 2, 5, 1, 4, 3, 5, 5, 1, 1, 5, 5, 4, 3, 3, 5, 5, 3, 4, 1, 5, 5, 1, 1, 2, 3, 5] 
dagA34.txt 1_4x3.txt True 0.5177304964539007 0.7 124.75 [5, 1, 0, 1, 5, 3, 3, 3, 5, 1, 1, 3, 3, 5, 0, 5, 4, 3, 1, 1, 1, 1, 1, 3, 4, 5, 1, 5, 1, 3, 1, 5, 5, 0, 1, 4, 1, 3, 5, 1, 1, 5, 5, 1, 3, 1, 3, 5, 0, 3] 
dagA34.txt 1_4x3.txt True 0.5531914893617021 0.75 112.25 [5, 5, 1, 5, 3, 1, 5, 5, 1, 5, 5, 3, 2, 1, 1, 1, 1, 3, 3, 5, 5, 3, 5, 1, 1, 3, 5, 3, 5, 1, 0, 5, 0, 1, 3, 1, 1, 3, 3, 3, 5, 3, 4, 3, 5, 3, 2, 1, 0, 3] 
dagA34.txt 1_4x3.txt True 0.5957446808510638 0.8 116.0 [3, 2, 5, 1, 1, 3, 1, 0, 1, 5, 3, 4, 5, 3, 5, 1, 1, 1, 5, 3, 1, 1, 3, 1, 3, 5, 5, 1, 2, 2, 1, 3, 5, 5, 4, 3, 5, 0, 3, 3, 3, 1, 5, 3, 3, 5, 5, 3, 1, 1] 
dagA34.txt 1_4x3.txt True 0.5460992907801419 0.85 139.0 [5, 1, 5, 5, 4, 0, 3, 3, 3, 1, 3, 4, 0, 5, 1, 1, 5, 3, 1, 3, 3, 5, 3, 3, 5, 5, 1, 1, 3, 3, 4, 1, 1, 1, 1, 5, 1, 3, 1, 5, 3, 1, 0, 5, 3, 1, 1, 5, 5, 4] 
dagA34.txt 1_4x3.txt True 0.6595744680851063 0.9 118.0 [2, 0, 3, 3, 1, 0, 5, 3, 1, 3, 5, 3, 3, 4, 3, 1, 5, 4, 5, 1, 3, 5, 3, 5, 5, 1, 3, 1, 3, 5, 3, 3, 1, 3, 1, 2, 1, 0, 2, 5, 5, 5, 1, 5, 5, 1, 1, 1, 3, 4] 
dagA34.txt 1_4x3.txt True 0.7446808510638298 0.95 141.25 [3, 3, 5, 5, 5, 3, 3, 1, 1, 1, 3, 1, 2, 0, 5, 1, 3, 5, 0, 0, 5, 5, 5, 5, 5, 3, 1, 5, 3, 1, 2, 3, 3, 1, 4, 1, 4, 1, 3, 1, 3, 3, 3, 1, 4, 1, 3, 5, 5, 2] 
dagA34.txt 1_4x3.txt True 0.7446808510638298 1 141.25 [3, 3, 5, 5, 5, 3, 3, 1, 1, 1, 3, 1, 2, 0, 5, 1, 3, 5, 0, 0, 5, 5, 5, 5, 5, 3, 1, 5, 3, 1, 2, 3, 3, 1, 4, 1, 4, 1, 3, 1, 3, 3, 3, 1, 4, 1, 3, 5, 5, 2] 
dagA34.txt 3_2x1.txt True 0.028368794326241134 0.07 485.3333333333333 [0, 0, 0, 1, 0, 0, 0, 0, 0, 0, 0, 0, 0, 0, 0, 0, 0, 0, 0, 0, 1, 0, 0, 0, 0, 0, 0, 0, 0, 0, 0, 0, 0, 0, 0, 0, 0, 0, 0, 0, 0, 0, 0, 0, 0, 0, 0, 0, 0, 0] 
dagA34.txt 3_2x1.txt True 0.028368794326241134 0.08 485.3333333333333 [0, 0, 0, 1, 0, 0, 0, 0, 0, 0, 0, 0, 0, 0, 0, 0, 0, 0, 0, 0, 1, 0, 0, 0, 0, 0, 0, 0, 0, 0, 0, 0, 0, 0, 0, 0, 0, 0, 0, 0, 0, 0, 0, 0, 0, 0, 0, 0, 0, 0] 
dagA34.txt 3_2x1.txt True 0.028368794326241134 0.09 485.3333333333333 [0, 0, 0, 1, 0, 0, 0, 0, 0, 0, 0, 0, 0, 0, 0, 0, 0, 0, 0, 0, 1, 0, 0, 0, 0, 0, 0, 0, 0, 0, 0, 0, 0, 0, 0, 0, 0, 0, 0, 0, 0, 0, 0, 0, 0, 0, 0, 0, 0, 0] 
dagA34.txt 3_2x1.txt True 0.028368794326241134 0.1 485.3333333333333 [0, 0, 0, 1, 0, 0, 0, 0, 0, 0, 0, 0, 0, 0, 0, 0, 0, 0, 0, 0, 1, 0, 0, 0, 0, 0, 0, 0, 0, 0, 0, 0, 0, 0, 0, 0, 0, 0, 0, 0, 0, 0, 0, 0, 0, 0, 0, 0, 0, 0] 
dagA34.txt 3_2x1.txt True 0.028368794326241134 0.11 485.3333333333333 [0, 0, 0, 1, 0, 0, 0, 0, 0, 0, 0, 0, 0, 0, 0, 0, 0, 0, 0, 0, 1, 0, 0, 0, 0, 0, 0, 0, 0, 0, 0, 0, 0, 0, 0, 0, 0, 0, 0, 0, 0, 0, 0, 0, 0, 0, 0, 0, 0, 0] 
dagA34.txt 3_2x1.txt True 0.028368794326241134 0.12 485.3333333333333 [0, 0, 0, 1, 0, 0, 0, 0, 0, 0, 0, 0, 0, 0, 0, 0, 0, 0, 0, 0, 1, 0, 0, 0, 0, 0, 0, 0, 0, 0, 0, 0, 0, 0, 0, 0, 0, 0, 0, 0, 0, 0, 0, 0, 0, 0, 0, 0, 0, 0] 
dagA34.txt 3_2x1.txt True 0.07801418439716312 0.13 452.3333333333333 [0, 0, 0, 0, 0, 0, 0, 0, 0, 0, 0, 0, 0, 0, 0, 0, 0, 0, 0, 0, 0, 0, 0, 0, 1, 0, 0, 1, 0, 0, 0, 0, 0, 0, 0, 1, 0, 0, 1, 0, 0, 1, 0, 1, 0, 0, 0, 0, 0, 0] 
dagA34.txt 3_2x1.txt True 0.07801418439716312 0.14 452.3333333333333 [0, 0, 0, 0, 0, 0, 0, 0, 0, 0, 0, 0, 0, 0, 0, 0, 0, 0, 0, 0, 0, 0, 0, 0, 1, 0, 0, 1, 0, 0, 0, 0, 0, 0, 0, 1, 0, 0, 1, 0, 0, 1, 0, 1, 0, 0, 0, 0, 0, 0] 
dagA34.txt 3_2x1.txt True 0.07801418439716312 0.15 452.3333333333333 [0, 0, 0, 0, 0, 0, 0, 0, 0, 0, 0, 0, 0, 0, 0, 0, 0, 0, 0, 0, 0, 0, 0, 0, 1, 0, 0, 1, 0, 0, 0, 0, 0, 0, 0, 1, 0, 0, 1, 0, 0, 1, 0, 1, 0, 0, 0, 0, 0, 0] 
dagA34.txt 3_2x1.txt True 0.07801418439716312 0.16 452.3333333333333 [0, 0, 0, 0, 0, 0, 0, 0, 0, 0, 0, 0, 0, 0, 0, 0, 0, 0, 0, 0, 0, 0, 0, 0, 1, 0, 0, 1, 0, 0, 0, 0, 0, 0, 0, 1, 0, 0, 1, 0, 0, 1, 0, 1, 0, 0, 0, 0, 0, 0] 
dagA34.txt 3_2x1.txt True 0.09219858156028368 0.17 434.0 [0, 0, 0, 1, 0, 0, 0, 0, 0, 0, 0, 0, 0, 0, 0, 0, 0, 0, 0, 0, 1, 0, 0, 0, 0, 0, 0, 1, 0, 0, 0, 0, 0, 0, 0, 0, 0, 0, 1, 1, 0, 1, 0, 1, 0, 0, 1, 0, 0, 0] 
dagA34.txt 3_2x1.txt True 0.09219858156028368 0.18 434.0 [0, 0, 0, 1, 0, 0, 0, 0, 0, 0, 0, 0, 0, 0, 0, 0, 0, 0, 0, 0, 1, 0, 0, 0, 0, 0, 0, 1, 0, 0, 0, 0, 0, 0, 0, 0, 0, 0, 1, 1, 0, 1, 0, 1, 0, 0, 1, 0, 0, 0] 
dagA34.txt 3_2x1.txt True 0.09219858156028368 0.19 434.0 [0, 0, 0, 1, 0, 0, 0, 0, 0, 0, 0, 0, 0, 0, 0, 0, 0, 0, 0, 0, 1, 0, 0, 0, 0, 0, 0, 1, 0, 0, 0, 0, 0, 0, 0, 0, 0, 0, 1, 1, 0, 1, 0, 1, 0, 0, 1, 0, 0, 0] 
dagA34.txt 3_2x1.txt True 0.09219858156028368 0.2 434.0 [0, 0, 0, 1, 0, 0, 0, 0, 0, 0, 0, 0, 0, 0, 0, 0, 0, 0, 0, 0, 1, 0, 0, 0, 0, 0, 0, 1, 0, 0, 0, 0, 0, 0, 0, 0, 0, 0, 1, 1, 0, 1, 0, 1, 0, 0, 1, 0, 0, 0] 
dagA34.txt 3_2x1.txt True 0.09219858156028368 0.25 434.0 [0, 0, 0, 1, 0, 0, 0, 0, 0, 0, 0, 0, 0, 0, 0, 0, 0, 0, 0, 0, 1, 0, 0, 0, 0, 0, 0, 1, 0, 0, 0, 0, 0, 0, 0, 0, 0, 0, 1, 1, 0, 1, 0, 1, 0, 0, 1, 0, 0, 0] 
dagA34.txt 3_2x1.txt True 0.09219858156028368 0.3 434.0 [0, 0, 0, 1, 0, 0, 0, 0, 0, 0, 0, 0, 0, 0, 0, 0, 0, 0, 0, 0, 1, 0, 0, 0, 0, 0, 0, 1, 0, 0, 0, 0, 0, 0, 0, 0, 0, 0, 1, 1, 0, 1, 0, 1, 0, 0, 1, 0, 0, 0] 
dagA34.txt 3_2x1.txt True 0.09219858156028368 0.35 434.0 [0, 0, 0, 1, 0, 0, 0, 0, 0, 0, 0, 0, 0, 0, 0, 0, 0, 0, 0, 0, 1, 0, 0, 0, 0, 0, 0, 1, 0, 0, 0, 0, 0, 0, 0, 0, 0, 0, 1, 1, 0, 1, 0, 1, 0, 0, 1, 0, 0, 0] 
dagA34.txt 3_2x1.txt True 0.09219858156028368 0.4 434.0 [0, 0, 0, 1, 0, 0, 0, 0, 0, 0, 0, 0, 0, 0, 0, 0, 0, 0, 0, 0, 1, 0, 0, 0, 0, 0, 0, 1, 0, 0, 0, 0, 0, 0, 0, 0, 0, 0, 1, 1, 0, 1, 0, 1, 0, 0, 1, 0, 0, 0] 
dagA34.txt 3_2x1.txt True 0.09219858156028368 0.45 434.0 [0, 0, 0, 1, 0, 0, 0, 0, 0, 0, 0, 0, 0, 0, 0, 0, 0, 0, 0, 0, 1, 0, 0, 0, 0, 0, 0, 1, 0, 0, 0, 0, 0, 0, 0, 0, 0, 0, 1, 1, 0, 1, 0, 1, 0, 0, 1, 0, 0, 0] 
dagA34.txt 3_2x1.txt True 0.09219858156028368 0.5 434.0 [0, 0, 0, 1, 0, 0, 0, 0, 0, 0, 0, 0, 0, 0, 0, 0, 0, 0, 0, 0, 1, 0, 0, 0, 0, 0, 0, 1, 0, 0, 0, 0, 0, 0, 0, 0, 0, 0, 1, 1, 0, 1, 0, 1, 0, 0, 1, 0, 0, 0] 
dagA34.txt 3_2x1.txt True 0.22695035460992907 0.55 391.6666666666667 [0, 1, 1, 0, 0, 0, 0, 0, 0, 0, 0, 1, 0, 0, 1, 0, 0, 0, 0, 0, 0, 1, 0, 0, 0, 0, 1, 0, 0, 1, 0, 0, 0, 1, 0, 1, 1, 0, 0, 1, 0, 0, 0, 1, 0, 0, 0, 0, 1, 0] 
dagA34.txt 3_2x1.txt True 0.3191489361702128 0.6 414.0 [0, 1, 0, 0, 0, 1, 0, 0, 1, 0, 1, 1, 0, 1, 1, 1, 0, 0, 0, 1, 0, 1, 1, 0, 0, 0, 0, 0, 1, 0, 0, 1, 1, 1, 1, 0, 1, 0, 0, 1, 1, 0, 1, 1, 1, 1, 0, 1, 1, 0] 
dagA34.txt 3_2x1.txt True 0.22695035460992907 0.65 363.0 [1, 0, 0, 1, 0, 0, 0, 0, 0, 1, 0, 0, 1, 0, 0, 0, 0, 0, 1, 0, 1, 0, 0, 0, 1, 0, 1, 1, 0, 0, 0, 1, 0, 0, 0, 1, 0, 0, 0, 0, 0, 1, 0, 0, 0, 0, 1, 1, 1, 0] 
dagA34.txt 3_2x1.txt True 0.3120567375886525 0.7 338.5 [1, 1, 0, 0, 1, 1, 0, 0, 1, 0, 1, 0, 0, 1, 0, 1, 1, 0, 0, 1, 0, 0, 0, 0, 1, 0, 0, 0, 1, 0, 0, 1, 1, 0, 0, 1, 0, 0, 0, 0, 1, 0, 1, 0, 1, 0, 0, 1, 0, 0] 
dagA34.txt 3_2x1.txt True 0.2907801418439716 0.75 328.3333333333333 [0, 0, 0, 0, 1, 0, 0, 0, 1, 0, 0, 1, 1, 0, 0, 1, 0, 1, 1, 0, 0, 0, 0, 0, 0, 0, 0, 1, 0, 0, 0, 0, 1, 0, 1, 0, 1, 1, 0, 0, 0, 1, 1, 0, 0, 1, 1, 0, 0, 0] 
dagA34.txt 3_2x1.txt True 0.2765957446808511 0.8 314.6666666666667 [0, 0, 0, 1, 0, 0, 0, 0, 0, 0, 0, 0, 1, 0, 0, 0, 0, 0, 0, 0, 1, 1, 0, 0, 0, 1, 0, 1, 0, 1, 1, 0, 1, 0, 0, 0, 1, 0, 1, 1, 0, 1, 1, 1, 0, 1, 1, 0, 1, 1] 
dagA34.txt 3_2x1.txt True 0.2765957446808511 0.85 310.6666666666667 [1, 0, 1, 1, 0, 0, 0, 0, 1, 0, 0, 1, 0, 1, 1, 0, 1, 0, 0, 0, 1, 1, 0, 0, 1, 1, 0, 0, 0, 0, 1, 1, 0, 1, 0, 1, 0, 0, 0, 1, 0, 0, 0, 1, 0, 0, 0, 1, 1, 0] 
dagA34.txt 3_2x1.txt True 0.3120567375886525 0.9 303.3333333333333 [1, 0, 0, 1, 0, 1, 1, 1, 0, 0, 1, 0, 0, 1, 0, 0, 0, 1, 0, 1, 1, 0, 1, 1, 0, 0, 0, 0, 1, 0, 0, 1, 0, 0, 0, 0, 0, 1, 0, 0, 1, 0, 0, 0, 1, 0, 0, 1, 0, 1] 
dagA34.txt 3_2x1.txt True 0.2624113475177305 0.95 322.3333333333333 [0, 0, 0, 0, 0, 0, 0, 0, 0, 0, 0, 1, 0, 0, 0, 0, 0, 0, 1, 0, 0, 1, 0, 0, 0, 1, 0, 1, 0, 1, 1, 1, 0, 1, 1, 0, 1, 0, 1, 1, 0, 1, 0, 1, 0, 1, 1, 0, 1, 1] 
dagA34.txt 3_2x1.txt True 0.2624113475177305 1 322.3333333333333 [0, 0, 0, 0, 0, 0, 0, 0, 0, 0, 0, 1, 0, 0, 0, 0, 0, 0, 1, 0, 0, 1, 0, 0, 0, 1, 0, 1, 0, 1, 1, 1, 0, 1, 1, 0, 1, 0, 1, 1, 0, 1, 0, 1, 0, 1, 1, 0, 1, 1] 
