triadag10_8.txt 3_2x4.txt True 0.05555555555555555 0.07 725.0 [7, 7, 7, 3, 7, 7, 7, 6, 7, 7, 7, 7, 3, 7, 7, 7, 6, 7, 7, 7, 3, 7, 7, 7, 7, 7, 7, 7, 7, 7, 7, 7, 7, 7, 7, 7, 7, 7, 7, 7, 7, 7, 7, 7, 7, 7, 7, 7, 7, 7, 7, 7, 7, 7, 7] 
triadag10_8.txt 3_2x4.txt True 0.05555555555555555 0.1 725.0 [7, 7, 7, 3, 7, 7, 7, 6, 7, 7, 7, 7, 3, 7, 7, 7, 6, 7, 7, 7, 3, 7, 7, 7, 7, 7, 7, 7, 7, 7, 7, 7, 7, 7, 7, 7, 7, 7, 7, 7, 7, 7, 7, 7, 7, 7, 7, 7, 7, 7, 7, 7, 7, 7, 7] 
triadag10_8.txt 3_2x4.txt True 0.13333333333333333 0.15 1136.0 [7, 7, 7, 3, 7, 7, 7, 6, 7, 7, 7, 7, 3, 7, 7, 7, 6, 7, 7, 7, 7, 7, 7, 7, 6, 7, 7, 7, 7, 7, 7, 6, 7, 7, 7, 7, 7, 6, 7, 7, 6, 7, 6, 7, 7, 6, 6, 6, 6, 6, 6, 6, 6, 6, 6] 
triadag10_8.txt 3_2x4.txt True 0.13333333333333333 0.2 1136.0 [7, 7, 7, 3, 7, 7, 7, 6, 7, 7, 7, 7, 3, 7, 7, 7, 6, 7, 7, 7, 7, 7, 7, 7, 6, 7, 7, 7, 7, 7, 7, 6, 7, 7, 7, 7, 7, 6, 7, 7, 6, 7, 6, 7, 7, 6, 6, 6, 6, 6, 6, 6, 6, 6, 6] 
triadag10_8.txt 3_2x4.txt True 0.25555555555555554 0.3 1014.0 [6, 6, 4, 7, 6, 6, 6, 5, 5, 6, 6, 4, 7, 6, 6, 6, 5, 5, 6, 6, 7, 6, 6, 6, 5, 5, 6, 3, 6, 6, 6, 5, 5, 6, 3, 3, 3, 3, 3, 3, 3, 3, 3, 3, 3, 1, 3, 3, 3, 1, 1, 1, 1, 1, 1] 
triadag10_8.txt 3_2x4.txt True 0.4 0.4 464.0 [5, 6, 4, 2, 7, 5, 5, 5, 4, 7, 6, 4, 2, 7, 5, 5, 5, 4, 7, 6, 2, 7, 6, 6, 6, 4, 7, 3, 7, 6, 6, 6, 4, 7, 3, 1, 3, 3, 3, 7, 1, 3, 3, 3, 3, 1, 0, 1, 1, 0, 1, 1, 0, 0, 0] 
triadag10_8.txt 3_2x4.txt True 0.4666666666666667 0.5 432.0 [6, 4, 6, 2, 5, 6, 7, 7, 6, 5, 4, 6, 2, 5, 6, 7, 7, 6, 5, 4, 2, 5, 4, 7, 4, 4, 5, 3, 5, 4, 7, 4, 4, 5, 2, 1, 3, 2, 3, 3, 0, 3, 2, 0, 3, 0, 1, 0, 3, 1, 0, 0, 1, 1, 1] 
triadag10_8.txt 3_2x4.txt True 0.4666666666666667 0.6 432.0 [6, 4, 6, 2, 5, 6, 7, 7, 6, 5, 4, 6, 2, 5, 6, 7, 7, 6, 5, 4, 2, 5, 4, 7, 4, 4, 5, 3, 5, 4, 7, 4, 4, 5, 2, 1, 3, 2, 3, 3, 0, 3, 2, 0, 3, 0, 1, 0, 3, 1, 0, 0, 1, 1, 1] 
triadag10_8.txt 3_2x4.txt True 0.4666666666666667 0.7 432.0 [6, 4, 6, 2, 5, 6, 7, 7, 6, 5, 4, 6, 2, 5, 6, 7, 7, 6, 5, 4, 2, 5, 4, 7, 4, 4, 5, 3, 5, 4, 7, 4, 4, 5, 2, 1, 3, 2, 3, 3, 0, 3, 2, 0, 3, 0, 1, 0, 3, 1, 0, 0, 1, 1, 1] 
triadag10_8.txt 3_2x4.txt True 0.4666666666666667 1 432.0 [6, 4, 6, 2, 5, 6, 7, 7, 6, 5, 4, 6, 2, 5, 6, 7, 7, 6, 5, 4, 2, 5, 4, 7, 4, 4, 5, 3, 5, 4, 7, 4, 4, 5, 2, 1, 3, 2, 3, 3, 0, 3, 2, 0, 3, 0, 1, 0, 3, 1, 0, 0, 1, 1, 1] 
triadag10_8.txt 3_2x2.txt True 0.044444444444444446 0.07 1527.0 [3, 3, 3, 3, 2, 3, 3, 3, 0, 3, 3, 3, 3, 2, 3, 3, 3, 0, 3, 3, 3, 3, 3, 3, 3, 3, 3, 3, 3, 3, 3, 3, 3, 3, 3, 3, 3, 3, 3, 3, 3, 3, 3, 3, 3, 3, 3, 3, 3, 3, 3, 3, 3, 3, 3] 
triadag10_8.txt 3_2x2.txt True 0.044444444444444446 0.1 1527.0 [3, 3, 3, 3, 2, 3, 3, 3, 0, 3, 3, 3, 3, 2, 3, 3, 3, 0, 3, 3, 3, 3, 3, 3, 3, 3, 3, 3, 3, 3, 3, 3, 3, 3, 3, 3, 3, 3, 3, 3, 3, 3, 3, 3, 3, 3, 3, 3, 3, 3, 3, 3, 3, 3, 3] 
triadag10_8.txt 3_2x2.txt True 0.044444444444444446 0.15 1527.0 [3, 3, 3, 3, 2, 3, 3, 3, 0, 3, 3, 3, 3, 2, 3, 3, 3, 0, 3, 3, 3, 3, 3, 3, 3, 3, 3, 3, 3, 3, 3, 3, 3, 3, 3, 3, 3, 3, 3, 3, 3, 3, 3, 3, 3, 3, 3, 3, 3, 3, 3, 3, 3, 3, 3] 
triadag10_8.txt 3_2x2.txt True 0.2 0.2 700.5 [2, 3, 2, 2, 2, 2, 2, 2, 2, 2, 3, 2, 2, 2, 2, 2, 2, 2, 2, 3, 3, 3, 3, 3, 3, 3, 3, 3, 3, 3, 3, 3, 3, 3, 3, 3, 3, 3, 3, 3, 1, 3, 0, 3, 3, 1, 0, 1, 1, 1, 1, 1, 1, 1, 1] 
triadag10_8.txt 3_2x2.txt True 0.26666666666666666 0.3 422.0 [1, 1, 0, 0, 1, 1, 1, 0, 1, 0, 1, 0, 0, 1, 1, 1, 0, 1, 0, 2, 0, 1, 1, 1, 0, 1, 0, 2, 2, 1, 2, 2, 2, 0, 2, 3, 2, 2, 2, 2, 3, 2, 2, 2, 2, 3, 3, 3, 3, 3, 3, 3, 3, 3, 3] 
triadag10_8.txt 3_2x2.txt True 0.26666666666666666 0.4 422.0 [1, 1, 0, 0, 1, 1, 1, 0, 1, 0, 1, 0, 0, 1, 1, 1, 0, 1, 0, 2, 0, 1, 1, 1, 0, 1, 0, 2, 2, 1, 2, 2, 2, 0, 2, 3, 2, 2, 2, 2, 3, 2, 2, 2, 2, 3, 3, 3, 3, 3, 3, 3, 3, 3, 3] 
triadag10_8.txt 3_2x2.txt True 0.26666666666666666 0.5 422.0 [1, 1, 0, 0, 1, 1, 1, 0, 1, 0, 1, 0, 0, 1, 1, 1, 0, 1, 0, 2, 0, 1, 1, 1, 0, 1, 0, 2, 2, 1, 2, 2, 2, 0, 2, 3, 2, 2, 2, 2, 3, 2, 2, 2, 2, 3, 3, 3, 3, 3, 3, 3, 3, 3, 3] 
triadag10_8.txt 3_2x2.txt True 0.26666666666666666 0.6 422.0 [1, 1, 0, 0, 1, 1, 1, 0, 1, 0, 1, 0, 0, 1, 1, 1, 0, 1, 0, 2, 0, 1, 1, 1, 0, 1, 0, 2, 2, 1, 2, 2, 2, 0, 2, 3, 2, 2, 2, 2, 3, 2, 2, 2, 2, 3, 3, 3, 3, 3, 3, 3, 3, 3, 3] 
triadag10_8.txt 3_2x2.txt True 0.26666666666666666 0.7 422.0 [1, 1, 0, 0, 1, 1, 1, 0, 1, 0, 1, 0, 0, 1, 1, 1, 0, 1, 0, 2, 0, 1, 1, 1, 0, 1, 0, 2, 2, 1, 2, 2, 2, 0, 2, 3, 2, 2, 2, 2, 3, 2, 2, 2, 2, 3, 3, 3, 3, 3, 3, 3, 3, 3, 3] 
triadag10_8.txt 3_2x2.txt True 0.26666666666666666 1 422.0 [1, 1, 0, 0, 1, 1, 1, 0, 1, 0, 1, 0, 0, 1, 1, 1, 0, 1, 0, 2, 0, 1, 1, 1, 0, 1, 0, 2, 2, 1, 2, 2, 2, 0, 2, 3, 2, 2, 2, 2, 3, 2, 2, 2, 2, 3, 3, 3, 3, 3, 3, 3, 3, 3, 3] 
triadag10_8.txt 3_2x1.txt True 0.022222222222222223 0.07 1586.5 [1, 1, 0, 1, 1, 1, 1, 1, 1, 1, 1, 0, 1, 1, 1, 1, 1, 1, 1, 1, 1, 1, 1, 1, 1, 1, 1, 1, 1, 1, 1, 1, 1, 1, 1, 1, 1, 1, 1, 1, 1, 1, 1, 1, 1, 1, 1, 1, 1, 1, 1, 1, 1, 1, 1] 
triadag10_8.txt 3_2x1.txt True 0.1 0.1 826.5 [0, 0, 0, 1, 0, 0, 0, 0, 0, 0, 0, 0, 1, 0, 0, 0, 0, 0, 0, 0, 1, 0, 0, 0, 0, 0, 0, 1, 0, 0, 0, 0, 0, 0, 1, 1, 1, 1, 1, 1, 1, 1, 1, 1, 1, 1, 1, 1, 1, 1, 1, 1, 1, 1, 1] 
triadag10_8.txt 3_2x1.txt True 0.13333333333333333 0.15 824.0 [0, 0, 0, 0, 0, 0, 0, 0, 0, 0, 0, 0, 0, 0, 0, 0, 0, 0, 0, 0, 1, 0, 0, 0, 0, 0, 0, 1, 0, 0, 0, 1, 1, 1, 1, 1, 1, 1, 1, 1, 1, 1, 1, 1, 1, 1, 1, 1, 1, 1, 1, 1, 1, 1, 1] 
triadag10_8.txt 3_2x1.txt True 0.13333333333333333 0.2 824.0 [0, 0, 0, 0, 0, 0, 0, 0, 0, 0, 0, 0, 0, 0, 0, 0, 0, 0, 0, 0, 1, 0, 0, 0, 0, 0, 0, 1, 0, 0, 0, 1, 1, 1, 1, 1, 1, 1, 1, 1, 1, 1, 1, 1, 1, 1, 1, 1, 1, 1, 1, 1, 1, 1, 1] 
triadag10_8.txt 3_2x1.txt True 0.13333333333333333 0.3 824.0 [0, 0, 0, 0, 0, 0, 0, 0, 0, 0, 0, 0, 0, 0, 0, 0, 0, 0, 0, 0, 1, 0, 0, 0, 0, 0, 0, 1, 0, 0, 0, 1, 1, 1, 1, 1, 1, 1, 1, 1, 1, 1, 1, 1, 1, 1, 1, 1, 1, 1, 1, 1, 1, 1, 1] 
triadag10_8.txt 3_2x1.txt True 0.13333333333333333 0.4 824.0 [0, 0, 0, 0, 0, 0, 0, 0, 0, 0, 0, 0, 0, 0, 0, 0, 0, 0, 0, 0, 1, 0, 0, 0, 0, 0, 0, 1, 0, 0, 0, 1, 1, 1, 1, 1, 1, 1, 1, 1, 1, 1, 1, 1, 1, 1, 1, 1, 1, 1, 1, 1, 1, 1, 1] 
triadag10_8.txt 3_2x1.txt True 0.13333333333333333 0.5 824.0 [0, 0, 0, 0, 0, 0, 0, 0, 0, 0, 0, 0, 0, 0, 0, 0, 0, 0, 0, 0, 1, 0, 0, 0, 0, 0, 0, 1, 0, 0, 0, 1, 1, 1, 1, 1, 1, 1, 1, 1, 1, 1, 1, 1, 1, 1, 1, 1, 1, 1, 1, 1, 1, 1, 1] 
triadag10_8.txt 3_2x1.txt True 0.13333333333333333 0.6 824.0 [0, 0, 0, 0, 0, 0, 0, 0, 0, 0, 0, 0, 0, 0, 0, 0, 0, 0, 0, 0, 1, 0, 0, 0, 0, 0, 0, 1, 0, 0, 0, 1, 1, 1, 1, 1, 1, 1, 1, 1, 1, 1, 1, 1, 1, 1, 1, 1, 1, 1, 1, 1, 1, 1, 1] 
triadag10_8.txt 3_2x1.txt True 0.13333333333333333 0.7 824.0 [0, 0, 0, 0, 0, 0, 0, 0, 0, 0, 0, 0, 0, 0, 0, 0, 0, 0, 0, 0, 1, 0, 0, 0, 0, 0, 0, 1, 0, 0, 0, 1, 1, 1, 1, 1, 1, 1, 1, 1, 1, 1, 1, 1, 1, 1, 1, 1, 1, 1, 1, 1, 1, 1, 1] 
triadag10_8.txt 3_2x1.txt True 0.13333333333333333 1 824.0 [0, 0, 0, 0, 0, 0, 0, 0, 0, 0, 0, 0, 0, 0, 0, 0, 0, 0, 0, 0, 1, 0, 0, 0, 0, 0, 0, 1, 0, 0, 0, 1, 1, 1, 1, 1, 1, 1, 1, 1, 1, 1, 1, 1, 1, 1, 1, 1, 1, 1, 1, 1, 1, 1, 1] 
triadag10_8.txt 3_2x4.txt True 0.05555555555555555 0.07 725.0 [7, 7, 7, 3, 7, 7, 7, 6, 7, 7, 7, 7, 3, 7, 7, 7, 6, 7, 7, 7, 3, 7, 7, 7, 7, 7, 7, 7, 7, 7, 7, 7, 7, 7, 7, 7, 7, 7, 7, 7, 7, 7, 7, 7, 7, 7, 7, 7, 7, 7, 7, 7, 7, 7, 7] 
triadag10_8.txt 3_2x4.txt True 0.05555555555555555 0.08 725.0 [7, 7, 7, 3, 7, 7, 7, 6, 7, 7, 7, 7, 3, 7, 7, 7, 6, 7, 7, 7, 3, 7, 7, 7, 7, 7, 7, 7, 7, 7, 7, 7, 7, 7, 7, 7, 7, 7, 7, 7, 7, 7, 7, 7, 7, 7, 7, 7, 7, 7, 7, 7, 7, 7, 7] 
triadag10_8.txt 3_2x4.txt True 0.05555555555555555 0.09 725.0 [7, 7, 7, 3, 7, 7, 7, 6, 7, 7, 7, 7, 3, 7, 7, 7, 6, 7, 7, 7, 3, 7, 7, 7, 7, 7, 7, 7, 7, 7, 7, 7, 7, 7, 7, 7, 7, 7, 7, 7, 7, 7, 7, 7, 7, 7, 7, 7, 7, 7, 7, 7, 7, 7, 7] 
triadag10_8.txt 3_2x4.txt True 0.05555555555555555 0.1 725.0 [7, 7, 7, 3, 7, 7, 7, 6, 7, 7, 7, 7, 3, 7, 7, 7, 6, 7, 7, 7, 3, 7, 7, 7, 7, 7, 7, 7, 7, 7, 7, 7, 7, 7, 7, 7, 7, 7, 7, 7, 7, 7, 7, 7, 7, 7, 7, 7, 7, 7, 7, 7, 7, 7, 7] 
triadag10_8.txt 3_2x4.txt True 0.05555555555555555 0.11 725.0 [7, 7, 7, 3, 7, 7, 7, 6, 7, 7, 7, 7, 3, 7, 7, 7, 6, 7, 7, 7, 3, 7, 7, 7, 7, 7, 7, 7, 7, 7, 7, 7, 7, 7, 7, 7, 7, 7, 7, 7, 7, 7, 7, 7, 7, 7, 7, 7, 7, 7, 7, 7, 7, 7, 7] 
triadag10_8.txt 3_2x4.txt True 0.05555555555555555 0.12 725.0 [7, 7, 7, 3, 7, 7, 7, 6, 7, 7, 7, 7, 3, 7, 7, 7, 6, 7, 7, 7, 3, 7, 7, 7, 7, 7, 7, 7, 7, 7, 7, 7, 7, 7, 7, 7, 7, 7, 7, 7, 7, 7, 7, 7, 7, 7, 7, 7, 7, 7, 7, 7, 7, 7, 7] 
triadag10_8.txt 3_2x4.txt True 0.05555555555555555 0.13 725.0 [7, 7, 7, 3, 7, 7, 7, 6, 7, 7, 7, 7, 3, 7, 7, 7, 6, 7, 7, 7, 3, 7, 7, 7, 7, 7, 7, 7, 7, 7, 7, 7, 7, 7, 7, 7, 7, 7, 7, 7, 7, 7, 7, 7, 7, 7, 7, 7, 7, 7, 7, 7, 7, 7, 7] 
triadag10_8.txt 3_2x4.txt True 0.13333333333333333 0.14 1136.0 [7, 7, 7, 3, 7, 7, 7, 6, 7, 7, 7, 7, 3, 7, 7, 7, 6, 7, 7, 7, 7, 7, 7, 7, 6, 7, 7, 7, 7, 7, 7, 6, 7, 7, 7, 7, 7, 6, 7, 7, 6, 7, 6, 7, 7, 6, 6, 6, 6, 6, 6, 6, 6, 6, 6] 
triadag10_8.txt 3_2x4.txt True 0.13333333333333333 0.15 1136.0 [7, 7, 7, 3, 7, 7, 7, 6, 7, 7, 7, 7, 3, 7, 7, 7, 6, 7, 7, 7, 7, 7, 7, 7, 6, 7, 7, 7, 7, 7, 7, 6, 7, 7, 7, 7, 7, 6, 7, 7, 6, 7, 6, 7, 7, 6, 6, 6, 6, 6, 6, 6, 6, 6, 6] 
triadag10_8.txt 3_2x4.txt True 0.13333333333333333 0.16 1136.0 [7, 7, 7, 3, 7, 7, 7, 6, 7, 7, 7, 7, 3, 7, 7, 7, 6, 7, 7, 7, 7, 7, 7, 7, 6, 7, 7, 7, 7, 7, 7, 6, 7, 7, 7, 7, 7, 6, 7, 7, 6, 7, 6, 7, 7, 6, 6, 6, 6, 6, 6, 6, 6, 6, 6] 
triadag10_8.txt 3_2x4.txt True 0.13333333333333333 0.17 1136.0 [7, 7, 7, 3, 7, 7, 7, 6, 7, 7, 7, 7, 3, 7, 7, 7, 6, 7, 7, 7, 7, 7, 7, 7, 6, 7, 7, 7, 7, 7, 7, 6, 7, 7, 7, 7, 7, 6, 7, 7, 6, 7, 6, 7, 7, 6, 6, 6, 6, 6, 6, 6, 6, 6, 6] 
triadag10_8.txt 3_2x4.txt True 0.13333333333333333 0.18 1136.0 [7, 7, 7, 3, 7, 7, 7, 6, 7, 7, 7, 7, 3, 7, 7, 7, 6, 7, 7, 7, 7, 7, 7, 7, 6, 7, 7, 7, 7, 7, 7, 6, 7, 7, 7, 7, 7, 6, 7, 7, 6, 7, 6, 7, 7, 6, 6, 6, 6, 6, 6, 6, 6, 6, 6] 
triadag10_8.txt 3_2x4.txt True 0.13333333333333333 0.19 1136.0 [7, 7, 7, 3, 7, 7, 7, 6, 7, 7, 7, 7, 3, 7, 7, 7, 6, 7, 7, 7, 7, 7, 7, 7, 6, 7, 7, 7, 7, 7, 7, 6, 7, 7, 7, 7, 7, 6, 7, 7, 6, 7, 6, 7, 7, 6, 6, 6, 6, 6, 6, 6, 6, 6, 6] 
triadag10_8.txt 3_2x4.txt True 0.13333333333333333 0.2 1136.0 [7, 7, 7, 3, 7, 7, 7, 6, 7, 7, 7, 7, 3, 7, 7, 7, 6, 7, 7, 7, 7, 7, 7, 7, 6, 7, 7, 7, 7, 7, 7, 6, 7, 7, 7, 7, 7, 6, 7, 7, 6, 7, 6, 7, 7, 6, 6, 6, 6, 6, 6, 6, 6, 6, 6] 
triadag10_8.txt 3_2x4.txt True 0.13333333333333333 0.25 1136.0 [7, 7, 7, 3, 7, 7, 7, 6, 7, 7, 7, 7, 3, 7, 7, 7, 6, 7, 7, 7, 7, 7, 7, 7, 6, 7, 7, 7, 7, 7, 7, 6, 7, 7, 7, 7, 7, 6, 7, 7, 6, 7, 6, 7, 7, 6, 6, 6, 6, 6, 6, 6, 6, 6, 6] 
triadag10_8.txt 3_2x4.txt True 0.25555555555555554 0.3 1014.0 [6, 6, 4, 7, 6, 6, 6, 5, 5, 6, 6, 4, 7, 6, 6, 6, 5, 5, 6, 6, 7, 6, 6, 6, 5, 5, 6, 3, 6, 6, 6, 5, 5, 6, 3, 3, 3, 3, 3, 3, 3, 3, 3, 3, 3, 1, 3, 3, 3, 1, 1, 1, 1, 1, 1] 
triadag10_8.txt 3_2x4.txt True 0.3111111111111111 0.35 686.0 [7, 7, 7, 7, 7, 7, 6, 7, 5, 7, 7, 7, 7, 7, 7, 6, 7, 5, 7, 7, 7, 7, 3, 6, 6, 5, 7, 6, 7, 3, 6, 6, 4, 7, 6, 3, 6, 6, 4, 0, 3, 6, 6, 4, 0, 3, 3, 4, 3, 3, 3, 3, 3, 3, 3] 
triadag10_8.txt 3_2x4.txt True 0.4 0.4 464.0 [5, 6, 4, 2, 7, 5, 5, 5, 4, 7, 6, 4, 2, 7, 5, 5, 5, 4, 7, 6, 2, 7, 6, 6, 6, 4, 7, 3, 7, 6, 6, 6, 4, 7, 3, 1, 3, 3, 3, 7, 1, 3, 3, 3, 3, 1, 0, 1, 1, 0, 1, 1, 0, 0, 0] 
triadag10_8.txt 3_2x4.txt True 0.4444444444444444 0.45 426.0 [4, 7, 4, 1, 4, 5, 4, 5, 5, 6, 7, 4, 1, 4, 5, 4, 5, 5, 6, 7, 1, 6, 7, 6, 7, 7, 6, 0, 6, 7, 6, 7, 7, 6, 0, 3, 0, 0, 0, 1, 2, 0, 0, 0, 1, 2, 3, 2, 2, 3, 2, 2, 3, 3, 3] 
triadag10_8.txt 3_2x4.txt True 0.4666666666666667 0.5 432.0 [6, 4, 6, 2, 5, 6, 7, 7, 6, 5, 4, 6, 2, 5, 6, 7, 7, 6, 5, 4, 2, 5, 4, 7, 4, 4, 5, 3, 5, 4, 7, 4, 4, 5, 2, 1, 3, 2, 3, 3, 0, 3, 2, 0, 3, 0, 1, 0, 3, 1, 0, 0, 1, 1, 1] 
triadag10_8.txt 3_2x4.txt True 0.4666666666666667 0.55 432.0 [6, 4, 6, 2, 5, 6, 7, 7, 6, 5, 4, 6, 2, 5, 6, 7, 7, 6, 5, 4, 2, 5, 4, 7, 4, 4, 5, 3, 5, 4, 7, 4, 4, 5, 2, 1, 3, 2, 3, 3, 0, 3, 2, 0, 3, 0, 1, 0, 3, 1, 0, 0, 1, 1, 1] 
triadag10_8.txt 3_2x4.txt True 0.4666666666666667 0.6 432.0 [6, 4, 6, 2, 5, 6, 7, 7, 6, 5, 4, 6, 2, 5, 6, 7, 7, 6, 5, 4, 2, 5, 4, 7, 4, 4, 5, 3, 5, 4, 7, 4, 4, 5, 2, 1, 3, 2, 3, 3, 0, 3, 2, 0, 3, 0, 1, 0, 3, 1, 0, 0, 1, 1, 1] 
triadag10_8.txt 3_2x4.txt True 0.4666666666666667 0.65 432.0 [6, 4, 6, 2, 5, 6, 7, 7, 6, 5, 4, 6, 2, 5, 6, 7, 7, 6, 5, 4, 2, 5, 4, 7, 4, 4, 5, 3, 5, 4, 7, 4, 4, 5, 2, 1, 3, 2, 3, 3, 0, 3, 2, 0, 3, 0, 1, 0, 3, 1, 0, 0, 1, 1, 1] 
triadag10_8.txt 3_2x4.txt True 0.4666666666666667 0.7 432.0 [6, 4, 6, 2, 5, 6, 7, 7, 6, 5, 4, 6, 2, 5, 6, 7, 7, 6, 5, 4, 2, 5, 4, 7, 4, 4, 5, 3, 5, 4, 7, 4, 4, 5, 2, 1, 3, 2, 3, 3, 0, 3, 2, 0, 3, 0, 1, 0, 3, 1, 0, 0, 1, 1, 1] 
triadag10_8.txt 3_2x4.txt True 0.4666666666666667 0.75 432.0 [6, 4, 6, 2, 5, 6, 7, 7, 6, 5, 4, 6, 2, 5, 6, 7, 7, 6, 5, 4, 2, 5, 4, 7, 4, 4, 5, 3, 5, 4, 7, 4, 4, 5, 2, 1, 3, 2, 3, 3, 0, 3, 2, 0, 3, 0, 1, 0, 3, 1, 0, 0, 1, 1, 1] 
triadag10_8.txt 3_2x4.txt True 0.4666666666666667 0.8 432.0 [6, 4, 6, 2, 5, 6, 7, 7, 6, 5, 4, 6, 2, 5, 6, 7, 7, 6, 5, 4, 2, 5, 4, 7, 4, 4, 5, 3, 5, 4, 7, 4, 4, 5, 2, 1, 3, 2, 3, 3, 0, 3, 2, 0, 3, 0, 1, 0, 3, 1, 0, 0, 1, 1, 1] 
triadag10_8.txt 3_2x4.txt True 0.4666666666666667 0.85 432.0 [6, 4, 6, 2, 5, 6, 7, 7, 6, 5, 4, 6, 2, 5, 6, 7, 7, 6, 5, 4, 2, 5, 4, 7, 4, 4, 5, 3, 5, 4, 7, 4, 4, 5, 2, 1, 3, 2, 3, 3, 0, 3, 2, 0, 3, 0, 1, 0, 3, 1, 0, 0, 1, 1, 1] 
triadag10_8.txt 3_2x4.txt True 0.4666666666666667 0.9 432.0 [6, 4, 6, 2, 5, 6, 7, 7, 6, 5, 4, 6, 2, 5, 6, 7, 7, 6, 5, 4, 2, 5, 4, 7, 4, 4, 5, 3, 5, 4, 7, 4, 4, 5, 2, 1, 3, 2, 3, 3, 0, 3, 2, 0, 3, 0, 1, 0, 3, 1, 0, 0, 1, 1, 1] 
triadag10_8.txt 3_2x4.txt True 0.4666666666666667 0.95 432.0 [6, 4, 6, 2, 5, 6, 7, 7, 6, 5, 4, 6, 2, 5, 6, 7, 7, 6, 5, 4, 2, 5, 4, 7, 4, 4, 5, 3, 5, 4, 7, 4, 4, 5, 2, 1, 3, 2, 3, 3, 0, 3, 2, 0, 3, 0, 1, 0, 3, 1, 0, 0, 1, 1, 1] 
triadag10_8.txt 3_2x4.txt True 0.4666666666666667 1 432.0 [6, 4, 6, 2, 5, 6, 7, 7, 6, 5, 4, 6, 2, 5, 6, 7, 7, 6, 5, 4, 2, 5, 4, 7, 4, 4, 5, 3, 5, 4, 7, 4, 4, 5, 2, 1, 3, 2, 3, 3, 0, 3, 2, 0, 3, 0, 1, 0, 3, 1, 0, 0, 1, 1, 1] 
triadag10_8.txt 100_1x1.txt True 0.022222222222222223 0.07 3173.0 [1, 1, 0, 1, 1, 1, 1, 1, 1, 1, 1, 0, 1, 1, 1, 1, 1, 1, 1, 1, 1, 1, 1, 1, 1, 1, 1, 1, 1, 1, 1, 1, 1, 1, 1, 1, 1, 1, 1, 1, 1, 1, 1, 1, 1, 1, 1, 1, 1, 1, 1, 1, 1, 1, 1] 
triadag10_8.txt 100_1x1.txt True 0.07777777777777778 0.08 2257.0 [1, 1, 1, 1, 1, 1, 1, 1, 1, 1, 1, 1, 1, 1, 1, 1, 1, 1, 1, 1, 1, 1, 1, 1, 1, 1, 1, 1, 1, 1, 1, 1, 1, 1, 0, 1, 1, 1, 1, 1, 0, 0, 0, 0, 0, 0, 0, 0, 0, 0, 0, 0, 0, 0, 0] 
triadag10_8.txt 100_1x1.txt True 0.08888888888888889 0.09 1883.0 [1, 1, 1, 1, 1, 1, 1, 1, 1, 1, 1, 1, 1, 1, 1, 1, 1, 1, 1, 1, 1, 1, 1, 1, 1, 1, 1, 0, 1, 1, 1, 1, 1, 1, 0, 0, 0, 0, 0, 0, 0, 0, 0, 0, 0, 0, 0, 0, 0, 0, 0, 0, 0, 0, 0] 
triadag10_8.txt 100_1x1.txt True 0.1 0.1 1653.0 [0, 0, 0, 1, 0, 0, 0, 0, 0, 0, 0, 0, 1, 0, 0, 0, 0, 0, 0, 0, 1, 0, 0, 0, 0, 0, 0, 1, 0, 0, 0, 0, 0, 0, 1, 1, 1, 1, 1, 1, 1, 1, 1, 1, 1, 1, 1, 1, 1, 1, 1, 1, 1, 1, 1] 
triadag10_8.txt 100_1x1.txt True 0.1 0.11 1653.0 [0, 0, 0, 1, 0, 0, 0, 0, 0, 0, 0, 0, 1, 0, 0, 0, 0, 0, 0, 0, 1, 0, 0, 0, 0, 0, 0, 1, 0, 0, 0, 0, 0, 0, 1, 1, 1, 1, 1, 1, 1, 1, 1, 1, 1, 1, 1, 1, 1, 1, 1, 1, 1, 1, 1] 
triadag10_8.txt 100_1x1.txt True 0.1111111111111111 0.12 1652.0 [1, 1, 1, 1, 1, 1, 1, 1, 0, 1, 1, 1, 1, 1, 1, 1, 1, 0, 1, 1, 1, 1, 1, 1, 1, 0, 1, 0, 1, 1, 1, 1, 0, 1, 0, 0, 0, 0, 0, 0, 0, 0, 0, 0, 0, 0, 0, 0, 0, 0, 0, 0, 0, 0, 0] 
triadag10_8.txt 100_1x1.txt True 0.1111111111111111 0.13 1652.0 [1, 1, 1, 1, 1, 1, 1, 1, 0, 1, 1, 1, 1, 1, 1, 1, 1, 0, 1, 1, 1, 1, 1, 1, 1, 0, 1, 0, 1, 1, 1, 1, 0, 1, 0, 0, 0, 0, 0, 0, 0, 0, 0, 0, 0, 0, 0, 0, 0, 0, 0, 0, 0, 0, 0] 
triadag10_8.txt 100_1x1.txt True 0.13333333333333333 0.14 1648.0 [0, 0, 0, 0, 0, 0, 0, 0, 0, 0, 0, 0, 0, 0, 0, 0, 0, 0, 0, 0, 1, 0, 0, 0, 0, 0, 0, 1, 0, 0, 0, 1, 1, 1, 1, 1, 1, 1, 1, 1, 1, 1, 1, 1, 1, 1, 1, 1, 1, 1, 1, 1, 1, 1, 1] 
triadag10_8.txt 100_1x1.txt True 0.13333333333333333 0.15 1648.0 [0, 0, 0, 0, 0, 0, 0, 0, 0, 0, 0, 0, 0, 0, 0, 0, 0, 0, 0, 0, 1, 0, 0, 0, 0, 0, 0, 1, 0, 0, 0, 1, 1, 1, 1, 1, 1, 1, 1, 1, 1, 1, 1, 1, 1, 1, 1, 1, 1, 1, 1, 1, 1, 1, 1] 
triadag10_8.txt 100_1x1.txt True 0.13333333333333333 0.16 1648.0 [0, 0, 0, 0, 0, 0, 0, 0, 0, 0, 0, 0, 0, 0, 0, 0, 0, 0, 0, 0, 1, 0, 0, 0, 0, 0, 0, 1, 0, 0, 0, 1, 1, 1, 1, 1, 1, 1, 1, 1, 1, 1, 1, 1, 1, 1, 1, 1, 1, 1, 1, 1, 1, 1, 1] 
triadag10_8.txt 100_1x1.txt True 0.13333333333333333 0.17 1648.0 [0, 0, 0, 0, 0, 0, 0, 0, 0, 0, 0, 0, 0, 0, 0, 0, 0, 0, 0, 0, 1, 0, 0, 0, 0, 0, 0, 1, 0, 0, 0, 1, 1, 1, 1, 1, 1, 1, 1, 1, 1, 1, 1, 1, 1, 1, 1, 1, 1, 1, 1, 1, 1, 1, 1] 
triadag10_8.txt 100_1x1.txt True 0.13333333333333333 0.18 1648.0 [0, 0, 0, 0, 0, 0, 0, 0, 0, 0, 0, 0, 0, 0, 0, 0, 0, 0, 0, 0, 1, 0, 0, 0, 0, 0, 0, 1, 0, 0, 0, 1, 1, 1, 1, 1, 1, 1, 1, 1, 1, 1, 1, 1, 1, 1, 1, 1, 1, 1, 1, 1, 1, 1, 1] 
triadag10_8.txt 100_1x1.txt True 0.13333333333333333 0.19 1648.0 [0, 0, 0, 0, 0, 0, 0, 0, 0, 0, 0, 0, 0, 0, 0, 0, 0, 0, 0, 0, 1, 0, 0, 0, 0, 0, 0, 1, 0, 0, 0, 1, 1, 1, 1, 1, 1, 1, 1, 1, 1, 1, 1, 1, 1, 1, 1, 1, 1, 1, 1, 1, 1, 1, 1] 
triadag10_8.txt 100_1x1.txt True 0.13333333333333333 0.2 1648.0 [0, 0, 0, 0, 0, 0, 0, 0, 0, 0, 0, 0, 0, 0, 0, 0, 0, 0, 0, 0, 1, 0, 0, 0, 0, 0, 0, 1, 0, 0, 0, 1, 1, 1, 1, 1, 1, 1, 1, 1, 1, 1, 1, 1, 1, 1, 1, 1, 1, 1, 1, 1, 1, 1, 1] 
triadag10_8.txt 100_1x1.txt True 0.13333333333333333 0.25 1648.0 [0, 0, 0, 0, 0, 0, 0, 0, 0, 0, 0, 0, 0, 0, 0, 0, 0, 0, 0, 0, 1, 0, 0, 0, 0, 0, 0, 1, 0, 0, 0, 1, 1, 1, 1, 1, 1, 1, 1, 1, 1, 1, 1, 1, 1, 1, 1, 1, 1, 1, 1, 1, 1, 1, 1] 
triadag10_8.txt 100_1x1.txt True 0.13333333333333333 0.3 1648.0 [0, 0, 0, 0, 0, 0, 0, 0, 0, 0, 0, 0, 0, 0, 0, 0, 0, 0, 0, 0, 1, 0, 0, 0, 0, 0, 0, 1, 0, 0, 0, 1, 1, 1, 1, 1, 1, 1, 1, 1, 1, 1, 1, 1, 1, 1, 1, 1, 1, 1, 1, 1, 1, 1, 1] 
triadag10_8.txt 100_1x1.txt True 0.13333333333333333 0.35 1648.0 [0, 0, 0, 0, 0, 0, 0, 0, 0, 0, 0, 0, 0, 0, 0, 0, 0, 0, 0, 0, 1, 0, 0, 0, 0, 0, 0, 1, 0, 0, 0, 1, 1, 1, 1, 1, 1, 1, 1, 1, 1, 1, 1, 1, 1, 1, 1, 1, 1, 1, 1, 1, 1, 1, 1] 
triadag10_8.txt 100_1x1.txt True 0.13333333333333333 0.4 1648.0 [0, 0, 0, 0, 0, 0, 0, 0, 0, 0, 0, 0, 0, 0, 0, 0, 0, 0, 0, 0, 1, 0, 0, 0, 0, 0, 0, 1, 0, 0, 0, 1, 1, 1, 1, 1, 1, 1, 1, 1, 1, 1, 1, 1, 1, 1, 1, 1, 1, 1, 1, 1, 1, 1, 1] 
triadag10_8.txt 100_1x1.txt True 0.13333333333333333 0.45 1648.0 [0, 0, 0, 0, 0, 0, 0, 0, 0, 0, 0, 0, 0, 0, 0, 0, 0, 0, 0, 0, 1, 0, 0, 0, 0, 0, 0, 1, 0, 0, 0, 1, 1, 1, 1, 1, 1, 1, 1, 1, 1, 1, 1, 1, 1, 1, 1, 1, 1, 1, 1, 1, 1, 1, 1] 
triadag10_8.txt 100_1x1.txt True 0.13333333333333333 0.5 1648.0 [0, 0, 0, 0, 0, 0, 0, 0, 0, 0, 0, 0, 0, 0, 0, 0, 0, 0, 0, 0, 1, 0, 0, 0, 0, 0, 0, 1, 0, 0, 0, 1, 1, 1, 1, 1, 1, 1, 1, 1, 1, 1, 1, 1, 1, 1, 1, 1, 1, 1, 1, 1, 1, 1, 1] 
triadag10_8.txt 100_1x1.txt True 0.13333333333333333 0.55 1648.0 [0, 0, 0, 0, 0, 0, 0, 0, 0, 0, 0, 0, 0, 0, 0, 0, 0, 0, 0, 0, 1, 0, 0, 0, 0, 0, 0, 1, 0, 0, 0, 1, 1, 1, 1, 1, 1, 1, 1, 1, 1, 1, 1, 1, 1, 1, 1, 1, 1, 1, 1, 1, 1, 1, 1] 
triadag10_8.txt 100_1x1.txt True 0.13333333333333333 0.6 1648.0 [0, 0, 0, 0, 0, 0, 0, 0, 0, 0, 0, 0, 0, 0, 0, 0, 0, 0, 0, 0, 1, 0, 0, 0, 0, 0, 0, 1, 0, 0, 0, 1, 1, 1, 1, 1, 1, 1, 1, 1, 1, 1, 1, 1, 1, 1, 1, 1, 1, 1, 1, 1, 1, 1, 1] 
triadag10_8.txt 100_1x1.txt True 0.13333333333333333 0.65 1648.0 [0, 0, 0, 0, 0, 0, 0, 0, 0, 0, 0, 0, 0, 0, 0, 0, 0, 0, 0, 0, 1, 0, 0, 0, 0, 0, 0, 1, 0, 0, 0, 1, 1, 1, 1, 1, 1, 1, 1, 1, 1, 1, 1, 1, 1, 1, 1, 1, 1, 1, 1, 1, 1, 1, 1] 
triadag10_8.txt 100_1x1.txt True 0.13333333333333333 0.7 1648.0 [0, 0, 0, 0, 0, 0, 0, 0, 0, 0, 0, 0, 0, 0, 0, 0, 0, 0, 0, 0, 1, 0, 0, 0, 0, 0, 0, 1, 0, 0, 0, 1, 1, 1, 1, 1, 1, 1, 1, 1, 1, 1, 1, 1, 1, 1, 1, 1, 1, 1, 1, 1, 1, 1, 1] 
triadag10_8.txt 100_1x1.txt True 0.13333333333333333 0.75 1648.0 [0, 0, 0, 0, 0, 0, 0, 0, 0, 0, 0, 0, 0, 0, 0, 0, 0, 0, 0, 0, 1, 0, 0, 0, 0, 0, 0, 1, 0, 0, 0, 1, 1, 1, 1, 1, 1, 1, 1, 1, 1, 1, 1, 1, 1, 1, 1, 1, 1, 1, 1, 1, 1, 1, 1] 
triadag10_8.txt 100_1x1.txt True 0.13333333333333333 0.8 1648.0 [0, 0, 0, 0, 0, 0, 0, 0, 0, 0, 0, 0, 0, 0, 0, 0, 0, 0, 0, 0, 1, 0, 0, 0, 0, 0, 0, 1, 0, 0, 0, 1, 1, 1, 1, 1, 1, 1, 1, 1, 1, 1, 1, 1, 1, 1, 1, 1, 1, 1, 1, 1, 1, 1, 1] 
triadag10_8.txt 100_1x1.txt True 0.13333333333333333 0.85 1648.0 [0, 0, 0, 0, 0, 0, 0, 0, 0, 0, 0, 0, 0, 0, 0, 0, 0, 0, 0, 0, 1, 0, 0, 0, 0, 0, 0, 1, 0, 0, 0, 1, 1, 1, 1, 1, 1, 1, 1, 1, 1, 1, 1, 1, 1, 1, 1, 1, 1, 1, 1, 1, 1, 1, 1] 
triadag10_8.txt 100_1x1.txt True 0.13333333333333333 0.9 1648.0 [0, 0, 0, 0, 0, 0, 0, 0, 0, 0, 0, 0, 0, 0, 0, 0, 0, 0, 0, 0, 1, 0, 0, 0, 0, 0, 0, 1, 0, 0, 0, 1, 1, 1, 1, 1, 1, 1, 1, 1, 1, 1, 1, 1, 1, 1, 1, 1, 1, 1, 1, 1, 1, 1, 1] 
triadag10_8.txt 100_1x1.txt True 0.13333333333333333 0.95 1648.0 [0, 0, 0, 0, 0, 0, 0, 0, 0, 0, 0, 0, 0, 0, 0, 0, 0, 0, 0, 0, 1, 0, 0, 0, 0, 0, 0, 1, 0, 0, 0, 1, 1, 1, 1, 1, 1, 1, 1, 1, 1, 1, 1, 1, 1, 1, 1, 1, 1, 1, 1, 1, 1, 1, 1] 
triadag10_8.txt 100_1x1.txt True 0.13333333333333333 1 1648.0 [0, 0, 0, 0, 0, 0, 0, 0, 0, 0, 0, 0, 0, 0, 0, 0, 0, 0, 0, 0, 1, 0, 0, 0, 0, 0, 0, 1, 0, 0, 0, 1, 1, 1, 1, 1, 1, 1, 1, 1, 1, 1, 1, 1, 1, 1, 1, 1, 1, 1, 1, 1, 1, 1, 1] 
triadag10_8.txt 1234x1.txt True 0.044444444444444446 0.07 763.5 [3, 3, 3, 3, 2, 3, 3, 3, 0, 3, 3, 3, 3, 2, 3, 3, 3, 0, 3, 3, 3, 3, 3, 3, 3, 3, 3, 3, 3, 3, 3, 3, 3, 3, 3, 3, 3, 3, 3, 3, 3, 3, 3, 3, 3, 3, 3, 3, 3, 3, 3, 3, 3, 3, 3] 
triadag10_8.txt 1234x1.txt True 0.044444444444444446 0.08 763.5 [3, 3, 3, 3, 2, 3, 3, 3, 0, 3, 3, 3, 3, 2, 3, 3, 3, 0, 3, 3, 3, 3, 3, 3, 3, 3, 3, 3, 3, 3, 3, 3, 3, 3, 3, 3, 3, 3, 3, 3, 3, 3, 3, 3, 3, 3, 3, 3, 3, 3, 3, 3, 3, 3, 3] 
triadag10_8.txt 1234x1.txt True 0.044444444444444446 0.09 763.5 [3, 3, 3, 3, 2, 3, 3, 3, 0, 3, 3, 3, 3, 2, 3, 3, 3, 0, 3, 3, 3, 3, 3, 3, 3, 3, 3, 3, 3, 3, 3, 3, 3, 3, 3, 3, 3, 3, 3, 3, 3, 3, 3, 3, 3, 3, 3, 3, 3, 3, 3, 3, 3, 3, 3] 
triadag10_8.txt 1234x1.txt True 0.044444444444444446 0.1 763.5 [3, 3, 3, 3, 2, 3, 3, 3, 0, 3, 3, 3, 3, 2, 3, 3, 3, 0, 3, 3, 3, 3, 3, 3, 3, 3, 3, 3, 3, 3, 3, 3, 3, 3, 3, 3, 3, 3, 3, 3, 3, 3, 3, 3, 3, 3, 3, 3, 3, 3, 3, 3, 3, 3, 3] 
triadag10_8.txt 1234x1.txt True 0.044444444444444446 0.11 763.5 [3, 3, 3, 3, 2, 3, 3, 3, 0, 3, 3, 3, 3, 2, 3, 3, 3, 0, 3, 3, 3, 3, 3, 3, 3, 3, 3, 3, 3, 3, 3, 3, 3, 3, 3, 3, 3, 3, 3, 3, 3, 3, 3, 3, 3, 3, 3, 3, 3, 3, 3, 3, 3, 3, 3] 
triadag10_8.txt 1234x1.txt True 0.044444444444444446 0.12 763.5 [3, 3, 3, 3, 2, 3, 3, 3, 0, 3, 3, 3, 3, 2, 3, 3, 3, 0, 3, 3, 3, 3, 3, 3, 3, 3, 3, 3, 3, 3, 3, 3, 3, 3, 3, 3, 3, 3, 3, 3, 3, 3, 3, 3, 3, 3, 3, 3, 3, 3, 3, 3, 3, 3, 3] 
triadag10_8.txt 1234x1.txt True 0.044444444444444446 0.13 763.5 [3, 3, 3, 3, 2, 3, 3, 3, 0, 3, 3, 3, 3, 2, 3, 3, 3, 0, 3, 3, 3, 3, 3, 3, 3, 3, 3, 3, 3, 3, 3, 3, 3, 3, 3, 3, 3, 3, 3, 3, 3, 3, 3, 3, 3, 3, 3, 3, 3, 3, 3, 3, 3, 3, 3] 
triadag10_8.txt 1234x1.txt True 0.044444444444444446 0.14 763.5 [3, 3, 3, 3, 2, 3, 3, 3, 0, 3, 3, 3, 3, 2, 3, 3, 3, 0, 3, 3, 3, 3, 3, 3, 3, 3, 3, 3, 3, 3, 3, 3, 3, 3, 3, 3, 3, 3, 3, 3, 3, 3, 3, 3, 3, 3, 3, 3, 3, 3, 3, 3, 3, 3, 3] 
triadag10_8.txt 1234x1.txt True 0.044444444444444446 0.15 763.5 [3, 3, 3, 3, 2, 3, 3, 3, 0, 3, 3, 3, 3, 2, 3, 3, 3, 0, 3, 3, 3, 3, 3, 3, 3, 3, 3, 3, 3, 3, 3, 3, 3, 3, 3, 3, 3, 3, 3, 3, 3, 3, 3, 3, 3, 3, 3, 3, 3, 3, 3, 3, 3, 3, 3] 
triadag10_8.txt 1234x1.txt True 0.044444444444444446 0.16 763.5 [3, 3, 3, 3, 2, 3, 3, 3, 0, 3, 3, 3, 3, 2, 3, 3, 3, 0, 3, 3, 3, 3, 3, 3, 3, 3, 3, 3, 3, 3, 3, 3, 3, 3, 3, 3, 3, 3, 3, 3, 3, 3, 3, 3, 3, 3, 3, 3, 3, 3, 3, 3, 3, 3, 3] 
triadag10_8.txt 1234x1.txt True 0.044444444444444446 0.17 763.5 [3, 3, 3, 3, 2, 3, 3, 3, 0, 3, 3, 3, 3, 2, 3, 3, 3, 0, 3, 3, 3, 3, 3, 3, 3, 3, 3, 3, 3, 3, 3, 3, 3, 3, 3, 3, 3, 3, 3, 3, 3, 3, 3, 3, 3, 3, 3, 3, 3, 3, 3, 3, 3, 3, 3] 
triadag10_8.txt 1234x1.txt True 0.17777777777777778 0.18 609.0 [3, 3, 3, 3, 2, 3, 3, 3, 0, 3, 3, 3, 3, 2, 3, 3, 3, 0, 3, 3, 3, 2, 3, 3, 3, 0, 3, 3, 2, 3, 3, 3, 0, 3, 3, 3, 3, 3, 0, 3, 3, 3, 3, 0, 2, 3, 3, 0, 3, 3, 0, 3, 0, 3, 0] 
triadag10_8.txt 1234x1.txt True 0.17777777777777778 0.19 609.0 [3, 3, 3, 3, 2, 3, 3, 3, 0, 3, 3, 3, 3, 2, 3, 3, 3, 0, 3, 3, 3, 2, 3, 3, 3, 0, 3, 3, 2, 3, 3, 3, 0, 3, 3, 3, 3, 3, 0, 3, 3, 3, 3, 0, 2, 3, 3, 0, 3, 3, 0, 3, 0, 3, 0] 
triadag10_8.txt 1234x1.txt True 0.2 0.2 354.5 [2, 3, 2, 2, 2, 2, 2, 2, 2, 2, 3, 2, 2, 2, 2, 2, 2, 2, 2, 3, 3, 3, 3, 3, 3, 3, 3, 3, 3, 3, 3, 3, 3, 3, 3, 3, 3, 3, 3, 3, 1, 3, 0, 3, 3, 1, 0, 1, 1, 1, 1, 1, 1, 1, 1] 
triadag10_8.txt 1234x1.txt True 0.23333333333333334 0.25 926.0 [0, 0, 0, 1, 0, 0, 1, 1, 0, 0, 0, 0, 1, 0, 0, 1, 1, 0, 0, 2, 1, 0, 0, 1, 1, 0, 0, 2, 2, 2, 2, 2, 2, 2, 2, 2, 2, 2, 2, 2, 3, 2, 2, 2, 2, 3, 3, 3, 3, 3, 3, 3, 3, 3, 3] 
triadag10_8.txt 1234x1.txt True 0.26666666666666666 0.3 798.0 [1, 1, 0, 0, 1, 1, 1, 0, 1, 0, 1, 0, 0, 1, 1, 1, 0, 1, 0, 2, 0, 1, 1, 1, 0, 1, 0, 2, 2, 1, 2, 2, 2, 0, 2, 3, 2, 2, 2, 2, 3, 2, 2, 2, 2, 3, 3, 3, 3, 3, 3, 3, 3, 3, 3] 
triadag10_8.txt 1234x1.txt True 0.26666666666666666 0.35 798.0 [1, 1, 0, 0, 1, 1, 1, 0, 1, 0, 1, 0, 0, 1, 1, 1, 0, 1, 0, 2, 0, 1, 1, 1, 0, 1, 0, 2, 2, 1, 2, 2, 2, 0, 2, 3, 2, 2, 2, 2, 3, 2, 2, 2, 2, 3, 3, 3, 3, 3, 3, 3, 3, 3, 3] 
triadag10_8.txt 1234x1.txt True 0.26666666666666666 0.4 798.0 [1, 1, 0, 0, 1, 1, 1, 0, 1, 0, 1, 0, 0, 1, 1, 1, 0, 1, 0, 2, 0, 1, 1, 1, 0, 1, 0, 2, 2, 1, 2, 2, 2, 0, 2, 3, 2, 2, 2, 2, 3, 2, 2, 2, 2, 3, 3, 3, 3, 3, 3, 3, 3, 3, 3] 
triadag10_8.txt 1234x1.txt True 0.26666666666666666 0.45 798.0 [1, 1, 0, 0, 1, 1, 1, 0, 1, 0, 1, 0, 0, 1, 1, 1, 0, 1, 0, 2, 0, 1, 1, 1, 0, 1, 0, 2, 2, 1, 2, 2, 2, 0, 2, 3, 2, 2, 2, 2, 3, 2, 2, 2, 2, 3, 3, 3, 3, 3, 3, 3, 3, 3, 3] 
triadag10_8.txt 1234x1.txt True 0.26666666666666666 0.5 798.0 [1, 1, 0, 0, 1, 1, 1, 0, 1, 0, 1, 0, 0, 1, 1, 1, 0, 1, 0, 2, 0, 1, 1, 1, 0, 1, 0, 2, 2, 1, 2, 2, 2, 0, 2, 3, 2, 2, 2, 2, 3, 2, 2, 2, 2, 3, 3, 3, 3, 3, 3, 3, 3, 3, 3] 
triadag10_8.txt 1234x1.txt True 0.26666666666666666 0.55 798.0 [1, 1, 0, 0, 1, 1, 1, 0, 1, 0, 1, 0, 0, 1, 1, 1, 0, 1, 0, 2, 0, 1, 1, 1, 0, 1, 0, 2, 2, 1, 2, 2, 2, 0, 2, 3, 2, 2, 2, 2, 3, 2, 2, 2, 2, 3, 3, 3, 3, 3, 3, 3, 3, 3, 3] 
triadag10_8.txt 1234x1.txt True 0.26666666666666666 0.6 798.0 [1, 1, 0, 0, 1, 1, 1, 0, 1, 0, 1, 0, 0, 1, 1, 1, 0, 1, 0, 2, 0, 1, 1, 1, 0, 1, 0, 2, 2, 1, 2, 2, 2, 0, 2, 3, 2, 2, 2, 2, 3, 2, 2, 2, 2, 3, 3, 3, 3, 3, 3, 3, 3, 3, 3] 
triadag10_8.txt 1234x1.txt True 0.26666666666666666 0.65 798.0 [1, 1, 0, 0, 1, 1, 1, 0, 1, 0, 1, 0, 0, 1, 1, 1, 0, 1, 0, 2, 0, 1, 1, 1, 0, 1, 0, 2, 2, 1, 2, 2, 2, 0, 2, 3, 2, 2, 2, 2, 3, 2, 2, 2, 2, 3, 3, 3, 3, 3, 3, 3, 3, 3, 3] 
triadag10_8.txt 1234x1.txt True 0.26666666666666666 0.7 798.0 [1, 1, 0, 0, 1, 1, 1, 0, 1, 0, 1, 0, 0, 1, 1, 1, 0, 1, 0, 2, 0, 1, 1, 1, 0, 1, 0, 2, 2, 1, 2, 2, 2, 0, 2, 3, 2, 2, 2, 2, 3, 2, 2, 2, 2, 3, 3, 3, 3, 3, 3, 3, 3, 3, 3] 
triadag10_8.txt 1234x1.txt True 0.26666666666666666 0.75 798.0 [1, 1, 0, 0, 1, 1, 1, 0, 1, 0, 1, 0, 0, 1, 1, 1, 0, 1, 0, 2, 0, 1, 1, 1, 0, 1, 0, 2, 2, 1, 2, 2, 2, 0, 2, 3, 2, 2, 2, 2, 3, 2, 2, 2, 2, 3, 3, 3, 3, 3, 3, 3, 3, 3, 3] 
triadag10_8.txt 1234x1.txt True 0.26666666666666666 0.8 798.0 [1, 1, 0, 0, 1, 1, 1, 0, 1, 0, 1, 0, 0, 1, 1, 1, 0, 1, 0, 2, 0, 1, 1, 1, 0, 1, 0, 2, 2, 1, 2, 2, 2, 0, 2, 3, 2, 2, 2, 2, 3, 2, 2, 2, 2, 3, 3, 3, 3, 3, 3, 3, 3, 3, 3] 
triadag10_8.txt 1234x1.txt True 0.26666666666666666 0.85 798.0 [1, 1, 0, 0, 1, 1, 1, 0, 1, 0, 1, 0, 0, 1, 1, 1, 0, 1, 0, 2, 0, 1, 1, 1, 0, 1, 0, 2, 2, 1, 2, 2, 2, 0, 2, 3, 2, 2, 2, 2, 3, 2, 2, 2, 2, 3, 3, 3, 3, 3, 3, 3, 3, 3, 3] 
triadag10_8.txt 1234x1.txt True 0.26666666666666666 0.9 798.0 [1, 1, 0, 0, 1, 1, 1, 0, 1, 0, 1, 0, 0, 1, 1, 1, 0, 1, 0, 2, 0, 1, 1, 1, 0, 1, 0, 2, 2, 1, 2, 2, 2, 0, 2, 3, 2, 2, 2, 2, 3, 2, 2, 2, 2, 3, 3, 3, 3, 3, 3, 3, 3, 3, 3] 
triadag10_8.txt 1234x1.txt True 0.26666666666666666 0.95 798.0 [1, 1, 0, 0, 1, 1, 1, 0, 1, 0, 1, 0, 0, 1, 1, 1, 0, 1, 0, 2, 0, 1, 1, 1, 0, 1, 0, 2, 2, 1, 2, 2, 2, 0, 2, 3, 2, 2, 2, 2, 3, 2, 2, 2, 2, 3, 3, 3, 3, 3, 3, 3, 3, 3, 3] 
triadag10_8.txt 1234x1.txt True 0.26666666666666666 1 798.0 [1, 1, 0, 0, 1, 1, 1, 0, 1, 0, 1, 0, 0, 1, 1, 1, 0, 1, 0, 2, 0, 1, 1, 1, 0, 1, 0, 2, 2, 1, 2, 2, 2, 0, 2, 3, 2, 2, 2, 2, 3, 2, 2, 2, 2, 3, 3, 3, 3, 3, 3, 3, 3, 3, 3] 
triadag10_8.txt 3_2x3.txt True 0.022222222222222223 0.07 1600.0 [5, 5, 5, 5, 5, 5, 3, 5, 5, 5, 5, 5, 5, 5, 5, 3, 5, 5, 5, 5, 5, 5, 5, 5, 5, 5, 5, 5, 5, 5, 5, 5, 5, 5, 5, 5, 5, 5, 5, 5, 5, 5, 5, 5, 5, 5, 5, 5, 5, 5, 5, 5, 5, 5, 5] 
triadag10_8.txt 3_2x3.txt True 0.07777777777777778 0.08 1502.5 [5, 5, 5, 5, 5, 5, 3, 5, 5, 5, 5, 5, 2, 5, 5, 3, 5, 5, 5, 5, 5, 5, 5, 5, 5, 5, 5, 5, 5, 5, 5, 5, 5, 5, 5, 5, 5, 5, 5, 5, 5, 5, 5, 5, 5, 5, 5, 5, 5, 5, 5, 5, 5, 5, 4] 
triadag10_8.txt 3_2x3.txt True 0.07777777777777778 0.09 1502.5 [5, 5, 5, 5, 5, 5, 3, 5, 5, 5, 5, 5, 2, 5, 5, 3, 5, 5, 5, 5, 5, 5, 5, 5, 5, 5, 5, 5, 5, 5, 5, 5, 5, 5, 5, 5, 5, 5, 5, 5, 5, 5, 5, 5, 5, 5, 5, 5, 5, 5, 5, 5, 5, 5, 4] 
triadag10_8.txt 3_2x3.txt True 0.1 0.1 1368.0 [5, 5, 5, 2, 5, 5, 3, 5, 5, 5, 5, 5, 2, 5, 5, 3, 5, 5, 5, 5, 5, 5, 5, 3, 5, 5, 5, 5, 5, 5, 5, 5, 5, 5, 5, 5, 5, 5, 5, 5, 5, 5, 5, 5, 5, 5, 5, 5, 5, 5, 4, 5, 4, 5, 4] 
triadag10_8.txt 3_2x3.txt True 0.1 0.11 1368.0 [5, 5, 5, 2, 5, 5, 3, 5, 5, 5, 5, 5, 2, 5, 5, 3, 5, 5, 5, 5, 5, 5, 5, 3, 5, 5, 5, 5, 5, 5, 5, 5, 5, 5, 5, 5, 5, 5, 5, 5, 5, 5, 5, 5, 5, 5, 5, 5, 5, 5, 4, 5, 4, 5, 4] 
triadag10_8.txt 3_2x3.txt True 0.1 0.12 1368.0 [5, 5, 5, 2, 5, 5, 3, 5, 5, 5, 5, 5, 2, 5, 5, 3, 5, 5, 5, 5, 5, 5, 5, 3, 5, 5, 5, 5, 5, 5, 5, 5, 5, 5, 5, 5, 5, 5, 5, 5, 5, 5, 5, 5, 5, 5, 5, 5, 5, 5, 4, 5, 4, 5, 4] 
triadag10_8.txt 3_2x3.txt True 0.12222222222222222 0.13 1111.5 [5, 5, 5, 2, 5, 5, 3, 5, 5, 5, 5, 5, 2, 5, 5, 3, 5, 5, 5, 5, 5, 5, 5, 3, 5, 5, 5, 5, 5, 5, 5, 5, 5, 5, 5, 5, 5, 5, 5, 5, 4, 5, 5, 5, 5, 4, 4, 4, 4, 4, 4, 4, 4, 4, 4] 
triadag10_8.txt 3_2x3.txt True 0.12222222222222222 0.14 1111.5 [5, 5, 5, 2, 5, 5, 3, 5, 5, 5, 5, 5, 2, 5, 5, 3, 5, 5, 5, 5, 5, 5, 5, 3, 5, 5, 5, 5, 5, 5, 5, 5, 5, 5, 5, 5, 5, 5, 5, 5, 4, 5, 5, 5, 5, 4, 4, 4, 4, 4, 4, 4, 4, 4, 4] 
triadag10_8.txt 3_2x3.txt True 0.12222222222222222 0.15 1111.5 [5, 5, 5, 2, 5, 5, 3, 5, 5, 5, 5, 5, 2, 5, 5, 3, 5, 5, 5, 5, 5, 5, 5, 3, 5, 5, 5, 5, 5, 5, 5, 5, 5, 5, 5, 5, 5, 5, 5, 5, 4, 5, 5, 5, 5, 4, 4, 4, 4, 4, 4, 4, 4, 4, 4] 
triadag10_8.txt 3_2x3.txt True 0.12222222222222222 0.16 1111.5 [5, 5, 5, 2, 5, 5, 3, 5, 5, 5, 5, 5, 2, 5, 5, 3, 5, 5, 5, 5, 5, 5, 5, 3, 5, 5, 5, 5, 5, 5, 5, 5, 5, 5, 5, 5, 5, 5, 5, 5, 4, 5, 5, 5, 5, 4, 4, 4, 4, 4, 4, 4, 4, 4, 4] 
triadag10_8.txt 3_2x3.txt True 0.12222222222222222 0.17 1111.5 [5, 5, 5, 2, 5, 5, 3, 5, 5, 5, 5, 5, 2, 5, 5, 3, 5, 5, 5, 5, 5, 5, 5, 3, 5, 5, 5, 5, 5, 5, 5, 5, 5, 5, 5, 5, 5, 5, 5, 5, 4, 5, 5, 5, 5, 4, 4, 4, 4, 4, 4, 4, 4, 4, 4] 
triadag10_8.txt 3_2x3.txt True 0.12222222222222222 0.18 1111.5 [5, 5, 5, 2, 5, 5, 3, 5, 5, 5, 5, 5, 2, 5, 5, 3, 5, 5, 5, 5, 5, 5, 5, 3, 5, 5, 5, 5, 5, 5, 5, 5, 5, 5, 5, 5, 5, 5, 5, 5, 4, 5, 5, 5, 5, 4, 4, 4, 4, 4, 4, 4, 4, 4, 4] 
triadag10_8.txt 3_2x3.txt True 0.12222222222222222 0.19 1111.5 [5, 5, 5, 2, 5, 5, 3, 5, 5, 5, 5, 5, 2, 5, 5, 3, 5, 5, 5, 5, 5, 5, 5, 3, 5, 5, 5, 5, 5, 5, 5, 5, 5, 5, 5, 5, 5, 5, 5, 5, 4, 5, 5, 5, 5, 4, 4, 4, 4, 4, 4, 4, 4, 4, 4] 
triadag10_8.txt 3_2x3.txt True 0.12222222222222222 0.2 1111.5 [5, 5, 5, 2, 5, 5, 3, 5, 5, 5, 5, 5, 2, 5, 5, 3, 5, 5, 5, 5, 5, 5, 5, 3, 5, 5, 5, 5, 5, 5, 5, 5, 5, 5, 5, 5, 5, 5, 5, 5, 4, 5, 5, 5, 5, 4, 4, 4, 4, 4, 4, 4, 4, 4, 4] 
triadag10_8.txt 3_2x3.txt True 0.24444444444444444 0.25 485.5 [1, 2, 2, 1, 1, 1, 1, 1, 1, 2, 2, 2, 1, 1, 1, 1, 1, 1, 2, 2, 5, 2, 2, 2, 2, 2, 2, 5, 2, 2, 2, 2, 2, 2, 5, 5, 5, 5, 5, 5, 5, 5, 5, 5, 5, 4, 5, 5, 5, 4, 4, 4, 4, 4, 4] 
triadag10_8.txt 3_2x3.txt True 0.3 0.3 357.5 [4, 5, 4, 2, 3, 4, 4, 3, 4, 4, 5, 4, 2, 3, 4, 4, 3, 4, 4, 5, 2, 5, 5, 5, 3, 5, 5, 1, 5, 5, 5, 3, 5, 5, 1, 5, 1, 1, 1, 1, 0, 1, 1, 1, 1, 0, 0, 0, 0, 0, 0, 0, 0, 0, 0] 
triadag10_8.txt 3_2x3.txt True 0.3333333333333333 0.35 297.5 [2, 1, 2, 3, 2, 1, 0, 2, 2, 0, 1, 2, 3, 2, 1, 0, 2, 2, 0, 1, 3, 1, 1, 0, 1, 1, 0, 4, 1, 1, 0, 1, 1, 0, 4, 4, 4, 4, 4, 3, 4, 4, 4, 4, 3, 5, 4, 4, 3, 5, 5, 5, 5, 5, 5] 
triadag10_8.txt 3_2x3.txt True 0.4 0.4 268.0 [5, 4, 5, 0, 5, 4, 3, 5, 5, 3, 4, 3, 0, 5, 4, 3, 5, 5, 3, 4, 0, 4, 4, 3, 4, 4, 3, 0, 4, 0, 3, 4, 4, 3, 2, 0, 2, 0, 0, 0, 2, 2, 2, 2, 2, 1, 2, 2, 1, 1, 1, 1, 1, 1, 1] 
triadag10_8.txt 3_2x3.txt True 0.43333333333333335 0.45 270.5 [5, 3, 5, 0, 5, 5, 4, 3, 5, 3, 4, 5, 0, 5, 5, 4, 3, 5, 3, 4, 0, 4, 4, 4, 3, 4, 3, 0, 4, 0, 4, 3, 4, 3, 4, 0, 2, 3, 0, 0, 2, 2, 2, 2, 2, 1, 2, 2, 1, 1, 1, 1, 1, 1, 1] 
triadag10_8.txt 3_2x3.txt True 0.4666666666666667 0.5 268.5 [5, 4, 5, 0, 5, 5, 4, 3, 5, 3, 3, 5, 0, 5, 5, 4, 3, 5, 3, 4, 0, 4, 4, 4, 3, 4, 3, 0, 4, 0, 4, 3, 4, 3, 4, 0, 2, 3, 0, 0, 2, 2, 2, 2, 2, 1, 2, 2, 1, 1, 1, 1, 1, 1, 1] 
triadag10_8.txt 3_2x3.txt True 0.4666666666666667 0.55 268.5 [5, 4, 5, 0, 5, 5, 4, 3, 5, 3, 3, 5, 0, 5, 5, 4, 3, 5, 3, 4, 0, 4, 4, 4, 3, 4, 3, 0, 4, 0, 4, 3, 4, 3, 4, 0, 2, 3, 0, 0, 2, 2, 2, 2, 2, 1, 2, 2, 1, 1, 1, 1, 1, 1, 1] 
triadag10_8.txt 3_2x3.txt True 0.4666666666666667 0.6 268.5 [5, 4, 5, 0, 5, 5, 4, 3, 5, 3, 3, 5, 0, 5, 5, 4, 3, 5, 3, 4, 0, 4, 4, 4, 3, 4, 3, 0, 4, 0, 4, 3, 4, 3, 4, 0, 2, 3, 0, 0, 2, 2, 2, 2, 2, 1, 2, 2, 1, 1, 1, 1, 1, 1, 1] 
triadag10_8.txt 3_2x3.txt True 0.4666666666666667 0.65 268.5 [5, 4, 5, 0, 5, 5, 4, 3, 5, 3, 3, 5, 0, 5, 5, 4, 3, 5, 3, 4, 0, 4, 4, 4, 3, 4, 3, 0, 4, 0, 4, 3, 4, 3, 4, 0, 2, 3, 0, 0, 2, 2, 2, 2, 2, 1, 2, 2, 1, 1, 1, 1, 1, 1, 1] 
triadag10_8.txt 3_2x3.txt True 0.4666666666666667 0.7 268.5 [5, 4, 5, 0, 5, 5, 4, 3, 5, 3, 3, 5, 0, 5, 5, 4, 3, 5, 3, 4, 0, 4, 4, 4, 3, 4, 3, 0, 4, 0, 4, 3, 4, 3, 4, 0, 2, 3, 0, 0, 2, 2, 2, 2, 2, 1, 2, 2, 1, 1, 1, 1, 1, 1, 1] 
triadag10_8.txt 3_2x3.txt True 0.4666666666666667 0.75 268.5 [5, 4, 5, 0, 5, 5, 4, 3, 5, 3, 3, 5, 0, 5, 5, 4, 3, 5, 3, 4, 0, 4, 4, 4, 3, 4, 3, 0, 4, 0, 4, 3, 4, 3, 4, 0, 2, 3, 0, 0, 2, 2, 2, 2, 2, 1, 2, 2, 1, 1, 1, 1, 1, 1, 1] 
triadag10_8.txt 3_2x3.txt True 0.4666666666666667 0.8 268.5 [5, 4, 5, 0, 5, 5, 4, 3, 5, 3, 3, 5, 0, 5, 5, 4, 3, 5, 3, 4, 0, 4, 4, 4, 3, 4, 3, 0, 4, 0, 4, 3, 4, 3, 4, 0, 2, 3, 0, 0, 2, 2, 2, 2, 2, 1, 2, 2, 1, 1, 1, 1, 1, 1, 1] 
triadag10_8.txt 3_2x3.txt True 0.4666666666666667 0.85 268.5 [5, 4, 5, 0, 5, 5, 4, 3, 5, 3, 3, 5, 0, 5, 5, 4, 3, 5, 3, 4, 0, 4, 4, 4, 3, 4, 3, 0, 4, 0, 4, 3, 4, 3, 4, 0, 2, 3, 0, 0, 2, 2, 2, 2, 2, 1, 2, 2, 1, 1, 1, 1, 1, 1, 1] 
triadag10_8.txt 3_2x3.txt True 0.4666666666666667 0.9 268.5 [5, 4, 5, 0, 5, 5, 4, 3, 5, 3, 3, 5, 0, 5, 5, 4, 3, 5, 3, 4, 0, 4, 4, 4, 3, 4, 3, 0, 4, 0, 4, 3, 4, 3, 4, 0, 2, 3, 0, 0, 2, 2, 2, 2, 2, 1, 2, 2, 1, 1, 1, 1, 1, 1, 1] 
triadag10_8.txt 3_2x3.txt True 0.4666666666666667 0.95 268.5 [5, 4, 5, 0, 5, 5, 4, 3, 5, 3, 3, 5, 0, 5, 5, 4, 3, 5, 3, 4, 0, 4, 4, 4, 3, 4, 3, 0, 4, 0, 4, 3, 4, 3, 4, 0, 2, 3, 0, 0, 2, 2, 2, 2, 2, 1, 2, 2, 1, 1, 1, 1, 1, 1, 1] 
triadag10_8.txt 3_2x3.txt True 0.4666666666666667 1 268.5 [5, 4, 5, 0, 5, 5, 4, 3, 5, 3, 3, 5, 0, 5, 5, 4, 3, 5, 3, 4, 0, 4, 4, 4, 3, 4, 3, 0, 4, 0, 4, 3, 4, 3, 4, 0, 2, 3, 0, 0, 2, 2, 2, 2, 2, 1, 2, 2, 1, 1, 1, 1, 1, 1, 1] 
triadag10_8.txt 1234x3.txt True 0.022222222222222223 0.07 795.0 [11, 11, 11, 11, 10, 11, 11, 11, 11, 11, 11, 11, 11, 10, 11, 11, 11, 11, 11, 11, 11, 11, 11, 11, 11, 11, 11, 11, 11, 11, 11, 11, 11, 11, 11, 11, 11, 11, 11, 11, 11, 11, 11, 11, 11, 11, 11, 11, 11, 11, 11, 11, 11, 11, 11] 
triadag10_8.txt 1234x3.txt True 0.022222222222222223 0.08 795.0 [11, 11, 11, 11, 10, 11, 11, 11, 11, 11, 11, 11, 11, 10, 11, 11, 11, 11, 11, 11, 11, 11, 11, 11, 11, 11, 11, 11, 11, 11, 11, 11, 11, 11, 11, 11, 11, 11, 11, 11, 11, 11, 11, 11, 11, 11, 11, 11, 11, 11, 11, 11, 11, 11, 11] 
triadag10_8.txt 1234x3.txt True 0.08888888888888889 0.09 700.0 [11, 11, 11, 2, 10, 11, 8, 11, 9, 11, 11, 11, 2, 10, 11, 8, 11, 9, 11, 11, 11, 11, 11, 11, 11, 11, 11, 11, 11, 11, 11, 11, 11, 11, 11, 11, 11, 11, 11, 11, 11, 11, 11, 11, 11, 11, 11, 11, 11, 11, 11, 11, 11, 11, 11] 
triadag10_8.txt 1234x3.txt True 0.08888888888888889 0.1 700.0 [11, 11, 11, 2, 10, 11, 8, 11, 9, 11, 11, 11, 2, 10, 11, 8, 11, 9, 11, 11, 11, 11, 11, 11, 11, 11, 11, 11, 11, 11, 11, 11, 11, 11, 11, 11, 11, 11, 11, 11, 11, 11, 11, 11, 11, 11, 11, 11, 11, 11, 11, 11, 11, 11, 11] 
triadag10_8.txt 1234x3.txt True 0.08888888888888889 0.11 700.0 [11, 11, 11, 2, 10, 11, 8, 11, 9, 11, 11, 11, 2, 10, 11, 8, 11, 9, 11, 11, 11, 11, 11, 11, 11, 11, 11, 11, 11, 11, 11, 11, 11, 11, 11, 11, 11, 11, 11, 11, 11, 11, 11, 11, 11, 11, 11, 11, 11, 11, 11, 11, 11, 11, 11] 
triadag10_8.txt 1234x3.txt True 0.08888888888888889 0.12 700.0 [11, 11, 11, 2, 10, 11, 8, 11, 9, 11, 11, 11, 2, 10, 11, 8, 11, 9, 11, 11, 11, 11, 11, 11, 11, 11, 11, 11, 11, 11, 11, 11, 11, 11, 11, 11, 11, 11, 11, 11, 11, 11, 11, 11, 11, 11, 11, 11, 11, 11, 11, 11, 11, 11, 11] 
triadag10_8.txt 1234x3.txt True 0.08888888888888889 0.13 700.0 [11, 11, 11, 2, 10, 11, 8, 11, 9, 11, 11, 11, 2, 10, 11, 8, 11, 9, 11, 11, 11, 11, 11, 11, 11, 11, 11, 11, 11, 11, 11, 11, 11, 11, 11, 11, 11, 11, 11, 11, 11, 11, 11, 11, 11, 11, 11, 11, 11, 11, 11, 11, 11, 11, 11] 
triadag10_8.txt 1234x3.txt True 0.13333333333333333 0.14 626.25 [11, 11, 11, 2, 10, 11, 8, 11, 9, 11, 11, 11, 2, 10, 11, 8, 11, 9, 11, 11, 2, 11, 11, 8, 11, 9, 11, 11, 11, 11, 8, 11, 11, 11, 11, 11, 11, 11, 11, 11, 11, 11, 11, 11, 11, 11, 11, 11, 11, 11, 11, 11, 11, 11, 11] 
triadag10_8.txt 1234x3.txt True 0.13333333333333333 0.15 626.25 [11, 11, 11, 2, 10, 11, 8, 11, 9, 11, 11, 11, 2, 10, 11, 8, 11, 9, 11, 11, 2, 11, 11, 8, 11, 9, 11, 11, 11, 11, 8, 11, 11, 11, 11, 11, 11, 11, 11, 11, 11, 11, 11, 11, 11, 11, 11, 11, 11, 11, 11, 11, 11, 11, 11] 
triadag10_8.txt 1234x3.txt True 0.13333333333333333 0.16 626.25 [11, 11, 11, 2, 10, 11, 8, 11, 9, 11, 11, 11, 2, 10, 11, 8, 11, 9, 11, 11, 2, 11, 11, 8, 11, 9, 11, 11, 11, 11, 8, 11, 11, 11, 11, 11, 11, 11, 11, 11, 11, 11, 11, 11, 11, 11, 11, 11, 11, 11, 11, 11, 11, 11, 11] 
triadag10_8.txt 1234x3.txt True 0.13333333333333333 0.17 626.25 [11, 11, 11, 2, 10, 11, 8, 11, 9, 11, 11, 11, 2, 10, 11, 8, 11, 9, 11, 11, 2, 11, 11, 8, 11, 9, 11, 11, 11, 11, 8, 11, 11, 11, 11, 11, 11, 11, 11, 11, 11, 11, 11, 11, 11, 11, 11, 11, 11, 11, 11, 11, 11, 11, 11] 
triadag10_8.txt 1234x3.txt True 0.13333333333333333 0.18 626.25 [11, 11, 11, 2, 10, 11, 8, 11, 9, 11, 11, 11, 2, 10, 11, 8, 11, 9, 11, 11, 2, 11, 11, 8, 11, 9, 11, 11, 11, 11, 8, 11, 11, 11, 11, 11, 11, 11, 11, 11, 11, 11, 11, 11, 11, 11, 11, 11, 11, 11, 11, 11, 11, 11, 11] 
triadag10_8.txt 1234x3.txt True 0.13333333333333333 0.19 626.25 [11, 11, 11, 2, 10, 11, 8, 11, 9, 11, 11, 11, 2, 10, 11, 8, 11, 9, 11, 11, 2, 11, 11, 8, 11, 9, 11, 11, 11, 11, 8, 11, 11, 11, 11, 11, 11, 11, 11, 11, 11, 11, 11, 11, 11, 11, 11, 11, 11, 11, 11, 11, 11, 11, 11] 
triadag10_8.txt 1234x3.txt True 0.13333333333333333 0.2 626.25 [11, 11, 11, 2, 10, 11, 8, 11, 9, 11, 11, 11, 2, 10, 11, 8, 11, 9, 11, 11, 2, 11, 11, 8, 11, 9, 11, 11, 11, 11, 8, 11, 11, 11, 11, 11, 11, 11, 11, 11, 11, 11, 11, 11, 11, 11, 11, 11, 11, 11, 11, 11, 11, 11, 11] 
triadag10_8.txt 1234x3.txt True 0.2111111111111111 0.25 419.6666666666667 [11, 11, 11, 11, 11, 11, 9, 2, 11, 10, 11, 11, 11, 11, 11, 9, 2, 11, 10, 11, 11, 11, 11, 9, 2, 11, 10, 11, 11, 11, 9, 2, 11, 10, 10, 11, 9, 2, 11, 10, 10, 10, 2, 10, 10, 10, 10, 10, 10, 10, 10, 10, 10, 10, 10] 
triadag10_8.txt 1234x3.txt True 0.2111111111111111 0.3 419.6666666666667 [11, 11, 11, 11, 11, 11, 9, 2, 11, 10, 11, 11, 11, 11, 11, 9, 2, 11, 10, 11, 11, 11, 11, 9, 2, 11, 10, 11, 11, 11, 9, 2, 11, 10, 10, 11, 9, 2, 11, 10, 10, 10, 2, 10, 10, 10, 10, 10, 10, 10, 10, 10, 10, 10, 10] 
triadag10_8.txt 1234x3.txt True 0.3111111111111111 0.35 583.0 [11, 7, 11, 10, 11, 6, 8, 9, 11, 11, 7, 11, 10, 11, 6, 8, 9, 11, 11, 7, 7, 7, 7, 8, 7, 7, 7, 4, 7, 7, 8, 7, 7, 7, 4, 7, 4, 4, 4, 4, 1, 4, 4, 4, 4, 1, 1, 1, 1, 1, 1, 1, 1, 1, 1] 
triadag10_8.txt 1234x3.txt True 0.4 0.4 549.0 [4, 2, 3, 6, 5, 0, 4, 4, 4, 4, 2, 3, 6, 5, 0, 4, 4, 4, 4, 2, 8, 2, 0, 1, 2, 2, 2, 8, 2, 0, 1, 2, 2, 2, 8, 0, 8, 8, 8, 7, 10, 8, 8, 8, 7, 10, 11, 10, 10, 11, 10, 10, 11, 11, 11] 
triadag10_8.txt 1234x3.txt True 0.4444444444444444 0.45 269.0 [2, 5, 2, 3, 0, 2, 4, 1, 2, 5, 5, 2, 3, 0, 2, 4, 1, 2, 5, 7, 3, 0, 10, 4, 8, 5, 5, 7, 7, 10, 7, 8, 7, 5, 7, 10, 7, 8, 7, 6, 10, 7, 8, 7, 6, 10, 8, 9, 10, 11, 9, 10, 11, 11, 11] 
triadag10_8.txt 1234x3.txt True 0.5 0.5 302.0 [10, 8, 7, 0, 10, 10, 6, 9, 11, 8, 8, 7, 0, 10, 10, 6, 9, 11, 8, 7, 0, 7, 8, 6, 9, 11, 8, 2, 7, 5, 6, 9, 11, 7, 2, 5, 2, 9, 2, 1, 5, 2, 1, 2, 1, 4, 5, 4, 1, 3, 4, 4, 3, 3, 3] 
triadag10_8.txt 1234x3.txt True 0.5333333333333333 0.55 322.0 [1, 5, 3, 11, 1, 0, 0, 2, 2, 1, 5, 3, 11, 1, 0, 0, 2, 2, 1, 5, 11, 5, 0, 4, 3, 4, 5, 8, 5, 3, 4, 3, 4, 5, 8, 6, 7, 8, 8, 7, 6, 8, 8, 8, 7, 10, 6, 6, 7, 10, 9, 10, 9, 10, 9] 
triadag10_8.txt 1234x3.txt True 0.5333333333333333 0.6 322.0 [1, 5, 3, 11, 1, 0, 0, 2, 2, 1, 5, 3, 11, 1, 0, 0, 2, 2, 1, 5, 11, 5, 0, 4, 3, 4, 5, 8, 5, 3, 4, 3, 4, 5, 8, 6, 7, 8, 8, 7, 6, 8, 8, 8, 7, 10, 6, 6, 7, 10, 9, 10, 9, 10, 9] 
triadag10_8.txt 1234x3.txt True 0.5333333333333333 0.65 322.0 [1, 5, 3, 11, 1, 0, 0, 2, 2, 1, 5, 3, 11, 1, 0, 0, 2, 2, 1, 5, 11, 5, 0, 4, 3, 4, 5, 8, 5, 3, 4, 3, 4, 5, 8, 6, 7, 8, 8, 7, 6, 8, 8, 8, 7, 10, 6, 6, 7, 10, 9, 10, 9, 10, 9] 
triadag10_8.txt 1234x3.txt True 0.5333333333333333 0.7 322.0 [1, 5, 3, 11, 1, 0, 0, 2, 2, 1, 5, 3, 11, 1, 0, 0, 2, 2, 1, 5, 11, 5, 0, 4, 3, 4, 5, 8, 5, 3, 4, 3, 4, 5, 8, 6, 7, 8, 8, 7, 6, 8, 8, 8, 7, 10, 6, 6, 7, 10, 9, 10, 9, 10, 9] 
triadag10_8.txt 1234x3.txt True 0.5333333333333333 0.75 322.0 [1, 5, 3, 11, 1, 0, 0, 2, 2, 1, 5, 3, 11, 1, 0, 0, 2, 2, 1, 5, 11, 5, 0, 4, 3, 4, 5, 8, 5, 3, 4, 3, 4, 5, 8, 6, 7, 8, 8, 7, 6, 8, 8, 8, 7, 10, 6, 6, 7, 10, 9, 10, 9, 10, 9] 
triadag10_8.txt 1234x3.txt True 0.5333333333333333 0.8 322.0 [1, 5, 3, 11, 1, 0, 0, 2, 2, 1, 5, 3, 11, 1, 0, 0, 2, 2, 1, 5, 11, 5, 0, 4, 3, 4, 5, 8, 5, 3, 4, 3, 4, 5, 8, 6, 7, 8, 8, 7, 6, 8, 8, 8, 7, 10, 6, 6, 7, 10, 9, 10, 9, 10, 9] 
triadag10_8.txt 1234x3.txt True 0.5333333333333333 0.85 322.0 [1, 5, 3, 11, 1, 0, 0, 2, 2, 1, 5, 3, 11, 1, 0, 0, 2, 2, 1, 5, 11, 5, 0, 4, 3, 4, 5, 8, 5, 3, 4, 3, 4, 5, 8, 6, 7, 8, 8, 7, 6, 8, 8, 8, 7, 10, 6, 6, 7, 10, 9, 10, 9, 10, 9] 
triadag10_8.txt 1234x3.txt True 0.5333333333333333 0.9 322.0 [1, 5, 3, 11, 1, 0, 0, 2, 2, 1, 5, 3, 11, 1, 0, 0, 2, 2, 1, 5, 11, 5, 0, 4, 3, 4, 5, 8, 5, 3, 4, 3, 4, 5, 8, 6, 7, 8, 8, 7, 6, 8, 8, 8, 7, 10, 6, 6, 7, 10, 9, 10, 9, 10, 9] 
triadag10_8.txt 1234x3.txt True 0.5333333333333333 0.95 322.0 [1, 5, 3, 11, 1, 0, 0, 2, 2, 1, 5, 3, 11, 1, 0, 0, 2, 2, 1, 5, 11, 5, 0, 4, 3, 4, 5, 8, 5, 3, 4, 3, 4, 5, 8, 6, 7, 8, 8, 7, 6, 8, 8, 8, 7, 10, 6, 6, 7, 10, 9, 10, 9, 10, 9] 
triadag10_8.txt 1234x3.txt True 0.5333333333333333 1 322.0 [1, 5, 3, 11, 1, 0, 0, 2, 2, 1, 5, 3, 11, 1, 0, 0, 2, 2, 1, 5, 11, 5, 0, 4, 3, 4, 5, 8, 5, 3, 4, 3, 4, 5, 8, 6, 7, 8, 8, 7, 6, 8, 8, 8, 7, 10, 6, 6, 7, 10, 9, 10, 9, 10, 9] 
triadag10_8.txt 1_4x1.txt True 0.022222222222222223 0.07 793.25 [1, 1, 0, 1, 1, 1, 1, 1, 1, 1, 1, 0, 1, 1, 1, 1, 1, 1, 1, 1, 1, 1, 1, 1, 1, 1, 1, 1, 1, 1, 1, 1, 1, 1, 1, 1, 1, 1, 1, 1, 1, 1, 1, 1, 1, 1, 1, 1, 1, 1, 1, 1, 1, 1, 1] 
triadag10_8.txt 1_4x1.txt True 0.022222222222222223 0.08 793.25 [1, 1, 0, 1, 1, 1, 1, 1, 1, 1, 1, 0, 1, 1, 1, 1, 1, 1, 1, 1, 1, 1, 1, 1, 1, 1, 1, 1, 1, 1, 1, 1, 1, 1, 1, 1, 1, 1, 1, 1, 1, 1, 1, 1, 1, 1, 1, 1, 1, 1, 1, 1, 1, 1, 1] 
triadag10_8.txt 1_4x1.txt True 0.07777777777777778 0.09 1040.0 [1, 1, 1, 1, 1, 1, 1, 1, 1, 1, 1, 1, 1, 1, 1, 1, 1, 1, 1, 1, 1, 1, 1, 1, 1, 1, 1, 1, 1, 1, 1, 1, 1, 1, 0, 1, 1, 1, 1, 1, 0, 0, 0, 0, 0, 0, 0, 0, 0, 0, 0, 0, 0, 0, 0] 
triadag10_8.txt 1_4x1.txt True 0.1 0.1 1644.0 [0, 0, 0, 1, 0, 0, 0, 0, 0, 0, 0, 0, 1, 0, 0, 0, 0, 0, 0, 0, 1, 0, 0, 0, 0, 0, 0, 1, 0, 0, 0, 0, 0, 0, 1, 1, 1, 1, 1, 1, 1, 1, 1, 1, 1, 1, 1, 1, 1, 1, 1, 1, 1, 1, 1] 
triadag10_8.txt 1_4x1.txt True 0.1 0.11 1644.0 [0, 0, 0, 1, 0, 0, 0, 0, 0, 0, 0, 0, 1, 0, 0, 0, 0, 0, 0, 0, 1, 0, 0, 0, 0, 0, 0, 1, 0, 0, 0, 0, 0, 0, 1, 1, 1, 1, 1, 1, 1, 1, 1, 1, 1, 1, 1, 1, 1, 1, 1, 1, 1, 1, 1] 
triadag10_8.txt 1_4x1.txt True 0.1111111111111111 0.12 1645.0 [1, 1, 1, 1, 1, 1, 1, 1, 0, 1, 1, 1, 1, 1, 1, 1, 1, 0, 1, 1, 1, 1, 1, 1, 1, 0, 1, 0, 1, 1, 1, 1, 0, 1, 0, 0, 0, 0, 0, 0, 0, 0, 0, 0, 0, 0, 0, 0, 0, 0, 0, 0, 0, 0, 0] 
triadag10_8.txt 1_4x1.txt True 0.1111111111111111 0.13 1645.0 [1, 1, 1, 1, 1, 1, 1, 1, 0, 1, 1, 1, 1, 1, 1, 1, 1, 0, 1, 1, 1, 1, 1, 1, 1, 0, 1, 0, 1, 1, 1, 1, 0, 1, 0, 0, 0, 0, 0, 0, 0, 0, 0, 0, 0, 0, 0, 0, 0, 0, 0, 0, 0, 0, 0] 
triadag10_8.txt 1_4x1.txt True 0.13333333333333333 0.14 1649.0 [0, 0, 0, 0, 0, 0, 0, 0, 0, 0, 0, 0, 0, 0, 0, 0, 0, 0, 0, 0, 1, 0, 0, 0, 0, 0, 0, 1, 0, 0, 0, 1, 1, 1, 1, 1, 1, 1, 1, 1, 1, 1, 1, 1, 1, 1, 1, 1, 1, 1, 1, 1, 1, 1, 1] 
triadag10_8.txt 1_4x1.txt True 0.13333333333333333 0.15 1649.0 [0, 0, 0, 0, 0, 0, 0, 0, 0, 0, 0, 0, 0, 0, 0, 0, 0, 0, 0, 0, 1, 0, 0, 0, 0, 0, 0, 1, 0, 0, 0, 1, 1, 1, 1, 1, 1, 1, 1, 1, 1, 1, 1, 1, 1, 1, 1, 1, 1, 1, 1, 1, 1, 1, 1] 
triadag10_8.txt 1_4x1.txt True 0.13333333333333333 0.16 1649.0 [0, 0, 0, 0, 0, 0, 0, 0, 0, 0, 0, 0, 0, 0, 0, 0, 0, 0, 0, 0, 1, 0, 0, 0, 0, 0, 0, 1, 0, 0, 0, 1, 1, 1, 1, 1, 1, 1, 1, 1, 1, 1, 1, 1, 1, 1, 1, 1, 1, 1, 1, 1, 1, 1, 1] 
triadag10_8.txt 1_4x1.txt True 0.13333333333333333 0.17 1649.0 [0, 0, 0, 0, 0, 0, 0, 0, 0, 0, 0, 0, 0, 0, 0, 0, 0, 0, 0, 0, 1, 0, 0, 0, 0, 0, 0, 1, 0, 0, 0, 1, 1, 1, 1, 1, 1, 1, 1, 1, 1, 1, 1, 1, 1, 1, 1, 1, 1, 1, 1, 1, 1, 1, 1] 
triadag10_8.txt 1_4x1.txt True 0.13333333333333333 0.18 1649.0 [0, 0, 0, 0, 0, 0, 0, 0, 0, 0, 0, 0, 0, 0, 0, 0, 0, 0, 0, 0, 1, 0, 0, 0, 0, 0, 0, 1, 0, 0, 0, 1, 1, 1, 1, 1, 1, 1, 1, 1, 1, 1, 1, 1, 1, 1, 1, 1, 1, 1, 1, 1, 1, 1, 1] 
triadag10_8.txt 1_4x1.txt True 0.13333333333333333 0.19 1649.0 [0, 0, 0, 0, 0, 0, 0, 0, 0, 0, 0, 0, 0, 0, 0, 0, 0, 0, 0, 0, 1, 0, 0, 0, 0, 0, 0, 1, 0, 0, 0, 1, 1, 1, 1, 1, 1, 1, 1, 1, 1, 1, 1, 1, 1, 1, 1, 1, 1, 1, 1, 1, 1, 1, 1] 
triadag10_8.txt 1_4x1.txt True 0.13333333333333333 0.2 1649.0 [0, 0, 0, 0, 0, 0, 0, 0, 0, 0, 0, 0, 0, 0, 0, 0, 0, 0, 0, 0, 1, 0, 0, 0, 0, 0, 0, 1, 0, 0, 0, 1, 1, 1, 1, 1, 1, 1, 1, 1, 1, 1, 1, 1, 1, 1, 1, 1, 1, 1, 1, 1, 1, 1, 1] 
triadag10_8.txt 1_4x1.txt True 0.13333333333333333 0.25 1649.0 [0, 0, 0, 0, 0, 0, 0, 0, 0, 0, 0, 0, 0, 0, 0, 0, 0, 0, 0, 0, 1, 0, 0, 0, 0, 0, 0, 1, 0, 0, 0, 1, 1, 1, 1, 1, 1, 1, 1, 1, 1, 1, 1, 1, 1, 1, 1, 1, 1, 1, 1, 1, 1, 1, 1] 
triadag10_8.txt 1_4x1.txt True 0.13333333333333333 0.3 1649.0 [0, 0, 0, 0, 0, 0, 0, 0, 0, 0, 0, 0, 0, 0, 0, 0, 0, 0, 0, 0, 1, 0, 0, 0, 0, 0, 0, 1, 0, 0, 0, 1, 1, 1, 1, 1, 1, 1, 1, 1, 1, 1, 1, 1, 1, 1, 1, 1, 1, 1, 1, 1, 1, 1, 1] 
triadag10_8.txt 1_4x1.txt True 0.13333333333333333 0.35 1649.0 [0, 0, 0, 0, 0, 0, 0, 0, 0, 0, 0, 0, 0, 0, 0, 0, 0, 0, 0, 0, 1, 0, 0, 0, 0, 0, 0, 1, 0, 0, 0, 1, 1, 1, 1, 1, 1, 1, 1, 1, 1, 1, 1, 1, 1, 1, 1, 1, 1, 1, 1, 1, 1, 1, 1] 
triadag10_8.txt 1_4x1.txt True 0.13333333333333333 0.4 1649.0 [0, 0, 0, 0, 0, 0, 0, 0, 0, 0, 0, 0, 0, 0, 0, 0, 0, 0, 0, 0, 1, 0, 0, 0, 0, 0, 0, 1, 0, 0, 0, 1, 1, 1, 1, 1, 1, 1, 1, 1, 1, 1, 1, 1, 1, 1, 1, 1, 1, 1, 1, 1, 1, 1, 1] 
triadag10_8.txt 1_4x1.txt True 0.13333333333333333 0.45 1649.0 [0, 0, 0, 0, 0, 0, 0, 0, 0, 0, 0, 0, 0, 0, 0, 0, 0, 0, 0, 0, 1, 0, 0, 0, 0, 0, 0, 1, 0, 0, 0, 1, 1, 1, 1, 1, 1, 1, 1, 1, 1, 1, 1, 1, 1, 1, 1, 1, 1, 1, 1, 1, 1, 1, 1] 
triadag10_8.txt 1_4x1.txt True 0.13333333333333333 0.5 1649.0 [0, 0, 0, 0, 0, 0, 0, 0, 0, 0, 0, 0, 0, 0, 0, 0, 0, 0, 0, 0, 1, 0, 0, 0, 0, 0, 0, 1, 0, 0, 0, 1, 1, 1, 1, 1, 1, 1, 1, 1, 1, 1, 1, 1, 1, 1, 1, 1, 1, 1, 1, 1, 1, 1, 1] 
triadag10_8.txt 1_4x1.txt True 0.13333333333333333 0.55 1649.0 [0, 0, 0, 0, 0, 0, 0, 0, 0, 0, 0, 0, 0, 0, 0, 0, 0, 0, 0, 0, 1, 0, 0, 0, 0, 0, 0, 1, 0, 0, 0, 1, 1, 1, 1, 1, 1, 1, 1, 1, 1, 1, 1, 1, 1, 1, 1, 1, 1, 1, 1, 1, 1, 1, 1] 
triadag10_8.txt 1_4x1.txt True 0.13333333333333333 0.6 1649.0 [0, 0, 0, 0, 0, 0, 0, 0, 0, 0, 0, 0, 0, 0, 0, 0, 0, 0, 0, 0, 1, 0, 0, 0, 0, 0, 0, 1, 0, 0, 0, 1, 1, 1, 1, 1, 1, 1, 1, 1, 1, 1, 1, 1, 1, 1, 1, 1, 1, 1, 1, 1, 1, 1, 1] 
triadag10_8.txt 1_4x1.txt True 0.13333333333333333 0.65 1649.0 [0, 0, 0, 0, 0, 0, 0, 0, 0, 0, 0, 0, 0, 0, 0, 0, 0, 0, 0, 0, 1, 0, 0, 0, 0, 0, 0, 1, 0, 0, 0, 1, 1, 1, 1, 1, 1, 1, 1, 1, 1, 1, 1, 1, 1, 1, 1, 1, 1, 1, 1, 1, 1, 1, 1] 
triadag10_8.txt 1_4x1.txt True 0.13333333333333333 0.7 1649.0 [0, 0, 0, 0, 0, 0, 0, 0, 0, 0, 0, 0, 0, 0, 0, 0, 0, 0, 0, 0, 1, 0, 0, 0, 0, 0, 0, 1, 0, 0, 0, 1, 1, 1, 1, 1, 1, 1, 1, 1, 1, 1, 1, 1, 1, 1, 1, 1, 1, 1, 1, 1, 1, 1, 1] 
triadag10_8.txt 1_4x1.txt True 0.13333333333333333 0.75 1649.0 [0, 0, 0, 0, 0, 0, 0, 0, 0, 0, 0, 0, 0, 0, 0, 0, 0, 0, 0, 0, 1, 0, 0, 0, 0, 0, 0, 1, 0, 0, 0, 1, 1, 1, 1, 1, 1, 1, 1, 1, 1, 1, 1, 1, 1, 1, 1, 1, 1, 1, 1, 1, 1, 1, 1] 
triadag10_8.txt 1_4x1.txt True 0.13333333333333333 0.8 1649.0 [0, 0, 0, 0, 0, 0, 0, 0, 0, 0, 0, 0, 0, 0, 0, 0, 0, 0, 0, 0, 1, 0, 0, 0, 0, 0, 0, 1, 0, 0, 0, 1, 1, 1, 1, 1, 1, 1, 1, 1, 1, 1, 1, 1, 1, 1, 1, 1, 1, 1, 1, 1, 1, 1, 1] 
triadag10_8.txt 1_4x1.txt True 0.13333333333333333 0.85 1649.0 [0, 0, 0, 0, 0, 0, 0, 0, 0, 0, 0, 0, 0, 0, 0, 0, 0, 0, 0, 0, 1, 0, 0, 0, 0, 0, 0, 1, 0, 0, 0, 1, 1, 1, 1, 1, 1, 1, 1, 1, 1, 1, 1, 1, 1, 1, 1, 1, 1, 1, 1, 1, 1, 1, 1] 
triadag10_8.txt 1_4x1.txt True 0.13333333333333333 0.9 1649.0 [0, 0, 0, 0, 0, 0, 0, 0, 0, 0, 0, 0, 0, 0, 0, 0, 0, 0, 0, 0, 1, 0, 0, 0, 0, 0, 0, 1, 0, 0, 0, 1, 1, 1, 1, 1, 1, 1, 1, 1, 1, 1, 1, 1, 1, 1, 1, 1, 1, 1, 1, 1, 1, 1, 1] 
triadag10_8.txt 1_4x1.txt True 0.13333333333333333 0.95 1649.0 [0, 0, 0, 0, 0, 0, 0, 0, 0, 0, 0, 0, 0, 0, 0, 0, 0, 0, 0, 0, 1, 0, 0, 0, 0, 0, 0, 1, 0, 0, 0, 1, 1, 1, 1, 1, 1, 1, 1, 1, 1, 1, 1, 1, 1, 1, 1, 1, 1, 1, 1, 1, 1, 1, 1] 
triadag10_8.txt 1_4x1.txt True 0.13333333333333333 1 1649.0 [0, 0, 0, 0, 0, 0, 0, 0, 0, 0, 0, 0, 0, 0, 0, 0, 0, 0, 0, 0, 1, 0, 0, 0, 0, 0, 0, 1, 0, 0, 0, 1, 1, 1, 1, 1, 1, 1, 1, 1, 1, 1, 1, 1, 1, 1, 1, 1, 1, 1, 1, 1, 1, 1, 1] 
triadag10_8.txt 3_2x2.txt True 0.044444444444444446 0.07 1527.0 [3, 3, 3, 3, 2, 3, 3, 3, 0, 3, 3, 3, 3, 2, 3, 3, 3, 0, 3, 3, 3, 3, 3, 3, 3, 3, 3, 3, 3, 3, 3, 3, 3, 3, 3, 3, 3, 3, 3, 3, 3, 3, 3, 3, 3, 3, 3, 3, 3, 3, 3, 3, 3, 3, 3] 
triadag10_8.txt 3_2x2.txt True 0.044444444444444446 0.08 1527.0 [3, 3, 3, 3, 2, 3, 3, 3, 0, 3, 3, 3, 3, 2, 3, 3, 3, 0, 3, 3, 3, 3, 3, 3, 3, 3, 3, 3, 3, 3, 3, 3, 3, 3, 3, 3, 3, 3, 3, 3, 3, 3, 3, 3, 3, 3, 3, 3, 3, 3, 3, 3, 3, 3, 3] 
triadag10_8.txt 3_2x2.txt True 0.044444444444444446 0.09 1527.0 [3, 3, 3, 3, 2, 3, 3, 3, 0, 3, 3, 3, 3, 2, 3, 3, 3, 0, 3, 3, 3, 3, 3, 3, 3, 3, 3, 3, 3, 3, 3, 3, 3, 3, 3, 3, 3, 3, 3, 3, 3, 3, 3, 3, 3, 3, 3, 3, 3, 3, 3, 3, 3, 3, 3] 
triadag10_8.txt 3_2x2.txt True 0.044444444444444446 0.1 1527.0 [3, 3, 3, 3, 2, 3, 3, 3, 0, 3, 3, 3, 3, 2, 3, 3, 3, 0, 3, 3, 3, 3, 3, 3, 3, 3, 3, 3, 3, 3, 3, 3, 3, 3, 3, 3, 3, 3, 3, 3, 3, 3, 3, 3, 3, 3, 3, 3, 3, 3, 3, 3, 3, 3, 3] 
triadag10_8.txt 3_2x2.txt True 0.044444444444444446 0.11 1527.0 [3, 3, 3, 3, 2, 3, 3, 3, 0, 3, 3, 3, 3, 2, 3, 3, 3, 0, 3, 3, 3, 3, 3, 3, 3, 3, 3, 3, 3, 3, 3, 3, 3, 3, 3, 3, 3, 3, 3, 3, 3, 3, 3, 3, 3, 3, 3, 3, 3, 3, 3, 3, 3, 3, 3] 
triadag10_8.txt 3_2x2.txt True 0.044444444444444446 0.12 1527.0 [3, 3, 3, 3, 2, 3, 3, 3, 0, 3, 3, 3, 3, 2, 3, 3, 3, 0, 3, 3, 3, 3, 3, 3, 3, 3, 3, 3, 3, 3, 3, 3, 3, 3, 3, 3, 3, 3, 3, 3, 3, 3, 3, 3, 3, 3, 3, 3, 3, 3, 3, 3, 3, 3, 3] 
triadag10_8.txt 3_2x2.txt True 0.044444444444444446 0.13 1527.0 [3, 3, 3, 3, 2, 3, 3, 3, 0, 3, 3, 3, 3, 2, 3, 3, 3, 0, 3, 3, 3, 3, 3, 3, 3, 3, 3, 3, 3, 3, 3, 3, 3, 3, 3, 3, 3, 3, 3, 3, 3, 3, 3, 3, 3, 3, 3, 3, 3, 3, 3, 3, 3, 3, 3] 
triadag10_8.txt 3_2x2.txt True 0.044444444444444446 0.14 1527.0 [3, 3, 3, 3, 2, 3, 3, 3, 0, 3, 3, 3, 3, 2, 3, 3, 3, 0, 3, 3, 3, 3, 3, 3, 3, 3, 3, 3, 3, 3, 3, 3, 3, 3, 3, 3, 3, 3, 3, 3, 3, 3, 3, 3, 3, 3, 3, 3, 3, 3, 3, 3, 3, 3, 3] 
triadag10_8.txt 3_2x2.txt True 0.044444444444444446 0.15 1527.0 [3, 3, 3, 3, 2, 3, 3, 3, 0, 3, 3, 3, 3, 2, 3, 3, 3, 0, 3, 3, 3, 3, 3, 3, 3, 3, 3, 3, 3, 3, 3, 3, 3, 3, 3, 3, 3, 3, 3, 3, 3, 3, 3, 3, 3, 3, 3, 3, 3, 3, 3, 3, 3, 3, 3] 
triadag10_8.txt 3_2x2.txt True 0.044444444444444446 0.16 1527.0 [3, 3, 3, 3, 2, 3, 3, 3, 0, 3, 3, 3, 3, 2, 3, 3, 3, 0, 3, 3, 3, 3, 3, 3, 3, 3, 3, 3, 3, 3, 3, 3, 3, 3, 3, 3, 3, 3, 3, 3, 3, 3, 3, 3, 3, 3, 3, 3, 3, 3, 3, 3, 3, 3, 3] 
triadag10_8.txt 3_2x2.txt True 0.044444444444444446 0.17 1527.0 [3, 3, 3, 3, 2, 3, 3, 3, 0, 3, 3, 3, 3, 2, 3, 3, 3, 0, 3, 3, 3, 3, 3, 3, 3, 3, 3, 3, 3, 3, 3, 3, 3, 3, 3, 3, 3, 3, 3, 3, 3, 3, 3, 3, 3, 3, 3, 3, 3, 3, 3, 3, 3, 3, 3] 
triadag10_8.txt 3_2x2.txt True 0.17777777777777778 0.18 1205.0 [3, 3, 3, 3, 2, 3, 3, 3, 0, 3, 3, 3, 3, 2, 3, 3, 3, 0, 3, 3, 3, 2, 3, 3, 3, 0, 3, 3, 2, 3, 3, 3, 0, 3, 3, 3, 3, 3, 0, 3, 3, 3, 3, 0, 2, 3, 3, 0, 3, 3, 0, 3, 0, 3, 0] 
triadag10_8.txt 3_2x2.txt True 0.17777777777777778 0.19 1205.0 [3, 3, 3, 3, 2, 3, 3, 3, 0, 3, 3, 3, 3, 2, 3, 3, 3, 0, 3, 3, 3, 2, 3, 3, 3, 0, 3, 3, 2, 3, 3, 3, 0, 3, 3, 3, 3, 3, 0, 3, 3, 3, 3, 0, 2, 3, 3, 0, 3, 3, 0, 3, 0, 3, 0] 
triadag10_8.txt 3_2x2.txt True 0.2 0.2 700.5 [2, 3, 2, 2, 2, 2, 2, 2, 2, 2, 3, 2, 2, 2, 2, 2, 2, 2, 2, 3, 3, 3, 3, 3, 3, 3, 3, 3, 3, 3, 3, 3, 3, 3, 3, 3, 3, 3, 3, 3, 1, 3, 0, 3, 3, 1, 0, 1, 1, 1, 1, 1, 1, 1, 1] 
triadag10_8.txt 3_2x2.txt True 0.23333333333333334 0.25 376.0 [0, 0, 0, 1, 0, 0, 1, 1, 0, 0, 0, 0, 1, 0, 0, 1, 1, 0, 0, 2, 1, 0, 0, 1, 1, 0, 0, 2, 2, 2, 2, 2, 2, 2, 2, 2, 2, 2, 2, 2, 3, 2, 2, 2, 2, 3, 3, 3, 3, 3, 3, 3, 3, 3, 3] 
triadag10_8.txt 3_2x2.txt True 0.26666666666666666 0.3 422.0 [1, 1, 0, 0, 1, 1, 1, 0, 1, 0, 1, 0, 0, 1, 1, 1, 0, 1, 0, 2, 0, 1, 1, 1, 0, 1, 0, 2, 2, 1, 2, 2, 2, 0, 2, 3, 2, 2, 2, 2, 3, 2, 2, 2, 2, 3, 3, 3, 3, 3, 3, 3, 3, 3, 3] 
triadag10_8.txt 3_2x2.txt True 0.26666666666666666 0.35 422.0 [1, 1, 0, 0, 1, 1, 1, 0, 1, 0, 1, 0, 0, 1, 1, 1, 0, 1, 0, 2, 0, 1, 1, 1, 0, 1, 0, 2, 2, 1, 2, 2, 2, 0, 2, 3, 2, 2, 2, 2, 3, 2, 2, 2, 2, 3, 3, 3, 3, 3, 3, 3, 3, 3, 3] 
triadag10_8.txt 3_2x2.txt True 0.26666666666666666 0.4 422.0 [1, 1, 0, 0, 1, 1, 1, 0, 1, 0, 1, 0, 0, 1, 1, 1, 0, 1, 0, 2, 0, 1, 1, 1, 0, 1, 0, 2, 2, 1, 2, 2, 2, 0, 2, 3, 2, 2, 2, 2, 3, 2, 2, 2, 2, 3, 3, 3, 3, 3, 3, 3, 3, 3, 3] 
triadag10_8.txt 3_2x2.txt True 0.26666666666666666 0.45 422.0 [1, 1, 0, 0, 1, 1, 1, 0, 1, 0, 1, 0, 0, 1, 1, 1, 0, 1, 0, 2, 0, 1, 1, 1, 0, 1, 0, 2, 2, 1, 2, 2, 2, 0, 2, 3, 2, 2, 2, 2, 3, 2, 2, 2, 2, 3, 3, 3, 3, 3, 3, 3, 3, 3, 3] 
triadag10_8.txt 3_2x2.txt True 0.26666666666666666 0.5 422.0 [1, 1, 0, 0, 1, 1, 1, 0, 1, 0, 1, 0, 0, 1, 1, 1, 0, 1, 0, 2, 0, 1, 1, 1, 0, 1, 0, 2, 2, 1, 2, 2, 2, 0, 2, 3, 2, 2, 2, 2, 3, 2, 2, 2, 2, 3, 3, 3, 3, 3, 3, 3, 3, 3, 3] 
triadag10_8.txt 3_2x2.txt True 0.26666666666666666 0.55 422.0 [1, 1, 0, 0, 1, 1, 1, 0, 1, 0, 1, 0, 0, 1, 1, 1, 0, 1, 0, 2, 0, 1, 1, 1, 0, 1, 0, 2, 2, 1, 2, 2, 2, 0, 2, 3, 2, 2, 2, 2, 3, 2, 2, 2, 2, 3, 3, 3, 3, 3, 3, 3, 3, 3, 3] 
triadag10_8.txt 3_2x2.txt True 0.26666666666666666 0.6 422.0 [1, 1, 0, 0, 1, 1, 1, 0, 1, 0, 1, 0, 0, 1, 1, 1, 0, 1, 0, 2, 0, 1, 1, 1, 0, 1, 0, 2, 2, 1, 2, 2, 2, 0, 2, 3, 2, 2, 2, 2, 3, 2, 2, 2, 2, 3, 3, 3, 3, 3, 3, 3, 3, 3, 3] 
triadag10_8.txt 3_2x2.txt True 0.26666666666666666 0.65 422.0 [1, 1, 0, 0, 1, 1, 1, 0, 1, 0, 1, 0, 0, 1, 1, 1, 0, 1, 0, 2, 0, 1, 1, 1, 0, 1, 0, 2, 2, 1, 2, 2, 2, 0, 2, 3, 2, 2, 2, 2, 3, 2, 2, 2, 2, 3, 3, 3, 3, 3, 3, 3, 3, 3, 3] 
triadag10_8.txt 3_2x2.txt True 0.26666666666666666 0.7 422.0 [1, 1, 0, 0, 1, 1, 1, 0, 1, 0, 1, 0, 0, 1, 1, 1, 0, 1, 0, 2, 0, 1, 1, 1, 0, 1, 0, 2, 2, 1, 2, 2, 2, 0, 2, 3, 2, 2, 2, 2, 3, 2, 2, 2, 2, 3, 3, 3, 3, 3, 3, 3, 3, 3, 3] 
triadag10_8.txt 3_2x2.txt True 0.26666666666666666 0.75 422.0 [1, 1, 0, 0, 1, 1, 1, 0, 1, 0, 1, 0, 0, 1, 1, 1, 0, 1, 0, 2, 0, 1, 1, 1, 0, 1, 0, 2, 2, 1, 2, 2, 2, 0, 2, 3, 2, 2, 2, 2, 3, 2, 2, 2, 2, 3, 3, 3, 3, 3, 3, 3, 3, 3, 3] 
triadag10_8.txt 3_2x2.txt True 0.26666666666666666 0.8 422.0 [1, 1, 0, 0, 1, 1, 1, 0, 1, 0, 1, 0, 0, 1, 1, 1, 0, 1, 0, 2, 0, 1, 1, 1, 0, 1, 0, 2, 2, 1, 2, 2, 2, 0, 2, 3, 2, 2, 2, 2, 3, 2, 2, 2, 2, 3, 3, 3, 3, 3, 3, 3, 3, 3, 3] 
triadag10_8.txt 3_2x2.txt True 0.26666666666666666 0.85 422.0 [1, 1, 0, 0, 1, 1, 1, 0, 1, 0, 1, 0, 0, 1, 1, 1, 0, 1, 0, 2, 0, 1, 1, 1, 0, 1, 0, 2, 2, 1, 2, 2, 2, 0, 2, 3, 2, 2, 2, 2, 3, 2, 2, 2, 2, 3, 3, 3, 3, 3, 3, 3, 3, 3, 3] 
triadag10_8.txt 3_2x2.txt True 0.26666666666666666 0.9 422.0 [1, 1, 0, 0, 1, 1, 1, 0, 1, 0, 1, 0, 0, 1, 1, 1, 0, 1, 0, 2, 0, 1, 1, 1, 0, 1, 0, 2, 2, 1, 2, 2, 2, 0, 2, 3, 2, 2, 2, 2, 3, 2, 2, 2, 2, 3, 3, 3, 3, 3, 3, 3, 3, 3, 3] 
triadag10_8.txt 3_2x2.txt True 0.26666666666666666 0.95 422.0 [1, 1, 0, 0, 1, 1, 1, 0, 1, 0, 1, 0, 0, 1, 1, 1, 0, 1, 0, 2, 0, 1, 1, 1, 0, 1, 0, 2, 2, 1, 2, 2, 2, 0, 2, 3, 2, 2, 2, 2, 3, 2, 2, 2, 2, 3, 3, 3, 3, 3, 3, 3, 3, 3, 3] 
triadag10_8.txt 3_2x2.txt True 0.26666666666666666 1 422.0 [1, 1, 0, 0, 1, 1, 1, 0, 1, 0, 1, 0, 0, 1, 1, 1, 0, 1, 0, 2, 0, 1, 1, 1, 0, 1, 0, 2, 2, 1, 2, 2, 2, 0, 2, 3, 2, 2, 2, 2, 3, 2, 2, 2, 2, 3, 3, 3, 3, 3, 3, 3, 3, 3, 3] 
triadag10_8.txt 1_4x4.txt True 0.05555555555555555 0.07 725.0 [7, 7, 7, 3, 7, 7, 7, 6, 7, 7, 7, 7, 3, 7, 7, 7, 6, 7, 7, 7, 3, 7, 7, 7, 7, 7, 7, 7, 7, 7, 7, 7, 7, 7, 7, 7, 7, 7, 7, 7, 7, 7, 7, 7, 7, 7, 7, 7, 7, 7, 7, 7, 7, 7, 7] 
triadag10_8.txt 1_4x4.txt True 0.05555555555555555 0.08 725.0 [7, 7, 7, 3, 7, 7, 7, 6, 7, 7, 7, 7, 3, 7, 7, 7, 6, 7, 7, 7, 3, 7, 7, 7, 7, 7, 7, 7, 7, 7, 7, 7, 7, 7, 7, 7, 7, 7, 7, 7, 7, 7, 7, 7, 7, 7, 7, 7, 7, 7, 7, 7, 7, 7, 7] 
triadag10_8.txt 1_4x4.txt True 0.05555555555555555 0.09 725.0 [7, 7, 7, 3, 7, 7, 7, 6, 7, 7, 7, 7, 3, 7, 7, 7, 6, 7, 7, 7, 3, 7, 7, 7, 7, 7, 7, 7, 7, 7, 7, 7, 7, 7, 7, 7, 7, 7, 7, 7, 7, 7, 7, 7, 7, 7, 7, 7, 7, 7, 7, 7, 7, 7, 7] 
triadag10_8.txt 1_4x4.txt True 0.05555555555555555 0.1 725.0 [7, 7, 7, 3, 7, 7, 7, 6, 7, 7, 7, 7, 3, 7, 7, 7, 6, 7, 7, 7, 3, 7, 7, 7, 7, 7, 7, 7, 7, 7, 7, 7, 7, 7, 7, 7, 7, 7, 7, 7, 7, 7, 7, 7, 7, 7, 7, 7, 7, 7, 7, 7, 7, 7, 7] 
triadag10_8.txt 1_4x4.txt True 0.05555555555555555 0.11 725.0 [7, 7, 7, 3, 7, 7, 7, 6, 7, 7, 7, 7, 3, 7, 7, 7, 6, 7, 7, 7, 3, 7, 7, 7, 7, 7, 7, 7, 7, 7, 7, 7, 7, 7, 7, 7, 7, 7, 7, 7, 7, 7, 7, 7, 7, 7, 7, 7, 7, 7, 7, 7, 7, 7, 7] 
triadag10_8.txt 1_4x4.txt True 0.05555555555555555 0.12 725.0 [7, 7, 7, 3, 7, 7, 7, 6, 7, 7, 7, 7, 3, 7, 7, 7, 6, 7, 7, 7, 3, 7, 7, 7, 7, 7, 7, 7, 7, 7, 7, 7, 7, 7, 7, 7, 7, 7, 7, 7, 7, 7, 7, 7, 7, 7, 7, 7, 7, 7, 7, 7, 7, 7, 7] 
triadag10_8.txt 1_4x4.txt True 0.05555555555555555 0.13 725.0 [7, 7, 7, 3, 7, 7, 7, 6, 7, 7, 7, 7, 3, 7, 7, 7, 6, 7, 7, 7, 3, 7, 7, 7, 7, 7, 7, 7, 7, 7, 7, 7, 7, 7, 7, 7, 7, 7, 7, 7, 7, 7, 7, 7, 7, 7, 7, 7, 7, 7, 7, 7, 7, 7, 7] 
triadag10_8.txt 1_4x4.txt True 0.13333333333333333 0.14 1136.0 [7, 7, 7, 3, 7, 7, 7, 6, 7, 7, 7, 7, 3, 7, 7, 7, 6, 7, 7, 7, 7, 7, 7, 7, 6, 7, 7, 7, 7, 7, 7, 6, 7, 7, 7, 7, 7, 6, 7, 7, 6, 7, 6, 7, 7, 6, 6, 6, 6, 6, 6, 6, 6, 6, 6] 
triadag10_8.txt 1_4x4.txt True 0.13333333333333333 0.15 1136.0 [7, 7, 7, 3, 7, 7, 7, 6, 7, 7, 7, 7, 3, 7, 7, 7, 6, 7, 7, 7, 7, 7, 7, 7, 6, 7, 7, 7, 7, 7, 7, 6, 7, 7, 7, 7, 7, 6, 7, 7, 6, 7, 6, 7, 7, 6, 6, 6, 6, 6, 6, 6, 6, 6, 6] 
triadag10_8.txt 1_4x4.txt True 0.13333333333333333 0.16 1136.0 [7, 7, 7, 3, 7, 7, 7, 6, 7, 7, 7, 7, 3, 7, 7, 7, 6, 7, 7, 7, 7, 7, 7, 7, 6, 7, 7, 7, 7, 7, 7, 6, 7, 7, 7, 7, 7, 6, 7, 7, 6, 7, 6, 7, 7, 6, 6, 6, 6, 6, 6, 6, 6, 6, 6] 
triadag10_8.txt 1_4x4.txt True 0.13333333333333333 0.17 1136.0 [7, 7, 7, 3, 7, 7, 7, 6, 7, 7, 7, 7, 3, 7, 7, 7, 6, 7, 7, 7, 7, 7, 7, 7, 6, 7, 7, 7, 7, 7, 7, 6, 7, 7, 7, 7, 7, 6, 7, 7, 6, 7, 6, 7, 7, 6, 6, 6, 6, 6, 6, 6, 6, 6, 6] 
triadag10_8.txt 1_4x4.txt True 0.13333333333333333 0.18 1136.0 [7, 7, 7, 3, 7, 7, 7, 6, 7, 7, 7, 7, 3, 7, 7, 7, 6, 7, 7, 7, 7, 7, 7, 7, 6, 7, 7, 7, 7, 7, 7, 6, 7, 7, 7, 7, 7, 6, 7, 7, 6, 7, 6, 7, 7, 6, 6, 6, 6, 6, 6, 6, 6, 6, 6] 
triadag10_8.txt 1_4x4.txt True 0.13333333333333333 0.19 1136.0 [7, 7, 7, 3, 7, 7, 7, 6, 7, 7, 7, 7, 3, 7, 7, 7, 6, 7, 7, 7, 7, 7, 7, 7, 6, 7, 7, 7, 7, 7, 7, 6, 7, 7, 7, 7, 7, 6, 7, 7, 6, 7, 6, 7, 7, 6, 6, 6, 6, 6, 6, 6, 6, 6, 6] 
triadag10_8.txt 1_4x4.txt True 0.13333333333333333 0.2 1136.0 [7, 7, 7, 3, 7, 7, 7, 6, 7, 7, 7, 7, 3, 7, 7, 7, 6, 7, 7, 7, 7, 7, 7, 7, 6, 7, 7, 7, 7, 7, 7, 6, 7, 7, 7, 7, 7, 6, 7, 7, 6, 7, 6, 7, 7, 6, 6, 6, 6, 6, 6, 6, 6, 6, 6] 
triadag10_8.txt 1_4x4.txt True 0.13333333333333333 0.25 1136.0 [7, 7, 7, 3, 7, 7, 7, 6, 7, 7, 7, 7, 3, 7, 7, 7, 6, 7, 7, 7, 7, 7, 7, 7, 6, 7, 7, 7, 7, 7, 7, 6, 7, 7, 7, 7, 7, 6, 7, 7, 6, 7, 6, 7, 7, 6, 6, 6, 6, 6, 6, 6, 6, 6, 6] 
triadag10_8.txt 1_4x4.txt True 0.25555555555555554 0.3 1014.0 [6, 6, 4, 7, 6, 6, 6, 5, 5, 6, 6, 4, 7, 6, 6, 6, 5, 5, 6, 6, 7, 6, 6, 6, 5, 5, 6, 3, 6, 6, 6, 5, 5, 6, 3, 3, 3, 3, 3, 3, 3, 3, 3, 3, 3, 1, 3, 3, 3, 1, 1, 1, 1, 1, 1] 
triadag10_8.txt 1_4x4.txt True 0.3111111111111111 0.35 686.0 [7, 7, 7, 7, 7, 7, 6, 7, 5, 7, 7, 7, 7, 7, 7, 6, 7, 5, 7, 7, 7, 7, 3, 6, 6, 5, 7, 6, 7, 3, 6, 6, 4, 7, 6, 3, 6, 6, 4, 0, 3, 6, 6, 4, 0, 3, 3, 4, 3, 3, 3, 3, 3, 3, 3] 
triadag10_8.txt 1_4x4.txt True 0.4 0.4 464.0 [5, 6, 4, 2, 7, 5, 5, 5, 4, 7, 6, 4, 2, 7, 5, 5, 5, 4, 7, 6, 2, 7, 6, 6, 6, 4, 7, 3, 7, 6, 6, 6, 4, 7, 3, 1, 3, 3, 3, 7, 1, 3, 3, 3, 3, 1, 0, 1, 1, 0, 1, 1, 0, 0, 0] 
triadag10_8.txt 1_4x4.txt True 0.4444444444444444 0.45 426.0 [4, 7, 4, 1, 4, 5, 4, 5, 5, 6, 7, 4, 1, 4, 5, 4, 5, 5, 6, 7, 1, 6, 7, 6, 7, 7, 6, 0, 6, 7, 6, 7, 7, 6, 0, 3, 0, 0, 0, 1, 2, 0, 0, 0, 1, 2, 3, 2, 2, 3, 2, 2, 3, 3, 3] 
triadag10_8.txt 1_4x4.txt True 0.4666666666666667 0.5 432.0 [6, 4, 6, 2, 5, 6, 7, 7, 6, 5, 4, 6, 2, 5, 6, 7, 7, 6, 5, 4, 2, 5, 4, 7, 4, 4, 5, 3, 5, 4, 7, 4, 4, 5, 2, 1, 3, 2, 3, 3, 0, 3, 2, 0, 3, 0, 1, 0, 3, 1, 0, 0, 1, 1, 1] 
triadag10_8.txt 1_4x4.txt True 0.4666666666666667 0.55 432.0 [6, 4, 6, 2, 5, 6, 7, 7, 6, 5, 4, 6, 2, 5, 6, 7, 7, 6, 5, 4, 2, 5, 4, 7, 4, 4, 5, 3, 5, 4, 7, 4, 4, 5, 2, 1, 3, 2, 3, 3, 0, 3, 2, 0, 3, 0, 1, 0, 3, 1, 0, 0, 1, 1, 1] 
triadag10_8.txt 1_4x4.txt True 0.4666666666666667 0.6 432.0 [6, 4, 6, 2, 5, 6, 7, 7, 6, 5, 4, 6, 2, 5, 6, 7, 7, 6, 5, 4, 2, 5, 4, 7, 4, 4, 5, 3, 5, 4, 7, 4, 4, 5, 2, 1, 3, 2, 3, 3, 0, 3, 2, 0, 3, 0, 1, 0, 3, 1, 0, 0, 1, 1, 1] 
triadag10_8.txt 1_4x4.txt True 0.4666666666666667 0.65 432.0 [6, 4, 6, 2, 5, 6, 7, 7, 6, 5, 4, 6, 2, 5, 6, 7, 7, 6, 5, 4, 2, 5, 4, 7, 4, 4, 5, 3, 5, 4, 7, 4, 4, 5, 2, 1, 3, 2, 3, 3, 0, 3, 2, 0, 3, 0, 1, 0, 3, 1, 0, 0, 1, 1, 1] 
triadag10_8.txt 1_4x4.txt True 0.4666666666666667 0.7 432.0 [6, 4, 6, 2, 5, 6, 7, 7, 6, 5, 4, 6, 2, 5, 6, 7, 7, 6, 5, 4, 2, 5, 4, 7, 4, 4, 5, 3, 5, 4, 7, 4, 4, 5, 2, 1, 3, 2, 3, 3, 0, 3, 2, 0, 3, 0, 1, 0, 3, 1, 0, 0, 1, 1, 1] 
triadag10_8.txt 1_4x4.txt True 0.4666666666666667 0.75 432.0 [6, 4, 6, 2, 5, 6, 7, 7, 6, 5, 4, 6, 2, 5, 6, 7, 7, 6, 5, 4, 2, 5, 4, 7, 4, 4, 5, 3, 5, 4, 7, 4, 4, 5, 2, 1, 3, 2, 3, 3, 0, 3, 2, 0, 3, 0, 1, 0, 3, 1, 0, 0, 1, 1, 1] 
triadag10_8.txt 1_4x4.txt True 0.4666666666666667 0.8 432.0 [6, 4, 6, 2, 5, 6, 7, 7, 6, 5, 4, 6, 2, 5, 6, 7, 7, 6, 5, 4, 2, 5, 4, 7, 4, 4, 5, 3, 5, 4, 7, 4, 4, 5, 2, 1, 3, 2, 3, 3, 0, 3, 2, 0, 3, 0, 1, 0, 3, 1, 0, 0, 1, 1, 1] 
triadag10_8.txt 1_4x4.txt True 0.4666666666666667 0.85 432.0 [6, 4, 6, 2, 5, 6, 7, 7, 6, 5, 4, 6, 2, 5, 6, 7, 7, 6, 5, 4, 2, 5, 4, 7, 4, 4, 5, 3, 5, 4, 7, 4, 4, 5, 2, 1, 3, 2, 3, 3, 0, 3, 2, 0, 3, 0, 1, 0, 3, 1, 0, 0, 1, 1, 1] 
triadag10_8.txt 1_4x4.txt True 0.4666666666666667 0.9 432.0 [6, 4, 6, 2, 5, 6, 7, 7, 6, 5, 4, 6, 2, 5, 6, 7, 7, 6, 5, 4, 2, 5, 4, 7, 4, 4, 5, 3, 5, 4, 7, 4, 4, 5, 2, 1, 3, 2, 3, 3, 0, 3, 2, 0, 3, 0, 1, 0, 3, 1, 0, 0, 1, 1, 1] 
triadag10_8.txt 1_4x4.txt True 0.4666666666666667 0.95 432.0 [6, 4, 6, 2, 5, 6, 7, 7, 6, 5, 4, 6, 2, 5, 6, 7, 7, 6, 5, 4, 2, 5, 4, 7, 4, 4, 5, 3, 5, 4, 7, 4, 4, 5, 2, 1, 3, 2, 3, 3, 0, 3, 2, 0, 3, 0, 1, 0, 3, 1, 0, 0, 1, 1, 1] 
triadag10_8.txt 1_4x4.txt True 0.4666666666666667 1 432.0 [6, 4, 6, 2, 5, 6, 7, 7, 6, 5, 4, 6, 2, 5, 6, 7, 7, 6, 5, 4, 2, 5, 4, 7, 4, 4, 5, 3, 5, 4, 7, 4, 4, 5, 2, 1, 3, 2, 3, 3, 0, 3, 2, 0, 3, 0, 1, 0, 3, 1, 0, 0, 1, 1, 1] 
triadag10_8.txt 1_4x2.txt True 0.044444444444444446 0.07 763.5 [3, 3, 3, 3, 2, 3, 3, 3, 0, 3, 3, 3, 3, 2, 3, 3, 3, 0, 3, 3, 3, 3, 3, 3, 3, 3, 3, 3, 3, 3, 3, 3, 3, 3, 3, 3, 3, 3, 3, 3, 3, 3, 3, 3, 3, 3, 3, 3, 3, 3, 3, 3, 3, 3, 3] 
triadag10_8.txt 1_4x2.txt True 0.044444444444444446 0.08 763.5 [3, 3, 3, 3, 2, 3, 3, 3, 0, 3, 3, 3, 3, 2, 3, 3, 3, 0, 3, 3, 3, 3, 3, 3, 3, 3, 3, 3, 3, 3, 3, 3, 3, 3, 3, 3, 3, 3, 3, 3, 3, 3, 3, 3, 3, 3, 3, 3, 3, 3, 3, 3, 3, 3, 3] 
triadag10_8.txt 1_4x2.txt True 0.044444444444444446 0.09 763.5 [3, 3, 3, 3, 2, 3, 3, 3, 0, 3, 3, 3, 3, 2, 3, 3, 3, 0, 3, 3, 3, 3, 3, 3, 3, 3, 3, 3, 3, 3, 3, 3, 3, 3, 3, 3, 3, 3, 3, 3, 3, 3, 3, 3, 3, 3, 3, 3, 3, 3, 3, 3, 3, 3, 3] 
triadag10_8.txt 1_4x2.txt True 0.044444444444444446 0.1 763.5 [3, 3, 3, 3, 2, 3, 3, 3, 0, 3, 3, 3, 3, 2, 3, 3, 3, 0, 3, 3, 3, 3, 3, 3, 3, 3, 3, 3, 3, 3, 3, 3, 3, 3, 3, 3, 3, 3, 3, 3, 3, 3, 3, 3, 3, 3, 3, 3, 3, 3, 3, 3, 3, 3, 3] 
triadag10_8.txt 1_4x2.txt True 0.044444444444444446 0.11 763.5 [3, 3, 3, 3, 2, 3, 3, 3, 0, 3, 3, 3, 3, 2, 3, 3, 3, 0, 3, 3, 3, 3, 3, 3, 3, 3, 3, 3, 3, 3, 3, 3, 3, 3, 3, 3, 3, 3, 3, 3, 3, 3, 3, 3, 3, 3, 3, 3, 3, 3, 3, 3, 3, 3, 3] 
triadag10_8.txt 1_4x2.txt True 0.044444444444444446 0.12 763.5 [3, 3, 3, 3, 2, 3, 3, 3, 0, 3, 3, 3, 3, 2, 3, 3, 3, 0, 3, 3, 3, 3, 3, 3, 3, 3, 3, 3, 3, 3, 3, 3, 3, 3, 3, 3, 3, 3, 3, 3, 3, 3, 3, 3, 3, 3, 3, 3, 3, 3, 3, 3, 3, 3, 3] 
triadag10_8.txt 1_4x2.txt True 0.044444444444444446 0.13 763.5 [3, 3, 3, 3, 2, 3, 3, 3, 0, 3, 3, 3, 3, 2, 3, 3, 3, 0, 3, 3, 3, 3, 3, 3, 3, 3, 3, 3, 3, 3, 3, 3, 3, 3, 3, 3, 3, 3, 3, 3, 3, 3, 3, 3, 3, 3, 3, 3, 3, 3, 3, 3, 3, 3, 3] 
triadag10_8.txt 1_4x2.txt True 0.044444444444444446 0.14 763.5 [3, 3, 3, 3, 2, 3, 3, 3, 0, 3, 3, 3, 3, 2, 3, 3, 3, 0, 3, 3, 3, 3, 3, 3, 3, 3, 3, 3, 3, 3, 3, 3, 3, 3, 3, 3, 3, 3, 3, 3, 3, 3, 3, 3, 3, 3, 3, 3, 3, 3, 3, 3, 3, 3, 3] 
triadag10_8.txt 1_4x2.txt True 0.044444444444444446 0.15 763.5 [3, 3, 3, 3, 2, 3, 3, 3, 0, 3, 3, 3, 3, 2, 3, 3, 3, 0, 3, 3, 3, 3, 3, 3, 3, 3, 3, 3, 3, 3, 3, 3, 3, 3, 3, 3, 3, 3, 3, 3, 3, 3, 3, 3, 3, 3, 3, 3, 3, 3, 3, 3, 3, 3, 3] 
triadag10_8.txt 1_4x2.txt True 0.044444444444444446 0.16 763.5 [3, 3, 3, 3, 2, 3, 3, 3, 0, 3, 3, 3, 3, 2, 3, 3, 3, 0, 3, 3, 3, 3, 3, 3, 3, 3, 3, 3, 3, 3, 3, 3, 3, 3, 3, 3, 3, 3, 3, 3, 3, 3, 3, 3, 3, 3, 3, 3, 3, 3, 3, 3, 3, 3, 3] 
triadag10_8.txt 1_4x2.txt True 0.044444444444444446 0.17 763.5 [3, 3, 3, 3, 2, 3, 3, 3, 0, 3, 3, 3, 3, 2, 3, 3, 3, 0, 3, 3, 3, 3, 3, 3, 3, 3, 3, 3, 3, 3, 3, 3, 3, 3, 3, 3, 3, 3, 3, 3, 3, 3, 3, 3, 3, 3, 3, 3, 3, 3, 3, 3, 3, 3, 3] 
triadag10_8.txt 1_4x2.txt True 0.17777777777777778 0.18 609.0 [3, 3, 3, 3, 2, 3, 3, 3, 0, 3, 3, 3, 3, 2, 3, 3, 3, 0, 3, 3, 3, 2, 3, 3, 3, 0, 3, 3, 2, 3, 3, 3, 0, 3, 3, 3, 3, 3, 0, 3, 3, 3, 3, 0, 2, 3, 3, 0, 3, 3, 0, 3, 0, 3, 0] 
triadag10_8.txt 1_4x2.txt True 0.17777777777777778 0.19 609.0 [3, 3, 3, 3, 2, 3, 3, 3, 0, 3, 3, 3, 3, 2, 3, 3, 3, 0, 3, 3, 3, 2, 3, 3, 3, 0, 3, 3, 2, 3, 3, 3, 0, 3, 3, 3, 3, 3, 0, 3, 3, 3, 3, 0, 2, 3, 3, 0, 3, 3, 0, 3, 0, 3, 0] 
triadag10_8.txt 1_4x2.txt True 0.17777777777777778 0.2 609.0 [3, 3, 3, 3, 2, 3, 3, 3, 0, 3, 3, 3, 3, 2, 3, 3, 3, 0, 3, 3, 3, 2, 3, 3, 3, 0, 3, 3, 2, 3, 3, 3, 0, 3, 3, 3, 3, 3, 0, 3, 3, 3, 3, 0, 2, 3, 3, 0, 3, 3, 0, 3, 0, 3, 0] 
triadag10_8.txt 1_4x2.txt True 0.24444444444444444 0.25 971.0 [3, 2, 2, 3, 3, 3, 3, 3, 3, 3, 2, 2, 3, 3, 3, 3, 3, 3, 3, 2, 0, 2, 2, 2, 2, 2, 2, 0, 2, 2, 2, 2, 2, 2, 0, 0, 0, 0, 0, 0, 0, 0, 0, 0, 0, 1, 0, 0, 0, 1, 1, 1, 1, 1, 1] 
triadag10_8.txt 1_4x2.txt True 0.26666666666666666 0.3 824.0 [1, 1, 0, 0, 1, 1, 1, 0, 1, 0, 1, 0, 0, 1, 1, 1, 0, 1, 0, 2, 0, 1, 1, 1, 0, 1, 0, 2, 2, 1, 2, 2, 2, 0, 2, 3, 2, 2, 2, 2, 3, 2, 2, 2, 2, 3, 3, 3, 3, 3, 3, 3, 3, 3, 3] 
triadag10_8.txt 1_4x2.txt True 0.26666666666666666 0.35 824.0 [1, 1, 0, 0, 1, 1, 1, 0, 1, 0, 1, 0, 0, 1, 1, 1, 0, 1, 0, 2, 0, 1, 1, 1, 0, 1, 0, 2, 2, 1, 2, 2, 2, 0, 2, 3, 2, 2, 2, 2, 3, 2, 2, 2, 2, 3, 3, 3, 3, 3, 3, 3, 3, 3, 3] 
triadag10_8.txt 1_4x2.txt True 0.26666666666666666 0.4 824.0 [1, 1, 0, 0, 1, 1, 1, 0, 1, 0, 1, 0, 0, 1, 1, 1, 0, 1, 0, 2, 0, 1, 1, 1, 0, 1, 0, 2, 2, 1, 2, 2, 2, 0, 2, 3, 2, 2, 2, 2, 3, 2, 2, 2, 2, 3, 3, 3, 3, 3, 3, 3, 3, 3, 3] 
triadag10_8.txt 1_4x2.txt True 0.26666666666666666 0.45 824.0 [1, 1, 0, 0, 1, 1, 1, 0, 1, 0, 1, 0, 0, 1, 1, 1, 0, 1, 0, 2, 0, 1, 1, 1, 0, 1, 0, 2, 2, 1, 2, 2, 2, 0, 2, 3, 2, 2, 2, 2, 3, 2, 2, 2, 2, 3, 3, 3, 3, 3, 3, 3, 3, 3, 3] 
triadag10_8.txt 1_4x2.txt True 0.26666666666666666 0.5 824.0 [1, 1, 0, 0, 1, 1, 1, 0, 1, 0, 1, 0, 0, 1, 1, 1, 0, 1, 0, 2, 0, 1, 1, 1, 0, 1, 0, 2, 2, 1, 2, 2, 2, 0, 2, 3, 2, 2, 2, 2, 3, 2, 2, 2, 2, 3, 3, 3, 3, 3, 3, 3, 3, 3, 3] 
triadag10_8.txt 1_4x2.txt True 0.26666666666666666 0.55 824.0 [1, 1, 0, 0, 1, 1, 1, 0, 1, 0, 1, 0, 0, 1, 1, 1, 0, 1, 0, 2, 0, 1, 1, 1, 0, 1, 0, 2, 2, 1, 2, 2, 2, 0, 2, 3, 2, 2, 2, 2, 3, 2, 2, 2, 2, 3, 3, 3, 3, 3, 3, 3, 3, 3, 3] 
triadag10_8.txt 1_4x2.txt True 0.26666666666666666 0.6 824.0 [1, 1, 0, 0, 1, 1, 1, 0, 1, 0, 1, 0, 0, 1, 1, 1, 0, 1, 0, 2, 0, 1, 1, 1, 0, 1, 0, 2, 2, 1, 2, 2, 2, 0, 2, 3, 2, 2, 2, 2, 3, 2, 2, 2, 2, 3, 3, 3, 3, 3, 3, 3, 3, 3, 3] 
triadag10_8.txt 1_4x2.txt True 0.26666666666666666 0.65 824.0 [1, 1, 0, 0, 1, 1, 1, 0, 1, 0, 1, 0, 0, 1, 1, 1, 0, 1, 0, 2, 0, 1, 1, 1, 0, 1, 0, 2, 2, 1, 2, 2, 2, 0, 2, 3, 2, 2, 2, 2, 3, 2, 2, 2, 2, 3, 3, 3, 3, 3, 3, 3, 3, 3, 3] 
triadag10_8.txt 1_4x2.txt True 0.26666666666666666 0.7 824.0 [1, 1, 0, 0, 1, 1, 1, 0, 1, 0, 1, 0, 0, 1, 1, 1, 0, 1, 0, 2, 0, 1, 1, 1, 0, 1, 0, 2, 2, 1, 2, 2, 2, 0, 2, 3, 2, 2, 2, 2, 3, 2, 2, 2, 2, 3, 3, 3, 3, 3, 3, 3, 3, 3, 3] 
triadag10_8.txt 1_4x2.txt True 0.26666666666666666 0.75 824.0 [1, 1, 0, 0, 1, 1, 1, 0, 1, 0, 1, 0, 0, 1, 1, 1, 0, 1, 0, 2, 0, 1, 1, 1, 0, 1, 0, 2, 2, 1, 2, 2, 2, 0, 2, 3, 2, 2, 2, 2, 3, 2, 2, 2, 2, 3, 3, 3, 3, 3, 3, 3, 3, 3, 3] 
triadag10_8.txt 1_4x2.txt True 0.26666666666666666 0.8 824.0 [1, 1, 0, 0, 1, 1, 1, 0, 1, 0, 1, 0, 0, 1, 1, 1, 0, 1, 0, 2, 0, 1, 1, 1, 0, 1, 0, 2, 2, 1, 2, 2, 2, 0, 2, 3, 2, 2, 2, 2, 3, 2, 2, 2, 2, 3, 3, 3, 3, 3, 3, 3, 3, 3, 3] 
triadag10_8.txt 1_4x2.txt True 0.26666666666666666 0.85 824.0 [1, 1, 0, 0, 1, 1, 1, 0, 1, 0, 1, 0, 0, 1, 1, 1, 0, 1, 0, 2, 0, 1, 1, 1, 0, 1, 0, 2, 2, 1, 2, 2, 2, 0, 2, 3, 2, 2, 2, 2, 3, 2, 2, 2, 2, 3, 3, 3, 3, 3, 3, 3, 3, 3, 3] 
triadag10_8.txt 1_4x2.txt True 0.26666666666666666 0.9 824.0 [1, 1, 0, 0, 1, 1, 1, 0, 1, 0, 1, 0, 0, 1, 1, 1, 0, 1, 0, 2, 0, 1, 1, 1, 0, 1, 0, 2, 2, 1, 2, 2, 2, 0, 2, 3, 2, 2, 2, 2, 3, 2, 2, 2, 2, 3, 3, 3, 3, 3, 3, 3, 3, 3, 3] 
triadag10_8.txt 1_4x2.txt True 0.26666666666666666 0.95 824.0 [1, 1, 0, 0, 1, 1, 1, 0, 1, 0, 1, 0, 0, 1, 1, 1, 0, 1, 0, 2, 0, 1, 1, 1, 0, 1, 0, 2, 2, 1, 2, 2, 2, 0, 2, 3, 2, 2, 2, 2, 3, 2, 2, 2, 2, 3, 3, 3, 3, 3, 3, 3, 3, 3, 3] 
triadag10_8.txt 1_4x2.txt True 0.26666666666666666 1 824.0 [1, 1, 0, 0, 1, 1, 1, 0, 1, 0, 1, 0, 0, 1, 1, 1, 0, 1, 0, 2, 0, 1, 1, 1, 0, 1, 0, 2, 2, 1, 2, 2, 2, 0, 2, 3, 2, 2, 2, 2, 3, 2, 2, 2, 2, 3, 3, 3, 3, 3, 3, 3, 3, 3, 3] 
triadag10_8.txt 1_4x3.txt True 0.022222222222222223 0.07 800.0 [5, 5, 5, 5, 5, 5, 3, 5, 5, 5, 5, 5, 5, 5, 5, 3, 5, 5, 5, 5, 5, 5, 5, 5, 5, 5, 5, 5, 5, 5, 5, 5, 5, 5, 5, 5, 5, 5, 5, 5, 5, 5, 5, 5, 5, 5, 5, 5, 5, 5, 5, 5, 5, 5, 5] 
triadag10_8.txt 1_4x3.txt True 0.07777777777777778 0.08 751.25 [5, 5, 5, 5, 5, 5, 3, 5, 5, 5, 5, 5, 2, 5, 5, 3, 5, 5, 5, 5, 5, 5, 5, 5, 5, 5, 5, 5, 5, 5, 5, 5, 5, 5, 5, 5, 5, 5, 5, 5, 5, 5, 5, 5, 5, 5, 5, 5, 5, 5, 5, 5, 5, 5, 4] 
triadag10_8.txt 1_4x3.txt True 0.07777777777777778 0.09 751.25 [5, 5, 5, 5, 5, 5, 3, 5, 5, 5, 5, 5, 2, 5, 5, 3, 5, 5, 5, 5, 5, 5, 5, 5, 5, 5, 5, 5, 5, 5, 5, 5, 5, 5, 5, 5, 5, 5, 5, 5, 5, 5, 5, 5, 5, 5, 5, 5, 5, 5, 5, 5, 5, 5, 4] 
triadag10_8.txt 1_4x3.txt True 0.1 0.1 684.0 [5, 5, 5, 2, 5, 5, 3, 5, 5, 5, 5, 5, 2, 5, 5, 3, 5, 5, 5, 5, 5, 5, 5, 3, 5, 5, 5, 5, 5, 5, 5, 5, 5, 5, 5, 5, 5, 5, 5, 5, 5, 5, 5, 5, 5, 5, 5, 5, 5, 5, 4, 5, 4, 5, 4] 
triadag10_8.txt 1_4x3.txt True 0.1 0.11 684.0 [5, 5, 5, 2, 5, 5, 3, 5, 5, 5, 5, 5, 2, 5, 5, 3, 5, 5, 5, 5, 5, 5, 5, 3, 5, 5, 5, 5, 5, 5, 5, 5, 5, 5, 5, 5, 5, 5, 5, 5, 5, 5, 5, 5, 5, 5, 5, 5, 5, 5, 4, 5, 4, 5, 4] 
triadag10_8.txt 1_4x3.txt True 0.1 0.12 684.0 [5, 5, 5, 2, 5, 5, 3, 5, 5, 5, 5, 5, 2, 5, 5, 3, 5, 5, 5, 5, 5, 5, 5, 3, 5, 5, 5, 5, 5, 5, 5, 5, 5, 5, 5, 5, 5, 5, 5, 5, 5, 5, 5, 5, 5, 5, 5, 5, 5, 5, 4, 5, 4, 5, 4] 
triadag10_8.txt 1_4x3.txt True 0.1 0.13 684.0 [5, 5, 5, 2, 5, 5, 3, 5, 5, 5, 5, 5, 2, 5, 5, 3, 5, 5, 5, 5, 5, 5, 5, 3, 5, 5, 5, 5, 5, 5, 5, 5, 5, 5, 5, 5, 5, 5, 5, 5, 5, 5, 5, 5, 5, 5, 5, 5, 5, 5, 4, 5, 4, 5, 4] 
triadag10_8.txt 1_4x3.txt True 0.1 0.14 684.0 [5, 5, 5, 2, 5, 5, 3, 5, 5, 5, 5, 5, 2, 5, 5, 3, 5, 5, 5, 5, 5, 5, 5, 3, 5, 5, 5, 5, 5, 5, 5, 5, 5, 5, 5, 5, 5, 5, 5, 5, 5, 5, 5, 5, 5, 5, 5, 5, 5, 5, 4, 5, 4, 5, 4] 
triadag10_8.txt 1_4x3.txt True 0.1 0.15 684.0 [5, 5, 5, 2, 5, 5, 3, 5, 5, 5, 5, 5, 2, 5, 5, 3, 5, 5, 5, 5, 5, 5, 5, 3, 5, 5, 5, 5, 5, 5, 5, 5, 5, 5, 5, 5, 5, 5, 5, 5, 5, 5, 5, 5, 5, 5, 5, 5, 5, 5, 4, 5, 4, 5, 4] 
triadag10_8.txt 1_4x3.txt True 0.1 0.16 684.0 [5, 5, 5, 2, 5, 5, 3, 5, 5, 5, 5, 5, 2, 5, 5, 3, 5, 5, 5, 5, 5, 5, 5, 3, 5, 5, 5, 5, 5, 5, 5, 5, 5, 5, 5, 5, 5, 5, 5, 5, 5, 5, 5, 5, 5, 5, 5, 5, 5, 5, 4, 5, 4, 5, 4] 
triadag10_8.txt 1_4x3.txt True 0.1 0.17 684.0 [5, 5, 5, 2, 5, 5, 3, 5, 5, 5, 5, 5, 2, 5, 5, 3, 5, 5, 5, 5, 5, 5, 5, 3, 5, 5, 5, 5, 5, 5, 5, 5, 5, 5, 5, 5, 5, 5, 5, 5, 5, 5, 5, 5, 5, 5, 5, 5, 5, 5, 4, 5, 4, 5, 4] 
triadag10_8.txt 1_4x3.txt True 0.1 0.18 684.0 [5, 5, 5, 2, 5, 5, 3, 5, 5, 5, 5, 5, 2, 5, 5, 3, 5, 5, 5, 5, 5, 5, 5, 3, 5, 5, 5, 5, 5, 5, 5, 5, 5, 5, 5, 5, 5, 5, 5, 5, 5, 5, 5, 5, 5, 5, 5, 5, 5, 5, 4, 5, 4, 5, 4] 
triadag10_8.txt 1_4x3.txt True 0.1 0.19 684.0 [5, 5, 5, 2, 5, 5, 3, 5, 5, 5, 5, 5, 2, 5, 5, 3, 5, 5, 5, 5, 5, 5, 5, 3, 5, 5, 5, 5, 5, 5, 5, 5, 5, 5, 5, 5, 5, 5, 5, 5, 5, 5, 5, 5, 5, 5, 5, 5, 5, 5, 4, 5, 4, 5, 4] 
triadag10_8.txt 1_4x3.txt True 0.1 0.2 684.0 [5, 5, 5, 2, 5, 5, 3, 5, 5, 5, 5, 5, 2, 5, 5, 3, 5, 5, 5, 5, 5, 5, 5, 3, 5, 5, 5, 5, 5, 5, 5, 5, 5, 5, 5, 5, 5, 5, 5, 5, 5, 5, 5, 5, 5, 5, 5, 5, 5, 5, 4, 5, 4, 5, 4] 
triadag10_8.txt 1_4x3.txt True 0.2222222222222222 0.25 584.0 [5, 5, 5, 1, 5, 5, 4, 3, 5, 5, 5, 5, 1, 5, 5, 4, 3, 5, 5, 5, 1, 5, 5, 4, 3, 5, 5, 5, 5, 5, 4, 3, 5, 5, 5, 5, 4, 3, 5, 5, 5, 4, 3, 5, 5, 4, 3, 5, 5, 3, 4, 4, 3, 3, 3] 
triadag10_8.txt 1_4x3.txt True 0.2777777777777778 0.3 733.0 [4, 5, 4, 0, 4, 4, 4, 3, 4, 4, 5, 4, 0, 4, 4, 4, 3, 4, 4, 5, 0, 5, 5, 5, 5, 5, 5, 2, 5, 5, 5, 5, 5, 5, 2, 2, 2, 2, 2, 2, 1, 2, 2, 2, 2, 1, 1, 1, 1, 1, 1, 1, 1, 1, 1] 
triadag10_8.txt 1_4x3.txt True 0.3333333333333333 0.35 685.0 [2, 1, 2, 3, 2, 1, 0, 2, 2, 0, 1, 2, 3, 2, 1, 0, 2, 2, 0, 1, 3, 1, 1, 0, 1, 1, 0, 4, 1, 1, 0, 1, 1, 0, 4, 4, 4, 4, 4, 3, 4, 4, 4, 4, 3, 5, 4, 4, 3, 5, 5, 5, 5, 5, 5] 
triadag10_8.txt 1_4x3.txt True 0.36666666666666664 0.4 563.0 [5, 4, 3, 2, 5, 3, 5, 5, 3, 5, 4, 3, 2, 5, 3, 5, 5, 3, 5, 4, 2, 4, 3, 4, 4, 3, 4, 1, 4, 3, 4, 4, 3, 4, 1, 1, 2, 1, 1, 2, 1, 2, 1, 1, 2, 0, 1, 1, 0, 0, 0, 0, 0, 0, 0] 
triadag10_8.txt 1_4x3.txt True 0.43333333333333335 0.45 562.0 [5, 3, 5, 0, 5, 5, 4, 3, 5, 3, 4, 5, 0, 5, 5, 4, 3, 5, 3, 4, 0, 4, 4, 4, 3, 4, 3, 0, 4, 0, 4, 3, 4, 3, 4, 0, 2, 3, 0, 0, 2, 2, 2, 2, 2, 1, 2, 2, 1, 1, 1, 1, 1, 1, 1] 
triadag10_8.txt 1_4x3.txt True 0.4666666666666667 0.5 567.0 [5, 4, 5, 0, 5, 5, 4, 3, 5, 3, 3, 5, 0, 5, 5, 4, 3, 5, 3, 4, 0, 4, 4, 4, 3, 4, 3, 0, 4, 0, 4, 3, 4, 3, 4, 0, 2, 3, 0, 0, 2, 2, 2, 2, 2, 1, 2, 2, 1, 1, 1, 1, 1, 1, 1] 
triadag10_8.txt 1_4x3.txt True 0.4666666666666667 0.55 567.0 [5, 4, 5, 0, 5, 5, 4, 3, 5, 3, 3, 5, 0, 5, 5, 4, 3, 5, 3, 4, 0, 4, 4, 4, 3, 4, 3, 0, 4, 0, 4, 3, 4, 3, 4, 0, 2, 3, 0, 0, 2, 2, 2, 2, 2, 1, 2, 2, 1, 1, 1, 1, 1, 1, 1] 
triadag10_8.txt 1_4x3.txt True 0.4666666666666667 0.6 567.0 [5, 4, 5, 0, 5, 5, 4, 3, 5, 3, 3, 5, 0, 5, 5, 4, 3, 5, 3, 4, 0, 4, 4, 4, 3, 4, 3, 0, 4, 0, 4, 3, 4, 3, 4, 0, 2, 3, 0, 0, 2, 2, 2, 2, 2, 1, 2, 2, 1, 1, 1, 1, 1, 1, 1] 
triadag10_8.txt 1_4x3.txt True 0.4666666666666667 0.65 567.0 [5, 4, 5, 0, 5, 5, 4, 3, 5, 3, 3, 5, 0, 5, 5, 4, 3, 5, 3, 4, 0, 4, 4, 4, 3, 4, 3, 0, 4, 0, 4, 3, 4, 3, 4, 0, 2, 3, 0, 0, 2, 2, 2, 2, 2, 1, 2, 2, 1, 1, 1, 1, 1, 1, 1] 
triadag10_8.txt 1_4x3.txt True 0.4666666666666667 0.7 567.0 [5, 4, 5, 0, 5, 5, 4, 3, 5, 3, 3, 5, 0, 5, 5, 4, 3, 5, 3, 4, 0, 4, 4, 4, 3, 4, 3, 0, 4, 0, 4, 3, 4, 3, 4, 0, 2, 3, 0, 0, 2, 2, 2, 2, 2, 1, 2, 2, 1, 1, 1, 1, 1, 1, 1] 
triadag10_8.txt 1_4x3.txt True 0.4666666666666667 0.75 567.0 [5, 4, 5, 0, 5, 5, 4, 3, 5, 3, 3, 5, 0, 5, 5, 4, 3, 5, 3, 4, 0, 4, 4, 4, 3, 4, 3, 0, 4, 0, 4, 3, 4, 3, 4, 0, 2, 3, 0, 0, 2, 2, 2, 2, 2, 1, 2, 2, 1, 1, 1, 1, 1, 1, 1] 
triadag10_8.txt 1_4x3.txt True 0.4666666666666667 0.8 567.0 [5, 4, 5, 0, 5, 5, 4, 3, 5, 3, 3, 5, 0, 5, 5, 4, 3, 5, 3, 4, 0, 4, 4, 4, 3, 4, 3, 0, 4, 0, 4, 3, 4, 3, 4, 0, 2, 3, 0, 0, 2, 2, 2, 2, 2, 1, 2, 2, 1, 1, 1, 1, 1, 1, 1] 
triadag10_8.txt 1_4x3.txt True 0.4666666666666667 0.85 567.0 [5, 4, 5, 0, 5, 5, 4, 3, 5, 3, 3, 5, 0, 5, 5, 4, 3, 5, 3, 4, 0, 4, 4, 4, 3, 4, 3, 0, 4, 0, 4, 3, 4, 3, 4, 0, 2, 3, 0, 0, 2, 2, 2, 2, 2, 1, 2, 2, 1, 1, 1, 1, 1, 1, 1] 
triadag10_8.txt 1_4x3.txt True 0.4666666666666667 0.9 567.0 [5, 4, 5, 0, 5, 5, 4, 3, 5, 3, 3, 5, 0, 5, 5, 4, 3, 5, 3, 4, 0, 4, 4, 4, 3, 4, 3, 0, 4, 0, 4, 3, 4, 3, 4, 0, 2, 3, 0, 0, 2, 2, 2, 2, 2, 1, 2, 2, 1, 1, 1, 1, 1, 1, 1] 
triadag10_8.txt 1_4x3.txt True 0.4666666666666667 0.95 567.0 [5, 4, 5, 0, 5, 5, 4, 3, 5, 3, 3, 5, 0, 5, 5, 4, 3, 5, 3, 4, 0, 4, 4, 4, 3, 4, 3, 0, 4, 0, 4, 3, 4, 3, 4, 0, 2, 3, 0, 0, 2, 2, 2, 2, 2, 1, 2, 2, 1, 1, 1, 1, 1, 1, 1] 
triadag10_8.txt 1_4x3.txt True 0.4666666666666667 1 567.0 [5, 4, 5, 0, 5, 5, 4, 3, 5, 3, 3, 5, 0, 5, 5, 4, 3, 5, 3, 4, 0, 4, 4, 4, 3, 4, 3, 0, 4, 0, 4, 3, 4, 3, 4, 0, 2, 3, 0, 0, 2, 2, 2, 2, 2, 1, 2, 2, 1, 1, 1, 1, 1, 1, 1] 
triadag10_8.txt 3_2x1.txt True 0.022222222222222223 0.07 1586.5 [1, 1, 0, 1, 1, 1, 1, 1, 1, 1, 1, 0, 1, 1, 1, 1, 1, 1, 1, 1, 1, 1, 1, 1, 1, 1, 1, 1, 1, 1, 1, 1, 1, 1, 1, 1, 1, 1, 1, 1, 1, 1, 1, 1, 1, 1, 1, 1, 1, 1, 1, 1, 1, 1, 1] 
triadag10_8.txt 3_2x1.txt True 0.07777777777777778 0.08 1128.5 [1, 1, 1, 1, 1, 1, 1, 1, 1, 1, 1, 1, 1, 1, 1, 1, 1, 1, 1, 1, 1, 1, 1, 1, 1, 1, 1, 1, 1, 1, 1, 1, 1, 1, 0, 1, 1, 1, 1, 1, 0, 0, 0, 0, 0, 0, 0, 0, 0, 0, 0, 0, 0, 0, 0] 
triadag10_8.txt 3_2x1.txt True 0.08888888888888889 0.09 941.5 [1, 1, 1, 1, 1, 1, 1, 1, 1, 1, 1, 1, 1, 1, 1, 1, 1, 1, 1, 1, 1, 1, 1, 1, 1, 1, 1, 0, 1, 1, 1, 1, 1, 1, 0, 0, 0, 0, 0, 0, 0, 0, 0, 0, 0, 0, 0, 0, 0, 0, 0, 0, 0, 0, 0] 
triadag10_8.txt 3_2x1.txt True 0.1 0.1 826.5 [0, 0, 0, 1, 0, 0, 0, 0, 0, 0, 0, 0, 1, 0, 0, 0, 0, 0, 0, 0, 1, 0, 0, 0, 0, 0, 0, 1, 0, 0, 0, 0, 0, 0, 1, 1, 1, 1, 1, 1, 1, 1, 1, 1, 1, 1, 1, 1, 1, 1, 1, 1, 1, 1, 1] 
triadag10_8.txt 3_2x1.txt True 0.1 0.11 826.5 [0, 0, 0, 1, 0, 0, 0, 0, 0, 0, 0, 0, 1, 0, 0, 0, 0, 0, 0, 0, 1, 0, 0, 0, 0, 0, 0, 1, 0, 0, 0, 0, 0, 0, 1, 1, 1, 1, 1, 1, 1, 1, 1, 1, 1, 1, 1, 1, 1, 1, 1, 1, 1, 1, 1] 
triadag10_8.txt 3_2x1.txt True 0.1111111111111111 0.12 826.0 [1, 1, 1, 1, 1, 1, 1, 1, 0, 1, 1, 1, 1, 1, 1, 1, 1, 0, 1, 1, 1, 1, 1, 1, 1, 0, 1, 0, 1, 1, 1, 1, 0, 1, 0, 0, 0, 0, 0, 0, 0, 0, 0, 0, 0, 0, 0, 0, 0, 0, 0, 0, 0, 0, 0] 
triadag10_8.txt 3_2x1.txt True 0.1111111111111111 0.13 826.0 [1, 1, 1, 1, 1, 1, 1, 1, 0, 1, 1, 1, 1, 1, 1, 1, 1, 0, 1, 1, 1, 1, 1, 1, 1, 0, 1, 0, 1, 1, 1, 1, 0, 1, 0, 0, 0, 0, 0, 0, 0, 0, 0, 0, 0, 0, 0, 0, 0, 0, 0, 0, 0, 0, 0] 
triadag10_8.txt 3_2x1.txt True 0.13333333333333333 0.14 824.0 [0, 0, 0, 0, 0, 0, 0, 0, 0, 0, 0, 0, 0, 0, 0, 0, 0, 0, 0, 0, 1, 0, 0, 0, 0, 0, 0, 1, 0, 0, 0, 1, 1, 1, 1, 1, 1, 1, 1, 1, 1, 1, 1, 1, 1, 1, 1, 1, 1, 1, 1, 1, 1, 1, 1] 
triadag10_8.txt 3_2x1.txt True 0.13333333333333333 0.15 824.0 [0, 0, 0, 0, 0, 0, 0, 0, 0, 0, 0, 0, 0, 0, 0, 0, 0, 0, 0, 0, 1, 0, 0, 0, 0, 0, 0, 1, 0, 0, 0, 1, 1, 1, 1, 1, 1, 1, 1, 1, 1, 1, 1, 1, 1, 1, 1, 1, 1, 1, 1, 1, 1, 1, 1] 
triadag10_8.txt 3_2x1.txt True 0.13333333333333333 0.16 824.0 [0, 0, 0, 0, 0, 0, 0, 0, 0, 0, 0, 0, 0, 0, 0, 0, 0, 0, 0, 0, 1, 0, 0, 0, 0, 0, 0, 1, 0, 0, 0, 1, 1, 1, 1, 1, 1, 1, 1, 1, 1, 1, 1, 1, 1, 1, 1, 1, 1, 1, 1, 1, 1, 1, 1] 
triadag10_8.txt 3_2x1.txt True 0.13333333333333333 0.17 824.0 [0, 0, 0, 0, 0, 0, 0, 0, 0, 0, 0, 0, 0, 0, 0, 0, 0, 0, 0, 0, 1, 0, 0, 0, 0, 0, 0, 1, 0, 0, 0, 1, 1, 1, 1, 1, 1, 1, 1, 1, 1, 1, 1, 1, 1, 1, 1, 1, 1, 1, 1, 1, 1, 1, 1] 
triadag10_8.txt 3_2x1.txt True 0.13333333333333333 0.18 824.0 [0, 0, 0, 0, 0, 0, 0, 0, 0, 0, 0, 0, 0, 0, 0, 0, 0, 0, 0, 0, 1, 0, 0, 0, 0, 0, 0, 1, 0, 0, 0, 1, 1, 1, 1, 1, 1, 1, 1, 1, 1, 1, 1, 1, 1, 1, 1, 1, 1, 1, 1, 1, 1, 1, 1] 
triadag10_8.txt 3_2x1.txt True 0.13333333333333333 0.19 824.0 [0, 0, 0, 0, 0, 0, 0, 0, 0, 0, 0, 0, 0, 0, 0, 0, 0, 0, 0, 0, 1, 0, 0, 0, 0, 0, 0, 1, 0, 0, 0, 1, 1, 1, 1, 1, 1, 1, 1, 1, 1, 1, 1, 1, 1, 1, 1, 1, 1, 1, 1, 1, 1, 1, 1] 
triadag10_8.txt 3_2x1.txt True 0.13333333333333333 0.2 824.0 [0, 0, 0, 0, 0, 0, 0, 0, 0, 0, 0, 0, 0, 0, 0, 0, 0, 0, 0, 0, 1, 0, 0, 0, 0, 0, 0, 1, 0, 0, 0, 1, 1, 1, 1, 1, 1, 1, 1, 1, 1, 1, 1, 1, 1, 1, 1, 1, 1, 1, 1, 1, 1, 1, 1] 
triadag10_8.txt 3_2x1.txt True 0.13333333333333333 0.25 824.0 [0, 0, 0, 0, 0, 0, 0, 0, 0, 0, 0, 0, 0, 0, 0, 0, 0, 0, 0, 0, 1, 0, 0, 0, 0, 0, 0, 1, 0, 0, 0, 1, 1, 1, 1, 1, 1, 1, 1, 1, 1, 1, 1, 1, 1, 1, 1, 1, 1, 1, 1, 1, 1, 1, 1] 
triadag10_8.txt 3_2x1.txt True 0.13333333333333333 0.3 824.0 [0, 0, 0, 0, 0, 0, 0, 0, 0, 0, 0, 0, 0, 0, 0, 0, 0, 0, 0, 0, 1, 0, 0, 0, 0, 0, 0, 1, 0, 0, 0, 1, 1, 1, 1, 1, 1, 1, 1, 1, 1, 1, 1, 1, 1, 1, 1, 1, 1, 1, 1, 1, 1, 1, 1] 
triadag10_8.txt 3_2x1.txt True 0.13333333333333333 0.35 824.0 [0, 0, 0, 0, 0, 0, 0, 0, 0, 0, 0, 0, 0, 0, 0, 0, 0, 0, 0, 0, 1, 0, 0, 0, 0, 0, 0, 1, 0, 0, 0, 1, 1, 1, 1, 1, 1, 1, 1, 1, 1, 1, 1, 1, 1, 1, 1, 1, 1, 1, 1, 1, 1, 1, 1] 
triadag10_8.txt 3_2x1.txt True 0.13333333333333333 0.4 824.0 [0, 0, 0, 0, 0, 0, 0, 0, 0, 0, 0, 0, 0, 0, 0, 0, 0, 0, 0, 0, 1, 0, 0, 0, 0, 0, 0, 1, 0, 0, 0, 1, 1, 1, 1, 1, 1, 1, 1, 1, 1, 1, 1, 1, 1, 1, 1, 1, 1, 1, 1, 1, 1, 1, 1] 
triadag10_8.txt 3_2x1.txt True 0.13333333333333333 0.45 824.0 [0, 0, 0, 0, 0, 0, 0, 0, 0, 0, 0, 0, 0, 0, 0, 0, 0, 0, 0, 0, 1, 0, 0, 0, 0, 0, 0, 1, 0, 0, 0, 1, 1, 1, 1, 1, 1, 1, 1, 1, 1, 1, 1, 1, 1, 1, 1, 1, 1, 1, 1, 1, 1, 1, 1] 
triadag10_8.txt 3_2x1.txt True 0.13333333333333333 0.5 824.0 [0, 0, 0, 0, 0, 0, 0, 0, 0, 0, 0, 0, 0, 0, 0, 0, 0, 0, 0, 0, 1, 0, 0, 0, 0, 0, 0, 1, 0, 0, 0, 1, 1, 1, 1, 1, 1, 1, 1, 1, 1, 1, 1, 1, 1, 1, 1, 1, 1, 1, 1, 1, 1, 1, 1] 
triadag10_8.txt 3_2x1.txt True 0.13333333333333333 0.55 824.0 [0, 0, 0, 0, 0, 0, 0, 0, 0, 0, 0, 0, 0, 0, 0, 0, 0, 0, 0, 0, 1, 0, 0, 0, 0, 0, 0, 1, 0, 0, 0, 1, 1, 1, 1, 1, 1, 1, 1, 1, 1, 1, 1, 1, 1, 1, 1, 1, 1, 1, 1, 1, 1, 1, 1] 
triadag10_8.txt 3_2x1.txt True 0.13333333333333333 0.6 824.0 [0, 0, 0, 0, 0, 0, 0, 0, 0, 0, 0, 0, 0, 0, 0, 0, 0, 0, 0, 0, 1, 0, 0, 0, 0, 0, 0, 1, 0, 0, 0, 1, 1, 1, 1, 1, 1, 1, 1, 1, 1, 1, 1, 1, 1, 1, 1, 1, 1, 1, 1, 1, 1, 1, 1] 
triadag10_8.txt 3_2x1.txt True 0.13333333333333333 0.65 824.0 [0, 0, 0, 0, 0, 0, 0, 0, 0, 0, 0, 0, 0, 0, 0, 0, 0, 0, 0, 0, 1, 0, 0, 0, 0, 0, 0, 1, 0, 0, 0, 1, 1, 1, 1, 1, 1, 1, 1, 1, 1, 1, 1, 1, 1, 1, 1, 1, 1, 1, 1, 1, 1, 1, 1] 
triadag10_8.txt 3_2x1.txt True 0.13333333333333333 0.7 824.0 [0, 0, 0, 0, 0, 0, 0, 0, 0, 0, 0, 0, 0, 0, 0, 0, 0, 0, 0, 0, 1, 0, 0, 0, 0, 0, 0, 1, 0, 0, 0, 1, 1, 1, 1, 1, 1, 1, 1, 1, 1, 1, 1, 1, 1, 1, 1, 1, 1, 1, 1, 1, 1, 1, 1] 
triadag10_8.txt 3_2x1.txt True 0.13333333333333333 0.75 824.0 [0, 0, 0, 0, 0, 0, 0, 0, 0, 0, 0, 0, 0, 0, 0, 0, 0, 0, 0, 0, 1, 0, 0, 0, 0, 0, 0, 1, 0, 0, 0, 1, 1, 1, 1, 1, 1, 1, 1, 1, 1, 1, 1, 1, 1, 1, 1, 1, 1, 1, 1, 1, 1, 1, 1] 
triadag10_8.txt 3_2x1.txt True 0.13333333333333333 0.8 824.0 [0, 0, 0, 0, 0, 0, 0, 0, 0, 0, 0, 0, 0, 0, 0, 0, 0, 0, 0, 0, 1, 0, 0, 0, 0, 0, 0, 1, 0, 0, 0, 1, 1, 1, 1, 1, 1, 1, 1, 1, 1, 1, 1, 1, 1, 1, 1, 1, 1, 1, 1, 1, 1, 1, 1] 
triadag10_8.txt 3_2x1.txt True 0.13333333333333333 0.85 824.0 [0, 0, 0, 0, 0, 0, 0, 0, 0, 0, 0, 0, 0, 0, 0, 0, 0, 0, 0, 0, 1, 0, 0, 0, 0, 0, 0, 1, 0, 0, 0, 1, 1, 1, 1, 1, 1, 1, 1, 1, 1, 1, 1, 1, 1, 1, 1, 1, 1, 1, 1, 1, 1, 1, 1] 
triadag10_8.txt 3_2x1.txt True 0.13333333333333333 0.9 824.0 [0, 0, 0, 0, 0, 0, 0, 0, 0, 0, 0, 0, 0, 0, 0, 0, 0, 0, 0, 0, 1, 0, 0, 0, 0, 0, 0, 1, 0, 0, 0, 1, 1, 1, 1, 1, 1, 1, 1, 1, 1, 1, 1, 1, 1, 1, 1, 1, 1, 1, 1, 1, 1, 1, 1] 
triadag10_8.txt 3_2x1.txt True 0.13333333333333333 0.95 824.0 [0, 0, 0, 0, 0, 0, 0, 0, 0, 0, 0, 0, 0, 0, 0, 0, 0, 0, 0, 0, 1, 0, 0, 0, 0, 0, 0, 1, 0, 0, 0, 1, 1, 1, 1, 1, 1, 1, 1, 1, 1, 1, 1, 1, 1, 1, 1, 1, 1, 1, 1, 1, 1, 1, 1] 
triadag10_8.txt 3_2x1.txt True 0.13333333333333333 1 824.0 [0, 0, 0, 0, 0, 0, 0, 0, 0, 0, 0, 0, 0, 0, 0, 0, 0, 0, 0, 0, 1, 0, 0, 0, 0, 0, 0, 1, 0, 0, 0, 1, 1, 1, 1, 1, 1, 1, 1, 1, 1, 1, 1, 1, 1, 1, 1, 1, 1, 1, 1, 1, 1, 1, 1] 
