triadag10_1.txt 3_2x4.txt True 0.0 0.07 767.0 [7, 7, 7, 7, 7, 7, 7, 7, 7, 7, 7, 7, 7, 7, 7, 7, 7, 7, 7, 7, 7, 7, 7, 7, 7, 7, 7, 7, 7, 7, 7, 7, 7, 7, 7, 7, 7, 7, 7, 7, 7, 7, 7, 7, 7, 7, 7, 7, 7, 7, 7, 7, 7, 7, 7] 
triadag10_1.txt 3_2x4.txt True 0.07777777777777778 0.1 667.25 [7, 7, 6, 7, 7, 7, 5, 7, 7, 7, 7, 6, 7, 1, 7, 5, 7, 7, 7, 7, 7, 7, 7, 7, 7, 7, 7, 7, 7, 7, 7, 7, 7, 7, 7, 7, 7, 7, 7, 7, 7, 7, 7, 7, 7, 7, 7, 7, 7, 7, 7, 7, 7, 7, 7] 
triadag10_1.txt 3_2x4.txt True 0.07777777777777778 0.15 667.25 [7, 7, 6, 7, 7, 7, 5, 7, 7, 7, 7, 6, 7, 1, 7, 5, 7, 7, 7, 7, 7, 7, 7, 7, 7, 7, 7, 7, 7, 7, 7, 7, 7, 7, 7, 7, 7, 7, 7, 7, 7, 7, 7, 7, 7, 7, 7, 7, 7, 7, 7, 7, 7, 7, 7] 
triadag10_1.txt 3_2x4.txt True 0.18888888888888888 0.2 279.0 [5, 5, 6, 5, 5, 4, 5, 5, 5, 5, 5, 6, 5, 5, 4, 5, 5, 5, 5, 7, 5, 5, 7, 5, 5, 5, 5, 7, 7, 7, 7, 7, 7, 7, 7, 7, 7, 7, 7, 7, 7, 7, 7, 7, 7, 3, 7, 7, 7, 3, 3, 3, 3, 3, 3] 
triadag10_1.txt 3_2x4.txt True 0.18888888888888888 0.3 279.0 [5, 5, 6, 5, 5, 4, 5, 5, 5, 5, 5, 6, 5, 5, 4, 5, 5, 5, 5, 7, 5, 5, 7, 5, 5, 5, 5, 7, 7, 7, 7, 7, 7, 7, 7, 7, 7, 7, 7, 7, 7, 7, 7, 7, 7, 3, 7, 7, 7, 3, 3, 3, 3, 3, 3] 
triadag10_1.txt 3_2x4.txt True 0.4 0.4 399.0 [2, 3, 2, 7, 0, 2, 1, 1, 3, 2, 3, 2, 7, 0, 2, 1, 1, 3, 2, 3, 7, 0, 3, 3, 1, 3, 3, 5, 0, 3, 3, 1, 3, 3, 5, 4, 5, 5, 5, 5, 4, 5, 5, 5, 5, 6, 4, 4, 4, 6, 4, 6, 7, 6, 7] 
triadag10_1.txt 3_2x4.txt True 0.43333333333333335 0.5 392.0 [2, 2, 0, 2, 3, 1, 0, 3, 2, 1, 1, 0, 2, 3, 1, 0, 3, 2, 1, 1, 2, 3, 1, 0, 3, 1, 1, 7, 7, 1, 0, 6, 1, 1, 7, 7, 6, 6, 7, 7, 4, 6, 6, 7, 7, 4, 5, 4, 4, 5, 4, 4, 5, 5, 5] 
triadag10_1.txt 3_2x4.txt True 0.43333333333333335 0.6 392.0 [2, 2, 0, 2, 3, 1, 0, 3, 2, 1, 1, 0, 2, 3, 1, 0, 3, 2, 1, 1, 2, 3, 1, 0, 3, 1, 1, 7, 7, 1, 0, 6, 1, 1, 7, 7, 6, 6, 7, 7, 4, 6, 6, 7, 7, 4, 5, 4, 4, 5, 4, 4, 5, 5, 5] 
triadag10_1.txt 3_2x4.txt True 0.43333333333333335 0.7 392.0 [2, 2, 0, 2, 3, 1, 0, 3, 2, 1, 1, 0, 2, 3, 1, 0, 3, 2, 1, 1, 2, 3, 1, 0, 3, 1, 1, 7, 7, 1, 0, 6, 1, 1, 7, 7, 6, 6, 7, 7, 4, 6, 6, 7, 7, 4, 5, 4, 4, 5, 4, 4, 5, 5, 5] 
triadag10_1.txt 3_2x4.txt True 0.43333333333333335 1 392.0 [2, 2, 0, 2, 3, 1, 0, 3, 2, 1, 1, 0, 2, 3, 1, 0, 3, 2, 1, 1, 2, 3, 1, 0, 3, 1, 1, 7, 7, 1, 0, 6, 1, 1, 7, 7, 6, 6, 7, 7, 4, 6, 6, 7, 7, 4, 5, 4, 4, 5, 4, 4, 5, 5, 5] 
triadag10_1.txt 3_2x2.txt True 0.022222222222222223 0.07 1499.0 [3, 3, 3, 3, 3, 3, 3, 2, 3, 3, 3, 3, 3, 3, 3, 3, 2, 3, 3, 3, 3, 3, 3, 3, 3, 3, 3, 3, 3, 3, 3, 3, 3, 3, 3, 3, 3, 3, 3, 3, 3, 3, 3, 3, 3, 3, 3, 3, 3, 3, 3, 3, 3, 3, 3] 
triadag10_1.txt 3_2x2.txt True 0.1 0.1 1250.5 [3, 3, 0, 3, 3, 3, 3, 2, 3, 3, 3, 0, 3, 3, 3, 3, 2, 3, 3, 3, 3, 3, 3, 3, 2, 3, 3, 3, 3, 3, 3, 2, 3, 3, 3, 3, 3, 2, 3, 3, 3, 3, 2, 3, 3, 3, 2, 3, 3, 3, 3, 3, 3, 3, 3] 
triadag10_1.txt 3_2x2.txt True 0.14444444444444443 0.15 856.0 [3, 3, 3, 3, 2, 3, 3, 3, 3, 3, 3, 3, 3, 2, 3, 3, 3, 3, 3, 3, 3, 2, 3, 3, 3, 3, 3, 3, 2, 3, 3, 3, 3, 3, 3, 1, 1, 3, 3, 3, 1, 1, 3, 3, 3, 1, 1, 1, 1, 1, 1, 1, 1, 1, 1] 
triadag10_1.txt 3_2x2.txt True 0.2 0.2 641.5 [2, 3, 2, 2, 2, 2, 2, 2, 2, 3, 3, 2, 2, 2, 2, 2, 2, 2, 3, 3, 3, 3, 3, 3, 3, 3, 3, 3, 3, 3, 3, 3, 3, 3, 3, 3, 3, 3, 3, 3, 1, 3, 3, 3, 3, 1, 1, 1, 1, 1, 1, 1, 0, 1, 0] 
triadag10_1.txt 3_2x2.txt True 0.28888888888888886 0.3 381.0 [1, 0, 1, 2, 1, 1, 0, 1, 1, 1, 0, 1, 2, 1, 1, 0, 1, 1, 1, 0, 2, 0, 0, 0, 0, 1, 0, 2, 0, 2, 0, 0, 2, 0, 2, 2, 2, 2, 2, 2, 3, 2, 2, 2, 2, 3, 3, 3, 2, 3, 3, 3, 3, 3, 3] 
triadag10_1.txt 3_2x2.txt True 0.34444444444444444 0.4 385.5 [3, 2, 2, 3, 3, 1, 3, 3, 3, 3, 1, 2, 3, 3, 1, 3, 3, 3, 2, 2, 3, 2, 1, 2, 2, 3, 2, 0, 2, 1, 2, 2, 2, 2, 0, 0, 0, 0, 0, 0, 0, 0, 0, 0, 0, 1, 0, 0, 0, 1, 1, 1, 1, 1, 1] 
triadag10_1.txt 3_2x2.txt True 0.34444444444444444 0.5 385.5 [3, 2, 2, 3, 3, 1, 3, 3, 3, 3, 1, 2, 3, 3, 1, 3, 3, 3, 2, 2, 3, 2, 1, 2, 2, 3, 2, 0, 2, 1, 2, 2, 2, 2, 0, 0, 0, 0, 0, 0, 0, 0, 0, 0, 0, 1, 0, 0, 0, 1, 1, 1, 1, 1, 1] 
triadag10_1.txt 3_2x2.txt True 0.34444444444444444 0.6 385.5 [3, 2, 2, 3, 3, 1, 3, 3, 3, 3, 1, 2, 3, 3, 1, 3, 3, 3, 2, 2, 3, 2, 1, 2, 2, 3, 2, 0, 2, 1, 2, 2, 2, 2, 0, 0, 0, 0, 0, 0, 0, 0, 0, 0, 0, 1, 0, 0, 0, 1, 1, 1, 1, 1, 1] 
triadag10_1.txt 3_2x2.txt True 0.34444444444444444 0.7 385.5 [3, 2, 2, 3, 3, 1, 3, 3, 3, 3, 1, 2, 3, 3, 1, 3, 3, 3, 2, 2, 3, 2, 1, 2, 2, 3, 2, 0, 2, 1, 2, 2, 2, 2, 0, 0, 0, 0, 0, 0, 0, 0, 0, 0, 0, 1, 0, 0, 0, 1, 1, 1, 1, 1, 1] 
triadag10_1.txt 3_2x2.txt True 0.34444444444444444 1 385.5 [3, 2, 2, 3, 3, 1, 3, 3, 3, 3, 1, 2, 3, 3, 1, 3, 3, 3, 2, 2, 3, 2, 1, 2, 2, 3, 2, 0, 2, 1, 2, 2, 2, 2, 0, 0, 0, 0, 0, 0, 0, 0, 0, 0, 0, 1, 0, 0, 0, 1, 1, 1, 1, 1, 1] 
triadag10_1.txt 3_2x1.txt True 0.06666666666666667 0.07 1130.5 [1, 1, 1, 1, 1, 1, 1, 1, 1, 1, 1, 1, 1, 1, 1, 1, 1, 1, 1, 1, 1, 1, 1, 1, 1, 1, 1, 1, 1, 1, 1, 1, 1, 1, 1, 1, 1, 1, 1, 1, 0, 1, 1, 1, 1, 0, 0, 0, 0, 0, 0, 0, 0, 0, 0] 
triadag10_1.txt 3_2x1.txt True 0.1 0.1 738.5 [0, 0, 0, 1, 0, 0, 0, 0, 0, 0, 0, 0, 1, 0, 0, 0, 0, 0, 0, 0, 1, 0, 0, 0, 0, 0, 0, 1, 0, 0, 0, 0, 0, 0, 1, 1, 1, 1, 1, 1, 1, 1, 1, 1, 1, 1, 1, 1, 1, 1, 1, 1, 1, 1, 1] 
triadag10_1.txt 3_2x1.txt True 0.12222222222222222 0.15 769.5 [0, 0, 0, 0, 0, 0, 0, 0, 0, 0, 0, 0, 0, 0, 0, 0, 0, 0, 0, 0, 0, 0, 0, 0, 0, 0, 0, 1, 1, 0, 1, 1, 0, 0, 1, 1, 1, 1, 1, 1, 1, 1, 1, 1, 1, 1, 1, 1, 1, 1, 1, 1, 1, 1, 1] 
triadag10_1.txt 3_2x1.txt True 0.18888888888888888 0.2 764.5 [0, 0, 0, 0, 1, 0, 0, 0, 0, 0, 0, 0, 0, 1, 0, 0, 0, 0, 0, 1, 0, 1, 0, 0, 0, 0, 0, 0, 1, 0, 0, 1, 0, 0, 1, 0, 0, 1, 1, 0, 1, 1, 1, 1, 1, 1, 1, 1, 1, 1, 1, 1, 1, 1, 1] 
triadag10_1.txt 3_2x1.txt True 0.18888888888888888 0.3 764.5 [0, 0, 0, 0, 1, 0, 0, 0, 0, 0, 0, 0, 0, 1, 0, 0, 0, 0, 0, 1, 0, 1, 0, 0, 0, 0, 0, 0, 1, 0, 0, 1, 0, 0, 1, 0, 0, 1, 1, 0, 1, 1, 1, 1, 1, 1, 1, 1, 1, 1, 1, 1, 1, 1, 1] 
triadag10_1.txt 3_2x1.txt True 0.18888888888888888 0.4 764.5 [0, 0, 0, 0, 1, 0, 0, 0, 0, 0, 0, 0, 0, 1, 0, 0, 0, 0, 0, 1, 0, 1, 0, 0, 0, 0, 0, 0, 1, 0, 0, 1, 0, 0, 1, 0, 0, 1, 1, 0, 1, 1, 1, 1, 1, 1, 1, 1, 1, 1, 1, 1, 1, 1, 1] 
triadag10_1.txt 3_2x1.txt True 0.18888888888888888 0.5 764.5 [0, 0, 0, 0, 1, 0, 0, 0, 0, 0, 0, 0, 0, 1, 0, 0, 0, 0, 0, 1, 0, 1, 0, 0, 0, 0, 0, 0, 1, 0, 0, 1, 0, 0, 1, 0, 0, 1, 1, 0, 1, 1, 1, 1, 1, 1, 1, 1, 1, 1, 1, 1, 1, 1, 1] 
triadag10_1.txt 3_2x1.txt True 0.18888888888888888 0.6 764.5 [0, 0, 0, 0, 1, 0, 0, 0, 0, 0, 0, 0, 0, 1, 0, 0, 0, 0, 0, 1, 0, 1, 0, 0, 0, 0, 0, 0, 1, 0, 0, 1, 0, 0, 1, 0, 0, 1, 1, 0, 1, 1, 1, 1, 1, 1, 1, 1, 1, 1, 1, 1, 1, 1, 1] 
triadag10_1.txt 3_2x1.txt True 0.18888888888888888 0.7 764.5 [0, 0, 0, 0, 1, 0, 0, 0, 0, 0, 0, 0, 0, 1, 0, 0, 0, 0, 0, 1, 0, 1, 0, 0, 0, 0, 0, 0, 1, 0, 0, 1, 0, 0, 1, 0, 0, 1, 1, 0, 1, 1, 1, 1, 1, 1, 1, 1, 1, 1, 1, 1, 1, 1, 1] 
triadag10_1.txt 3_2x1.txt True 0.18888888888888888 1 764.5 [0, 0, 0, 0, 1, 0, 0, 0, 0, 0, 0, 0, 0, 1, 0, 0, 0, 0, 0, 1, 0, 1, 0, 0, 0, 0, 0, 0, 1, 0, 0, 1, 0, 0, 1, 0, 0, 1, 1, 0, 1, 1, 1, 1, 1, 1, 1, 1, 1, 1, 1, 1, 1, 1, 1] 
triadag10_1.txt 3_2x4.txt True 0.0 0.07 767.0 [7, 7, 7, 7, 7, 7, 7, 7, 7, 7, 7, 7, 7, 7, 7, 7, 7, 7, 7, 7, 7, 7, 7, 7, 7, 7, 7, 7, 7, 7, 7, 7, 7, 7, 7, 7, 7, 7, 7, 7, 7, 7, 7, 7, 7, 7, 7, 7, 7, 7, 7, 7, 7, 7, 7] 
triadag10_1.txt 3_2x4.txt True 0.07777777777777778 0.1 667.25 [7, 7, 6, 7, 7, 7, 5, 7, 7, 7, 7, 6, 7, 1, 7, 5, 7, 7, 7, 7, 7, 7, 7, 7, 7, 7, 7, 7, 7, 7, 7, 7, 7, 7, 7, 7, 7, 7, 7, 7, 7, 7, 7, 7, 7, 7, 7, 7, 7, 7, 7, 7, 7, 7, 7] 
triadag10_1.txt 3_2x4.txt True 0.07777777777777778 0.15 667.25 [7, 7, 6, 7, 7, 7, 5, 7, 7, 7, 7, 6, 7, 1, 7, 5, 7, 7, 7, 7, 7, 7, 7, 7, 7, 7, 7, 7, 7, 7, 7, 7, 7, 7, 7, 7, 7, 7, 7, 7, 7, 7, 7, 7, 7, 7, 7, 7, 7, 7, 7, 7, 7, 7, 7] 
triadag10_1.txt 3_2x4.txt True 0.18888888888888888 0.2 279.0 [5, 5, 6, 5, 5, 4, 5, 5, 5, 5, 5, 6, 5, 5, 4, 5, 5, 5, 5, 7, 5, 5, 7, 5, 5, 5, 5, 7, 7, 7, 7, 7, 7, 7, 7, 7, 7, 7, 7, 7, 7, 7, 7, 7, 7, 3, 7, 7, 7, 3, 3, 3, 3, 3, 3] 
triadag10_1.txt 3_2x4.txt True 0.18888888888888888 0.3 279.0 [5, 5, 6, 5, 5, 4, 5, 5, 5, 5, 5, 6, 5, 5, 4, 5, 5, 5, 5, 7, 5, 5, 7, 5, 5, 5, 5, 7, 7, 7, 7, 7, 7, 7, 7, 7, 7, 7, 7, 7, 7, 7, 7, 7, 7, 3, 7, 7, 7, 3, 3, 3, 3, 3, 3] 
triadag10_1.txt 3_2x4.txt True 0.4 0.4 399.0 [2, 3, 2, 7, 0, 2, 1, 1, 3, 2, 3, 2, 7, 0, 2, 1, 1, 3, 2, 3, 7, 0, 3, 3, 1, 3, 3, 5, 0, 3, 3, 1, 3, 3, 5, 4, 5, 5, 5, 5, 4, 5, 5, 5, 5, 6, 4, 4, 4, 6, 4, 6, 7, 6, 7] 
triadag10_1.txt 3_2x4.txt True 0.43333333333333335 0.5 392.0 [2, 2, 0, 2, 3, 1, 0, 3, 2, 1, 1, 0, 2, 3, 1, 0, 3, 2, 1, 1, 2, 3, 1, 0, 3, 1, 1, 7, 7, 1, 0, 6, 1, 1, 7, 7, 6, 6, 7, 7, 4, 6, 6, 7, 7, 4, 5, 4, 4, 5, 4, 4, 5, 5, 5] 
triadag10_1.txt 3_2x4.txt True 0.43333333333333335 0.6 392.0 [2, 2, 0, 2, 3, 1, 0, 3, 2, 1, 1, 0, 2, 3, 1, 0, 3, 2, 1, 1, 2, 3, 1, 0, 3, 1, 1, 7, 7, 1, 0, 6, 1, 1, 7, 7, 6, 6, 7, 7, 4, 6, 6, 7, 7, 4, 5, 4, 4, 5, 4, 4, 5, 5, 5] 
triadag10_1.txt 3_2x4.txt True 0.43333333333333335 0.7 392.0 [2, 2, 0, 2, 3, 1, 0, 3, 2, 1, 1, 0, 2, 3, 1, 0, 3, 2, 1, 1, 2, 3, 1, 0, 3, 1, 1, 7, 7, 1, 0, 6, 1, 1, 7, 7, 6, 6, 7, 7, 4, 6, 6, 7, 7, 4, 5, 4, 4, 5, 4, 4, 5, 5, 5] 
triadag10_1.txt 3_2x4.txt True 0.43333333333333335 1 392.0 [2, 2, 0, 2, 3, 1, 0, 3, 2, 1, 1, 0, 2, 3, 1, 0, 3, 2, 1, 1, 2, 3, 1, 0, 3, 1, 1, 7, 7, 1, 0, 6, 1, 1, 7, 7, 6, 6, 7, 7, 4, 6, 6, 7, 7, 4, 5, 4, 4, 5, 4, 4, 5, 5, 5] 
triadag10_1.txt 3_2x2.txt True 0.022222222222222223 0.07 1499.0 [3, 3, 3, 3, 3, 3, 3, 2, 3, 3, 3, 3, 3, 3, 3, 3, 2, 3, 3, 3, 3, 3, 3, 3, 3, 3, 3, 3, 3, 3, 3, 3, 3, 3, 3, 3, 3, 3, 3, 3, 3, 3, 3, 3, 3, 3, 3, 3, 3, 3, 3, 3, 3, 3, 3] 
triadag10_1.txt 3_2x2.txt True 0.1 0.1 1250.5 [3, 3, 0, 3, 3, 3, 3, 2, 3, 3, 3, 0, 3, 3, 3, 3, 2, 3, 3, 3, 3, 3, 3, 3, 2, 3, 3, 3, 3, 3, 3, 2, 3, 3, 3, 3, 3, 2, 3, 3, 3, 3, 2, 3, 3, 3, 2, 3, 3, 3, 3, 3, 3, 3, 3] 
triadag10_1.txt 3_2x2.txt True 0.14444444444444443 0.15 856.0 [3, 3, 3, 3, 2, 3, 3, 3, 3, 3, 3, 3, 3, 2, 3, 3, 3, 3, 3, 3, 3, 2, 3, 3, 3, 3, 3, 3, 2, 3, 3, 3, 3, 3, 3, 1, 1, 3, 3, 3, 1, 1, 3, 3, 3, 1, 1, 1, 1, 1, 1, 1, 1, 1, 1] 
triadag10_1.txt 3_2x2.txt True 0.2 0.2 641.5 [2, 3, 2, 2, 2, 2, 2, 2, 2, 3, 3, 2, 2, 2, 2, 2, 2, 2, 3, 3, 3, 3, 3, 3, 3, 3, 3, 3, 3, 3, 3, 3, 3, 3, 3, 3, 3, 3, 3, 3, 1, 3, 3, 3, 3, 1, 1, 1, 1, 1, 1, 1, 0, 1, 0] 
triadag10_1.txt 3_2x2.txt True 0.28888888888888886 0.3 381.0 [1, 0, 1, 2, 1, 1, 0, 1, 1, 1, 0, 1, 2, 1, 1, 0, 1, 1, 1, 0, 2, 0, 0, 0, 0, 1, 0, 2, 0, 2, 0, 0, 2, 0, 2, 2, 2, 2, 2, 2, 3, 2, 2, 2, 2, 3, 3, 3, 2, 3, 3, 3, 3, 3, 3] 
triadag10_1.txt 3_2x2.txt True 0.34444444444444444 0.4 385.5 [3, 2, 2, 3, 3, 1, 3, 3, 3, 3, 1, 2, 3, 3, 1, 3, 3, 3, 2, 2, 3, 2, 1, 2, 2, 3, 2, 0, 2, 1, 2, 2, 2, 2, 0, 0, 0, 0, 0, 0, 0, 0, 0, 0, 0, 1, 0, 0, 0, 1, 1, 1, 1, 1, 1] 
triadag10_1.txt 3_2x2.txt True 0.34444444444444444 0.5 385.5 [3, 2, 2, 3, 3, 1, 3, 3, 3, 3, 1, 2, 3, 3, 1, 3, 3, 3, 2, 2, 3, 2, 1, 2, 2, 3, 2, 0, 2, 1, 2, 2, 2, 2, 0, 0, 0, 0, 0, 0, 0, 0, 0, 0, 0, 1, 0, 0, 0, 1, 1, 1, 1, 1, 1] 
triadag10_1.txt 3_2x2.txt True 0.34444444444444444 0.6 385.5 [3, 2, 2, 3, 3, 1, 3, 3, 3, 3, 1, 2, 3, 3, 1, 3, 3, 3, 2, 2, 3, 2, 1, 2, 2, 3, 2, 0, 2, 1, 2, 2, 2, 2, 0, 0, 0, 0, 0, 0, 0, 0, 0, 0, 0, 1, 0, 0, 0, 1, 1, 1, 1, 1, 1] 
triadag10_1.txt 3_2x2.txt True 0.34444444444444444 0.7 385.5 [3, 2, 2, 3, 3, 1, 3, 3, 3, 3, 1, 2, 3, 3, 1, 3, 3, 3, 2, 2, 3, 2, 1, 2, 2, 3, 2, 0, 2, 1, 2, 2, 2, 2, 0, 0, 0, 0, 0, 0, 0, 0, 0, 0, 0, 1, 0, 0, 0, 1, 1, 1, 1, 1, 1] 
triadag10_1.txt 3_2x2.txt True 0.34444444444444444 1 385.5 [3, 2, 2, 3, 3, 1, 3, 3, 3, 3, 1, 2, 3, 3, 1, 3, 3, 3, 2, 2, 3, 2, 1, 2, 2, 3, 2, 0, 2, 1, 2, 2, 2, 2, 0, 0, 0, 0, 0, 0, 0, 0, 0, 0, 0, 1, 0, 0, 0, 1, 1, 1, 1, 1, 1] 
triadag10_1.txt 3_2x1.txt True 0.06666666666666667 0.07 1130.5 [1, 1, 1, 1, 1, 1, 1, 1, 1, 1, 1, 1, 1, 1, 1, 1, 1, 1, 1, 1, 1, 1, 1, 1, 1, 1, 1, 1, 1, 1, 1, 1, 1, 1, 1, 1, 1, 1, 1, 1, 0, 1, 1, 1, 1, 0, 0, 0, 0, 0, 0, 0, 0, 0, 0] 
triadag10_1.txt 3_2x1.txt True 0.1 0.1 738.5 [0, 0, 0, 1, 0, 0, 0, 0, 0, 0, 0, 0, 1, 0, 0, 0, 0, 0, 0, 0, 1, 0, 0, 0, 0, 0, 0, 1, 0, 0, 0, 0, 0, 0, 1, 1, 1, 1, 1, 1, 1, 1, 1, 1, 1, 1, 1, 1, 1, 1, 1, 1, 1, 1, 1] 
triadag10_1.txt 3_2x1.txt True 0.12222222222222222 0.15 769.5 [0, 0, 0, 0, 0, 0, 0, 0, 0, 0, 0, 0, 0, 0, 0, 0, 0, 0, 0, 0, 0, 0, 0, 0, 0, 0, 0, 1, 1, 0, 1, 1, 0, 0, 1, 1, 1, 1, 1, 1, 1, 1, 1, 1, 1, 1, 1, 1, 1, 1, 1, 1, 1, 1, 1] 
triadag10_1.txt 3_2x1.txt True 0.18888888888888888 0.2 764.5 [0, 0, 0, 0, 1, 0, 0, 0, 0, 0, 0, 0, 0, 1, 0, 0, 0, 0, 0, 1, 0, 1, 0, 0, 0, 0, 0, 0, 1, 0, 0, 1, 0, 0, 1, 0, 0, 1, 1, 0, 1, 1, 1, 1, 1, 1, 1, 1, 1, 1, 1, 1, 1, 1, 1] 
triadag10_1.txt 3_2x1.txt True 0.18888888888888888 0.3 764.5 [0, 0, 0, 0, 1, 0, 0, 0, 0, 0, 0, 0, 0, 1, 0, 0, 0, 0, 0, 1, 0, 1, 0, 0, 0, 0, 0, 0, 1, 0, 0, 1, 0, 0, 1, 0, 0, 1, 1, 0, 1, 1, 1, 1, 1, 1, 1, 1, 1, 1, 1, 1, 1, 1, 1] 
triadag10_1.txt 3_2x1.txt True 0.18888888888888888 0.4 764.5 [0, 0, 0, 0, 1, 0, 0, 0, 0, 0, 0, 0, 0, 1, 0, 0, 0, 0, 0, 1, 0, 1, 0, 0, 0, 0, 0, 0, 1, 0, 0, 1, 0, 0, 1, 0, 0, 1, 1, 0, 1, 1, 1, 1, 1, 1, 1, 1, 1, 1, 1, 1, 1, 1, 1] 
triadag10_1.txt 3_2x1.txt True 0.18888888888888888 0.5 764.5 [0, 0, 0, 0, 1, 0, 0, 0, 0, 0, 0, 0, 0, 1, 0, 0, 0, 0, 0, 1, 0, 1, 0, 0, 0, 0, 0, 0, 1, 0, 0, 1, 0, 0, 1, 0, 0, 1, 1, 0, 1, 1, 1, 1, 1, 1, 1, 1, 1, 1, 1, 1, 1, 1, 1] 
triadag10_1.txt 3_2x1.txt True 0.18888888888888888 0.6 764.5 [0, 0, 0, 0, 1, 0, 0, 0, 0, 0, 0, 0, 0, 1, 0, 0, 0, 0, 0, 1, 0, 1, 0, 0, 0, 0, 0, 0, 1, 0, 0, 1, 0, 0, 1, 0, 0, 1, 1, 0, 1, 1, 1, 1, 1, 1, 1, 1, 1, 1, 1, 1, 1, 1, 1] 
triadag10_1.txt 3_2x1.txt True 0.18888888888888888 0.7 764.5 [0, 0, 0, 0, 1, 0, 0, 0, 0, 0, 0, 0, 0, 1, 0, 0, 0, 0, 0, 1, 0, 1, 0, 0, 0, 0, 0, 0, 1, 0, 0, 1, 0, 0, 1, 0, 0, 1, 1, 0, 1, 1, 1, 1, 1, 1, 1, 1, 1, 1, 1, 1, 1, 1, 1] 
triadag10_1.txt 3_2x1.txt True 0.18888888888888888 1 764.5 [0, 0, 0, 0, 1, 0, 0, 0, 0, 0, 0, 0, 0, 1, 0, 0, 0, 0, 0, 1, 0, 1, 0, 0, 0, 0, 0, 0, 1, 0, 0, 1, 0, 0, 1, 0, 0, 1, 1, 0, 1, 1, 1, 1, 1, 1, 1, 1, 1, 1, 1, 1, 1, 1, 1] 
triadag10_1.txt 3_2x4.txt True 0.0 0.07 767.0 [7, 7, 7, 7, 7, 7, 7, 7, 7, 7, 7, 7, 7, 7, 7, 7, 7, 7, 7, 7, 7, 7, 7, 7, 7, 7, 7, 7, 7, 7, 7, 7, 7, 7, 7, 7, 7, 7, 7, 7, 7, 7, 7, 7, 7, 7, 7, 7, 7, 7, 7, 7, 7, 7, 7] 
triadag10_1.txt 3_2x4.txt True 0.07777777777777778 0.1 667.25 [7, 7, 6, 7, 7, 7, 5, 7, 7, 7, 7, 6, 7, 1, 7, 5, 7, 7, 7, 7, 7, 7, 7, 7, 7, 7, 7, 7, 7, 7, 7, 7, 7, 7, 7, 7, 7, 7, 7, 7, 7, 7, 7, 7, 7, 7, 7, 7, 7, 7, 7, 7, 7, 7, 7] 
triadag10_1.txt 3_2x4.txt True 0.07777777777777778 0.15 667.25 [7, 7, 6, 7, 7, 7, 5, 7, 7, 7, 7, 6, 7, 1, 7, 5, 7, 7, 7, 7, 7, 7, 7, 7, 7, 7, 7, 7, 7, 7, 7, 7, 7, 7, 7, 7, 7, 7, 7, 7, 7, 7, 7, 7, 7, 7, 7, 7, 7, 7, 7, 7, 7, 7, 7] 
triadag10_1.txt 3_2x4.txt True 0.18888888888888888 0.2 279.0 [5, 5, 6, 5, 5, 4, 5, 5, 5, 5, 5, 6, 5, 5, 4, 5, 5, 5, 5, 7, 5, 5, 7, 5, 5, 5, 5, 7, 7, 7, 7, 7, 7, 7, 7, 7, 7, 7, 7, 7, 7, 7, 7, 7, 7, 3, 7, 7, 7, 3, 3, 3, 3, 3, 3] 
triadag10_1.txt 3_2x4.txt True 0.18888888888888888 0.3 279.0 [5, 5, 6, 5, 5, 4, 5, 5, 5, 5, 5, 6, 5, 5, 4, 5, 5, 5, 5, 7, 5, 5, 7, 5, 5, 5, 5, 7, 7, 7, 7, 7, 7, 7, 7, 7, 7, 7, 7, 7, 7, 7, 7, 7, 7, 3, 7, 7, 7, 3, 3, 3, 3, 3, 3] 
triadag10_1.txt 3_2x4.txt True 0.4 0.4 399.0 [2, 3, 2, 7, 0, 2, 1, 1, 3, 2, 3, 2, 7, 0, 2, 1, 1, 3, 2, 3, 7, 0, 3, 3, 1, 3, 3, 5, 0, 3, 3, 1, 3, 3, 5, 4, 5, 5, 5, 5, 4, 5, 5, 5, 5, 6, 4, 4, 4, 6, 4, 6, 7, 6, 7] 
triadag10_1.txt 3_2x4.txt True 0.43333333333333335 0.5 392.0 [2, 2, 0, 2, 3, 1, 0, 3, 2, 1, 1, 0, 2, 3, 1, 0, 3, 2, 1, 1, 2, 3, 1, 0, 3, 1, 1, 7, 7, 1, 0, 6, 1, 1, 7, 7, 6, 6, 7, 7, 4, 6, 6, 7, 7, 4, 5, 4, 4, 5, 4, 4, 5, 5, 5] 
triadag10_1.txt 3_2x4.txt True 0.43333333333333335 0.6 392.0 [2, 2, 0, 2, 3, 1, 0, 3, 2, 1, 1, 0, 2, 3, 1, 0, 3, 2, 1, 1, 2, 3, 1, 0, 3, 1, 1, 7, 7, 1, 0, 6, 1, 1, 7, 7, 6, 6, 7, 7, 4, 6, 6, 7, 7, 4, 5, 4, 4, 5, 4, 4, 5, 5, 5] 
triadag10_1.txt 3_2x4.txt True 0.43333333333333335 0.7 392.0 [2, 2, 0, 2, 3, 1, 0, 3, 2, 1, 1, 0, 2, 3, 1, 0, 3, 2, 1, 1, 2, 3, 1, 0, 3, 1, 1, 7, 7, 1, 0, 6, 1, 1, 7, 7, 6, 6, 7, 7, 4, 6, 6, 7, 7, 4, 5, 4, 4, 5, 4, 4, 5, 5, 5] 
triadag10_1.txt 3_2x4.txt True 0.43333333333333335 1 392.0 [2, 2, 0, 2, 3, 1, 0, 3, 2, 1, 1, 0, 2, 3, 1, 0, 3, 2, 1, 1, 2, 3, 1, 0, 3, 1, 1, 7, 7, 1, 0, 6, 1, 1, 7, 7, 6, 6, 7, 7, 4, 6, 6, 7, 7, 4, 5, 4, 4, 5, 4, 4, 5, 5, 5] 
triadag10_1.txt 3_2x2.txt True 0.022222222222222223 0.07 1499.0 [3, 3, 3, 3, 3, 3, 3, 2, 3, 3, 3, 3, 3, 3, 3, 3, 2, 3, 3, 3, 3, 3, 3, 3, 3, 3, 3, 3, 3, 3, 3, 3, 3, 3, 3, 3, 3, 3, 3, 3, 3, 3, 3, 3, 3, 3, 3, 3, 3, 3, 3, 3, 3, 3, 3] 
triadag10_1.txt 3_2x2.txt True 0.1 0.1 1250.5 [3, 3, 0, 3, 3, 3, 3, 2, 3, 3, 3, 0, 3, 3, 3, 3, 2, 3, 3, 3, 3, 3, 3, 3, 2, 3, 3, 3, 3, 3, 3, 2, 3, 3, 3, 3, 3, 2, 3, 3, 3, 3, 2, 3, 3, 3, 2, 3, 3, 3, 3, 3, 3, 3, 3] 
triadag10_1.txt 3_2x2.txt True 0.14444444444444443 0.15 856.0 [3, 3, 3, 3, 2, 3, 3, 3, 3, 3, 3, 3, 3, 2, 3, 3, 3, 3, 3, 3, 3, 2, 3, 3, 3, 3, 3, 3, 2, 3, 3, 3, 3, 3, 3, 1, 1, 3, 3, 3, 1, 1, 3, 3, 3, 1, 1, 1, 1, 1, 1, 1, 1, 1, 1] 
triadag10_1.txt 3_2x2.txt True 0.2 0.2 641.5 [2, 3, 2, 2, 2, 2, 2, 2, 2, 3, 3, 2, 2, 2, 2, 2, 2, 2, 3, 3, 3, 3, 3, 3, 3, 3, 3, 3, 3, 3, 3, 3, 3, 3, 3, 3, 3, 3, 3, 3, 1, 3, 3, 3, 3, 1, 1, 1, 1, 1, 1, 1, 0, 1, 0] 
triadag10_1.txt 3_2x2.txt True 0.28888888888888886 0.3 381.0 [1, 0, 1, 2, 1, 1, 0, 1, 1, 1, 0, 1, 2, 1, 1, 0, 1, 1, 1, 0, 2, 0, 0, 0, 0, 1, 0, 2, 0, 2, 0, 0, 2, 0, 2, 2, 2, 2, 2, 2, 3, 2, 2, 2, 2, 3, 3, 3, 2, 3, 3, 3, 3, 3, 3] 
triadag10_1.txt 3_2x2.txt True 0.34444444444444444 0.4 385.5 [3, 2, 2, 3, 3, 1, 3, 3, 3, 3, 1, 2, 3, 3, 1, 3, 3, 3, 2, 2, 3, 2, 1, 2, 2, 3, 2, 0, 2, 1, 2, 2, 2, 2, 0, 0, 0, 0, 0, 0, 0, 0, 0, 0, 0, 1, 0, 0, 0, 1, 1, 1, 1, 1, 1] 
triadag10_1.txt 3_2x2.txt True 0.34444444444444444 0.5 385.5 [3, 2, 2, 3, 3, 1, 3, 3, 3, 3, 1, 2, 3, 3, 1, 3, 3, 3, 2, 2, 3, 2, 1, 2, 2, 3, 2, 0, 2, 1, 2, 2, 2, 2, 0, 0, 0, 0, 0, 0, 0, 0, 0, 0, 0, 1, 0, 0, 0, 1, 1, 1, 1, 1, 1] 
triadag10_1.txt 3_2x2.txt True 0.34444444444444444 0.6 385.5 [3, 2, 2, 3, 3, 1, 3, 3, 3, 3, 1, 2, 3, 3, 1, 3, 3, 3, 2, 2, 3, 2, 1, 2, 2, 3, 2, 0, 2, 1, 2, 2, 2, 2, 0, 0, 0, 0, 0, 0, 0, 0, 0, 0, 0, 1, 0, 0, 0, 1, 1, 1, 1, 1, 1] 
triadag10_1.txt 3_2x2.txt True 0.34444444444444444 0.7 385.5 [3, 2, 2, 3, 3, 1, 3, 3, 3, 3, 1, 2, 3, 3, 1, 3, 3, 3, 2, 2, 3, 2, 1, 2, 2, 3, 2, 0, 2, 1, 2, 2, 2, 2, 0, 0, 0, 0, 0, 0, 0, 0, 0, 0, 0, 1, 0, 0, 0, 1, 1, 1, 1, 1, 1] 
triadag10_1.txt 3_2x2.txt True 0.34444444444444444 1 385.5 [3, 2, 2, 3, 3, 1, 3, 3, 3, 3, 1, 2, 3, 3, 1, 3, 3, 3, 2, 2, 3, 2, 1, 2, 2, 3, 2, 0, 2, 1, 2, 2, 2, 2, 0, 0, 0, 0, 0, 0, 0, 0, 0, 0, 0, 1, 0, 0, 0, 1, 1, 1, 1, 1, 1] 
triadag10_1.txt 3_2x1.txt True 0.06666666666666667 0.07 1130.5 [1, 1, 1, 1, 1, 1, 1, 1, 1, 1, 1, 1, 1, 1, 1, 1, 1, 1, 1, 1, 1, 1, 1, 1, 1, 1, 1, 1, 1, 1, 1, 1, 1, 1, 1, 1, 1, 1, 1, 1, 0, 1, 1, 1, 1, 0, 0, 0, 0, 0, 0, 0, 0, 0, 0] 
triadag10_1.txt 3_2x1.txt True 0.1 0.1 738.5 [0, 0, 0, 1, 0, 0, 0, 0, 0, 0, 0, 0, 1, 0, 0, 0, 0, 0, 0, 0, 1, 0, 0, 0, 0, 0, 0, 1, 0, 0, 0, 0, 0, 0, 1, 1, 1, 1, 1, 1, 1, 1, 1, 1, 1, 1, 1, 1, 1, 1, 1, 1, 1, 1, 1] 
triadag10_1.txt 3_2x1.txt True 0.12222222222222222 0.15 769.5 [0, 0, 0, 0, 0, 0, 0, 0, 0, 0, 0, 0, 0, 0, 0, 0, 0, 0, 0, 0, 0, 0, 0, 0, 0, 0, 0, 1, 1, 0, 1, 1, 0, 0, 1, 1, 1, 1, 1, 1, 1, 1, 1, 1, 1, 1, 1, 1, 1, 1, 1, 1, 1, 1, 1] 
triadag10_1.txt 3_2x1.txt True 0.18888888888888888 0.2 764.5 [0, 0, 0, 0, 1, 0, 0, 0, 0, 0, 0, 0, 0, 1, 0, 0, 0, 0, 0, 1, 0, 1, 0, 0, 0, 0, 0, 0, 1, 0, 0, 1, 0, 0, 1, 0, 0, 1, 1, 0, 1, 1, 1, 1, 1, 1, 1, 1, 1, 1, 1, 1, 1, 1, 1] 
triadag10_1.txt 3_2x1.txt True 0.18888888888888888 0.3 764.5 [0, 0, 0, 0, 1, 0, 0, 0, 0, 0, 0, 0, 0, 1, 0, 0, 0, 0, 0, 1, 0, 1, 0, 0, 0, 0, 0, 0, 1, 0, 0, 1, 0, 0, 1, 0, 0, 1, 1, 0, 1, 1, 1, 1, 1, 1, 1, 1, 1, 1, 1, 1, 1, 1, 1] 
triadag10_1.txt 3_2x1.txt True 0.18888888888888888 0.4 764.5 [0, 0, 0, 0, 1, 0, 0, 0, 0, 0, 0, 0, 0, 1, 0, 0, 0, 0, 0, 1, 0, 1, 0, 0, 0, 0, 0, 0, 1, 0, 0, 1, 0, 0, 1, 0, 0, 1, 1, 0, 1, 1, 1, 1, 1, 1, 1, 1, 1, 1, 1, 1, 1, 1, 1] 
triadag10_1.txt 3_2x1.txt True 0.18888888888888888 0.5 764.5 [0, 0, 0, 0, 1, 0, 0, 0, 0, 0, 0, 0, 0, 1, 0, 0, 0, 0, 0, 1, 0, 1, 0, 0, 0, 0, 0, 0, 1, 0, 0, 1, 0, 0, 1, 0, 0, 1, 1, 0, 1, 1, 1, 1, 1, 1, 1, 1, 1, 1, 1, 1, 1, 1, 1] 
triadag10_1.txt 3_2x1.txt True 0.18888888888888888 0.6 764.5 [0, 0, 0, 0, 1, 0, 0, 0, 0, 0, 0, 0, 0, 1, 0, 0, 0, 0, 0, 1, 0, 1, 0, 0, 0, 0, 0, 0, 1, 0, 0, 1, 0, 0, 1, 0, 0, 1, 1, 0, 1, 1, 1, 1, 1, 1, 1, 1, 1, 1, 1, 1, 1, 1, 1] 
triadag10_1.txt 3_2x1.txt True 0.18888888888888888 0.7 764.5 [0, 0, 0, 0, 1, 0, 0, 0, 0, 0, 0, 0, 0, 1, 0, 0, 0, 0, 0, 1, 0, 1, 0, 0, 0, 0, 0, 0, 1, 0, 0, 1, 0, 0, 1, 0, 0, 1, 1, 0, 1, 1, 1, 1, 1, 1, 1, 1, 1, 1, 1, 1, 1, 1, 1] 
triadag10_1.txt 3_2x1.txt True 0.18888888888888888 1 764.5 [0, 0, 0, 0, 1, 0, 0, 0, 0, 0, 0, 0, 0, 1, 0, 0, 0, 0, 0, 1, 0, 1, 0, 0, 0, 0, 0, 0, 1, 0, 0, 1, 0, 0, 1, 0, 0, 1, 1, 0, 1, 1, 1, 1, 1, 1, 1, 1, 1, 1, 1, 1, 1, 1, 1] 
triadag10_1.txt 3_2x4.txt True 0.0 0.07 767.0 [7, 7, 7, 7, 7, 7, 7, 7, 7, 7, 7, 7, 7, 7, 7, 7, 7, 7, 7, 7, 7, 7, 7, 7, 7, 7, 7, 7, 7, 7, 7, 7, 7, 7, 7, 7, 7, 7, 7, 7, 7, 7, 7, 7, 7, 7, 7, 7, 7, 7, 7, 7, 7, 7, 7] 
triadag10_1.txt 3_2x4.txt True 0.07777777777777778 0.08 667.25 [7, 7, 6, 7, 7, 7, 5, 7, 7, 7, 7, 6, 7, 1, 7, 5, 7, 7, 7, 7, 7, 7, 7, 7, 7, 7, 7, 7, 7, 7, 7, 7, 7, 7, 7, 7, 7, 7, 7, 7, 7, 7, 7, 7, 7, 7, 7, 7, 7, 7, 7, 7, 7, 7, 7] 
triadag10_1.txt 3_2x4.txt True 0.07777777777777778 0.09 667.25 [7, 7, 6, 7, 7, 7, 5, 7, 7, 7, 7, 6, 7, 1, 7, 5, 7, 7, 7, 7, 7, 7, 7, 7, 7, 7, 7, 7, 7, 7, 7, 7, 7, 7, 7, 7, 7, 7, 7, 7, 7, 7, 7, 7, 7, 7, 7, 7, 7, 7, 7, 7, 7, 7, 7] 
triadag10_1.txt 3_2x4.txt True 0.07777777777777778 0.1 667.25 [7, 7, 6, 7, 7, 7, 5, 7, 7, 7, 7, 6, 7, 1, 7, 5, 7, 7, 7, 7, 7, 7, 7, 7, 7, 7, 7, 7, 7, 7, 7, 7, 7, 7, 7, 7, 7, 7, 7, 7, 7, 7, 7, 7, 7, 7, 7, 7, 7, 7, 7, 7, 7, 7, 7] 
triadag10_1.txt 3_2x4.txt True 0.07777777777777778 0.11 667.25 [7, 7, 6, 7, 7, 7, 5, 7, 7, 7, 7, 6, 7, 1, 7, 5, 7, 7, 7, 7, 7, 7, 7, 7, 7, 7, 7, 7, 7, 7, 7, 7, 7, 7, 7, 7, 7, 7, 7, 7, 7, 7, 7, 7, 7, 7, 7, 7, 7, 7, 7, 7, 7, 7, 7] 
triadag10_1.txt 3_2x4.txt True 0.07777777777777778 0.12 667.25 [7, 7, 6, 7, 7, 7, 5, 7, 7, 7, 7, 6, 7, 1, 7, 5, 7, 7, 7, 7, 7, 7, 7, 7, 7, 7, 7, 7, 7, 7, 7, 7, 7, 7, 7, 7, 7, 7, 7, 7, 7, 7, 7, 7, 7, 7, 7, 7, 7, 7, 7, 7, 7, 7, 7] 
triadag10_1.txt 3_2x4.txt True 0.07777777777777778 0.13 667.25 [7, 7, 6, 7, 7, 7, 5, 7, 7, 7, 7, 6, 7, 1, 7, 5, 7, 7, 7, 7, 7, 7, 7, 7, 7, 7, 7, 7, 7, 7, 7, 7, 7, 7, 7, 7, 7, 7, 7, 7, 7, 7, 7, 7, 7, 7, 7, 7, 7, 7, 7, 7, 7, 7, 7] 
triadag10_1.txt 3_2x4.txt True 0.07777777777777778 0.14 667.25 [7, 7, 6, 7, 7, 7, 5, 7, 7, 7, 7, 6, 7, 1, 7, 5, 7, 7, 7, 7, 7, 7, 7, 7, 7, 7, 7, 7, 7, 7, 7, 7, 7, 7, 7, 7, 7, 7, 7, 7, 7, 7, 7, 7, 7, 7, 7, 7, 7, 7, 7, 7, 7, 7, 7] 
triadag10_1.txt 3_2x4.txt True 0.07777777777777778 0.15 667.25 [7, 7, 6, 7, 7, 7, 5, 7, 7, 7, 7, 6, 7, 1, 7, 5, 7, 7, 7, 7, 7, 7, 7, 7, 7, 7, 7, 7, 7, 7, 7, 7, 7, 7, 7, 7, 7, 7, 7, 7, 7, 7, 7, 7, 7, 7, 7, 7, 7, 7, 7, 7, 7, 7, 7] 
triadag10_1.txt 3_2x4.txt True 0.07777777777777778 0.16 667.25 [7, 7, 6, 7, 7, 7, 5, 7, 7, 7, 7, 6, 7, 1, 7, 5, 7, 7, 7, 7, 7, 7, 7, 7, 7, 7, 7, 7, 7, 7, 7, 7, 7, 7, 7, 7, 7, 7, 7, 7, 7, 7, 7, 7, 7, 7, 7, 7, 7, 7, 7, 7, 7, 7, 7] 
triadag10_1.txt 3_2x4.txt True 0.16666666666666666 0.17 413.5 [7, 7, 6, 7, 1, 7, 5, 7, 7, 7, 7, 6, 7, 1, 7, 5, 7, 7, 7, 7, 7, 1, 7, 5, 7, 7, 7, 7, 7, 7, 5, 7, 7, 7, 7, 7, 5, 7, 7, 7, 7, 5, 7, 7, 7, 5, 7, 5, 7, 5, 5, 5, 5, 5, 5] 
triadag10_1.txt 3_2x4.txt True 0.16666666666666666 0.18 413.5 [7, 7, 6, 7, 1, 7, 5, 7, 7, 7, 7, 6, 7, 1, 7, 5, 7, 7, 7, 7, 7, 1, 7, 5, 7, 7, 7, 7, 7, 7, 5, 7, 7, 7, 7, 7, 5, 7, 7, 7, 7, 5, 7, 7, 7, 5, 7, 5, 7, 5, 5, 5, 5, 5, 5] 
triadag10_1.txt 3_2x4.txt True 0.16666666666666666 0.19 413.5 [7, 7, 6, 7, 1, 7, 5, 7, 7, 7, 7, 6, 7, 1, 7, 5, 7, 7, 7, 7, 7, 1, 7, 5, 7, 7, 7, 7, 7, 7, 5, 7, 7, 7, 7, 7, 5, 7, 7, 7, 7, 5, 7, 7, 7, 5, 7, 5, 7, 5, 5, 5, 5, 5, 5] 
triadag10_1.txt 3_2x4.txt True 0.18888888888888888 0.2 279.0 [5, 5, 6, 5, 5, 4, 5, 5, 5, 5, 5, 6, 5, 5, 4, 5, 5, 5, 5, 7, 5, 5, 7, 5, 5, 5, 5, 7, 7, 7, 7, 7, 7, 7, 7, 7, 7, 7, 7, 7, 7, 7, 7, 7, 7, 3, 7, 7, 7, 3, 3, 3, 3, 3, 3] 
triadag10_1.txt 3_2x4.txt True 0.18888888888888888 0.25 279.0 [5, 5, 6, 5, 5, 4, 5, 5, 5, 5, 5, 6, 5, 5, 4, 5, 5, 5, 5, 7, 5, 5, 7, 5, 5, 5, 5, 7, 7, 7, 7, 7, 7, 7, 7, 7, 7, 7, 7, 7, 7, 7, 7, 7, 7, 3, 7, 7, 7, 3, 3, 3, 3, 3, 3] 
triadag10_1.txt 3_2x4.txt True 0.18888888888888888 0.3 279.0 [5, 5, 6, 5, 5, 4, 5, 5, 5, 5, 5, 6, 5, 5, 4, 5, 5, 5, 5, 7, 5, 5, 7, 5, 5, 5, 5, 7, 7, 7, 7, 7, 7, 7, 7, 7, 7, 7, 7, 7, 7, 7, 7, 7, 7, 3, 7, 7, 7, 3, 3, 3, 3, 3, 3] 
triadag10_1.txt 3_2x4.txt True 0.32222222222222224 0.35 748.0 [4, 4, 5, 4, 6, 5, 7, 2, 4, 4, 4, 4, 4, 6, 5, 7, 2, 4, 4, 4, 4, 6, 4, 7, 2, 4, 4, 3, 6, 4, 7, 2, 4, 4, 3, 3, 7, 3, 3, 3, 3, 0, 3, 3, 3, 0, 3, 3, 3, 1, 1, 0, 1, 1, 1] 
triadag10_1.txt 3_2x4.txt True 0.4 0.4 399.0 [2, 3, 2, 7, 0, 2, 1, 1, 3, 2, 3, 2, 7, 0, 2, 1, 1, 3, 2, 3, 7, 0, 3, 3, 1, 3, 3, 5, 0, 3, 3, 1, 3, 3, 5, 4, 5, 5, 5, 5, 4, 5, 5, 5, 5, 6, 4, 4, 4, 6, 4, 6, 7, 6, 7] 
triadag10_1.txt 3_2x4.txt True 0.43333333333333335 0.45 392.0 [2, 2, 0, 2, 3, 1, 0, 3, 2, 1, 1, 0, 2, 3, 1, 0, 3, 2, 1, 1, 2, 3, 1, 0, 3, 1, 1, 7, 7, 1, 0, 6, 1, 1, 7, 7, 6, 6, 7, 7, 4, 6, 6, 7, 7, 4, 5, 4, 4, 5, 4, 4, 5, 5, 5] 
triadag10_1.txt 3_2x4.txt True 0.43333333333333335 0.5 392.0 [2, 2, 0, 2, 3, 1, 0, 3, 2, 1, 1, 0, 2, 3, 1, 0, 3, 2, 1, 1, 2, 3, 1, 0, 3, 1, 1, 7, 7, 1, 0, 6, 1, 1, 7, 7, 6, 6, 7, 7, 4, 6, 6, 7, 7, 4, 5, 4, 4, 5, 4, 4, 5, 5, 5] 
triadag10_1.txt 3_2x4.txt True 0.43333333333333335 0.55 392.0 [2, 2, 0, 2, 3, 1, 0, 3, 2, 1, 1, 0, 2, 3, 1, 0, 3, 2, 1, 1, 2, 3, 1, 0, 3, 1, 1, 7, 7, 1, 0, 6, 1, 1, 7, 7, 6, 6, 7, 7, 4, 6, 6, 7, 7, 4, 5, 4, 4, 5, 4, 4, 5, 5, 5] 
triadag10_1.txt 3_2x4.txt True 0.43333333333333335 0.6 392.0 [2, 2, 0, 2, 3, 1, 0, 3, 2, 1, 1, 0, 2, 3, 1, 0, 3, 2, 1, 1, 2, 3, 1, 0, 3, 1, 1, 7, 7, 1, 0, 6, 1, 1, 7, 7, 6, 6, 7, 7, 4, 6, 6, 7, 7, 4, 5, 4, 4, 5, 4, 4, 5, 5, 5] 
triadag10_1.txt 3_2x4.txt True 0.43333333333333335 0.65 392.0 [2, 2, 0, 2, 3, 1, 0, 3, 2, 1, 1, 0, 2, 3, 1, 0, 3, 2, 1, 1, 2, 3, 1, 0, 3, 1, 1, 7, 7, 1, 0, 6, 1, 1, 7, 7, 6, 6, 7, 7, 4, 6, 6, 7, 7, 4, 5, 4, 4, 5, 4, 4, 5, 5, 5] 
triadag10_1.txt 3_2x4.txt True 0.43333333333333335 0.7 392.0 [2, 2, 0, 2, 3, 1, 0, 3, 2, 1, 1, 0, 2, 3, 1, 0, 3, 2, 1, 1, 2, 3, 1, 0, 3, 1, 1, 7, 7, 1, 0, 6, 1, 1, 7, 7, 6, 6, 7, 7, 4, 6, 6, 7, 7, 4, 5, 4, 4, 5, 4, 4, 5, 5, 5] 
triadag10_1.txt 3_2x4.txt True 0.43333333333333335 0.75 392.0 [2, 2, 0, 2, 3, 1, 0, 3, 2, 1, 1, 0, 2, 3, 1, 0, 3, 2, 1, 1, 2, 3, 1, 0, 3, 1, 1, 7, 7, 1, 0, 6, 1, 1, 7, 7, 6, 6, 7, 7, 4, 6, 6, 7, 7, 4, 5, 4, 4, 5, 4, 4, 5, 5, 5] 
triadag10_1.txt 3_2x4.txt True 0.43333333333333335 0.8 392.0 [2, 2, 0, 2, 3, 1, 0, 3, 2, 1, 1, 0, 2, 3, 1, 0, 3, 2, 1, 1, 2, 3, 1, 0, 3, 1, 1, 7, 7, 1, 0, 6, 1, 1, 7, 7, 6, 6, 7, 7, 4, 6, 6, 7, 7, 4, 5, 4, 4, 5, 4, 4, 5, 5, 5] 
triadag10_1.txt 3_2x4.txt True 0.43333333333333335 0.85 392.0 [2, 2, 0, 2, 3, 1, 0, 3, 2, 1, 1, 0, 2, 3, 1, 0, 3, 2, 1, 1, 2, 3, 1, 0, 3, 1, 1, 7, 7, 1, 0, 6, 1, 1, 7, 7, 6, 6, 7, 7, 4, 6, 6, 7, 7, 4, 5, 4, 4, 5, 4, 4, 5, 5, 5] 
triadag10_1.txt 3_2x4.txt True 0.43333333333333335 0.9 392.0 [2, 2, 0, 2, 3, 1, 0, 3, 2, 1, 1, 0, 2, 3, 1, 0, 3, 2, 1, 1, 2, 3, 1, 0, 3, 1, 1, 7, 7, 1, 0, 6, 1, 1, 7, 7, 6, 6, 7, 7, 4, 6, 6, 7, 7, 4, 5, 4, 4, 5, 4, 4, 5, 5, 5] 
triadag10_1.txt 3_2x4.txt True 0.43333333333333335 0.95 392.0 [2, 2, 0, 2, 3, 1, 0, 3, 2, 1, 1, 0, 2, 3, 1, 0, 3, 2, 1, 1, 2, 3, 1, 0, 3, 1, 1, 7, 7, 1, 0, 6, 1, 1, 7, 7, 6, 6, 7, 7, 4, 6, 6, 7, 7, 4, 5, 4, 4, 5, 4, 4, 5, 5, 5] 
triadag10_1.txt 3_2x4.txt True 0.43333333333333335 1 392.0 [2, 2, 0, 2, 3, 1, 0, 3, 2, 1, 1, 0, 2, 3, 1, 0, 3, 2, 1, 1, 2, 3, 1, 0, 3, 1, 1, 7, 7, 1, 0, 6, 1, 1, 7, 7, 6, 6, 7, 7, 4, 6, 6, 7, 7, 4, 5, 4, 4, 5, 4, 4, 5, 5, 5] 
triadag10_1.txt 100_1x1.txt True 0.06666666666666667 0.07 2261.0 [1, 1, 1, 1, 1, 1, 1, 1, 1, 1, 1, 1, 1, 1, 1, 1, 1, 1, 1, 1, 1, 1, 1, 1, 1, 1, 1, 1, 1, 1, 1, 1, 1, 1, 1, 1, 1, 1, 1, 1, 0, 1, 1, 1, 1, 0, 0, 0, 0, 0, 0, 0, 0, 0, 0] 
triadag10_1.txt 100_1x1.txt True 0.06666666666666667 0.08 2261.0 [1, 1, 1, 1, 1, 1, 1, 1, 1, 1, 1, 1, 1, 1, 1, 1, 1, 1, 1, 1, 1, 1, 1, 1, 1, 1, 1, 1, 1, 1, 1, 1, 1, 1, 1, 1, 1, 1, 1, 1, 0, 1, 1, 1, 1, 0, 0, 0, 0, 0, 0, 0, 0, 0, 0] 
triadag10_1.txt 100_1x1.txt True 0.08888888888888889 0.09 1731.0 [1, 1, 1, 1, 1, 1, 1, 1, 1, 1, 1, 1, 1, 1, 1, 1, 1, 1, 1, 1, 1, 1, 1, 1, 1, 1, 1, 0, 1, 1, 1, 1, 1, 1, 0, 0, 0, 0, 0, 0, 0, 0, 0, 0, 0, 0, 0, 0, 0, 0, 0, 0, 0, 0, 0] 
triadag10_1.txt 100_1x1.txt True 0.1 0.1 1477.0 [0, 0, 0, 1, 0, 0, 0, 0, 0, 0, 0, 0, 1, 0, 0, 0, 0, 0, 0, 0, 1, 0, 0, 0, 0, 0, 0, 1, 0, 0, 0, 0, 0, 0, 1, 1, 1, 1, 1, 1, 1, 1, 1, 1, 1, 1, 1, 1, 1, 1, 1, 1, 1, 1, 1] 
triadag10_1.txt 100_1x1.txt True 0.1 0.11 1477.0 [0, 0, 0, 1, 0, 0, 0, 0, 0, 0, 0, 0, 1, 0, 0, 0, 0, 0, 0, 0, 1, 0, 0, 0, 0, 0, 0, 1, 0, 0, 0, 0, 0, 0, 1, 1, 1, 1, 1, 1, 1, 1, 1, 1, 1, 1, 1, 1, 1, 1, 1, 1, 1, 1, 1] 
triadag10_1.txt 100_1x1.txt True 0.1111111111111111 0.12 1558.0 [1, 1, 1, 0, 1, 1, 1, 1, 1, 1, 1, 1, 0, 1, 1, 1, 1, 1, 1, 1, 0, 1, 1, 1, 1, 1, 1, 0, 1, 1, 1, 1, 1, 0, 0, 0, 0, 0, 0, 0, 0, 0, 0, 0, 0, 0, 0, 0, 0, 0, 0, 0, 0, 0, 0] 
triadag10_1.txt 100_1x1.txt True 0.12222222222222222 0.13 1539.0 [0, 0, 0, 0, 0, 0, 0, 0, 0, 0, 0, 0, 0, 0, 0, 0, 0, 0, 0, 0, 0, 0, 0, 0, 0, 0, 0, 1, 1, 0, 1, 1, 0, 0, 1, 1, 1, 1, 1, 1, 1, 1, 1, 1, 1, 1, 1, 1, 1, 1, 1, 1, 1, 1, 1] 
triadag10_1.txt 100_1x1.txt True 0.12222222222222222 0.14 1539.0 [0, 0, 0, 0, 0, 0, 0, 0, 0, 0, 0, 0, 0, 0, 0, 0, 0, 0, 0, 0, 0, 0, 0, 0, 0, 0, 0, 1, 1, 0, 1, 1, 0, 0, 1, 1, 1, 1, 1, 1, 1, 1, 1, 1, 1, 1, 1, 1, 1, 1, 1, 1, 1, 1, 1] 
triadag10_1.txt 100_1x1.txt True 0.12222222222222222 0.15 1539.0 [0, 0, 0, 0, 0, 0, 0, 0, 0, 0, 0, 0, 0, 0, 0, 0, 0, 0, 0, 0, 0, 0, 0, 0, 0, 0, 0, 1, 1, 0, 1, 1, 0, 0, 1, 1, 1, 1, 1, 1, 1, 1, 1, 1, 1, 1, 1, 1, 1, 1, 1, 1, 1, 1, 1] 
triadag10_1.txt 100_1x1.txt True 0.12222222222222222 0.16 1539.0 [0, 0, 0, 0, 0, 0, 0, 0, 0, 0, 0, 0, 0, 0, 0, 0, 0, 0, 0, 0, 0, 0, 0, 0, 0, 0, 0, 1, 1, 0, 1, 1, 0, 0, 1, 1, 1, 1, 1, 1, 1, 1, 1, 1, 1, 1, 1, 1, 1, 1, 1, 1, 1, 1, 1] 
triadag10_1.txt 100_1x1.txt True 0.12222222222222222 0.17 1539.0 [0, 0, 0, 0, 0, 0, 0, 0, 0, 0, 0, 0, 0, 0, 0, 0, 0, 0, 0, 0, 0, 0, 0, 0, 0, 0, 0, 1, 1, 0, 1, 1, 0, 0, 1, 1, 1, 1, 1, 1, 1, 1, 1, 1, 1, 1, 1, 1, 1, 1, 1, 1, 1, 1, 1] 
triadag10_1.txt 100_1x1.txt True 0.12222222222222222 0.18 1539.0 [0, 0, 0, 0, 0, 0, 0, 0, 0, 0, 0, 0, 0, 0, 0, 0, 0, 0, 0, 0, 0, 0, 0, 0, 0, 0, 0, 1, 1, 0, 1, 1, 0, 0, 1, 1, 1, 1, 1, 1, 1, 1, 1, 1, 1, 1, 1, 1, 1, 1, 1, 1, 1, 1, 1] 
triadag10_1.txt 100_1x1.txt True 0.18888888888888888 0.19 1529.0 [0, 0, 0, 0, 1, 0, 0, 0, 0, 0, 0, 0, 0, 1, 0, 0, 0, 0, 0, 1, 0, 1, 0, 0, 0, 0, 0, 0, 1, 0, 0, 1, 0, 0, 1, 0, 0, 1, 1, 0, 1, 1, 1, 1, 1, 1, 1, 1, 1, 1, 1, 1, 1, 1, 1] 
triadag10_1.txt 100_1x1.txt True 0.18888888888888888 0.2 1529.0 [0, 0, 0, 0, 1, 0, 0, 0, 0, 0, 0, 0, 0, 1, 0, 0, 0, 0, 0, 1, 0, 1, 0, 0, 0, 0, 0, 0, 1, 0, 0, 1, 0, 0, 1, 0, 0, 1, 1, 0, 1, 1, 1, 1, 1, 1, 1, 1, 1, 1, 1, 1, 1, 1, 1] 
triadag10_1.txt 100_1x1.txt True 0.18888888888888888 0.25 1529.0 [0, 0, 0, 0, 1, 0, 0, 0, 0, 0, 0, 0, 0, 1, 0, 0, 0, 0, 0, 1, 0, 1, 0, 0, 0, 0, 0, 0, 1, 0, 0, 1, 0, 0, 1, 0, 0, 1, 1, 0, 1, 1, 1, 1, 1, 1, 1, 1, 1, 1, 1, 1, 1, 1, 1] 
triadag10_1.txt 100_1x1.txt True 0.18888888888888888 0.3 1529.0 [0, 0, 0, 0, 1, 0, 0, 0, 0, 0, 0, 0, 0, 1, 0, 0, 0, 0, 0, 1, 0, 1, 0, 0, 0, 0, 0, 0, 1, 0, 0, 1, 0, 0, 1, 0, 0, 1, 1, 0, 1, 1, 1, 1, 1, 1, 1, 1, 1, 1, 1, 1, 1, 1, 1] 
triadag10_1.txt 100_1x1.txt True 0.18888888888888888 0.35 1529.0 [0, 0, 0, 0, 1, 0, 0, 0, 0, 0, 0, 0, 0, 1, 0, 0, 0, 0, 0, 1, 0, 1, 0, 0, 0, 0, 0, 0, 1, 0, 0, 1, 0, 0, 1, 0, 0, 1, 1, 0, 1, 1, 1, 1, 1, 1, 1, 1, 1, 1, 1, 1, 1, 1, 1] 
triadag10_1.txt 100_1x1.txt True 0.18888888888888888 0.4 1529.0 [0, 0, 0, 0, 1, 0, 0, 0, 0, 0, 0, 0, 0, 1, 0, 0, 0, 0, 0, 1, 0, 1, 0, 0, 0, 0, 0, 0, 1, 0, 0, 1, 0, 0, 1, 0, 0, 1, 1, 0, 1, 1, 1, 1, 1, 1, 1, 1, 1, 1, 1, 1, 1, 1, 1] 
triadag10_1.txt 100_1x1.txt True 0.18888888888888888 0.45 1529.0 [0, 0, 0, 0, 1, 0, 0, 0, 0, 0, 0, 0, 0, 1, 0, 0, 0, 0, 0, 1, 0, 1, 0, 0, 0, 0, 0, 0, 1, 0, 0, 1, 0, 0, 1, 0, 0, 1, 1, 0, 1, 1, 1, 1, 1, 1, 1, 1, 1, 1, 1, 1, 1, 1, 1] 
triadag10_1.txt 100_1x1.txt True 0.18888888888888888 0.5 1529.0 [0, 0, 0, 0, 1, 0, 0, 0, 0, 0, 0, 0, 0, 1, 0, 0, 0, 0, 0, 1, 0, 1, 0, 0, 0, 0, 0, 0, 1, 0, 0, 1, 0, 0, 1, 0, 0, 1, 1, 0, 1, 1, 1, 1, 1, 1, 1, 1, 1, 1, 1, 1, 1, 1, 1] 
triadag10_1.txt 100_1x1.txt True 0.18888888888888888 0.55 1529.0 [0, 0, 0, 0, 1, 0, 0, 0, 0, 0, 0, 0, 0, 1, 0, 0, 0, 0, 0, 1, 0, 1, 0, 0, 0, 0, 0, 0, 1, 0, 0, 1, 0, 0, 1, 0, 0, 1, 1, 0, 1, 1, 1, 1, 1, 1, 1, 1, 1, 1, 1, 1, 1, 1, 1] 
triadag10_1.txt 100_1x1.txt True 0.18888888888888888 0.6 1529.0 [0, 0, 0, 0, 1, 0, 0, 0, 0, 0, 0, 0, 0, 1, 0, 0, 0, 0, 0, 1, 0, 1, 0, 0, 0, 0, 0, 0, 1, 0, 0, 1, 0, 0, 1, 0, 0, 1, 1, 0, 1, 1, 1, 1, 1, 1, 1, 1, 1, 1, 1, 1, 1, 1, 1] 
triadag10_1.txt 100_1x1.txt True 0.18888888888888888 0.65 1529.0 [0, 0, 0, 0, 1, 0, 0, 0, 0, 0, 0, 0, 0, 1, 0, 0, 0, 0, 0, 1, 0, 1, 0, 0, 0, 0, 0, 0, 1, 0, 0, 1, 0, 0, 1, 0, 0, 1, 1, 0, 1, 1, 1, 1, 1, 1, 1, 1, 1, 1, 1, 1, 1, 1, 1] 
triadag10_1.txt 100_1x1.txt True 0.18888888888888888 0.7 1529.0 [0, 0, 0, 0, 1, 0, 0, 0, 0, 0, 0, 0, 0, 1, 0, 0, 0, 0, 0, 1, 0, 1, 0, 0, 0, 0, 0, 0, 1, 0, 0, 1, 0, 0, 1, 0, 0, 1, 1, 0, 1, 1, 1, 1, 1, 1, 1, 1, 1, 1, 1, 1, 1, 1, 1] 
triadag10_1.txt 100_1x1.txt True 0.18888888888888888 0.75 1529.0 [0, 0, 0, 0, 1, 0, 0, 0, 0, 0, 0, 0, 0, 1, 0, 0, 0, 0, 0, 1, 0, 1, 0, 0, 0, 0, 0, 0, 1, 0, 0, 1, 0, 0, 1, 0, 0, 1, 1, 0, 1, 1, 1, 1, 1, 1, 1, 1, 1, 1, 1, 1, 1, 1, 1] 
triadag10_1.txt 100_1x1.txt True 0.18888888888888888 0.8 1529.0 [0, 0, 0, 0, 1, 0, 0, 0, 0, 0, 0, 0, 0, 1, 0, 0, 0, 0, 0, 1, 0, 1, 0, 0, 0, 0, 0, 0, 1, 0, 0, 1, 0, 0, 1, 0, 0, 1, 1, 0, 1, 1, 1, 1, 1, 1, 1, 1, 1, 1, 1, 1, 1, 1, 1] 
triadag10_1.txt 100_1x1.txt True 0.18888888888888888 0.85 1529.0 [0, 0, 0, 0, 1, 0, 0, 0, 0, 0, 0, 0, 0, 1, 0, 0, 0, 0, 0, 1, 0, 1, 0, 0, 0, 0, 0, 0, 1, 0, 0, 1, 0, 0, 1, 0, 0, 1, 1, 0, 1, 1, 1, 1, 1, 1, 1, 1, 1, 1, 1, 1, 1, 1, 1] 
triadag10_1.txt 100_1x1.txt True 0.18888888888888888 0.9 1529.0 [0, 0, 0, 0, 1, 0, 0, 0, 0, 0, 0, 0, 0, 1, 0, 0, 0, 0, 0, 1, 0, 1, 0, 0, 0, 0, 0, 0, 1, 0, 0, 1, 0, 0, 1, 0, 0, 1, 1, 0, 1, 1, 1, 1, 1, 1, 1, 1, 1, 1, 1, 1, 1, 1, 1] 
triadag10_1.txt 100_1x1.txt True 0.18888888888888888 0.95 1529.0 [0, 0, 0, 0, 1, 0, 0, 0, 0, 0, 0, 0, 0, 1, 0, 0, 0, 0, 0, 1, 0, 1, 0, 0, 0, 0, 0, 0, 1, 0, 0, 1, 0, 0, 1, 0, 0, 1, 1, 0, 1, 1, 1, 1, 1, 1, 1, 1, 1, 1, 1, 1, 1, 1, 1] 
triadag10_1.txt 100_1x1.txt True 0.18888888888888888 1 1529.0 [0, 0, 0, 0, 1, 0, 0, 0, 0, 0, 0, 0, 0, 1, 0, 0, 0, 0, 0, 1, 0, 1, 0, 0, 0, 0, 0, 0, 1, 0, 0, 1, 0, 0, 1, 0, 0, 1, 1, 0, 1, 1, 1, 1, 1, 1, 1, 1, 1, 1, 1, 1, 1, 1, 1] 
triadag10_1.txt 1234x1.txt True 0.022222222222222223 0.07 749.5 [3, 3, 3, 3, 3, 3, 3, 2, 3, 3, 3, 3, 3, 3, 3, 3, 2, 3, 3, 3, 3, 3, 3, 3, 3, 3, 3, 3, 3, 3, 3, 3, 3, 3, 3, 3, 3, 3, 3, 3, 3, 3, 3, 3, 3, 3, 3, 3, 3, 3, 3, 3, 3, 3, 3] 
triadag10_1.txt 1234x1.txt True 0.022222222222222223 0.08 749.5 [3, 3, 3, 3, 3, 3, 3, 2, 3, 3, 3, 3, 3, 3, 3, 3, 2, 3, 3, 3, 3, 3, 3, 3, 3, 3, 3, 3, 3, 3, 3, 3, 3, 3, 3, 3, 3, 3, 3, 3, 3, 3, 3, 3, 3, 3, 3, 3, 3, 3, 3, 3, 3, 3, 3] 
triadag10_1.txt 1234x1.txt True 0.022222222222222223 0.09 749.5 [3, 3, 3, 3, 3, 3, 3, 2, 3, 3, 3, 3, 3, 3, 3, 3, 2, 3, 3, 3, 3, 3, 3, 3, 3, 3, 3, 3, 3, 3, 3, 3, 3, 3, 3, 3, 3, 3, 3, 3, 3, 3, 3, 3, 3, 3, 3, 3, 3, 3, 3, 3, 3, 3, 3] 
triadag10_1.txt 1234x1.txt True 0.1 0.1 625.25 [3, 3, 0, 3, 3, 3, 3, 2, 3, 3, 3, 0, 3, 3, 3, 3, 2, 3, 3, 3, 3, 3, 3, 3, 2, 3, 3, 3, 3, 3, 3, 2, 3, 3, 3, 3, 3, 2, 3, 3, 3, 3, 2, 3, 3, 3, 2, 3, 3, 3, 3, 3, 3, 3, 3] 
triadag10_1.txt 1234x1.txt True 0.1 0.11 625.25 [3, 3, 0, 3, 3, 3, 3, 2, 3, 3, 3, 0, 3, 3, 3, 3, 2, 3, 3, 3, 3, 3, 3, 3, 2, 3, 3, 3, 3, 3, 3, 2, 3, 3, 3, 3, 3, 2, 3, 3, 3, 3, 2, 3, 3, 3, 2, 3, 3, 3, 3, 3, 3, 3, 3] 
triadag10_1.txt 1234x1.txt True 0.1 0.12 625.25 [3, 3, 0, 3, 3, 3, 3, 2, 3, 3, 3, 0, 3, 3, 3, 3, 2, 3, 3, 3, 3, 3, 3, 3, 2, 3, 3, 3, 3, 3, 3, 2, 3, 3, 3, 3, 3, 2, 3, 3, 3, 3, 2, 3, 3, 3, 2, 3, 3, 3, 3, 3, 3, 3, 3] 
triadag10_1.txt 1234x1.txt True 0.1 0.13 625.25 [3, 3, 0, 3, 3, 3, 3, 2, 3, 3, 3, 0, 3, 3, 3, 3, 2, 3, 3, 3, 3, 3, 3, 3, 2, 3, 3, 3, 3, 3, 3, 2, 3, 3, 3, 3, 3, 2, 3, 3, 3, 3, 2, 3, 3, 3, 2, 3, 3, 3, 3, 3, 3, 3, 3] 
triadag10_1.txt 1234x1.txt True 0.1 0.14 625.25 [3, 3, 0, 3, 3, 3, 3, 2, 3, 3, 3, 0, 3, 3, 3, 3, 2, 3, 3, 3, 3, 3, 3, 3, 2, 3, 3, 3, 3, 3, 3, 2, 3, 3, 3, 3, 3, 2, 3, 3, 3, 3, 2, 3, 3, 3, 2, 3, 3, 3, 3, 3, 3, 3, 3] 
triadag10_1.txt 1234x1.txt True 0.14444444444444443 0.15 507.0 [3, 3, 3, 3, 2, 3, 3, 3, 3, 3, 3, 3, 3, 2, 3, 3, 3, 3, 3, 3, 3, 2, 3, 3, 3, 3, 3, 3, 2, 3, 3, 3, 3, 3, 3, 1, 1, 3, 3, 3, 1, 1, 3, 3, 3, 1, 1, 1, 1, 1, 1, 1, 1, 1, 1] 
triadag10_1.txt 1234x1.txt True 0.14444444444444443 0.16 507.0 [3, 3, 3, 3, 2, 3, 3, 3, 3, 3, 3, 3, 3, 2, 3, 3, 3, 3, 3, 3, 3, 2, 3, 3, 3, 3, 3, 3, 2, 3, 3, 3, 3, 3, 3, 1, 1, 3, 3, 3, 1, 1, 3, 3, 3, 1, 1, 1, 1, 1, 1, 1, 1, 1, 1] 
triadag10_1.txt 1234x1.txt True 0.14444444444444443 0.17 507.0 [3, 3, 3, 3, 2, 3, 3, 3, 3, 3, 3, 3, 3, 2, 3, 3, 3, 3, 3, 3, 3, 2, 3, 3, 3, 3, 3, 3, 2, 3, 3, 3, 3, 3, 3, 1, 1, 3, 3, 3, 1, 1, 3, 3, 3, 1, 1, 1, 1, 1, 1, 1, 1, 1, 1] 
triadag10_1.txt 1234x1.txt True 0.14444444444444443 0.18 507.0 [3, 3, 3, 3, 2, 3, 3, 3, 3, 3, 3, 3, 3, 2, 3, 3, 3, 3, 3, 3, 3, 2, 3, 3, 3, 3, 3, 3, 2, 3, 3, 3, 3, 3, 3, 1, 1, 3, 3, 3, 1, 1, 3, 3, 3, 1, 1, 1, 1, 1, 1, 1, 1, 1, 1] 
triadag10_1.txt 1234x1.txt True 0.14444444444444443 0.19 507.0 [3, 3, 3, 3, 2, 3, 3, 3, 3, 3, 3, 3, 3, 2, 3, 3, 3, 3, 3, 3, 3, 2, 3, 3, 3, 3, 3, 3, 2, 3, 3, 3, 3, 3, 3, 1, 1, 3, 3, 3, 1, 1, 3, 3, 3, 1, 1, 1, 1, 1, 1, 1, 1, 1, 1] 
triadag10_1.txt 1234x1.txt True 0.2 0.2 326.0 [2, 3, 2, 2, 2, 2, 2, 2, 2, 3, 3, 2, 2, 2, 2, 2, 2, 2, 3, 3, 3, 3, 3, 3, 3, 3, 3, 3, 3, 3, 3, 3, 3, 3, 3, 3, 3, 3, 3, 3, 1, 3, 3, 3, 3, 1, 1, 1, 1, 1, 1, 1, 0, 1, 0] 
triadag10_1.txt 1234x1.txt True 0.24444444444444444 0.25 944.0 [0, 0, 0, 3, 1, 0, 1, 1, 0, 0, 0, 0, 3, 1, 0, 0, 1, 0, 0, 0, 3, 1, 0, 0, 1, 0, 0, 2, 1, 0, 0, 1, 0, 0, 2, 2, 2, 2, 2, 2, 2, 2, 2, 2, 2, 3, 2, 2, 2, 3, 3, 3, 3, 3, 3] 
triadag10_1.txt 1234x1.txt True 0.28888888888888886 0.3 766.0 [2, 3, 2, 0, 2, 2, 2, 3, 3, 2, 3, 2, 0, 2, 2, 2, 3, 3, 2, 3, 0, 3, 2, 3, 3, 3, 3, 0, 3, 0, 3, 3, 3, 0, 0, 0, 0, 0, 0, 0, 1, 0, 0, 0, 0, 1, 1, 1, 0, 1, 1, 1, 1, 1, 1] 
triadag10_1.txt 1234x1.txt True 0.34444444444444444 0.35 774.0 [3, 2, 2, 3, 3, 1, 3, 3, 3, 3, 1, 2, 3, 3, 1, 3, 3, 3, 2, 2, 3, 2, 1, 2, 2, 3, 2, 0, 2, 1, 2, 2, 2, 2, 0, 0, 0, 0, 0, 0, 0, 0, 0, 0, 0, 1, 0, 0, 0, 1, 1, 1, 1, 1, 1] 
triadag10_1.txt 1234x1.txt True 0.34444444444444444 0.4 774.0 [3, 2, 2, 3, 3, 1, 3, 3, 3, 3, 1, 2, 3, 3, 1, 3, 3, 3, 2, 2, 3, 2, 1, 2, 2, 3, 2, 0, 2, 1, 2, 2, 2, 2, 0, 0, 0, 0, 0, 0, 0, 0, 0, 0, 0, 1, 0, 0, 0, 1, 1, 1, 1, 1, 1] 
triadag10_1.txt 1234x1.txt True 0.34444444444444444 0.45 774.0 [3, 2, 2, 3, 3, 1, 3, 3, 3, 3, 1, 2, 3, 3, 1, 3, 3, 3, 2, 2, 3, 2, 1, 2, 2, 3, 2, 0, 2, 1, 2, 2, 2, 2, 0, 0, 0, 0, 0, 0, 0, 0, 0, 0, 0, 1, 0, 0, 0, 1, 1, 1, 1, 1, 1] 
triadag10_1.txt 1234x1.txt True 0.34444444444444444 0.5 774.0 [3, 2, 2, 3, 3, 1, 3, 3, 3, 3, 1, 2, 3, 3, 1, 3, 3, 3, 2, 2, 3, 2, 1, 2, 2, 3, 2, 0, 2, 1, 2, 2, 2, 2, 0, 0, 0, 0, 0, 0, 0, 0, 0, 0, 0, 1, 0, 0, 0, 1, 1, 1, 1, 1, 1] 
triadag10_1.txt 1234x1.txt True 0.34444444444444444 0.55 774.0 [3, 2, 2, 3, 3, 1, 3, 3, 3, 3, 1, 2, 3, 3, 1, 3, 3, 3, 2, 2, 3, 2, 1, 2, 2, 3, 2, 0, 2, 1, 2, 2, 2, 2, 0, 0, 0, 0, 0, 0, 0, 0, 0, 0, 0, 1, 0, 0, 0, 1, 1, 1, 1, 1, 1] 
triadag10_1.txt 1234x1.txt True 0.34444444444444444 0.6 774.0 [3, 2, 2, 3, 3, 1, 3, 3, 3, 3, 1, 2, 3, 3, 1, 3, 3, 3, 2, 2, 3, 2, 1, 2, 2, 3, 2, 0, 2, 1, 2, 2, 2, 2, 0, 0, 0, 0, 0, 0, 0, 0, 0, 0, 0, 1, 0, 0, 0, 1, 1, 1, 1, 1, 1] 
triadag10_1.txt 1234x1.txt True 0.34444444444444444 0.65 774.0 [3, 2, 2, 3, 3, 1, 3, 3, 3, 3, 1, 2, 3, 3, 1, 3, 3, 3, 2, 2, 3, 2, 1, 2, 2, 3, 2, 0, 2, 1, 2, 2, 2, 2, 0, 0, 0, 0, 0, 0, 0, 0, 0, 0, 0, 1, 0, 0, 0, 1, 1, 1, 1, 1, 1] 
triadag10_1.txt 1234x1.txt True 0.34444444444444444 0.7 774.0 [3, 2, 2, 3, 3, 1, 3, 3, 3, 3, 1, 2, 3, 3, 1, 3, 3, 3, 2, 2, 3, 2, 1, 2, 2, 3, 2, 0, 2, 1, 2, 2, 2, 2, 0, 0, 0, 0, 0, 0, 0, 0, 0, 0, 0, 1, 0, 0, 0, 1, 1, 1, 1, 1, 1] 
triadag10_1.txt 1234x1.txt True 0.34444444444444444 0.75 774.0 [3, 2, 2, 3, 3, 1, 3, 3, 3, 3, 1, 2, 3, 3, 1, 3, 3, 3, 2, 2, 3, 2, 1, 2, 2, 3, 2, 0, 2, 1, 2, 2, 2, 2, 0, 0, 0, 0, 0, 0, 0, 0, 0, 0, 0, 1, 0, 0, 0, 1, 1, 1, 1, 1, 1] 
triadag10_1.txt 1234x1.txt True 0.34444444444444444 0.8 774.0 [3, 2, 2, 3, 3, 1, 3, 3, 3, 3, 1, 2, 3, 3, 1, 3, 3, 3, 2, 2, 3, 2, 1, 2, 2, 3, 2, 0, 2, 1, 2, 2, 2, 2, 0, 0, 0, 0, 0, 0, 0, 0, 0, 0, 0, 1, 0, 0, 0, 1, 1, 1, 1, 1, 1] 
triadag10_1.txt 1234x1.txt True 0.34444444444444444 0.85 774.0 [3, 2, 2, 3, 3, 1, 3, 3, 3, 3, 1, 2, 3, 3, 1, 3, 3, 3, 2, 2, 3, 2, 1, 2, 2, 3, 2, 0, 2, 1, 2, 2, 2, 2, 0, 0, 0, 0, 0, 0, 0, 0, 0, 0, 0, 1, 0, 0, 0, 1, 1, 1, 1, 1, 1] 
triadag10_1.txt 1234x1.txt True 0.34444444444444444 0.9 774.0 [3, 2, 2, 3, 3, 1, 3, 3, 3, 3, 1, 2, 3, 3, 1, 3, 3, 3, 2, 2, 3, 2, 1, 2, 2, 3, 2, 0, 2, 1, 2, 2, 2, 2, 0, 0, 0, 0, 0, 0, 0, 0, 0, 0, 0, 1, 0, 0, 0, 1, 1, 1, 1, 1, 1] 
triadag10_1.txt 1234x1.txt True 0.34444444444444444 0.95 774.0 [3, 2, 2, 3, 3, 1, 3, 3, 3, 3, 1, 2, 3, 3, 1, 3, 3, 3, 2, 2, 3, 2, 1, 2, 2, 3, 2, 0, 2, 1, 2, 2, 2, 2, 0, 0, 0, 0, 0, 0, 0, 0, 0, 0, 0, 1, 0, 0, 0, 1, 1, 1, 1, 1, 1] 
triadag10_1.txt 1234x1.txt True 0.34444444444444444 1 774.0 [3, 2, 2, 3, 3, 1, 3, 3, 3, 3, 1, 2, 3, 3, 1, 3, 3, 3, 2, 2, 3, 2, 1, 2, 2, 3, 2, 0, 2, 1, 2, 2, 2, 2, 0, 0, 0, 0, 0, 0, 0, 0, 0, 0, 0, 1, 0, 0, 0, 1, 1, 1, 1, 1, 1] 
triadag10_1.txt 3_2x3.txt True 0.022222222222222223 0.07 1499.0 [5, 5, 5, 5, 5, 5, 5, 4, 5, 5, 5, 5, 5, 5, 5, 5, 4, 5, 5, 5, 5, 5, 5, 5, 5, 5, 5, 5, 5, 5, 5, 5, 5, 5, 5, 5, 5, 5, 5, 5, 5, 5, 5, 5, 5, 5, 5, 5, 5, 5, 5, 5, 5, 5, 5] 
triadag10_1.txt 3_2x3.txt True 0.07777777777777778 0.08 1412.5 [5, 5, 5, 5, 5, 5, 5, 4, 5, 5, 5, 5, 5, 0, 5, 5, 4, 5, 5, 5, 5, 5, 5, 5, 5, 5, 5, 5, 5, 5, 5, 5, 5, 5, 5, 5, 5, 5, 5, 5, 5, 5, 5, 5, 5, 5, 5, 5, 5, 5, 5, 5, 5, 5, 3] 
triadag10_1.txt 3_2x3.txt True 0.08888888888888889 0.09 1300.5 [5, 5, 5, 5, 0, 5, 5, 4, 5, 5, 5, 5, 5, 0, 5, 5, 4, 5, 5, 5, 5, 5, 5, 5, 4, 5, 5, 5, 5, 5, 5, 5, 5, 5, 5, 5, 5, 5, 5, 5, 5, 5, 5, 5, 5, 5, 5, 5, 5, 5, 5, 5, 5, 3, 3] 
triadag10_1.txt 3_2x3.txt True 0.08888888888888889 0.1 1300.5 [5, 5, 5, 5, 0, 5, 5, 4, 5, 5, 5, 5, 5, 0, 5, 5, 4, 5, 5, 5, 5, 5, 5, 5, 4, 5, 5, 5, 5, 5, 5, 5, 5, 5, 5, 5, 5, 5, 5, 5, 5, 5, 5, 5, 5, 5, 5, 5, 5, 5, 5, 5, 5, 3, 3] 
triadag10_1.txt 3_2x3.txt True 0.08888888888888889 0.11 1300.5 [5, 5, 5, 5, 0, 5, 5, 4, 5, 5, 5, 5, 5, 0, 5, 5, 4, 5, 5, 5, 5, 5, 5, 5, 4, 5, 5, 5, 5, 5, 5, 5, 5, 5, 5, 5, 5, 5, 5, 5, 5, 5, 5, 5, 5, 5, 5, 5, 5, 5, 5, 5, 5, 3, 3] 
triadag10_1.txt 3_2x3.txt True 0.08888888888888889 0.12 1300.5 [5, 5, 5, 5, 0, 5, 5, 4, 5, 5, 5, 5, 5, 0, 5, 5, 4, 5, 5, 5, 5, 5, 5, 5, 4, 5, 5, 5, 5, 5, 5, 5, 5, 5, 5, 5, 5, 5, 5, 5, 5, 5, 5, 5, 5, 5, 5, 5, 5, 5, 5, 5, 5, 3, 3] 
triadag10_1.txt 3_2x3.txt True 0.08888888888888889 0.13 1300.5 [5, 5, 5, 5, 0, 5, 5, 4, 5, 5, 5, 5, 5, 0, 5, 5, 4, 5, 5, 5, 5, 5, 5, 5, 4, 5, 5, 5, 5, 5, 5, 5, 5, 5, 5, 5, 5, 5, 5, 5, 5, 5, 5, 5, 5, 5, 5, 5, 5, 5, 5, 5, 5, 3, 3] 
triadag10_1.txt 3_2x3.txt True 0.13333333333333333 0.14 1010.5 [5, 5, 5, 5, 0, 5, 5, 4, 5, 5, 5, 5, 5, 0, 5, 5, 4, 5, 5, 5, 5, 0, 5, 5, 4, 5, 5, 5, 0, 5, 5, 5, 5, 5, 5, 5, 5, 5, 5, 5, 5, 5, 5, 5, 5, 3, 5, 5, 5, 3, 3, 3, 3, 3, 3] 
triadag10_1.txt 3_2x3.txt True 0.13333333333333333 0.15 1010.5 [5, 5, 5, 5, 0, 5, 5, 4, 5, 5, 5, 5, 5, 0, 5, 5, 4, 5, 5, 5, 5, 0, 5, 5, 4, 5, 5, 5, 0, 5, 5, 5, 5, 5, 5, 5, 5, 5, 5, 5, 5, 5, 5, 5, 5, 3, 5, 5, 5, 3, 3, 3, 3, 3, 3] 
triadag10_1.txt 3_2x3.txt True 0.13333333333333333 0.16 1010.5 [5, 5, 5, 5, 0, 5, 5, 4, 5, 5, 5, 5, 5, 0, 5, 5, 4, 5, 5, 5, 5, 0, 5, 5, 4, 5, 5, 5, 0, 5, 5, 5, 5, 5, 5, 5, 5, 5, 5, 5, 5, 5, 5, 5, 5, 3, 5, 5, 5, 3, 3, 3, 3, 3, 3] 
triadag10_1.txt 3_2x3.txt True 0.13333333333333333 0.17 1010.5 [5, 5, 5, 5, 0, 5, 5, 4, 5, 5, 5, 5, 5, 0, 5, 5, 4, 5, 5, 5, 5, 0, 5, 5, 4, 5, 5, 5, 0, 5, 5, 5, 5, 5, 5, 5, 5, 5, 5, 5, 5, 5, 5, 5, 5, 3, 5, 5, 5, 3, 3, 3, 3, 3, 3] 
triadag10_1.txt 3_2x3.txt True 0.13333333333333333 0.18 1010.5 [5, 5, 5, 5, 0, 5, 5, 4, 5, 5, 5, 5, 5, 0, 5, 5, 4, 5, 5, 5, 5, 0, 5, 5, 4, 5, 5, 5, 0, 5, 5, 5, 5, 5, 5, 5, 5, 5, 5, 5, 5, 5, 5, 5, 5, 3, 5, 5, 5, 3, 3, 3, 3, 3, 3] 
triadag10_1.txt 3_2x3.txt True 0.18888888888888888 0.19 769.0 [5, 5, 5, 5, 3, 5, 4, 5, 5, 5, 5, 5, 5, 3, 5, 4, 5, 5, 5, 5, 5, 5, 5, 4, 5, 5, 5, 5, 5, 5, 4, 5, 5, 2, 5, 2, 4, 5, 5, 2, 2, 4, 5, 5, 2, 2, 2, 2, 2, 2, 2, 2, 2, 2, 2] 
triadag10_1.txt 3_2x3.txt True 0.18888888888888888 0.2 769.0 [5, 5, 5, 5, 3, 5, 4, 5, 5, 5, 5, 5, 5, 3, 5, 4, 5, 5, 5, 5, 5, 5, 5, 4, 5, 5, 5, 5, 5, 5, 4, 5, 5, 2, 5, 2, 4, 5, 5, 2, 2, 4, 5, 5, 2, 2, 2, 2, 2, 2, 2, 2, 2, 2, 2] 
triadag10_1.txt 3_2x3.txt True 0.23333333333333334 0.25 510.0 [1, 1, 1, 3, 2, 1, 2, 1, 1, 1, 1, 1, 3, 2, 1, 2, 1, 1, 1, 1, 3, 2, 1, 2, 1, 1, 1, 5, 2, 1, 2, 1, 1, 1, 5, 5, 5, 5, 5, 5, 5, 5, 5, 5, 5, 4, 5, 5, 5, 4, 4, 4, 4, 4, 4] 
triadag10_1.txt 3_2x3.txt True 0.3 0.3 348.0 [2, 1, 2, 4, 0, 2, 2, 2, 2, 2, 1, 2, 4, 0, 2, 2, 2, 2, 2, 1, 4, 1, 1, 1, 1, 1, 1, 4, 1, 1, 1, 1, 1, 1, 4, 4, 4, 4, 4, 4, 5, 4, 4, 4, 4, 5, 5, 5, 5, 5, 5, 5, 3, 5, 3] 
triadag10_1.txt 3_2x3.txt True 0.34444444444444444 0.35 269.5 [4, 5, 4, 2, 3, 4, 3, 4, 4, 4, 5, 4, 2, 3, 4, 3, 4, 4, 4, 5, 2, 3, 5, 5, 5, 5, 5, 2, 3, 5, 5, 5, 5, 5, 1, 2, 2, 1, 1, 2, 1, 2, 1, 1, 1, 0, 1, 1, 1, 0, 0, 0, 0, 0, 0] 
triadag10_1.txt 3_2x3.txt True 0.37777777777777777 0.4 259.0 [1, 1, 2, 1, 0, 2, 2, 0, 1, 1, 1, 2, 1, 0, 2, 2, 0, 1, 1, 5, 1, 0, 2, 2, 0, 1, 1, 5, 4, 5, 5, 0, 5, 5, 4, 5, 5, 5, 5, 5, 4, 4, 4, 5, 5, 3, 4, 4, 4, 3, 4, 3, 3, 3, 3] 
triadag10_1.txt 3_2x3.txt True 0.43333333333333335 0.45 264.0 [1, 2, 1, 1, 0, 0, 1, 0, 2, 1, 0, 1, 1, 0, 2, 1, 0, 2, 2, 2, 5, 0, 2, 2, 0, 2, 2, 5, 4, 2, 2, 5, 2, 2, 4, 5, 5, 5, 5, 5, 4, 5, 4, 4, 4, 3, 4, 4, 4, 3, 4, 3, 3, 3, 3] 
triadag10_1.txt 3_2x3.txt True 0.43333333333333335 0.5 264.0 [1, 2, 1, 1, 0, 0, 1, 0, 2, 1, 0, 1, 1, 0, 2, 1, 0, 2, 2, 2, 5, 0, 2, 2, 0, 2, 2, 5, 4, 2, 2, 5, 2, 2, 4, 5, 5, 5, 5, 5, 4, 5, 4, 4, 4, 3, 4, 4, 4, 3, 4, 3, 3, 3, 3] 
triadag10_1.txt 3_2x3.txt True 0.43333333333333335 0.55 264.0 [1, 2, 1, 1, 0, 0, 1, 0, 2, 1, 0, 1, 1, 0, 2, 1, 0, 2, 2, 2, 5, 0, 2, 2, 0, 2, 2, 5, 4, 2, 2, 5, 2, 2, 4, 5, 5, 5, 5, 5, 4, 5, 4, 4, 4, 3, 4, 4, 4, 3, 4, 3, 3, 3, 3] 
triadag10_1.txt 3_2x3.txt True 0.43333333333333335 0.6 264.0 [1, 2, 1, 1, 0, 0, 1, 0, 2, 1, 0, 1, 1, 0, 2, 1, 0, 2, 2, 2, 5, 0, 2, 2, 0, 2, 2, 5, 4, 2, 2, 5, 2, 2, 4, 5, 5, 5, 5, 5, 4, 5, 4, 4, 4, 3, 4, 4, 4, 3, 4, 3, 3, 3, 3] 
triadag10_1.txt 3_2x3.txt True 0.43333333333333335 0.65 264.0 [1, 2, 1, 1, 0, 0, 1, 0, 2, 1, 0, 1, 1, 0, 2, 1, 0, 2, 2, 2, 5, 0, 2, 2, 0, 2, 2, 5, 4, 2, 2, 5, 2, 2, 4, 5, 5, 5, 5, 5, 4, 5, 4, 4, 4, 3, 4, 4, 4, 3, 4, 3, 3, 3, 3] 
triadag10_1.txt 3_2x3.txt True 0.43333333333333335 0.7 264.0 [1, 2, 1, 1, 0, 0, 1, 0, 2, 1, 0, 1, 1, 0, 2, 1, 0, 2, 2, 2, 5, 0, 2, 2, 0, 2, 2, 5, 4, 2, 2, 5, 2, 2, 4, 5, 5, 5, 5, 5, 4, 5, 4, 4, 4, 3, 4, 4, 4, 3, 4, 3, 3, 3, 3] 
triadag10_1.txt 3_2x3.txt True 0.43333333333333335 0.75 264.0 [1, 2, 1, 1, 0, 0, 1, 0, 2, 1, 0, 1, 1, 0, 2, 1, 0, 2, 2, 2, 5, 0, 2, 2, 0, 2, 2, 5, 4, 2, 2, 5, 2, 2, 4, 5, 5, 5, 5, 5, 4, 5, 4, 4, 4, 3, 4, 4, 4, 3, 4, 3, 3, 3, 3] 
triadag10_1.txt 3_2x3.txt True 0.43333333333333335 0.8 264.0 [1, 2, 1, 1, 0, 0, 1, 0, 2, 1, 0, 1, 1, 0, 2, 1, 0, 2, 2, 2, 5, 0, 2, 2, 0, 2, 2, 5, 4, 2, 2, 5, 2, 2, 4, 5, 5, 5, 5, 5, 4, 5, 4, 4, 4, 3, 4, 4, 4, 3, 4, 3, 3, 3, 3] 
triadag10_1.txt 3_2x3.txt True 0.43333333333333335 0.85 264.0 [1, 2, 1, 1, 0, 0, 1, 0, 2, 1, 0, 1, 1, 0, 2, 1, 0, 2, 2, 2, 5, 0, 2, 2, 0, 2, 2, 5, 4, 2, 2, 5, 2, 2, 4, 5, 5, 5, 5, 5, 4, 5, 4, 4, 4, 3, 4, 4, 4, 3, 4, 3, 3, 3, 3] 
triadag10_1.txt 3_2x3.txt True 0.43333333333333335 0.9 264.0 [1, 2, 1, 1, 0, 0, 1, 0, 2, 1, 0, 1, 1, 0, 2, 1, 0, 2, 2, 2, 5, 0, 2, 2, 0, 2, 2, 5, 4, 2, 2, 5, 2, 2, 4, 5, 5, 5, 5, 5, 4, 5, 4, 4, 4, 3, 4, 4, 4, 3, 4, 3, 3, 3, 3] 
triadag10_1.txt 3_2x3.txt True 0.43333333333333335 0.95 264.0 [1, 2, 1, 1, 0, 0, 1, 0, 2, 1, 0, 1, 1, 0, 2, 1, 0, 2, 2, 2, 5, 0, 2, 2, 0, 2, 2, 5, 4, 2, 2, 5, 2, 2, 4, 5, 5, 5, 5, 5, 4, 5, 4, 4, 4, 3, 4, 4, 4, 3, 4, 3, 3, 3, 3] 
triadag10_1.txt 3_2x3.txt True 0.43333333333333335 1 264.0 [1, 2, 1, 1, 0, 0, 1, 0, 2, 1, 0, 1, 1, 0, 2, 1, 0, 2, 2, 2, 5, 0, 2, 2, 0, 2, 2, 5, 4, 2, 2, 5, 2, 2, 4, 5, 5, 5, 5, 5, 4, 5, 4, 4, 4, 3, 4, 4, 4, 3, 4, 3, 3, 3, 3] 
triadag10_1.txt 1234x3.txt True 0.0 0.07 767.0 [11, 11, 11, 11, 11, 11, 11, 11, 11, 11, 11, 11, 11, 11, 11, 11, 11, 11, 11, 11, 11, 11, 11, 11, 11, 11, 11, 11, 11, 11, 11, 11, 11, 11, 11, 11, 11, 11, 11, 11, 11, 11, 11, 11, 11, 11, 11, 11, 11, 11, 11, 11, 11, 11, 11] 
triadag10_1.txt 1234x3.txt True 0.0 0.08 767.0 [11, 11, 11, 11, 11, 11, 11, 11, 11, 11, 11, 11, 11, 11, 11, 11, 11, 11, 11, 11, 11, 11, 11, 11, 11, 11, 11, 11, 11, 11, 11, 11, 11, 11, 11, 11, 11, 11, 11, 11, 11, 11, 11, 11, 11, 11, 11, 11, 11, 11, 11, 11, 11, 11, 11] 
triadag10_1.txt 1234x3.txt True 0.0 0.09 767.0 [11, 11, 11, 11, 11, 11, 11, 11, 11, 11, 11, 11, 11, 11, 11, 11, 11, 11, 11, 11, 11, 11, 11, 11, 11, 11, 11, 11, 11, 11, 11, 11, 11, 11, 11, 11, 11, 11, 11, 11, 11, 11, 11, 11, 11, 11, 11, 11, 11, 11, 11, 11, 11, 11, 11] 
triadag10_1.txt 1234x3.txt True 0.1 0.1 654.75 [11, 11, 11, 11, 5, 11, 11, 9, 11, 11, 11, 11, 11, 5, 11, 11, 9, 6, 11, 11, 11, 5, 11, 11, 11, 11, 11, 11, 5, 11, 11, 11, 11, 11, 11, 11, 11, 11, 11, 11, 11, 11, 11, 11, 11, 11, 11, 11, 11, 11, 11, 11, 11, 11, 11] 
triadag10_1.txt 1234x3.txt True 0.1 0.11 654.75 [11, 11, 11, 11, 5, 11, 11, 9, 11, 11, 11, 11, 11, 5, 11, 11, 9, 6, 11, 11, 11, 5, 11, 11, 11, 11, 11, 11, 5, 11, 11, 11, 11, 11, 11, 11, 11, 11, 11, 11, 11, 11, 11, 11, 11, 11, 11, 11, 11, 11, 11, 11, 11, 11, 11] 
triadag10_1.txt 1234x3.txt True 0.1 0.12 654.75 [11, 11, 11, 11, 5, 11, 11, 9, 11, 11, 11, 11, 11, 5, 11, 11, 9, 6, 11, 11, 11, 5, 11, 11, 11, 11, 11, 11, 5, 11, 11, 11, 11, 11, 11, 11, 11, 11, 11, 11, 11, 11, 11, 11, 11, 11, 11, 11, 11, 11, 11, 11, 11, 11, 11] 
triadag10_1.txt 1234x3.txt True 0.1 0.13 654.75 [11, 11, 11, 11, 5, 11, 11, 9, 11, 11, 11, 11, 11, 5, 11, 11, 9, 6, 11, 11, 11, 5, 11, 11, 11, 11, 11, 11, 5, 11, 11, 11, 11, 11, 11, 11, 11, 11, 11, 11, 11, 11, 11, 11, 11, 11, 11, 11, 11, 11, 11, 11, 11, 11, 11] 
triadag10_1.txt 1234x3.txt True 0.1 0.14 654.75 [11, 11, 11, 11, 5, 11, 11, 9, 11, 11, 11, 11, 11, 5, 11, 11, 9, 6, 11, 11, 11, 5, 11, 11, 11, 11, 11, 11, 5, 11, 11, 11, 11, 11, 11, 11, 11, 11, 11, 11, 11, 11, 11, 11, 11, 11, 11, 11, 11, 11, 11, 11, 11, 11, 11] 
triadag10_1.txt 1234x3.txt True 0.14444444444444443 0.15 587.5 [11, 11, 11, 11, 5, 11, 11, 9, 6, 11, 11, 11, 11, 5, 11, 11, 9, 6, 11, 11, 11, 5, 11, 11, 9, 6, 11, 11, 11, 11, 11, 9, 6, 11, 11, 11, 11, 11, 6, 11, 11, 11, 11, 6, 11, 11, 11, 11, 11, 11, 11, 11, 11, 11, 11] 
triadag10_1.txt 1234x3.txt True 0.14444444444444443 0.16 587.5 [11, 11, 11, 11, 5, 11, 11, 9, 6, 11, 11, 11, 11, 5, 11, 11, 9, 6, 11, 11, 11, 5, 11, 11, 9, 6, 11, 11, 11, 11, 11, 9, 6, 11, 11, 11, 11, 11, 6, 11, 11, 11, 11, 6, 11, 11, 11, 11, 11, 11, 11, 11, 11, 11, 11] 
triadag10_1.txt 1234x3.txt True 0.14444444444444443 0.17 587.5 [11, 11, 11, 11, 5, 11, 11, 9, 6, 11, 11, 11, 11, 5, 11, 11, 9, 6, 11, 11, 11, 5, 11, 11, 9, 6, 11, 11, 11, 11, 11, 9, 6, 11, 11, 11, 11, 11, 6, 11, 11, 11, 11, 6, 11, 11, 11, 11, 11, 11, 11, 11, 11, 11, 11] 
triadag10_1.txt 1234x3.txt True 0.14444444444444443 0.18 587.5 [11, 11, 11, 11, 5, 11, 11, 9, 6, 11, 11, 11, 11, 5, 11, 11, 9, 6, 11, 11, 11, 5, 11, 11, 9, 6, 11, 11, 11, 11, 11, 9, 6, 11, 11, 11, 11, 11, 6, 11, 11, 11, 11, 6, 11, 11, 11, 11, 11, 11, 11, 11, 11, 11, 11] 
triadag10_1.txt 1234x3.txt True 0.14444444444444443 0.19 587.5 [11, 11, 11, 11, 5, 11, 11, 9, 6, 11, 11, 11, 11, 5, 11, 11, 9, 6, 11, 11, 11, 5, 11, 11, 9, 6, 11, 11, 11, 11, 11, 9, 6, 11, 11, 11, 11, 11, 6, 11, 11, 11, 11, 6, 11, 11, 11, 11, 11, 11, 11, 11, 11, 11, 11] 
triadag10_1.txt 1234x3.txt True 0.14444444444444443 0.2 587.5 [11, 11, 11, 11, 5, 11, 11, 9, 6, 11, 11, 11, 11, 5, 11, 11, 9, 6, 11, 11, 11, 5, 11, 11, 9, 6, 11, 11, 11, 11, 11, 9, 6, 11, 11, 11, 11, 11, 6, 11, 11, 11, 11, 6, 11, 11, 11, 11, 11, 11, 11, 11, 11, 11, 11] 
triadag10_1.txt 1234x3.txt True 0.2111111111111111 0.25 344.6666666666667 [11, 11, 11, 11, 5, 11, 11, 9, 6, 11, 11, 11, 11, 5, 11, 11, 9, 6, 11, 11, 11, 5, 11, 11, 9, 6, 11, 11, 5, 11, 11, 9, 6, 11, 11, 11, 11, 9, 6, 11, 6, 11, 9, 6, 11, 6, 6, 6, 6, 6, 6, 6, 6, 6, 6] 
triadag10_1.txt 1234x3.txt True 0.28888888888888886 0.3 563.0 [2, 1, 2, 9, 2, 2, 4, 3, 2, 1, 1, 2, 9, 2, 2, 4, 3, 2, 1, 1, 1, 1, 1, 1, 3, 1, 1, 11, 1, 1, 1, 3, 1, 1, 11, 11, 11, 11, 11, 11, 11, 11, 11, 11, 11, 8, 11, 11, 11, 8, 8, 8, 8, 8, 8] 
triadag10_1.txt 1234x3.txt True 0.28888888888888886 0.35 563.0 [2, 1, 2, 9, 2, 2, 4, 3, 2, 1, 1, 2, 9, 2, 2, 4, 3, 2, 1, 1, 1, 1, 1, 1, 3, 1, 1, 11, 1, 1, 1, 3, 1, 1, 11, 11, 11, 11, 11, 11, 11, 11, 11, 11, 11, 8, 11, 11, 11, 8, 8, 8, 8, 8, 8] 
triadag10_1.txt 1234x3.txt True 0.4 0.4 495.0 [1, 5, 1, 9, 0, 3, 2, 1, 1, 1, 5, 1, 9, 0, 3, 2, 1, 1, 1, 5, 9, 4, 5, 5, 5, 5, 1, 11, 4, 5, 5, 5, 5, 11, 11, 11, 10, 5, 11, 11, 11, 10, 8, 11, 11, 8, 8, 11, 11, 8, 7, 8, 7, 8, 7] 
triadag10_1.txt 1234x3.txt True 0.43333333333333335 0.45 342.0 [1, 2, 0, 9, 4, 1, 5, 3, 1, 2, 2, 0, 9, 4, 1, 5, 3, 1, 2, 2, 9, 4, 2, 5, 3, 2, 2, 10, 4, 2, 8, 3, 2, 2, 10, 10, 8, 10, 10, 10, 6, 8, 10, 10, 10, 6, 11, 6, 6, 11, 6, 6, 7, 7, 7] 
triadag10_1.txt 1234x3.txt True 0.5 0.5 309.0 [7, 8, 6, 3, 11, 6, 10, 9, 7, 7, 8, 6, 3, 11, 6, 10, 9, 7, 7, 8, 3, 11, 8, 8, 9, 7, 8, 1, 10, 8, 8, 9, 7, 8, 2, 1, 0, 1, 1, 2, 2, 5, 1, 2, 2, 5, 0, 2, 2, 0, 5, 4, 5, 4, 4] 
triadag10_1.txt 1234x3.txt True 0.5333333333333333 0.55 262.0 [7, 9, 8, 8, 3, 6, 11, 6, 7, 9, 10, 8, 8, 7, 6, 11, 6, 7, 9, 10, 11, 3, 6, 11, 10, 10, 9, 0, 1, 6, 11, 10, 10, 9, 1, 0, 0, 2, 2, 9, 1, 0, 2, 1, 1, 4, 2, 1, 1, 5, 4, 4, 5, 5, 5] 
triadag10_1.txt 1234x3.txt True 0.5333333333333333 0.6 262.0 [7, 9, 8, 8, 3, 6, 11, 6, 7, 9, 10, 8, 8, 7, 6, 11, 6, 7, 9, 10, 11, 3, 6, 11, 10, 10, 9, 0, 1, 6, 11, 10, 10, 9, 1, 0, 0, 2, 2, 9, 1, 0, 2, 1, 1, 4, 2, 1, 1, 5, 4, 4, 5, 5, 5] 
triadag10_1.txt 1234x3.txt True 0.5333333333333333 0.65 262.0 [7, 9, 8, 8, 3, 6, 11, 6, 7, 9, 10, 8, 8, 7, 6, 11, 6, 7, 9, 10, 11, 3, 6, 11, 10, 10, 9, 0, 1, 6, 11, 10, 10, 9, 1, 0, 0, 2, 2, 9, 1, 0, 2, 1, 1, 4, 2, 1, 1, 5, 4, 4, 5, 5, 5] 
triadag10_1.txt 1234x3.txt True 0.5333333333333333 0.7 262.0 [7, 9, 8, 8, 3, 6, 11, 6, 7, 9, 10, 8, 8, 7, 6, 11, 6, 7, 9, 10, 11, 3, 6, 11, 10, 10, 9, 0, 1, 6, 11, 10, 10, 9, 1, 0, 0, 2, 2, 9, 1, 0, 2, 1, 1, 4, 2, 1, 1, 5, 4, 4, 5, 5, 5] 
triadag10_1.txt 1234x3.txt True 0.5333333333333333 0.75 262.0 [7, 9, 8, 8, 3, 6, 11, 6, 7, 9, 10, 8, 8, 7, 6, 11, 6, 7, 9, 10, 11, 3, 6, 11, 10, 10, 9, 0, 1, 6, 11, 10, 10, 9, 1, 0, 0, 2, 2, 9, 1, 0, 2, 1, 1, 4, 2, 1, 1, 5, 4, 4, 5, 5, 5] 
triadag10_1.txt 1234x3.txt True 0.5333333333333333 0.8 262.0 [7, 9, 8, 8, 3, 6, 11, 6, 7, 9, 10, 8, 8, 7, 6, 11, 6, 7, 9, 10, 11, 3, 6, 11, 10, 10, 9, 0, 1, 6, 11, 10, 10, 9, 1, 0, 0, 2, 2, 9, 1, 0, 2, 1, 1, 4, 2, 1, 1, 5, 4, 4, 5, 5, 5] 
triadag10_1.txt 1234x3.txt True 0.5333333333333333 0.85 262.0 [7, 9, 8, 8, 3, 6, 11, 6, 7, 9, 10, 8, 8, 7, 6, 11, 6, 7, 9, 10, 11, 3, 6, 11, 10, 10, 9, 0, 1, 6, 11, 10, 10, 9, 1, 0, 0, 2, 2, 9, 1, 0, 2, 1, 1, 4, 2, 1, 1, 5, 4, 4, 5, 5, 5] 
triadag10_1.txt 1234x3.txt True 0.5333333333333333 0.9 262.0 [7, 9, 8, 8, 3, 6, 11, 6, 7, 9, 10, 8, 8, 7, 6, 11, 6, 7, 9, 10, 11, 3, 6, 11, 10, 10, 9, 0, 1, 6, 11, 10, 10, 9, 1, 0, 0, 2, 2, 9, 1, 0, 2, 1, 1, 4, 2, 1, 1, 5, 4, 4, 5, 5, 5] 
triadag10_1.txt 1234x3.txt True 0.5333333333333333 0.95 262.0 [7, 9, 8, 8, 3, 6, 11, 6, 7, 9, 10, 8, 8, 7, 6, 11, 6, 7, 9, 10, 11, 3, 6, 11, 10, 10, 9, 0, 1, 6, 11, 10, 10, 9, 1, 0, 0, 2, 2, 9, 1, 0, 2, 1, 1, 4, 2, 1, 1, 5, 4, 4, 5, 5, 5] 
triadag10_1.txt 1234x3.txt True 0.5333333333333333 1 262.0 [7, 9, 8, 8, 3, 6, 11, 6, 7, 9, 10, 8, 8, 7, 6, 11, 6, 7, 9, 10, 11, 3, 6, 11, 10, 10, 9, 0, 1, 6, 11, 10, 10, 9, 1, 0, 0, 2, 2, 9, 1, 0, 2, 1, 1, 4, 2, 1, 1, 5, 4, 4, 5, 5, 5] 
triadag10_1.txt 1_4x1.txt True 0.06666666666666667 0.07 807.0 [1, 1, 1, 1, 1, 1, 1, 1, 1, 1, 1, 1, 1, 1, 1, 1, 1, 1, 1, 1, 1, 1, 1, 1, 1, 1, 1, 1, 1, 1, 1, 1, 1, 1, 1, 1, 1, 1, 1, 1, 0, 1, 1, 1, 1, 0, 0, 0, 0, 0, 0, 0, 0, 0, 0] 
triadag10_1.txt 1_4x1.txt True 0.06666666666666667 0.08 807.0 [1, 1, 1, 1, 1, 1, 1, 1, 1, 1, 1, 1, 1, 1, 1, 1, 1, 1, 1, 1, 1, 1, 1, 1, 1, 1, 1, 1, 1, 1, 1, 1, 1, 1, 1, 1, 1, 1, 1, 1, 0, 1, 1, 1, 1, 0, 0, 0, 0, 0, 0, 0, 0, 0, 0] 
triadag10_1.txt 1_4x1.txt True 0.08888888888888889 0.09 1337.0 [1, 1, 1, 1, 1, 1, 1, 1, 1, 1, 1, 1, 1, 1, 1, 1, 1, 1, 1, 1, 1, 1, 1, 1, 1, 1, 1, 0, 1, 1, 1, 1, 1, 1, 0, 0, 0, 0, 0, 0, 0, 0, 0, 0, 0, 0, 0, 0, 0, 0, 0, 0, 0, 0, 0] 
triadag10_1.txt 1_4x1.txt True 0.1 0.1 1429.0 [1, 1, 1, 1, 1, 1, 1, 1, 1, 1, 1, 1, 1, 1, 1, 1, 1, 1, 1, 1, 1, 1, 1, 1, 1, 1, 1, 0, 1, 1, 1, 0, 1, 1, 0, 0, 0, 0, 0, 0, 0, 0, 0, 0, 0, 0, 0, 0, 0, 0, 0, 0, 0, 0, 0] 
triadag10_1.txt 1_4x1.txt True 0.1 0.11 1429.0 [1, 1, 1, 1, 1, 1, 1, 1, 1, 1, 1, 1, 1, 1, 1, 1, 1, 1, 1, 1, 1, 1, 1, 1, 1, 1, 1, 0, 1, 1, 1, 0, 1, 1, 0, 0, 0, 0, 0, 0, 0, 0, 0, 0, 0, 0, 0, 0, 0, 0, 0, 0, 0, 0, 0] 
triadag10_1.txt 1_4x1.txt True 0.1111111111111111 0.12 1510.0 [1, 1, 1, 0, 1, 1, 1, 1, 1, 1, 1, 1, 0, 1, 1, 1, 1, 1, 1, 1, 0, 1, 1, 1, 1, 1, 1, 0, 1, 1, 1, 1, 1, 0, 0, 0, 0, 0, 0, 0, 0, 0, 0, 0, 0, 0, 0, 0, 0, 0, 0, 0, 0, 0, 0] 
triadag10_1.txt 1_4x1.txt True 0.12222222222222222 0.13 1529.0 [0, 0, 0, 0, 0, 0, 0, 0, 0, 0, 0, 0, 0, 0, 0, 0, 0, 0, 0, 0, 0, 0, 0, 0, 0, 0, 0, 1, 1, 0, 1, 1, 0, 0, 1, 1, 1, 1, 1, 1, 1, 1, 1, 1, 1, 1, 1, 1, 1, 1, 1, 1, 1, 1, 1] 
triadag10_1.txt 1_4x1.txt True 0.12222222222222222 0.14 1529.0 [0, 0, 0, 0, 0, 0, 0, 0, 0, 0, 0, 0, 0, 0, 0, 0, 0, 0, 0, 0, 0, 0, 0, 0, 0, 0, 0, 1, 1, 0, 1, 1, 0, 0, 1, 1, 1, 1, 1, 1, 1, 1, 1, 1, 1, 1, 1, 1, 1, 1, 1, 1, 1, 1, 1] 
triadag10_1.txt 1_4x1.txt True 0.12222222222222222 0.15 1529.0 [0, 0, 0, 0, 0, 0, 0, 0, 0, 0, 0, 0, 0, 0, 0, 0, 0, 0, 0, 0, 0, 0, 0, 0, 0, 0, 0, 1, 1, 0, 1, 1, 0, 0, 1, 1, 1, 1, 1, 1, 1, 1, 1, 1, 1, 1, 1, 1, 1, 1, 1, 1, 1, 1, 1] 
triadag10_1.txt 1_4x1.txt True 0.12222222222222222 0.16 1529.0 [0, 0, 0, 0, 0, 0, 0, 0, 0, 0, 0, 0, 0, 0, 0, 0, 0, 0, 0, 0, 0, 0, 0, 0, 0, 0, 0, 1, 1, 0, 1, 1, 0, 0, 1, 1, 1, 1, 1, 1, 1, 1, 1, 1, 1, 1, 1, 1, 1, 1, 1, 1, 1, 1, 1] 
triadag10_1.txt 1_4x1.txt True 0.12222222222222222 0.17 1529.0 [0, 0, 0, 0, 0, 0, 0, 0, 0, 0, 0, 0, 0, 0, 0, 0, 0, 0, 0, 0, 0, 0, 0, 0, 0, 0, 0, 1, 1, 0, 1, 1, 0, 0, 1, 1, 1, 1, 1, 1, 1, 1, 1, 1, 1, 1, 1, 1, 1, 1, 1, 1, 1, 1, 1] 
triadag10_1.txt 1_4x1.txt True 0.12222222222222222 0.18 1529.0 [0, 0, 0, 0, 0, 0, 0, 0, 0, 0, 0, 0, 0, 0, 0, 0, 0, 0, 0, 0, 0, 0, 0, 0, 0, 0, 0, 1, 1, 0, 1, 1, 0, 0, 1, 1, 1, 1, 1, 1, 1, 1, 1, 1, 1, 1, 1, 1, 1, 1, 1, 1, 1, 1, 1] 
triadag10_1.txt 1_4x1.txt True 0.18888888888888888 0.19 1539.0 [0, 0, 0, 0, 1, 0, 0, 0, 0, 0, 0, 0, 0, 1, 0, 0, 0, 0, 0, 1, 0, 1, 0, 0, 0, 0, 0, 0, 1, 0, 0, 1, 0, 0, 1, 0, 0, 1, 1, 0, 1, 1, 1, 1, 1, 1, 1, 1, 1, 1, 1, 1, 1, 1, 1] 
triadag10_1.txt 1_4x1.txt True 0.18888888888888888 0.2 1539.0 [0, 0, 0, 0, 1, 0, 0, 0, 0, 0, 0, 0, 0, 1, 0, 0, 0, 0, 0, 1, 0, 1, 0, 0, 0, 0, 0, 0, 1, 0, 0, 1, 0, 0, 1, 0, 0, 1, 1, 0, 1, 1, 1, 1, 1, 1, 1, 1, 1, 1, 1, 1, 1, 1, 1] 
triadag10_1.txt 1_4x1.txt True 0.18888888888888888 0.25 1539.0 [0, 0, 0, 0, 1, 0, 0, 0, 0, 0, 0, 0, 0, 1, 0, 0, 0, 0, 0, 1, 0, 1, 0, 0, 0, 0, 0, 0, 1, 0, 0, 1, 0, 0, 1, 0, 0, 1, 1, 0, 1, 1, 1, 1, 1, 1, 1, 1, 1, 1, 1, 1, 1, 1, 1] 
triadag10_1.txt 1_4x1.txt True 0.18888888888888888 0.3 1539.0 [0, 0, 0, 0, 1, 0, 0, 0, 0, 0, 0, 0, 0, 1, 0, 0, 0, 0, 0, 1, 0, 1, 0, 0, 0, 0, 0, 0, 1, 0, 0, 1, 0, 0, 1, 0, 0, 1, 1, 0, 1, 1, 1, 1, 1, 1, 1, 1, 1, 1, 1, 1, 1, 1, 1] 
triadag10_1.txt 1_4x1.txt True 0.18888888888888888 0.35 1539.0 [0, 0, 0, 0, 1, 0, 0, 0, 0, 0, 0, 0, 0, 1, 0, 0, 0, 0, 0, 1, 0, 1, 0, 0, 0, 0, 0, 0, 1, 0, 0, 1, 0, 0, 1, 0, 0, 1, 1, 0, 1, 1, 1, 1, 1, 1, 1, 1, 1, 1, 1, 1, 1, 1, 1] 
triadag10_1.txt 1_4x1.txt True 0.18888888888888888 0.4 1539.0 [0, 0, 0, 0, 1, 0, 0, 0, 0, 0, 0, 0, 0, 1, 0, 0, 0, 0, 0, 1, 0, 1, 0, 0, 0, 0, 0, 0, 1, 0, 0, 1, 0, 0, 1, 0, 0, 1, 1, 0, 1, 1, 1, 1, 1, 1, 1, 1, 1, 1, 1, 1, 1, 1, 1] 
triadag10_1.txt 1_4x1.txt True 0.18888888888888888 0.45 1539.0 [0, 0, 0, 0, 1, 0, 0, 0, 0, 0, 0, 0, 0, 1, 0, 0, 0, 0, 0, 1, 0, 1, 0, 0, 0, 0, 0, 0, 1, 0, 0, 1, 0, 0, 1, 0, 0, 1, 1, 0, 1, 1, 1, 1, 1, 1, 1, 1, 1, 1, 1, 1, 1, 1, 1] 
triadag10_1.txt 1_4x1.txt True 0.18888888888888888 0.5 1539.0 [0, 0, 0, 0, 1, 0, 0, 0, 0, 0, 0, 0, 0, 1, 0, 0, 0, 0, 0, 1, 0, 1, 0, 0, 0, 0, 0, 0, 1, 0, 0, 1, 0, 0, 1, 0, 0, 1, 1, 0, 1, 1, 1, 1, 1, 1, 1, 1, 1, 1, 1, 1, 1, 1, 1] 
triadag10_1.txt 1_4x1.txt True 0.18888888888888888 0.55 1539.0 [0, 0, 0, 0, 1, 0, 0, 0, 0, 0, 0, 0, 0, 1, 0, 0, 0, 0, 0, 1, 0, 1, 0, 0, 0, 0, 0, 0, 1, 0, 0, 1, 0, 0, 1, 0, 0, 1, 1, 0, 1, 1, 1, 1, 1, 1, 1, 1, 1, 1, 1, 1, 1, 1, 1] 
triadag10_1.txt 1_4x1.txt True 0.18888888888888888 0.6 1539.0 [0, 0, 0, 0, 1, 0, 0, 0, 0, 0, 0, 0, 0, 1, 0, 0, 0, 0, 0, 1, 0, 1, 0, 0, 0, 0, 0, 0, 1, 0, 0, 1, 0, 0, 1, 0, 0, 1, 1, 0, 1, 1, 1, 1, 1, 1, 1, 1, 1, 1, 1, 1, 1, 1, 1] 
triadag10_1.txt 1_4x1.txt True 0.18888888888888888 0.65 1539.0 [0, 0, 0, 0, 1, 0, 0, 0, 0, 0, 0, 0, 0, 1, 0, 0, 0, 0, 0, 1, 0, 1, 0, 0, 0, 0, 0, 0, 1, 0, 0, 1, 0, 0, 1, 0, 0, 1, 1, 0, 1, 1, 1, 1, 1, 1, 1, 1, 1, 1, 1, 1, 1, 1, 1] 
triadag10_1.txt 1_4x1.txt True 0.18888888888888888 0.7 1539.0 [0, 0, 0, 0, 1, 0, 0, 0, 0, 0, 0, 0, 0, 1, 0, 0, 0, 0, 0, 1, 0, 1, 0, 0, 0, 0, 0, 0, 1, 0, 0, 1, 0, 0, 1, 0, 0, 1, 1, 0, 1, 1, 1, 1, 1, 1, 1, 1, 1, 1, 1, 1, 1, 1, 1] 
triadag10_1.txt 1_4x1.txt True 0.18888888888888888 0.75 1539.0 [0, 0, 0, 0, 1, 0, 0, 0, 0, 0, 0, 0, 0, 1, 0, 0, 0, 0, 0, 1, 0, 1, 0, 0, 0, 0, 0, 0, 1, 0, 0, 1, 0, 0, 1, 0, 0, 1, 1, 0, 1, 1, 1, 1, 1, 1, 1, 1, 1, 1, 1, 1, 1, 1, 1] 
triadag10_1.txt 1_4x1.txt True 0.18888888888888888 0.8 1539.0 [0, 0, 0, 0, 1, 0, 0, 0, 0, 0, 0, 0, 0, 1, 0, 0, 0, 0, 0, 1, 0, 1, 0, 0, 0, 0, 0, 0, 1, 0, 0, 1, 0, 0, 1, 0, 0, 1, 1, 0, 1, 1, 1, 1, 1, 1, 1, 1, 1, 1, 1, 1, 1, 1, 1] 
triadag10_1.txt 1_4x1.txt True 0.18888888888888888 0.85 1539.0 [0, 0, 0, 0, 1, 0, 0, 0, 0, 0, 0, 0, 0, 1, 0, 0, 0, 0, 0, 1, 0, 1, 0, 0, 0, 0, 0, 0, 1, 0, 0, 1, 0, 0, 1, 0, 0, 1, 1, 0, 1, 1, 1, 1, 1, 1, 1, 1, 1, 1, 1, 1, 1, 1, 1] 
triadag10_1.txt 1_4x1.txt True 0.18888888888888888 0.9 1539.0 [0, 0, 0, 0, 1, 0, 0, 0, 0, 0, 0, 0, 0, 1, 0, 0, 0, 0, 0, 1, 0, 1, 0, 0, 0, 0, 0, 0, 1, 0, 0, 1, 0, 0, 1, 0, 0, 1, 1, 0, 1, 1, 1, 1, 1, 1, 1, 1, 1, 1, 1, 1, 1, 1, 1] 
triadag10_1.txt 1_4x1.txt True 0.18888888888888888 0.95 1539.0 [0, 0, 0, 0, 1, 0, 0, 0, 0, 0, 0, 0, 0, 1, 0, 0, 0, 0, 0, 1, 0, 1, 0, 0, 0, 0, 0, 0, 1, 0, 0, 1, 0, 0, 1, 0, 0, 1, 1, 0, 1, 1, 1, 1, 1, 1, 1, 1, 1, 1, 1, 1, 1, 1, 1] 
triadag10_1.txt 1_4x1.txt True 0.18888888888888888 1 1539.0 [0, 0, 0, 0, 1, 0, 0, 0, 0, 0, 0, 0, 0, 1, 0, 0, 0, 0, 0, 1, 0, 1, 0, 0, 0, 0, 0, 0, 1, 0, 0, 1, 0, 0, 1, 0, 0, 1, 1, 0, 1, 1, 1, 1, 1, 1, 1, 1, 1, 1, 1, 1, 1, 1, 1] 
triadag10_1.txt 3_2x2.txt True 0.022222222222222223 0.07 1499.0 [3, 3, 3, 3, 3, 3, 3, 2, 3, 3, 3, 3, 3, 3, 3, 3, 2, 3, 3, 3, 3, 3, 3, 3, 3, 3, 3, 3, 3, 3, 3, 3, 3, 3, 3, 3, 3, 3, 3, 3, 3, 3, 3, 3, 3, 3, 3, 3, 3, 3, 3, 3, 3, 3, 3] 
triadag10_1.txt 3_2x2.txt True 0.022222222222222223 0.08 1499.0 [3, 3, 3, 3, 3, 3, 3, 2, 3, 3, 3, 3, 3, 3, 3, 3, 2, 3, 3, 3, 3, 3, 3, 3, 3, 3, 3, 3, 3, 3, 3, 3, 3, 3, 3, 3, 3, 3, 3, 3, 3, 3, 3, 3, 3, 3, 3, 3, 3, 3, 3, 3, 3, 3, 3] 
triadag10_1.txt 3_2x2.txt True 0.022222222222222223 0.09 1499.0 [3, 3, 3, 3, 3, 3, 3, 2, 3, 3, 3, 3, 3, 3, 3, 3, 2, 3, 3, 3, 3, 3, 3, 3, 3, 3, 3, 3, 3, 3, 3, 3, 3, 3, 3, 3, 3, 3, 3, 3, 3, 3, 3, 3, 3, 3, 3, 3, 3, 3, 3, 3, 3, 3, 3] 
triadag10_1.txt 3_2x2.txt True 0.1 0.1 1250.5 [3, 3, 0, 3, 3, 3, 3, 2, 3, 3, 3, 0, 3, 3, 3, 3, 2, 3, 3, 3, 3, 3, 3, 3, 2, 3, 3, 3, 3, 3, 3, 2, 3, 3, 3, 3, 3, 2, 3, 3, 3, 3, 2, 3, 3, 3, 2, 3, 3, 3, 3, 3, 3, 3, 3] 
triadag10_1.txt 3_2x2.txt True 0.1 0.11 1250.5 [3, 3, 0, 3, 3, 3, 3, 2, 3, 3, 3, 0, 3, 3, 3, 3, 2, 3, 3, 3, 3, 3, 3, 3, 2, 3, 3, 3, 3, 3, 3, 2, 3, 3, 3, 3, 3, 2, 3, 3, 3, 3, 2, 3, 3, 3, 2, 3, 3, 3, 3, 3, 3, 3, 3] 
triadag10_1.txt 3_2x2.txt True 0.1 0.12 1250.5 [3, 3, 0, 3, 3, 3, 3, 2, 3, 3, 3, 0, 3, 3, 3, 3, 2, 3, 3, 3, 3, 3, 3, 3, 2, 3, 3, 3, 3, 3, 3, 2, 3, 3, 3, 3, 3, 2, 3, 3, 3, 3, 2, 3, 3, 3, 2, 3, 3, 3, 3, 3, 3, 3, 3] 
triadag10_1.txt 3_2x2.txt True 0.1 0.13 1250.5 [3, 3, 0, 3, 3, 3, 3, 2, 3, 3, 3, 0, 3, 3, 3, 3, 2, 3, 3, 3, 3, 3, 3, 3, 2, 3, 3, 3, 3, 3, 3, 2, 3, 3, 3, 3, 3, 2, 3, 3, 3, 3, 2, 3, 3, 3, 2, 3, 3, 3, 3, 3, 3, 3, 3] 
triadag10_1.txt 3_2x2.txt True 0.1 0.14 1250.5 [3, 3, 0, 3, 3, 3, 3, 2, 3, 3, 3, 0, 3, 3, 3, 3, 2, 3, 3, 3, 3, 3, 3, 3, 2, 3, 3, 3, 3, 3, 3, 2, 3, 3, 3, 3, 3, 2, 3, 3, 3, 3, 2, 3, 3, 3, 2, 3, 3, 3, 3, 3, 3, 3, 3] 
triadag10_1.txt 3_2x2.txt True 0.14444444444444443 0.15 856.0 [3, 3, 3, 3, 2, 3, 3, 3, 3, 3, 3, 3, 3, 2, 3, 3, 3, 3, 3, 3, 3, 2, 3, 3, 3, 3, 3, 3, 2, 3, 3, 3, 3, 3, 3, 1, 1, 3, 3, 3, 1, 1, 3, 3, 3, 1, 1, 1, 1, 1, 1, 1, 1, 1, 1] 
triadag10_1.txt 3_2x2.txt True 0.14444444444444443 0.16 856.0 [3, 3, 3, 3, 2, 3, 3, 3, 3, 3, 3, 3, 3, 2, 3, 3, 3, 3, 3, 3, 3, 2, 3, 3, 3, 3, 3, 3, 2, 3, 3, 3, 3, 3, 3, 1, 1, 3, 3, 3, 1, 1, 3, 3, 3, 1, 1, 1, 1, 1, 1, 1, 1, 1, 1] 
triadag10_1.txt 3_2x2.txt True 0.14444444444444443 0.17 856.0 [3, 3, 3, 3, 2, 3, 3, 3, 3, 3, 3, 3, 3, 2, 3, 3, 3, 3, 3, 3, 3, 2, 3, 3, 3, 3, 3, 3, 2, 3, 3, 3, 3, 3, 3, 1, 1, 3, 3, 3, 1, 1, 3, 3, 3, 1, 1, 1, 1, 1, 1, 1, 1, 1, 1] 
triadag10_1.txt 3_2x2.txt True 0.14444444444444443 0.18 856.0 [3, 3, 3, 3, 2, 3, 3, 3, 3, 3, 3, 3, 3, 2, 3, 3, 3, 3, 3, 3, 3, 2, 3, 3, 3, 3, 3, 3, 2, 3, 3, 3, 3, 3, 3, 1, 1, 3, 3, 3, 1, 1, 3, 3, 3, 1, 1, 1, 1, 1, 1, 1, 1, 1, 1] 
triadag10_1.txt 3_2x2.txt True 0.14444444444444443 0.19 856.0 [3, 3, 3, 3, 2, 3, 3, 3, 3, 3, 3, 3, 3, 2, 3, 3, 3, 3, 3, 3, 3, 2, 3, 3, 3, 3, 3, 3, 2, 3, 3, 3, 3, 3, 3, 1, 1, 3, 3, 3, 1, 1, 3, 3, 3, 1, 1, 1, 1, 1, 1, 1, 1, 1, 1] 
triadag10_1.txt 3_2x2.txt True 0.2 0.2 641.5 [2, 3, 2, 2, 2, 2, 2, 2, 2, 3, 3, 2, 2, 2, 2, 2, 2, 2, 3, 3, 3, 3, 3, 3, 3, 3, 3, 3, 3, 3, 3, 3, 3, 3, 3, 3, 3, 3, 3, 3, 1, 3, 3, 3, 3, 1, 1, 1, 1, 1, 1, 1, 0, 1, 0] 
triadag10_1.txt 3_2x2.txt True 0.24444444444444444 0.25 351.5 [0, 0, 0, 3, 1, 0, 1, 1, 0, 0, 0, 0, 3, 1, 0, 0, 1, 0, 0, 0, 3, 1, 0, 0, 1, 0, 0, 2, 1, 0, 0, 1, 0, 0, 2, 2, 2, 2, 2, 2, 2, 2, 2, 2, 2, 3, 2, 2, 2, 3, 3, 3, 3, 3, 3] 
triadag10_1.txt 3_2x2.txt True 0.28888888888888886 0.3 381.0 [1, 0, 1, 2, 1, 1, 0, 1, 1, 1, 0, 1, 2, 1, 1, 0, 1, 1, 1, 0, 2, 0, 0, 0, 0, 1, 0, 2, 0, 2, 0, 0, 2, 0, 2, 2, 2, 2, 2, 2, 3, 2, 2, 2, 2, 3, 3, 3, 2, 3, 3, 3, 3, 3, 3] 
triadag10_1.txt 3_2x2.txt True 0.34444444444444444 0.35 385.5 [3, 2, 2, 3, 3, 1, 3, 3, 3, 3, 1, 2, 3, 3, 1, 3, 3, 3, 2, 2, 3, 2, 1, 2, 2, 3, 2, 0, 2, 1, 2, 2, 2, 2, 0, 0, 0, 0, 0, 0, 0, 0, 0, 0, 0, 1, 0, 0, 0, 1, 1, 1, 1, 1, 1] 
triadag10_1.txt 3_2x2.txt True 0.34444444444444444 0.4 385.5 [3, 2, 2, 3, 3, 1, 3, 3, 3, 3, 1, 2, 3, 3, 1, 3, 3, 3, 2, 2, 3, 2, 1, 2, 2, 3, 2, 0, 2, 1, 2, 2, 2, 2, 0, 0, 0, 0, 0, 0, 0, 0, 0, 0, 0, 1, 0, 0, 0, 1, 1, 1, 1, 1, 1] 
triadag10_1.txt 3_2x2.txt True 0.34444444444444444 0.45 385.5 [3, 2, 2, 3, 3, 1, 3, 3, 3, 3, 1, 2, 3, 3, 1, 3, 3, 3, 2, 2, 3, 2, 1, 2, 2, 3, 2, 0, 2, 1, 2, 2, 2, 2, 0, 0, 0, 0, 0, 0, 0, 0, 0, 0, 0, 1, 0, 0, 0, 1, 1, 1, 1, 1, 1] 
triadag10_1.txt 3_2x2.txt True 0.34444444444444444 0.5 385.5 [3, 2, 2, 3, 3, 1, 3, 3, 3, 3, 1, 2, 3, 3, 1, 3, 3, 3, 2, 2, 3, 2, 1, 2, 2, 3, 2, 0, 2, 1, 2, 2, 2, 2, 0, 0, 0, 0, 0, 0, 0, 0, 0, 0, 0, 1, 0, 0, 0, 1, 1, 1, 1, 1, 1] 
triadag10_1.txt 3_2x2.txt True 0.34444444444444444 0.55 385.5 [3, 2, 2, 3, 3, 1, 3, 3, 3, 3, 1, 2, 3, 3, 1, 3, 3, 3, 2, 2, 3, 2, 1, 2, 2, 3, 2, 0, 2, 1, 2, 2, 2, 2, 0, 0, 0, 0, 0, 0, 0, 0, 0, 0, 0, 1, 0, 0, 0, 1, 1, 1, 1, 1, 1] 
triadag10_1.txt 3_2x2.txt True 0.34444444444444444 0.6 385.5 [3, 2, 2, 3, 3, 1, 3, 3, 3, 3, 1, 2, 3, 3, 1, 3, 3, 3, 2, 2, 3, 2, 1, 2, 2, 3, 2, 0, 2, 1, 2, 2, 2, 2, 0, 0, 0, 0, 0, 0, 0, 0, 0, 0, 0, 1, 0, 0, 0, 1, 1, 1, 1, 1, 1] 
triadag10_1.txt 3_2x2.txt True 0.34444444444444444 0.65 385.5 [3, 2, 2, 3, 3, 1, 3, 3, 3, 3, 1, 2, 3, 3, 1, 3, 3, 3, 2, 2, 3, 2, 1, 2, 2, 3, 2, 0, 2, 1, 2, 2, 2, 2, 0, 0, 0, 0, 0, 0, 0, 0, 0, 0, 0, 1, 0, 0, 0, 1, 1, 1, 1, 1, 1] 
triadag10_1.txt 3_2x2.txt True 0.34444444444444444 0.7 385.5 [3, 2, 2, 3, 3, 1, 3, 3, 3, 3, 1, 2, 3, 3, 1, 3, 3, 3, 2, 2, 3, 2, 1, 2, 2, 3, 2, 0, 2, 1, 2, 2, 2, 2, 0, 0, 0, 0, 0, 0, 0, 0, 0, 0, 0, 1, 0, 0, 0, 1, 1, 1, 1, 1, 1] 
triadag10_1.txt 3_2x2.txt True 0.34444444444444444 0.75 385.5 [3, 2, 2, 3, 3, 1, 3, 3, 3, 3, 1, 2, 3, 3, 1, 3, 3, 3, 2, 2, 3, 2, 1, 2, 2, 3, 2, 0, 2, 1, 2, 2, 2, 2, 0, 0, 0, 0, 0, 0, 0, 0, 0, 0, 0, 1, 0, 0, 0, 1, 1, 1, 1, 1, 1] 
triadag10_1.txt 3_2x2.txt True 0.34444444444444444 0.8 385.5 [3, 2, 2, 3, 3, 1, 3, 3, 3, 3, 1, 2, 3, 3, 1, 3, 3, 3, 2, 2, 3, 2, 1, 2, 2, 3, 2, 0, 2, 1, 2, 2, 2, 2, 0, 0, 0, 0, 0, 0, 0, 0, 0, 0, 0, 1, 0, 0, 0, 1, 1, 1, 1, 1, 1] 
triadag10_1.txt 3_2x2.txt True 0.34444444444444444 0.85 385.5 [3, 2, 2, 3, 3, 1, 3, 3, 3, 3, 1, 2, 3, 3, 1, 3, 3, 3, 2, 2, 3, 2, 1, 2, 2, 3, 2, 0, 2, 1, 2, 2, 2, 2, 0, 0, 0, 0, 0, 0, 0, 0, 0, 0, 0, 1, 0, 0, 0, 1, 1, 1, 1, 1, 1] 
triadag10_1.txt 3_2x2.txt True 0.34444444444444444 0.9 385.5 [3, 2, 2, 3, 3, 1, 3, 3, 3, 3, 1, 2, 3, 3, 1, 3, 3, 3, 2, 2, 3, 2, 1, 2, 2, 3, 2, 0, 2, 1, 2, 2, 2, 2, 0, 0, 0, 0, 0, 0, 0, 0, 0, 0, 0, 1, 0, 0, 0, 1, 1, 1, 1, 1, 1] 
triadag10_1.txt 3_2x2.txt True 0.34444444444444444 0.95 385.5 [3, 2, 2, 3, 3, 1, 3, 3, 3, 3, 1, 2, 3, 3, 1, 3, 3, 3, 2, 2, 3, 2, 1, 2, 2, 3, 2, 0, 2, 1, 2, 2, 2, 2, 0, 0, 0, 0, 0, 0, 0, 0, 0, 0, 0, 1, 0, 0, 0, 1, 1, 1, 1, 1, 1] 
triadag10_1.txt 3_2x2.txt True 0.34444444444444444 1 385.5 [3, 2, 2, 3, 3, 1, 3, 3, 3, 3, 1, 2, 3, 3, 1, 3, 3, 3, 2, 2, 3, 2, 1, 2, 2, 3, 2, 0, 2, 1, 2, 2, 2, 2, 0, 0, 0, 0, 0, 0, 0, 0, 0, 0, 0, 1, 0, 0, 0, 1, 1, 1, 1, 1, 1] 
triadag10_1.txt 1_4x4.txt True 0.0 0.07 767.0 [7, 7, 7, 7, 7, 7, 7, 7, 7, 7, 7, 7, 7, 7, 7, 7, 7, 7, 7, 7, 7, 7, 7, 7, 7, 7, 7, 7, 7, 7, 7, 7, 7, 7, 7, 7, 7, 7, 7, 7, 7, 7, 7, 7, 7, 7, 7, 7, 7, 7, 7, 7, 7, 7, 7] 
triadag10_1.txt 1_4x4.txt True 0.07777777777777778 0.08 667.25 [7, 7, 6, 7, 7, 7, 5, 7, 7, 7, 7, 6, 7, 1, 7, 5, 7, 7, 7, 7, 7, 7, 7, 7, 7, 7, 7, 7, 7, 7, 7, 7, 7, 7, 7, 7, 7, 7, 7, 7, 7, 7, 7, 7, 7, 7, 7, 7, 7, 7, 7, 7, 7, 7, 7] 
triadag10_1.txt 1_4x4.txt True 0.07777777777777778 0.09 667.25 [7, 7, 6, 7, 7, 7, 5, 7, 7, 7, 7, 6, 7, 1, 7, 5, 7, 7, 7, 7, 7, 7, 7, 7, 7, 7, 7, 7, 7, 7, 7, 7, 7, 7, 7, 7, 7, 7, 7, 7, 7, 7, 7, 7, 7, 7, 7, 7, 7, 7, 7, 7, 7, 7, 7] 
triadag10_1.txt 1_4x4.txt True 0.07777777777777778 0.1 667.25 [7, 7, 6, 7, 7, 7, 5, 7, 7, 7, 7, 6, 7, 1, 7, 5, 7, 7, 7, 7, 7, 7, 7, 7, 7, 7, 7, 7, 7, 7, 7, 7, 7, 7, 7, 7, 7, 7, 7, 7, 7, 7, 7, 7, 7, 7, 7, 7, 7, 7, 7, 7, 7, 7, 7] 
triadag10_1.txt 1_4x4.txt True 0.07777777777777778 0.11 667.25 [7, 7, 6, 7, 7, 7, 5, 7, 7, 7, 7, 6, 7, 1, 7, 5, 7, 7, 7, 7, 7, 7, 7, 7, 7, 7, 7, 7, 7, 7, 7, 7, 7, 7, 7, 7, 7, 7, 7, 7, 7, 7, 7, 7, 7, 7, 7, 7, 7, 7, 7, 7, 7, 7, 7] 
triadag10_1.txt 1_4x4.txt True 0.07777777777777778 0.12 667.25 [7, 7, 6, 7, 7, 7, 5, 7, 7, 7, 7, 6, 7, 1, 7, 5, 7, 7, 7, 7, 7, 7, 7, 7, 7, 7, 7, 7, 7, 7, 7, 7, 7, 7, 7, 7, 7, 7, 7, 7, 7, 7, 7, 7, 7, 7, 7, 7, 7, 7, 7, 7, 7, 7, 7] 
triadag10_1.txt 1_4x4.txt True 0.07777777777777778 0.13 667.25 [7, 7, 6, 7, 7, 7, 5, 7, 7, 7, 7, 6, 7, 1, 7, 5, 7, 7, 7, 7, 7, 7, 7, 7, 7, 7, 7, 7, 7, 7, 7, 7, 7, 7, 7, 7, 7, 7, 7, 7, 7, 7, 7, 7, 7, 7, 7, 7, 7, 7, 7, 7, 7, 7, 7] 
triadag10_1.txt 1_4x4.txt True 0.07777777777777778 0.14 667.25 [7, 7, 6, 7, 7, 7, 5, 7, 7, 7, 7, 6, 7, 1, 7, 5, 7, 7, 7, 7, 7, 7, 7, 7, 7, 7, 7, 7, 7, 7, 7, 7, 7, 7, 7, 7, 7, 7, 7, 7, 7, 7, 7, 7, 7, 7, 7, 7, 7, 7, 7, 7, 7, 7, 7] 
triadag10_1.txt 1_4x4.txt True 0.07777777777777778 0.15 667.25 [7, 7, 6, 7, 7, 7, 5, 7, 7, 7, 7, 6, 7, 1, 7, 5, 7, 7, 7, 7, 7, 7, 7, 7, 7, 7, 7, 7, 7, 7, 7, 7, 7, 7, 7, 7, 7, 7, 7, 7, 7, 7, 7, 7, 7, 7, 7, 7, 7, 7, 7, 7, 7, 7, 7] 
triadag10_1.txt 1_4x4.txt True 0.07777777777777778 0.16 667.25 [7, 7, 6, 7, 7, 7, 5, 7, 7, 7, 7, 6, 7, 1, 7, 5, 7, 7, 7, 7, 7, 7, 7, 7, 7, 7, 7, 7, 7, 7, 7, 7, 7, 7, 7, 7, 7, 7, 7, 7, 7, 7, 7, 7, 7, 7, 7, 7, 7, 7, 7, 7, 7, 7, 7] 
triadag10_1.txt 1_4x4.txt True 0.16666666666666666 0.17 413.5 [7, 7, 6, 7, 1, 7, 5, 7, 7, 7, 7, 6, 7, 1, 7, 5, 7, 7, 7, 7, 7, 1, 7, 5, 7, 7, 7, 7, 7, 7, 5, 7, 7, 7, 7, 7, 5, 7, 7, 7, 7, 5, 7, 7, 7, 5, 7, 5, 7, 5, 5, 5, 5, 5, 5] 
triadag10_1.txt 1_4x4.txt True 0.16666666666666666 0.18 413.5 [7, 7, 6, 7, 1, 7, 5, 7, 7, 7, 7, 6, 7, 1, 7, 5, 7, 7, 7, 7, 7, 1, 7, 5, 7, 7, 7, 7, 7, 7, 5, 7, 7, 7, 7, 7, 5, 7, 7, 7, 7, 5, 7, 7, 7, 5, 7, 5, 7, 5, 5, 5, 5, 5, 5] 
triadag10_1.txt 1_4x4.txt True 0.16666666666666666 0.19 413.5 [7, 7, 6, 7, 1, 7, 5, 7, 7, 7, 7, 6, 7, 1, 7, 5, 7, 7, 7, 7, 7, 1, 7, 5, 7, 7, 7, 7, 7, 7, 5, 7, 7, 7, 7, 7, 5, 7, 7, 7, 7, 5, 7, 7, 7, 5, 7, 5, 7, 5, 5, 5, 5, 5, 5] 
triadag10_1.txt 1_4x4.txt True 0.18888888888888888 0.2 279.0 [5, 5, 6, 5, 5, 4, 5, 5, 5, 5, 5, 6, 5, 5, 4, 5, 5, 5, 5, 7, 5, 5, 7, 5, 5, 5, 5, 7, 7, 7, 7, 7, 7, 7, 7, 7, 7, 7, 7, 7, 7, 7, 7, 7, 7, 3, 7, 7, 7, 3, 3, 3, 3, 3, 3] 
triadag10_1.txt 1_4x4.txt True 0.18888888888888888 0.25 279.0 [5, 5, 6, 5, 5, 4, 5, 5, 5, 5, 5, 6, 5, 5, 4, 5, 5, 5, 5, 7, 5, 5, 7, 5, 5, 5, 5, 7, 7, 7, 7, 7, 7, 7, 7, 7, 7, 7, 7, 7, 7, 7, 7, 7, 7, 3, 7, 7, 7, 3, 3, 3, 3, 3, 3] 
triadag10_1.txt 1_4x4.txt True 0.18888888888888888 0.3 279.0 [5, 5, 6, 5, 5, 4, 5, 5, 5, 5, 5, 6, 5, 5, 4, 5, 5, 5, 5, 7, 5, 5, 7, 5, 5, 5, 5, 7, 7, 7, 7, 7, 7, 7, 7, 7, 7, 7, 7, 7, 7, 7, 7, 7, 7, 3, 7, 7, 7, 3, 3, 3, 3, 3, 3] 
triadag10_1.txt 1_4x4.txt True 0.32222222222222224 0.35 748.0 [4, 4, 5, 4, 6, 5, 7, 2, 4, 4, 4, 4, 4, 6, 5, 7, 2, 4, 4, 4, 4, 6, 4, 7, 2, 4, 4, 3, 6, 4, 7, 2, 4, 4, 3, 3, 7, 3, 3, 3, 3, 0, 3, 3, 3, 0, 3, 3, 3, 1, 1, 0, 1, 1, 1] 
triadag10_1.txt 1_4x4.txt True 0.4 0.4 399.0 [2, 3, 2, 7, 0, 2, 1, 1, 3, 2, 3, 2, 7, 0, 2, 1, 1, 3, 2, 3, 7, 0, 3, 3, 1, 3, 3, 5, 0, 3, 3, 1, 3, 3, 5, 4, 5, 5, 5, 5, 4, 5, 5, 5, 5, 6, 4, 4, 4, 6, 4, 6, 7, 6, 7] 
triadag10_1.txt 1_4x4.txt True 0.43333333333333335 0.45 392.0 [2, 2, 0, 2, 3, 1, 0, 3, 2, 1, 1, 0, 2, 3, 1, 0, 3, 2, 1, 1, 2, 3, 1, 0, 3, 1, 1, 7, 7, 1, 0, 6, 1, 1, 7, 7, 6, 6, 7, 7, 4, 6, 6, 7, 7, 4, 5, 4, 4, 5, 4, 4, 5, 5, 5] 
triadag10_1.txt 1_4x4.txt True 0.43333333333333335 0.5 392.0 [2, 2, 0, 2, 3, 1, 0, 3, 2, 1, 1, 0, 2, 3, 1, 0, 3, 2, 1, 1, 2, 3, 1, 0, 3, 1, 1, 7, 7, 1, 0, 6, 1, 1, 7, 7, 6, 6, 7, 7, 4, 6, 6, 7, 7, 4, 5, 4, 4, 5, 4, 4, 5, 5, 5] 
triadag10_1.txt 1_4x4.txt True 0.43333333333333335 0.55 392.0 [2, 2, 0, 2, 3, 1, 0, 3, 2, 1, 1, 0, 2, 3, 1, 0, 3, 2, 1, 1, 2, 3, 1, 0, 3, 1, 1, 7, 7, 1, 0, 6, 1, 1, 7, 7, 6, 6, 7, 7, 4, 6, 6, 7, 7, 4, 5, 4, 4, 5, 4, 4, 5, 5, 5] 
triadag10_1.txt 1_4x4.txt True 0.43333333333333335 0.6 392.0 [2, 2, 0, 2, 3, 1, 0, 3, 2, 1, 1, 0, 2, 3, 1, 0, 3, 2, 1, 1, 2, 3, 1, 0, 3, 1, 1, 7, 7, 1, 0, 6, 1, 1, 7, 7, 6, 6, 7, 7, 4, 6, 6, 7, 7, 4, 5, 4, 4, 5, 4, 4, 5, 5, 5] 
triadag10_1.txt 1_4x4.txt True 0.43333333333333335 0.65 392.0 [2, 2, 0, 2, 3, 1, 0, 3, 2, 1, 1, 0, 2, 3, 1, 0, 3, 2, 1, 1, 2, 3, 1, 0, 3, 1, 1, 7, 7, 1, 0, 6, 1, 1, 7, 7, 6, 6, 7, 7, 4, 6, 6, 7, 7, 4, 5, 4, 4, 5, 4, 4, 5, 5, 5] 
triadag10_1.txt 1_4x4.txt True 0.43333333333333335 0.7 392.0 [2, 2, 0, 2, 3, 1, 0, 3, 2, 1, 1, 0, 2, 3, 1, 0, 3, 2, 1, 1, 2, 3, 1, 0, 3, 1, 1, 7, 7, 1, 0, 6, 1, 1, 7, 7, 6, 6, 7, 7, 4, 6, 6, 7, 7, 4, 5, 4, 4, 5, 4, 4, 5, 5, 5] 
triadag10_1.txt 1_4x4.txt True 0.43333333333333335 0.75 392.0 [2, 2, 0, 2, 3, 1, 0, 3, 2, 1, 1, 0, 2, 3, 1, 0, 3, 2, 1, 1, 2, 3, 1, 0, 3, 1, 1, 7, 7, 1, 0, 6, 1, 1, 7, 7, 6, 6, 7, 7, 4, 6, 6, 7, 7, 4, 5, 4, 4, 5, 4, 4, 5, 5, 5] 
triadag10_1.txt 1_4x4.txt True 0.43333333333333335 0.8 392.0 [2, 2, 0, 2, 3, 1, 0, 3, 2, 1, 1, 0, 2, 3, 1, 0, 3, 2, 1, 1, 2, 3, 1, 0, 3, 1, 1, 7, 7, 1, 0, 6, 1, 1, 7, 7, 6, 6, 7, 7, 4, 6, 6, 7, 7, 4, 5, 4, 4, 5, 4, 4, 5, 5, 5] 
triadag10_1.txt 1_4x4.txt True 0.43333333333333335 0.85 392.0 [2, 2, 0, 2, 3, 1, 0, 3, 2, 1, 1, 0, 2, 3, 1, 0, 3, 2, 1, 1, 2, 3, 1, 0, 3, 1, 1, 7, 7, 1, 0, 6, 1, 1, 7, 7, 6, 6, 7, 7, 4, 6, 6, 7, 7, 4, 5, 4, 4, 5, 4, 4, 5, 5, 5] 
triadag10_1.txt 1_4x4.txt True 0.43333333333333335 0.9 392.0 [2, 2, 0, 2, 3, 1, 0, 3, 2, 1, 1, 0, 2, 3, 1, 0, 3, 2, 1, 1, 2, 3, 1, 0, 3, 1, 1, 7, 7, 1, 0, 6, 1, 1, 7, 7, 6, 6, 7, 7, 4, 6, 6, 7, 7, 4, 5, 4, 4, 5, 4, 4, 5, 5, 5] 
triadag10_1.txt 1_4x4.txt True 0.43333333333333335 0.95 392.0 [2, 2, 0, 2, 3, 1, 0, 3, 2, 1, 1, 0, 2, 3, 1, 0, 3, 2, 1, 1, 2, 3, 1, 0, 3, 1, 1, 7, 7, 1, 0, 6, 1, 1, 7, 7, 6, 6, 7, 7, 4, 6, 6, 7, 7, 4, 5, 4, 4, 5, 4, 4, 5, 5, 5] 
triadag10_1.txt 1_4x4.txt True 0.43333333333333335 1 392.0 [2, 2, 0, 2, 3, 1, 0, 3, 2, 1, 1, 0, 2, 3, 1, 0, 3, 2, 1, 1, 2, 3, 1, 0, 3, 1, 1, 7, 7, 1, 0, 6, 1, 1, 7, 7, 6, 6, 7, 7, 4, 6, 6, 7, 7, 4, 5, 4, 4, 5, 4, 4, 5, 5, 5] 
triadag10_1.txt 1_4x2.txt True 0.022222222222222223 0.07 749.5 [3, 3, 3, 3, 3, 3, 3, 2, 3, 3, 3, 3, 3, 3, 3, 3, 2, 3, 3, 3, 3, 3, 3, 3, 3, 3, 3, 3, 3, 3, 3, 3, 3, 3, 3, 3, 3, 3, 3, 3, 3, 3, 3, 3, 3, 3, 3, 3, 3, 3, 3, 3, 3, 3, 3] 
triadag10_1.txt 1_4x2.txt True 0.022222222222222223 0.08 749.5 [3, 3, 3, 3, 3, 3, 3, 2, 3, 3, 3, 3, 3, 3, 3, 3, 2, 3, 3, 3, 3, 3, 3, 3, 3, 3, 3, 3, 3, 3, 3, 3, 3, 3, 3, 3, 3, 3, 3, 3, 3, 3, 3, 3, 3, 3, 3, 3, 3, 3, 3, 3, 3, 3, 3] 
triadag10_1.txt 1_4x2.txt True 0.022222222222222223 0.09 749.5 [3, 3, 3, 3, 3, 3, 3, 2, 3, 3, 3, 3, 3, 3, 3, 3, 2, 3, 3, 3, 3, 3, 3, 3, 3, 3, 3, 3, 3, 3, 3, 3, 3, 3, 3, 3, 3, 3, 3, 3, 3, 3, 3, 3, 3, 3, 3, 3, 3, 3, 3, 3, 3, 3, 3] 
triadag10_1.txt 1_4x2.txt True 0.1 0.1 625.25 [3, 3, 0, 3, 3, 3, 3, 2, 3, 3, 3, 0, 3, 3, 3, 3, 2, 3, 3, 3, 3, 3, 3, 3, 2, 3, 3, 3, 3, 3, 3, 2, 3, 3, 3, 3, 3, 2, 3, 3, 3, 3, 2, 3, 3, 3, 2, 3, 3, 3, 3, 3, 3, 3, 3] 
triadag10_1.txt 1_4x2.txt True 0.1 0.11 625.25 [3, 3, 0, 3, 3, 3, 3, 2, 3, 3, 3, 0, 3, 3, 3, 3, 2, 3, 3, 3, 3, 3, 3, 3, 2, 3, 3, 3, 3, 3, 3, 2, 3, 3, 3, 3, 3, 2, 3, 3, 3, 3, 2, 3, 3, 3, 2, 3, 3, 3, 3, 3, 3, 3, 3] 
triadag10_1.txt 1_4x2.txt True 0.1 0.12 625.25 [3, 3, 0, 3, 3, 3, 3, 2, 3, 3, 3, 0, 3, 3, 3, 3, 2, 3, 3, 3, 3, 3, 3, 3, 2, 3, 3, 3, 3, 3, 3, 2, 3, 3, 3, 3, 3, 2, 3, 3, 3, 3, 2, 3, 3, 3, 2, 3, 3, 3, 3, 3, 3, 3, 3] 
triadag10_1.txt 1_4x2.txt True 0.1 0.13 625.25 [3, 3, 0, 3, 3, 3, 3, 2, 3, 3, 3, 0, 3, 3, 3, 3, 2, 3, 3, 3, 3, 3, 3, 3, 2, 3, 3, 3, 3, 3, 3, 2, 3, 3, 3, 3, 3, 2, 3, 3, 3, 3, 2, 3, 3, 3, 2, 3, 3, 3, 3, 3, 3, 3, 3] 
triadag10_1.txt 1_4x2.txt True 0.1 0.14 625.25 [3, 3, 0, 3, 3, 3, 3, 2, 3, 3, 3, 0, 3, 3, 3, 3, 2, 3, 3, 3, 3, 3, 3, 3, 2, 3, 3, 3, 3, 3, 3, 2, 3, 3, 3, 3, 3, 2, 3, 3, 3, 3, 2, 3, 3, 3, 2, 3, 3, 3, 3, 3, 3, 3, 3] 
triadag10_1.txt 1_4x2.txt True 0.14444444444444443 0.15 428.0 [3, 3, 3, 3, 2, 3, 3, 3, 3, 3, 3, 3, 3, 2, 3, 3, 3, 3, 3, 3, 3, 2, 3, 3, 3, 3, 3, 3, 2, 3, 3, 3, 3, 3, 3, 1, 1, 3, 3, 3, 1, 1, 3, 3, 3, 1, 1, 1, 1, 1, 1, 1, 1, 1, 1] 
triadag10_1.txt 1_4x2.txt True 0.14444444444444443 0.16 428.0 [3, 3, 3, 3, 2, 3, 3, 3, 3, 3, 3, 3, 3, 2, 3, 3, 3, 3, 3, 3, 3, 2, 3, 3, 3, 3, 3, 3, 2, 3, 3, 3, 3, 3, 3, 1, 1, 3, 3, 3, 1, 1, 3, 3, 3, 1, 1, 1, 1, 1, 1, 1, 1, 1, 1] 
triadag10_1.txt 1_4x2.txt True 0.14444444444444443 0.17 428.0 [3, 3, 3, 3, 2, 3, 3, 3, 3, 3, 3, 3, 3, 2, 3, 3, 3, 3, 3, 3, 3, 2, 3, 3, 3, 3, 3, 3, 2, 3, 3, 3, 3, 3, 3, 1, 1, 3, 3, 3, 1, 1, 3, 3, 3, 1, 1, 1, 1, 1, 1, 1, 1, 1, 1] 
triadag10_1.txt 1_4x2.txt True 0.14444444444444443 0.18 428.0 [3, 3, 3, 3, 2, 3, 3, 3, 3, 3, 3, 3, 3, 2, 3, 3, 3, 3, 3, 3, 3, 2, 3, 3, 3, 3, 3, 3, 2, 3, 3, 3, 3, 3, 3, 1, 1, 3, 3, 3, 1, 1, 3, 3, 3, 1, 1, 1, 1, 1, 1, 1, 1, 1, 1] 
triadag10_1.txt 1_4x2.txt True 0.14444444444444443 0.19 428.0 [3, 3, 3, 3, 2, 3, 3, 3, 3, 3, 3, 3, 3, 2, 3, 3, 3, 3, 3, 3, 3, 2, 3, 3, 3, 3, 3, 3, 2, 3, 3, 3, 3, 3, 3, 1, 1, 3, 3, 3, 1, 1, 3, 3, 3, 1, 1, 1, 1, 1, 1, 1, 1, 1, 1] 
triadag10_1.txt 1_4x2.txt True 0.2 0.2 978.0 [2, 3, 2, 2, 2, 2, 2, 2, 2, 3, 3, 2, 2, 2, 2, 2, 2, 2, 3, 3, 3, 3, 3, 3, 3, 3, 3, 3, 3, 3, 3, 3, 3, 3, 3, 3, 3, 3, 3, 3, 1, 3, 3, 3, 3, 1, 1, 1, 1, 1, 1, 1, 0, 1, 0] 
triadag10_1.txt 1_4x2.txt True 0.24444444444444444 0.25 944.0 [0, 0, 0, 3, 1, 0, 1, 1, 0, 0, 0, 0, 3, 1, 0, 0, 1, 0, 0, 0, 3, 1, 0, 0, 1, 0, 0, 2, 1, 0, 0, 1, 0, 0, 2, 2, 2, 2, 2, 2, 2, 2, 2, 2, 2, 3, 2, 2, 2, 3, 3, 3, 3, 3, 3] 
triadag10_1.txt 1_4x2.txt True 0.28888888888888886 0.3 769.0 [2, 3, 2, 0, 2, 2, 2, 3, 3, 2, 3, 2, 0, 2, 2, 2, 3, 3, 2, 3, 0, 3, 2, 3, 3, 3, 3, 0, 3, 0, 3, 3, 3, 0, 0, 0, 0, 0, 0, 0, 1, 0, 0, 0, 0, 1, 1, 1, 0, 1, 1, 1, 1, 1, 1] 
triadag10_1.txt 1_4x2.txt True 0.34444444444444444 0.35 779.0 [3, 2, 2, 3, 3, 1, 3, 3, 3, 3, 1, 2, 3, 3, 1, 3, 3, 3, 2, 2, 3, 2, 1, 2, 2, 3, 2, 0, 2, 1, 2, 2, 2, 2, 0, 0, 0, 0, 0, 0, 0, 0, 0, 0, 0, 1, 0, 0, 0, 1, 1, 1, 1, 1, 1] 
triadag10_1.txt 1_4x2.txt True 0.34444444444444444 0.4 779.0 [3, 2, 2, 3, 3, 1, 3, 3, 3, 3, 1, 2, 3, 3, 1, 3, 3, 3, 2, 2, 3, 2, 1, 2, 2, 3, 2, 0, 2, 1, 2, 2, 2, 2, 0, 0, 0, 0, 0, 0, 0, 0, 0, 0, 0, 1, 0, 0, 0, 1, 1, 1, 1, 1, 1] 
triadag10_1.txt 1_4x2.txt True 0.34444444444444444 0.45 779.0 [3, 2, 2, 3, 3, 1, 3, 3, 3, 3, 1, 2, 3, 3, 1, 3, 3, 3, 2, 2, 3, 2, 1, 2, 2, 3, 2, 0, 2, 1, 2, 2, 2, 2, 0, 0, 0, 0, 0, 0, 0, 0, 0, 0, 0, 1, 0, 0, 0, 1, 1, 1, 1, 1, 1] 
triadag10_1.txt 1_4x2.txt True 0.34444444444444444 0.5 779.0 [3, 2, 2, 3, 3, 1, 3, 3, 3, 3, 1, 2, 3, 3, 1, 3, 3, 3, 2, 2, 3, 2, 1, 2, 2, 3, 2, 0, 2, 1, 2, 2, 2, 2, 0, 0, 0, 0, 0, 0, 0, 0, 0, 0, 0, 1, 0, 0, 0, 1, 1, 1, 1, 1, 1] 
triadag10_1.txt 1_4x2.txt True 0.34444444444444444 0.55 779.0 [3, 2, 2, 3, 3, 1, 3, 3, 3, 3, 1, 2, 3, 3, 1, 3, 3, 3, 2, 2, 3, 2, 1, 2, 2, 3, 2, 0, 2, 1, 2, 2, 2, 2, 0, 0, 0, 0, 0, 0, 0, 0, 0, 0, 0, 1, 0, 0, 0, 1, 1, 1, 1, 1, 1] 
triadag10_1.txt 1_4x2.txt True 0.34444444444444444 0.6 779.0 [3, 2, 2, 3, 3, 1, 3, 3, 3, 3, 1, 2, 3, 3, 1, 3, 3, 3, 2, 2, 3, 2, 1, 2, 2, 3, 2, 0, 2, 1, 2, 2, 2, 2, 0, 0, 0, 0, 0, 0, 0, 0, 0, 0, 0, 1, 0, 0, 0, 1, 1, 1, 1, 1, 1] 
triadag10_1.txt 1_4x2.txt True 0.34444444444444444 0.65 779.0 [3, 2, 2, 3, 3, 1, 3, 3, 3, 3, 1, 2, 3, 3, 1, 3, 3, 3, 2, 2, 3, 2, 1, 2, 2, 3, 2, 0, 2, 1, 2, 2, 2, 2, 0, 0, 0, 0, 0, 0, 0, 0, 0, 0, 0, 1, 0, 0, 0, 1, 1, 1, 1, 1, 1] 
triadag10_1.txt 1_4x2.txt True 0.34444444444444444 0.7 779.0 [3, 2, 2, 3, 3, 1, 3, 3, 3, 3, 1, 2, 3, 3, 1, 3, 3, 3, 2, 2, 3, 2, 1, 2, 2, 3, 2, 0, 2, 1, 2, 2, 2, 2, 0, 0, 0, 0, 0, 0, 0, 0, 0, 0, 0, 1, 0, 0, 0, 1, 1, 1, 1, 1, 1] 
triadag10_1.txt 1_4x2.txt True 0.34444444444444444 0.75 779.0 [3, 2, 2, 3, 3, 1, 3, 3, 3, 3, 1, 2, 3, 3, 1, 3, 3, 3, 2, 2, 3, 2, 1, 2, 2, 3, 2, 0, 2, 1, 2, 2, 2, 2, 0, 0, 0, 0, 0, 0, 0, 0, 0, 0, 0, 1, 0, 0, 0, 1, 1, 1, 1, 1, 1] 
triadag10_1.txt 1_4x2.txt True 0.34444444444444444 0.8 779.0 [3, 2, 2, 3, 3, 1, 3, 3, 3, 3, 1, 2, 3, 3, 1, 3, 3, 3, 2, 2, 3, 2, 1, 2, 2, 3, 2, 0, 2, 1, 2, 2, 2, 2, 0, 0, 0, 0, 0, 0, 0, 0, 0, 0, 0, 1, 0, 0, 0, 1, 1, 1, 1, 1, 1] 
triadag10_1.txt 1_4x2.txt True 0.34444444444444444 0.85 779.0 [3, 2, 2, 3, 3, 1, 3, 3, 3, 3, 1, 2, 3, 3, 1, 3, 3, 3, 2, 2, 3, 2, 1, 2, 2, 3, 2, 0, 2, 1, 2, 2, 2, 2, 0, 0, 0, 0, 0, 0, 0, 0, 0, 0, 0, 1, 0, 0, 0, 1, 1, 1, 1, 1, 1] 
triadag10_1.txt 1_4x2.txt True 0.34444444444444444 0.9 779.0 [3, 2, 2, 3, 3, 1, 3, 3, 3, 3, 1, 2, 3, 3, 1, 3, 3, 3, 2, 2, 3, 2, 1, 2, 2, 3, 2, 0, 2, 1, 2, 2, 2, 2, 0, 0, 0, 0, 0, 0, 0, 0, 0, 0, 0, 1, 0, 0, 0, 1, 1, 1, 1, 1, 1] 
triadag10_1.txt 1_4x2.txt True 0.34444444444444444 0.95 779.0 [3, 2, 2, 3, 3, 1, 3, 3, 3, 3, 1, 2, 3, 3, 1, 3, 3, 3, 2, 2, 3, 2, 1, 2, 2, 3, 2, 0, 2, 1, 2, 2, 2, 2, 0, 0, 0, 0, 0, 0, 0, 0, 0, 0, 0, 1, 0, 0, 0, 1, 1, 1, 1, 1, 1] 
triadag10_1.txt 1_4x2.txt True 0.34444444444444444 1 779.0 [3, 2, 2, 3, 3, 1, 3, 3, 3, 3, 1, 2, 3, 3, 1, 3, 3, 3, 2, 2, 3, 2, 1, 2, 2, 3, 2, 0, 2, 1, 2, 2, 2, 2, 0, 0, 0, 0, 0, 0, 0, 0, 0, 0, 0, 1, 0, 0, 0, 1, 1, 1, 1, 1, 1] 
triadag10_1.txt 1_4x3.txt True 0.022222222222222223 0.07 749.5 [5, 5, 5, 5, 5, 5, 5, 4, 5, 5, 5, 5, 5, 5, 5, 5, 4, 5, 5, 5, 5, 5, 5, 5, 5, 5, 5, 5, 5, 5, 5, 5, 5, 5, 5, 5, 5, 5, 5, 5, 5, 5, 5, 5, 5, 5, 5, 5, 5, 5, 5, 5, 5, 5, 5] 
triadag10_1.txt 1_4x3.txt True 0.07777777777777778 0.08 706.25 [5, 5, 5, 5, 5, 5, 5, 4, 5, 5, 5, 5, 5, 0, 5, 5, 4, 5, 5, 5, 5, 5, 5, 5, 5, 5, 5, 5, 5, 5, 5, 5, 5, 5, 5, 5, 5, 5, 5, 5, 5, 5, 5, 5, 5, 5, 5, 5, 5, 5, 5, 5, 5, 5, 3] 
triadag10_1.txt 1_4x3.txt True 0.08888888888888889 0.09 650.25 [5, 5, 5, 5, 0, 5, 5, 4, 5, 5, 5, 5, 5, 0, 5, 5, 4, 5, 5, 5, 5, 5, 5, 5, 4, 5, 5, 5, 5, 5, 5, 5, 5, 5, 5, 5, 5, 5, 5, 5, 5, 5, 5, 5, 5, 5, 5, 5, 5, 5, 5, 5, 5, 3, 3] 
triadag10_1.txt 1_4x3.txt True 0.08888888888888889 0.1 650.25 [5, 5, 5, 5, 0, 5, 5, 4, 5, 5, 5, 5, 5, 0, 5, 5, 4, 5, 5, 5, 5, 5, 5, 5, 4, 5, 5, 5, 5, 5, 5, 5, 5, 5, 5, 5, 5, 5, 5, 5, 5, 5, 5, 5, 5, 5, 5, 5, 5, 5, 5, 5, 5, 3, 3] 
triadag10_1.txt 1_4x3.txt True 0.08888888888888889 0.11 650.25 [5, 5, 5, 5, 0, 5, 5, 4, 5, 5, 5, 5, 5, 0, 5, 5, 4, 5, 5, 5, 5, 5, 5, 5, 4, 5, 5, 5, 5, 5, 5, 5, 5, 5, 5, 5, 5, 5, 5, 5, 5, 5, 5, 5, 5, 5, 5, 5, 5, 5, 5, 5, 5, 3, 3] 
triadag10_1.txt 1_4x3.txt True 0.08888888888888889 0.12 650.25 [5, 5, 5, 5, 0, 5, 5, 4, 5, 5, 5, 5, 5, 0, 5, 5, 4, 5, 5, 5, 5, 5, 5, 5, 4, 5, 5, 5, 5, 5, 5, 5, 5, 5, 5, 5, 5, 5, 5, 5, 5, 5, 5, 5, 5, 5, 5, 5, 5, 5, 5, 5, 5, 3, 3] 
triadag10_1.txt 1_4x3.txt True 0.08888888888888889 0.13 650.25 [5, 5, 5, 5, 0, 5, 5, 4, 5, 5, 5, 5, 5, 0, 5, 5, 4, 5, 5, 5, 5, 5, 5, 5, 4, 5, 5, 5, 5, 5, 5, 5, 5, 5, 5, 5, 5, 5, 5, 5, 5, 5, 5, 5, 5, 5, 5, 5, 5, 5, 5, 5, 5, 3, 3] 
triadag10_1.txt 1_4x3.txt True 0.13333333333333333 0.14 505.25 [5, 5, 5, 5, 0, 5, 5, 4, 5, 5, 5, 5, 5, 0, 5, 5, 4, 5, 5, 5, 5, 0, 5, 5, 4, 5, 5, 5, 0, 5, 5, 5, 5, 5, 5, 5, 5, 5, 5, 5, 5, 5, 5, 5, 5, 3, 5, 5, 5, 3, 3, 3, 3, 3, 3] 
triadag10_1.txt 1_4x3.txt True 0.13333333333333333 0.15 505.25 [5, 5, 5, 5, 0, 5, 5, 4, 5, 5, 5, 5, 5, 0, 5, 5, 4, 5, 5, 5, 5, 0, 5, 5, 4, 5, 5, 5, 0, 5, 5, 5, 5, 5, 5, 5, 5, 5, 5, 5, 5, 5, 5, 5, 5, 3, 5, 5, 5, 3, 3, 3, 3, 3, 3] 
triadag10_1.txt 1_4x3.txt True 0.13333333333333333 0.16 505.25 [5, 5, 5, 5, 0, 5, 5, 4, 5, 5, 5, 5, 5, 0, 5, 5, 4, 5, 5, 5, 5, 0, 5, 5, 4, 5, 5, 5, 0, 5, 5, 5, 5, 5, 5, 5, 5, 5, 5, 5, 5, 5, 5, 5, 5, 3, 5, 5, 5, 3, 3, 3, 3, 3, 3] 
triadag10_1.txt 1_4x3.txt True 0.13333333333333333 0.17 505.25 [5, 5, 5, 5, 0, 5, 5, 4, 5, 5, 5, 5, 5, 0, 5, 5, 4, 5, 5, 5, 5, 0, 5, 5, 4, 5, 5, 5, 0, 5, 5, 5, 5, 5, 5, 5, 5, 5, 5, 5, 5, 5, 5, 5, 5, 3, 5, 5, 5, 3, 3, 3, 3, 3, 3] 
triadag10_1.txt 1_4x3.txt True 0.13333333333333333 0.18 505.25 [5, 5, 5, 5, 0, 5, 5, 4, 5, 5, 5, 5, 5, 0, 5, 5, 4, 5, 5, 5, 5, 0, 5, 5, 4, 5, 5, 5, 0, 5, 5, 5, 5, 5, 5, 5, 5, 5, 5, 5, 5, 5, 5, 5, 5, 3, 5, 5, 5, 3, 3, 3, 3, 3, 3] 
triadag10_1.txt 1_4x3.txt True 0.18888888888888888 0.19 979.0 [5, 5, 5, 5, 3, 5, 4, 5, 5, 5, 5, 5, 5, 3, 5, 4, 5, 5, 5, 5, 5, 5, 5, 4, 5, 5, 5, 5, 5, 5, 4, 5, 5, 2, 5, 2, 4, 5, 5, 2, 2, 4, 5, 5, 2, 2, 2, 2, 2, 2, 2, 2, 2, 2, 2] 
triadag10_1.txt 1_4x3.txt True 0.18888888888888888 0.2 979.0 [5, 5, 5, 5, 3, 5, 4, 5, 5, 5, 5, 5, 5, 3, 5, 4, 5, 5, 5, 5, 5, 5, 5, 4, 5, 5, 5, 5, 5, 5, 4, 5, 5, 2, 5, 2, 4, 5, 5, 2, 2, 4, 5, 5, 2, 2, 2, 2, 2, 2, 2, 2, 2, 2, 2] 
triadag10_1.txt 1_4x3.txt True 0.23333333333333334 0.25 571.0 [1, 1, 1, 3, 2, 1, 2, 1, 1, 1, 1, 1, 3, 2, 1, 2, 1, 1, 1, 1, 3, 2, 1, 2, 1, 1, 1, 5, 2, 1, 2, 1, 1, 1, 5, 5, 5, 5, 5, 5, 5, 5, 5, 5, 5, 4, 5, 5, 5, 4, 4, 4, 4, 4, 4] 
triadag10_1.txt 1_4x3.txt True 0.23333333333333334 0.3 571.0 [1, 1, 1, 3, 2, 1, 2, 1, 1, 1, 1, 1, 3, 2, 1, 2, 1, 1, 1, 1, 3, 2, 1, 2, 1, 1, 1, 5, 2, 1, 2, 1, 1, 1, 5, 5, 5, 5, 5, 5, 5, 5, 5, 5, 5, 4, 5, 5, 5, 4, 4, 4, 4, 4, 4] 
triadag10_1.txt 1_4x3.txt True 0.32222222222222224 0.35 556.0 [2, 1, 2, 5, 0, 2, 1, 2, 2, 2, 1, 2, 5, 0, 2, 1, 2, 2, 2, 1, 5, 0, 1, 1, 1, 1, 1, 5, 0, 1, 1, 1, 1, 1, 5, 4, 5, 5, 5, 5, 4, 5, 5, 5, 5, 4, 3, 4, 4, 3, 4, 4, 3, 3, 3] 
triadag10_1.txt 1_4x3.txt True 0.37777777777777777 0.4 520.0 [1, 1, 2, 1, 0, 2, 2, 0, 1, 1, 1, 2, 1, 0, 2, 2, 0, 1, 1, 5, 1, 0, 2, 2, 0, 1, 1, 5, 4, 5, 5, 0, 5, 5, 4, 5, 5, 5, 5, 5, 4, 4, 4, 5, 5, 3, 4, 4, 4, 3, 4, 3, 3, 3, 3] 
triadag10_1.txt 1_4x3.txt True 0.43333333333333335 0.45 523.0 [1, 2, 1, 1, 0, 0, 1, 0, 2, 1, 0, 1, 1, 0, 2, 1, 0, 2, 2, 2, 5, 0, 2, 2, 0, 2, 2, 5, 4, 2, 2, 5, 2, 2, 4, 5, 5, 5, 5, 5, 4, 5, 4, 4, 4, 3, 4, 4, 4, 3, 4, 3, 3, 3, 3] 
triadag10_1.txt 1_4x3.txt True 0.43333333333333335 0.5 523.0 [1, 2, 1, 1, 0, 0, 1, 0, 2, 1, 0, 1, 1, 0, 2, 1, 0, 2, 2, 2, 5, 0, 2, 2, 0, 2, 2, 5, 4, 2, 2, 5, 2, 2, 4, 5, 5, 5, 5, 5, 4, 5, 4, 4, 4, 3, 4, 4, 4, 3, 4, 3, 3, 3, 3] 
triadag10_1.txt 1_4x3.txt True 0.43333333333333335 0.55 523.0 [1, 2, 1, 1, 0, 0, 1, 0, 2, 1, 0, 1, 1, 0, 2, 1, 0, 2, 2, 2, 5, 0, 2, 2, 0, 2, 2, 5, 4, 2, 2, 5, 2, 2, 4, 5, 5, 5, 5, 5, 4, 5, 4, 4, 4, 3, 4, 4, 4, 3, 4, 3, 3, 3, 3] 
triadag10_1.txt 1_4x3.txt True 0.43333333333333335 0.6 523.0 [1, 2, 1, 1, 0, 0, 1, 0, 2, 1, 0, 1, 1, 0, 2, 1, 0, 2, 2, 2, 5, 0, 2, 2, 0, 2, 2, 5, 4, 2, 2, 5, 2, 2, 4, 5, 5, 5, 5, 5, 4, 5, 4, 4, 4, 3, 4, 4, 4, 3, 4, 3, 3, 3, 3] 
triadag10_1.txt 1_4x3.txt True 0.43333333333333335 0.65 523.0 [1, 2, 1, 1, 0, 0, 1, 0, 2, 1, 0, 1, 1, 0, 2, 1, 0, 2, 2, 2, 5, 0, 2, 2, 0, 2, 2, 5, 4, 2, 2, 5, 2, 2, 4, 5, 5, 5, 5, 5, 4, 5, 4, 4, 4, 3, 4, 4, 4, 3, 4, 3, 3, 3, 3] 
triadag10_1.txt 1_4x3.txt True 0.43333333333333335 0.7 523.0 [1, 2, 1, 1, 0, 0, 1, 0, 2, 1, 0, 1, 1, 0, 2, 1, 0, 2, 2, 2, 5, 0, 2, 2, 0, 2, 2, 5, 4, 2, 2, 5, 2, 2, 4, 5, 5, 5, 5, 5, 4, 5, 4, 4, 4, 3, 4, 4, 4, 3, 4, 3, 3, 3, 3] 
triadag10_1.txt 1_4x3.txt True 0.43333333333333335 0.75 523.0 [1, 2, 1, 1, 0, 0, 1, 0, 2, 1, 0, 1, 1, 0, 2, 1, 0, 2, 2, 2, 5, 0, 2, 2, 0, 2, 2, 5, 4, 2, 2, 5, 2, 2, 4, 5, 5, 5, 5, 5, 4, 5, 4, 4, 4, 3, 4, 4, 4, 3, 4, 3, 3, 3, 3] 
triadag10_1.txt 1_4x3.txt True 0.43333333333333335 0.8 523.0 [1, 2, 1, 1, 0, 0, 1, 0, 2, 1, 0, 1, 1, 0, 2, 1, 0, 2, 2, 2, 5, 0, 2, 2, 0, 2, 2, 5, 4, 2, 2, 5, 2, 2, 4, 5, 5, 5, 5, 5, 4, 5, 4, 4, 4, 3, 4, 4, 4, 3, 4, 3, 3, 3, 3] 
triadag10_1.txt 1_4x3.txt True 0.43333333333333335 0.85 523.0 [1, 2, 1, 1, 0, 0, 1, 0, 2, 1, 0, 1, 1, 0, 2, 1, 0, 2, 2, 2, 5, 0, 2, 2, 0, 2, 2, 5, 4, 2, 2, 5, 2, 2, 4, 5, 5, 5, 5, 5, 4, 5, 4, 4, 4, 3, 4, 4, 4, 3, 4, 3, 3, 3, 3] 
triadag10_1.txt 1_4x3.txt True 0.43333333333333335 0.9 523.0 [1, 2, 1, 1, 0, 0, 1, 0, 2, 1, 0, 1, 1, 0, 2, 1, 0, 2, 2, 2, 5, 0, 2, 2, 0, 2, 2, 5, 4, 2, 2, 5, 2, 2, 4, 5, 5, 5, 5, 5, 4, 5, 4, 4, 4, 3, 4, 4, 4, 3, 4, 3, 3, 3, 3] 
triadag10_1.txt 1_4x3.txt True 0.43333333333333335 0.95 523.0 [1, 2, 1, 1, 0, 0, 1, 0, 2, 1, 0, 1, 1, 0, 2, 1, 0, 2, 2, 2, 5, 0, 2, 2, 0, 2, 2, 5, 4, 2, 2, 5, 2, 2, 4, 5, 5, 5, 5, 5, 4, 5, 4, 4, 4, 3, 4, 4, 4, 3, 4, 3, 3, 3, 3] 
triadag10_1.txt 1_4x3.txt True 0.43333333333333335 1 523.0 [1, 2, 1, 1, 0, 0, 1, 0, 2, 1, 0, 1, 1, 0, 2, 1, 0, 2, 2, 2, 5, 0, 2, 2, 0, 2, 2, 5, 4, 2, 2, 5, 2, 2, 4, 5, 5, 5, 5, 5, 4, 5, 4, 4, 4, 3, 4, 4, 4, 3, 4, 3, 3, 3, 3] 
triadag10_1.txt 3_2x1.txt True 0.06666666666666667 0.07 1130.5 [1, 1, 1, 1, 1, 1, 1, 1, 1, 1, 1, 1, 1, 1, 1, 1, 1, 1, 1, 1, 1, 1, 1, 1, 1, 1, 1, 1, 1, 1, 1, 1, 1, 1, 1, 1, 1, 1, 1, 1, 0, 1, 1, 1, 1, 0, 0, 0, 0, 0, 0, 0, 0, 0, 0] 
triadag10_1.txt 3_2x1.txt True 0.06666666666666667 0.08 1130.5 [1, 1, 1, 1, 1, 1, 1, 1, 1, 1, 1, 1, 1, 1, 1, 1, 1, 1, 1, 1, 1, 1, 1, 1, 1, 1, 1, 1, 1, 1, 1, 1, 1, 1, 1, 1, 1, 1, 1, 1, 0, 1, 1, 1, 1, 0, 0, 0, 0, 0, 0, 0, 0, 0, 0] 
triadag10_1.txt 3_2x1.txt True 0.08888888888888889 0.09 865.5 [1, 1, 1, 1, 1, 1, 1, 1, 1, 1, 1, 1, 1, 1, 1, 1, 1, 1, 1, 1, 1, 1, 1, 1, 1, 1, 1, 0, 1, 1, 1, 1, 1, 1, 0, 0, 0, 0, 0, 0, 0, 0, 0, 0, 0, 0, 0, 0, 0, 0, 0, 0, 0, 0, 0] 
triadag10_1.txt 3_2x1.txt True 0.1 0.1 738.5 [0, 0, 0, 1, 0, 0, 0, 0, 0, 0, 0, 0, 1, 0, 0, 0, 0, 0, 0, 0, 1, 0, 0, 0, 0, 0, 0, 1, 0, 0, 0, 0, 0, 0, 1, 1, 1, 1, 1, 1, 1, 1, 1, 1, 1, 1, 1, 1, 1, 1, 1, 1, 1, 1, 1] 
triadag10_1.txt 3_2x1.txt True 0.1 0.11 738.5 [0, 0, 0, 1, 0, 0, 0, 0, 0, 0, 0, 0, 1, 0, 0, 0, 0, 0, 0, 0, 1, 0, 0, 0, 0, 0, 0, 1, 0, 0, 0, 0, 0, 0, 1, 1, 1, 1, 1, 1, 1, 1, 1, 1, 1, 1, 1, 1, 1, 1, 1, 1, 1, 1, 1] 
triadag10_1.txt 3_2x1.txt True 0.1111111111111111 0.12 779.0 [1, 1, 1, 0, 1, 1, 1, 1, 1, 1, 1, 1, 0, 1, 1, 1, 1, 1, 1, 1, 0, 1, 1, 1, 1, 1, 1, 0, 1, 1, 1, 1, 1, 0, 0, 0, 0, 0, 0, 0, 0, 0, 0, 0, 0, 0, 0, 0, 0, 0, 0, 0, 0, 0, 0] 
triadag10_1.txt 3_2x1.txt True 0.12222222222222222 0.13 769.5 [0, 0, 0, 0, 0, 0, 0, 0, 0, 0, 0, 0, 0, 0, 0, 0, 0, 0, 0, 0, 0, 0, 0, 0, 0, 0, 0, 1, 1, 0, 1, 1, 0, 0, 1, 1, 1, 1, 1, 1, 1, 1, 1, 1, 1, 1, 1, 1, 1, 1, 1, 1, 1, 1, 1] 
triadag10_1.txt 3_2x1.txt True 0.12222222222222222 0.14 769.5 [0, 0, 0, 0, 0, 0, 0, 0, 0, 0, 0, 0, 0, 0, 0, 0, 0, 0, 0, 0, 0, 0, 0, 0, 0, 0, 0, 1, 1, 0, 1, 1, 0, 0, 1, 1, 1, 1, 1, 1, 1, 1, 1, 1, 1, 1, 1, 1, 1, 1, 1, 1, 1, 1, 1] 
triadag10_1.txt 3_2x1.txt True 0.12222222222222222 0.15 769.5 [0, 0, 0, 0, 0, 0, 0, 0, 0, 0, 0, 0, 0, 0, 0, 0, 0, 0, 0, 0, 0, 0, 0, 0, 0, 0, 0, 1, 1, 0, 1, 1, 0, 0, 1, 1, 1, 1, 1, 1, 1, 1, 1, 1, 1, 1, 1, 1, 1, 1, 1, 1, 1, 1, 1] 
triadag10_1.txt 3_2x1.txt True 0.12222222222222222 0.16 769.5 [0, 0, 0, 0, 0, 0, 0, 0, 0, 0, 0, 0, 0, 0, 0, 0, 0, 0, 0, 0, 0, 0, 0, 0, 0, 0, 0, 1, 1, 0, 1, 1, 0, 0, 1, 1, 1, 1, 1, 1, 1, 1, 1, 1, 1, 1, 1, 1, 1, 1, 1, 1, 1, 1, 1] 
triadag10_1.txt 3_2x1.txt True 0.12222222222222222 0.17 769.5 [0, 0, 0, 0, 0, 0, 0, 0, 0, 0, 0, 0, 0, 0, 0, 0, 0, 0, 0, 0, 0, 0, 0, 0, 0, 0, 0, 1, 1, 0, 1, 1, 0, 0, 1, 1, 1, 1, 1, 1, 1, 1, 1, 1, 1, 1, 1, 1, 1, 1, 1, 1, 1, 1, 1] 
triadag10_1.txt 3_2x1.txt True 0.12222222222222222 0.18 769.5 [0, 0, 0, 0, 0, 0, 0, 0, 0, 0, 0, 0, 0, 0, 0, 0, 0, 0, 0, 0, 0, 0, 0, 0, 0, 0, 0, 1, 1, 0, 1, 1, 0, 0, 1, 1, 1, 1, 1, 1, 1, 1, 1, 1, 1, 1, 1, 1, 1, 1, 1, 1, 1, 1, 1] 
triadag10_1.txt 3_2x1.txt True 0.18888888888888888 0.19 764.5 [0, 0, 0, 0, 1, 0, 0, 0, 0, 0, 0, 0, 0, 1, 0, 0, 0, 0, 0, 1, 0, 1, 0, 0, 0, 0, 0, 0, 1, 0, 0, 1, 0, 0, 1, 0, 0, 1, 1, 0, 1, 1, 1, 1, 1, 1, 1, 1, 1, 1, 1, 1, 1, 1, 1] 
triadag10_1.txt 3_2x1.txt True 0.18888888888888888 0.2 764.5 [0, 0, 0, 0, 1, 0, 0, 0, 0, 0, 0, 0, 0, 1, 0, 0, 0, 0, 0, 1, 0, 1, 0, 0, 0, 0, 0, 0, 1, 0, 0, 1, 0, 0, 1, 0, 0, 1, 1, 0, 1, 1, 1, 1, 1, 1, 1, 1, 1, 1, 1, 1, 1, 1, 1] 
triadag10_1.txt 3_2x1.txt True 0.18888888888888888 0.25 764.5 [0, 0, 0, 0, 1, 0, 0, 0, 0, 0, 0, 0, 0, 1, 0, 0, 0, 0, 0, 1, 0, 1, 0, 0, 0, 0, 0, 0, 1, 0, 0, 1, 0, 0, 1, 0, 0, 1, 1, 0, 1, 1, 1, 1, 1, 1, 1, 1, 1, 1, 1, 1, 1, 1, 1] 
triadag10_1.txt 3_2x1.txt True 0.18888888888888888 0.3 764.5 [0, 0, 0, 0, 1, 0, 0, 0, 0, 0, 0, 0, 0, 1, 0, 0, 0, 0, 0, 1, 0, 1, 0, 0, 0, 0, 0, 0, 1, 0, 0, 1, 0, 0, 1, 0, 0, 1, 1, 0, 1, 1, 1, 1, 1, 1, 1, 1, 1, 1, 1, 1, 1, 1, 1] 
triadag10_1.txt 3_2x1.txt True 0.18888888888888888 0.35 764.5 [0, 0, 0, 0, 1, 0, 0, 0, 0, 0, 0, 0, 0, 1, 0, 0, 0, 0, 0, 1, 0, 1, 0, 0, 0, 0, 0, 0, 1, 0, 0, 1, 0, 0, 1, 0, 0, 1, 1, 0, 1, 1, 1, 1, 1, 1, 1, 1, 1, 1, 1, 1, 1, 1, 1] 
triadag10_1.txt 3_2x1.txt True 0.18888888888888888 0.4 764.5 [0, 0, 0, 0, 1, 0, 0, 0, 0, 0, 0, 0, 0, 1, 0, 0, 0, 0, 0, 1, 0, 1, 0, 0, 0, 0, 0, 0, 1, 0, 0, 1, 0, 0, 1, 0, 0, 1, 1, 0, 1, 1, 1, 1, 1, 1, 1, 1, 1, 1, 1, 1, 1, 1, 1] 
triadag10_1.txt 3_2x1.txt True 0.18888888888888888 0.45 764.5 [0, 0, 0, 0, 1, 0, 0, 0, 0, 0, 0, 0, 0, 1, 0, 0, 0, 0, 0, 1, 0, 1, 0, 0, 0, 0, 0, 0, 1, 0, 0, 1, 0, 0, 1, 0, 0, 1, 1, 0, 1, 1, 1, 1, 1, 1, 1, 1, 1, 1, 1, 1, 1, 1, 1] 
triadag10_1.txt 3_2x1.txt True 0.18888888888888888 0.5 764.5 [0, 0, 0, 0, 1, 0, 0, 0, 0, 0, 0, 0, 0, 1, 0, 0, 0, 0, 0, 1, 0, 1, 0, 0, 0, 0, 0, 0, 1, 0, 0, 1, 0, 0, 1, 0, 0, 1, 1, 0, 1, 1, 1, 1, 1, 1, 1, 1, 1, 1, 1, 1, 1, 1, 1] 
triadag10_1.txt 3_2x1.txt True 0.18888888888888888 0.55 764.5 [0, 0, 0, 0, 1, 0, 0, 0, 0, 0, 0, 0, 0, 1, 0, 0, 0, 0, 0, 1, 0, 1, 0, 0, 0, 0, 0, 0, 1, 0, 0, 1, 0, 0, 1, 0, 0, 1, 1, 0, 1, 1, 1, 1, 1, 1, 1, 1, 1, 1, 1, 1, 1, 1, 1] 
triadag10_1.txt 3_2x1.txt True 0.18888888888888888 0.6 764.5 [0, 0, 0, 0, 1, 0, 0, 0, 0, 0, 0, 0, 0, 1, 0, 0, 0, 0, 0, 1, 0, 1, 0, 0, 0, 0, 0, 0, 1, 0, 0, 1, 0, 0, 1, 0, 0, 1, 1, 0, 1, 1, 1, 1, 1, 1, 1, 1, 1, 1, 1, 1, 1, 1, 1] 
triadag10_1.txt 3_2x1.txt True 0.18888888888888888 0.65 764.5 [0, 0, 0, 0, 1, 0, 0, 0, 0, 0, 0, 0, 0, 1, 0, 0, 0, 0, 0, 1, 0, 1, 0, 0, 0, 0, 0, 0, 1, 0, 0, 1, 0, 0, 1, 0, 0, 1, 1, 0, 1, 1, 1, 1, 1, 1, 1, 1, 1, 1, 1, 1, 1, 1, 1] 
triadag10_1.txt 3_2x1.txt True 0.18888888888888888 0.7 764.5 [0, 0, 0, 0, 1, 0, 0, 0, 0, 0, 0, 0, 0, 1, 0, 0, 0, 0, 0, 1, 0, 1, 0, 0, 0, 0, 0, 0, 1, 0, 0, 1, 0, 0, 1, 0, 0, 1, 1, 0, 1, 1, 1, 1, 1, 1, 1, 1, 1, 1, 1, 1, 1, 1, 1] 
triadag10_1.txt 3_2x1.txt True 0.18888888888888888 0.75 764.5 [0, 0, 0, 0, 1, 0, 0, 0, 0, 0, 0, 0, 0, 1, 0, 0, 0, 0, 0, 1, 0, 1, 0, 0, 0, 0, 0, 0, 1, 0, 0, 1, 0, 0, 1, 0, 0, 1, 1, 0, 1, 1, 1, 1, 1, 1, 1, 1, 1, 1, 1, 1, 1, 1, 1] 
triadag10_1.txt 3_2x1.txt True 0.18888888888888888 0.8 764.5 [0, 0, 0, 0, 1, 0, 0, 0, 0, 0, 0, 0, 0, 1, 0, 0, 0, 0, 0, 1, 0, 1, 0, 0, 0, 0, 0, 0, 1, 0, 0, 1, 0, 0, 1, 0, 0, 1, 1, 0, 1, 1, 1, 1, 1, 1, 1, 1, 1, 1, 1, 1, 1, 1, 1] 
triadag10_1.txt 3_2x1.txt True 0.18888888888888888 0.85 764.5 [0, 0, 0, 0, 1, 0, 0, 0, 0, 0, 0, 0, 0, 1, 0, 0, 0, 0, 0, 1, 0, 1, 0, 0, 0, 0, 0, 0, 1, 0, 0, 1, 0, 0, 1, 0, 0, 1, 1, 0, 1, 1, 1, 1, 1, 1, 1, 1, 1, 1, 1, 1, 1, 1, 1] 
triadag10_1.txt 3_2x1.txt True 0.18888888888888888 0.9 764.5 [0, 0, 0, 0, 1, 0, 0, 0, 0, 0, 0, 0, 0, 1, 0, 0, 0, 0, 0, 1, 0, 1, 0, 0, 0, 0, 0, 0, 1, 0, 0, 1, 0, 0, 1, 0, 0, 1, 1, 0, 1, 1, 1, 1, 1, 1, 1, 1, 1, 1, 1, 1, 1, 1, 1] 
triadag10_1.txt 3_2x1.txt True 0.18888888888888888 0.95 764.5 [0, 0, 0, 0, 1, 0, 0, 0, 0, 0, 0, 0, 0, 1, 0, 0, 0, 0, 0, 1, 0, 1, 0, 0, 0, 0, 0, 0, 1, 0, 0, 1, 0, 0, 1, 0, 0, 1, 1, 0, 1, 1, 1, 1, 1, 1, 1, 1, 1, 1, 1, 1, 1, 1, 1] 
triadag10_1.txt 3_2x1.txt True 0.18888888888888888 1 764.5 [0, 0, 0, 0, 1, 0, 0, 0, 0, 0, 0, 0, 0, 1, 0, 0, 0, 0, 0, 1, 0, 1, 0, 0, 0, 0, 0, 0, 1, 0, 0, 1, 0, 0, 1, 0, 0, 1, 1, 0, 1, 1, 1, 1, 1, 1, 1, 1, 1, 1, 1, 1, 1, 1, 1] 
