triadag15_7.txt 1234x1.txt True 0.2619047619047619 0.5 1670.0 [2, 2, 2, 2, 2, 3, 2, 2, 3, 2, 3, 2, 2, 2, 3, 2, 2, 2, 2, 3, 2, 2, 3, 2, 3, 2, 2, 2, 3, 3, 2, 2, 3, 2, 2, 3, 2, 3, 2, 2, 2, 3, 3, 2, 3, 2, 2, 3, 2, 3, 2, 3, 1, 3, 3, 3, 1, 1, 3, 3, 3, 3, 3, 1, 3, 1, 1, 1, 1, 1, 1, 1, 1, 1, 1, 1, 0, 1, 1, 1, 1, 1, 1, 1, 0, 1, 0, 1, 1, 1, 1, 1, 0, 0, 0, 0, 0, 0, 0, 0, 0, 0, 0, 0, 0, 0, 0, 0, 0, 0, 0, 0, 0, 0, 0, 0, 0, 0, 0, 0] 
triadag15_7.txt 1234x1.txt True 0.2619047619047619 0.6 1670.0 [2, 2, 2, 2, 2, 3, 2, 2, 3, 2, 3, 2, 2, 2, 3, 2, 2, 2, 2, 3, 2, 2, 3, 2, 3, 2, 2, 2, 3, 3, 2, 2, 3, 2, 2, 3, 2, 3, 2, 2, 2, 3, 3, 2, 3, 2, 2, 3, 2, 3, 2, 3, 1, 3, 3, 3, 1, 1, 3, 3, 3, 3, 3, 1, 3, 1, 1, 1, 1, 1, 1, 1, 1, 1, 1, 1, 0, 1, 1, 1, 1, 1, 1, 1, 0, 1, 0, 1, 1, 1, 1, 1, 0, 0, 0, 0, 0, 0, 0, 0, 0, 0, 0, 0, 0, 0, 0, 0, 0, 0, 0, 0, 0, 0, 0, 0, 0, 0, 0, 0] 
triadag15_7.txt 1234x1.txt True 0.2619047619047619 0.7 1670.0 [2, 2, 2, 2, 2, 3, 2, 2, 3, 2, 3, 2, 2, 2, 3, 2, 2, 2, 2, 3, 2, 2, 3, 2, 3, 2, 2, 2, 3, 3, 2, 2, 3, 2, 2, 3, 2, 3, 2, 2, 2, 3, 3, 2, 3, 2, 2, 3, 2, 3, 2, 3, 1, 3, 3, 3, 1, 1, 3, 3, 3, 3, 3, 1, 3, 1, 1, 1, 1, 1, 1, 1, 1, 1, 1, 1, 0, 1, 1, 1, 1, 1, 1, 1, 0, 1, 0, 1, 1, 1, 1, 1, 0, 0, 0, 0, 0, 0, 0, 0, 0, 0, 0, 0, 0, 0, 0, 0, 0, 0, 0, 0, 0, 0, 0, 0, 0, 0, 0, 0] 
triadag15_7.txt 1234x1.txt True 0.2619047619047619 0.8 1670.0 [2, 2, 2, 2, 2, 3, 2, 2, 3, 2, 3, 2, 2, 2, 3, 2, 2, 2, 2, 3, 2, 2, 3, 2, 3, 2, 2, 2, 3, 3, 2, 2, 3, 2, 2, 3, 2, 3, 2, 2, 2, 3, 3, 2, 3, 2, 2, 3, 2, 3, 2, 3, 1, 3, 3, 3, 1, 1, 3, 3, 3, 3, 3, 1, 3, 1, 1, 1, 1, 1, 1, 1, 1, 1, 1, 1, 0, 1, 1, 1, 1, 1, 1, 1, 0, 1, 0, 1, 1, 1, 1, 1, 0, 0, 0, 0, 0, 0, 0, 0, 0, 0, 0, 0, 0, 0, 0, 0, 0, 0, 0, 0, 0, 0, 0, 0, 0, 0, 0, 0] 
triadag15_7.txt 1234x1.txt True 0.2619047619047619 0.9 1670.0 [2, 2, 2, 2, 2, 3, 2, 2, 3, 2, 3, 2, 2, 2, 3, 2, 2, 2, 2, 3, 2, 2, 3, 2, 3, 2, 2, 2, 3, 3, 2, 2, 3, 2, 2, 3, 2, 3, 2, 2, 2, 3, 3, 2, 3, 2, 2, 3, 2, 3, 2, 3, 1, 3, 3, 3, 1, 1, 3, 3, 3, 3, 3, 1, 3, 1, 1, 1, 1, 1, 1, 1, 1, 1, 1, 1, 0, 1, 1, 1, 1, 1, 1, 1, 0, 1, 0, 1, 1, 1, 1, 1, 0, 0, 0, 0, 0, 0, 0, 0, 0, 0, 0, 0, 0, 0, 0, 0, 0, 0, 0, 0, 0, 0, 0, 0, 0, 0, 0, 0] 
triadag15_7.txt 1234x1.txt True 0.2619047619047619 1 1670.0 [2, 2, 2, 2, 2, 3, 2, 2, 3, 2, 3, 2, 2, 2, 3, 2, 2, 2, 2, 3, 2, 2, 3, 2, 3, 2, 2, 2, 3, 3, 2, 2, 3, 2, 2, 3, 2, 3, 2, 2, 2, 3, 3, 2, 3, 2, 2, 3, 2, 3, 2, 3, 1, 3, 3, 3, 1, 1, 3, 3, 3, 3, 3, 1, 3, 1, 1, 1, 1, 1, 1, 1, 1, 1, 1, 1, 0, 1, 1, 1, 1, 1, 1, 1, 0, 1, 0, 1, 1, 1, 1, 1, 0, 0, 0, 0, 0, 0, 0, 0, 0, 0, 0, 0, 0, 0, 0, 0, 0, 0, 0, 0, 0, 0, 0, 0, 0, 0, 0, 0] 
triadag15_7.txt 1234x1.txt True 0.2619047619047619 0.5 1670.0 [2, 2, 2, 2, 2, 3, 2, 2, 3, 2, 3, 2, 2, 2, 3, 2, 2, 2, 2, 3, 2, 2, 3, 2, 3, 2, 2, 2, 3, 3, 2, 2, 3, 2, 2, 3, 2, 3, 2, 2, 2, 3, 3, 2, 3, 2, 2, 3, 2, 3, 2, 3, 1, 3, 3, 3, 1, 1, 3, 3, 3, 3, 3, 1, 3, 1, 1, 1, 1, 1, 1, 1, 1, 1, 1, 1, 0, 1, 1, 1, 1, 1, 1, 1, 0, 1, 0, 1, 1, 1, 1, 1, 0, 0, 0, 0, 0, 0, 0, 0, 0, 0, 0, 0, 0, 0, 0, 0, 0, 0, 0, 0, 0, 0, 0, 0, 0, 0, 0, 0] 
triadag15_7.txt 1234x1.txt True 0.2619047619047619 0.6 1670.0 [2, 2, 2, 2, 2, 3, 2, 2, 3, 2, 3, 2, 2, 2, 3, 2, 2, 2, 2, 3, 2, 2, 3, 2, 3, 2, 2, 2, 3, 3, 2, 2, 3, 2, 2, 3, 2, 3, 2, 2, 2, 3, 3, 2, 3, 2, 2, 3, 2, 3, 2, 3, 1, 3, 3, 3, 1, 1, 3, 3, 3, 3, 3, 1, 3, 1, 1, 1, 1, 1, 1, 1, 1, 1, 1, 1, 0, 1, 1, 1, 1, 1, 1, 1, 0, 1, 0, 1, 1, 1, 1, 1, 0, 0, 0, 0, 0, 0, 0, 0, 0, 0, 0, 0, 0, 0, 0, 0, 0, 0, 0, 0, 0, 0, 0, 0, 0, 0, 0, 0] 
triadag15_7.txt 1234x1.txt True 0.2619047619047619 0.7 1670.0 [2, 2, 2, 2, 2, 3, 2, 2, 3, 2, 3, 2, 2, 2, 3, 2, 2, 2, 2, 3, 2, 2, 3, 2, 3, 2, 2, 2, 3, 3, 2, 2, 3, 2, 2, 3, 2, 3, 2, 2, 2, 3, 3, 2, 3, 2, 2, 3, 2, 3, 2, 3, 1, 3, 3, 3, 1, 1, 3, 3, 3, 3, 3, 1, 3, 1, 1, 1, 1, 1, 1, 1, 1, 1, 1, 1, 0, 1, 1, 1, 1, 1, 1, 1, 0, 1, 0, 1, 1, 1, 1, 1, 0, 0, 0, 0, 0, 0, 0, 0, 0, 0, 0, 0, 0, 0, 0, 0, 0, 0, 0, 0, 0, 0, 0, 0, 0, 0, 0, 0] 
triadag15_7.txt 1234x1.txt True 0.2619047619047619 0.8 1670.0 [2, 2, 2, 2, 2, 3, 2, 2, 3, 2, 3, 2, 2, 2, 3, 2, 2, 2, 2, 3, 2, 2, 3, 2, 3, 2, 2, 2, 3, 3, 2, 2, 3, 2, 2, 3, 2, 3, 2, 2, 2, 3, 3, 2, 3, 2, 2, 3, 2, 3, 2, 3, 1, 3, 3, 3, 1, 1, 3, 3, 3, 3, 3, 1, 3, 1, 1, 1, 1, 1, 1, 1, 1, 1, 1, 1, 0, 1, 1, 1, 1, 1, 1, 1, 0, 1, 0, 1, 1, 1, 1, 1, 0, 0, 0, 0, 0, 0, 0, 0, 0, 0, 0, 0, 0, 0, 0, 0, 0, 0, 0, 0, 0, 0, 0, 0, 0, 0, 0, 0] 
triadag15_7.txt 1234x1.txt True 0.2619047619047619 0.9 1670.0 [2, 2, 2, 2, 2, 3, 2, 2, 3, 2, 3, 2, 2, 2, 3, 2, 2, 2, 2, 3, 2, 2, 3, 2, 3, 2, 2, 2, 3, 3, 2, 2, 3, 2, 2, 3, 2, 3, 2, 2, 2, 3, 3, 2, 3, 2, 2, 3, 2, 3, 2, 3, 1, 3, 3, 3, 1, 1, 3, 3, 3, 3, 3, 1, 3, 1, 1, 1, 1, 1, 1, 1, 1, 1, 1, 1, 0, 1, 1, 1, 1, 1, 1, 1, 0, 1, 0, 1, 1, 1, 1, 1, 0, 0, 0, 0, 0, 0, 0, 0, 0, 0, 0, 0, 0, 0, 0, 0, 0, 0, 0, 0, 0, 0, 0, 0, 0, 0, 0, 0] 
triadag15_7.txt 1234x1.txt True 0.2619047619047619 1 1670.0 [2, 2, 2, 2, 2, 3, 2, 2, 3, 2, 3, 2, 2, 2, 3, 2, 2, 2, 2, 3, 2, 2, 3, 2, 3, 2, 2, 2, 3, 3, 2, 2, 3, 2, 2, 3, 2, 3, 2, 2, 2, 3, 3, 2, 3, 2, 2, 3, 2, 3, 2, 3, 1, 3, 3, 3, 1, 1, 3, 3, 3, 3, 3, 1, 3, 1, 1, 1, 1, 1, 1, 1, 1, 1, 1, 1, 0, 1, 1, 1, 1, 1, 1, 1, 0, 1, 0, 1, 1, 1, 1, 1, 0, 0, 0, 0, 0, 0, 0, 0, 0, 0, 0, 0, 0, 0, 0, 0, 0, 0, 0, 0, 0, 0, 0, 0, 0, 0, 0, 0] 
triadag15_7.txt 1234x1.txt True 0.2619047619047619 0.5 1670.0 [2, 2, 2, 2, 2, 3, 2, 2, 3, 2, 3, 2, 2, 2, 3, 2, 2, 2, 2, 3, 2, 2, 3, 2, 3, 2, 2, 2, 3, 3, 2, 2, 3, 2, 2, 3, 2, 3, 2, 2, 2, 3, 3, 2, 3, 2, 2, 3, 2, 3, 2, 3, 1, 3, 3, 3, 1, 1, 3, 3, 3, 3, 3, 1, 3, 1, 1, 1, 1, 1, 1, 1, 1, 1, 1, 1, 0, 1, 1, 1, 1, 1, 1, 1, 0, 1, 0, 1, 1, 1, 1, 1, 0, 0, 0, 0, 0, 0, 0, 0, 0, 0, 0, 0, 0, 0, 0, 0, 0, 0, 0, 0, 0, 0, 0, 0, 0, 0, 0, 0] 
triadag15_7.txt 1234x1.txt True 0.2619047619047619 0.6 1670.0 [2, 2, 2, 2, 2, 3, 2, 2, 3, 2, 3, 2, 2, 2, 3, 2, 2, 2, 2, 3, 2, 2, 3, 2, 3, 2, 2, 2, 3, 3, 2, 2, 3, 2, 2, 3, 2, 3, 2, 2, 2, 3, 3, 2, 3, 2, 2, 3, 2, 3, 2, 3, 1, 3, 3, 3, 1, 1, 3, 3, 3, 3, 3, 1, 3, 1, 1, 1, 1, 1, 1, 1, 1, 1, 1, 1, 0, 1, 1, 1, 1, 1, 1, 1, 0, 1, 0, 1, 1, 1, 1, 1, 0, 0, 0, 0, 0, 0, 0, 0, 0, 0, 0, 0, 0, 0, 0, 0, 0, 0, 0, 0, 0, 0, 0, 0, 0, 0, 0, 0] 
triadag15_7.txt 1234x1.txt True 0.2619047619047619 0.7 1670.0 [2, 2, 2, 2, 2, 3, 2, 2, 3, 2, 3, 2, 2, 2, 3, 2, 2, 2, 2, 3, 2, 2, 3, 2, 3, 2, 2, 2, 3, 3, 2, 2, 3, 2, 2, 3, 2, 3, 2, 2, 2, 3, 3, 2, 3, 2, 2, 3, 2, 3, 2, 3, 1, 3, 3, 3, 1, 1, 3, 3, 3, 3, 3, 1, 3, 1, 1, 1, 1, 1, 1, 1, 1, 1, 1, 1, 0, 1, 1, 1, 1, 1, 1, 1, 0, 1, 0, 1, 1, 1, 1, 1, 0, 0, 0, 0, 0, 0, 0, 0, 0, 0, 0, 0, 0, 0, 0, 0, 0, 0, 0, 0, 0, 0, 0, 0, 0, 0, 0, 0] 
triadag15_7.txt 1234x1.txt True 0.2619047619047619 0.8 1670.0 [2, 2, 2, 2, 2, 3, 2, 2, 3, 2, 3, 2, 2, 2, 3, 2, 2, 2, 2, 3, 2, 2, 3, 2, 3, 2, 2, 2, 3, 3, 2, 2, 3, 2, 2, 3, 2, 3, 2, 2, 2, 3, 3, 2, 3, 2, 2, 3, 2, 3, 2, 3, 1, 3, 3, 3, 1, 1, 3, 3, 3, 3, 3, 1, 3, 1, 1, 1, 1, 1, 1, 1, 1, 1, 1, 1, 0, 1, 1, 1, 1, 1, 1, 1, 0, 1, 0, 1, 1, 1, 1, 1, 0, 0, 0, 0, 0, 0, 0, 0, 0, 0, 0, 0, 0, 0, 0, 0, 0, 0, 0, 0, 0, 0, 0, 0, 0, 0, 0, 0] 
triadag15_7.txt 1234x1.txt True 0.2619047619047619 0.9 1670.0 [2, 2, 2, 2, 2, 3, 2, 2, 3, 2, 3, 2, 2, 2, 3, 2, 2, 2, 2, 3, 2, 2, 3, 2, 3, 2, 2, 2, 3, 3, 2, 2, 3, 2, 2, 3, 2, 3, 2, 2, 2, 3, 3, 2, 3, 2, 2, 3, 2, 3, 2, 3, 1, 3, 3, 3, 1, 1, 3, 3, 3, 3, 3, 1, 3, 1, 1, 1, 1, 1, 1, 1, 1, 1, 1, 1, 0, 1, 1, 1, 1, 1, 1, 1, 0, 1, 0, 1, 1, 1, 1, 1, 0, 0, 0, 0, 0, 0, 0, 0, 0, 0, 0, 0, 0, 0, 0, 0, 0, 0, 0, 0, 0, 0, 0, 0, 0, 0, 0, 0] 
triadag15_7.txt 1234x1.txt True 0.2619047619047619 1 1670.0 [2, 2, 2, 2, 2, 3, 2, 2, 3, 2, 3, 2, 2, 2, 3, 2, 2, 2, 2, 3, 2, 2, 3, 2, 3, 2, 2, 2, 3, 3, 2, 2, 3, 2, 2, 3, 2, 3, 2, 2, 2, 3, 3, 2, 3, 2, 2, 3, 2, 3, 2, 3, 1, 3, 3, 3, 1, 1, 3, 3, 3, 3, 3, 1, 3, 1, 1, 1, 1, 1, 1, 1, 1, 1, 1, 1, 0, 1, 1, 1, 1, 1, 1, 1, 0, 1, 0, 1, 1, 1, 1, 1, 0, 0, 0, 0, 0, 0, 0, 0, 0, 0, 0, 0, 0, 0, 0, 0, 0, 0, 0, 0, 0, 0, 0, 0, 0, 0, 0, 0] 
triadag15_7.txt 1234x1.txt True 0.2619047619047619 0.5 1670.0 [2, 2, 2, 2, 2, 3, 2, 2, 3, 2, 3, 2, 2, 2, 3, 2, 2, 2, 2, 3, 2, 2, 3, 2, 3, 2, 2, 2, 3, 3, 2, 2, 3, 2, 2, 3, 2, 3, 2, 2, 2, 3, 3, 2, 3, 2, 2, 3, 2, 3, 2, 3, 1, 3, 3, 3, 1, 1, 3, 3, 3, 3, 3, 1, 3, 1, 1, 1, 1, 1, 1, 1, 1, 1, 1, 1, 0, 1, 1, 1, 1, 1, 1, 1, 0, 1, 0, 1, 1, 1, 1, 1, 0, 0, 0, 0, 0, 0, 0, 0, 0, 0, 0, 0, 0, 0, 0, 0, 0, 0, 0, 0, 0, 0, 0, 0, 0, 0, 0, 0] 
triadag15_7.txt 1234x1.txt True 0.2619047619047619 0.6 1670.0 [2, 2, 2, 2, 2, 3, 2, 2, 3, 2, 3, 2, 2, 2, 3, 2, 2, 2, 2, 3, 2, 2, 3, 2, 3, 2, 2, 2, 3, 3, 2, 2, 3, 2, 2, 3, 2, 3, 2, 2, 2, 3, 3, 2, 3, 2, 2, 3, 2, 3, 2, 3, 1, 3, 3, 3, 1, 1, 3, 3, 3, 3, 3, 1, 3, 1, 1, 1, 1, 1, 1, 1, 1, 1, 1, 1, 0, 1, 1, 1, 1, 1, 1, 1, 0, 1, 0, 1, 1, 1, 1, 1, 0, 0, 0, 0, 0, 0, 0, 0, 0, 0, 0, 0, 0, 0, 0, 0, 0, 0, 0, 0, 0, 0, 0, 0, 0, 0, 0, 0] 
triadag15_7.txt 1234x1.txt True 0.2619047619047619 0.7 1670.0 [2, 2, 2, 2, 2, 3, 2, 2, 3, 2, 3, 2, 2, 2, 3, 2, 2, 2, 2, 3, 2, 2, 3, 2, 3, 2, 2, 2, 3, 3, 2, 2, 3, 2, 2, 3, 2, 3, 2, 2, 2, 3, 3, 2, 3, 2, 2, 3, 2, 3, 2, 3, 1, 3, 3, 3, 1, 1, 3, 3, 3, 3, 3, 1, 3, 1, 1, 1, 1, 1, 1, 1, 1, 1, 1, 1, 0, 1, 1, 1, 1, 1, 1, 1, 0, 1, 0, 1, 1, 1, 1, 1, 0, 0, 0, 0, 0, 0, 0, 0, 0, 0, 0, 0, 0, 0, 0, 0, 0, 0, 0, 0, 0, 0, 0, 0, 0, 0, 0, 0] 
triadag15_7.txt 1234x1.txt True 0.2619047619047619 0.8 1670.0 [2, 2, 2, 2, 2, 3, 2, 2, 3, 2, 3, 2, 2, 2, 3, 2, 2, 2, 2, 3, 2, 2, 3, 2, 3, 2, 2, 2, 3, 3, 2, 2, 3, 2, 2, 3, 2, 3, 2, 2, 2, 3, 3, 2, 3, 2, 2, 3, 2, 3, 2, 3, 1, 3, 3, 3, 1, 1, 3, 3, 3, 3, 3, 1, 3, 1, 1, 1, 1, 1, 1, 1, 1, 1, 1, 1, 0, 1, 1, 1, 1, 1, 1, 1, 0, 1, 0, 1, 1, 1, 1, 1, 0, 0, 0, 0, 0, 0, 0, 0, 0, 0, 0, 0, 0, 0, 0, 0, 0, 0, 0, 0, 0, 0, 0, 0, 0, 0, 0, 0] 
triadag15_7.txt 1234x1.txt True 0.2619047619047619 0.9 1670.0 [2, 2, 2, 2, 2, 3, 2, 2, 3, 2, 3, 2, 2, 2, 3, 2, 2, 2, 2, 3, 2, 2, 3, 2, 3, 2, 2, 2, 3, 3, 2, 2, 3, 2, 2, 3, 2, 3, 2, 2, 2, 3, 3, 2, 3, 2, 2, 3, 2, 3, 2, 3, 1, 3, 3, 3, 1, 1, 3, 3, 3, 3, 3, 1, 3, 1, 1, 1, 1, 1, 1, 1, 1, 1, 1, 1, 0, 1, 1, 1, 1, 1, 1, 1, 0, 1, 0, 1, 1, 1, 1, 1, 0, 0, 0, 0, 0, 0, 0, 0, 0, 0, 0, 0, 0, 0, 0, 0, 0, 0, 0, 0, 0, 0, 0, 0, 0, 0, 0, 0] 
triadag15_7.txt 1234x1.txt True 0.2619047619047619 1 1670.0 [2, 2, 2, 2, 2, 3, 2, 2, 3, 2, 3, 2, 2, 2, 3, 2, 2, 2, 2, 3, 2, 2, 3, 2, 3, 2, 2, 2, 3, 3, 2, 2, 3, 2, 2, 3, 2, 3, 2, 2, 2, 3, 3, 2, 3, 2, 2, 3, 2, 3, 2, 3, 1, 3, 3, 3, 1, 1, 3, 3, 3, 3, 3, 1, 3, 1, 1, 1, 1, 1, 1, 1, 1, 1, 1, 1, 0, 1, 1, 1, 1, 1, 1, 1, 0, 1, 0, 1, 1, 1, 1, 1, 0, 0, 0, 0, 0, 0, 0, 0, 0, 0, 0, 0, 0, 0, 0, 0, 0, 0, 0, 0, 0, 0, 0, 0, 0, 0, 0, 0] 
triadag15_7.txt 1234x1.txt True 0.2619047619047619 0.5 1670.0 [2, 2, 2, 2, 2, 3, 2, 2, 3, 2, 3, 2, 2, 2, 3, 2, 2, 2, 2, 3, 2, 2, 3, 2, 3, 2, 2, 2, 3, 3, 2, 2, 3, 2, 2, 3, 2, 3, 2, 2, 2, 3, 3, 2, 3, 2, 2, 3, 2, 3, 2, 3, 1, 3, 3, 3, 1, 1, 3, 3, 3, 3, 3, 1, 3, 1, 1, 1, 1, 1, 1, 1, 1, 1, 1, 1, 0, 1, 1, 1, 1, 1, 1, 1, 0, 1, 0, 1, 1, 1, 1, 1, 0, 0, 0, 0, 0, 0, 0, 0, 0, 0, 0, 0, 0, 0, 0, 0, 0, 0, 0, 0, 0, 0, 0, 0, 0, 0, 0, 0] 
triadag15_7.txt 1234x1.txt True 0.2619047619047619 0.6 1670.0 [2, 2, 2, 2, 2, 3, 2, 2, 3, 2, 3, 2, 2, 2, 3, 2, 2, 2, 2, 3, 2, 2, 3, 2, 3, 2, 2, 2, 3, 3, 2, 2, 3, 2, 2, 3, 2, 3, 2, 2, 2, 3, 3, 2, 3, 2, 2, 3, 2, 3, 2, 3, 1, 3, 3, 3, 1, 1, 3, 3, 3, 3, 3, 1, 3, 1, 1, 1, 1, 1, 1, 1, 1, 1, 1, 1, 0, 1, 1, 1, 1, 1, 1, 1, 0, 1, 0, 1, 1, 1, 1, 1, 0, 0, 0, 0, 0, 0, 0, 0, 0, 0, 0, 0, 0, 0, 0, 0, 0, 0, 0, 0, 0, 0, 0, 0, 0, 0, 0, 0] 
triadag15_7.txt 1234x1.txt True 0.2619047619047619 0.7 1670.0 [2, 2, 2, 2, 2, 3, 2, 2, 3, 2, 3, 2, 2, 2, 3, 2, 2, 2, 2, 3, 2, 2, 3, 2, 3, 2, 2, 2, 3, 3, 2, 2, 3, 2, 2, 3, 2, 3, 2, 2, 2, 3, 3, 2, 3, 2, 2, 3, 2, 3, 2, 3, 1, 3, 3, 3, 1, 1, 3, 3, 3, 3, 3, 1, 3, 1, 1, 1, 1, 1, 1, 1, 1, 1, 1, 1, 0, 1, 1, 1, 1, 1, 1, 1, 0, 1, 0, 1, 1, 1, 1, 1, 0, 0, 0, 0, 0, 0, 0, 0, 0, 0, 0, 0, 0, 0, 0, 0, 0, 0, 0, 0, 0, 0, 0, 0, 0, 0, 0, 0] 
triadag15_7.txt 1234x1.txt True 0.2619047619047619 0.8 1670.0 [2, 2, 2, 2, 2, 3, 2, 2, 3, 2, 3, 2, 2, 2, 3, 2, 2, 2, 2, 3, 2, 2, 3, 2, 3, 2, 2, 2, 3, 3, 2, 2, 3, 2, 2, 3, 2, 3, 2, 2, 2, 3, 3, 2, 3, 2, 2, 3, 2, 3, 2, 3, 1, 3, 3, 3, 1, 1, 3, 3, 3, 3, 3, 1, 3, 1, 1, 1, 1, 1, 1, 1, 1, 1, 1, 1, 0, 1, 1, 1, 1, 1, 1, 1, 0, 1, 0, 1, 1, 1, 1, 1, 0, 0, 0, 0, 0, 0, 0, 0, 0, 0, 0, 0, 0, 0, 0, 0, 0, 0, 0, 0, 0, 0, 0, 0, 0, 0, 0, 0] 
triadag15_7.txt 1234x1.txt True 0.2619047619047619 0.9 1670.0 [2, 2, 2, 2, 2, 3, 2, 2, 3, 2, 3, 2, 2, 2, 3, 2, 2, 2, 2, 3, 2, 2, 3, 2, 3, 2, 2, 2, 3, 3, 2, 2, 3, 2, 2, 3, 2, 3, 2, 2, 2, 3, 3, 2, 3, 2, 2, 3, 2, 3, 2, 3, 1, 3, 3, 3, 1, 1, 3, 3, 3, 3, 3, 1, 3, 1, 1, 1, 1, 1, 1, 1, 1, 1, 1, 1, 0, 1, 1, 1, 1, 1, 1, 1, 0, 1, 0, 1, 1, 1, 1, 1, 0, 0, 0, 0, 0, 0, 0, 0, 0, 0, 0, 0, 0, 0, 0, 0, 0, 0, 0, 0, 0, 0, 0, 0, 0, 0, 0, 0] 
triadag15_7.txt 1234x1.txt True 0.2619047619047619 1 1670.0 [2, 2, 2, 2, 2, 3, 2, 2, 3, 2, 3, 2, 2, 2, 3, 2, 2, 2, 2, 3, 2, 2, 3, 2, 3, 2, 2, 2, 3, 3, 2, 2, 3, 2, 2, 3, 2, 3, 2, 2, 2, 3, 3, 2, 3, 2, 2, 3, 2, 3, 2, 3, 1, 3, 3, 3, 1, 1, 3, 3, 3, 3, 3, 1, 3, 1, 1, 1, 1, 1, 1, 1, 1, 1, 1, 1, 0, 1, 1, 1, 1, 1, 1, 1, 0, 1, 0, 1, 1, 1, 1, 1, 0, 0, 0, 0, 0, 0, 0, 0, 0, 0, 0, 0, 0, 0, 0, 0, 0, 0, 0, 0, 0, 0, 0, 0, 0, 0, 0, 0] 
triadag15_7.txt 1234x3.txt True 0.48095238095238096 0.5 575.0 [11, 10, 6, 9, 11, 3, 9, 10, 10, 11, 11, 11, 11, 3, 9, 10, 11, 9, 11, 3, 9, 10, 10, 11, 11, 10, 11, 3, 9, 6, 9, 8, 3, 9, 10, 10, 11, 6, 10, 11, 3, 9, 7, 8, 3, 6, 7, 7, 7, 6, 6, 7, 3, 7, 8, 5, 8, 7, 7, 8, 6, 6, 8, 3, 7, 0, 8, 8, 0, 8, 6, 6, 8, 3, 8, 1, 0, 0, 0, 1, 0, 0, 0, 0, 2, 2, 1, 1, 1, 1, 2, 1, 2, 1, 1, 2, 2, 2, 2, 4, 4, 2, 2, 2, 4, 4, 5, 4, 4, 4, 5, 4, 4, 4, 5, 5, 5, 5, 5, 5] 
triadag15_7.txt 1234x3.txt True 0.48095238095238096 0.6 575.0 [11, 10, 6, 9, 11, 3, 9, 10, 10, 11, 11, 11, 11, 3, 9, 10, 11, 9, 11, 3, 9, 10, 10, 11, 11, 10, 11, 3, 9, 6, 9, 8, 3, 9, 10, 10, 11, 6, 10, 11, 3, 9, 7, 8, 3, 6, 7, 7, 7, 6, 6, 7, 3, 7, 8, 5, 8, 7, 7, 8, 6, 6, 8, 3, 7, 0, 8, 8, 0, 8, 6, 6, 8, 3, 8, 1, 0, 0, 0, 1, 0, 0, 0, 0, 2, 2, 1, 1, 1, 1, 2, 1, 2, 1, 1, 2, 2, 2, 2, 4, 4, 2, 2, 2, 4, 4, 5, 4, 4, 4, 5, 4, 4, 4, 5, 5, 5, 5, 5, 5] 
triadag15_7.txt 1234x3.txt True 0.48095238095238096 0.7 575.0 [11, 10, 6, 9, 11, 3, 9, 10, 10, 11, 11, 11, 11, 3, 9, 10, 11, 9, 11, 3, 9, 10, 10, 11, 11, 10, 11, 3, 9, 6, 9, 8, 3, 9, 10, 10, 11, 6, 10, 11, 3, 9, 7, 8, 3, 6, 7, 7, 7, 6, 6, 7, 3, 7, 8, 5, 8, 7, 7, 8, 6, 6, 8, 3, 7, 0, 8, 8, 0, 8, 6, 6, 8, 3, 8, 1, 0, 0, 0, 1, 0, 0, 0, 0, 2, 2, 1, 1, 1, 1, 2, 1, 2, 1, 1, 2, 2, 2, 2, 4, 4, 2, 2, 2, 4, 4, 5, 4, 4, 4, 5, 4, 4, 4, 5, 5, 5, 5, 5, 5] 
triadag15_7.txt 1234x3.txt True 0.48095238095238096 0.8 575.0 [11, 10, 6, 9, 11, 3, 9, 10, 10, 11, 11, 11, 11, 3, 9, 10, 11, 9, 11, 3, 9, 10, 10, 11, 11, 10, 11, 3, 9, 6, 9, 8, 3, 9, 10, 10, 11, 6, 10, 11, 3, 9, 7, 8, 3, 6, 7, 7, 7, 6, 6, 7, 3, 7, 8, 5, 8, 7, 7, 8, 6, 6, 8, 3, 7, 0, 8, 8, 0, 8, 6, 6, 8, 3, 8, 1, 0, 0, 0, 1, 0, 0, 0, 0, 2, 2, 1, 1, 1, 1, 2, 1, 2, 1, 1, 2, 2, 2, 2, 4, 4, 2, 2, 2, 4, 4, 5, 4, 4, 4, 5, 4, 4, 4, 5, 5, 5, 5, 5, 5] 
triadag15_7.txt 1234x3.txt True 0.48095238095238096 0.9 575.0 [11, 10, 6, 9, 11, 3, 9, 10, 10, 11, 11, 11, 11, 3, 9, 10, 11, 9, 11, 3, 9, 10, 10, 11, 11, 10, 11, 3, 9, 6, 9, 8, 3, 9, 10, 10, 11, 6, 10, 11, 3, 9, 7, 8, 3, 6, 7, 7, 7, 6, 6, 7, 3, 7, 8, 5, 8, 7, 7, 8, 6, 6, 8, 3, 7, 0, 8, 8, 0, 8, 6, 6, 8, 3, 8, 1, 0, 0, 0, 1, 0, 0, 0, 0, 2, 2, 1, 1, 1, 1, 2, 1, 2, 1, 1, 2, 2, 2, 2, 4, 4, 2, 2, 2, 4, 4, 5, 4, 4, 4, 5, 4, 4, 4, 5, 5, 5, 5, 5, 5] 
triadag15_7.txt 1234x3.txt True 0.48095238095238096 1 575.0 [11, 10, 6, 9, 11, 3, 9, 10, 10, 11, 11, 11, 11, 3, 9, 10, 11, 9, 11, 3, 9, 10, 10, 11, 11, 10, 11, 3, 9, 6, 9, 8, 3, 9, 10, 10, 11, 6, 10, 11, 3, 9, 7, 8, 3, 6, 7, 7, 7, 6, 6, 7, 3, 7, 8, 5, 8, 7, 7, 8, 6, 6, 8, 3, 7, 0, 8, 8, 0, 8, 6, 6, 8, 3, 8, 1, 0, 0, 0, 1, 0, 0, 0, 0, 2, 2, 1, 1, 1, 1, 2, 1, 2, 1, 1, 2, 2, 2, 2, 4, 4, 2, 2, 2, 4, 4, 5, 4, 4, 4, 5, 4, 4, 4, 5, 5, 5, 5, 5, 5] 
triadag15_7.txt 1234x3.txt True 0.48095238095238096 0.5 575.0 [11, 10, 6, 9, 11, 3, 9, 10, 10, 11, 11, 11, 11, 3, 9, 10, 11, 9, 11, 3, 9, 10, 10, 11, 11, 10, 11, 3, 9, 6, 9, 8, 3, 9, 10, 10, 11, 6, 10, 11, 3, 9, 7, 8, 3, 6, 7, 7, 7, 6, 6, 7, 3, 7, 8, 5, 8, 7, 7, 8, 6, 6, 8, 3, 7, 0, 8, 8, 0, 8, 6, 6, 8, 3, 8, 1, 0, 0, 0, 1, 0, 0, 0, 0, 2, 2, 1, 1, 1, 1, 2, 1, 2, 1, 1, 2, 2, 2, 2, 4, 4, 2, 2, 2, 4, 4, 5, 4, 4, 4, 5, 4, 4, 4, 5, 5, 5, 5, 5, 5] 
triadag15_7.txt 1234x3.txt True 0.48095238095238096 0.6 575.0 [11, 10, 6, 9, 11, 3, 9, 10, 10, 11, 11, 11, 11, 3, 9, 10, 11, 9, 11, 3, 9, 10, 10, 11, 11, 10, 11, 3, 9, 6, 9, 8, 3, 9, 10, 10, 11, 6, 10, 11, 3, 9, 7, 8, 3, 6, 7, 7, 7, 6, 6, 7, 3, 7, 8, 5, 8, 7, 7, 8, 6, 6, 8, 3, 7, 0, 8, 8, 0, 8, 6, 6, 8, 3, 8, 1, 0, 0, 0, 1, 0, 0, 0, 0, 2, 2, 1, 1, 1, 1, 2, 1, 2, 1, 1, 2, 2, 2, 2, 4, 4, 2, 2, 2, 4, 4, 5, 4, 4, 4, 5, 4, 4, 4, 5, 5, 5, 5, 5, 5] 
triadag15_7.txt 1234x3.txt True 0.48095238095238096 0.7 575.0 [11, 10, 6, 9, 11, 3, 9, 10, 10, 11, 11, 11, 11, 3, 9, 10, 11, 9, 11, 3, 9, 10, 10, 11, 11, 10, 11, 3, 9, 6, 9, 8, 3, 9, 10, 10, 11, 6, 10, 11, 3, 9, 7, 8, 3, 6, 7, 7, 7, 6, 6, 7, 3, 7, 8, 5, 8, 7, 7, 8, 6, 6, 8, 3, 7, 0, 8, 8, 0, 8, 6, 6, 8, 3, 8, 1, 0, 0, 0, 1, 0, 0, 0, 0, 2, 2, 1, 1, 1, 1, 2, 1, 2, 1, 1, 2, 2, 2, 2, 4, 4, 2, 2, 2, 4, 4, 5, 4, 4, 4, 5, 4, 4, 4, 5, 5, 5, 5, 5, 5] 
triadag15_7.txt 1234x3.txt True 0.48095238095238096 0.8 575.0 [11, 10, 6, 9, 11, 3, 9, 10, 10, 11, 11, 11, 11, 3, 9, 10, 11, 9, 11, 3, 9, 10, 10, 11, 11, 10, 11, 3, 9, 6, 9, 8, 3, 9, 10, 10, 11, 6, 10, 11, 3, 9, 7, 8, 3, 6, 7, 7, 7, 6, 6, 7, 3, 7, 8, 5, 8, 7, 7, 8, 6, 6, 8, 3, 7, 0, 8, 8, 0, 8, 6, 6, 8, 3, 8, 1, 0, 0, 0, 1, 0, 0, 0, 0, 2, 2, 1, 1, 1, 1, 2, 1, 2, 1, 1, 2, 2, 2, 2, 4, 4, 2, 2, 2, 4, 4, 5, 4, 4, 4, 5, 4, 4, 4, 5, 5, 5, 5, 5, 5] 
triadag15_7.txt 1234x3.txt True 0.48095238095238096 0.9 575.0 [11, 10, 6, 9, 11, 3, 9, 10, 10, 11, 11, 11, 11, 3, 9, 10, 11, 9, 11, 3, 9, 10, 10, 11, 11, 10, 11, 3, 9, 6, 9, 8, 3, 9, 10, 10, 11, 6, 10, 11, 3, 9, 7, 8, 3, 6, 7, 7, 7, 6, 6, 7, 3, 7, 8, 5, 8, 7, 7, 8, 6, 6, 8, 3, 7, 0, 8, 8, 0, 8, 6, 6, 8, 3, 8, 1, 0, 0, 0, 1, 0, 0, 0, 0, 2, 2, 1, 1, 1, 1, 2, 1, 2, 1, 1, 2, 2, 2, 2, 4, 4, 2, 2, 2, 4, 4, 5, 4, 4, 4, 5, 4, 4, 4, 5, 5, 5, 5, 5, 5] 
triadag15_7.txt 1234x3.txt True 0.48095238095238096 1 575.0 [11, 10, 6, 9, 11, 3, 9, 10, 10, 11, 11, 11, 11, 3, 9, 10, 11, 9, 11, 3, 9, 10, 10, 11, 11, 10, 11, 3, 9, 6, 9, 8, 3, 9, 10, 10, 11, 6, 10, 11, 3, 9, 7, 8, 3, 6, 7, 7, 7, 6, 6, 7, 3, 7, 8, 5, 8, 7, 7, 8, 6, 6, 8, 3, 7, 0, 8, 8, 0, 8, 6, 6, 8, 3, 8, 1, 0, 0, 0, 1, 0, 0, 0, 0, 2, 2, 1, 1, 1, 1, 2, 1, 2, 1, 1, 2, 2, 2, 2, 4, 4, 2, 2, 2, 4, 4, 5, 4, 4, 4, 5, 4, 4, 4, 5, 5, 5, 5, 5, 5] 
triadag15_7.txt 1234x3.txt True 0.48095238095238096 0.5 575.0 [11, 10, 6, 9, 11, 3, 9, 10, 10, 11, 11, 11, 11, 3, 9, 10, 11, 9, 11, 3, 9, 10, 10, 11, 11, 10, 11, 3, 9, 6, 9, 8, 3, 9, 10, 10, 11, 6, 10, 11, 3, 9, 7, 8, 3, 6, 7, 7, 7, 6, 6, 7, 3, 7, 8, 5, 8, 7, 7, 8, 6, 6, 8, 3, 7, 0, 8, 8, 0, 8, 6, 6, 8, 3, 8, 1, 0, 0, 0, 1, 0, 0, 0, 0, 2, 2, 1, 1, 1, 1, 2, 1, 2, 1, 1, 2, 2, 2, 2, 4, 4, 2, 2, 2, 4, 4, 5, 4, 4, 4, 5, 4, 4, 4, 5, 5, 5, 5, 5, 5] 
triadag15_7.txt 1234x3.txt True 0.48095238095238096 0.6 575.0 [11, 10, 6, 9, 11, 3, 9, 10, 10, 11, 11, 11, 11, 3, 9, 10, 11, 9, 11, 3, 9, 10, 10, 11, 11, 10, 11, 3, 9, 6, 9, 8, 3, 9, 10, 10, 11, 6, 10, 11, 3, 9, 7, 8, 3, 6, 7, 7, 7, 6, 6, 7, 3, 7, 8, 5, 8, 7, 7, 8, 6, 6, 8, 3, 7, 0, 8, 8, 0, 8, 6, 6, 8, 3, 8, 1, 0, 0, 0, 1, 0, 0, 0, 0, 2, 2, 1, 1, 1, 1, 2, 1, 2, 1, 1, 2, 2, 2, 2, 4, 4, 2, 2, 2, 4, 4, 5, 4, 4, 4, 5, 4, 4, 4, 5, 5, 5, 5, 5, 5] 
triadag15_7.txt 1234x3.txt True 0.48095238095238096 0.7 575.0 [11, 10, 6, 9, 11, 3, 9, 10, 10, 11, 11, 11, 11, 3, 9, 10, 11, 9, 11, 3, 9, 10, 10, 11, 11, 10, 11, 3, 9, 6, 9, 8, 3, 9, 10, 10, 11, 6, 10, 11, 3, 9, 7, 8, 3, 6, 7, 7, 7, 6, 6, 7, 3, 7, 8, 5, 8, 7, 7, 8, 6, 6, 8, 3, 7, 0, 8, 8, 0, 8, 6, 6, 8, 3, 8, 1, 0, 0, 0, 1, 0, 0, 0, 0, 2, 2, 1, 1, 1, 1, 2, 1, 2, 1, 1, 2, 2, 2, 2, 4, 4, 2, 2, 2, 4, 4, 5, 4, 4, 4, 5, 4, 4, 4, 5, 5, 5, 5, 5, 5] 
triadag15_7.txt 1234x3.txt True 0.48095238095238096 0.8 575.0 [11, 10, 6, 9, 11, 3, 9, 10, 10, 11, 11, 11, 11, 3, 9, 10, 11, 9, 11, 3, 9, 10, 10, 11, 11, 10, 11, 3, 9, 6, 9, 8, 3, 9, 10, 10, 11, 6, 10, 11, 3, 9, 7, 8, 3, 6, 7, 7, 7, 6, 6, 7, 3, 7, 8, 5, 8, 7, 7, 8, 6, 6, 8, 3, 7, 0, 8, 8, 0, 8, 6, 6, 8, 3, 8, 1, 0, 0, 0, 1, 0, 0, 0, 0, 2, 2, 1, 1, 1, 1, 2, 1, 2, 1, 1, 2, 2, 2, 2, 4, 4, 2, 2, 2, 4, 4, 5, 4, 4, 4, 5, 4, 4, 4, 5, 5, 5, 5, 5, 5] 
triadag15_7.txt 1234x3.txt True 0.48095238095238096 0.9 575.0 [11, 10, 6, 9, 11, 3, 9, 10, 10, 11, 11, 11, 11, 3, 9, 10, 11, 9, 11, 3, 9, 10, 10, 11, 11, 10, 11, 3, 9, 6, 9, 8, 3, 9, 10, 10, 11, 6, 10, 11, 3, 9, 7, 8, 3, 6, 7, 7, 7, 6, 6, 7, 3, 7, 8, 5, 8, 7, 7, 8, 6, 6, 8, 3, 7, 0, 8, 8, 0, 8, 6, 6, 8, 3, 8, 1, 0, 0, 0, 1, 0, 0, 0, 0, 2, 2, 1, 1, 1, 1, 2, 1, 2, 1, 1, 2, 2, 2, 2, 4, 4, 2, 2, 2, 4, 4, 5, 4, 4, 4, 5, 4, 4, 4, 5, 5, 5, 5, 5, 5] 
triadag15_7.txt 1234x3.txt True 0.48095238095238096 1 575.0 [11, 10, 6, 9, 11, 3, 9, 10, 10, 11, 11, 11, 11, 3, 9, 10, 11, 9, 11, 3, 9, 10, 10, 11, 11, 10, 11, 3, 9, 6, 9, 8, 3, 9, 10, 10, 11, 6, 10, 11, 3, 9, 7, 8, 3, 6, 7, 7, 7, 6, 6, 7, 3, 7, 8, 5, 8, 7, 7, 8, 6, 6, 8, 3, 7, 0, 8, 8, 0, 8, 6, 6, 8, 3, 8, 1, 0, 0, 0, 1, 0, 0, 0, 0, 2, 2, 1, 1, 1, 1, 2, 1, 2, 1, 1, 2, 2, 2, 2, 4, 4, 2, 2, 2, 4, 4, 5, 4, 4, 4, 5, 4, 4, 4, 5, 5, 5, 5, 5, 5] 
triadag15_7.txt 1234x3.txt True 0.48095238095238096 0.5 575.0 [11, 10, 6, 9, 11, 3, 9, 10, 10, 11, 11, 11, 11, 3, 9, 10, 11, 9, 11, 3, 9, 10, 10, 11, 11, 10, 11, 3, 9, 6, 9, 8, 3, 9, 10, 10, 11, 6, 10, 11, 3, 9, 7, 8, 3, 6, 7, 7, 7, 6, 6, 7, 3, 7, 8, 5, 8, 7, 7, 8, 6, 6, 8, 3, 7, 0, 8, 8, 0, 8, 6, 6, 8, 3, 8, 1, 0, 0, 0, 1, 0, 0, 0, 0, 2, 2, 1, 1, 1, 1, 2, 1, 2, 1, 1, 2, 2, 2, 2, 4, 4, 2, 2, 2, 4, 4, 5, 4, 4, 4, 5, 4, 4, 4, 5, 5, 5, 5, 5, 5] 
triadag15_7.txt 1234x3.txt True 0.48095238095238096 0.6 575.0 [11, 10, 6, 9, 11, 3, 9, 10, 10, 11, 11, 11, 11, 3, 9, 10, 11, 9, 11, 3, 9, 10, 10, 11, 11, 10, 11, 3, 9, 6, 9, 8, 3, 9, 10, 10, 11, 6, 10, 11, 3, 9, 7, 8, 3, 6, 7, 7, 7, 6, 6, 7, 3, 7, 8, 5, 8, 7, 7, 8, 6, 6, 8, 3, 7, 0, 8, 8, 0, 8, 6, 6, 8, 3, 8, 1, 0, 0, 0, 1, 0, 0, 0, 0, 2, 2, 1, 1, 1, 1, 2, 1, 2, 1, 1, 2, 2, 2, 2, 4, 4, 2, 2, 2, 4, 4, 5, 4, 4, 4, 5, 4, 4, 4, 5, 5, 5, 5, 5, 5] 
triadag15_7.txt 1234x3.txt True 0.48095238095238096 0.7 575.0 [11, 10, 6, 9, 11, 3, 9, 10, 10, 11, 11, 11, 11, 3, 9, 10, 11, 9, 11, 3, 9, 10, 10, 11, 11, 10, 11, 3, 9, 6, 9, 8, 3, 9, 10, 10, 11, 6, 10, 11, 3, 9, 7, 8, 3, 6, 7, 7, 7, 6, 6, 7, 3, 7, 8, 5, 8, 7, 7, 8, 6, 6, 8, 3, 7, 0, 8, 8, 0, 8, 6, 6, 8, 3, 8, 1, 0, 0, 0, 1, 0, 0, 0, 0, 2, 2, 1, 1, 1, 1, 2, 1, 2, 1, 1, 2, 2, 2, 2, 4, 4, 2, 2, 2, 4, 4, 5, 4, 4, 4, 5, 4, 4, 4, 5, 5, 5, 5, 5, 5] 
triadag15_7.txt 1234x3.txt True 0.48095238095238096 0.8 575.0 [11, 10, 6, 9, 11, 3, 9, 10, 10, 11, 11, 11, 11, 3, 9, 10, 11, 9, 11, 3, 9, 10, 10, 11, 11, 10, 11, 3, 9, 6, 9, 8, 3, 9, 10, 10, 11, 6, 10, 11, 3, 9, 7, 8, 3, 6, 7, 7, 7, 6, 6, 7, 3, 7, 8, 5, 8, 7, 7, 8, 6, 6, 8, 3, 7, 0, 8, 8, 0, 8, 6, 6, 8, 3, 8, 1, 0, 0, 0, 1, 0, 0, 0, 0, 2, 2, 1, 1, 1, 1, 2, 1, 2, 1, 1, 2, 2, 2, 2, 4, 4, 2, 2, 2, 4, 4, 5, 4, 4, 4, 5, 4, 4, 4, 5, 5, 5, 5, 5, 5] 
triadag15_7.txt 1234x3.txt True 0.48095238095238096 0.9 575.0 [11, 10, 6, 9, 11, 3, 9, 10, 10, 11, 11, 11, 11, 3, 9, 10, 11, 9, 11, 3, 9, 10, 10, 11, 11, 10, 11, 3, 9, 6, 9, 8, 3, 9, 10, 10, 11, 6, 10, 11, 3, 9, 7, 8, 3, 6, 7, 7, 7, 6, 6, 7, 3, 7, 8, 5, 8, 7, 7, 8, 6, 6, 8, 3, 7, 0, 8, 8, 0, 8, 6, 6, 8, 3, 8, 1, 0, 0, 0, 1, 0, 0, 0, 0, 2, 2, 1, 1, 1, 1, 2, 1, 2, 1, 1, 2, 2, 2, 2, 4, 4, 2, 2, 2, 4, 4, 5, 4, 4, 4, 5, 4, 4, 4, 5, 5, 5, 5, 5, 5] 
triadag15_7.txt 1234x3.txt True 0.48095238095238096 1 575.0 [11, 10, 6, 9, 11, 3, 9, 10, 10, 11, 11, 11, 11, 3, 9, 10, 11, 9, 11, 3, 9, 10, 10, 11, 11, 10, 11, 3, 9, 6, 9, 8, 3, 9, 10, 10, 11, 6, 10, 11, 3, 9, 7, 8, 3, 6, 7, 7, 7, 6, 6, 7, 3, 7, 8, 5, 8, 7, 7, 8, 6, 6, 8, 3, 7, 0, 8, 8, 0, 8, 6, 6, 8, 3, 8, 1, 0, 0, 0, 1, 0, 0, 0, 0, 2, 2, 1, 1, 1, 1, 2, 1, 2, 1, 1, 2, 2, 2, 2, 4, 4, 2, 2, 2, 4, 4, 5, 4, 4, 4, 5, 4, 4, 4, 5, 5, 5, 5, 5, 5] 
triadag15_7.txt 1234x3.txt True 0.48095238095238096 0.5 575.0 [11, 10, 6, 9, 11, 3, 9, 10, 10, 11, 11, 11, 11, 3, 9, 10, 11, 9, 11, 3, 9, 10, 10, 11, 11, 10, 11, 3, 9, 6, 9, 8, 3, 9, 10, 10, 11, 6, 10, 11, 3, 9, 7, 8, 3, 6, 7, 7, 7, 6, 6, 7, 3, 7, 8, 5, 8, 7, 7, 8, 6, 6, 8, 3, 7, 0, 8, 8, 0, 8, 6, 6, 8, 3, 8, 1, 0, 0, 0, 1, 0, 0, 0, 0, 2, 2, 1, 1, 1, 1, 2, 1, 2, 1, 1, 2, 2, 2, 2, 4, 4, 2, 2, 2, 4, 4, 5, 4, 4, 4, 5, 4, 4, 4, 5, 5, 5, 5, 5, 5] 
triadag15_7.txt 1234x3.txt True 0.48095238095238096 0.6 575.0 [11, 10, 6, 9, 11, 3, 9, 10, 10, 11, 11, 11, 11, 3, 9, 10, 11, 9, 11, 3, 9, 10, 10, 11, 11, 10, 11, 3, 9, 6, 9, 8, 3, 9, 10, 10, 11, 6, 10, 11, 3, 9, 7, 8, 3, 6, 7, 7, 7, 6, 6, 7, 3, 7, 8, 5, 8, 7, 7, 8, 6, 6, 8, 3, 7, 0, 8, 8, 0, 8, 6, 6, 8, 3, 8, 1, 0, 0, 0, 1, 0, 0, 0, 0, 2, 2, 1, 1, 1, 1, 2, 1, 2, 1, 1, 2, 2, 2, 2, 4, 4, 2, 2, 2, 4, 4, 5, 4, 4, 4, 5, 4, 4, 4, 5, 5, 5, 5, 5, 5] 
triadag15_7.txt 1234x3.txt True 0.48095238095238096 0.7 575.0 [11, 10, 6, 9, 11, 3, 9, 10, 10, 11, 11, 11, 11, 3, 9, 10, 11, 9, 11, 3, 9, 10, 10, 11, 11, 10, 11, 3, 9, 6, 9, 8, 3, 9, 10, 10, 11, 6, 10, 11, 3, 9, 7, 8, 3, 6, 7, 7, 7, 6, 6, 7, 3, 7, 8, 5, 8, 7, 7, 8, 6, 6, 8, 3, 7, 0, 8, 8, 0, 8, 6, 6, 8, 3, 8, 1, 0, 0, 0, 1, 0, 0, 0, 0, 2, 2, 1, 1, 1, 1, 2, 1, 2, 1, 1, 2, 2, 2, 2, 4, 4, 2, 2, 2, 4, 4, 5, 4, 4, 4, 5, 4, 4, 4, 5, 5, 5, 5, 5, 5] 
triadag15_7.txt 1234x3.txt True 0.48095238095238096 0.8 575.0 [11, 10, 6, 9, 11, 3, 9, 10, 10, 11, 11, 11, 11, 3, 9, 10, 11, 9, 11, 3, 9, 10, 10, 11, 11, 10, 11, 3, 9, 6, 9, 8, 3, 9, 10, 10, 11, 6, 10, 11, 3, 9, 7, 8, 3, 6, 7, 7, 7, 6, 6, 7, 3, 7, 8, 5, 8, 7, 7, 8, 6, 6, 8, 3, 7, 0, 8, 8, 0, 8, 6, 6, 8, 3, 8, 1, 0, 0, 0, 1, 0, 0, 0, 0, 2, 2, 1, 1, 1, 1, 2, 1, 2, 1, 1, 2, 2, 2, 2, 4, 4, 2, 2, 2, 4, 4, 5, 4, 4, 4, 5, 4, 4, 4, 5, 5, 5, 5, 5, 5] 
triadag15_7.txt 1234x3.txt True 0.48095238095238096 0.9 575.0 [11, 10, 6, 9, 11, 3, 9, 10, 10, 11, 11, 11, 11, 3, 9, 10, 11, 9, 11, 3, 9, 10, 10, 11, 11, 10, 11, 3, 9, 6, 9, 8, 3, 9, 10, 10, 11, 6, 10, 11, 3, 9, 7, 8, 3, 6, 7, 7, 7, 6, 6, 7, 3, 7, 8, 5, 8, 7, 7, 8, 6, 6, 8, 3, 7, 0, 8, 8, 0, 8, 6, 6, 8, 3, 8, 1, 0, 0, 0, 1, 0, 0, 0, 0, 2, 2, 1, 1, 1, 1, 2, 1, 2, 1, 1, 2, 2, 2, 2, 4, 4, 2, 2, 2, 4, 4, 5, 4, 4, 4, 5, 4, 4, 4, 5, 5, 5, 5, 5, 5] 
triadag15_7.txt 1234x3.txt True 0.48095238095238096 1 575.0 [11, 10, 6, 9, 11, 3, 9, 10, 10, 11, 11, 11, 11, 3, 9, 10, 11, 9, 11, 3, 9, 10, 10, 11, 11, 10, 11, 3, 9, 6, 9, 8, 3, 9, 10, 10, 11, 6, 10, 11, 3, 9, 7, 8, 3, 6, 7, 7, 7, 6, 6, 7, 3, 7, 8, 5, 8, 7, 7, 8, 6, 6, 8, 3, 7, 0, 8, 8, 0, 8, 6, 6, 8, 3, 8, 1, 0, 0, 0, 1, 0, 0, 0, 0, 2, 2, 1, 1, 1, 1, 2, 1, 2, 1, 1, 2, 2, 2, 2, 4, 4, 2, 2, 2, 4, 4, 5, 4, 4, 4, 5, 4, 4, 4, 5, 5, 5, 5, 5, 5] 
