triadag10_7.txt 3_2x4.txt True 0.0 0.07 811.0 [7, 7, 7, 7, 7, 7, 7, 7, 7, 7, 7, 7, 7, 7, 7, 7, 7, 7, 7, 7, 7, 7, 7, 7, 7, 7, 7, 7, 7, 7, 7, 7, 7, 7, 7, 7, 7, 7, 7, 7, 7, 7, 7, 7, 7, 7, 7, 7, 7, 7, 7, 7, 7, 7, 7] 
triadag10_7.txt 3_2x4.txt True 0.07777777777777778 0.1 720.5 [7, 7, 7, 7, 7, 1, 7, 4, 7, 7, 7, 7, 7, 7, 1, 6, 4, 7, 7, 7, 7, 7, 7, 7, 7, 7, 7, 7, 7, 7, 7, 7, 7, 7, 7, 7, 7, 7, 7, 7, 7, 7, 7, 7, 7, 7, 7, 7, 7, 7, 7, 7, 7, 7, 7] 
triadag10_7.txt 3_2x4.txt True 0.07777777777777778 0.15 720.5 [7, 7, 7, 7, 7, 1, 7, 4, 7, 7, 7, 7, 7, 7, 1, 6, 4, 7, 7, 7, 7, 7, 7, 7, 7, 7, 7, 7, 7, 7, 7, 7, 7, 7, 7, 7, 7, 7, 7, 7, 7, 7, 7, 7, 7, 7, 7, 7, 7, 7, 7, 7, 7, 7, 7] 
triadag10_7.txt 3_2x4.txt True 0.17777777777777778 0.2 567.0 [7, 7, 7, 7, 7, 1, 6, 4, 7, 7, 7, 7, 7, 7, 1, 6, 4, 7, 7, 7, 7, 7, 1, 6, 4, 7, 7, 7, 7, 7, 6, 4, 7, 7, 7, 7, 6, 4, 7, 7, 7, 6, 4, 7, 7, 7, 4, 7, 7, 7, 7, 7, 7, 7, 7] 
triadag10_7.txt 3_2x4.txt True 0.28888888888888886 0.3 215.75 [7, 5, 7, 2, 7, 6, 7, 7, 7, 4, 5, 7, 2, 7, 6, 7, 7, 7, 4, 5, 2, 5, 5, 5, 5, 5, 5, 3, 5, 5, 5, 5, 5, 5, 3, 3, 3, 3, 3, 3, 3, 3, 3, 3, 3, 3, 3, 3, 3, 0, 3, 3, 0, 1, 1] 
triadag10_7.txt 3_2x4.txt True 0.37777777777777777 0.4 471.0 [3, 3, 4, 2, 0, 4, 2, 1, 3, 1, 3, 4, 2, 0, 4, 2, 3, 3, 1, 5, 2, 0, 4, 2, 3, 3, 1, 5, 0, 4, 5, 5, 5, 5, 6, 4, 5, 5, 5, 5, 6, 6, 6, 6, 6, 6, 6, 6, 6, 7, 6, 7, 7, 7, 7] 
triadag10_7.txt 3_2x4.txt True 0.4777777777777778 0.5 418.0 [2, 0, 2, 4, 7, 3, 0, 2, 3, 3, 1, 2, 4, 7, 3, 0, 2, 2, 3, 1, 4, 7, 1, 0, 1, 2, 1, 4, 7, 1, 0, 1, 1, 1, 7, 5, 4, 4, 4, 5, 5, 4, 4, 5, 7, 6, 7, 5, 5, 6, 5, 6, 6, 6, 6] 
triadag10_7.txt 3_2x4.txt True 0.4777777777777778 0.6 418.0 [2, 0, 2, 4, 7, 3, 0, 2, 3, 3, 1, 2, 4, 7, 3, 0, 2, 2, 3, 1, 4, 7, 1, 0, 1, 2, 1, 4, 7, 1, 0, 1, 1, 1, 7, 5, 4, 4, 4, 5, 5, 4, 4, 5, 7, 6, 7, 5, 5, 6, 5, 6, 6, 6, 6] 
triadag10_7.txt 3_2x4.txt True 0.4777777777777778 0.7 418.0 [2, 0, 2, 4, 7, 3, 0, 2, 3, 3, 1, 2, 4, 7, 3, 0, 2, 2, 3, 1, 4, 7, 1, 0, 1, 2, 1, 4, 7, 1, 0, 1, 1, 1, 7, 5, 4, 4, 4, 5, 5, 4, 4, 5, 7, 6, 7, 5, 5, 6, 5, 6, 6, 6, 6] 
triadag10_7.txt 3_2x4.txt True 0.4777777777777778 1 418.0 [2, 0, 2, 4, 7, 3, 0, 2, 3, 3, 1, 2, 4, 7, 3, 0, 2, 2, 3, 1, 4, 7, 1, 0, 1, 2, 1, 4, 7, 1, 0, 1, 1, 1, 7, 5, 4, 4, 4, 5, 5, 4, 4, 5, 7, 6, 7, 5, 5, 6, 5, 6, 6, 6, 6] 
triadag10_7.txt 3_2x2.txt True 0.022222222222222223 0.07 1529.0 [3, 3, 3, 3, 3, 3, 3, 3, 3, 2, 3, 3, 3, 3, 3, 3, 3, 3, 2, 3, 3, 3, 3, 3, 3, 3, 3, 3, 3, 3, 3, 3, 3, 3, 3, 3, 3, 3, 3, 3, 3, 3, 3, 3, 3, 3, 3, 3, 3, 3, 3, 3, 3, 3, 3] 
triadag10_7.txt 3_2x2.txt True 0.022222222222222223 0.1 1529.0 [3, 3, 3, 3, 3, 3, 3, 3, 3, 2, 3, 3, 3, 3, 3, 3, 3, 3, 2, 3, 3, 3, 3, 3, 3, 3, 3, 3, 3, 3, 3, 3, 3, 3, 3, 3, 3, 3, 3, 3, 3, 3, 3, 3, 3, 3, 3, 3, 3, 3, 3, 3, 3, 3, 3] 
triadag10_7.txt 3_2x2.txt True 0.022222222222222223 0.15 1529.0 [3, 3, 3, 3, 3, 3, 3, 3, 3, 2, 3, 3, 3, 3, 3, 3, 3, 3, 2, 3, 3, 3, 3, 3, 3, 3, 3, 3, 3, 3, 3, 3, 3, 3, 3, 3, 3, 3, 3, 3, 3, 3, 3, 3, 3, 3, 3, 3, 3, 3, 3, 3, 3, 3, 3] 
triadag10_7.txt 3_2x2.txt True 0.2 0.2 639.0 [3, 3, 3, 3, 2, 3, 3, 2, 3, 3, 3, 3, 3, 2, 3, 3, 2, 3, 3, 1, 3, 2, 3, 3, 2, 3, 3, 1, 1, 1, 1, 1, 1, 1, 1, 1, 1, 1, 1, 1, 1, 1, 1, 1, 1, 0, 1, 1, 1, 0, 0, 0, 0, 0, 0] 
triadag10_7.txt 3_2x2.txt True 0.3 0.3 411.5 [0, 0, 3, 0, 0, 0, 1, 1, 1, 1, 0, 3, 0, 0, 0, 1, 1, 1, 1, 3, 0, 0, 0, 1, 1, 1, 1, 3, 3, 3, 3, 1, 3, 3, 2, 3, 3, 3, 3, 3, 2, 2, 3, 2, 3, 2, 2, 2, 2, 2, 2, 2, 2, 2, 2] 
triadag10_7.txt 3_2x2.txt True 0.3 0.4 411.5 [0, 0, 3, 0, 0, 0, 1, 1, 1, 1, 0, 3, 0, 0, 0, 1, 1, 1, 1, 3, 0, 0, 0, 1, 1, 1, 1, 3, 3, 3, 3, 1, 3, 3, 2, 3, 3, 3, 3, 3, 2, 2, 3, 2, 3, 2, 2, 2, 2, 2, 2, 2, 2, 2, 2] 
triadag10_7.txt 3_2x2.txt True 0.3 0.5 411.5 [0, 0, 3, 0, 0, 0, 1, 1, 1, 1, 0, 3, 0, 0, 0, 1, 1, 1, 1, 3, 0, 0, 0, 1, 1, 1, 1, 3, 3, 3, 3, 1, 3, 3, 2, 3, 3, 3, 3, 3, 2, 2, 3, 2, 3, 2, 2, 2, 2, 2, 2, 2, 2, 2, 2] 
triadag10_7.txt 3_2x2.txt True 0.3 0.6 411.5 [0, 0, 3, 0, 0, 0, 1, 1, 1, 1, 0, 3, 0, 0, 0, 1, 1, 1, 1, 3, 0, 0, 0, 1, 1, 1, 1, 3, 3, 3, 3, 1, 3, 3, 2, 3, 3, 3, 3, 3, 2, 2, 3, 2, 3, 2, 2, 2, 2, 2, 2, 2, 2, 2, 2] 
triadag10_7.txt 3_2x2.txt True 0.3 0.7 411.5 [0, 0, 3, 0, 0, 0, 1, 1, 1, 1, 0, 3, 0, 0, 0, 1, 1, 1, 1, 3, 0, 0, 0, 1, 1, 1, 1, 3, 3, 3, 3, 1, 3, 3, 2, 3, 3, 3, 3, 3, 2, 2, 3, 2, 3, 2, 2, 2, 2, 2, 2, 2, 2, 2, 2] 
triadag10_7.txt 3_2x2.txt True 0.3 1 411.5 [0, 0, 3, 0, 0, 0, 1, 1, 1, 1, 0, 3, 0, 0, 0, 1, 1, 1, 1, 3, 0, 0, 0, 1, 1, 1, 1, 3, 3, 3, 3, 1, 3, 3, 2, 3, 3, 3, 3, 3, 2, 2, 3, 2, 3, 2, 2, 2, 2, 2, 2, 2, 2, 2, 2] 
triadag10_7.txt 3_2x1.txt True 0.0 0.07 1622.0 [1, 1, 1, 1, 1, 1, 1, 1, 1, 1, 1, 1, 1, 1, 1, 1, 1, 1, 1, 1, 1, 1, 1, 1, 1, 1, 1, 1, 1, 1, 1, 1, 1, 1, 1, 1, 1, 1, 1, 1, 1, 1, 1, 1, 1, 1, 1, 1, 1, 1, 1, 1, 1, 1, 1] 
triadag10_7.txt 3_2x1.txt True 0.1 0.1 796.0 [1, 1, 0, 1, 1, 1, 1, 1, 1, 1, 1, 0, 1, 1, 1, 1, 1, 1, 1, 0, 1, 1, 1, 1, 1, 1, 1, 0, 0, 0, 0, 0, 0, 0, 0, 0, 0, 0, 0, 0, 0, 0, 0, 0, 0, 0, 0, 0, 0, 0, 0, 0, 0, 0, 0] 
triadag10_7.txt 3_2x1.txt True 0.12222222222222222 0.15 809.0 [0, 0, 1, 0, 0, 0, 0, 0, 0, 0, 0, 1, 0, 0, 0, 0, 0, 0, 0, 1, 0, 0, 0, 0, 0, 0, 0, 1, 1, 1, 1, 0, 1, 0, 1, 1, 1, 1, 1, 1, 1, 1, 1, 1, 1, 1, 1, 1, 1, 1, 1, 1, 1, 1, 1] 
triadag10_7.txt 3_2x1.txt True 0.18888888888888888 0.2 811.5 [1, 1, 1, 1, 1, 1, 1, 1, 1, 1, 1, 1, 1, 1, 1, 1, 1, 1, 1, 0, 1, 1, 1, 1, 0, 1, 0, 1, 0, 0, 0, 0, 0, 0, 0, 0, 0, 0, 0, 0, 0, 0, 0, 0, 0, 0, 0, 0, 0, 0, 0, 0, 0, 0, 0] 
triadag10_7.txt 3_2x1.txt True 0.18888888888888888 0.3 811.5 [1, 1, 1, 1, 1, 1, 1, 1, 1, 1, 1, 1, 1, 1, 1, 1, 1, 1, 1, 0, 1, 1, 1, 1, 0, 1, 0, 1, 0, 0, 0, 0, 0, 0, 0, 0, 0, 0, 0, 0, 0, 0, 0, 0, 0, 0, 0, 0, 0, 0, 0, 0, 0, 0, 0] 
triadag10_7.txt 3_2x1.txt True 0.18888888888888888 0.4 811.5 [1, 1, 1, 1, 1, 1, 1, 1, 1, 1, 1, 1, 1, 1, 1, 1, 1, 1, 1, 0, 1, 1, 1, 1, 0, 1, 0, 1, 0, 0, 0, 0, 0, 0, 0, 0, 0, 0, 0, 0, 0, 0, 0, 0, 0, 0, 0, 0, 0, 0, 0, 0, 0, 0, 0] 
triadag10_7.txt 3_2x1.txt True 0.18888888888888888 0.5 811.5 [1, 1, 1, 1, 1, 1, 1, 1, 1, 1, 1, 1, 1, 1, 1, 1, 1, 1, 1, 0, 1, 1, 1, 1, 0, 1, 0, 1, 0, 0, 0, 0, 0, 0, 0, 0, 0, 0, 0, 0, 0, 0, 0, 0, 0, 0, 0, 0, 0, 0, 0, 0, 0, 0, 0] 
triadag10_7.txt 3_2x1.txt True 0.18888888888888888 0.6 811.5 [1, 1, 1, 1, 1, 1, 1, 1, 1, 1, 1, 1, 1, 1, 1, 1, 1, 1, 1, 0, 1, 1, 1, 1, 0, 1, 0, 1, 0, 0, 0, 0, 0, 0, 0, 0, 0, 0, 0, 0, 0, 0, 0, 0, 0, 0, 0, 0, 0, 0, 0, 0, 0, 0, 0] 
triadag10_7.txt 3_2x1.txt True 0.18888888888888888 0.7 811.5 [1, 1, 1, 1, 1, 1, 1, 1, 1, 1, 1, 1, 1, 1, 1, 1, 1, 1, 1, 0, 1, 1, 1, 1, 0, 1, 0, 1, 0, 0, 0, 0, 0, 0, 0, 0, 0, 0, 0, 0, 0, 0, 0, 0, 0, 0, 0, 0, 0, 0, 0, 0, 0, 0, 0] 
triadag10_7.txt 3_2x1.txt True 0.18888888888888888 1 811.5 [1, 1, 1, 1, 1, 1, 1, 1, 1, 1, 1, 1, 1, 1, 1, 1, 1, 1, 1, 0, 1, 1, 1, 1, 0, 1, 0, 1, 0, 0, 0, 0, 0, 0, 0, 0, 0, 0, 0, 0, 0, 0, 0, 0, 0, 0, 0, 0, 0, 0, 0, 0, 0, 0, 0] 
triadag10_7.txt 3_2x4.txt True 0.0 0.07 811.0 [7, 7, 7, 7, 7, 7, 7, 7, 7, 7, 7, 7, 7, 7, 7, 7, 7, 7, 7, 7, 7, 7, 7, 7, 7, 7, 7, 7, 7, 7, 7, 7, 7, 7, 7, 7, 7, 7, 7, 7, 7, 7, 7, 7, 7, 7, 7, 7, 7, 7, 7, 7, 7, 7, 7] 
triadag10_7.txt 3_2x4.txt True 0.07777777777777778 0.1 720.5 [7, 7, 7, 7, 7, 1, 7, 4, 7, 7, 7, 7, 7, 7, 1, 6, 4, 7, 7, 7, 7, 7, 7, 7, 7, 7, 7, 7, 7, 7, 7, 7, 7, 7, 7, 7, 7, 7, 7, 7, 7, 7, 7, 7, 7, 7, 7, 7, 7, 7, 7, 7, 7, 7, 7] 
triadag10_7.txt 3_2x4.txt True 0.07777777777777778 0.15 720.5 [7, 7, 7, 7, 7, 1, 7, 4, 7, 7, 7, 7, 7, 7, 1, 6, 4, 7, 7, 7, 7, 7, 7, 7, 7, 7, 7, 7, 7, 7, 7, 7, 7, 7, 7, 7, 7, 7, 7, 7, 7, 7, 7, 7, 7, 7, 7, 7, 7, 7, 7, 7, 7, 7, 7] 
triadag10_7.txt 3_2x4.txt True 0.17777777777777778 0.2 567.0 [7, 7, 7, 7, 7, 1, 6, 4, 7, 7, 7, 7, 7, 7, 1, 6, 4, 7, 7, 7, 7, 7, 1, 6, 4, 7, 7, 7, 7, 7, 6, 4, 7, 7, 7, 7, 6, 4, 7, 7, 7, 6, 4, 7, 7, 7, 4, 7, 7, 7, 7, 7, 7, 7, 7] 
triadag10_7.txt 3_2x4.txt True 0.28888888888888886 0.3 215.75 [7, 5, 7, 2, 7, 6, 7, 7, 7, 4, 5, 7, 2, 7, 6, 7, 7, 7, 4, 5, 2, 5, 5, 5, 5, 5, 5, 3, 5, 5, 5, 5, 5, 5, 3, 3, 3, 3, 3, 3, 3, 3, 3, 3, 3, 3, 3, 3, 3, 0, 3, 3, 0, 1, 1] 
triadag10_7.txt 3_2x4.txt True 0.37777777777777777 0.4 471.0 [3, 3, 4, 2, 0, 4, 2, 1, 3, 1, 3, 4, 2, 0, 4, 2, 3, 3, 1, 5, 2, 0, 4, 2, 3, 3, 1, 5, 0, 4, 5, 5, 5, 5, 6, 4, 5, 5, 5, 5, 6, 6, 6, 6, 6, 6, 6, 6, 6, 7, 6, 7, 7, 7, 7] 
triadag10_7.txt 3_2x4.txt True 0.4777777777777778 0.5 418.0 [2, 0, 2, 4, 7, 3, 0, 2, 3, 3, 1, 2, 4, 7, 3, 0, 2, 2, 3, 1, 4, 7, 1, 0, 1, 2, 1, 4, 7, 1, 0, 1, 1, 1, 7, 5, 4, 4, 4, 5, 5, 4, 4, 5, 7, 6, 7, 5, 5, 6, 5, 6, 6, 6, 6] 
triadag10_7.txt 3_2x4.txt True 0.4777777777777778 0.6 418.0 [2, 0, 2, 4, 7, 3, 0, 2, 3, 3, 1, 2, 4, 7, 3, 0, 2, 2, 3, 1, 4, 7, 1, 0, 1, 2, 1, 4, 7, 1, 0, 1, 1, 1, 7, 5, 4, 4, 4, 5, 5, 4, 4, 5, 7, 6, 7, 5, 5, 6, 5, 6, 6, 6, 6] 
triadag10_7.txt 3_2x4.txt True 0.4777777777777778 0.7 418.0 [2, 0, 2, 4, 7, 3, 0, 2, 3, 3, 1, 2, 4, 7, 3, 0, 2, 2, 3, 1, 4, 7, 1, 0, 1, 2, 1, 4, 7, 1, 0, 1, 1, 1, 7, 5, 4, 4, 4, 5, 5, 4, 4, 5, 7, 6, 7, 5, 5, 6, 5, 6, 6, 6, 6] 
triadag10_7.txt 3_2x4.txt True 0.4777777777777778 1 418.0 [2, 0, 2, 4, 7, 3, 0, 2, 3, 3, 1, 2, 4, 7, 3, 0, 2, 2, 3, 1, 4, 7, 1, 0, 1, 2, 1, 4, 7, 1, 0, 1, 1, 1, 7, 5, 4, 4, 4, 5, 5, 4, 4, 5, 7, 6, 7, 5, 5, 6, 5, 6, 6, 6, 6] 
triadag10_7.txt 3_2x2.txt True 0.022222222222222223 0.07 1529.0 [3, 3, 3, 3, 3, 3, 3, 3, 3, 2, 3, 3, 3, 3, 3, 3, 3, 3, 2, 3, 3, 3, 3, 3, 3, 3, 3, 3, 3, 3, 3, 3, 3, 3, 3, 3, 3, 3, 3, 3, 3, 3, 3, 3, 3, 3, 3, 3, 3, 3, 3, 3, 3, 3, 3] 
triadag10_7.txt 3_2x2.txt True 0.022222222222222223 0.1 1529.0 [3, 3, 3, 3, 3, 3, 3, 3, 3, 2, 3, 3, 3, 3, 3, 3, 3, 3, 2, 3, 3, 3, 3, 3, 3, 3, 3, 3, 3, 3, 3, 3, 3, 3, 3, 3, 3, 3, 3, 3, 3, 3, 3, 3, 3, 3, 3, 3, 3, 3, 3, 3, 3, 3, 3] 
triadag10_7.txt 3_2x2.txt True 0.022222222222222223 0.15 1529.0 [3, 3, 3, 3, 3, 3, 3, 3, 3, 2, 3, 3, 3, 3, 3, 3, 3, 3, 2, 3, 3, 3, 3, 3, 3, 3, 3, 3, 3, 3, 3, 3, 3, 3, 3, 3, 3, 3, 3, 3, 3, 3, 3, 3, 3, 3, 3, 3, 3, 3, 3, 3, 3, 3, 3] 
triadag10_7.txt 3_2x2.txt True 0.2 0.2 639.0 [3, 3, 3, 3, 2, 3, 3, 2, 3, 3, 3, 3, 3, 2, 3, 3, 2, 3, 3, 1, 3, 2, 3, 3, 2, 3, 3, 1, 1, 1, 1, 1, 1, 1, 1, 1, 1, 1, 1, 1, 1, 1, 1, 1, 1, 0, 1, 1, 1, 0, 0, 0, 0, 0, 0] 
triadag10_7.txt 3_2x2.txt True 0.3 0.3 411.5 [0, 0, 3, 0, 0, 0, 1, 1, 1, 1, 0, 3, 0, 0, 0, 1, 1, 1, 1, 3, 0, 0, 0, 1, 1, 1, 1, 3, 3, 3, 3, 1, 3, 3, 2, 3, 3, 3, 3, 3, 2, 2, 3, 2, 3, 2, 2, 2, 2, 2, 2, 2, 2, 2, 2] 
triadag10_7.txt 3_2x2.txt True 0.3 0.4 411.5 [0, 0, 3, 0, 0, 0, 1, 1, 1, 1, 0, 3, 0, 0, 0, 1, 1, 1, 1, 3, 0, 0, 0, 1, 1, 1, 1, 3, 3, 3, 3, 1, 3, 3, 2, 3, 3, 3, 3, 3, 2, 2, 3, 2, 3, 2, 2, 2, 2, 2, 2, 2, 2, 2, 2] 
triadag10_7.txt 3_2x2.txt True 0.3 0.5 411.5 [0, 0, 3, 0, 0, 0, 1, 1, 1, 1, 0, 3, 0, 0, 0, 1, 1, 1, 1, 3, 0, 0, 0, 1, 1, 1, 1, 3, 3, 3, 3, 1, 3, 3, 2, 3, 3, 3, 3, 3, 2, 2, 3, 2, 3, 2, 2, 2, 2, 2, 2, 2, 2, 2, 2] 
triadag10_7.txt 3_2x2.txt True 0.3 0.6 411.5 [0, 0, 3, 0, 0, 0, 1, 1, 1, 1, 0, 3, 0, 0, 0, 1, 1, 1, 1, 3, 0, 0, 0, 1, 1, 1, 1, 3, 3, 3, 3, 1, 3, 3, 2, 3, 3, 3, 3, 3, 2, 2, 3, 2, 3, 2, 2, 2, 2, 2, 2, 2, 2, 2, 2] 
triadag10_7.txt 3_2x2.txt True 0.3 0.7 411.5 [0, 0, 3, 0, 0, 0, 1, 1, 1, 1, 0, 3, 0, 0, 0, 1, 1, 1, 1, 3, 0, 0, 0, 1, 1, 1, 1, 3, 3, 3, 3, 1, 3, 3, 2, 3, 3, 3, 3, 3, 2, 2, 3, 2, 3, 2, 2, 2, 2, 2, 2, 2, 2, 2, 2] 
triadag10_7.txt 3_2x2.txt True 0.3 1 411.5 [0, 0, 3, 0, 0, 0, 1, 1, 1, 1, 0, 3, 0, 0, 0, 1, 1, 1, 1, 3, 0, 0, 0, 1, 1, 1, 1, 3, 3, 3, 3, 1, 3, 3, 2, 3, 3, 3, 3, 3, 2, 2, 3, 2, 3, 2, 2, 2, 2, 2, 2, 2, 2, 2, 2] 
triadag10_7.txt 3_2x1.txt True 0.0 0.07 1622.0 [1, 1, 1, 1, 1, 1, 1, 1, 1, 1, 1, 1, 1, 1, 1, 1, 1, 1, 1, 1, 1, 1, 1, 1, 1, 1, 1, 1, 1, 1, 1, 1, 1, 1, 1, 1, 1, 1, 1, 1, 1, 1, 1, 1, 1, 1, 1, 1, 1, 1, 1, 1, 1, 1, 1] 
triadag10_7.txt 3_2x1.txt True 0.1 0.1 796.0 [1, 1, 0, 1, 1, 1, 1, 1, 1, 1, 1, 0, 1, 1, 1, 1, 1, 1, 1, 0, 1, 1, 1, 1, 1, 1, 1, 0, 0, 0, 0, 0, 0, 0, 0, 0, 0, 0, 0, 0, 0, 0, 0, 0, 0, 0, 0, 0, 0, 0, 0, 0, 0, 0, 0] 
triadag10_7.txt 3_2x1.txt True 0.12222222222222222 0.15 809.0 [0, 0, 1, 0, 0, 0, 0, 0, 0, 0, 0, 1, 0, 0, 0, 0, 0, 0, 0, 1, 0, 0, 0, 0, 0, 0, 0, 1, 1, 1, 1, 0, 1, 0, 1, 1, 1, 1, 1, 1, 1, 1, 1, 1, 1, 1, 1, 1, 1, 1, 1, 1, 1, 1, 1] 
triadag10_7.txt 3_2x1.txt True 0.18888888888888888 0.2 811.5 [1, 1, 1, 1, 1, 1, 1, 1, 1, 1, 1, 1, 1, 1, 1, 1, 1, 1, 1, 0, 1, 1, 1, 1, 0, 1, 0, 1, 0, 0, 0, 0, 0, 0, 0, 0, 0, 0, 0, 0, 0, 0, 0, 0, 0, 0, 0, 0, 0, 0, 0, 0, 0, 0, 0] 
triadag10_7.txt 3_2x1.txt True 0.18888888888888888 0.3 811.5 [1, 1, 1, 1, 1, 1, 1, 1, 1, 1, 1, 1, 1, 1, 1, 1, 1, 1, 1, 0, 1, 1, 1, 1, 0, 1, 0, 1, 0, 0, 0, 0, 0, 0, 0, 0, 0, 0, 0, 0, 0, 0, 0, 0, 0, 0, 0, 0, 0, 0, 0, 0, 0, 0, 0] 
triadag10_7.txt 3_2x1.txt True 0.18888888888888888 0.4 811.5 [1, 1, 1, 1, 1, 1, 1, 1, 1, 1, 1, 1, 1, 1, 1, 1, 1, 1, 1, 0, 1, 1, 1, 1, 0, 1, 0, 1, 0, 0, 0, 0, 0, 0, 0, 0, 0, 0, 0, 0, 0, 0, 0, 0, 0, 0, 0, 0, 0, 0, 0, 0, 0, 0, 0] 
triadag10_7.txt 3_2x1.txt True 0.18888888888888888 0.5 811.5 [1, 1, 1, 1, 1, 1, 1, 1, 1, 1, 1, 1, 1, 1, 1, 1, 1, 1, 1, 0, 1, 1, 1, 1, 0, 1, 0, 1, 0, 0, 0, 0, 0, 0, 0, 0, 0, 0, 0, 0, 0, 0, 0, 0, 0, 0, 0, 0, 0, 0, 0, 0, 0, 0, 0] 
triadag10_7.txt 3_2x1.txt True 0.18888888888888888 0.6 811.5 [1, 1, 1, 1, 1, 1, 1, 1, 1, 1, 1, 1, 1, 1, 1, 1, 1, 1, 1, 0, 1, 1, 1, 1, 0, 1, 0, 1, 0, 0, 0, 0, 0, 0, 0, 0, 0, 0, 0, 0, 0, 0, 0, 0, 0, 0, 0, 0, 0, 0, 0, 0, 0, 0, 0] 
triadag10_7.txt 3_2x1.txt True 0.18888888888888888 0.7 811.5 [1, 1, 1, 1, 1, 1, 1, 1, 1, 1, 1, 1, 1, 1, 1, 1, 1, 1, 1, 0, 1, 1, 1, 1, 0, 1, 0, 1, 0, 0, 0, 0, 0, 0, 0, 0, 0, 0, 0, 0, 0, 0, 0, 0, 0, 0, 0, 0, 0, 0, 0, 0, 0, 0, 0] 
triadag10_7.txt 3_2x1.txt True 0.18888888888888888 1 811.5 [1, 1, 1, 1, 1, 1, 1, 1, 1, 1, 1, 1, 1, 1, 1, 1, 1, 1, 1, 0, 1, 1, 1, 1, 0, 1, 0, 1, 0, 0, 0, 0, 0, 0, 0, 0, 0, 0, 0, 0, 0, 0, 0, 0, 0, 0, 0, 0, 0, 0, 0, 0, 0, 0, 0] 
triadag10_7.txt 3_2x4.txt True 0.0 0.07 811.0 [7, 7, 7, 7, 7, 7, 7, 7, 7, 7, 7, 7, 7, 7, 7, 7, 7, 7, 7, 7, 7, 7, 7, 7, 7, 7, 7, 7, 7, 7, 7, 7, 7, 7, 7, 7, 7, 7, 7, 7, 7, 7, 7, 7, 7, 7, 7, 7, 7, 7, 7, 7, 7, 7, 7] 
triadag10_7.txt 3_2x4.txt True 0.07777777777777778 0.08 720.5 [7, 7, 7, 7, 7, 1, 7, 4, 7, 7, 7, 7, 7, 7, 1, 6, 4, 7, 7, 7, 7, 7, 7, 7, 7, 7, 7, 7, 7, 7, 7, 7, 7, 7, 7, 7, 7, 7, 7, 7, 7, 7, 7, 7, 7, 7, 7, 7, 7, 7, 7, 7, 7, 7, 7] 
triadag10_7.txt 3_2x4.txt True 0.07777777777777778 0.09 720.5 [7, 7, 7, 7, 7, 1, 7, 4, 7, 7, 7, 7, 7, 7, 1, 6, 4, 7, 7, 7, 7, 7, 7, 7, 7, 7, 7, 7, 7, 7, 7, 7, 7, 7, 7, 7, 7, 7, 7, 7, 7, 7, 7, 7, 7, 7, 7, 7, 7, 7, 7, 7, 7, 7, 7] 
triadag10_7.txt 3_2x4.txt True 0.07777777777777778 0.1 720.5 [7, 7, 7, 7, 7, 1, 7, 4, 7, 7, 7, 7, 7, 7, 1, 6, 4, 7, 7, 7, 7, 7, 7, 7, 7, 7, 7, 7, 7, 7, 7, 7, 7, 7, 7, 7, 7, 7, 7, 7, 7, 7, 7, 7, 7, 7, 7, 7, 7, 7, 7, 7, 7, 7, 7] 
triadag10_7.txt 3_2x4.txt True 0.07777777777777778 0.11 720.5 [7, 7, 7, 7, 7, 1, 7, 4, 7, 7, 7, 7, 7, 7, 1, 6, 4, 7, 7, 7, 7, 7, 7, 7, 7, 7, 7, 7, 7, 7, 7, 7, 7, 7, 7, 7, 7, 7, 7, 7, 7, 7, 7, 7, 7, 7, 7, 7, 7, 7, 7, 7, 7, 7, 7] 
triadag10_7.txt 3_2x4.txt True 0.07777777777777778 0.12 720.5 [7, 7, 7, 7, 7, 1, 7, 4, 7, 7, 7, 7, 7, 7, 1, 6, 4, 7, 7, 7, 7, 7, 7, 7, 7, 7, 7, 7, 7, 7, 7, 7, 7, 7, 7, 7, 7, 7, 7, 7, 7, 7, 7, 7, 7, 7, 7, 7, 7, 7, 7, 7, 7, 7, 7] 
triadag10_7.txt 3_2x4.txt True 0.07777777777777778 0.13 720.5 [7, 7, 7, 7, 7, 1, 7, 4, 7, 7, 7, 7, 7, 7, 1, 6, 4, 7, 7, 7, 7, 7, 7, 7, 7, 7, 7, 7, 7, 7, 7, 7, 7, 7, 7, 7, 7, 7, 7, 7, 7, 7, 7, 7, 7, 7, 7, 7, 7, 7, 7, 7, 7, 7, 7] 
triadag10_7.txt 3_2x4.txt True 0.07777777777777778 0.14 720.5 [7, 7, 7, 7, 7, 1, 7, 4, 7, 7, 7, 7, 7, 7, 1, 6, 4, 7, 7, 7, 7, 7, 7, 7, 7, 7, 7, 7, 7, 7, 7, 7, 7, 7, 7, 7, 7, 7, 7, 7, 7, 7, 7, 7, 7, 7, 7, 7, 7, 7, 7, 7, 7, 7, 7] 
triadag10_7.txt 3_2x4.txt True 0.07777777777777778 0.15 720.5 [7, 7, 7, 7, 7, 1, 7, 4, 7, 7, 7, 7, 7, 7, 1, 6, 4, 7, 7, 7, 7, 7, 7, 7, 7, 7, 7, 7, 7, 7, 7, 7, 7, 7, 7, 7, 7, 7, 7, 7, 7, 7, 7, 7, 7, 7, 7, 7, 7, 7, 7, 7, 7, 7, 7] 
triadag10_7.txt 3_2x4.txt True 0.07777777777777778 0.16 720.5 [7, 7, 7, 7, 7, 1, 7, 4, 7, 7, 7, 7, 7, 7, 1, 6, 4, 7, 7, 7, 7, 7, 7, 7, 7, 7, 7, 7, 7, 7, 7, 7, 7, 7, 7, 7, 7, 7, 7, 7, 7, 7, 7, 7, 7, 7, 7, 7, 7, 7, 7, 7, 7, 7, 7] 
triadag10_7.txt 3_2x4.txt True 0.07777777777777778 0.17 720.5 [7, 7, 7, 7, 7, 1, 7, 4, 7, 7, 7, 7, 7, 7, 1, 6, 4, 7, 7, 7, 7, 7, 7, 7, 7, 7, 7, 7, 7, 7, 7, 7, 7, 7, 7, 7, 7, 7, 7, 7, 7, 7, 7, 7, 7, 7, 7, 7, 7, 7, 7, 7, 7, 7, 7] 
triadag10_7.txt 3_2x4.txt True 0.17777777777777778 0.18 567.0 [7, 7, 7, 7, 7, 1, 6, 4, 7, 7, 7, 7, 7, 7, 1, 6, 4, 7, 7, 7, 7, 7, 1, 6, 4, 7, 7, 7, 7, 7, 6, 4, 7, 7, 7, 7, 6, 4, 7, 7, 7, 6, 4, 7, 7, 7, 4, 7, 7, 7, 7, 7, 7, 7, 7] 
triadag10_7.txt 3_2x4.txt True 0.17777777777777778 0.19 567.0 [7, 7, 7, 7, 7, 1, 6, 4, 7, 7, 7, 7, 7, 7, 1, 6, 4, 7, 7, 7, 7, 7, 1, 6, 4, 7, 7, 7, 7, 7, 6, 4, 7, 7, 7, 7, 6, 4, 7, 7, 7, 6, 4, 7, 7, 7, 4, 7, 7, 7, 7, 7, 7, 7, 7] 
triadag10_7.txt 3_2x4.txt True 0.17777777777777778 0.2 567.0 [7, 7, 7, 7, 7, 1, 6, 4, 7, 7, 7, 7, 7, 7, 1, 6, 4, 7, 7, 7, 7, 7, 1, 6, 4, 7, 7, 7, 7, 7, 6, 4, 7, 7, 7, 7, 6, 4, 7, 7, 7, 6, 4, 7, 7, 7, 4, 7, 7, 7, 7, 7, 7, 7, 7] 
triadag10_7.txt 3_2x4.txt True 0.2222222222222222 0.25 515.5 [7, 7, 7, 7, 7, 1, 6, 4, 7, 7, 7, 7, 7, 7, 1, 6, 4, 7, 7, 7, 7, 7, 1, 6, 4, 7, 7, 7, 7, 1, 6, 4, 7, 7, 7, 1, 6, 4, 7, 7, 7, 6, 4, 7, 7, 7, 4, 7, 7, 4, 7, 7, 7, 7, 7] 
triadag10_7.txt 3_2x4.txt True 0.28888888888888886 0.3 215.75 [7, 5, 7, 2, 7, 6, 7, 7, 7, 4, 5, 7, 2, 7, 6, 7, 7, 7, 4, 5, 2, 5, 5, 5, 5, 5, 5, 3, 5, 5, 5, 5, 5, 5, 3, 3, 3, 3, 3, 3, 3, 3, 3, 3, 3, 3, 3, 3, 3, 0, 3, 3, 0, 1, 1] 
triadag10_7.txt 3_2x4.txt True 0.28888888888888886 0.35 215.75 [7, 5, 7, 2, 7, 6, 7, 7, 7, 4, 5, 7, 2, 7, 6, 7, 7, 7, 4, 5, 2, 5, 5, 5, 5, 5, 5, 3, 5, 5, 5, 5, 5, 5, 3, 3, 3, 3, 3, 3, 3, 3, 3, 3, 3, 3, 3, 3, 3, 0, 3, 3, 0, 1, 1] 
triadag10_7.txt 3_2x4.txt True 0.37777777777777777 0.4 471.0 [3, 3, 4, 2, 0, 4, 2, 1, 3, 1, 3, 4, 2, 0, 4, 2, 3, 3, 1, 5, 2, 0, 4, 2, 3, 3, 1, 5, 0, 4, 5, 5, 5, 5, 6, 4, 5, 5, 5, 5, 6, 6, 6, 6, 6, 6, 6, 6, 6, 7, 6, 7, 7, 7, 7] 
triadag10_7.txt 3_2x4.txt True 0.4444444444444444 0.45 431.0 [7, 5, 1, 6, 4, 5, 7, 4, 7, 6, 5, 1, 6, 4, 5, 7, 4, 7, 6, 1, 6, 4, 5, 7, 4, 5, 6, 0, 1, 1, 1, 3, 5, 6, 0, 0, 0, 3, 0, 0, 3, 0, 3, 0, 0, 2, 3, 3, 3, 2, 2, 3, 2, 2, 2] 
triadag10_7.txt 3_2x4.txt True 0.4777777777777778 0.5 418.0 [2, 0, 2, 4, 7, 3, 0, 2, 3, 3, 1, 2, 4, 7, 3, 0, 2, 2, 3, 1, 4, 7, 1, 0, 1, 2, 1, 4, 7, 1, 0, 1, 1, 1, 7, 5, 4, 4, 4, 5, 5, 4, 4, 5, 7, 6, 7, 5, 5, 6, 5, 6, 6, 6, 6] 
triadag10_7.txt 3_2x4.txt True 0.4777777777777778 0.55 418.0 [2, 0, 2, 4, 7, 3, 0, 2, 3, 3, 1, 2, 4, 7, 3, 0, 2, 2, 3, 1, 4, 7, 1, 0, 1, 2, 1, 4, 7, 1, 0, 1, 1, 1, 7, 5, 4, 4, 4, 5, 5, 4, 4, 5, 7, 6, 7, 5, 5, 6, 5, 6, 6, 6, 6] 
triadag10_7.txt 3_2x4.txt True 0.4777777777777778 0.6 418.0 [2, 0, 2, 4, 7, 3, 0, 2, 3, 3, 1, 2, 4, 7, 3, 0, 2, 2, 3, 1, 4, 7, 1, 0, 1, 2, 1, 4, 7, 1, 0, 1, 1, 1, 7, 5, 4, 4, 4, 5, 5, 4, 4, 5, 7, 6, 7, 5, 5, 6, 5, 6, 6, 6, 6] 
triadag10_7.txt 3_2x4.txt True 0.4777777777777778 0.65 418.0 [2, 0, 2, 4, 7, 3, 0, 2, 3, 3, 1, 2, 4, 7, 3, 0, 2, 2, 3, 1, 4, 7, 1, 0, 1, 2, 1, 4, 7, 1, 0, 1, 1, 1, 7, 5, 4, 4, 4, 5, 5, 4, 4, 5, 7, 6, 7, 5, 5, 6, 5, 6, 6, 6, 6] 
triadag10_7.txt 3_2x4.txt True 0.4777777777777778 0.7 418.0 [2, 0, 2, 4, 7, 3, 0, 2, 3, 3, 1, 2, 4, 7, 3, 0, 2, 2, 3, 1, 4, 7, 1, 0, 1, 2, 1, 4, 7, 1, 0, 1, 1, 1, 7, 5, 4, 4, 4, 5, 5, 4, 4, 5, 7, 6, 7, 5, 5, 6, 5, 6, 6, 6, 6] 
triadag10_7.txt 3_2x4.txt True 0.4777777777777778 0.75 418.0 [2, 0, 2, 4, 7, 3, 0, 2, 3, 3, 1, 2, 4, 7, 3, 0, 2, 2, 3, 1, 4, 7, 1, 0, 1, 2, 1, 4, 7, 1, 0, 1, 1, 1, 7, 5, 4, 4, 4, 5, 5, 4, 4, 5, 7, 6, 7, 5, 5, 6, 5, 6, 6, 6, 6] 
triadag10_7.txt 3_2x4.txt True 0.4777777777777778 0.8 418.0 [2, 0, 2, 4, 7, 3, 0, 2, 3, 3, 1, 2, 4, 7, 3, 0, 2, 2, 3, 1, 4, 7, 1, 0, 1, 2, 1, 4, 7, 1, 0, 1, 1, 1, 7, 5, 4, 4, 4, 5, 5, 4, 4, 5, 7, 6, 7, 5, 5, 6, 5, 6, 6, 6, 6] 
triadag10_7.txt 3_2x4.txt True 0.4777777777777778 0.85 418.0 [2, 0, 2, 4, 7, 3, 0, 2, 3, 3, 1, 2, 4, 7, 3, 0, 2, 2, 3, 1, 4, 7, 1, 0, 1, 2, 1, 4, 7, 1, 0, 1, 1, 1, 7, 5, 4, 4, 4, 5, 5, 4, 4, 5, 7, 6, 7, 5, 5, 6, 5, 6, 6, 6, 6] 
triadag10_7.txt 3_2x4.txt True 0.4777777777777778 0.9 418.0 [2, 0, 2, 4, 7, 3, 0, 2, 3, 3, 1, 2, 4, 7, 3, 0, 2, 2, 3, 1, 4, 7, 1, 0, 1, 2, 1, 4, 7, 1, 0, 1, 1, 1, 7, 5, 4, 4, 4, 5, 5, 4, 4, 5, 7, 6, 7, 5, 5, 6, 5, 6, 6, 6, 6] 
triadag10_7.txt 3_2x4.txt True 0.4777777777777778 0.95 418.0 [2, 0, 2, 4, 7, 3, 0, 2, 3, 3, 1, 2, 4, 7, 3, 0, 2, 2, 3, 1, 4, 7, 1, 0, 1, 2, 1, 4, 7, 1, 0, 1, 1, 1, 7, 5, 4, 4, 4, 5, 5, 4, 4, 5, 7, 6, 7, 5, 5, 6, 5, 6, 6, 6, 6] 
triadag10_7.txt 3_2x4.txt True 0.4777777777777778 1 418.0 [2, 0, 2, 4, 7, 3, 0, 2, 3, 3, 1, 2, 4, 7, 3, 0, 2, 2, 3, 1, 4, 7, 1, 0, 1, 2, 1, 4, 7, 1, 0, 1, 1, 1, 7, 5, 4, 4, 4, 5, 5, 4, 4, 5, 7, 6, 7, 5, 5, 6, 5, 6, 6, 6, 6] 
triadag10_7.txt 100_1x1.txt True 0.0 0.07 3244.0 [1, 1, 1, 1, 1, 1, 1, 1, 1, 1, 1, 1, 1, 1, 1, 1, 1, 1, 1, 1, 1, 1, 1, 1, 1, 1, 1, 1, 1, 1, 1, 1, 1, 1, 1, 1, 1, 1, 1, 1, 1, 1, 1, 1, 1, 1, 1, 1, 1, 1, 1, 1, 1, 1, 1] 
triadag10_7.txt 100_1x1.txt True 0.07777777777777778 0.08 2388.0 [1, 1, 1, 1, 1, 1, 1, 1, 1, 1, 1, 1, 1, 1, 1, 1, 1, 1, 1, 1, 1, 1, 1, 1, 1, 1, 1, 1, 1, 1, 1, 1, 1, 1, 0, 1, 1, 1, 1, 1, 0, 0, 0, 0, 0, 0, 0, 0, 0, 0, 0, 0, 0, 0, 0] 
triadag10_7.txt 100_1x1.txt True 0.08888888888888889 0.09 2065.0 [1, 1, 1, 1, 1, 1, 1, 1, 1, 1, 1, 1, 1, 1, 1, 1, 1, 1, 1, 1, 1, 1, 1, 1, 1, 1, 1, 0, 1, 1, 1, 1, 1, 1, 0, 0, 0, 0, 0, 0, 0, 0, 0, 0, 0, 0, 0, 0, 0, 0, 0, 0, 0, 0, 0] 
triadag10_7.txt 100_1x1.txt True 0.1 0.1 1592.0 [1, 1, 0, 1, 1, 1, 1, 1, 1, 1, 1, 0, 1, 1, 1, 1, 1, 1, 1, 0, 1, 1, 1, 1, 1, 1, 1, 0, 0, 0, 0, 0, 0, 0, 0, 0, 0, 0, 0, 0, 0, 0, 0, 0, 0, 0, 0, 0, 0, 0, 0, 0, 0, 0, 0] 
triadag10_7.txt 100_1x1.txt True 0.1 0.11 1592.0 [1, 1, 0, 1, 1, 1, 1, 1, 1, 1, 1, 0, 1, 1, 1, 1, 1, 1, 1, 0, 1, 1, 1, 1, 1, 1, 1, 0, 0, 0, 0, 0, 0, 0, 0, 0, 0, 0, 0, 0, 0, 0, 0, 0, 0, 0, 0, 0, 0, 0, 0, 0, 0, 0, 0] 
triadag10_7.txt 100_1x1.txt True 0.1111111111111111 0.12 1616.0 [1, 1, 0, 1, 1, 1, 1, 1, 1, 1, 1, 0, 1, 1, 1, 1, 1, 1, 1, 0, 1, 1, 1, 1, 1, 1, 1, 0, 0, 0, 0, 0, 0, 1, 0, 0, 0, 0, 0, 0, 0, 0, 0, 0, 0, 0, 0, 0, 0, 0, 0, 0, 0, 0, 0] 
triadag10_7.txt 100_1x1.txt True 0.12222222222222222 0.13 1618.0 [0, 0, 1, 0, 0, 0, 0, 0, 0, 0, 0, 1, 0, 0, 0, 0, 0, 0, 0, 1, 0, 0, 0, 0, 0, 0, 0, 1, 1, 1, 1, 0, 1, 0, 1, 1, 1, 1, 1, 1, 1, 1, 1, 1, 1, 1, 1, 1, 1, 1, 1, 1, 1, 1, 1] 
triadag10_7.txt 100_1x1.txt True 0.12222222222222222 0.14 1618.0 [0, 0, 1, 0, 0, 0, 0, 0, 0, 0, 0, 1, 0, 0, 0, 0, 0, 0, 0, 1, 0, 0, 0, 0, 0, 0, 0, 1, 1, 1, 1, 0, 1, 0, 1, 1, 1, 1, 1, 1, 1, 1, 1, 1, 1, 1, 1, 1, 1, 1, 1, 1, 1, 1, 1] 
triadag10_7.txt 100_1x1.txt True 0.12222222222222222 0.15 1618.0 [0, 0, 1, 0, 0, 0, 0, 0, 0, 0, 0, 1, 0, 0, 0, 0, 0, 0, 0, 1, 0, 0, 0, 0, 0, 0, 0, 1, 1, 1, 1, 0, 1, 0, 1, 1, 1, 1, 1, 1, 1, 1, 1, 1, 1, 1, 1, 1, 1, 1, 1, 1, 1, 1, 1] 
triadag10_7.txt 100_1x1.txt True 0.12222222222222222 0.16 1618.0 [0, 0, 1, 0, 0, 0, 0, 0, 0, 0, 0, 1, 0, 0, 0, 0, 0, 0, 0, 1, 0, 0, 0, 0, 0, 0, 0, 1, 1, 1, 1, 0, 1, 0, 1, 1, 1, 1, 1, 1, 1, 1, 1, 1, 1, 1, 1, 1, 1, 1, 1, 1, 1, 1, 1] 
triadag10_7.txt 100_1x1.txt True 0.12222222222222222 0.17 1618.0 [0, 0, 1, 0, 0, 0, 0, 0, 0, 0, 0, 1, 0, 0, 0, 0, 0, 0, 0, 1, 0, 0, 0, 0, 0, 0, 0, 1, 1, 1, 1, 0, 1, 0, 1, 1, 1, 1, 1, 1, 1, 1, 1, 1, 1, 1, 1, 1, 1, 1, 1, 1, 1, 1, 1] 
triadag10_7.txt 100_1x1.txt True 0.12222222222222222 0.18 1618.0 [0, 0, 1, 0, 0, 0, 0, 0, 0, 0, 0, 1, 0, 0, 0, 0, 0, 0, 0, 1, 0, 0, 0, 0, 0, 0, 0, 1, 1, 1, 1, 0, 1, 0, 1, 1, 1, 1, 1, 1, 1, 1, 1, 1, 1, 1, 1, 1, 1, 1, 1, 1, 1, 1, 1] 
triadag10_7.txt 100_1x1.txt True 0.18888888888888888 0.19 1623.0 [1, 1, 1, 1, 1, 1, 1, 1, 1, 1, 1, 1, 1, 1, 1, 1, 1, 1, 1, 0, 1, 1, 1, 1, 0, 1, 0, 1, 0, 0, 0, 0, 0, 0, 0, 0, 0, 0, 0, 0, 0, 0, 0, 0, 0, 0, 0, 0, 0, 0, 0, 0, 0, 0, 0] 
triadag10_7.txt 100_1x1.txt True 0.18888888888888888 0.2 1623.0 [1, 1, 1, 1, 1, 1, 1, 1, 1, 1, 1, 1, 1, 1, 1, 1, 1, 1, 1, 0, 1, 1, 1, 1, 0, 1, 0, 1, 0, 0, 0, 0, 0, 0, 0, 0, 0, 0, 0, 0, 0, 0, 0, 0, 0, 0, 0, 0, 0, 0, 0, 0, 0, 0, 0] 
triadag10_7.txt 100_1x1.txt True 0.18888888888888888 0.25 1623.0 [1, 1, 1, 1, 1, 1, 1, 1, 1, 1, 1, 1, 1, 1, 1, 1, 1, 1, 1, 0, 1, 1, 1, 1, 0, 1, 0, 1, 0, 0, 0, 0, 0, 0, 0, 0, 0, 0, 0, 0, 0, 0, 0, 0, 0, 0, 0, 0, 0, 0, 0, 0, 0, 0, 0] 
triadag10_7.txt 100_1x1.txt True 0.18888888888888888 0.3 1623.0 [1, 1, 1, 1, 1, 1, 1, 1, 1, 1, 1, 1, 1, 1, 1, 1, 1, 1, 1, 0, 1, 1, 1, 1, 0, 1, 0, 1, 0, 0, 0, 0, 0, 0, 0, 0, 0, 0, 0, 0, 0, 0, 0, 0, 0, 0, 0, 0, 0, 0, 0, 0, 0, 0, 0] 
triadag10_7.txt 100_1x1.txt True 0.18888888888888888 0.35 1623.0 [1, 1, 1, 1, 1, 1, 1, 1, 1, 1, 1, 1, 1, 1, 1, 1, 1, 1, 1, 0, 1, 1, 1, 1, 0, 1, 0, 1, 0, 0, 0, 0, 0, 0, 0, 0, 0, 0, 0, 0, 0, 0, 0, 0, 0, 0, 0, 0, 0, 0, 0, 0, 0, 0, 0] 
triadag10_7.txt 100_1x1.txt True 0.18888888888888888 0.4 1623.0 [1, 1, 1, 1, 1, 1, 1, 1, 1, 1, 1, 1, 1, 1, 1, 1, 1, 1, 1, 0, 1, 1, 1, 1, 0, 1, 0, 1, 0, 0, 0, 0, 0, 0, 0, 0, 0, 0, 0, 0, 0, 0, 0, 0, 0, 0, 0, 0, 0, 0, 0, 0, 0, 0, 0] 
triadag10_7.txt 100_1x1.txt True 0.18888888888888888 0.45 1623.0 [1, 1, 1, 1, 1, 1, 1, 1, 1, 1, 1, 1, 1, 1, 1, 1, 1, 1, 1, 0, 1, 1, 1, 1, 0, 1, 0, 1, 0, 0, 0, 0, 0, 0, 0, 0, 0, 0, 0, 0, 0, 0, 0, 0, 0, 0, 0, 0, 0, 0, 0, 0, 0, 0, 0] 
triadag10_7.txt 100_1x1.txt True 0.18888888888888888 0.5 1623.0 [1, 1, 1, 1, 1, 1, 1, 1, 1, 1, 1, 1, 1, 1, 1, 1, 1, 1, 1, 0, 1, 1, 1, 1, 0, 1, 0, 1, 0, 0, 0, 0, 0, 0, 0, 0, 0, 0, 0, 0, 0, 0, 0, 0, 0, 0, 0, 0, 0, 0, 0, 0, 0, 0, 0] 
triadag10_7.txt 100_1x1.txt True 0.18888888888888888 0.55 1623.0 [1, 1, 1, 1, 1, 1, 1, 1, 1, 1, 1, 1, 1, 1, 1, 1, 1, 1, 1, 0, 1, 1, 1, 1, 0, 1, 0, 1, 0, 0, 0, 0, 0, 0, 0, 0, 0, 0, 0, 0, 0, 0, 0, 0, 0, 0, 0, 0, 0, 0, 0, 0, 0, 0, 0] 
triadag10_7.txt 100_1x1.txt True 0.18888888888888888 0.6 1623.0 [1, 1, 1, 1, 1, 1, 1, 1, 1, 1, 1, 1, 1, 1, 1, 1, 1, 1, 1, 0, 1, 1, 1, 1, 0, 1, 0, 1, 0, 0, 0, 0, 0, 0, 0, 0, 0, 0, 0, 0, 0, 0, 0, 0, 0, 0, 0, 0, 0, 0, 0, 0, 0, 0, 0] 
triadag10_7.txt 100_1x1.txt True 0.18888888888888888 0.65 1623.0 [1, 1, 1, 1, 1, 1, 1, 1, 1, 1, 1, 1, 1, 1, 1, 1, 1, 1, 1, 0, 1, 1, 1, 1, 0, 1, 0, 1, 0, 0, 0, 0, 0, 0, 0, 0, 0, 0, 0, 0, 0, 0, 0, 0, 0, 0, 0, 0, 0, 0, 0, 0, 0, 0, 0] 
triadag10_7.txt 100_1x1.txt True 0.18888888888888888 0.7 1623.0 [1, 1, 1, 1, 1, 1, 1, 1, 1, 1, 1, 1, 1, 1, 1, 1, 1, 1, 1, 0, 1, 1, 1, 1, 0, 1, 0, 1, 0, 0, 0, 0, 0, 0, 0, 0, 0, 0, 0, 0, 0, 0, 0, 0, 0, 0, 0, 0, 0, 0, 0, 0, 0, 0, 0] 
triadag10_7.txt 100_1x1.txt True 0.18888888888888888 0.75 1623.0 [1, 1, 1, 1, 1, 1, 1, 1, 1, 1, 1, 1, 1, 1, 1, 1, 1, 1, 1, 0, 1, 1, 1, 1, 0, 1, 0, 1, 0, 0, 0, 0, 0, 0, 0, 0, 0, 0, 0, 0, 0, 0, 0, 0, 0, 0, 0, 0, 0, 0, 0, 0, 0, 0, 0] 
triadag10_7.txt 100_1x1.txt True 0.18888888888888888 0.8 1623.0 [1, 1, 1, 1, 1, 1, 1, 1, 1, 1, 1, 1, 1, 1, 1, 1, 1, 1, 1, 0, 1, 1, 1, 1, 0, 1, 0, 1, 0, 0, 0, 0, 0, 0, 0, 0, 0, 0, 0, 0, 0, 0, 0, 0, 0, 0, 0, 0, 0, 0, 0, 0, 0, 0, 0] 
triadag10_7.txt 100_1x1.txt True 0.18888888888888888 0.85 1623.0 [1, 1, 1, 1, 1, 1, 1, 1, 1, 1, 1, 1, 1, 1, 1, 1, 1, 1, 1, 0, 1, 1, 1, 1, 0, 1, 0, 1, 0, 0, 0, 0, 0, 0, 0, 0, 0, 0, 0, 0, 0, 0, 0, 0, 0, 0, 0, 0, 0, 0, 0, 0, 0, 0, 0] 
triadag10_7.txt 100_1x1.txt True 0.18888888888888888 0.9 1623.0 [1, 1, 1, 1, 1, 1, 1, 1, 1, 1, 1, 1, 1, 1, 1, 1, 1, 1, 1, 0, 1, 1, 1, 1, 0, 1, 0, 1, 0, 0, 0, 0, 0, 0, 0, 0, 0, 0, 0, 0, 0, 0, 0, 0, 0, 0, 0, 0, 0, 0, 0, 0, 0, 0, 0] 
triadag10_7.txt 100_1x1.txt True 0.18888888888888888 0.95 1623.0 [1, 1, 1, 1, 1, 1, 1, 1, 1, 1, 1, 1, 1, 1, 1, 1, 1, 1, 1, 0, 1, 1, 1, 1, 0, 1, 0, 1, 0, 0, 0, 0, 0, 0, 0, 0, 0, 0, 0, 0, 0, 0, 0, 0, 0, 0, 0, 0, 0, 0, 0, 0, 0, 0, 0] 
triadag10_7.txt 100_1x1.txt True 0.18888888888888888 1 1623.0 [1, 1, 1, 1, 1, 1, 1, 1, 1, 1, 1, 1, 1, 1, 1, 1, 1, 1, 1, 0, 1, 1, 1, 1, 0, 1, 0, 1, 0, 0, 0, 0, 0, 0, 0, 0, 0, 0, 0, 0, 0, 0, 0, 0, 0, 0, 0, 0, 0, 0, 0, 0, 0, 0, 0] 
triadag10_7.txt 1234x1.txt True 0.022222222222222223 0.07 764.5 [3, 3, 3, 3, 3, 3, 3, 3, 3, 2, 3, 3, 3, 3, 3, 3, 3, 3, 2, 3, 3, 3, 3, 3, 3, 3, 3, 3, 3, 3, 3, 3, 3, 3, 3, 3, 3, 3, 3, 3, 3, 3, 3, 3, 3, 3, 3, 3, 3, 3, 3, 3, 3, 3, 3] 
triadag10_7.txt 1234x1.txt True 0.022222222222222223 0.08 764.5 [3, 3, 3, 3, 3, 3, 3, 3, 3, 2, 3, 3, 3, 3, 3, 3, 3, 3, 2, 3, 3, 3, 3, 3, 3, 3, 3, 3, 3, 3, 3, 3, 3, 3, 3, 3, 3, 3, 3, 3, 3, 3, 3, 3, 3, 3, 3, 3, 3, 3, 3, 3, 3, 3, 3] 
triadag10_7.txt 1234x1.txt True 0.022222222222222223 0.09 764.5 [3, 3, 3, 3, 3, 3, 3, 3, 3, 2, 3, 3, 3, 3, 3, 3, 3, 3, 2, 3, 3, 3, 3, 3, 3, 3, 3, 3, 3, 3, 3, 3, 3, 3, 3, 3, 3, 3, 3, 3, 3, 3, 3, 3, 3, 3, 3, 3, 3, 3, 3, 3, 3, 3, 3] 
triadag10_7.txt 1234x1.txt True 0.022222222222222223 0.1 764.5 [3, 3, 3, 3, 3, 3, 3, 3, 3, 2, 3, 3, 3, 3, 3, 3, 3, 3, 2, 3, 3, 3, 3, 3, 3, 3, 3, 3, 3, 3, 3, 3, 3, 3, 3, 3, 3, 3, 3, 3, 3, 3, 3, 3, 3, 3, 3, 3, 3, 3, 3, 3, 3, 3, 3] 
triadag10_7.txt 1234x1.txt True 0.022222222222222223 0.11 764.5 [3, 3, 3, 3, 3, 3, 3, 3, 3, 2, 3, 3, 3, 3, 3, 3, 3, 3, 2, 3, 3, 3, 3, 3, 3, 3, 3, 3, 3, 3, 3, 3, 3, 3, 3, 3, 3, 3, 3, 3, 3, 3, 3, 3, 3, 3, 3, 3, 3, 3, 3, 3, 3, 3, 3] 
triadag10_7.txt 1234x1.txt True 0.022222222222222223 0.12 764.5 [3, 3, 3, 3, 3, 3, 3, 3, 3, 2, 3, 3, 3, 3, 3, 3, 3, 3, 2, 3, 3, 3, 3, 3, 3, 3, 3, 3, 3, 3, 3, 3, 3, 3, 3, 3, 3, 3, 3, 3, 3, 3, 3, 3, 3, 3, 3, 3, 3, 3, 3, 3, 3, 3, 3] 
triadag10_7.txt 1234x1.txt True 0.022222222222222223 0.13 764.5 [3, 3, 3, 3, 3, 3, 3, 3, 3, 2, 3, 3, 3, 3, 3, 3, 3, 3, 2, 3, 3, 3, 3, 3, 3, 3, 3, 3, 3, 3, 3, 3, 3, 3, 3, 3, 3, 3, 3, 3, 3, 3, 3, 3, 3, 3, 3, 3, 3, 3, 3, 3, 3, 3, 3] 
triadag10_7.txt 1234x1.txt True 0.022222222222222223 0.14 764.5 [3, 3, 3, 3, 3, 3, 3, 3, 3, 2, 3, 3, 3, 3, 3, 3, 3, 3, 2, 3, 3, 3, 3, 3, 3, 3, 3, 3, 3, 3, 3, 3, 3, 3, 3, 3, 3, 3, 3, 3, 3, 3, 3, 3, 3, 3, 3, 3, 3, 3, 3, 3, 3, 3, 3] 
triadag10_7.txt 1234x1.txt True 0.022222222222222223 0.15 764.5 [3, 3, 3, 3, 3, 3, 3, 3, 3, 2, 3, 3, 3, 3, 3, 3, 3, 3, 2, 3, 3, 3, 3, 3, 3, 3, 3, 3, 3, 3, 3, 3, 3, 3, 3, 3, 3, 3, 3, 3, 3, 3, 3, 3, 3, 3, 3, 3, 3, 3, 3, 3, 3, 3, 3] 
triadag10_7.txt 1234x1.txt True 0.15555555555555556 0.16 669.25 [3, 1, 3, 3, 3, 3, 3, 3, 3, 2, 1, 3, 3, 3, 3, 3, 3, 3, 2, 3, 3, 1, 3, 3, 3, 3, 2, 3, 3, 3, 3, 3, 3, 2, 3, 3, 3, 3, 3, 2, 3, 3, 3, 3, 3, 3, 3, 3, 3, 3, 3, 3, 3, 3, 3] 
triadag10_7.txt 1234x1.txt True 0.16666666666666666 0.17 530.6666666666666 [2, 2, 3, 2, 2, 2, 2, 2, 2, 2, 2, 3, 2, 2, 2, 2, 2, 2, 2, 3, 2, 2, 2, 2, 2, 2, 2, 3, 3, 3, 3, 3, 3, 3, 3, 3, 3, 3, 3, 3, 3, 3, 3, 3, 3, 3, 3, 3, 3, 1, 3, 3, 1, 0, 0] 
triadag10_7.txt 1234x1.txt True 0.16666666666666666 0.18 530.6666666666666 [2, 2, 3, 2, 2, 2, 2, 2, 2, 2, 2, 3, 2, 2, 2, 2, 2, 2, 2, 3, 2, 2, 2, 2, 2, 2, 2, 3, 3, 3, 3, 3, 3, 3, 3, 3, 3, 3, 3, 3, 3, 3, 3, 3, 3, 3, 3, 3, 3, 1, 3, 3, 1, 0, 0] 
triadag10_7.txt 1234x1.txt True 0.16666666666666666 0.19 530.6666666666666 [2, 2, 3, 2, 2, 2, 2, 2, 2, 2, 2, 3, 2, 2, 2, 2, 2, 2, 2, 3, 2, 2, 2, 2, 2, 2, 2, 3, 3, 3, 3, 3, 3, 3, 3, 3, 3, 3, 3, 3, 3, 3, 3, 3, 3, 3, 3, 3, 3, 1, 3, 3, 1, 0, 0] 
triadag10_7.txt 1234x1.txt True 0.2 0.2 538.0 [3, 3, 3, 3, 2, 3, 3, 2, 3, 3, 3, 3, 3, 2, 3, 3, 2, 3, 3, 1, 3, 2, 3, 3, 2, 3, 3, 1, 1, 1, 1, 1, 1, 1, 1, 1, 1, 1, 1, 1, 1, 1, 1, 1, 1, 0, 1, 1, 1, 0, 0, 0, 0, 0, 0] 
triadag10_7.txt 1234x1.txt True 0.24444444444444444 0.25 593.0 [1, 1, 2, 0, 1, 0, 1, 0, 1, 1, 1, 2, 0, 1, 0, 1, 0, 1, 1, 2, 0, 1, 0, 1, 0, 1, 1, 2, 2, 2, 2, 2, 2, 2, 3, 2, 2, 2, 2, 2, 3, 3, 3, 3, 3, 3, 3, 3, 3, 3, 3, 3, 3, 3, 3] 
triadag10_7.txt 1234x1.txt True 0.3 0.3 818.0 [0, 0, 3, 0, 0, 0, 1, 1, 1, 1, 0, 3, 0, 0, 0, 1, 1, 1, 1, 3, 0, 0, 0, 1, 1, 1, 1, 3, 3, 3, 3, 1, 3, 3, 2, 3, 3, 3, 3, 3, 2, 2, 3, 2, 3, 2, 2, 2, 2, 2, 2, 2, 2, 2, 2] 
triadag10_7.txt 1234x1.txt True 0.3 0.35 818.0 [0, 0, 3, 0, 0, 0, 1, 1, 1, 1, 0, 3, 0, 0, 0, 1, 1, 1, 1, 3, 0, 0, 0, 1, 1, 1, 1, 3, 3, 3, 3, 1, 3, 3, 2, 3, 3, 3, 3, 3, 2, 2, 3, 2, 3, 2, 2, 2, 2, 2, 2, 2, 2, 2, 2] 
triadag10_7.txt 1234x1.txt True 0.3 0.4 818.0 [0, 0, 3, 0, 0, 0, 1, 1, 1, 1, 0, 3, 0, 0, 0, 1, 1, 1, 1, 3, 0, 0, 0, 1, 1, 1, 1, 3, 3, 3, 3, 1, 3, 3, 2, 3, 3, 3, 3, 3, 2, 2, 3, 2, 3, 2, 2, 2, 2, 2, 2, 2, 2, 2, 2] 
triadag10_7.txt 1234x1.txt True 0.3 0.45 818.0 [0, 0, 3, 0, 0, 0, 1, 1, 1, 1, 0, 3, 0, 0, 0, 1, 1, 1, 1, 3, 0, 0, 0, 1, 1, 1, 1, 3, 3, 3, 3, 1, 3, 3, 2, 3, 3, 3, 3, 3, 2, 2, 3, 2, 3, 2, 2, 2, 2, 2, 2, 2, 2, 2, 2] 
triadag10_7.txt 1234x1.txt True 0.3 0.5 818.0 [0, 0, 3, 0, 0, 0, 1, 1, 1, 1, 0, 3, 0, 0, 0, 1, 1, 1, 1, 3, 0, 0, 0, 1, 1, 1, 1, 3, 3, 3, 3, 1, 3, 3, 2, 3, 3, 3, 3, 3, 2, 2, 3, 2, 3, 2, 2, 2, 2, 2, 2, 2, 2, 2, 2] 
triadag10_7.txt 1234x1.txt True 0.3 0.55 818.0 [0, 0, 3, 0, 0, 0, 1, 1, 1, 1, 0, 3, 0, 0, 0, 1, 1, 1, 1, 3, 0, 0, 0, 1, 1, 1, 1, 3, 3, 3, 3, 1, 3, 3, 2, 3, 3, 3, 3, 3, 2, 2, 3, 2, 3, 2, 2, 2, 2, 2, 2, 2, 2, 2, 2] 
triadag10_7.txt 1234x1.txt True 0.3 0.6 818.0 [0, 0, 3, 0, 0, 0, 1, 1, 1, 1, 0, 3, 0, 0, 0, 1, 1, 1, 1, 3, 0, 0, 0, 1, 1, 1, 1, 3, 3, 3, 3, 1, 3, 3, 2, 3, 3, 3, 3, 3, 2, 2, 3, 2, 3, 2, 2, 2, 2, 2, 2, 2, 2, 2, 2] 
triadag10_7.txt 1234x1.txt True 0.3 0.65 818.0 [0, 0, 3, 0, 0, 0, 1, 1, 1, 1, 0, 3, 0, 0, 0, 1, 1, 1, 1, 3, 0, 0, 0, 1, 1, 1, 1, 3, 3, 3, 3, 1, 3, 3, 2, 3, 3, 3, 3, 3, 2, 2, 3, 2, 3, 2, 2, 2, 2, 2, 2, 2, 2, 2, 2] 
triadag10_7.txt 1234x1.txt True 0.3 0.7 818.0 [0, 0, 3, 0, 0, 0, 1, 1, 1, 1, 0, 3, 0, 0, 0, 1, 1, 1, 1, 3, 0, 0, 0, 1, 1, 1, 1, 3, 3, 3, 3, 1, 3, 3, 2, 3, 3, 3, 3, 3, 2, 2, 3, 2, 3, 2, 2, 2, 2, 2, 2, 2, 2, 2, 2] 
triadag10_7.txt 1234x1.txt True 0.3 0.75 818.0 [0, 0, 3, 0, 0, 0, 1, 1, 1, 1, 0, 3, 0, 0, 0, 1, 1, 1, 1, 3, 0, 0, 0, 1, 1, 1, 1, 3, 3, 3, 3, 1, 3, 3, 2, 3, 3, 3, 3, 3, 2, 2, 3, 2, 3, 2, 2, 2, 2, 2, 2, 2, 2, 2, 2] 
triadag10_7.txt 1234x1.txt True 0.3 0.8 818.0 [0, 0, 3, 0, 0, 0, 1, 1, 1, 1, 0, 3, 0, 0, 0, 1, 1, 1, 1, 3, 0, 0, 0, 1, 1, 1, 1, 3, 3, 3, 3, 1, 3, 3, 2, 3, 3, 3, 3, 3, 2, 2, 3, 2, 3, 2, 2, 2, 2, 2, 2, 2, 2, 2, 2] 
triadag10_7.txt 1234x1.txt True 0.3 0.85 818.0 [0, 0, 3, 0, 0, 0, 1, 1, 1, 1, 0, 3, 0, 0, 0, 1, 1, 1, 1, 3, 0, 0, 0, 1, 1, 1, 1, 3, 3, 3, 3, 1, 3, 3, 2, 3, 3, 3, 3, 3, 2, 2, 3, 2, 3, 2, 2, 2, 2, 2, 2, 2, 2, 2, 2] 
triadag10_7.txt 1234x1.txt True 0.3 0.9 818.0 [0, 0, 3, 0, 0, 0, 1, 1, 1, 1, 0, 3, 0, 0, 0, 1, 1, 1, 1, 3, 0, 0, 0, 1, 1, 1, 1, 3, 3, 3, 3, 1, 3, 3, 2, 3, 3, 3, 3, 3, 2, 2, 3, 2, 3, 2, 2, 2, 2, 2, 2, 2, 2, 2, 2] 
triadag10_7.txt 1234x1.txt True 0.3 0.95 818.0 [0, 0, 3, 0, 0, 0, 1, 1, 1, 1, 0, 3, 0, 0, 0, 1, 1, 1, 1, 3, 0, 0, 0, 1, 1, 1, 1, 3, 3, 3, 3, 1, 3, 3, 2, 3, 3, 3, 3, 3, 2, 2, 3, 2, 3, 2, 2, 2, 2, 2, 2, 2, 2, 2, 2] 
triadag10_7.txt 1234x1.txt True 0.3 1 818.0 [0, 0, 3, 0, 0, 0, 1, 1, 1, 1, 0, 3, 0, 0, 0, 1, 1, 1, 1, 3, 0, 0, 0, 1, 1, 1, 1, 3, 3, 3, 3, 1, 3, 3, 2, 3, 3, 3, 3, 3, 2, 2, 3, 2, 3, 2, 2, 2, 2, 2, 2, 2, 2, 2, 2] 
triadag10_7.txt 3_2x3.txt True 0.022222222222222223 0.07 1579.0 [5, 5, 5, 4, 5, 5, 5, 5, 5, 5, 5, 5, 4, 5, 5, 5, 5, 5, 5, 5, 5, 5, 5, 5, 5, 5, 5, 5, 5, 5, 5, 5, 5, 5, 5, 5, 5, 5, 5, 5, 5, 5, 5, 5, 5, 5, 5, 5, 5, 5, 5, 5, 5, 5, 5] 
triadag10_7.txt 3_2x3.txt True 0.022222222222222223 0.08 1579.0 [5, 5, 5, 4, 5, 5, 5, 5, 5, 5, 5, 5, 4, 5, 5, 5, 5, 5, 5, 5, 5, 5, 5, 5, 5, 5, 5, 5, 5, 5, 5, 5, 5, 5, 5, 5, 5, 5, 5, 5, 5, 5, 5, 5, 5, 5, 5, 5, 5, 5, 5, 5, 5, 5, 5] 
triadag10_7.txt 3_2x3.txt True 0.022222222222222223 0.09 1579.0 [5, 5, 5, 4, 5, 5, 5, 5, 5, 5, 5, 5, 4, 5, 5, 5, 5, 5, 5, 5, 5, 5, 5, 5, 5, 5, 5, 5, 5, 5, 5, 5, 5, 5, 5, 5, 5, 5, 5, 5, 5, 5, 5, 5, 5, 5, 5, 5, 5, 5, 5, 5, 5, 5, 5] 
triadag10_7.txt 3_2x3.txt True 0.022222222222222223 0.1 1579.0 [5, 5, 5, 4, 5, 5, 5, 5, 5, 5, 5, 5, 4, 5, 5, 5, 5, 5, 5, 5, 5, 5, 5, 5, 5, 5, 5, 5, 5, 5, 5, 5, 5, 5, 5, 5, 5, 5, 5, 5, 5, 5, 5, 5, 5, 5, 5, 5, 5, 5, 5, 5, 5, 5, 5] 
triadag10_7.txt 3_2x3.txt True 0.022222222222222223 0.11 1579.0 [5, 5, 5, 4, 5, 5, 5, 5, 5, 5, 5, 5, 4, 5, 5, 5, 5, 5, 5, 5, 5, 5, 5, 5, 5, 5, 5, 5, 5, 5, 5, 5, 5, 5, 5, 5, 5, 5, 5, 5, 5, 5, 5, 5, 5, 5, 5, 5, 5, 5, 5, 5, 5, 5, 5] 
triadag10_7.txt 3_2x3.txt True 0.022222222222222223 0.12 1579.0 [5, 5, 5, 4, 5, 5, 5, 5, 5, 5, 5, 5, 4, 5, 5, 5, 5, 5, 5, 5, 5, 5, 5, 5, 5, 5, 5, 5, 5, 5, 5, 5, 5, 5, 5, 5, 5, 5, 5, 5, 5, 5, 5, 5, 5, 5, 5, 5, 5, 5, 5, 5, 5, 5, 5] 
triadag10_7.txt 3_2x3.txt True 0.022222222222222223 0.13 1579.0 [5, 5, 5, 4, 5, 5, 5, 5, 5, 5, 5, 5, 4, 5, 5, 5, 5, 5, 5, 5, 5, 5, 5, 5, 5, 5, 5, 5, 5, 5, 5, 5, 5, 5, 5, 5, 5, 5, 5, 5, 5, 5, 5, 5, 5, 5, 5, 5, 5, 5, 5, 5, 5, 5, 5] 
triadag10_7.txt 3_2x3.txt True 0.022222222222222223 0.14 1579.0 [5, 5, 5, 4, 5, 5, 5, 5, 5, 5, 5, 5, 4, 5, 5, 5, 5, 5, 5, 5, 5, 5, 5, 5, 5, 5, 5, 5, 5, 5, 5, 5, 5, 5, 5, 5, 5, 5, 5, 5, 5, 5, 5, 5, 5, 5, 5, 5, 5, 5, 5, 5, 5, 5, 5] 
triadag10_7.txt 3_2x3.txt True 0.022222222222222223 0.15 1579.0 [5, 5, 5, 4, 5, 5, 5, 5, 5, 5, 5, 5, 4, 5, 5, 5, 5, 5, 5, 5, 5, 5, 5, 5, 5, 5, 5, 5, 5, 5, 5, 5, 5, 5, 5, 5, 5, 5, 5, 5, 5, 5, 5, 5, 5, 5, 5, 5, 5, 5, 5, 5, 5, 5, 5] 
triadag10_7.txt 3_2x3.txt True 0.15555555555555556 0.16 1498.0 [5, 5, 5, 4, 5, 5, 5, 5, 5, 5, 2, 5, 4, 5, 5, 5, 5, 5, 5, 5, 5, 5, 5, 5, 5, 5, 5, 5, 5, 5, 5, 5, 5, 5, 5, 5, 5, 5, 5, 5, 5, 5, 5, 5, 5, 5, 5, 5, 5, 5, 5, 5, 5, 5, 3] 
triadag10_7.txt 3_2x3.txt True 0.16666666666666666 0.17 1342.0 [5, 2, 5, 4, 5, 5, 5, 5, 5, 5, 2, 5, 4, 5, 5, 5, 5, 5, 5, 5, 4, 5, 5, 5, 5, 5, 5, 5, 5, 5, 5, 5, 5, 5, 5, 5, 5, 5, 5, 5, 5, 5, 5, 5, 5, 5, 5, 5, 5, 5, 5, 5, 3, 3, 3] 
triadag10_7.txt 3_2x3.txt True 0.16666666666666666 0.18 1342.0 [5, 2, 5, 4, 5, 5, 5, 5, 5, 5, 2, 5, 4, 5, 5, 5, 5, 5, 5, 5, 4, 5, 5, 5, 5, 5, 5, 5, 5, 5, 5, 5, 5, 5, 5, 5, 5, 5, 5, 5, 5, 5, 5, 5, 5, 5, 5, 5, 5, 5, 5, 5, 3, 3, 3] 
triadag10_7.txt 3_2x3.txt True 0.16666666666666666 0.19 1342.0 [5, 2, 5, 4, 5, 5, 5, 5, 5, 5, 2, 5, 4, 5, 5, 5, 5, 5, 5, 5, 4, 5, 5, 5, 5, 5, 5, 5, 5, 5, 5, 5, 5, 5, 5, 5, 5, 5, 5, 5, 5, 5, 5, 5, 5, 5, 5, 5, 5, 5, 5, 5, 3, 3, 3] 
triadag10_7.txt 3_2x3.txt True 0.2 0.2 600.0 [5, 5, 2, 5, 4, 5, 5, 5, 5, 4, 5, 2, 5, 4, 5, 5, 5, 5, 4, 2, 5, 4, 5, 5, 5, 5, 5, 2, 2, 2, 2, 2, 2, 2, 2, 2, 2, 2, 2, 2, 2, 2, 2, 2, 2, 1, 2, 2, 2, 1, 1, 1, 1, 1, 1] 
triadag10_7.txt 3_2x3.txt True 0.23333333333333334 0.25 514.5 [5, 4, 5, 5, 5, 5, 5, 5, 4, 5, 4, 5, 5, 5, 5, 5, 5, 4, 5, 4, 2, 4, 4, 4, 4, 4, 4, 2, 4, 4, 4, 4, 4, 4, 2, 2, 2, 2, 2, 2, 2, 2, 2, 2, 2, 2, 2, 2, 2, 1, 2, 2, 1, 1, 1] 
triadag10_7.txt 3_2x3.txt True 0.25555555555555554 0.3 469.0 [2, 1, 2, 2, 2, 2, 2, 1, 2, 1, 1, 2, 2, 2, 2, 2, 1, 2, 1, 5, 5, 1, 2, 1, 1, 1, 1, 5, 5, 5, 5, 5, 5, 5, 5, 5, 5, 5, 5, 5, 4, 5, 5, 5, 5, 4, 4, 4, 4, 4, 4, 4, 4, 4, 4] 
triadag10_7.txt 3_2x3.txt True 0.32222222222222224 0.35 394.0 [5, 5, 1, 3, 4, 5, 4, 3, 5, 5, 5, 1, 3, 4, 5, 4, 3, 5, 5, 1, 3, 4, 5, 4, 3, 5, 5, 1, 2, 1, 1, 1, 1, 1, 2, 1, 1, 1, 1, 1, 2, 0, 2, 2, 2, 0, 2, 2, 2, 0, 0, 0, 0, 0, 0] 
triadag10_7.txt 3_2x3.txt True 0.4 0.4 277.0 [2, 2, 0, 5, 2, 0, 1, 1, 1, 0, 2, 0, 5, 2, 0, 1, 1, 2, 0, 5, 5, 2, 0, 1, 1, 2, 2, 5, 4, 5, 4, 1, 2, 5, 4, 5, 4, 5, 5, 5, 4, 4, 3, 4, 4, 3, 3, 4, 4, 3, 3, 3, 3, 3, 3] 
triadag10_7.txt 3_2x3.txt True 0.4 0.45 277.0 [2, 2, 0, 5, 2, 0, 1, 1, 1, 0, 2, 0, 5, 2, 0, 1, 1, 2, 0, 5, 5, 2, 0, 1, 1, 2, 2, 5, 4, 5, 4, 1, 2, 5, 4, 5, 4, 5, 5, 5, 4, 4, 3, 4, 4, 3, 3, 4, 4, 3, 3, 3, 3, 3, 3] 
triadag10_7.txt 3_2x3.txt True 0.4888888888888889 0.5 278.0 [1, 1, 0, 3, 0, 0, 2, 1, 1, 2, 1, 0, 3, 0, 0, 2, 1, 4, 2, 2, 3, 0, 0, 2, 1, 4, 2, 2, 5, 4, 4, 2, 4, 2, 5, 4, 4, 4, 4, 4, 5, 5, 5, 5, 4, 5, 5, 5, 5, 3, 5, 3, 3, 3, 3] 
triadag10_7.txt 3_2x3.txt True 0.4888888888888889 0.55 278.0 [1, 1, 0, 3, 0, 0, 2, 1, 1, 2, 1, 0, 3, 0, 0, 2, 1, 4, 2, 2, 3, 0, 0, 2, 1, 4, 2, 2, 5, 4, 4, 2, 4, 2, 5, 4, 4, 4, 4, 4, 5, 5, 5, 5, 4, 5, 5, 5, 5, 3, 5, 3, 3, 3, 3] 
triadag10_7.txt 3_2x3.txt True 0.4888888888888889 0.6 278.0 [1, 1, 0, 3, 0, 0, 2, 1, 1, 2, 1, 0, 3, 0, 0, 2, 1, 4, 2, 2, 3, 0, 0, 2, 1, 4, 2, 2, 5, 4, 4, 2, 4, 2, 5, 4, 4, 4, 4, 4, 5, 5, 5, 5, 4, 5, 5, 5, 5, 3, 5, 3, 3, 3, 3] 
triadag10_7.txt 3_2x3.txt True 0.4888888888888889 0.65 278.0 [1, 1, 0, 3, 0, 0, 2, 1, 1, 2, 1, 0, 3, 0, 0, 2, 1, 4, 2, 2, 3, 0, 0, 2, 1, 4, 2, 2, 5, 4, 4, 2, 4, 2, 5, 4, 4, 4, 4, 4, 5, 5, 5, 5, 4, 5, 5, 5, 5, 3, 5, 3, 3, 3, 3] 
triadag10_7.txt 3_2x3.txt True 0.4888888888888889 0.7 278.0 [1, 1, 0, 3, 0, 0, 2, 1, 1, 2, 1, 0, 3, 0, 0, 2, 1, 4, 2, 2, 3, 0, 0, 2, 1, 4, 2, 2, 5, 4, 4, 2, 4, 2, 5, 4, 4, 4, 4, 4, 5, 5, 5, 5, 4, 5, 5, 5, 5, 3, 5, 3, 3, 3, 3] 
triadag10_7.txt 3_2x3.txt True 0.4888888888888889 0.75 278.0 [1, 1, 0, 3, 0, 0, 2, 1, 1, 2, 1, 0, 3, 0, 0, 2, 1, 4, 2, 2, 3, 0, 0, 2, 1, 4, 2, 2, 5, 4, 4, 2, 4, 2, 5, 4, 4, 4, 4, 4, 5, 5, 5, 5, 4, 5, 5, 5, 5, 3, 5, 3, 3, 3, 3] 
triadag10_7.txt 3_2x3.txt True 0.4888888888888889 0.8 278.0 [1, 1, 0, 3, 0, 0, 2, 1, 1, 2, 1, 0, 3, 0, 0, 2, 1, 4, 2, 2, 3, 0, 0, 2, 1, 4, 2, 2, 5, 4, 4, 2, 4, 2, 5, 4, 4, 4, 4, 4, 5, 5, 5, 5, 4, 5, 5, 5, 5, 3, 5, 3, 3, 3, 3] 
triadag10_7.txt 3_2x3.txt True 0.4888888888888889 0.85 278.0 [1, 1, 0, 3, 0, 0, 2, 1, 1, 2, 1, 0, 3, 0, 0, 2, 1, 4, 2, 2, 3, 0, 0, 2, 1, 4, 2, 2, 5, 4, 4, 2, 4, 2, 5, 4, 4, 4, 4, 4, 5, 5, 5, 5, 4, 5, 5, 5, 5, 3, 5, 3, 3, 3, 3] 
triadag10_7.txt 3_2x3.txt True 0.4888888888888889 0.9 278.0 [1, 1, 0, 3, 0, 0, 2, 1, 1, 2, 1, 0, 3, 0, 0, 2, 1, 4, 2, 2, 3, 0, 0, 2, 1, 4, 2, 2, 5, 4, 4, 2, 4, 2, 5, 4, 4, 4, 4, 4, 5, 5, 5, 5, 4, 5, 5, 5, 5, 3, 5, 3, 3, 3, 3] 
triadag10_7.txt 3_2x3.txt True 0.4888888888888889 0.95 278.0 [1, 1, 0, 3, 0, 0, 2, 1, 1, 2, 1, 0, 3, 0, 0, 2, 1, 4, 2, 2, 3, 0, 0, 2, 1, 4, 2, 2, 5, 4, 4, 2, 4, 2, 5, 4, 4, 4, 4, 4, 5, 5, 5, 5, 4, 5, 5, 5, 5, 3, 5, 3, 3, 3, 3] 
triadag10_7.txt 3_2x3.txt True 0.4888888888888889 1 278.0 [1, 1, 0, 3, 0, 0, 2, 1, 1, 2, 1, 0, 3, 0, 0, 2, 1, 4, 2, 2, 3, 0, 0, 2, 1, 4, 2, 2, 5, 4, 4, 2, 4, 2, 5, 4, 4, 4, 4, 4, 5, 5, 5, 5, 4, 5, 5, 5, 5, 3, 5, 3, 3, 3, 3] 
triadag10_7.txt 1234x3.txt True 0.0 0.07 811.0 [11, 11, 11, 11, 11, 11, 11, 11, 11, 11, 11, 11, 11, 11, 11, 11, 11, 11, 11, 11, 11, 11, 11, 11, 11, 11, 11, 11, 11, 11, 11, 11, 11, 11, 11, 11, 11, 11, 11, 11, 11, 11, 11, 11, 11, 11, 11, 11, 11, 11, 11, 11, 11, 11, 11] 
triadag10_7.txt 1234x3.txt True 0.0 0.08 811.0 [11, 11, 11, 11, 11, 11, 11, 11, 11, 11, 11, 11, 11, 11, 11, 11, 11, 11, 11, 11, 11, 11, 11, 11, 11, 11, 11, 11, 11, 11, 11, 11, 11, 11, 11, 11, 11, 11, 11, 11, 11, 11, 11, 11, 11, 11, 11, 11, 11, 11, 11, 11, 11, 11, 11] 
triadag10_7.txt 1234x3.txt True 0.0 0.09 811.0 [11, 11, 11, 11, 11, 11, 11, 11, 11, 11, 11, 11, 11, 11, 11, 11, 11, 11, 11, 11, 11, 11, 11, 11, 11, 11, 11, 11, 11, 11, 11, 11, 11, 11, 11, 11, 11, 11, 11, 11, 11, 11, 11, 11, 11, 11, 11, 11, 11, 11, 11, 11, 11, 11, 11] 
triadag10_7.txt 1234x3.txt True 0.0 0.1 811.0 [11, 11, 11, 11, 11, 11, 11, 11, 11, 11, 11, 11, 11, 11, 11, 11, 11, 11, 11, 11, 11, 11, 11, 11, 11, 11, 11, 11, 11, 11, 11, 11, 11, 11, 11, 11, 11, 11, 11, 11, 11, 11, 11, 11, 11, 11, 11, 11, 11, 11, 11, 11, 11, 11, 11] 
triadag10_7.txt 1234x3.txt True 0.0 0.11 811.0 [11, 11, 11, 11, 11, 11, 11, 11, 11, 11, 11, 11, 11, 11, 11, 11, 11, 11, 11, 11, 11, 11, 11, 11, 11, 11, 11, 11, 11, 11, 11, 11, 11, 11, 11, 11, 11, 11, 11, 11, 11, 11, 11, 11, 11, 11, 11, 11, 11, 11, 11, 11, 11, 11, 11] 
triadag10_7.txt 1234x3.txt True 0.0 0.12 811.0 [11, 11, 11, 11, 11, 11, 11, 11, 11, 11, 11, 11, 11, 11, 11, 11, 11, 11, 11, 11, 11, 11, 11, 11, 11, 11, 11, 11, 11, 11, 11, 11, 11, 11, 11, 11, 11, 11, 11, 11, 11, 11, 11, 11, 11, 11, 11, 11, 11, 11, 11, 11, 11, 11, 11] 
triadag10_7.txt 1234x3.txt True 0.0 0.13 811.0 [11, 11, 11, 11, 11, 11, 11, 11, 11, 11, 11, 11, 11, 11, 11, 11, 11, 11, 11, 11, 11, 11, 11, 11, 11, 11, 11, 11, 11, 11, 11, 11, 11, 11, 11, 11, 11, 11, 11, 11, 11, 11, 11, 11, 11, 11, 11, 11, 11, 11, 11, 11, 11, 11, 11] 
triadag10_7.txt 1234x3.txt True 0.0 0.14 811.0 [11, 11, 11, 11, 11, 11, 11, 11, 11, 11, 11, 11, 11, 11, 11, 11, 11, 11, 11, 11, 11, 11, 11, 11, 11, 11, 11, 11, 11, 11, 11, 11, 11, 11, 11, 11, 11, 11, 11, 11, 11, 11, 11, 11, 11, 11, 11, 11, 11, 11, 11, 11, 11, 11, 11] 
triadag10_7.txt 1234x3.txt True 0.0 0.15 811.0 [11, 11, 11, 11, 11, 11, 11, 11, 11, 11, 11, 11, 11, 11, 11, 11, 11, 11, 11, 11, 11, 11, 11, 11, 11, 11, 11, 11, 11, 11, 11, 11, 11, 11, 11, 11, 11, 11, 11, 11, 11, 11, 11, 11, 11, 11, 11, 11, 11, 11, 11, 11, 11, 11, 11] 
triadag10_7.txt 1234x3.txt True 0.15555555555555556 0.16 614.25 [11, 8, 10, 11, 11, 2, 11, 11, 9, 11, 11, 10, 11, 11, 2, 11, 11, 9, 11, 11, 11, 11, 2, 11, 11, 9, 11, 11, 11, 2, 11, 11, 9, 11, 11, 2, 11, 11, 9, 11, 11, 11, 11, 9, 11, 11, 11, 11, 11, 11, 11, 11, 11, 11, 11] 
triadag10_7.txt 1234x3.txt True 0.15555555555555556 0.17 614.25 [11, 8, 10, 11, 11, 2, 11, 11, 9, 11, 11, 10, 11, 11, 2, 11, 11, 9, 11, 11, 11, 11, 2, 11, 11, 9, 11, 11, 11, 2, 11, 11, 9, 11, 11, 2, 11, 11, 9, 11, 11, 11, 11, 9, 11, 11, 11, 11, 11, 11, 11, 11, 11, 11, 11] 
triadag10_7.txt 1234x3.txt True 0.17777777777777778 0.18 475.5 [11, 11, 10, 11, 11, 2, 11, 11, 9, 11, 11, 10, 11, 11, 2, 11, 11, 9, 11, 11, 11, 11, 2, 11, 11, 9, 11, 11, 11, 2, 11, 11, 9, 11, 11, 2, 11, 11, 9, 11, 9, 11, 11, 9, 11, 9, 9, 9, 9, 9, 9, 9, 9, 9, 9] 
triadag10_7.txt 1234x3.txt True 0.17777777777777778 0.19 475.5 [11, 11, 10, 11, 11, 2, 11, 11, 9, 11, 11, 10, 11, 11, 2, 11, 11, 9, 11, 11, 11, 11, 2, 11, 11, 9, 11, 11, 11, 2, 11, 11, 9, 11, 11, 2, 11, 11, 9, 11, 9, 11, 11, 9, 11, 9, 9, 9, 9, 9, 9, 9, 9, 9, 9] 
triadag10_7.txt 1234x3.txt True 0.17777777777777778 0.2 475.5 [11, 11, 10, 11, 11, 2, 11, 11, 9, 11, 11, 10, 11, 11, 2, 11, 11, 9, 11, 11, 11, 11, 2, 11, 11, 9, 11, 11, 11, 2, 11, 11, 9, 11, 11, 2, 11, 11, 9, 11, 9, 11, 11, 9, 11, 9, 9, 9, 9, 9, 9, 9, 9, 9, 9] 
triadag10_7.txt 1234x3.txt True 0.23333333333333334 0.25 370.0 [11, 11, 7, 11, 11, 11, 10, 2, 11, 11, 11, 7, 11, 11, 11, 10, 2, 11, 11, 11, 11, 11, 11, 10, 2, 11, 11, 10, 10, 11, 10, 2, 11, 11, 10, 10, 10, 2, 10, 10, 10, 10, 2, 10, 10, 10, 2, 10, 10, 2, 10, 10, 2, 2, 2] 
triadag10_7.txt 1234x3.txt True 0.23333333333333334 0.3 370.0 [11, 11, 7, 11, 11, 11, 10, 2, 11, 11, 11, 7, 11, 11, 11, 10, 2, 11, 11, 11, 11, 11, 11, 10, 2, 11, 11, 10, 10, 11, 10, 2, 11, 11, 10, 10, 10, 2, 10, 10, 10, 10, 2, 10, 10, 10, 2, 10, 10, 2, 10, 10, 2, 2, 2] 
triadag10_7.txt 1234x3.txt True 0.23333333333333334 0.35 370.0 [11, 11, 7, 11, 11, 11, 10, 2, 11, 11, 11, 7, 11, 11, 11, 10, 2, 11, 11, 11, 11, 11, 11, 10, 2, 11, 11, 10, 10, 11, 10, 2, 11, 11, 10, 10, 10, 2, 10, 10, 10, 10, 2, 10, 10, 10, 2, 10, 10, 2, 10, 10, 2, 2, 2] 
triadag10_7.txt 1234x3.txt True 0.4 0.4 304.0 [9, 7, 6, 3, 9, 10, 8, 9, 9, 11, 7, 6, 3, 9, 10, 8, 9, 9, 11, 7, 3, 7, 7, 8, 7, 7, 7, 5, 5, 7, 8, 7, 7, 7, 5, 2, 5, 5, 5, 4, 2, 5, 5, 5, 4, 2, 2, 2, 4, 2, 2, 1, 2, 1, 1] 
triadag10_7.txt 1234x3.txt True 0.43333333333333335 0.45 377.0 [1, 1, 6, 2, 0, 3, 4, 5, 1, 2, 1, 6, 2, 0, 3, 4, 5, 1, 2, 8, 2, 0, 3, 7, 5, 1, 1, 8, 0, 9, 7, 8, 8, 8, 11, 9, 7, 8, 8, 8, 11, 11, 10, 8, 11, 11, 10, 11, 11, 10, 11, 11, 10, 10, 10] 
triadag10_7.txt 1234x3.txt True 0.5 0.5 311.0 [4, 0, 4, 10, 2, 9, 3, 5, 4, 3, 1, 4, 10, 2, 9, 5, 5, 4, 3, 1, 10, 2, 9, 0, 1, 1, 1, 11, 2, 9, 0, 1, 1, 1, 11, 11, 11, 11, 6, 10, 7, 11, 11, 6, 10, 7, 8, 7, 7, 8, 7, 7, 6, 8, 6] 
triadag10_7.txt 1234x3.txt True 0.5 0.55 311.0 [4, 0, 4, 10, 2, 9, 3, 5, 4, 3, 1, 4, 10, 2, 9, 5, 5, 4, 3, 1, 10, 2, 9, 0, 1, 1, 1, 11, 2, 9, 0, 1, 1, 1, 11, 11, 11, 11, 6, 10, 7, 11, 11, 6, 10, 7, 8, 7, 7, 8, 7, 7, 6, 8, 6] 
triadag10_7.txt 1234x3.txt True 0.5 0.6 311.0 [4, 0, 4, 10, 2, 9, 3, 5, 4, 3, 1, 4, 10, 2, 9, 5, 5, 4, 3, 1, 10, 2, 9, 0, 1, 1, 1, 11, 2, 9, 0, 1, 1, 1, 11, 11, 11, 11, 6, 10, 7, 11, 11, 6, 10, 7, 8, 7, 7, 8, 7, 7, 6, 8, 6] 
triadag10_7.txt 1234x3.txt True 0.5 0.65 311.0 [4, 0, 4, 10, 2, 9, 3, 5, 4, 3, 1, 4, 10, 2, 9, 5, 5, 4, 3, 1, 10, 2, 9, 0, 1, 1, 1, 11, 2, 9, 0, 1, 1, 1, 11, 11, 11, 11, 6, 10, 7, 11, 11, 6, 10, 7, 8, 7, 7, 8, 7, 7, 6, 8, 6] 
triadag10_7.txt 1234x3.txt True 0.5 0.7 311.0 [4, 0, 4, 10, 2, 9, 3, 5, 4, 3, 1, 4, 10, 2, 9, 5, 5, 4, 3, 1, 10, 2, 9, 0, 1, 1, 1, 11, 2, 9, 0, 1, 1, 1, 11, 11, 11, 11, 6, 10, 7, 11, 11, 6, 10, 7, 8, 7, 7, 8, 7, 7, 6, 8, 6] 
triadag10_7.txt 1234x3.txt True 0.5 0.75 311.0 [4, 0, 4, 10, 2, 9, 3, 5, 4, 3, 1, 4, 10, 2, 9, 5, 5, 4, 3, 1, 10, 2, 9, 0, 1, 1, 1, 11, 2, 9, 0, 1, 1, 1, 11, 11, 11, 11, 6, 10, 7, 11, 11, 6, 10, 7, 8, 7, 7, 8, 7, 7, 6, 8, 6] 
triadag10_7.txt 1234x3.txt True 0.5 0.8 311.0 [4, 0, 4, 10, 2, 9, 3, 5, 4, 3, 1, 4, 10, 2, 9, 5, 5, 4, 3, 1, 10, 2, 9, 0, 1, 1, 1, 11, 2, 9, 0, 1, 1, 1, 11, 11, 11, 11, 6, 10, 7, 11, 11, 6, 10, 7, 8, 7, 7, 8, 7, 7, 6, 8, 6] 
triadag10_7.txt 1234x3.txt True 0.5 0.85 311.0 [4, 0, 4, 10, 2, 9, 3, 5, 4, 3, 1, 4, 10, 2, 9, 5, 5, 4, 3, 1, 10, 2, 9, 0, 1, 1, 1, 11, 2, 9, 0, 1, 1, 1, 11, 11, 11, 11, 6, 10, 7, 11, 11, 6, 10, 7, 8, 7, 7, 8, 7, 7, 6, 8, 6] 
triadag10_7.txt 1234x3.txt True 0.5 0.9 311.0 [4, 0, 4, 10, 2, 9, 3, 5, 4, 3, 1, 4, 10, 2, 9, 5, 5, 4, 3, 1, 10, 2, 9, 0, 1, 1, 1, 11, 2, 9, 0, 1, 1, 1, 11, 11, 11, 11, 6, 10, 7, 11, 11, 6, 10, 7, 8, 7, 7, 8, 7, 7, 6, 8, 6] 
triadag10_7.txt 1234x3.txt True 0.5 0.95 311.0 [4, 0, 4, 10, 2, 9, 3, 5, 4, 3, 1, 4, 10, 2, 9, 5, 5, 4, 3, 1, 10, 2, 9, 0, 1, 1, 1, 11, 2, 9, 0, 1, 1, 1, 11, 11, 11, 11, 6, 10, 7, 11, 11, 6, 10, 7, 8, 7, 7, 8, 7, 7, 6, 8, 6] 
triadag10_7.txt 1234x3.txt True 0.5 1 311.0 [4, 0, 4, 10, 2, 9, 3, 5, 4, 3, 1, 4, 10, 2, 9, 5, 5, 4, 3, 1, 10, 2, 9, 0, 1, 1, 1, 11, 2, 9, 0, 1, 1, 1, 11, 11, 11, 11, 6, 10, 7, 11, 11, 6, 10, 7, 8, 7, 7, 8, 7, 7, 6, 8, 6] 
triadag10_7.txt 1_4x1.txt True 0.0 0.07 811.0 [1, 1, 1, 1, 1, 1, 1, 1, 1, 1, 1, 1, 1, 1, 1, 1, 1, 1, 1, 1, 1, 1, 1, 1, 1, 1, 1, 1, 1, 1, 1, 1, 1, 1, 1, 1, 1, 1, 1, 1, 1, 1, 1, 1, 1, 1, 1, 1, 1, 1, 1, 1, 1, 1, 1] 
triadag10_7.txt 1_4x1.txt True 0.07777777777777778 0.08 856.0 [1, 1, 1, 1, 1, 1, 1, 1, 1, 1, 1, 1, 1, 1, 1, 1, 1, 1, 1, 1, 1, 1, 1, 1, 1, 1, 1, 1, 1, 1, 1, 1, 1, 1, 0, 1, 1, 1, 1, 1, 0, 0, 0, 0, 0, 0, 0, 0, 0, 0, 0, 0, 0, 0, 0] 
triadag10_7.txt 1_4x1.txt True 0.07777777777777778 0.09 856.0 [1, 1, 1, 1, 1, 1, 1, 1, 1, 1, 1, 1, 1, 1, 1, 1, 1, 1, 1, 1, 1, 1, 1, 1, 1, 1, 1, 1, 1, 1, 1, 1, 1, 1, 0, 1, 1, 1, 1, 1, 0, 0, 0, 0, 0, 0, 0, 0, 0, 0, 0, 0, 0, 0, 0] 
triadag10_7.txt 1_4x1.txt True 0.1 0.1 1592.0 [0, 0, 1, 0, 0, 0, 0, 0, 0, 0, 0, 1, 0, 0, 0, 0, 0, 0, 0, 1, 0, 0, 0, 0, 0, 0, 0, 1, 1, 1, 1, 1, 1, 1, 1, 1, 1, 1, 1, 1, 1, 1, 1, 1, 1, 1, 1, 1, 1, 1, 1, 1, 1, 1, 1] 
triadag10_7.txt 1_4x1.txt True 0.1 0.11 1592.0 [0, 0, 1, 0, 0, 0, 0, 0, 0, 0, 0, 1, 0, 0, 0, 0, 0, 0, 0, 1, 0, 0, 0, 0, 0, 0, 0, 1, 1, 1, 1, 1, 1, 1, 1, 1, 1, 1, 1, 1, 1, 1, 1, 1, 1, 1, 1, 1, 1, 1, 1, 1, 1, 1, 1] 
triadag10_7.txt 1_4x1.txt True 0.1111111111111111 0.12 1628.0 [1, 1, 0, 1, 1, 1, 1, 1, 1, 1, 1, 0, 1, 1, 1, 1, 1, 1, 1, 0, 1, 1, 1, 1, 1, 1, 1, 0, 0, 0, 0, 0, 0, 1, 0, 0, 0, 0, 0, 0, 0, 0, 0, 0, 0, 0, 0, 0, 0, 0, 0, 0, 0, 0, 0] 
triadag10_7.txt 1_4x1.txt True 0.12222222222222222 0.13 1626.0 [0, 0, 1, 0, 0, 0, 0, 0, 0, 0, 0, 1, 0, 0, 0, 0, 0, 0, 0, 1, 0, 0, 0, 0, 0, 0, 0, 1, 1, 1, 1, 0, 1, 0, 1, 1, 1, 1, 1, 1, 1, 1, 1, 1, 1, 1, 1, 1, 1, 1, 1, 1, 1, 1, 1] 
triadag10_7.txt 1_4x1.txt True 0.12222222222222222 0.14 1626.0 [0, 0, 1, 0, 0, 0, 0, 0, 0, 0, 0, 1, 0, 0, 0, 0, 0, 0, 0, 1, 0, 0, 0, 0, 0, 0, 0, 1, 1, 1, 1, 0, 1, 0, 1, 1, 1, 1, 1, 1, 1, 1, 1, 1, 1, 1, 1, 1, 1, 1, 1, 1, 1, 1, 1] 
triadag10_7.txt 1_4x1.txt True 0.12222222222222222 0.15 1626.0 [0, 0, 1, 0, 0, 0, 0, 0, 0, 0, 0, 1, 0, 0, 0, 0, 0, 0, 0, 1, 0, 0, 0, 0, 0, 0, 0, 1, 1, 1, 1, 0, 1, 0, 1, 1, 1, 1, 1, 1, 1, 1, 1, 1, 1, 1, 1, 1, 1, 1, 1, 1, 1, 1, 1] 
triadag10_7.txt 1_4x1.txt True 0.12222222222222222 0.16 1626.0 [0, 0, 1, 0, 0, 0, 0, 0, 0, 0, 0, 1, 0, 0, 0, 0, 0, 0, 0, 1, 0, 0, 0, 0, 0, 0, 0, 1, 1, 1, 1, 0, 1, 0, 1, 1, 1, 1, 1, 1, 1, 1, 1, 1, 1, 1, 1, 1, 1, 1, 1, 1, 1, 1, 1] 
triadag10_7.txt 1_4x1.txt True 0.12222222222222222 0.17 1626.0 [0, 0, 1, 0, 0, 0, 0, 0, 0, 0, 0, 1, 0, 0, 0, 0, 0, 0, 0, 1, 0, 0, 0, 0, 0, 0, 0, 1, 1, 1, 1, 0, 1, 0, 1, 1, 1, 1, 1, 1, 1, 1, 1, 1, 1, 1, 1, 1, 1, 1, 1, 1, 1, 1, 1] 
triadag10_7.txt 1_4x1.txt True 0.12222222222222222 0.18 1626.0 [0, 0, 1, 0, 0, 0, 0, 0, 0, 0, 0, 1, 0, 0, 0, 0, 0, 0, 0, 1, 0, 0, 0, 0, 0, 0, 0, 1, 1, 1, 1, 0, 1, 0, 1, 1, 1, 1, 1, 1, 1, 1, 1, 1, 1, 1, 1, 1, 1, 1, 1, 1, 1, 1, 1] 
triadag10_7.txt 1_4x1.txt True 0.18888888888888888 0.19 1621.0 [1, 1, 1, 1, 1, 1, 1, 1, 1, 1, 1, 1, 1, 1, 1, 1, 1, 1, 1, 0, 1, 1, 1, 1, 0, 1, 0, 1, 0, 0, 0, 0, 0, 0, 0, 0, 0, 0, 0, 0, 0, 0, 0, 0, 0, 0, 0, 0, 0, 0, 0, 0, 0, 0, 0] 
triadag10_7.txt 1_4x1.txt True 0.18888888888888888 0.2 1621.0 [1, 1, 1, 1, 1, 1, 1, 1, 1, 1, 1, 1, 1, 1, 1, 1, 1, 1, 1, 0, 1, 1, 1, 1, 0, 1, 0, 1, 0, 0, 0, 0, 0, 0, 0, 0, 0, 0, 0, 0, 0, 0, 0, 0, 0, 0, 0, 0, 0, 0, 0, 0, 0, 0, 0] 
triadag10_7.txt 1_4x1.txt True 0.18888888888888888 0.25 1621.0 [1, 1, 1, 1, 1, 1, 1, 1, 1, 1, 1, 1, 1, 1, 1, 1, 1, 1, 1, 0, 1, 1, 1, 1, 0, 1, 0, 1, 0, 0, 0, 0, 0, 0, 0, 0, 0, 0, 0, 0, 0, 0, 0, 0, 0, 0, 0, 0, 0, 0, 0, 0, 0, 0, 0] 
triadag10_7.txt 1_4x1.txt True 0.18888888888888888 0.3 1621.0 [1, 1, 1, 1, 1, 1, 1, 1, 1, 1, 1, 1, 1, 1, 1, 1, 1, 1, 1, 0, 1, 1, 1, 1, 0, 1, 0, 1, 0, 0, 0, 0, 0, 0, 0, 0, 0, 0, 0, 0, 0, 0, 0, 0, 0, 0, 0, 0, 0, 0, 0, 0, 0, 0, 0] 
triadag10_7.txt 1_4x1.txt True 0.18888888888888888 0.35 1621.0 [1, 1, 1, 1, 1, 1, 1, 1, 1, 1, 1, 1, 1, 1, 1, 1, 1, 1, 1, 0, 1, 1, 1, 1, 0, 1, 0, 1, 0, 0, 0, 0, 0, 0, 0, 0, 0, 0, 0, 0, 0, 0, 0, 0, 0, 0, 0, 0, 0, 0, 0, 0, 0, 0, 0] 
triadag10_7.txt 1_4x1.txt True 0.18888888888888888 0.4 1621.0 [1, 1, 1, 1, 1, 1, 1, 1, 1, 1, 1, 1, 1, 1, 1, 1, 1, 1, 1, 0, 1, 1, 1, 1, 0, 1, 0, 1, 0, 0, 0, 0, 0, 0, 0, 0, 0, 0, 0, 0, 0, 0, 0, 0, 0, 0, 0, 0, 0, 0, 0, 0, 0, 0, 0] 
triadag10_7.txt 1_4x1.txt True 0.18888888888888888 0.45 1621.0 [1, 1, 1, 1, 1, 1, 1, 1, 1, 1, 1, 1, 1, 1, 1, 1, 1, 1, 1, 0, 1, 1, 1, 1, 0, 1, 0, 1, 0, 0, 0, 0, 0, 0, 0, 0, 0, 0, 0, 0, 0, 0, 0, 0, 0, 0, 0, 0, 0, 0, 0, 0, 0, 0, 0] 
triadag10_7.txt 1_4x1.txt True 0.18888888888888888 0.5 1621.0 [1, 1, 1, 1, 1, 1, 1, 1, 1, 1, 1, 1, 1, 1, 1, 1, 1, 1, 1, 0, 1, 1, 1, 1, 0, 1, 0, 1, 0, 0, 0, 0, 0, 0, 0, 0, 0, 0, 0, 0, 0, 0, 0, 0, 0, 0, 0, 0, 0, 0, 0, 0, 0, 0, 0] 
triadag10_7.txt 1_4x1.txt True 0.18888888888888888 0.55 1621.0 [1, 1, 1, 1, 1, 1, 1, 1, 1, 1, 1, 1, 1, 1, 1, 1, 1, 1, 1, 0, 1, 1, 1, 1, 0, 1, 0, 1, 0, 0, 0, 0, 0, 0, 0, 0, 0, 0, 0, 0, 0, 0, 0, 0, 0, 0, 0, 0, 0, 0, 0, 0, 0, 0, 0] 
triadag10_7.txt 1_4x1.txt True 0.18888888888888888 0.6 1621.0 [1, 1, 1, 1, 1, 1, 1, 1, 1, 1, 1, 1, 1, 1, 1, 1, 1, 1, 1, 0, 1, 1, 1, 1, 0, 1, 0, 1, 0, 0, 0, 0, 0, 0, 0, 0, 0, 0, 0, 0, 0, 0, 0, 0, 0, 0, 0, 0, 0, 0, 0, 0, 0, 0, 0] 
triadag10_7.txt 1_4x1.txt True 0.18888888888888888 0.65 1621.0 [1, 1, 1, 1, 1, 1, 1, 1, 1, 1, 1, 1, 1, 1, 1, 1, 1, 1, 1, 0, 1, 1, 1, 1, 0, 1, 0, 1, 0, 0, 0, 0, 0, 0, 0, 0, 0, 0, 0, 0, 0, 0, 0, 0, 0, 0, 0, 0, 0, 0, 0, 0, 0, 0, 0] 
triadag10_7.txt 1_4x1.txt True 0.18888888888888888 0.7 1621.0 [1, 1, 1, 1, 1, 1, 1, 1, 1, 1, 1, 1, 1, 1, 1, 1, 1, 1, 1, 0, 1, 1, 1, 1, 0, 1, 0, 1, 0, 0, 0, 0, 0, 0, 0, 0, 0, 0, 0, 0, 0, 0, 0, 0, 0, 0, 0, 0, 0, 0, 0, 0, 0, 0, 0] 
triadag10_7.txt 1_4x1.txt True 0.18888888888888888 0.75 1621.0 [1, 1, 1, 1, 1, 1, 1, 1, 1, 1, 1, 1, 1, 1, 1, 1, 1, 1, 1, 0, 1, 1, 1, 1, 0, 1, 0, 1, 0, 0, 0, 0, 0, 0, 0, 0, 0, 0, 0, 0, 0, 0, 0, 0, 0, 0, 0, 0, 0, 0, 0, 0, 0, 0, 0] 
triadag10_7.txt 1_4x1.txt True 0.18888888888888888 0.8 1621.0 [1, 1, 1, 1, 1, 1, 1, 1, 1, 1, 1, 1, 1, 1, 1, 1, 1, 1, 1, 0, 1, 1, 1, 1, 0, 1, 0, 1, 0, 0, 0, 0, 0, 0, 0, 0, 0, 0, 0, 0, 0, 0, 0, 0, 0, 0, 0, 0, 0, 0, 0, 0, 0, 0, 0] 
triadag10_7.txt 1_4x1.txt True 0.18888888888888888 0.85 1621.0 [1, 1, 1, 1, 1, 1, 1, 1, 1, 1, 1, 1, 1, 1, 1, 1, 1, 1, 1, 0, 1, 1, 1, 1, 0, 1, 0, 1, 0, 0, 0, 0, 0, 0, 0, 0, 0, 0, 0, 0, 0, 0, 0, 0, 0, 0, 0, 0, 0, 0, 0, 0, 0, 0, 0] 
triadag10_7.txt 1_4x1.txt True 0.18888888888888888 0.9 1621.0 [1, 1, 1, 1, 1, 1, 1, 1, 1, 1, 1, 1, 1, 1, 1, 1, 1, 1, 1, 0, 1, 1, 1, 1, 0, 1, 0, 1, 0, 0, 0, 0, 0, 0, 0, 0, 0, 0, 0, 0, 0, 0, 0, 0, 0, 0, 0, 0, 0, 0, 0, 0, 0, 0, 0] 
triadag10_7.txt 1_4x1.txt True 0.18888888888888888 0.95 1621.0 [1, 1, 1, 1, 1, 1, 1, 1, 1, 1, 1, 1, 1, 1, 1, 1, 1, 1, 1, 0, 1, 1, 1, 1, 0, 1, 0, 1, 0, 0, 0, 0, 0, 0, 0, 0, 0, 0, 0, 0, 0, 0, 0, 0, 0, 0, 0, 0, 0, 0, 0, 0, 0, 0, 0] 
triadag10_7.txt 1_4x1.txt True 0.18888888888888888 1 1621.0 [1, 1, 1, 1, 1, 1, 1, 1, 1, 1, 1, 1, 1, 1, 1, 1, 1, 1, 1, 0, 1, 1, 1, 1, 0, 1, 0, 1, 0, 0, 0, 0, 0, 0, 0, 0, 0, 0, 0, 0, 0, 0, 0, 0, 0, 0, 0, 0, 0, 0, 0, 0, 0, 0, 0] 
triadag10_7.txt 3_2x2.txt True 0.022222222222222223 0.07 1529.0 [3, 3, 3, 3, 3, 3, 3, 3, 3, 2, 3, 3, 3, 3, 3, 3, 3, 3, 2, 3, 3, 3, 3, 3, 3, 3, 3, 3, 3, 3, 3, 3, 3, 3, 3, 3, 3, 3, 3, 3, 3, 3, 3, 3, 3, 3, 3, 3, 3, 3, 3, 3, 3, 3, 3] 
triadag10_7.txt 3_2x2.txt True 0.022222222222222223 0.08 1529.0 [3, 3, 3, 3, 3, 3, 3, 3, 3, 2, 3, 3, 3, 3, 3, 3, 3, 3, 2, 3, 3, 3, 3, 3, 3, 3, 3, 3, 3, 3, 3, 3, 3, 3, 3, 3, 3, 3, 3, 3, 3, 3, 3, 3, 3, 3, 3, 3, 3, 3, 3, 3, 3, 3, 3] 
triadag10_7.txt 3_2x2.txt True 0.022222222222222223 0.09 1529.0 [3, 3, 3, 3, 3, 3, 3, 3, 3, 2, 3, 3, 3, 3, 3, 3, 3, 3, 2, 3, 3, 3, 3, 3, 3, 3, 3, 3, 3, 3, 3, 3, 3, 3, 3, 3, 3, 3, 3, 3, 3, 3, 3, 3, 3, 3, 3, 3, 3, 3, 3, 3, 3, 3, 3] 
triadag10_7.txt 3_2x2.txt True 0.022222222222222223 0.1 1529.0 [3, 3, 3, 3, 3, 3, 3, 3, 3, 2, 3, 3, 3, 3, 3, 3, 3, 3, 2, 3, 3, 3, 3, 3, 3, 3, 3, 3, 3, 3, 3, 3, 3, 3, 3, 3, 3, 3, 3, 3, 3, 3, 3, 3, 3, 3, 3, 3, 3, 3, 3, 3, 3, 3, 3] 
triadag10_7.txt 3_2x2.txt True 0.022222222222222223 0.11 1529.0 [3, 3, 3, 3, 3, 3, 3, 3, 3, 2, 3, 3, 3, 3, 3, 3, 3, 3, 2, 3, 3, 3, 3, 3, 3, 3, 3, 3, 3, 3, 3, 3, 3, 3, 3, 3, 3, 3, 3, 3, 3, 3, 3, 3, 3, 3, 3, 3, 3, 3, 3, 3, 3, 3, 3] 
triadag10_7.txt 3_2x2.txt True 0.022222222222222223 0.12 1529.0 [3, 3, 3, 3, 3, 3, 3, 3, 3, 2, 3, 3, 3, 3, 3, 3, 3, 3, 2, 3, 3, 3, 3, 3, 3, 3, 3, 3, 3, 3, 3, 3, 3, 3, 3, 3, 3, 3, 3, 3, 3, 3, 3, 3, 3, 3, 3, 3, 3, 3, 3, 3, 3, 3, 3] 
triadag10_7.txt 3_2x2.txt True 0.022222222222222223 0.13 1529.0 [3, 3, 3, 3, 3, 3, 3, 3, 3, 2, 3, 3, 3, 3, 3, 3, 3, 3, 2, 3, 3, 3, 3, 3, 3, 3, 3, 3, 3, 3, 3, 3, 3, 3, 3, 3, 3, 3, 3, 3, 3, 3, 3, 3, 3, 3, 3, 3, 3, 3, 3, 3, 3, 3, 3] 
triadag10_7.txt 3_2x2.txt True 0.022222222222222223 0.14 1529.0 [3, 3, 3, 3, 3, 3, 3, 3, 3, 2, 3, 3, 3, 3, 3, 3, 3, 3, 2, 3, 3, 3, 3, 3, 3, 3, 3, 3, 3, 3, 3, 3, 3, 3, 3, 3, 3, 3, 3, 3, 3, 3, 3, 3, 3, 3, 3, 3, 3, 3, 3, 3, 3, 3, 3] 
triadag10_7.txt 3_2x2.txt True 0.022222222222222223 0.15 1529.0 [3, 3, 3, 3, 3, 3, 3, 3, 3, 2, 3, 3, 3, 3, 3, 3, 3, 3, 2, 3, 3, 3, 3, 3, 3, 3, 3, 3, 3, 3, 3, 3, 3, 3, 3, 3, 3, 3, 3, 3, 3, 3, 3, 3, 3, 3, 3, 3, 3, 3, 3, 3, 3, 3, 3] 
triadag10_7.txt 3_2x2.txt True 0.15555555555555556 0.16 1338.5 [3, 1, 3, 3, 3, 3, 3, 3, 3, 2, 1, 3, 3, 3, 3, 3, 3, 3, 2, 3, 3, 1, 3, 3, 3, 3, 2, 3, 3, 3, 3, 3, 3, 2, 3, 3, 3, 3, 3, 2, 3, 3, 3, 3, 3, 3, 3, 3, 3, 3, 3, 3, 3, 3, 3] 
triadag10_7.txt 3_2x2.txt True 0.16666666666666666 0.17 668.0 [2, 2, 3, 2, 2, 2, 2, 2, 2, 2, 2, 3, 2, 2, 2, 2, 2, 2, 2, 3, 2, 2, 2, 2, 2, 2, 2, 3, 3, 3, 3, 3, 3, 3, 3, 3, 3, 3, 3, 3, 3, 3, 3, 3, 3, 3, 3, 3, 3, 1, 3, 3, 1, 0, 0] 
triadag10_7.txt 3_2x2.txt True 0.16666666666666666 0.18 668.0 [2, 2, 3, 2, 2, 2, 2, 2, 2, 2, 2, 3, 2, 2, 2, 2, 2, 2, 2, 3, 2, 2, 2, 2, 2, 2, 2, 3, 3, 3, 3, 3, 3, 3, 3, 3, 3, 3, 3, 3, 3, 3, 3, 3, 3, 3, 3, 3, 3, 1, 3, 3, 1, 0, 0] 
triadag10_7.txt 3_2x2.txt True 0.16666666666666666 0.19 668.0 [2, 2, 3, 2, 2, 2, 2, 2, 2, 2, 2, 3, 2, 2, 2, 2, 2, 2, 2, 3, 2, 2, 2, 2, 2, 2, 2, 3, 3, 3, 3, 3, 3, 3, 3, 3, 3, 3, 3, 3, 3, 3, 3, 3, 3, 3, 3, 3, 3, 1, 3, 3, 1, 0, 0] 
triadag10_7.txt 3_2x2.txt True 0.2 0.2 639.0 [3, 3, 3, 3, 2, 3, 3, 2, 3, 3, 3, 3, 3, 2, 3, 3, 2, 3, 3, 1, 3, 2, 3, 3, 2, 3, 3, 1, 1, 1, 1, 1, 1, 1, 1, 1, 1, 1, 1, 1, 1, 1, 1, 1, 1, 0, 1, 1, 1, 0, 0, 0, 0, 0, 0] 
triadag10_7.txt 3_2x2.txt True 0.24444444444444444 0.25 478.0 [1, 1, 3, 1, 0, 0, 1, 1, 1, 0, 1, 3, 1, 0, 0, 1, 1, 1, 0, 3, 1, 0, 0, 1, 1, 1, 3, 3, 0, 3, 3, 3, 3, 3, 2, 3, 3, 3, 3, 3, 2, 2, 2, 2, 2, 2, 2, 2, 2, 2, 2, 2, 2, 2, 2] 
triadag10_7.txt 3_2x2.txt True 0.3 0.3 411.5 [0, 0, 3, 0, 0, 0, 1, 1, 1, 1, 0, 3, 0, 0, 0, 1, 1, 1, 1, 3, 0, 0, 0, 1, 1, 1, 1, 3, 3, 3, 3, 1, 3, 3, 2, 3, 3, 3, 3, 3, 2, 2, 3, 2, 3, 2, 2, 2, 2, 2, 2, 2, 2, 2, 2] 
triadag10_7.txt 3_2x2.txt True 0.3 0.35 411.5 [0, 0, 3, 0, 0, 0, 1, 1, 1, 1, 0, 3, 0, 0, 0, 1, 1, 1, 1, 3, 0, 0, 0, 1, 1, 1, 1, 3, 3, 3, 3, 1, 3, 3, 2, 3, 3, 3, 3, 3, 2, 2, 3, 2, 3, 2, 2, 2, 2, 2, 2, 2, 2, 2, 2] 
triadag10_7.txt 3_2x2.txt True 0.3 0.4 411.5 [0, 0, 3, 0, 0, 0, 1, 1, 1, 1, 0, 3, 0, 0, 0, 1, 1, 1, 1, 3, 0, 0, 0, 1, 1, 1, 1, 3, 3, 3, 3, 1, 3, 3, 2, 3, 3, 3, 3, 3, 2, 2, 3, 2, 3, 2, 2, 2, 2, 2, 2, 2, 2, 2, 2] 
triadag10_7.txt 3_2x2.txt True 0.3 0.45 411.5 [0, 0, 3, 0, 0, 0, 1, 1, 1, 1, 0, 3, 0, 0, 0, 1, 1, 1, 1, 3, 0, 0, 0, 1, 1, 1, 1, 3, 3, 3, 3, 1, 3, 3, 2, 3, 3, 3, 3, 3, 2, 2, 3, 2, 3, 2, 2, 2, 2, 2, 2, 2, 2, 2, 2] 
triadag10_7.txt 3_2x2.txt True 0.3 0.5 411.5 [0, 0, 3, 0, 0, 0, 1, 1, 1, 1, 0, 3, 0, 0, 0, 1, 1, 1, 1, 3, 0, 0, 0, 1, 1, 1, 1, 3, 3, 3, 3, 1, 3, 3, 2, 3, 3, 3, 3, 3, 2, 2, 3, 2, 3, 2, 2, 2, 2, 2, 2, 2, 2, 2, 2] 
triadag10_7.txt 3_2x2.txt True 0.3 0.55 411.5 [0, 0, 3, 0, 0, 0, 1, 1, 1, 1, 0, 3, 0, 0, 0, 1, 1, 1, 1, 3, 0, 0, 0, 1, 1, 1, 1, 3, 3, 3, 3, 1, 3, 3, 2, 3, 3, 3, 3, 3, 2, 2, 3, 2, 3, 2, 2, 2, 2, 2, 2, 2, 2, 2, 2] 
triadag10_7.txt 3_2x2.txt True 0.3 0.6 411.5 [0, 0, 3, 0, 0, 0, 1, 1, 1, 1, 0, 3, 0, 0, 0, 1, 1, 1, 1, 3, 0, 0, 0, 1, 1, 1, 1, 3, 3, 3, 3, 1, 3, 3, 2, 3, 3, 3, 3, 3, 2, 2, 3, 2, 3, 2, 2, 2, 2, 2, 2, 2, 2, 2, 2] 
triadag10_7.txt 3_2x2.txt True 0.3 0.65 411.5 [0, 0, 3, 0, 0, 0, 1, 1, 1, 1, 0, 3, 0, 0, 0, 1, 1, 1, 1, 3, 0, 0, 0, 1, 1, 1, 1, 3, 3, 3, 3, 1, 3, 3, 2, 3, 3, 3, 3, 3, 2, 2, 3, 2, 3, 2, 2, 2, 2, 2, 2, 2, 2, 2, 2] 
triadag10_7.txt 3_2x2.txt True 0.3 0.7 411.5 [0, 0, 3, 0, 0, 0, 1, 1, 1, 1, 0, 3, 0, 0, 0, 1, 1, 1, 1, 3, 0, 0, 0, 1, 1, 1, 1, 3, 3, 3, 3, 1, 3, 3, 2, 3, 3, 3, 3, 3, 2, 2, 3, 2, 3, 2, 2, 2, 2, 2, 2, 2, 2, 2, 2] 
triadag10_7.txt 3_2x2.txt True 0.3 0.75 411.5 [0, 0, 3, 0, 0, 0, 1, 1, 1, 1, 0, 3, 0, 0, 0, 1, 1, 1, 1, 3, 0, 0, 0, 1, 1, 1, 1, 3, 3, 3, 3, 1, 3, 3, 2, 3, 3, 3, 3, 3, 2, 2, 3, 2, 3, 2, 2, 2, 2, 2, 2, 2, 2, 2, 2] 
triadag10_7.txt 3_2x2.txt True 0.3 0.8 411.5 [0, 0, 3, 0, 0, 0, 1, 1, 1, 1, 0, 3, 0, 0, 0, 1, 1, 1, 1, 3, 0, 0, 0, 1, 1, 1, 1, 3, 3, 3, 3, 1, 3, 3, 2, 3, 3, 3, 3, 3, 2, 2, 3, 2, 3, 2, 2, 2, 2, 2, 2, 2, 2, 2, 2] 
triadag10_7.txt 3_2x2.txt True 0.3 0.85 411.5 [0, 0, 3, 0, 0, 0, 1, 1, 1, 1, 0, 3, 0, 0, 0, 1, 1, 1, 1, 3, 0, 0, 0, 1, 1, 1, 1, 3, 3, 3, 3, 1, 3, 3, 2, 3, 3, 3, 3, 3, 2, 2, 3, 2, 3, 2, 2, 2, 2, 2, 2, 2, 2, 2, 2] 
triadag10_7.txt 3_2x2.txt True 0.3 0.9 411.5 [0, 0, 3, 0, 0, 0, 1, 1, 1, 1, 0, 3, 0, 0, 0, 1, 1, 1, 1, 3, 0, 0, 0, 1, 1, 1, 1, 3, 3, 3, 3, 1, 3, 3, 2, 3, 3, 3, 3, 3, 2, 2, 3, 2, 3, 2, 2, 2, 2, 2, 2, 2, 2, 2, 2] 
triadag10_7.txt 3_2x2.txt True 0.3 0.95 411.5 [0, 0, 3, 0, 0, 0, 1, 1, 1, 1, 0, 3, 0, 0, 0, 1, 1, 1, 1, 3, 0, 0, 0, 1, 1, 1, 1, 3, 3, 3, 3, 1, 3, 3, 2, 3, 3, 3, 3, 3, 2, 2, 3, 2, 3, 2, 2, 2, 2, 2, 2, 2, 2, 2, 2] 
triadag10_7.txt 3_2x2.txt True 0.3 1 411.5 [0, 0, 3, 0, 0, 0, 1, 1, 1, 1, 0, 3, 0, 0, 0, 1, 1, 1, 1, 3, 0, 0, 0, 1, 1, 1, 1, 3, 3, 3, 3, 1, 3, 3, 2, 3, 3, 3, 3, 3, 2, 2, 3, 2, 3, 2, 2, 2, 2, 2, 2, 2, 2, 2, 2] 
triadag10_7.txt 1_4x4.txt True 0.0 0.07 811.0 [7, 7, 7, 7, 7, 7, 7, 7, 7, 7, 7, 7, 7, 7, 7, 7, 7, 7, 7, 7, 7, 7, 7, 7, 7, 7, 7, 7, 7, 7, 7, 7, 7, 7, 7, 7, 7, 7, 7, 7, 7, 7, 7, 7, 7, 7, 7, 7, 7, 7, 7, 7, 7, 7, 7] 
triadag10_7.txt 1_4x4.txt True 0.07777777777777778 0.08 720.5 [7, 7, 7, 7, 7, 1, 7, 4, 7, 7, 7, 7, 7, 7, 1, 6, 4, 7, 7, 7, 7, 7, 7, 7, 7, 7, 7, 7, 7, 7, 7, 7, 7, 7, 7, 7, 7, 7, 7, 7, 7, 7, 7, 7, 7, 7, 7, 7, 7, 7, 7, 7, 7, 7, 7] 
triadag10_7.txt 1_4x4.txt True 0.07777777777777778 0.09 720.5 [7, 7, 7, 7, 7, 1, 7, 4, 7, 7, 7, 7, 7, 7, 1, 6, 4, 7, 7, 7, 7, 7, 7, 7, 7, 7, 7, 7, 7, 7, 7, 7, 7, 7, 7, 7, 7, 7, 7, 7, 7, 7, 7, 7, 7, 7, 7, 7, 7, 7, 7, 7, 7, 7, 7] 
triadag10_7.txt 1_4x4.txt True 0.07777777777777778 0.1 720.5 [7, 7, 7, 7, 7, 1, 7, 4, 7, 7, 7, 7, 7, 7, 1, 6, 4, 7, 7, 7, 7, 7, 7, 7, 7, 7, 7, 7, 7, 7, 7, 7, 7, 7, 7, 7, 7, 7, 7, 7, 7, 7, 7, 7, 7, 7, 7, 7, 7, 7, 7, 7, 7, 7, 7] 
triadag10_7.txt 1_4x4.txt True 0.07777777777777778 0.11 720.5 [7, 7, 7, 7, 7, 1, 7, 4, 7, 7, 7, 7, 7, 7, 1, 6, 4, 7, 7, 7, 7, 7, 7, 7, 7, 7, 7, 7, 7, 7, 7, 7, 7, 7, 7, 7, 7, 7, 7, 7, 7, 7, 7, 7, 7, 7, 7, 7, 7, 7, 7, 7, 7, 7, 7] 
triadag10_7.txt 1_4x4.txt True 0.07777777777777778 0.12 720.5 [7, 7, 7, 7, 7, 1, 7, 4, 7, 7, 7, 7, 7, 7, 1, 6, 4, 7, 7, 7, 7, 7, 7, 7, 7, 7, 7, 7, 7, 7, 7, 7, 7, 7, 7, 7, 7, 7, 7, 7, 7, 7, 7, 7, 7, 7, 7, 7, 7, 7, 7, 7, 7, 7, 7] 
triadag10_7.txt 1_4x4.txt True 0.07777777777777778 0.13 720.5 [7, 7, 7, 7, 7, 1, 7, 4, 7, 7, 7, 7, 7, 7, 1, 6, 4, 7, 7, 7, 7, 7, 7, 7, 7, 7, 7, 7, 7, 7, 7, 7, 7, 7, 7, 7, 7, 7, 7, 7, 7, 7, 7, 7, 7, 7, 7, 7, 7, 7, 7, 7, 7, 7, 7] 
triadag10_7.txt 1_4x4.txt True 0.07777777777777778 0.14 720.5 [7, 7, 7, 7, 7, 1, 7, 4, 7, 7, 7, 7, 7, 7, 1, 6, 4, 7, 7, 7, 7, 7, 7, 7, 7, 7, 7, 7, 7, 7, 7, 7, 7, 7, 7, 7, 7, 7, 7, 7, 7, 7, 7, 7, 7, 7, 7, 7, 7, 7, 7, 7, 7, 7, 7] 
triadag10_7.txt 1_4x4.txt True 0.07777777777777778 0.15 720.5 [7, 7, 7, 7, 7, 1, 7, 4, 7, 7, 7, 7, 7, 7, 1, 6, 4, 7, 7, 7, 7, 7, 7, 7, 7, 7, 7, 7, 7, 7, 7, 7, 7, 7, 7, 7, 7, 7, 7, 7, 7, 7, 7, 7, 7, 7, 7, 7, 7, 7, 7, 7, 7, 7, 7] 
triadag10_7.txt 1_4x4.txt True 0.07777777777777778 0.16 720.5 [7, 7, 7, 7, 7, 1, 7, 4, 7, 7, 7, 7, 7, 7, 1, 6, 4, 7, 7, 7, 7, 7, 7, 7, 7, 7, 7, 7, 7, 7, 7, 7, 7, 7, 7, 7, 7, 7, 7, 7, 7, 7, 7, 7, 7, 7, 7, 7, 7, 7, 7, 7, 7, 7, 7] 
triadag10_7.txt 1_4x4.txt True 0.07777777777777778 0.17 720.5 [7, 7, 7, 7, 7, 1, 7, 4, 7, 7, 7, 7, 7, 7, 1, 6, 4, 7, 7, 7, 7, 7, 7, 7, 7, 7, 7, 7, 7, 7, 7, 7, 7, 7, 7, 7, 7, 7, 7, 7, 7, 7, 7, 7, 7, 7, 7, 7, 7, 7, 7, 7, 7, 7, 7] 
triadag10_7.txt 1_4x4.txt True 0.17777777777777778 0.18 567.0 [7, 7, 7, 7, 7, 1, 6, 4, 7, 7, 7, 7, 7, 7, 1, 6, 4, 7, 7, 7, 7, 7, 1, 6, 4, 7, 7, 7, 7, 7, 6, 4, 7, 7, 7, 7, 6, 4, 7, 7, 7, 6, 4, 7, 7, 7, 4, 7, 7, 7, 7, 7, 7, 7, 7] 
triadag10_7.txt 1_4x4.txt True 0.17777777777777778 0.19 567.0 [7, 7, 7, 7, 7, 1, 6, 4, 7, 7, 7, 7, 7, 7, 1, 6, 4, 7, 7, 7, 7, 7, 1, 6, 4, 7, 7, 7, 7, 7, 6, 4, 7, 7, 7, 7, 6, 4, 7, 7, 7, 6, 4, 7, 7, 7, 4, 7, 7, 7, 7, 7, 7, 7, 7] 
triadag10_7.txt 1_4x4.txt True 0.17777777777777778 0.2 567.0 [7, 7, 7, 7, 7, 1, 6, 4, 7, 7, 7, 7, 7, 7, 1, 6, 4, 7, 7, 7, 7, 7, 1, 6, 4, 7, 7, 7, 7, 7, 6, 4, 7, 7, 7, 7, 6, 4, 7, 7, 7, 6, 4, 7, 7, 7, 4, 7, 7, 7, 7, 7, 7, 7, 7] 
triadag10_7.txt 1_4x4.txt True 0.2222222222222222 0.25 515.5 [7, 7, 7, 7, 7, 1, 6, 4, 7, 7, 7, 7, 7, 7, 1, 6, 4, 7, 7, 7, 7, 7, 1, 6, 4, 7, 7, 7, 7, 1, 6, 4, 7, 7, 7, 1, 6, 4, 7, 7, 7, 6, 4, 7, 7, 7, 4, 7, 7, 4, 7, 7, 7, 7, 7] 
triadag10_7.txt 1_4x4.txt True 0.28888888888888886 0.3 215.75 [7, 5, 7, 2, 7, 6, 7, 7, 7, 4, 5, 7, 2, 7, 6, 7, 7, 7, 4, 5, 2, 5, 5, 5, 5, 5, 5, 3, 5, 5, 5, 5, 5, 5, 3, 3, 3, 3, 3, 3, 3, 3, 3, 3, 3, 3, 3, 3, 3, 0, 3, 3, 0, 1, 1] 
triadag10_7.txt 1_4x4.txt True 0.28888888888888886 0.35 215.75 [7, 5, 7, 2, 7, 6, 7, 7, 7, 4, 5, 7, 2, 7, 6, 7, 7, 7, 4, 5, 2, 5, 5, 5, 5, 5, 5, 3, 5, 5, 5, 5, 5, 5, 3, 3, 3, 3, 3, 3, 3, 3, 3, 3, 3, 3, 3, 3, 3, 0, 3, 3, 0, 1, 1] 
triadag10_7.txt 1_4x4.txt True 0.37777777777777777 0.4 471.0 [3, 3, 4, 2, 0, 4, 2, 1, 3, 1, 3, 4, 2, 0, 4, 2, 3, 3, 1, 5, 2, 0, 4, 2, 3, 3, 1, 5, 0, 4, 5, 5, 5, 5, 6, 4, 5, 5, 5, 5, 6, 6, 6, 6, 6, 6, 6, 6, 6, 7, 6, 7, 7, 7, 7] 
triadag10_7.txt 1_4x4.txt True 0.4444444444444444 0.45 431.0 [7, 5, 1, 6, 4, 5, 7, 4, 7, 6, 5, 1, 6, 4, 5, 7, 4, 7, 6, 1, 6, 4, 5, 7, 4, 5, 6, 0, 1, 1, 1, 3, 5, 6, 0, 0, 0, 3, 0, 0, 3, 0, 3, 0, 0, 2, 3, 3, 3, 2, 2, 3, 2, 2, 2] 
triadag10_7.txt 1_4x4.txt True 0.4777777777777778 0.5 418.0 [2, 0, 2, 4, 7, 3, 0, 2, 3, 3, 1, 2, 4, 7, 3, 0, 2, 2, 3, 1, 4, 7, 1, 0, 1, 2, 1, 4, 7, 1, 0, 1, 1, 1, 7, 5, 4, 4, 4, 5, 5, 4, 4, 5, 7, 6, 7, 5, 5, 6, 5, 6, 6, 6, 6] 
triadag10_7.txt 1_4x4.txt True 0.4777777777777778 0.55 418.0 [2, 0, 2, 4, 7, 3, 0, 2, 3, 3, 1, 2, 4, 7, 3, 0, 2, 2, 3, 1, 4, 7, 1, 0, 1, 2, 1, 4, 7, 1, 0, 1, 1, 1, 7, 5, 4, 4, 4, 5, 5, 4, 4, 5, 7, 6, 7, 5, 5, 6, 5, 6, 6, 6, 6] 
triadag10_7.txt 1_4x4.txt True 0.4777777777777778 0.6 418.0 [2, 0, 2, 4, 7, 3, 0, 2, 3, 3, 1, 2, 4, 7, 3, 0, 2, 2, 3, 1, 4, 7, 1, 0, 1, 2, 1, 4, 7, 1, 0, 1, 1, 1, 7, 5, 4, 4, 4, 5, 5, 4, 4, 5, 7, 6, 7, 5, 5, 6, 5, 6, 6, 6, 6] 
triadag10_7.txt 1_4x4.txt True 0.4777777777777778 0.65 418.0 [2, 0, 2, 4, 7, 3, 0, 2, 3, 3, 1, 2, 4, 7, 3, 0, 2, 2, 3, 1, 4, 7, 1, 0, 1, 2, 1, 4, 7, 1, 0, 1, 1, 1, 7, 5, 4, 4, 4, 5, 5, 4, 4, 5, 7, 6, 7, 5, 5, 6, 5, 6, 6, 6, 6] 
triadag10_7.txt 1_4x4.txt True 0.4777777777777778 0.7 418.0 [2, 0, 2, 4, 7, 3, 0, 2, 3, 3, 1, 2, 4, 7, 3, 0, 2, 2, 3, 1, 4, 7, 1, 0, 1, 2, 1, 4, 7, 1, 0, 1, 1, 1, 7, 5, 4, 4, 4, 5, 5, 4, 4, 5, 7, 6, 7, 5, 5, 6, 5, 6, 6, 6, 6] 
triadag10_7.txt 1_4x4.txt True 0.4777777777777778 0.75 418.0 [2, 0, 2, 4, 7, 3, 0, 2, 3, 3, 1, 2, 4, 7, 3, 0, 2, 2, 3, 1, 4, 7, 1, 0, 1, 2, 1, 4, 7, 1, 0, 1, 1, 1, 7, 5, 4, 4, 4, 5, 5, 4, 4, 5, 7, 6, 7, 5, 5, 6, 5, 6, 6, 6, 6] 
triadag10_7.txt 1_4x4.txt True 0.4777777777777778 0.8 418.0 [2, 0, 2, 4, 7, 3, 0, 2, 3, 3, 1, 2, 4, 7, 3, 0, 2, 2, 3, 1, 4, 7, 1, 0, 1, 2, 1, 4, 7, 1, 0, 1, 1, 1, 7, 5, 4, 4, 4, 5, 5, 4, 4, 5, 7, 6, 7, 5, 5, 6, 5, 6, 6, 6, 6] 
triadag10_7.txt 1_4x4.txt True 0.4777777777777778 0.85 418.0 [2, 0, 2, 4, 7, 3, 0, 2, 3, 3, 1, 2, 4, 7, 3, 0, 2, 2, 3, 1, 4, 7, 1, 0, 1, 2, 1, 4, 7, 1, 0, 1, 1, 1, 7, 5, 4, 4, 4, 5, 5, 4, 4, 5, 7, 6, 7, 5, 5, 6, 5, 6, 6, 6, 6] 
triadag10_7.txt 1_4x4.txt True 0.4777777777777778 0.9 418.0 [2, 0, 2, 4, 7, 3, 0, 2, 3, 3, 1, 2, 4, 7, 3, 0, 2, 2, 3, 1, 4, 7, 1, 0, 1, 2, 1, 4, 7, 1, 0, 1, 1, 1, 7, 5, 4, 4, 4, 5, 5, 4, 4, 5, 7, 6, 7, 5, 5, 6, 5, 6, 6, 6, 6] 
triadag10_7.txt 1_4x4.txt True 0.4777777777777778 0.95 418.0 [2, 0, 2, 4, 7, 3, 0, 2, 3, 3, 1, 2, 4, 7, 3, 0, 2, 2, 3, 1, 4, 7, 1, 0, 1, 2, 1, 4, 7, 1, 0, 1, 1, 1, 7, 5, 4, 4, 4, 5, 5, 4, 4, 5, 7, 6, 7, 5, 5, 6, 5, 6, 6, 6, 6] 
triadag10_7.txt 1_4x4.txt True 0.4777777777777778 1 418.0 [2, 0, 2, 4, 7, 3, 0, 2, 3, 3, 1, 2, 4, 7, 3, 0, 2, 2, 3, 1, 4, 7, 1, 0, 1, 2, 1, 4, 7, 1, 0, 1, 1, 1, 7, 5, 4, 4, 4, 5, 5, 4, 4, 5, 7, 6, 7, 5, 5, 6, 5, 6, 6, 6, 6] 
triadag10_7.txt 1_4x2.txt True 0.022222222222222223 0.07 764.5 [3, 3, 3, 3, 3, 3, 3, 3, 3, 2, 3, 3, 3, 3, 3, 3, 3, 3, 2, 3, 3, 3, 3, 3, 3, 3, 3, 3, 3, 3, 3, 3, 3, 3, 3, 3, 3, 3, 3, 3, 3, 3, 3, 3, 3, 3, 3, 3, 3, 3, 3, 3, 3, 3, 3] 
triadag10_7.txt 1_4x2.txt True 0.022222222222222223 0.08 764.5 [3, 3, 3, 3, 3, 3, 3, 3, 3, 2, 3, 3, 3, 3, 3, 3, 3, 3, 2, 3, 3, 3, 3, 3, 3, 3, 3, 3, 3, 3, 3, 3, 3, 3, 3, 3, 3, 3, 3, 3, 3, 3, 3, 3, 3, 3, 3, 3, 3, 3, 3, 3, 3, 3, 3] 
triadag10_7.txt 1_4x2.txt True 0.022222222222222223 0.09 764.5 [3, 3, 3, 3, 3, 3, 3, 3, 3, 2, 3, 3, 3, 3, 3, 3, 3, 3, 2, 3, 3, 3, 3, 3, 3, 3, 3, 3, 3, 3, 3, 3, 3, 3, 3, 3, 3, 3, 3, 3, 3, 3, 3, 3, 3, 3, 3, 3, 3, 3, 3, 3, 3, 3, 3] 
triadag10_7.txt 1_4x2.txt True 0.022222222222222223 0.1 764.5 [3, 3, 3, 3, 3, 3, 3, 3, 3, 2, 3, 3, 3, 3, 3, 3, 3, 3, 2, 3, 3, 3, 3, 3, 3, 3, 3, 3, 3, 3, 3, 3, 3, 3, 3, 3, 3, 3, 3, 3, 3, 3, 3, 3, 3, 3, 3, 3, 3, 3, 3, 3, 3, 3, 3] 
triadag10_7.txt 1_4x2.txt True 0.022222222222222223 0.11 764.5 [3, 3, 3, 3, 3, 3, 3, 3, 3, 2, 3, 3, 3, 3, 3, 3, 3, 3, 2, 3, 3, 3, 3, 3, 3, 3, 3, 3, 3, 3, 3, 3, 3, 3, 3, 3, 3, 3, 3, 3, 3, 3, 3, 3, 3, 3, 3, 3, 3, 3, 3, 3, 3, 3, 3] 
triadag10_7.txt 1_4x2.txt True 0.022222222222222223 0.12 764.5 [3, 3, 3, 3, 3, 3, 3, 3, 3, 2, 3, 3, 3, 3, 3, 3, 3, 3, 2, 3, 3, 3, 3, 3, 3, 3, 3, 3, 3, 3, 3, 3, 3, 3, 3, 3, 3, 3, 3, 3, 3, 3, 3, 3, 3, 3, 3, 3, 3, 3, 3, 3, 3, 3, 3] 
triadag10_7.txt 1_4x2.txt True 0.022222222222222223 0.13 764.5 [3, 3, 3, 3, 3, 3, 3, 3, 3, 2, 3, 3, 3, 3, 3, 3, 3, 3, 2, 3, 3, 3, 3, 3, 3, 3, 3, 3, 3, 3, 3, 3, 3, 3, 3, 3, 3, 3, 3, 3, 3, 3, 3, 3, 3, 3, 3, 3, 3, 3, 3, 3, 3, 3, 3] 
triadag10_7.txt 1_4x2.txt True 0.022222222222222223 0.14 764.5 [3, 3, 3, 3, 3, 3, 3, 3, 3, 2, 3, 3, 3, 3, 3, 3, 3, 3, 2, 3, 3, 3, 3, 3, 3, 3, 3, 3, 3, 3, 3, 3, 3, 3, 3, 3, 3, 3, 3, 3, 3, 3, 3, 3, 3, 3, 3, 3, 3, 3, 3, 3, 3, 3, 3] 
triadag10_7.txt 1_4x2.txt True 0.022222222222222223 0.15 764.5 [3, 3, 3, 3, 3, 3, 3, 3, 3, 2, 3, 3, 3, 3, 3, 3, 3, 3, 2, 3, 3, 3, 3, 3, 3, 3, 3, 3, 3, 3, 3, 3, 3, 3, 3, 3, 3, 3, 3, 3, 3, 3, 3, 3, 3, 3, 3, 3, 3, 3, 3, 3, 3, 3, 3] 
triadag10_7.txt 1_4x2.txt True 0.15555555555555556 0.16 669.25 [3, 1, 3, 3, 3, 3, 3, 3, 3, 2, 1, 3, 3, 3, 3, 3, 3, 3, 2, 3, 3, 1, 3, 3, 3, 3, 2, 3, 3, 3, 3, 3, 3, 2, 3, 3, 3, 3, 3, 2, 3, 3, 3, 3, 3, 3, 3, 3, 3, 3, 3, 3, 3, 3, 3] 
triadag10_7.txt 1_4x2.txt True 0.15555555555555556 0.17 669.25 [3, 1, 3, 3, 3, 3, 3, 3, 3, 2, 1, 3, 3, 3, 3, 3, 3, 3, 2, 3, 3, 1, 3, 3, 3, 3, 2, 3, 3, 3, 3, 3, 3, 2, 3, 3, 3, 3, 3, 2, 3, 3, 3, 3, 3, 3, 3, 3, 3, 3, 3, 3, 3, 3, 3] 
triadag10_7.txt 1_4x2.txt True 0.15555555555555556 0.18 669.25 [3, 1, 3, 3, 3, 3, 3, 3, 3, 2, 1, 3, 3, 3, 3, 3, 3, 3, 2, 3, 3, 1, 3, 3, 3, 3, 2, 3, 3, 3, 3, 3, 3, 2, 3, 3, 3, 3, 3, 2, 3, 3, 3, 3, 3, 3, 3, 3, 3, 3, 3, 3, 3, 3, 3] 
triadag10_7.txt 1_4x2.txt True 0.15555555555555556 0.19 669.25 [3, 1, 3, 3, 3, 3, 3, 3, 3, 2, 1, 3, 3, 3, 3, 3, 3, 3, 2, 3, 3, 1, 3, 3, 3, 3, 2, 3, 3, 3, 3, 3, 3, 2, 3, 3, 3, 3, 3, 2, 3, 3, 3, 3, 3, 3, 3, 3, 3, 3, 3, 3, 3, 3, 3] 
triadag10_7.txt 1_4x2.txt True 0.2 0.2 459.0 [3, 3, 3, 3, 2, 3, 3, 2, 3, 3, 3, 3, 3, 2, 3, 3, 2, 3, 3, 1, 3, 2, 3, 3, 2, 3, 3, 1, 1, 1, 1, 1, 1, 1, 1, 1, 1, 1, 1, 1, 1, 1, 1, 1, 1, 0, 1, 1, 1, 0, 0, 0, 0, 0, 0] 
triadag10_7.txt 1_4x2.txt True 0.24444444444444444 0.25 796.0 [1, 1, 2, 0, 1, 0, 1, 0, 1, 1, 1, 2, 0, 1, 0, 1, 0, 1, 1, 2, 0, 1, 0, 1, 0, 1, 1, 2, 2, 2, 2, 2, 2, 2, 3, 2, 2, 2, 2, 2, 3, 3, 3, 3, 3, 3, 3, 3, 3, 3, 3, 3, 3, 3, 3] 
triadag10_7.txt 1_4x2.txt True 0.3 0.3 819.0 [0, 0, 3, 0, 0, 0, 1, 1, 1, 1, 0, 3, 0, 0, 0, 1, 1, 1, 1, 3, 0, 0, 0, 1, 1, 1, 1, 3, 3, 3, 3, 1, 3, 3, 2, 3, 3, 3, 3, 3, 2, 2, 3, 2, 3, 2, 2, 2, 2, 2, 2, 2, 2, 2, 2] 
triadag10_7.txt 1_4x2.txt True 0.3 0.35 819.0 [0, 0, 3, 0, 0, 0, 1, 1, 1, 1, 0, 3, 0, 0, 0, 1, 1, 1, 1, 3, 0, 0, 0, 1, 1, 1, 1, 3, 3, 3, 3, 1, 3, 3, 2, 3, 3, 3, 3, 3, 2, 2, 3, 2, 3, 2, 2, 2, 2, 2, 2, 2, 2, 2, 2] 
triadag10_7.txt 1_4x2.txt True 0.3 0.4 819.0 [0, 0, 3, 0, 0, 0, 1, 1, 1, 1, 0, 3, 0, 0, 0, 1, 1, 1, 1, 3, 0, 0, 0, 1, 1, 1, 1, 3, 3, 3, 3, 1, 3, 3, 2, 3, 3, 3, 3, 3, 2, 2, 3, 2, 3, 2, 2, 2, 2, 2, 2, 2, 2, 2, 2] 
triadag10_7.txt 1_4x2.txt True 0.3 0.45 819.0 [0, 0, 3, 0, 0, 0, 1, 1, 1, 1, 0, 3, 0, 0, 0, 1, 1, 1, 1, 3, 0, 0, 0, 1, 1, 1, 1, 3, 3, 3, 3, 1, 3, 3, 2, 3, 3, 3, 3, 3, 2, 2, 3, 2, 3, 2, 2, 2, 2, 2, 2, 2, 2, 2, 2] 
triadag10_7.txt 1_4x2.txt True 0.3 0.5 819.0 [0, 0, 3, 0, 0, 0, 1, 1, 1, 1, 0, 3, 0, 0, 0, 1, 1, 1, 1, 3, 0, 0, 0, 1, 1, 1, 1, 3, 3, 3, 3, 1, 3, 3, 2, 3, 3, 3, 3, 3, 2, 2, 3, 2, 3, 2, 2, 2, 2, 2, 2, 2, 2, 2, 2] 
triadag10_7.txt 1_4x2.txt True 0.3 0.55 819.0 [0, 0, 3, 0, 0, 0, 1, 1, 1, 1, 0, 3, 0, 0, 0, 1, 1, 1, 1, 3, 0, 0, 0, 1, 1, 1, 1, 3, 3, 3, 3, 1, 3, 3, 2, 3, 3, 3, 3, 3, 2, 2, 3, 2, 3, 2, 2, 2, 2, 2, 2, 2, 2, 2, 2] 
triadag10_7.txt 1_4x2.txt True 0.3 0.6 819.0 [0, 0, 3, 0, 0, 0, 1, 1, 1, 1, 0, 3, 0, 0, 0, 1, 1, 1, 1, 3, 0, 0, 0, 1, 1, 1, 1, 3, 3, 3, 3, 1, 3, 3, 2, 3, 3, 3, 3, 3, 2, 2, 3, 2, 3, 2, 2, 2, 2, 2, 2, 2, 2, 2, 2] 
triadag10_7.txt 1_4x2.txt True 0.3 0.65 819.0 [0, 0, 3, 0, 0, 0, 1, 1, 1, 1, 0, 3, 0, 0, 0, 1, 1, 1, 1, 3, 0, 0, 0, 1, 1, 1, 1, 3, 3, 3, 3, 1, 3, 3, 2, 3, 3, 3, 3, 3, 2, 2, 3, 2, 3, 2, 2, 2, 2, 2, 2, 2, 2, 2, 2] 
triadag10_7.txt 1_4x2.txt True 0.3 0.7 819.0 [0, 0, 3, 0, 0, 0, 1, 1, 1, 1, 0, 3, 0, 0, 0, 1, 1, 1, 1, 3, 0, 0, 0, 1, 1, 1, 1, 3, 3, 3, 3, 1, 3, 3, 2, 3, 3, 3, 3, 3, 2, 2, 3, 2, 3, 2, 2, 2, 2, 2, 2, 2, 2, 2, 2] 
triadag10_7.txt 1_4x2.txt True 0.3 0.75 819.0 [0, 0, 3, 0, 0, 0, 1, 1, 1, 1, 0, 3, 0, 0, 0, 1, 1, 1, 1, 3, 0, 0, 0, 1, 1, 1, 1, 3, 3, 3, 3, 1, 3, 3, 2, 3, 3, 3, 3, 3, 2, 2, 3, 2, 3, 2, 2, 2, 2, 2, 2, 2, 2, 2, 2] 
triadag10_7.txt 1_4x2.txt True 0.3 0.8 819.0 [0, 0, 3, 0, 0, 0, 1, 1, 1, 1, 0, 3, 0, 0, 0, 1, 1, 1, 1, 3, 0, 0, 0, 1, 1, 1, 1, 3, 3, 3, 3, 1, 3, 3, 2, 3, 3, 3, 3, 3, 2, 2, 3, 2, 3, 2, 2, 2, 2, 2, 2, 2, 2, 2, 2] 
triadag10_7.txt 1_4x2.txt True 0.3 0.85 819.0 [0, 0, 3, 0, 0, 0, 1, 1, 1, 1, 0, 3, 0, 0, 0, 1, 1, 1, 1, 3, 0, 0, 0, 1, 1, 1, 1, 3, 3, 3, 3, 1, 3, 3, 2, 3, 3, 3, 3, 3, 2, 2, 3, 2, 3, 2, 2, 2, 2, 2, 2, 2, 2, 2, 2] 
triadag10_7.txt 1_4x2.txt True 0.3 0.9 819.0 [0, 0, 3, 0, 0, 0, 1, 1, 1, 1, 0, 3, 0, 0, 0, 1, 1, 1, 1, 3, 0, 0, 0, 1, 1, 1, 1, 3, 3, 3, 3, 1, 3, 3, 2, 3, 3, 3, 3, 3, 2, 2, 3, 2, 3, 2, 2, 2, 2, 2, 2, 2, 2, 2, 2] 
triadag10_7.txt 1_4x2.txt True 0.3 0.95 819.0 [0, 0, 3, 0, 0, 0, 1, 1, 1, 1, 0, 3, 0, 0, 0, 1, 1, 1, 1, 3, 0, 0, 0, 1, 1, 1, 1, 3, 3, 3, 3, 1, 3, 3, 2, 3, 3, 3, 3, 3, 2, 2, 3, 2, 3, 2, 2, 2, 2, 2, 2, 2, 2, 2, 2] 
triadag10_7.txt 1_4x2.txt True 0.3 1 819.0 [0, 0, 3, 0, 0, 0, 1, 1, 1, 1, 0, 3, 0, 0, 0, 1, 1, 1, 1, 3, 0, 0, 0, 1, 1, 1, 1, 3, 3, 3, 3, 1, 3, 3, 2, 3, 3, 3, 3, 3, 2, 2, 3, 2, 3, 2, 2, 2, 2, 2, 2, 2, 2, 2, 2] 
triadag10_7.txt 1_4x3.txt True 0.022222222222222223 0.07 789.5 [5, 5, 5, 4, 5, 5, 5, 5, 5, 5, 5, 5, 4, 5, 5, 5, 5, 5, 5, 5, 5, 5, 5, 5, 5, 5, 5, 5, 5, 5, 5, 5, 5, 5, 5, 5, 5, 5, 5, 5, 5, 5, 5, 5, 5, 5, 5, 5, 5, 5, 5, 5, 5, 5, 5] 
triadag10_7.txt 1_4x3.txt True 0.022222222222222223 0.08 789.5 [5, 5, 5, 4, 5, 5, 5, 5, 5, 5, 5, 5, 4, 5, 5, 5, 5, 5, 5, 5, 5, 5, 5, 5, 5, 5, 5, 5, 5, 5, 5, 5, 5, 5, 5, 5, 5, 5, 5, 5, 5, 5, 5, 5, 5, 5, 5, 5, 5, 5, 5, 5, 5, 5, 5] 
triadag10_7.txt 1_4x3.txt True 0.022222222222222223 0.09 789.5 [5, 5, 5, 4, 5, 5, 5, 5, 5, 5, 5, 5, 4, 5, 5, 5, 5, 5, 5, 5, 5, 5, 5, 5, 5, 5, 5, 5, 5, 5, 5, 5, 5, 5, 5, 5, 5, 5, 5, 5, 5, 5, 5, 5, 5, 5, 5, 5, 5, 5, 5, 5, 5, 5, 5] 
triadag10_7.txt 1_4x3.txt True 0.022222222222222223 0.1 789.5 [5, 5, 5, 4, 5, 5, 5, 5, 5, 5, 5, 5, 4, 5, 5, 5, 5, 5, 5, 5, 5, 5, 5, 5, 5, 5, 5, 5, 5, 5, 5, 5, 5, 5, 5, 5, 5, 5, 5, 5, 5, 5, 5, 5, 5, 5, 5, 5, 5, 5, 5, 5, 5, 5, 5] 
triadag10_7.txt 1_4x3.txt True 0.022222222222222223 0.11 789.5 [5, 5, 5, 4, 5, 5, 5, 5, 5, 5, 5, 5, 4, 5, 5, 5, 5, 5, 5, 5, 5, 5, 5, 5, 5, 5, 5, 5, 5, 5, 5, 5, 5, 5, 5, 5, 5, 5, 5, 5, 5, 5, 5, 5, 5, 5, 5, 5, 5, 5, 5, 5, 5, 5, 5] 
triadag10_7.txt 1_4x3.txt True 0.022222222222222223 0.12 789.5 [5, 5, 5, 4, 5, 5, 5, 5, 5, 5, 5, 5, 4, 5, 5, 5, 5, 5, 5, 5, 5, 5, 5, 5, 5, 5, 5, 5, 5, 5, 5, 5, 5, 5, 5, 5, 5, 5, 5, 5, 5, 5, 5, 5, 5, 5, 5, 5, 5, 5, 5, 5, 5, 5, 5] 
triadag10_7.txt 1_4x3.txt True 0.022222222222222223 0.13 789.5 [5, 5, 5, 4, 5, 5, 5, 5, 5, 5, 5, 5, 4, 5, 5, 5, 5, 5, 5, 5, 5, 5, 5, 5, 5, 5, 5, 5, 5, 5, 5, 5, 5, 5, 5, 5, 5, 5, 5, 5, 5, 5, 5, 5, 5, 5, 5, 5, 5, 5, 5, 5, 5, 5, 5] 
triadag10_7.txt 1_4x3.txt True 0.022222222222222223 0.14 789.5 [5, 5, 5, 4, 5, 5, 5, 5, 5, 5, 5, 5, 4, 5, 5, 5, 5, 5, 5, 5, 5, 5, 5, 5, 5, 5, 5, 5, 5, 5, 5, 5, 5, 5, 5, 5, 5, 5, 5, 5, 5, 5, 5, 5, 5, 5, 5, 5, 5, 5, 5, 5, 5, 5, 5] 
triadag10_7.txt 1_4x3.txt True 0.022222222222222223 0.15 789.5 [5, 5, 5, 4, 5, 5, 5, 5, 5, 5, 5, 5, 4, 5, 5, 5, 5, 5, 5, 5, 5, 5, 5, 5, 5, 5, 5, 5, 5, 5, 5, 5, 5, 5, 5, 5, 5, 5, 5, 5, 5, 5, 5, 5, 5, 5, 5, 5, 5, 5, 5, 5, 5, 5, 5] 
triadag10_7.txt 1_4x3.txt True 0.15555555555555556 0.16 749.0 [5, 5, 5, 4, 5, 5, 5, 5, 5, 5, 2, 5, 4, 5, 5, 5, 5, 5, 5, 5, 5, 5, 5, 5, 5, 5, 5, 5, 5, 5, 5, 5, 5, 5, 5, 5, 5, 5, 5, 5, 5, 5, 5, 5, 5, 5, 5, 5, 5, 5, 5, 5, 5, 5, 3] 
triadag10_7.txt 1_4x3.txt True 0.16666666666666666 0.17 671.0 [5, 2, 5, 4, 5, 5, 5, 5, 5, 5, 2, 5, 4, 5, 5, 5, 5, 5, 5, 5, 4, 5, 5, 5, 5, 5, 5, 5, 5, 5, 5, 5, 5, 5, 5, 5, 5, 5, 5, 5, 5, 5, 5, 5, 5, 5, 5, 5, 5, 5, 5, 5, 3, 3, 3] 
triadag10_7.txt 1_4x3.txt True 0.16666666666666666 0.18 671.0 [5, 2, 5, 4, 5, 5, 5, 5, 5, 5, 2, 5, 4, 5, 5, 5, 5, 5, 5, 5, 4, 5, 5, 5, 5, 5, 5, 5, 5, 5, 5, 5, 5, 5, 5, 5, 5, 5, 5, 5, 5, 5, 5, 5, 5, 5, 5, 5, 5, 5, 5, 5, 3, 3, 3] 
triadag10_7.txt 1_4x3.txt True 0.16666666666666666 0.19 671.0 [5, 2, 5, 4, 5, 5, 5, 5, 5, 5, 2, 5, 4, 5, 5, 5, 5, 5, 5, 5, 4, 5, 5, 5, 5, 5, 5, 5, 5, 5, 5, 5, 5, 5, 5, 5, 5, 5, 5, 5, 5, 5, 5, 5, 5, 5, 5, 5, 5, 5, 5, 5, 3, 3, 3] 
triadag10_7.txt 1_4x3.txt True 0.16666666666666666 0.2 671.0 [5, 2, 5, 4, 5, 5, 5, 5, 5, 5, 2, 5, 4, 5, 5, 5, 5, 5, 5, 5, 4, 5, 5, 5, 5, 5, 5, 5, 5, 5, 5, 5, 5, 5, 5, 5, 5, 5, 5, 5, 5, 5, 5, 5, 5, 5, 5, 5, 5, 5, 5, 5, 3, 3, 3] 
triadag10_7.txt 1_4x3.txt True 0.23333333333333334 0.25 955.0 [5, 4, 5, 5, 5, 5, 5, 5, 4, 5, 4, 5, 5, 5, 5, 5, 5, 4, 5, 4, 2, 4, 4, 4, 4, 4, 4, 2, 4, 4, 4, 4, 4, 4, 2, 2, 2, 2, 2, 2, 2, 2, 2, 2, 2, 2, 2, 2, 2, 1, 2, 2, 1, 1, 1] 
triadag10_7.txt 1_4x3.txt True 0.25555555555555554 0.3 854.0 [2, 1, 2, 2, 2, 2, 2, 1, 2, 1, 1, 2, 2, 2, 2, 2, 1, 2, 1, 5, 5, 1, 2, 1, 1, 1, 1, 5, 5, 5, 5, 5, 5, 5, 5, 5, 5, 5, 5, 5, 4, 5, 5, 5, 5, 4, 4, 4, 4, 4, 4, 4, 4, 4, 4] 
triadag10_7.txt 1_4x3.txt True 0.32222222222222224 0.35 489.0 [5, 5, 1, 3, 4, 5, 4, 3, 5, 5, 5, 1, 3, 4, 5, 4, 3, 5, 5, 1, 3, 4, 5, 4, 3, 5, 5, 1, 2, 1, 1, 1, 1, 1, 2, 1, 1, 1, 1, 1, 2, 0, 2, 2, 2, 0, 2, 2, 2, 0, 0, 0, 0, 0, 0] 
triadag10_7.txt 1_4x3.txt True 0.4 0.4 564.0 [2, 2, 0, 5, 2, 0, 1, 1, 1, 0, 2, 0, 5, 2, 0, 1, 1, 2, 0, 5, 5, 2, 0, 1, 1, 2, 2, 5, 4, 5, 4, 1, 2, 5, 4, 5, 4, 5, 5, 5, 4, 4, 3, 4, 4, 3, 3, 4, 4, 3, 3, 3, 3, 3, 3] 
triadag10_7.txt 1_4x3.txt True 0.4 0.45 564.0 [2, 2, 0, 5, 2, 0, 1, 1, 1, 0, 2, 0, 5, 2, 0, 1, 1, 2, 0, 5, 5, 2, 0, 1, 1, 2, 2, 5, 4, 5, 4, 1, 2, 5, 4, 5, 4, 5, 5, 5, 4, 4, 3, 4, 4, 3, 3, 4, 4, 3, 3, 3, 3, 3, 3] 
triadag10_7.txt 1_4x3.txt True 0.4888888888888889 0.5 545.0 [1, 1, 0, 3, 0, 0, 2, 1, 1, 2, 1, 0, 3, 0, 0, 2, 1, 4, 2, 2, 3, 0, 0, 2, 1, 4, 2, 2, 5, 4, 4, 2, 4, 2, 5, 4, 4, 4, 4, 4, 5, 5, 5, 5, 4, 5, 5, 5, 5, 3, 5, 3, 3, 3, 3] 
triadag10_7.txt 1_4x3.txt True 0.4888888888888889 0.55 545.0 [1, 1, 0, 3, 0, 0, 2, 1, 1, 2, 1, 0, 3, 0, 0, 2, 1, 4, 2, 2, 3, 0, 0, 2, 1, 4, 2, 2, 5, 4, 4, 2, 4, 2, 5, 4, 4, 4, 4, 4, 5, 5, 5, 5, 4, 5, 5, 5, 5, 3, 5, 3, 3, 3, 3] 
triadag10_7.txt 1_4x3.txt True 0.4888888888888889 0.6 545.0 [1, 1, 0, 3, 0, 0, 2, 1, 1, 2, 1, 0, 3, 0, 0, 2, 1, 4, 2, 2, 3, 0, 0, 2, 1, 4, 2, 2, 5, 4, 4, 2, 4, 2, 5, 4, 4, 4, 4, 4, 5, 5, 5, 5, 4, 5, 5, 5, 5, 3, 5, 3, 3, 3, 3] 
triadag10_7.txt 1_4x3.txt True 0.4888888888888889 0.65 545.0 [1, 1, 0, 3, 0, 0, 2, 1, 1, 2, 1, 0, 3, 0, 0, 2, 1, 4, 2, 2, 3, 0, 0, 2, 1, 4, 2, 2, 5, 4, 4, 2, 4, 2, 5, 4, 4, 4, 4, 4, 5, 5, 5, 5, 4, 5, 5, 5, 5, 3, 5, 3, 3, 3, 3] 
triadag10_7.txt 1_4x3.txt True 0.4888888888888889 0.7 545.0 [1, 1, 0, 3, 0, 0, 2, 1, 1, 2, 1, 0, 3, 0, 0, 2, 1, 4, 2, 2, 3, 0, 0, 2, 1, 4, 2, 2, 5, 4, 4, 2, 4, 2, 5, 4, 4, 4, 4, 4, 5, 5, 5, 5, 4, 5, 5, 5, 5, 3, 5, 3, 3, 3, 3] 
triadag10_7.txt 1_4x3.txt True 0.4888888888888889 0.75 545.0 [1, 1, 0, 3, 0, 0, 2, 1, 1, 2, 1, 0, 3, 0, 0, 2, 1, 4, 2, 2, 3, 0, 0, 2, 1, 4, 2, 2, 5, 4, 4, 2, 4, 2, 5, 4, 4, 4, 4, 4, 5, 5, 5, 5, 4, 5, 5, 5, 5, 3, 5, 3, 3, 3, 3] 
triadag10_7.txt 1_4x3.txt True 0.4888888888888889 0.8 545.0 [1, 1, 0, 3, 0, 0, 2, 1, 1, 2, 1, 0, 3, 0, 0, 2, 1, 4, 2, 2, 3, 0, 0, 2, 1, 4, 2, 2, 5, 4, 4, 2, 4, 2, 5, 4, 4, 4, 4, 4, 5, 5, 5, 5, 4, 5, 5, 5, 5, 3, 5, 3, 3, 3, 3] 
triadag10_7.txt 1_4x3.txt True 0.4888888888888889 0.85 545.0 [1, 1, 0, 3, 0, 0, 2, 1, 1, 2, 1, 0, 3, 0, 0, 2, 1, 4, 2, 2, 3, 0, 0, 2, 1, 4, 2, 2, 5, 4, 4, 2, 4, 2, 5, 4, 4, 4, 4, 4, 5, 5, 5, 5, 4, 5, 5, 5, 5, 3, 5, 3, 3, 3, 3] 
triadag10_7.txt 1_4x3.txt True 0.4888888888888889 0.9 545.0 [1, 1, 0, 3, 0, 0, 2, 1, 1, 2, 1, 0, 3, 0, 0, 2, 1, 4, 2, 2, 3, 0, 0, 2, 1, 4, 2, 2, 5, 4, 4, 2, 4, 2, 5, 4, 4, 4, 4, 4, 5, 5, 5, 5, 4, 5, 5, 5, 5, 3, 5, 3, 3, 3, 3] 
triadag10_7.txt 1_4x3.txt True 0.4888888888888889 0.95 545.0 [1, 1, 0, 3, 0, 0, 2, 1, 1, 2, 1, 0, 3, 0, 0, 2, 1, 4, 2, 2, 3, 0, 0, 2, 1, 4, 2, 2, 5, 4, 4, 2, 4, 2, 5, 4, 4, 4, 4, 4, 5, 5, 5, 5, 4, 5, 5, 5, 5, 3, 5, 3, 3, 3, 3] 
triadag10_7.txt 1_4x3.txt True 0.4888888888888889 1 545.0 [1, 1, 0, 3, 0, 0, 2, 1, 1, 2, 1, 0, 3, 0, 0, 2, 1, 4, 2, 2, 3, 0, 0, 2, 1, 4, 2, 2, 5, 4, 4, 2, 4, 2, 5, 4, 4, 4, 4, 4, 5, 5, 5, 5, 4, 5, 5, 5, 5, 3, 5, 3, 3, 3, 3] 
triadag10_7.txt 3_2x1.txt True 0.0 0.07 1622.0 [1, 1, 1, 1, 1, 1, 1, 1, 1, 1, 1, 1, 1, 1, 1, 1, 1, 1, 1, 1, 1, 1, 1, 1, 1, 1, 1, 1, 1, 1, 1, 1, 1, 1, 1, 1, 1, 1, 1, 1, 1, 1, 1, 1, 1, 1, 1, 1, 1, 1, 1, 1, 1, 1, 1] 
triadag10_7.txt 3_2x1.txt True 0.07777777777777778 0.08 1194.0 [1, 1, 1, 1, 1, 1, 1, 1, 1, 1, 1, 1, 1, 1, 1, 1, 1, 1, 1, 1, 1, 1, 1, 1, 1, 1, 1, 1, 1, 1, 1, 1, 1, 1, 0, 1, 1, 1, 1, 1, 0, 0, 0, 0, 0, 0, 0, 0, 0, 0, 0, 0, 0, 0, 0] 
triadag10_7.txt 3_2x1.txt True 0.08888888888888889 0.09 1032.5 [1, 1, 1, 1, 1, 1, 1, 1, 1, 1, 1, 1, 1, 1, 1, 1, 1, 1, 1, 1, 1, 1, 1, 1, 1, 1, 1, 0, 1, 1, 1, 1, 1, 1, 0, 0, 0, 0, 0, 0, 0, 0, 0, 0, 0, 0, 0, 0, 0, 0, 0, 0, 0, 0, 0] 
triadag10_7.txt 3_2x1.txt True 0.1 0.1 796.0 [1, 1, 0, 1, 1, 1, 1, 1, 1, 1, 1, 0, 1, 1, 1, 1, 1, 1, 1, 0, 1, 1, 1, 1, 1, 1, 1, 0, 0, 0, 0, 0, 0, 0, 0, 0, 0, 0, 0, 0, 0, 0, 0, 0, 0, 0, 0, 0, 0, 0, 0, 0, 0, 0, 0] 
triadag10_7.txt 3_2x1.txt True 0.1 0.11 796.0 [1, 1, 0, 1, 1, 1, 1, 1, 1, 1, 1, 0, 1, 1, 1, 1, 1, 1, 1, 0, 1, 1, 1, 1, 1, 1, 1, 0, 0, 0, 0, 0, 0, 0, 0, 0, 0, 0, 0, 0, 0, 0, 0, 0, 0, 0, 0, 0, 0, 0, 0, 0, 0, 0, 0] 
triadag10_7.txt 3_2x1.txt True 0.1111111111111111 0.12 808.0 [1, 1, 0, 1, 1, 1, 1, 1, 1, 1, 1, 0, 1, 1, 1, 1, 1, 1, 1, 0, 1, 1, 1, 1, 1, 1, 1, 0, 0, 0, 0, 0, 0, 1, 0, 0, 0, 0, 0, 0, 0, 0, 0, 0, 0, 0, 0, 0, 0, 0, 0, 0, 0, 0, 0] 
triadag10_7.txt 3_2x1.txt True 0.12222222222222222 0.13 809.0 [0, 0, 1, 0, 0, 0, 0, 0, 0, 0, 0, 1, 0, 0, 0, 0, 0, 0, 0, 1, 0, 0, 0, 0, 0, 0, 0, 1, 1, 1, 1, 0, 1, 0, 1, 1, 1, 1, 1, 1, 1, 1, 1, 1, 1, 1, 1, 1, 1, 1, 1, 1, 1, 1, 1] 
triadag10_7.txt 3_2x1.txt True 0.12222222222222222 0.14 809.0 [0, 0, 1, 0, 0, 0, 0, 0, 0, 0, 0, 1, 0, 0, 0, 0, 0, 0, 0, 1, 0, 0, 0, 0, 0, 0, 0, 1, 1, 1, 1, 0, 1, 0, 1, 1, 1, 1, 1, 1, 1, 1, 1, 1, 1, 1, 1, 1, 1, 1, 1, 1, 1, 1, 1] 
triadag10_7.txt 3_2x1.txt True 0.12222222222222222 0.15 809.0 [0, 0, 1, 0, 0, 0, 0, 0, 0, 0, 0, 1, 0, 0, 0, 0, 0, 0, 0, 1, 0, 0, 0, 0, 0, 0, 0, 1, 1, 1, 1, 0, 1, 0, 1, 1, 1, 1, 1, 1, 1, 1, 1, 1, 1, 1, 1, 1, 1, 1, 1, 1, 1, 1, 1] 
triadag10_7.txt 3_2x1.txt True 0.12222222222222222 0.16 809.0 [0, 0, 1, 0, 0, 0, 0, 0, 0, 0, 0, 1, 0, 0, 0, 0, 0, 0, 0, 1, 0, 0, 0, 0, 0, 0, 0, 1, 1, 1, 1, 0, 1, 0, 1, 1, 1, 1, 1, 1, 1, 1, 1, 1, 1, 1, 1, 1, 1, 1, 1, 1, 1, 1, 1] 
triadag10_7.txt 3_2x1.txt True 0.12222222222222222 0.17 809.0 [0, 0, 1, 0, 0, 0, 0, 0, 0, 0, 0, 1, 0, 0, 0, 0, 0, 0, 0, 1, 0, 0, 0, 0, 0, 0, 0, 1, 1, 1, 1, 0, 1, 0, 1, 1, 1, 1, 1, 1, 1, 1, 1, 1, 1, 1, 1, 1, 1, 1, 1, 1, 1, 1, 1] 
triadag10_7.txt 3_2x1.txt True 0.12222222222222222 0.18 809.0 [0, 0, 1, 0, 0, 0, 0, 0, 0, 0, 0, 1, 0, 0, 0, 0, 0, 0, 0, 1, 0, 0, 0, 0, 0, 0, 0, 1, 1, 1, 1, 0, 1, 0, 1, 1, 1, 1, 1, 1, 1, 1, 1, 1, 1, 1, 1, 1, 1, 1, 1, 1, 1, 1, 1] 
triadag10_7.txt 3_2x1.txt True 0.18888888888888888 0.19 811.5 [1, 1, 1, 1, 1, 1, 1, 1, 1, 1, 1, 1, 1, 1, 1, 1, 1, 1, 1, 0, 1, 1, 1, 1, 0, 1, 0, 1, 0, 0, 0, 0, 0, 0, 0, 0, 0, 0, 0, 0, 0, 0, 0, 0, 0, 0, 0, 0, 0, 0, 0, 0, 0, 0, 0] 
triadag10_7.txt 3_2x1.txt True 0.18888888888888888 0.2 811.5 [1, 1, 1, 1, 1, 1, 1, 1, 1, 1, 1, 1, 1, 1, 1, 1, 1, 1, 1, 0, 1, 1, 1, 1, 0, 1, 0, 1, 0, 0, 0, 0, 0, 0, 0, 0, 0, 0, 0, 0, 0, 0, 0, 0, 0, 0, 0, 0, 0, 0, 0, 0, 0, 0, 0] 
triadag10_7.txt 3_2x1.txt True 0.18888888888888888 0.25 811.5 [1, 1, 1, 1, 1, 1, 1, 1, 1, 1, 1, 1, 1, 1, 1, 1, 1, 1, 1, 0, 1, 1, 1, 1, 0, 1, 0, 1, 0, 0, 0, 0, 0, 0, 0, 0, 0, 0, 0, 0, 0, 0, 0, 0, 0, 0, 0, 0, 0, 0, 0, 0, 0, 0, 0] 
triadag10_7.txt 3_2x1.txt True 0.18888888888888888 0.3 811.5 [1, 1, 1, 1, 1, 1, 1, 1, 1, 1, 1, 1, 1, 1, 1, 1, 1, 1, 1, 0, 1, 1, 1, 1, 0, 1, 0, 1, 0, 0, 0, 0, 0, 0, 0, 0, 0, 0, 0, 0, 0, 0, 0, 0, 0, 0, 0, 0, 0, 0, 0, 0, 0, 0, 0] 
triadag10_7.txt 3_2x1.txt True 0.18888888888888888 0.35 811.5 [1, 1, 1, 1, 1, 1, 1, 1, 1, 1, 1, 1, 1, 1, 1, 1, 1, 1, 1, 0, 1, 1, 1, 1, 0, 1, 0, 1, 0, 0, 0, 0, 0, 0, 0, 0, 0, 0, 0, 0, 0, 0, 0, 0, 0, 0, 0, 0, 0, 0, 0, 0, 0, 0, 0] 
triadag10_7.txt 3_2x1.txt True 0.18888888888888888 0.4 811.5 [1, 1, 1, 1, 1, 1, 1, 1, 1, 1, 1, 1, 1, 1, 1, 1, 1, 1, 1, 0, 1, 1, 1, 1, 0, 1, 0, 1, 0, 0, 0, 0, 0, 0, 0, 0, 0, 0, 0, 0, 0, 0, 0, 0, 0, 0, 0, 0, 0, 0, 0, 0, 0, 0, 0] 
triadag10_7.txt 3_2x1.txt True 0.18888888888888888 0.45 811.5 [1, 1, 1, 1, 1, 1, 1, 1, 1, 1, 1, 1, 1, 1, 1, 1, 1, 1, 1, 0, 1, 1, 1, 1, 0, 1, 0, 1, 0, 0, 0, 0, 0, 0, 0, 0, 0, 0, 0, 0, 0, 0, 0, 0, 0, 0, 0, 0, 0, 0, 0, 0, 0, 0, 0] 
triadag10_7.txt 3_2x1.txt True 0.18888888888888888 0.5 811.5 [1, 1, 1, 1, 1, 1, 1, 1, 1, 1, 1, 1, 1, 1, 1, 1, 1, 1, 1, 0, 1, 1, 1, 1, 0, 1, 0, 1, 0, 0, 0, 0, 0, 0, 0, 0, 0, 0, 0, 0, 0, 0, 0, 0, 0, 0, 0, 0, 0, 0, 0, 0, 0, 0, 0] 
triadag10_7.txt 3_2x1.txt True 0.18888888888888888 0.55 811.5 [1, 1, 1, 1, 1, 1, 1, 1, 1, 1, 1, 1, 1, 1, 1, 1, 1, 1, 1, 0, 1, 1, 1, 1, 0, 1, 0, 1, 0, 0, 0, 0, 0, 0, 0, 0, 0, 0, 0, 0, 0, 0, 0, 0, 0, 0, 0, 0, 0, 0, 0, 0, 0, 0, 0] 
triadag10_7.txt 3_2x1.txt True 0.18888888888888888 0.6 811.5 [1, 1, 1, 1, 1, 1, 1, 1, 1, 1, 1, 1, 1, 1, 1, 1, 1, 1, 1, 0, 1, 1, 1, 1, 0, 1, 0, 1, 0, 0, 0, 0, 0, 0, 0, 0, 0, 0, 0, 0, 0, 0, 0, 0, 0, 0, 0, 0, 0, 0, 0, 0, 0, 0, 0] 
triadag10_7.txt 3_2x1.txt True 0.18888888888888888 0.65 811.5 [1, 1, 1, 1, 1, 1, 1, 1, 1, 1, 1, 1, 1, 1, 1, 1, 1, 1, 1, 0, 1, 1, 1, 1, 0, 1, 0, 1, 0, 0, 0, 0, 0, 0, 0, 0, 0, 0, 0, 0, 0, 0, 0, 0, 0, 0, 0, 0, 0, 0, 0, 0, 0, 0, 0] 
triadag10_7.txt 3_2x1.txt True 0.18888888888888888 0.7 811.5 [1, 1, 1, 1, 1, 1, 1, 1, 1, 1, 1, 1, 1, 1, 1, 1, 1, 1, 1, 0, 1, 1, 1, 1, 0, 1, 0, 1, 0, 0, 0, 0, 0, 0, 0, 0, 0, 0, 0, 0, 0, 0, 0, 0, 0, 0, 0, 0, 0, 0, 0, 0, 0, 0, 0] 
triadag10_7.txt 3_2x1.txt True 0.18888888888888888 0.75 811.5 [1, 1, 1, 1, 1, 1, 1, 1, 1, 1, 1, 1, 1, 1, 1, 1, 1, 1, 1, 0, 1, 1, 1, 1, 0, 1, 0, 1, 0, 0, 0, 0, 0, 0, 0, 0, 0, 0, 0, 0, 0, 0, 0, 0, 0, 0, 0, 0, 0, 0, 0, 0, 0, 0, 0] 
triadag10_7.txt 3_2x1.txt True 0.18888888888888888 0.8 811.5 [1, 1, 1, 1, 1, 1, 1, 1, 1, 1, 1, 1, 1, 1, 1, 1, 1, 1, 1, 0, 1, 1, 1, 1, 0, 1, 0, 1, 0, 0, 0, 0, 0, 0, 0, 0, 0, 0, 0, 0, 0, 0, 0, 0, 0, 0, 0, 0, 0, 0, 0, 0, 0, 0, 0] 
triadag10_7.txt 3_2x1.txt True 0.18888888888888888 0.85 811.5 [1, 1, 1, 1, 1, 1, 1, 1, 1, 1, 1, 1, 1, 1, 1, 1, 1, 1, 1, 0, 1, 1, 1, 1, 0, 1, 0, 1, 0, 0, 0, 0, 0, 0, 0, 0, 0, 0, 0, 0, 0, 0, 0, 0, 0, 0, 0, 0, 0, 0, 0, 0, 0, 0, 0] 
triadag10_7.txt 3_2x1.txt True 0.18888888888888888 0.9 811.5 [1, 1, 1, 1, 1, 1, 1, 1, 1, 1, 1, 1, 1, 1, 1, 1, 1, 1, 1, 0, 1, 1, 1, 1, 0, 1, 0, 1, 0, 0, 0, 0, 0, 0, 0, 0, 0, 0, 0, 0, 0, 0, 0, 0, 0, 0, 0, 0, 0, 0, 0, 0, 0, 0, 0] 
triadag10_7.txt 3_2x1.txt True 0.18888888888888888 0.95 811.5 [1, 1, 1, 1, 1, 1, 1, 1, 1, 1, 1, 1, 1, 1, 1, 1, 1, 1, 1, 0, 1, 1, 1, 1, 0, 1, 0, 1, 0, 0, 0, 0, 0, 0, 0, 0, 0, 0, 0, 0, 0, 0, 0, 0, 0, 0, 0, 0, 0, 0, 0, 0, 0, 0, 0] 
triadag10_7.txt 3_2x1.txt True 0.18888888888888888 1 811.5 [1, 1, 1, 1, 1, 1, 1, 1, 1, 1, 1, 1, 1, 1, 1, 1, 1, 1, 1, 0, 1, 1, 1, 1, 0, 1, 0, 1, 0, 0, 0, 0, 0, 0, 0, 0, 0, 0, 0, 0, 0, 0, 0, 0, 0, 0, 0, 0, 0, 0, 0, 0, 0, 0, 0] 
